ET0/medie/MEDIA_ET0_08.asc
NCOLS 177 
NROWS 174 
XLLCORNER 1436301.375 
YLLCORNER 4916704.5 
CELLSIZE 1500 
NODATA_value -9999 
[rows 52 to 77 of 174, columns 0 to 58 of 177]
0 0 0 0 0 0 0 0 0 0 0 0 0 0 0 0 0 0 0 0 0 0 0 0 0 0 0 0 110.081770324707 109.895951334635 108.990107727051 109.162775675456 107.214276631673 103.483293660482 100.815531921387 0 0 0 0 0 0 0 0 103.760054016113 106.425020853678 106.814865112305 105.942918904622 101.319957987467 105.436338297526 104.676553853353 104.47154490153 104.282255554199 103.514001464844 103.806252543132 102.935294087728 104.285071309408 104.157142130534 103.853591918945 101.987471516927
0 0 0 0 0 0 0 0 0 0 0 0 0 0 0 0 0 0 0 0 0 0 0 0 0 0 0 0 109.781854248047 109.626926676432 108.559490458171 108.886681111654 108.15612487793 103.7359375 0 0 0 0 0 0 0 0 0 101.757442220052 106.923941548665 105.841227213542 105.478794352214 104.961703999837 104.942002868652 104.072399902344 104.764691162109 103.92524617513 104.090727233887 103.121366882324 102.601600138346 104.273587036133 104.101389058431 103.783897908529 101.242728169759
0 0 0 0 0 0 0 0 0 0 0 0 0 0 0 0 0 0 0 0 0 0 0 0 0 0 0 0 109.443614196777 109.245584106445 107.656647745768 108.357938639323 108.115690612793 0 0 0 0 0 0 0 0 0 0 0 105.681558227539 105.566503397624 105.121078999837 105.103042602539 105.517494710286 102.323733520508 100.679837036133 93.8337214152018 99.0898696899414 102.576995849609 102.92174987793 103.939702351888 103.89500579834 103.606501261393 100.954221089681
0 0 0 0 0 0 0 0 0 0 0 0 0 0 0 0 0 0 0 0 0 0 0 0 0 0 0 109.490363566081 109.157050069173 108.287548319499 107.323999023437 107.018623352051 107.29653116862 106.848853047689 0 0 0 0 0 0 0 0 0 105.211865234375 106.706028747559 104.992505391439 106.635529581706 106.234369405111 103.662683614095 101.815910847982 96.6713170369466 103.607085164388 94.7289927164714 103.06831817627 102.673073323568 104.065525309245 103.707539367676 103.353078715007 100.43795115153
0 0 0 0 0 0 0 0 0 0 0 0 0 0 0 0 0 0 0 0 0 0 0 0 0 0 109.443963623047 109.178774515788 107.886663818359 108.319872538249 107.064307149251 108.175080362956 107.64759572347 106.525417582194 106.417325337728 0 0 0 0 0 0 0 106.180944824219 106.057850646973 106.456664530436 106.765709431966 106.704993693034 106.245574951172 104.955199686686 102.018963114421 97.3154495239258 104.617715454102 103.629335021973 102.59906056722 103.808916219076 103.989259847005 103.03288269043 103.363965352376 100.913495381673
0 0 0 0 0 0 0 0 0 0 0 0 0 0 0 0 0 0 0 0 0 0 0 0 110.077177429199 109.70907796224 109.272137451172 108.191122436523 108.565670267741 107.651525878906 106.968215942383 107.78120880127 106.020724487305 106.791737874349 107.462273661296 105.769687398275 105.770012410482 0 0 0 0 0 102.21016998291 104.186633809408 106.1699122111 106.048412577311 106.632409667969 104.766089375814 103.097625732422 104.333136494954 104.483767191569 104.599768066406 103.485756429036 104.223066202799 103.944843037923 102.312148030599 101.944899495443 103.325363667806 102.799447631836
0 0 0 0 0 0 0 0 0 0 0 0 0 0 0 0 0 0 0 0 0 0 0 110.196391296387 109.888143920898 109.509830729167 108.444821166992 107.659607950846 107.121442667643 107.358107503255 107.322330729167 106.516655985514 107.625672912598 107.141998799642 107.022188822428 105.533019510905 105.4958887736 105.398601786296 0 0 0 0 0 105.950918579102 101.38456624349 103.501402791341 106.386694844564 106.03304494222 104.057997131348 104.651397705078 103.641620381673 104.550705464681 104.308757019043 104.007159932454 102.457423909505 102.821045939128 102.218613688151 103.142609151204 102.84339243571
0 0 0 0 0 0 0 0 0 0 0 0 0 0 0 0 0 0 0 0 0 0 110.445476786296 110.032140604655 109.515115865072 108.615423583984 107.714843241374 108.105266316732 107.50865427653 107.227657063802 106.543541463216 106.603628540039 107.418208821615 107.21012318929 107.369333394368 106.751311747233 106.961304219564 105.210627746582 0 0 0 0 0 100.78217976888 96.8671630859375 98.9057022094727 104.948570760091 105.788317362467 104.781534322103 103.965697224935 104.457116699219 104.183620198568 102.485972595215 102.754058329264 103.153130594889 102.904755655924 102.002191162109 102.836785380046 102.704112752279
0 0 0 0 0 0 0 0 0 0 0 0 0 0 0 0 0 0 0 0 0 110.575722757975 110.216570536296 109.708094787598 108.278379313151 104.950225830078 106.050815836589 108.310949707031 102.649638875326 103.478100585937 107.555567423503 106.492788187663 106.851488749186 106.54651184082 107.134506734212 106.636868794759 106.851989746094 105.098359680176 107.078756205241 0 0 0 0 103.136658732096 99.000786336263 103.089756774902 105.057073974609 105.702789815267 105.544660441081 103.181216430664 104.096875 104.137111409505 101.091355895996 102.484669494629 102.254984029134 102.070927937826 102.172433980306 101.102102152507 102.60758412679
0 0 0 0 0 0 0 0 0 0 0 0 0 0 0 0 0 0 0 0 110.843862406413 110.422444152832 109.991477966309 108.432563781738 106.357433573405 107.213389078776 107.545708719889 107.539124043783 107.468488057454 107.592486063639 106.309953308105 105.975043233236 107.445682779948 107.354353841146 106.953406778971 106.864188639323 107.064304097493 104.936098734538 104.706518554688 0 0 0 0 0 0 106.150928243001 104.031987508138 105.089589436849 105.285899861654 104.751071166992 104.004688008626 104.522346496582 103.541864522298 94.857991027832 96.2235107421875 96.3808685302734 102.171442159017 101.52956237793 102.366547139486
0 0 0 0 0 0 0 0 0 0 0 0 0 0 0 0 0 0 0 0 110.59292755127 110.257712809245 108.882680765788 109.338451639811 108.450690205892 107.803345743815 107.474467976888 106.99319712321 106.894919840495 106.606188964844 106.132292683919 106.326317850749 107.360732014974 107.048086547852 106.019057210286 107.029521179199 106.591264851888 104.719559224447 106.441586812337 0 0 0 0 0 0 0 105.431884765625 105.68741607666 101.919979349772 104.658747355143 103.787708536784 104.289293416341 104.019156392415 102.388101704915 97.6428136189779 99.9170425415039 102.355801900228 101.433220926921 100.868095397949
0 0 0 0 0 0 0 0 0 0 0 0 0 0 0 0 0 0 0 0 110.582194010417 110.125802103678 109.181266276042 108.697429402669 108.173824564616 107.795340983073 107.345483398437 107.022003682454 107.015852355957 107.676927693685 107.451929219564 107.178993733724 107.004681905111 105.152081807454 107.071162923177 107.040249633789 104.749531555176 105.343560282389 106.244245910645 106.894232686361 0 0 0 0 0 0 106.058590189616 105.732426452637 103.043469746908 105.022919718424 103.675531514486 104.440929667155 102.230068969727 102.036094156901 102.28511912028 102.48400777181 102.356904093424 101.827507019043 101.277756245931
0 0 0 0 0 0 0 0 0 0 0 0 0 0 0 0 0 0 0 0 110.471633402507 110.066139221191 108.894432576497 109.063219197591 108.480903116862 108.12932993571 107.409593200684 108.021137491862 107.730018615723 106.253592936198 106.383414713542 107.064600626628 107.059387207031 106.747351582845 106.922540791829 106.720082092285 104.820541381836 106.827825419108 106.598910522461 106.488631693522 0 0 0 0 0 105.347692362467 103.181782023112 103.081023661296 104.865614827474 102.922796630859 103.379360961914 104.092889912923 98.8620997111003 101.387946573893 101.882852681478 102.741299947103 102.231005350749 101.661533610026 101.495681254069
0 0 0 0 0 0 0 0 0 0 0 0 0 0 0 0 0 0 0 0 109.697411092122 110.168000793457 109.729393005371 108.856578572591 108.292955525716 107.878205362956 107.533172098796 107.035225931803 107.53905843099 107.091529846191 105.522723897298 105.461667378743 107.10734761556 107.028968302409 107.090109761556 105.581039937337 104.979104614258 104.933964538574 105.567305501302 105.072766113281 0 0 0 0 0 105.852251180013 105.764379882813 105.171634419759 103.315739440918 103.269141133626 102.344814046224 103.622923787435 103.919093322754 98.1263585408529 102.691985575358 102.82826385498 102.291435241699 101.6123046875 101.396621704102
0 0 0 0 0 0 0 0 0 0 0 0 0 0 0 0 0 0 0 0 0 110.119489542643 109.709691874186 109.158531697591 108.533828735352 108.11190999349 107.55310160319 107.044208780924 106.702314249674 107.603621927897 107.424459330241 107.293377685547 107.123794047038 106.812330627441 105.452852884928 105.38670501709 105.128092956543 104.469776916504 104.863417053223 104.232981872559 103.914394632975 0 0 0 103.264901733398 104.917224121094 103.782188415527 102.681234232585 103.266630554199 104.201597086589 104.161306762695 104.317218526204 103.877230326335 103.587123616536 103.103888956706 102.871967061361 101.148975118001 101.566260274251 101.507837422689
0 0 0 0 0 0 0 0 0 0 0 0 0 0 0 0 0 0 0 0 0 0 109.629388936361 109.343264261882 108.751151529948 108.307745869954 107.907705688477 107.176965840658 106.817502848307 106.180332438151 106.048955790202 106.259946187337 106.112120056152 106.449182637533 105.01672668457 105.636992899577 105.140069071452 105.313423665365 104.811462402344 104.882995605469 105.575900777181 105.64737294515 103.490156555176 0 103.209577941895 103.06960550944 103.042757161458 103.272492472331 103.617043558757 102.423497009277 102.12954305013 103.300239562988 101.673801676432 103.579935201009 101.631560770671 101.368174235026 102.478489176432 102.069404602051 100.162679545085
0 0 0 0 0 0 0 0 0 0 0 0 0 0 0 0 0 0 0 0 0 110.240776570638 109.928469340007 109.381508382161 108.776785786947 108.402620442708 107.792858886719 107.41356048584 106.847743225098 106.383294169108 105.935721333822 105.573553975423 105.546582539876 105.445780944824 105.363829549154 105.264092000326 105.379041544596 105.22125193278 104.489930216471 104.70013478597 104.446435038249 103.802766927083 103.341640726725 104.88380279541 105.588971455892 103.261891174316 103.199262491862 104.797978210449 105.255604044596 104.434829203288 104.546917215983 104.415217590332 103.923114522298 103.194836425781 101.318459065755 101.450694783529 101.420275878906 102.021081034342 101.116283162435
0 0 0 0 0 0 0 0 0 0 0 0 0 0 0 0 0 0 0 0 110.762438456217 110.401824442546 109.934681193034 109.283096822103 108.678884887695 108.175282287598 107.857420857747 107.411860148112 106.866193644206 106.369799804688 105.915736897786 105.602737426758 105.24048055013 105.04433186849 105.26568145752 104.584390258789 104.358227539062 105.546878560384 104.766487630208 104.702746073405 104.366484069824 103.774277750651 103.719229125977 104.530858357747 103.423915608724 103.115318806966 102.863925679525 102.626522318522 102.303298950195 103.925964355469 104.025735473633 104.036833190918 103.482898457845 101.897796630859 101.434721374512 101.384233601888 101.182928975423 101.091897583008 100.913782755534
0 0 0 0 0 0 0 0 0 0 0 0 0 0 0 0 0 0 0 111.336807759603 110.734280904134 110.208803304036 109.976454671224 109.249224853516 108.630674743652 108.201904296875 107.817768351237 107.449819946289 106.867770385742 106.302442932129 105.941699727376 105.620402526855 105.28763478597 104.752288309733 105.136827087402 104.832362365723 104.480952453613 104.526260884603 104.547887674967 104.802035013835 104.156247965495 104.136801147461 103.588412984212 103.464642333984 103.32427927653 102.693549092611 102.60830078125 103.562757873535 102.311696370443 102.356109110514 102.651719156901 102.186684163411 102.219138081868 101.408012390137 101.407436116536 101.390862528483 101.195654296875 101.04315999349 100.86329498291
0 0 0 0 0 0 0 0 0 0 0 0 0 0 0 0 0 0 0 111.384049479167 110.66604868571 110.352955118815 110.007110087077 109.260987854004 108.648988850911 108.587985229492 107.868213907878 107.447250874837 106.912554423014 106.367815144857 106.402515157064 105.571105448405 105.358547465007 105.332284037272 105.252101135254 104.866202290853 104.327427164714 104.245252990723 104.682945760091 104.822185770671 104.325146993001 104.173741149902 103.567435201009 103.337273152669 103.171203104655 102.698644510905 102.411852010091 102.320720926921 102.569109598796 103.162133280436 102.59223429362 101.931824239095 101.817791748047 101.481801859538 101.36625213623 101.091532897949 100.987135823568 100.96090037028 100.846051534017
0 0 0 0 0 0 0 0 0 0 0 0 0 0 0 0 0 0 0 0 111.056775919596 110.600132242839 109.994382222493 109.155485026042 108.71927541097 109.084559631348 107.906304931641 107.506633504232 106.948129272461 106.804991658529 106.004933166504 105.798370869954 105.544866434733 105.25669708252 105.590168253581 104.780243937174 104.492178344727 104.433835347493 104.486393229167 104.475410461426 104.607143656413 104.02392578125 103.28746287028 103.095845540365 102.827617899577 102.523464457194 102.511345926921 102.147327677409 102.068361918132 102.462206522624 102.414102172852 101.994633483887 101.686829121908 101.325424702962 101.183551025391 101.154029846191 101.017027791341 100.822678120931 100.704200236003
0 0 0 0 0 0 0 0 0 0 0 0 0 0 0 0 0 0 0 0 111.079767354329 110.649316914876 109.660187784831 109.148377990723 108.754759216309 108.321599324544 108.050388081868 107.752886454264 107.087347412109 106.587994893392 106.241623433431 106.142977396647 105.583032735189 105.470832824707 105.329498799642 104.786042785645 104.395552571615 104.345325724284 104.569361368815 104.302411397298 104.403460693359 104.002752176921 103.273370869954 102.990592447917 102.89938659668 102.458650716146 102.370174153646 102.097336832682 101.962405904134 101.934562174479 101.962307230632 101.789551289876 101.650691731771 101.281432596842 101.178756205241 101.056090291341 100.918061319987 100.854139200846 100.75931447347
0 0 0 0 0 0 0 0 0 0 0 0 0 0 0 0 0 0 0 0 0 110.714273071289 109.894301350911 109.323950195313 108.968489074707 108.448224894206 108.006986999512 107.735338846842 107.190714518229 106.717245483398 106.211661783854 106.374679056803 105.800793457031 105.426197306315 105.42944132487 104.834341430664 104.253163655599 104.333153279622 104.31998240153 104.158204650879 104.066713460286 103.7521581014 103.397748819987 102.962065124512 102.722555033366 102.656433105469 102.342625935872 102.091372172038 101.983164469401 101.88925374349 101.935370381673 101.605289713542 101.545772806803 101.468259684245 101.25214436849 101.131392415365 101.000928243001 100.824609883626 100.831422932943
0 0 0 0 0 0 0 0 0 0 0 0 0 0 0 0 0 0 0 0 0 110.8074122111 110.37105255127 109.882516988118 109.179286702474 108.615934244792 108.092779541016 107.666471354167 107.220097351074 106.752407328288 106.305715433757 106.158775838216 105.738041687012 105.422613016764 105.364641825358 105.128331502279 104.452898661296 104.363229878743 104.319287618001 104.108433532715 103.757413228353 103.466258748372 103.372876993815 103.03158009847 102.727996317546 102.622331237793 102.376325480143 102.239824422201 101.917177327474 101.921058146159 101.740544128418 101.536470540365 101.496271260579 101.217993672689 101.120142110189 101.115025838216 100.915950012207 100.840364583333 100.691350301107
0 0 0 0 0 0 0 0 0 0 0 0 0 0 0 0 0 0 0 0 0 0 0 0 109.204212443034 108.700169372559 108.25278116862 107.722252909342 107.341666666667 106.829123433431 106.434741719564 106.037591552734 105.714616902669 105.366098022461 105.2857325236 104.989256286621 104.683277893066 104.379489135742 104.268465677897 103.990424601237 103.611098734538 103.396054585775 103.232544453939 102.950077819824 102.757688395182 102.427248128255 102.38001352946 102.16175994873 101.884094746908 101.821044921875 101.633131917318 101.439494832357 101.321053059896 101.21745707194 101.107397460938 100.964383443197 100.849180603027 100.74564259847 100.653448994954
0 0 0 0 0 0 0 0 0 0 0 0 0 0 0 0 0 0 0 0 0 0 0 0 109.339292907715 108.753683980306 108.318305969238 107.931198628743 107.471522521973 106.942818196615 106.469612121582 106.119838968913 105.617558288574 105.404398091634 105.243254597982 104.966330973307 104.665976460775 104.364646911621 104.121288045247 103.803665669759 103.591251627604 103.357589213053 103.161919657389 102.967883300781 102.729942830404 102.443563334147 102.330842590332 102.104578653971 101.971244303385 101.720254516602 101.564882914225 101.376654052734 101.287317403158 101.292238871257 101.120546976725 100.896492513021 100.802307128906 100.762082417806 100.84609781901
