ET0/medie/MEDIA_ET0_06.asc
NCOLS 177 
NROWS 174 
XLLCORNER 1436301.375 
YLLCORNER 4916704.5 
CELLSIZE 1500 
NODATA_value -9999 
[rows 96 to 119 of 174, columns 0 to 53 of 177]
-9999 -9999 -9999 -9999 -9999 -9999 -9999 -9999 -9999 -9999 -9999 -9999 -9999 -9999 -9999 -9999 -9999 -9999 -9999 -9999 -9999 -9999 -9999 -9999 -9999 -9999 -9999 -9999 -9999 -9999 -9999 -9999 115.251052347819 114.853134155273 114.251530456543 113.735865275065 112.945947265625 112.501074727376 112.072766113281 111.655341593424 111.247219340007 110.891948445638 110.54531656901 110.159389750163 109.837426757812 109.55963490804 109.292024739583 108.10573832194 107.288253275553 106.818758646647 106.540128072103 106.407768249512 106.370984395345 106.441076660156
-9999 -9999 -9999 -9999 -9999 -9999 -9999 -9999 -9999 -9999 -9999 -9999 -9999 -9999 -9999 -9999 -9999 -9999 -9999 -9999 -9999 -9999 -9999 -9999 -9999 -9999 -9999 -9999 -9999 -9999 -9999 -9999 -9999 115.102007548014 114.614565531413 113.981033325195 113.217680867513 112.788016764323 112.324378967285 111.933074951172 111.544018046061 111.181470235189 110.818108622233 110.474519348145 110.208795674642 109.931705729167 109.422589619954 108.414854431152 108.052211507161 107.885544331868 107.887711588542 107.599758911133 107.674532572428 107.865699768066
-9999 -9999 -9999 -9999 -9999 -9999 -9999 -9999 -9999 -9999 -9999 -9999 -9999 -9999 -9999 -9999 -9999 -9999 -9999 -9999 -9999 -9999 -9999 -9999 -9999 -9999 -9999 -9999 -9999 -9999 -9999 -9999 -9999 115.349710591634 114.903623962402 114.324517822266 113.627398173014 113.023772684733 112.583150227865 112.210254923503 111.827369181315 111.491378275553 111.097039794922 110.779720052083 110.512896728516 110.279365030924 110.054417419434 109.241030375163 108.834071350098 108.960210164388 109.291420491536 109.306913757324 109.250984191895 109.183685302734
-9999 -9999 -9999 -9999 -9999 -9999 -9999 -9999 -9999 -9999 -9999 -9999 -9999 -9999 -9999 -9999 -9999 -9999 -9999 -9999 -9999 -9999 -9999 -9999 -9999 -9999 -9999 -9999 -9999 -9999 -9999 -9999 -9999 -9999 115.156480407715 114.520169576009 113.968608093262 113.281581115723 112.786958821615 112.38998819987 112.080514017741 111.778139750163 111.428509521484 111.143085225423 110.805441792806 110.618649291992 110.447283426921 110.273532104492 110.065029907227 109.925898234049 109.828319803874 109.81731262207 109.732574462891 109.632768758138
-9999 -9999 -9999 -9999 -9999 -9999 -9999 -9999 -9999 -9999 -9999 -9999 -9999 -9999 -9999 -9999 -9999 -9999 -9999 -9999 -9999 -9999 -9999 -9999 -9999 -9999 -9999 -9999 -9999 -9999 117.228758748372 116.581514994303 115.994555155436 115.46982421875 115.338013203939 114.725197347005 114.205124409993 113.66354675293 113.033958435059 112.657731628418 112.347271728516 112.077763875326 111.733010864258 111.424990844727 111.158165486654 110.991792297363 110.798249308268 110.623752339681 110.452974955241 110.419273885091 110.306435139974 110.230022684733 110.203523763021 110.104937744141
-9999 -9999 -9999 -9999 -9999 -9999 -9999 -9999 -9999 -9999 -9999 -9999 -9999 -9999 -9999 -9999 -9999 -9999 -9999 -9999 -9999 -9999 -9999 -9999 -9999 -9999 -9999 -9999 118.742358907064 118.095116678874 117.46252339681 116.799549865723 116.118776448568 115.632797241211 115.43345489502 114.933092753092 114.405757141113 113.893002827962 113.289929199219 112.855102539062 112.557331848145 112.251787821452 112.007266235352 111.707784016927 111.501308186849 111.339399210612 111.13498840332 110.979284159342 110.839098103841 110.727117411296 110.696718343099 110.61127726237 110.606294759115 110.589700826009
-9999 -9999 -9999 -9999 -9999 -9999 -9999 -9999 -9999 -9999 -9999 -9999 -9999 -9999 -9999 -9999 -9999 -9999 -9999 -9999 -9999 -9999 122.780978393555 122.060395304362 -9999 -9999 -9999 -9999 118.97779490153 118.323763020833 117.765549214681 117.030161031087 116.348692321777 115.734000142415 115.521854146322 115.130739847819 114.64286142985 114.168849690755 113.711284891764 113.097462463379 112.716253153483 112.520060221354 112.266458129883 112.055965677897 111.818519083659 111.622385660807 111.509535217285 111.331793212891 111.272971089681 111.231884765625 111.130615743001 111.080183919271 111.035514322917 110.999809265137
-9999 -9999 -9999 -9999 -9999 -9999 -9999 -9999 -9999 -9999 -9999 -9999 -9999 -9999 -9999 -9999 -9999 -9999 125.367132059733 124.863005065918 124.290933227539 123.645577494303 123.047097269694 122.423061116536 -9999 -9999 -9999 -9999 -9999 118.485138956706 117.933326212565 117.299408976237 116.62503306071 115.928197733561 115.421095784505 115.291549682617 114.908450317383 114.479947916667 114.042946879069 113.477220153809 112.976448567708 112.712663777669 112.468243916829 112.277046203613 112.084219868978 111.949345397949 111.87330678304 111.677551269531 111.599160766602 111.581757100423 111.503423055013 111.452576700846 111.397174580892 111.307715861003
-9999 -9999 -9999 -9999 -9999 -9999 -9999 -9999 -9999 -9999 -9999 -9999 -9999 -9999 -9999 -9999 -9999 -9999 125.605085245768 125.097404988607 124.516642252604 123.913199869792 123.289182535807 122.671214294434 122.035606892904 -9999 -9999 -9999 119.315178934733 118.657006835937 118.051289876302 117.434358723958 116.789506022135 116.164820861816 115.623602294922 115.056969197591 115.030125427246 114.768292236328 114.328149414062 113.788808186849 113.16778717041 112.911851501465 112.721567281087 112.517432657878 112.395800272624 112.324676513672 112.179461161296 112.04843343099 111.92582244873 111.883998616536 111.838971964518 111.807336934408 111.702272033691 111.63169708252
-9999 -9999 -9999 -9999 -9999 -9999 -9999 -9999 -9999 -9999 -9999 -9999 -9999 -9999 -9999 -9999 -9999 -9999 125.839469401042 125.316036987305 124.730302429199 124.168010965983 123.534329732259 122.866435750326 122.174952697754 121.493909708659 -9999 -9999 119.543016052246 118.919684346517 118.294741821289 117.734506225586 117.08760732015 116.429158528646 115.572595214844 114.794425455729 114.946351114909 114.825150553385 114.73625793457 114.205620829264 113.826954142253 113.176583353678 112.951322428385 112.752682495117 112.613381958008 112.493360392253 112.31693572998 112.315046183268 112.229015096029 112.215931193034 112.102346293132 112.079492696126 112.045769246419 111.964780171712
-9999 -9999 -9999 -9999 -9999 -9999 -9999 -9999 -9999 -9999 -9999 -9999 -9999 -9999 -9999 -9999 -9999 126.687177022298 126.092388407389 125.536288452148 124.892937215169 124.298690287272 123.708501688639 122.996843465169 122.388037618001 121.682191975911 -9999 120.349779256185 119.725448608398 119.14448445638 118.517695617676 117.937139383952 117.268277994792 116.731340535482 115.603537495931 114.93922068278 115.177072143555 114.8673828125 114.814521789551 114.703252665202 113.971114095052 113.404093933105 113.26035563151 113.035659790039 112.845345052083 112.733935546875 112.654458618164 112.634101867676 112.529075113932 112.490572102865 112.40452931722 112.421566263835 112.35004119873 112.322854105632
-9999 -9999 -9999 -9999 -9999 -9999 -9999 -9999 -9999 -9999 -9999 -9999 -9999 -9999 -9999 -9999 -9999 126.983374532064 126.402475484212 125.766556803385 125.11682027181 124.512638346354 123.842466227214 123.122080993652 122.540416971842 121.849288431803 121.171566263835 120.60418548584 119.867333984375 119.239957682292 118.659643554688 118.142196655273 117.587686665853 116.898001098633 116.297680155436 115.742226155599 115.403106180827 115.112850443522 115.148816935221 114.905877685547 114.212459309896 113.721575419108 113.542072041829 113.296820068359 113.154989624023 113.035597229004 112.902666727702 112.906348164876 112.797480773926 112.756097412109 112.732072957357 112.731438191732 112.734248352051 112.645734151204
-9999 -9999 -9999 -9999 -9999 -9999 -9999 -9999 -9999 -9999 -9999 -9999 -9999 -9999 -9999 -9999 -9999 127.219645182292 126.656987508138 125.997652689616 125.400651041667 124.680801900228 123.952655537923 123.296387227376 122.633079020182 122.044656880697 121.334263102214 120.664241536458 120.033615620931 119.394253540039 118.837202453613 118.29340057373 117.739428202311 117.213934326172 116.641775512695 116.113899230957 115.635335286458 115.413815816243 115.389130655924 115.17260945638 114.87470296224 113.976320902507 113.743375142415 113.611768086751 113.450270589193 113.306425476074 113.152752176921 113.12977549235 113.017467244466 113.042914326986 113.050335184733 113.050283813477 113.059329732259 113.037101236979
-9999 -9999 -9999 -9999 -9999 -9999 -9999 -9999 -9999 -9999 -9999 -9999 -9999 -9999 -9999 -9999 -9999 -9999 126.829126993815 126.253092447917 125.616297912598 124.846928405762 124.164521789551 123.459496561686 122.846251424154 122.202763366699 121.511565144857 120.845738728841 120.22769317627 119.66318766276 119.027001444499 118.462270100911 117.939497375488 117.429107666016 116.980080668132 116.454111735026 116.033013916016 115.662644958496 115.728432718913 115.396350097656 115.231088765462 114.963233439128 114.264177449544 113.831844584147 113.638609822591 113.571799214681 113.412389119466 113.359944661458 113.284164428711 113.340180460612 113.311404927572 113.29971669515 113.34372660319 113.323217264811
-9999 -9999 -9999 -9999 -9999 -9999 -9999 -9999 -9999 -9999 -9999 -9999 -9999 -9999 -9999 -9999 -9999 -9999 127.136885070801 126.506076049805 125.777306111654 125.053422546387 124.396534220378 123.73961537679 123.041213480632 122.456911214193 121.78908589681 121.117070007324 120.575505065918 119.919171142578 119.326492818197 118.719155883789 118.149784342448 117.650300598145 117.216066996257 116.739481099447 116.283002726237 115.888084411621 115.943691507975 115.566544087728 115.497223409017 115.222187296549 114.92749786377 114.116576639811 113.866826883952 113.73211517334 113.668847147624 113.563352966309 113.436939493815 113.493963114421 113.50152943929 113.535437520345 113.584117126465 113.649415079753
-9999 -9999 -9999 -9999 -9999 -9999 -9999 -9999 -9999 -9999 -9999 -9999 -9999 -9999 -9999 -9999 -9999 -9999 127.290478006999 126.608016967773 125.914601135254 125.322717285156 124.733396911621 124.043053690592 123.341539510091 122.656300354004 122.00874786377 121.323940022786 120.722358194987 120.163446044922 119.589528910319 118.97477162679 118.419304402669 117.925985717773 117.423136901855 116.994016520182 116.543886311849 116.16605275472 115.809913635254 115.963283793132 115.721743774414 115.468821716309 115.203330993652 114.869058736165 114.630446370443 114.056766764323 113.907668558757 113.785135904948 113.690373738607 113.640640767415 113.701173909505 113.716598002116 113.74829864502 113.880221048991
-9999 -9999 -9999 -9999 -9999 -9999 -9999 -9999 -9999 -9999 -9999 -9999 -9999 -9999 -9999 -9999 -9999 -9999 127.420380655924 126.718384297689 126.049824523926 125.548971048991 124.911684672038 124.255112711589 123.553407287598 122.821613566081 122.241028849284 121.552215576172 121.007230122884 120.408763122559 119.784358215332 119.246130371094 118.688014221191 118.18366394043 117.745713297526 117.282525126139 116.894079589844 116.473168436686 116.080685933431 115.889223734538 115.932678222656 115.741715494792 115.507359313965 115.230565897624 114.998904927572 114.436297607422 114.183722941081 113.996645100911 113.941202799479 113.890854899089 113.872604370117 113.880610656738 113.992790730794 114.065023803711
-9999 -9999 -9999 -9999 -9999 -9999 -9999 -9999 -9999 -9999 -9999 -9999 -9999 -9999 -9999 -9999 -9999 -9999 127.726240030924 126.961281840007 126.360202534993 125.693177286784 125.143704223633 124.413645935059 123.77004699707 123.108101908366 122.515805053711 121.85494740804 121.270373535156 120.669239298503 120.103496805827 119.538770039876 118.996234639486 118.46727549235 118.001998901367 117.619578552246 117.162242635091 116.777656046549 116.381640625 116.048798116048 115.934664408366 115.90349222819 115.664741516113 115.438818868001 115.225195821126 115.04746500651 114.644513956706 114.207628377279 114.15849202474 114.105449930827 114.18783416748 114.139293416341 114.237854512533 114.355394999186
-9999 -9999 -9999 -9999 -9999 -9999 -9999 -9999 -9999 -9999 -9999 -9999 -9999 -9999 -9999 -9999 -9999 -9999 -9999 127.319797261556 126.646560668945 125.955406188965 125.356783548991 124.605844624837 124.01569519043 123.431009419759 122.818725077311 122.171422322591 121.538349405924 120.946341451009 120.315204366048 119.713975016276 119.177263387044 118.757411702474 118.303784179687 117.864785766602 117.496992492676 117.156108093262 116.725955708822 116.375115966797 116.059249369303 116.27829691569 115.979967753092 115.608212280273 115.423777770996 115.384780375163 115.16631825765 114.997981262207 114.464262898763 114.437407938639 114.247173055013 114.048344421387 114.436758931478 114.560601806641
-9999 -9999 -9999 -9999 -9999 -9999 -9999 -9999 -9999 -9999 -9999 -9999 -9999 -9999 -9999 -9999 -9999 -9999 -9999 127.458403523763 126.830285644531 126.132772318522 125.583196512858 124.95508219401 124.339916992187 123.792987060547 123.15914662679 122.465488688151 121.820432027181 121.216601053874 120.663218688965 120.122738647461 119.546391805013 119.040141296387 118.611402893066 118.227179972331 117.788293457031 117.512505594889 117.093429056803 116.73290049235 116.388031514486 116.028662618001 116.266718546549 115.987296040853 115.668007914225 115.467255655924 115.355725606283 115.273313903809 115.168120829264 114.998373921712 114.437376403809 114.151624552409 114.763913472493 114.63624420166
-9999 -9999 -9999 -9999 -9999 -9999 -9999 -9999 -9999 -9999 -9999 -9999 -9999 -9999 -9999 -9999 -9999 -9999 -9999 127.630318705241 127.10186920166 126.526500956217 125.856272888184 125.272754414876 124.635238647461 124.080130513509 123.499589029948 122.756697591146 122.079890950521 121.537125142415 120.954781595866 120.425876871745 119.87171274821 119.377961730957 118.961595662435 118.56103108724 118.128410847982 117.721883646647 117.381982421875 117.00819905599 116.659843444824 116.326119486491 116.017013041178 115.818831380208 115.938632202148 115.611262003581 115.559259033203 115.471332295736 115.394459533691 115.105193583171 115.265108235677 115.27321879069 115.361583455404 115.455965677897
-9999 -9999 -9999 -9999 -9999 -9999 -9999 -9999 -9999 -9999 -9999 -9999 -9999 -9999 -9999 -9999 -9999 -9999 -9999 127.839880371094 127.334412638346 126.92281443278 126.224351501465 125.598450215658 124.977612304687 124.378215535482 123.856954956055 123.149408467611 122.516566467285 121.995855204264 121.346819051107 120.817753092448 120.34653116862 119.851573181152 119.350444030762 118.929814656576 118.512964375814 118.053240966797 117.701250712077 117.340213521322 116.913480122884 116.651580301921 116.29648030599 116.055453491211 115.771914164225 115.567986551921 115.323537699382 115.24817759196 115.566827392578 115.588854471842 115.514586893717 115.566015625 115.788470458984 115.904143269857
-9999 -9999 -9999 -9999 -9999 -9999 -9999 -9999 -9999 -9999 -9999 -9999 -9999 -9999 -9999 -9999 -9999 -9999 -9999 -9999 127.67369740804 127.235309855143 126.608530680339 125.971517944336 125.431792704264 124.924698893229 124.254028828939 123.618598429362 122.97585550944 122.405580647786 121.870790608724 121.324547831217 120.787897745768 120.184604390462 119.686193847656 119.250145467122 118.79956817627 118.431121826172 118.015415445964 117.753425598145 117.281982421875 116.882502237956 116.694836934408 116.372067260742 116.019366455078 115.901052347819 115.670210266113 115.567083231608 115.845788574219 115.871003723145 115.88472442627 115.914437357585 116.023763020833 116.187545267741
-9999 -9999 -9999 -9999 -9999 -9999 -9999 -9999 -9999 -9999 -9999 -9999 -9999 -9999 -9999 -9999 -9999 -9999 -9999 -9999 -9999 127.591318766276 127.072241210938 126.402416992187 125.906364440918 125.411991882324 124.728730265299 124.074025472005 123.430409749349 122.85080871582 122.348627726237 121.773160807292 121.1584081014 120.601866658529 120.098077392578 119.582482910156 119.210500590007 118.7957127889 118.396225484212 118.04583791097 117.707272847493 117.327358500163 117.010573323568 116.663958231608 116.401696268717 116.305801900228 116.380670166016 116.01714070638 116.151713053385 116.152270507813 116.148934936523 116.251959228516 116.353948465983 116.445543924967
