ET0/medie/MEDIA_ET0_07.asc
NCOLS 177 
NROWS 174 
XLLCORNER 1436301.375 
YLLCORNER 4916704.5 
CELLSIZE 1500 
NODATA_value -9999 
[rows 120 to 143 of 174, columns 108 to 161 of 177]
132.0552637736 132.164423624674 132.363255310059 132.505003356934 132.631676737467 132.849188741048 132.979297892253 133.177145385742 133.291170247396 133.457760620117 133.621291097005 133.760734558105 133.966672261556 134.147935994466 134.279509989421 134.407031758626 134.553582255046 134.606256103516 134.76282602946 134.89576772054 135.021640523275 135.084493509928 135.159094238281 135.214752197266 135.140036519368 135.250042724609 135.356119791667 135.447577921549 135.526678975423 135.662976074219 135.788902791341 136.026422119141 136.217960103353 136.340731811523 136.643753560384 136.888940429687 137.060783894857 137.317060852051 137.581757609049 137.814005025228 138.017888387044 138.250981140137 138.516844177246 138.780085754395 139.050356038411 139.363538614909 139.616920471191 140.022633870443 140.413966369629 140.819896952311 141.216898091634 -9999 -9999 -9999
132.406075032552 132.536735026042 132.718563334147 132.846564737956 133.0111328125 133.197843424479 133.335435994466 133.49166615804 133.631675720215 133.773207092285 133.937132263184 134.077839152018 134.195130411784 134.329874165853 134.504600524902 134.74652150472 134.871433003743 134.991347249349 135.063091532389 135.191320292155 135.322905476888 135.400947570801 135.479229736328 135.52491607666 135.551305643717 135.607695007324 135.673341369629 135.764928181966 135.845376078288 135.956849161784 136.085078938802 136.222941080729 136.388914998372 136.657224527995 136.906348673503 137.204508972168 137.368640645345 137.538917541504 137.774102783203 138.025817871094 138.190065511068 138.412265523275 138.630182902018 138.908366394043 139.161360677083 139.486529541016 139.79788869222 140.126963806152 140.506413269043 140.856377665202 -9999 -9999 -9999 -9999
132.733724975586 132.862569173177 133.045683288574 133.177668762207 133.393870544434 133.527332560221 133.637049357096 133.820684814453 133.983381144206 134.126499938965 134.268515014648 134.387792460124 134.546421305339 134.701647440592 134.835166422526 135.008042399089 135.155834960938 135.297684733073 135.435651143392 135.548805236816 135.627428181966 135.725024414062 135.786859130859 135.84700978597 135.916020711263 135.977112325033 136.009385681152 136.08482615153 136.154094950358 136.270635986328 136.395253499349 136.55146891276 136.64840037028 136.934813435872 137.203064982096 137.372311909993 137.520458984375 137.786529541016 137.981496683757 138.214947509766 138.347092692057 138.578582763672 138.780606587728 139.069438171387 139.303174845378 139.56449025472 139.909638468424 140.228703816732 140.596993509928 140.942644755046 -9999 -9999 -9999 -9999
133.126985677083 133.248396809896 133.382939656576 133.567822265625 133.718413289388 133.886934407552 134.043428039551 134.162513224284 134.327947489421 134.470560709635 134.610787455241 134.771007792155 134.886448160807 135.022356669108 135.197924296061 135.328193664551 135.453763326009 135.615995279948 135.774104309082 135.866477966309 135.928652445475 136.050102233887 136.107180786133 136.154960123698 136.315734863281 136.316819254557 136.346289571126 136.409781392415 136.470700073242 136.603589375814 136.723183186849 136.953534444173 137.079903666178 137.353631591797 137.479749043783 137.652132670085 137.839161173503 138.060380554199 138.27163848877 138.449365743001 138.593991597493 138.78243560791 138.990492248535 139.192428080241 139.482713826497 139.777202860514 140.02248433431 140.393398539225 140.712648010254 140.987029520671 141.39739634196 141.762226867676 -9999 142.424113972982
133.506800842285 133.643946838379 133.785854085286 133.948778279622 134.09231821696 134.223082987467 134.378652445475 134.519486490885 134.684842427572 134.82746480306 135.008224995931 135.16688486735 135.303555297852 135.438607788086 135.571055603027 135.701696268717 135.826489257813 135.946402994792 136.081678263346 136.167254638672 136.297007242839 136.402069600423 136.458246358236 136.532305908203 136.592849222819 136.656643676758 136.695388793945 136.726886494954 136.869889322917 136.968820699056 137.128027852376 137.290471394857 137.494813537598 137.666803487142 137.824103291829 137.960963439941 138.136213684082 138.348690795898 138.526316833496 138.717221069336 138.911284383138 139.01550394694 139.272372436523 139.460897827148 139.794010416667 140.06284942627 140.225593566895 140.548114522298 140.943859863281 141.164761861165 141.552881368001 141.829876708984 142.065434265137 142.315246582031
133.886204020182 134.005744425456 134.140237426758 134.298163859049 134.442026774089 134.572994995117 134.729907735189 134.888835144043 135.031507873535 135.193208312988 135.35192565918 135.532531229655 135.668963114421 135.802233886719 135.955962117513 136.063975016276 136.166350809733 136.285768127441 136.393815104167 136.505239359538 136.614004516602 136.739105733236 136.814279683431 136.844626363118 136.881773376465 136.965680948893 137.066339619954 137.151763407389 137.243072001139 137.337575785319 137.457522583008 137.672920227051 137.825839233398 137.992720031738 138.123453776042 138.249657694499 138.468218994141 138.625480143229 138.792397054036 138.973587544759 139.16870880127 139.377462768555 139.51626739502 139.754399108887 139.935872395833 140.194742838542 140.465252685547 140.741193135579 141.037713623047 141.413856506348 141.698945617676 141.963650004069 142.130724080404 142.446916707357
134.251285807292 134.380203755697 134.510051981608 134.666979980469 134.811813863118 134.96119333903 135.095401509603 135.231958007812 135.39029490153 135.549712117513 135.708540852865 135.888670349121 136.023809305827 136.177253214518 136.30736541748 136.434862263997 136.558120218913 136.628628540039 136.744544474284 136.877033487956 136.924729410807 137.111847941081 137.148356628418 137.162683105469 137.221862284342 137.29267171224 137.383085632324 137.496541341146 137.588993835449 137.6898340861 137.784492492676 137.978348795573 138.150015258789 138.299476623535 138.436273193359 138.580619812012 138.74670715332 138.895958455404 139.062005615234 139.238019816081 139.435634358724 139.636528015137 139.868442281087 140.092140197754 140.342113749186 140.499188741048 140.725787862142 141.079579671224 141.342566426595 141.565587361654 141.869973246257 142.156561787923 142.304520670573 142.590495808919
134.688691711426 134.790220133464 134.900117492676 135.017306009928 135.178641255697 135.344853719076 135.474975585938 135.609314982096 135.784808349609 135.923569234212 136.100962320964 136.277603149414 136.411357625326 136.564001464844 136.693216959635 136.797688802083 136.870718892415 137.010864257812 137.107368977865 137.221149190267 137.320011393229 137.412063090007 137.455576578776 137.521433003743 137.593798319499 137.672851053874 137.773477681478 137.829420471191 137.934070841471 138.040601094564 138.109726969401 138.30026957194 138.465564982096 138.631796264648 138.761754862467 138.90413869222 139.065293884277 139.21254679362 139.347471110026 139.530920410156 139.706916809082 139.919248453776 140.142336527507 140.352879333496 140.599741617839 140.862429300944 141.123801167806 141.376457722982 141.576489257813 141.81957244873 142.116637674967 142.365942382813 142.481395467122 142.807215881348
-9999 135.218770853678 135.326782226562 135.423068237305 135.562058003743 135.724136861165 135.890657552083 136.021992492676 136.155606079102 136.272720336914 136.464557393392 136.656306966146 136.808394877116 136.940622965495 137.048842366536 137.144007873535 137.266508992513 137.370893859863 137.491772460938 137.602076721191 137.708871459961 137.70485941569 137.741405232747 137.834916687012 137.948004150391 137.990473429362 138.073365783691 138.158608500163 138.24892171224 138.339240519206 138.46081644694 138.63171081543 138.783836364746 138.941934712728 139.115078226725 139.243343098958 139.403661600749 139.540913391113 139.687676493327 139.863943990072 140.033764648438 140.216242472331 140.41283976237 140.621455891927 140.87795308431 141.124263509115 141.355243937174 141.57701772054 141.906827799479 142.136257425944 142.420093282064 142.674244181315 142.921406046549 143.100779215495
-9999 -9999 -9999 135.897653198242 135.996956380208 136.06610361735 136.228164164225 136.376332600911 136.580330403646 136.674061075846 136.862634277344 136.975801595052 137.145250956217 137.311919657389 137.427003479004 137.518233235677 137.639403279622 137.756752522786 137.852397664388 137.948191833496 138.03607228597 138.07085164388 138.06794128418 138.299406433105 138.300173441569 138.344872029622 138.437184651693 138.50439453125 138.621920267741 138.709447224935 138.807704671224 139.015793863932 139.205501302083 139.280134073893 139.468852742513 139.593342590332 139.750522867839 139.883861287435 140.025322469076 140.195388285319 140.358918253581 140.534671529134 140.724254862467 140.941315205892 141.189542134603 141.39641011556 141.620203653971 141.865297953288 142.146130371094 142.383125813802 142.669253540039 142.960049438477 143.252940877279 143.547675577799
-9999 -9999 -9999 -9999 136.43237508138 136.6230565389 136.746523539225 136.873428853353 137.001282755534 137.12830657959 137.255392964681 137.403364054362 137.518977864583 137.669640604655 137.767790222168 137.881894938151 138.017182922363 138.113524373372 138.181743876139 138.285615539551 138.400964864095 138.442782084147 138.582623799642 138.669669087728 138.709684244792 -9999 138.853204345703 138.909006245931 138.977273050944 139.088612874349 139.183977762858 139.431122334798 139.581113688151 139.651032511393 139.819173177083 139.974597167969 140.09625600179 140.223780314128 140.395541890462 140.525028483073 140.683531697591 140.870134989421 141.070665486654 141.262650553385 141.503571065267 141.722538248698 141.934705607096 142.196652730306 142.454053751628 142.763318888346 142.974864705404 143.231824747721 143.551482137044 143.837193806966
-9999 -9999 -9999 -9999 -9999 137.050924682617 137.189115905762 137.260629781087 -9999 137.541186014811 137.666225687663 137.825225830078 137.89481048584 138.026249694824 138.170205688477 138.289412434896 138.378841145833 138.448007710775 138.558668518066 138.663728841146 138.745665486654 138.786344909668 138.952778625488 -9999 -9999 -9999 139.258000691732 139.333446756999 139.418085225423 139.524518330892 139.626787821452 139.789511617025 139.941876220703 140.050941467285 140.198001607259 140.352068074544 140.469581604004 140.576770019531 140.744079081217 140.885768127441 141.055990600586 141.237647501628 141.413804117839 141.601280212402 -9999 142.083895874023 142.288858032227 142.523365275065 142.791552734375 143.054885864258 143.305674235026 143.580844116211 143.83752746582 144.151552327474
-9999 -9999 -9999 -9999 -9999 -9999 -9999 -9999 -9999 -9999 138.123694356283 138.231171162923 138.324900817871 138.470629374186 138.564866129557 138.616980489095 138.717192077637 138.828722127279 138.969764709473 139.075526428223 139.155363972982 139.273412577311 -9999 -9999 -9999 -9999 139.686589558919 139.738870239258 139.855160522461 139.967200215658 140.083930969238 140.227656555176 140.353042602539 140.439154052734 140.591495768229 140.721094258626 140.835433451335 140.957637532552 141.103187052409 141.25693359375 -9999 -9999 -9999 -9999 -9999 -9999 -9999 142.887071736654 143.113145955404 143.369151814779 143.63608194987 143.934921264648 -9999 -9999
-9999 -9999 -9999 -9999 -9999 -9999 -9999 -9999 -9999 -9999 -9999 138.747055053711 138.851001485189 138.895451863607 138.943236796061 139.045478312174 139.124130249023 139.263739013672 139.338580322266 139.47263285319 139.619126383464 139.695305379232 -9999 -9999 -9999 -9999 -9999 -9999 -9999 140.397523498535 140.487514750163 140.616204325358 140.724984232585 140.836296590169 140.998008728027 141.115757242839 141.227912902832 141.347347513835 -9999 -9999 -9999 -9999 -9999 -9999 -9999 -9999 -9999 -9999 -9999 -9999 -9999 -9999 -9999 -9999
-9999 -9999 -9999 -9999 -9999 -9999 -9999 -9999 -9999 -9999 -9999 -9999 -9999 139.343888346354 139.432537333171 139.478791809082 139.58465830485 139.688453674316 139.805816650391 139.963270568848 140.020487976074 -9999 -9999 -9999 -9999 -9999 -9999 -9999 -9999 -9999 -9999 -9999 -9999 141.262246704102 141.427600097656 141.546505228678 -9999 -9999 -9999 -9999 -9999 -9999 -9999 -9999 -9999 -9999 -9999 -9999 -9999 -9999 -9999 -9999 -9999 -9999
-9999 -9999 -9999 -9999 -9999 -9999 -9999 -9999 -9999 -9999 -9999 -9999 -9999 -9999 -9999 -9999 139.990809122721 140.120337931315 -9999 -9999 -9999 -9999 -9999 -9999 -9999 -9999 -9999 -9999 -9999 -9999 -9999 -9999 -9999 -9999 -9999 -9999 -9999 -9999 -9999 -9999 -9999 -9999 -9999 -9999 -9999 -9999 -9999 -9999 -9999 -9999 -9999 -9999 -9999 -9999
-9999 -9999 -9999 -9999 -9999 -9999 -9999 -9999 -9999 -9999 -9999 -9999 -9999 -9999 -9999 -9999 -9999 -9999 -9999 -9999 -9999 -9999 -9999 -9999 -9999 -9999 -9999 -9999 -9999 -9999 -9999 -9999 -9999 -9999 -9999 -9999 -9999 -9999 -9999 -9999 -9999 -9999 -9999 -9999 -9999 -9999 -9999 -9999 -9999 -9999 -9999 -9999 -9999 -9999
-9999 -9999 -9999 -9999 -9999 -9999 -9999 -9999 -9999 -9999 -9999 -9999 -9999 -9999 -9999 -9999 -9999 -9999 -9999 -9999 -9999 -9999 -9999 -9999 -9999 -9999 -9999 -9999 -9999 -9999 -9999 -9999 -9999 -9999 -9999 -9999 -9999 -9999 -9999 -9999 -9999 -9999 -9999 -9999 -9999 -9999 -9999 -9999 -9999 -9999 -9999 -9999 -9999 -9999
-9999 -9999 -9999 -9999 -9999 -9999 -9999 -9999 -9999 -9999 -9999 -9999 -9999 -9999 -9999 -9999 -9999 -9999 -9999 -9999 -9999 -9999 -9999 -9999 -9999 -9999 -9999 -9999 -9999 -9999 -9999 -9999 -9999 -9999 -9999 -9999 -9999 -9999 -9999 -9999 -9999 -9999 -9999 -9999 -9999 -9999 -9999 -9999 -9999 -9999 -9999 -9999 -9999 -9999
-9999 -9999 -9999 -9999 -9999 -9999 -9999 -9999 -9999 -9999 -9999 -9999 -9999 -9999 -9999 -9999 -9999 -9999 -9999 -9999 -9999 -9999 -9999 -9999 -9999 -9999 -9999 -9999 -9999 -9999 -9999 -9999 -9999 -9999 -9999 -9999 -9999 -9999 -9999 -9999 -9999 -9999 -9999 -9999 -9999 -9999 -9999 -9999 -9999 -9999 -9999 -9999 -9999 -9999
-9999 -9999 -9999 -9999 -9999 -9999 -9999 -9999 -9999 -9999 -9999 -9999 -9999 -9999 -9999 -9999 -9999 -9999 -9999 -9999 -9999 -9999 -9999 -9999 -9999 -9999 -9999 -9999 -9999 -9999 -9999 -9999 -9999 -9999 -9999 -9999 -9999 -9999 -9999 -9999 -9999 -9999 -9999 -9999 -9999 -9999 -9999 -9999 -9999 -9999 -9999 -9999 -9999 -9999
-9999 -9999 -9999 -9999 -9999 -9999 -9999 -9999 -9999 -9999 -9999 -9999 -9999 -9999 -9999 -9999 -9999 -9999 -9999 -9999 -9999 -9999 -9999 -9999 -9999 -9999 -9999 -9999 -9999 -9999 -9999 -9999 -9999 -9999 -9999 -9999 -9999 -9999 -9999 -9999 -9999 -9999 -9999 -9999 -9999 -9999 -9999 -9999 -9999 -9999 -9999 -9999 -9999 -9999
-9999 -9999 -9999 -9999 -9999 -9999 -9999 -9999 -9999 -9999 -9999 -9999 -9999 -9999 -9999 -9999 -9999 -9999 -9999 -9999 -9999 -9999 -9999 -9999 -9999 -9999 -9999 -9999 -9999 -9999 -9999 -9999 -9999 -9999 -9999 -9999 -9999 -9999 -9999 -9999 -9999 -9999 -9999 -9999 -9999 -9999 -9999 -9999 -9999 -9999 -9999 -9999 -9999 -9999
-9999 -9999 -9999 -9999 -9999 -9999 -9999 -9999 -9999 -9999 -9999 -9999 -9999 -9999 -9999 -9999 -9999 -9999 -9999 -9999 -9999 -9999 -9999 -9999 -9999 -9999 -9999 -9999 -9999 -9999 -9999 -9999 -9999 -9999 -9999 -9999 -9999 -9999 -9999 -9999 -9999 -9999 -9999 -9999 -9999 -9999 -9999 -9999 -9999 -9999 -9999 -9999 -9999 -9999
