ET0/medie/MEDIA_ET0_04.asc
NCOLS 177 
NROWS 174 
XLLCORNER 1436301.375 
YLLCORNER 4916704.5 
CELLSIZE 1500 
NODATA_value -9999 
[rows 104 to 129 of 174, columns 118 to 176 of 177]
74.5197875976562 74.4313761393229 74.293430074056 74.1903368631999 74.1041946411133 74.0167836507161 74.0722816467285 74.0822385152181 74.0948771158854 74.1627566019694 74.0919049580892 73.9961278279622 74.1559883117676 74.4961255391439 74.8087900797526 75.0127939860026 0 0 0 0 0 0 0 0 0 0 0 0 0 0 0 0 0 0 0 0 0 0 0 0 0 0 0 0 0 0 0 0 0 0 0 0 0 0 0 0 0 0 0
74.4419667561849 74.3981274922689 74.3126584370931 74.2802149454753 74.2114011128744 74.1094164530436 74.1275614420573 74.1661277770996 74.1511080423991 74.1576385498047 74.173912302653 74.1897265116374 74.3101219177246 74.4927828470866 74.8063763936361 75.0190760294596 75.3290529886881 75.7595649719238 76.1043327331543 76.5009918212891 0 0 0 0 0 0 0 0 0 0 0 0 0 0 0 0 0 0 0 0 0 0 0 0 0 0 0 0 0 0 0 0 0 0 0 0 0 0 0
74.3686592102051 74.3436698913574 74.2555351257324 74.2844787597656 74.2354560852051 74.2157320658366 74.1994842529297 74.211954498291 74.1957252502441 74.1974637349447 74.184755452474 74.2269846598307 74.3529884338379 74.4995239257812 74.7624025980631 74.9195465087891 75.2680374145508 75.6963450113932 76.0407254536947 76.4432680765788 76.7246238708496 0 0 0 0 0 0 0 0 0 0 0 0 0 0 0 0 0 0 0 0 0 0 0 0 0 0 0 0 0 0 0 0 0 0 0 0 0 0
74.3444864908854 74.3176208496094 74.3017766316732 74.3008440653483 74.2905008951823 74.2831321716309 74.230525970459 74.2572146097819 74.2032051086426 74.2201812744141 74.2338495890299 74.3041275024414 74.45 74.5720695495606 74.8263710021973 74.9566009521484 75.2873364766439 75.6293940226237 75.9834932963053 76.3405311584473 76.6554074605306 76.9272211710612 0 0 0 0 0 0 0 0 0 0 0 0 0 0 0 0 0 0 0 0 0 0 0 0 0 0 0 0 0 0 0 0 0 0 0 0 0
74.326441192627 74.3146074930827 74.3314534505208 74.366988881429 74.3396769205729 74.3014333089193 74.3055460611979 74.273196665446 74.2184941609701 74.3108917236328 74.3400189717611 74.4043294270833 74.5122840881348 74.6647967020671 74.8552759806315 74.9711970011393 75.271598815918 75.5979426066081 75.9429491678874 76.2411633809408 76.5588829040527 76.8544520060221 0 0 0 0 0 0 0 0 0 0 0 0 0 0 0 0 0 0 0 0 0 0 0 0 0 0 0 0 0 0 0 0 0 0 0 0 0
74.3989003499349 74.384371693929 74.4124954223633 74.3950884501139 74.3880811055501 74.4163106282552 74.5049832661947 74.4727714538574 74.4576105753581 74.4576677958171 74.4820856730143 74.5363352457682 74.6581825256348 74.7988812764486 74.8974957784017 75.0340037027995 75.2525049845378 75.469862874349 75.8178652445475 76.1611559549967 76.4078282674154 76.7352419535319 77.0193145751953 77.3197746276855 77.5941418965658 0 0 0 0 0 0 0 0 0 0 0 0 0 0 0 0 0 0 0 0 0 0 0 0 0 0 0 0 0 0 0 0 0 0
74.479465230306 74.4589124043783 74.4709554036458 74.5073486328125 74.516471862793 74.563919321696 74.6376314798991 74.6837547302246 74.6804087320964 74.6705164591471 74.698461151123 74.7077224731445 74.8137344360352 74.8740801493327 75.0359214782715 75.1715469360352 75.2749359130859 75.4470769246419 75.7006322224935 76.0271675109863 76.3373611450195 76.6108268737793 76.9581525166829 77.2862495422363 77.564089457194 77.8650143941243 78.192778523763 0 0 0 0 0 0 0 0 0 0 0 0 0 0 0 0 0 0 0 0 0 0 0 0 0 0 0 0 0 0 0 0
74.534060160319 74.5910555521647 74.5908744812012 74.6210042317708 74.6057032267253 74.6721026102702 74.7482704162598 74.847593943278 74.8593091328939 74.883778889974 74.876277923584 74.9319135030111 75.0431210835775 75.0996381123861 75.1565038045247 75.1733332316081 75.2749122619629 75.3939796447754 75.6089261372884 75.9196459452311 76.2187136332194 76.540709177653 76.8506571451823 77.1916481018066 77.5247021993001 77.823903910319 78.1488464355469 0 0 0 0 0 0 0 0 0 0 0 0 0 0 0 0 0 0 0 0 0 0 0 0 0 0 0 0 0 0 0 0
74.72293065389 74.6819997151693 74.7246299743652 74.7423149108887 74.7880137125651 74.8820788065592 74.9747469584147 75.0420585632324 75.0663879394531 75.0955327351888 75.1027305603027 75.1418083190918 75.1936111450195 75.2553377787272 75.2414166768392 75.2730628967285 75.3488428751628 75.4691319783529 75.6378484090169 75.9020596822103 76.167000579834 76.4763117472331 76.7728645324707 77.1469746907552 77.485861714681 77.7889610290527 78.1203648885091 78.4477973937988 78.8078338623047 0 0 0 0 0 0 0 0 0 0 0 0 0 0 0 0 0 0 0 0 0 0 0 0 0 0 0 0 0 0
74.843446858724 74.8344960530599 74.9051434834798 74.9591128031413 75.0222951253255 75.1498497009277 75.2679153442383 75.3286547342936 75.334378306071 75.4007825215658 75.3632352193197 75.3469159444173 75.3578557332357 75.3788828531901 75.3724136352539 75.3997469584147 75.4555023193359 75.5608576456706 75.66589940389 75.8725657145182 76.1342948913574 76.4553431193034 76.7832471211751 77.0763005574544 77.4250116984049 77.7305168151856 78.1255427042643 78.4482078552246 78.7524940490723 79.1163398742676 0 0 0 0 0 0 0 0 0 0 0 0 0 0 0 0 0 0 0 0 0 0 0 0 0 0 0 0 0
75.0462631225586 75.1103619893392 75.1451807657878 75.2018424987793 75.3157101949056 75.4228553771973 75.452007039388 75.5087666829427 75.5916323343913 75.5902341206868 75.6000450134277 75.6121704101563 75.5880228678385 75.5486696879069 75.5159535725911 75.5656303405762 75.5985593159994 75.6338544209798 75.7546463012695 75.9441309611003 76.1395317077637 76.4193837483724 76.7592628479004 77.1099545796712 77.455249786377 77.7505243937174 78.1518679300944 78.4409451802572 78.7555211385091 79.1110766092936 0 0 0 0 0 0 0 0 0 0 0 0 0 0 0 0 0 0 0 0 0 0 0 0 0 0 0 0 0
75.2901807149251 75.3239992777506 75.4080973307292 75.5010541280111 75.5807998657227 75.6508608500163 75.7004928588867 75.7313313802083 75.7992347717285 75.8488385518392 75.8316230773926 75.829195912679 75.8404897054036 75.815488688151 75.8084231058756 75.708523050944 75.7583437601725 75.820928700765 75.8536193847656 76.0430651346842 76.2210166931152 76.4781926472982 76.7958017985026 77.1334498087565 77.4687512715658 77.8111999511719 78.1734792073568 78.5103291829427 78.8046600341797 79.1182197570801 0 0 0 0 0 0 0 0 0 0 0 0 0 0 0 0 0 0 0 0 0 0 0 0 0 0 0 0 0
75.5376942952474 75.6037717183431 75.6822881062826 75.7139399210612 75.8083312988281 75.8843343098958 75.9500818888346 75.987760925293 76.0256876627604 76.0326970418294 76.0770716349284 76.1090034484863 76.0778516133626 76.1126088460286 76.0646842956543 76.0124631245931 75.9696561177572 76.0398887634277 76.5340797424316 76.6340014139811 76.3972213745117 76.5966453552246 76.8940823872884 77.2111404418945 77.5805898030599 77.921785736084 78.2312868754069 78.5277954101562 78.8241419474284 79.0732879638672 79.4047876993815 79.7236470540365 80.0326581319173 0 0 0 0 0 0 0 0 0 0 0 0 0 0 0 0 0 0 0 0 0 0 0 0 0 0
75.8538492838542 75.9325472513835 75.9636700948079 76.0233960469564 76.0541112263997 76.0896504720052 76.1487380981445 76.1792836507161 76.2473655700684 76.2851687113444 76.285848236084 76.3222012837728 76.3258018493652 76.2970886230469 76.2668100992839 76.2912287394206 76.224500020345 76.2738629659017 76.6284688313802 76.7130772908529 76.7775637308757 76.7712031046549 77.0208147684733 77.415035756429 77.714262898763 78.0317980448405 78.304741414388 78.608667755127 78.8745018005371 79.1341562906901 79.4398109436035 79.7345883687337 80.0179527282715 0 0 0 0 0 0 0 0 0 0 0 0 0 0 0 0 0 0 0 0 0 0 0 0 0 0
76.1378346761068 76.1783930460612 76.2233256022135 76.2665649414062 76.2884567260742 76.3188028971354 76.3426694234212 76.4117462158203 76.4394465128581 76.4900833129883 76.5430913289388 76.571731821696 76.5719047546387 76.543153889974 76.5210184733073 76.5216138203939 76.5179852803548 76.50355275472 76.5015452067057 76.5899284362793 76.7688369750977 76.9833480834961 77.2416290283203 77.5664632161458 77.8814987182617 78.1844975789388 78.4326032002767 78.697875213623 78.9410822550456 79.2051938374837 79.4979031880697 79.7636184692383 80.0537422180176 0 0 0 0 81.6700561523437 81.9980389912923 0 0 0 0 0 0 0 0 0 0 0 0 0 0 0 0 0 0 0 0
76.3556091308594 76.3937616984049 76.4415623982747 76.4719167073568 76.5095540364583 76.5574483235677 76.5868044535319 76.6430386861165 76.6726247151693 76.733097076416 76.7982874552409 76.8193901062012 76.8481770833333 76.7924654642741 76.7836702982585 76.7582725524902 76.7913113911947 76.7597938537598 76.7874493916829 76.8440874735514 76.9940928141276 77.2244580586751 77.4886744181315 77.7579449971517 78.038939666748 78.3316935221354 78.5784350077311 78.8139973958333 79.0657234191895 79.3120457967122 79.5655227661133 79.8211919148763 80.1064801534017 0 80.6317418416341 80.9038408915202 81.1951268513997 81.5736368815104 81.9054079691569 82.3192708333333 82.7028238932292 0 0 0 0 0 0 0 0 0 0 0 0 0 0 0 0 0 0
76.5929079691569 76.6414110819499 76.6629885355631 76.7034408569336 76.7400377909342 76.8032562255859 76.8357144673665 76.8680692036947 76.9287409464518 76.9861366271973 77.0380938212077 77.0442405700684 77.0959493001302 77.0605499267578 77.0422086079915 77.0732045491536 77.0541704813639 77.0885103861491 77.1310887654622 77.1593633015951 77.2706146240234 77.4778643290202 77.7105824788411 78.0080243428548 78.2639897664388 78.5321896870931 78.737082417806 78.9805437723796 79.2435526529948 79.4359265645345 79.6620216369629 79.9346244812012 80.1751546223958 80.3866399129232 80.6100575764974 80.8656850179036 81.1463363647461 81.5247561136882 81.8910537719727 82.2655888875326 82.6228808085124 0 0 0 0 0 0 0 0 0 0 0 0 0 0 0 0 0 0
76.8720222473144 76.8858139038086 76.9238301595052 76.9626098632812 77.0052118937174 77.0446830749512 77.1108838399251 77.1375765482585 77.1945287068685 77.2403945922852 77.2955088297526 77.3137001037598 77.3658498128255 77.3463050842285 77.3602737426758 77.3267306009928 77.323671468099 77.3543340047201 77.4386047363281 77.5044799804687 77.6115152994792 77.7651659647624 78.0134190877279 78.3001714070638 78.53187306722 78.7504353841146 78.9467862447103 79.1872561136882 79.3933123270671 79.5863182067871 79.8021878560384 80.0735631306966 80.3102015177409 80.4939951578776 80.6955902099609 80.9184247334798 81.2324094136556 81.5694826761881 81.904549407959 82.2629249572754 0 0 0 0 0 0 0 0 0 0 0 0 0 0 0 0 0 0 0
77.127761332194 77.1643928527832 77.2149642944336 77.250914255778 77.2945187886556 77.328059387207 77.3624666849772 77.4207560221354 77.4742970784505 77.5244786580404 77.566805267334 77.5788965861003 77.6322158813477 77.6527590433757 77.6412274678548 77.64122950236 77.6281758626302 77.66441599528 77.7394289652507 77.8246215820313 77.9068135579427 78.0746744791667 78.3321929931641 78.5402636210124 78.7687250773112 78.9502822875977 79.1903233846029 79.4013501485189 79.5919980367025 79.7963061014811 79.9936688741048 80.1987454732259 80.4478744506836 80.6676150004069 80.854776763916 81.0392209370931 81.3520525614421 81.6700940450033 81.9928914388021 82.2882102966309 0 0 0 0 0 0 0 0 0 0 0 0 0 0 0 0 0 0 0
77.4308876037598 77.4605229695638 77.4886876424154 77.526015218099 77.5725789388021 77.6271603902181 77.6576197306315 77.7075772603353 77.7731707255046 77.8126106262207 77.8561581929525 77.8651707967122 77.9065040588379 77.9368637084961 77.9244033813477 77.9215797424316 77.9445101420085 78.0053619384766 78.0242131551107 78.1338643391927 78.2421211242676 78.4097864786784 78.596986134847 78.8284131368001 79.0410418192546 79.2238321940104 79.4212336222331 79.6217519124349 79.8272389729818 80.034241994222 80.2124631245931 80.3761288960775 80.6349901835124 80.8618586222331 81.0923377990723 81.2857927958171 81.536656443278 81.8008430480957 82.0641306559245 82.3789774576823 82.6782119750977 82.9673848470052 0 83.4097557067871 83.7905001322428 0 0 0 0 0 0 0 0 0 0 0 0 0 0
77.7279495239258 77.7632034301758 77.8071695963542 77.846809387207 77.8801930745443 77.914049021403 77.9646072387695 78.0236915588379 78.0701764424642 78.1096003214518 78.1572878519694 78.1665893554687 78.1985448201497 78.1965321858724 78.2284052530924 78.2064844767253 78.2127881368001 78.2560516357422 78.316374206543 78.4253082275391 78.5720731099447 78.6911376953125 78.8892631530762 79.1029830932617 79.3439181009928 79.543187713623 79.7187576293945 79.8913907368978 80.0659375508626 80.2683553059896 80.4717409769694 80.648708597819 80.8156717936198 81.053778330485 81.2963406880697 81.4885414123535 81.7157251993815 81.9868052164714 82.2208503723145 82.4658727010091 82.7957359313965 82.9560791015625 83.1311233520508 83.3999885559082 83.6927357991537 0 0 0 0 0 0 0 0 0 0 0 0 0 0
78.0508043924967 78.1037371317546 78.1386800130208 78.1742047627767 78.2111567179362 78.2393241882324 78.294251759847 78.3235097249349 78.3567443847656 78.4019676208496 78.4564407348633 78.4632344563802 78.4995239257812 78.5120351155599 78.4948740641276 78.4832522074382 78.4895479838053 78.5896598815918 78.6490626017253 78.732430267334 78.855148824056 79.0154019673665 79.2199813842773 79.4069938659668 79.6301055908203 79.7934313456217 79.9763557434082 80.1452341715495 80.3292368570963 80.5268600463867 80.716263071696 80.926754506429 81.0901178995768 81.2853678385417 81.4947715759277 81.7456944783529 81.9600079854329 82.1476984659831 82.4254313151042 82.6756141662598 82.9189511617025 83.0819613138835 83.1530049641927 83.319527943929 83.7373814900716 0 0 0 0 0 0 0 0 0 0 0 0 0 0
78.3987134297689 78.4182116190592 78.4530197143555 78.4887936909993 78.5293235778809 78.579532623291 78.6117749532064 78.6456469217936 78.6859380086263 78.7026850382487 78.7541918436686 78.7655810038249 78.7649541219076 78.7602574666341 78.7922719319661 78.7645891825358 78.77185643514 78.8030855814616 78.8996808369954 79.0130849202474 79.1237080891927 79.3396853129069 79.5265441894531 79.7313194274902 79.9408259073893 80.104440053304 80.2548027038574 80.4155260721842 80.5872301737467 80.7752179463704 80.9705556233724 81.1794359842936 81.385498046875 81.6148877461751 81.7925323486328 82.0013086954753 82.2503239949544 82.4476669311523 82.7019368489583 82.8755706787109 83.1053169250488 83.231246693929 83.3277694702148 83.4833236694336 83.7949180603027 84.1358317057292 84.5831934611003 0 0 0 0 0 0 0 0 0 0 0 0
78.7280838012695 78.7623133341471 78.8050224304199 78.8419682820638 78.8734255472819 78.9296600341797 78.9482734680176 78.9975919087728 79.0255956013997 79.0393829345703 79.0632293701172 79.0801966349284 79.051530456543 79.099764251709 79.0784062703451 79.025377146403 79.0259854634603 79.0587493896484 79.1487347920736 79.266207631429 79.4315572102865 79.6399971008301 79.8405080159505 80.0370770772298 80.2412506103516 80.3905751546224 80.5337824503581 80.6904945373535 80.8625935872396 81.0431393941244 81.2390996297201 81.4394978841146 81.6502807617187 81.8758707682292 82.0851821899414 82.3087954203288 82.5223719278971 82.7655291239421 82.9980583190918 83.2085561116536 83.381778717041 83.5302998860677 83.571058400472 83.717884572347 84.0324864705404 84.3074155171712 84.8030954996745 85.2849494934082 0 0 0 0 0 0 0 0 0 0 0
79.1064994812012 79.1239944458008 79.1538825988769 79.1860847473145 79.2291257222493 79.2628303527832 79.2926246643066 79.3236961364746 79.3603383382162 79.3702003479004 79.3903020222982 79.3968027750651 79.3954343159994 79.3990112304687 79.3911603291829 79.2924209594727 79.322194925944 79.3681676228841 79.4571268717448 79.5539227803548 79.7052579243978 79.9665189107259 80.2147532145182 80.3902641296387 80.5475700378418 80.6956270853678 80.836415608724 80.9970054626465 81.1542180379232 81.3330596923828 81.5123006184896 81.7073605855306 81.9135963439941 82.1372220357259 82.3642890930176 82.6009696960449 82.8329750061035 83.0393867492676 83.280243174235 83.5383054097494 83.7551422119141 83.8404703776042 83.9353645324707 84.1512519836426 84.3794695536296 84.6402338663737 85.1053232828776 85.6208831787109 86.1394251505534 86.6867935180664 0 0 0 0 0 0 0 0 0
79.4619893391927 79.4974754333496 79.5290458679199 79.5581537882487 79.575425974528 79.6146906534831 79.6410486857096 79.648030090332 79.6739924112956 79.7117459615072 79.6945854187012 79.6880279541016 79.7081260681152 79.7053909301758 79.6787249247233 79.6403915405273 79.6245473225911 79.6621019999186 79.7674008687337 79.8649742126465 80.0514246622721 80.3613545735677 80.5492925008138 80.7238896687825 80.8936902364095 81.0205139160156 81.1583447774251 81.3071502685547 81.4654177347819 81.6325777689616 81.8142178853353 82.0070096333822 82.2059295654297 82.4124974568685 82.6346872965495 82.8626993815104 83.1113624572754 83.3613863627116 83.592505645752 83.8426615397135 84.0636217753092 84.2578254699707 84.407386525472 84.5219909667969 84.7927622477214 85.1086306254069 85.5025118509928 85.9901931762695 86.4558314005534 86.8731775919596 87.2343663533529 87.5785853068034 87.9238784790039 0 0 0 0 0 0
