ET0/medie/MEDIA_ET0_03.asc
NCOLS 177 
NROWS 174 
XLLCORNER 1436301.375 
YLLCORNER 4916704.5 
CELLSIZE 1500 
NODATA_value -9999 
[rows 24 to 47 of 174, columns 54 to 107 of 177]
-9999 -9999 42.4276808420817 41.4320776621501 42.7537616729736 44.7562405904134 51.686735534668 44.0619932810465 42.2887510935466 38.3613442738851 41.9780106862386 44.6559181213379 39.2722366333008 -9999 -9999 -9999 -9999 -9999 -9999 -9999 -9999 -9999 -9999 -9999 -9999 -9999 -9999 -9999 -9999 -9999 -9999 -9999 -9999 -9999 -9999 -9999 -9999 -9999 -9999 -9999 -9999 -9999 -9999 -9999 -9999 -9999 -9999 -9999 39.2636875152588 39.2548032124837 41.2897624969482 37.4140385945638 39.1842676798503 39.2729821523031
-9999 -9999 -9999 40.8336049397786 44.4273933410645 43.9828018188477 48.4355903625488 49.3765055338542 46.4550501505534 43.9824531555176 40.4215899149577 42.885619354248 41.1177024841309 -9999 -9999 -9999 -9999 -9999 -9999 -9999 -9999 -9999 -9999 -9999 -9999 -9999 -9999 -9999 -9999 -9999 -9999 -9999 -9999 -9999 -9999 -9999 -9999 -9999 -9999 -9999 -9999 -9999 -9999 -9999 -9999 -9999 -9999 -9999 38.2548193613688 40.580019124349 38.6182375590007 38.362898127238 39.5984664916992 41.6705352783203
-9999 -9999 -9999 39.7602900187174 41.1893300374349 44.1343233744303 49.0162020365397 47.8110471089681 42.4347237904867 42.7119700113932 39.4443124135335 41.8015524546305 40.9168028513591 -9999 -9999 -9999 -9999 -9999 -9999 -9999 -9999 -9999 -9999 -9999 -9999 -9999 -9999 -9999 -9999 -9999 -9999 -9999 -9999 -9999 -9999 -9999 -9999 -9999 -9999 -9999 -9999 -9999 -9999 -9999 -9999 -9999 41.1783133188883 40.322318649292 38.7436734517415 39.0464766184489 38.667814763387 38.5082113901774 40.9971476236979 42.88214747111
-9999 -9999 -9999 41.316786702474 43.1185001373291 42.1910835266113 47.6730389912923 53.4773729960124 44.5305280049642 42.8205159505208 40.3124481201172 41.3372711181641 38.7559363047282 41.3945945739746 -9999 -9999 -9999 -9999 -9999 -9999 -9999 -9999 -9999 -9999 -9999 -9999 -9999 -9999 -9999 -9999 -9999 -9999 -9999 36.2092989603678 32.4751180013021 35.6692064921061 32.5115650177002 33.553365834554 35.3131379445394 -9999 -9999 -9999 -9999 -9999 -9999 -9999 38.9968673706055 41.5115191141764 40.2405221303304 40.1145796457926 41.7117024739583 42.8609692891439 45.5213483174642 42.8226312001546
-9999 -9999 -9999 40.4630162556966 43.4377708435059 44.4596522013346 46.6462280273438 57.3973907470703 46.1009819030762 44.9763552347819 42.5728759765625 42.8333913167318 44.8232559204102 42.4681915283203 43.6476140340169 -9999 -9999 -9999 -9999 -9999 -9999 -9999 -9999 -9999 -9999 -9999 -9999 -9999 -9999 -9999 -9999 36.1869132995605 37.2524037679036 38.1610460917155 38.4087973276774 36.9113745371501 35.9052051544189 36.1800364176432 36.2799780527751 36.1968199412028 -9999 -9999 -9999 -9999 -9999 39.6327639261882 40.3357751210531 42.7389628092448 41.4807113647461 39.5599764506022 39.9596549987793 40.2614658355713 42.6248689015706 44.0402456919352
-9999 -9999 -9999 -9999 43.9177708943685 49.2672365824382 52.1178990681966 56.0509282430013 48.3707707722982 45.9654406229655 47.5920941670736 46.4453163146973 46.8265815734863 46.1917455037435 45.5574022928874 47.2766751607259 -9999 -9999 -9999 -9999 -9999 -9999 -9999 -9999 -9999 -9999 41.0551870981852 38.5081281026204 38.3558771769206 37.1618957519531 38.3920874277751 36.1825887044271 36.5048371632894 38.633659362793 40.6021423339844 37.9294932047526 36.8548394521077 39.3612808227539 39.5862677256266 37.8696301778158 -9999 -9999 -9999 -9999 -9999 40.9167490641276 41.262117767334 43.533934656779 40.5447408040365 40.9592736562093 40.507498550415 40.4565254211426 45.072176361084 46.3916393280029
-9999 -9999 -9999 -9999 46.0354202270508 45.9746487935384 47.4356796264648 56.4621627807617 54.1281313578288 53.980685933431 59.6928545633952 56.5869672139486 53.9256444295247 56.3627662658691 55.3344116210938 57.8219492594401 -9999 -9999 -9999 -9999 -9999 -9999 -9999 -9999 -9999 40.9415259043376 39.6031279246012 43.8496290842692 39.4093386332194 39.4000550587972 43.3956991831462 40.1417381286621 40.4598407745361 38.7733191172282 40.8829305013021 38.5551579793294 38.3012700398763 40.4365591684977 41.5505435943603 39.4369533538818 -9999 -9999 -9999 -9999 -9999 40.3262557983398 41.0069625854492 43.0489058176676 44.0024608612061 44.3733947753906 46.828246307373 44.513920211792 44.5567698160807 46.1936393737793
-9999 -9999 -9999 43.2624229431152 45.4398198445638 45.6133293151855 47.7368860880534 52.3533665974935 59.9255093892415 59.3848045349121 57.031485748291 58.8145039876302 56.4687899271647 52.2876307169596 52.7084406534831 50.5339902242025 47.9997014363607 -9999 -9999 -9999 -9999 -9999 -9999 -9999 -9999 40.2989046732585 40.1014115651449 44.2675441741943 44.3087331136068 46.5914184570313 46.0834007263184 43.4409091949463 41.3279042561849 37.4930397033691 41.6735036214193 41.1300855000814 36.376340230306 42.134340540568 41.845639928182 39.6800388336182 40.9230646769206 -9999 -9999 -9999 -9999 -9999 40.0569258371989 40.4555473327637 42.7415384928385 40.9447444915771 43.4349894205729 44.6954334259033 48.6496467590332 47.8210810343424
-9999 -9999 -9999 42.9267542521159 45.8634104410807 48.6957354227702 52.0726666768392 58.1778447469076 59.5267812093099 59.8259000142415 51.0044883728027 49.1620984395345 47.0033587137858 47.4946871439616 45.3066452026367 45.5262646993001 45.2905891418457 41.1489264170329 44.5395942687988 -9999 -9999 -9999 -9999 -9999 -9999 36.9880011240641 39.5303080240885 43.6047074635824 45.1608746846517 42.2726767222087 43.2178613026937 47.6075253804525 44.1979792277018 41.3678880055745 41.1385336558024 41.7318541208903 41.5731357574463 40.4636138916016 39.8223553975423 39.4738816579183 40.8892762502035 -9999 -9999 -9999 -9999 -9999 42.642343266805 39.2106961568197 40.3384474436442 41.441516494751 40.3369871775309 41.939915339152 47.7849678039551 54.7331326802572
-9999 -9999 47.4262819925944 45.4001241048177 48.7555366516113 48.1235799153646 51.6727986653646 58.9022186279297 59.4622784932454 55.5538869222005 51.9057083129883 49.9254211425781 43.6094159444173 46.3737854003906 44.4094212849935 42.1551633199056 44.7128117879232 44.7625457763672 39.9963102976481 38.5395352681478 38.8417138417562 40.9837117513021 39.7779781341553 40.5975254058838 37.3557696024577 36.363364537557 41.6621672312419 43.2105382283529 42.7287602742513 40.8230862935384 41.461360168457 42.9234246571859 45.9107139587402 41.1153106689453 40.5513690948486 44.984624226888 41.5158081054688 41.1774486541748 40.5524564107259 38.5295869191488 40.0763646443685 -9999 -9999 -9999 -9999 -9999 -9999 40.0498750050863 39.6790893554687 41.7355147043864 39.595954767863 41.6729310353597 44.8832962036133 57.7165056864421
-9999 -9999 43.7999404907227 44.9757868448893 47.2246233622233 47.7058954874675 54.5258532206217 59.5338663736979 59.6475227355957 58.7516733805339 50.8976821899414 45.1575050354004 43.5102475484212 44.991157023112 43.5156344095866 44.7674875895182 48.6388529459635 42.6398006439209 41.6478360493978 44.0085271199544 39.4823439280192 41.3017997741699 42.9000611623128 44.2602450052897 43.0061740875244 41.3406967163086 38.3733641306559 38.405083211263 40.1887101491292 39.4794282277425 39.8421569824219 42.0709125518799 50.1115084330241 47.1896887461344 48.2199615478516 45.6450775146484 41.3753470102946 41.1465924580892 37.4788041432699 36.9321366628011 38.794197845459 40.0278601328532 41.6590751647949 -9999 -9999 -9999 -9999 -9999 39.8747486114502 39.211659749349 39.6943585713704 43.1331808725993 51.402870686849 60.5797317504883
-9999 43.5120389302572 47.1873189290365 52.4876230875651 52.6832651774089 53.7029749552409 49.9291097005208 54.6877934773763 59.4299034118652 59.5053199768066 54.1557060241699 46.6038754781087 46.1082262674967 48.4995793660482 49.1480339050293 50.128653717041 48.4745366414388 44.3842397054036 44.281423441569 45.044856262207 43.3234319051107 45.3573453267415 45.641574605306 48.9600568135579 47.9148241678874 43.5390427907308 37.7905656178792 35.6836439768473 38.2964510599772 39.2861405690511 42.2870237986247 45.4489178975423 51.6971743265788 49.8171424865723 46.7396372477214 41.8082537333171 39.6984642028809 40.082282892863 39.7618515014648 39.7502281188965 42.13836034139 44.2867336273193 41.4031551361084 40.9289141337077 -9999 -9999 -9999 -9999 -9999 39.8558595021566 41.2996065775553 44.1321704864502 57.0813789367676 61.0640782674154
-9999 47.1554646809896 51.6146275838216 46.4155298868815 50.7290613810221 51.7960202534993 48.8070627848307 55.7015073140462 58.1909968058268 59.5207084655762 59.354709370931 55.9950426737467 48.7006210327148 53.2494331359863 46.9692522684733 45.9874552408854 46.3569002787272 42.1027609507243 46.1227167765299 48.2738876342773 46.6464693705241 51.3209360758464 51.1478370666504 46.5101989746094 43.8496348063151 40.2634599049886 40.7356970469157 39.4986307779948 39.7851058959961 41.7151195526123 43.5138056437174 46.0962524414062 53.4114318847656 44.6251889546712 41.7105346679688 39.8746854146322 41.7902392069499 41.4572006225586 38.4176408131917 38.6429518381755 40.5132170359294 45.1367922465007 40.5651959737142 39.6446854909261 -9999 -9999 -9999 -9999 42.5609675089518 41.7429288228353 42.6722867329915 52.5260737101237 61.2712895711263 59.5436937967936
-9999 47.1700909932454 48.0282763163249 45.1757049560547 45.9512222290039 46.9142361958822 47.3817639668783 48.3552131652832 55.7998758951823 59.0149976094564 59.4043932596842 58.2292241414388 48.8795132954915 53.7199567159017 48.1565444946289 44.5395449320475 39.8507395426432 41.630767695109 46.0342211405436 48.9182042439779 52.2685788472494 52.8498853047689 44.4717681884766 42.340877532959 42.2533339182536 44.0973542531331 40.808670425415 40.8071273803711 43.8980541229248 43.868031056722 45.3802734375 48.5012313842773 53.1937619527181 49.8783559163411 43.1435894012451 42.9348463694255 40.3160219828288 39.68996925354 37.815886815389 40.8589003245036 41.8037394205729 46.0689203898112 40.6728359222412 40.5523930867513 -9999 -9999 -9999 59.6725440979004 48.9822102864583 50.3987436930339 55.0919921875 60.8548311869303 60.9245806376139 51.8157381693522
44.8222696940104 46.5755063374837 46.3737993876139 48.4369555155436 47.4975941975911 44.9533871968587 46.1948926289876 47.4232223510742 53.8717486063639 57.3833938598633 58.7921984354655 59.1171239217122 55.3470413208008 52.3599032084147 46.3787673950195 42.1123194376628 43.3875043233236 40.0614247639974 41.1185703277588 44.716478729248 44.2414057413737 52.8062538146973 46.2581453959147 47.8537528991699 46.3918017069499 43.6324409484863 42.1783955891927 42.6925552368164 41.4324684143066 42.0520314534505 43.3179159800212 43.8253335316976 50.9686800638835 51.5906117757161 41.8343401590983 47.2036076863607 39.9757137298584 41.1760912577311 40.7944538116455 40.4953614552816 42.5713298797607 42.4898342132568 40.2309173583984 40.1093814849853 41.1578829447428 41.2844893137614 42.9232084910075 52.3104611714681 60.131369527181 60.5646993001302 59.0647659301758 57.6365219116211 53.863658396403 44.7397174835205
46.8527308146159 48.6144571940104 50.5409746805827 48.9852864583333 50.0714510599772 48.7525993347168 46.701099395752 46.4995862325033 47.6325894673665 48.2008913675944 54.5449633280436 57.3507367451986 58.3261210123698 52.3006039937337 47.3493965148926 46.9300219217936 46.8604235331217 43.0528694152832 44.5139333089193 44.2390902201335 45.9058270772298 51.731623840332 50.8682121276855 46.2796109517415 44.9770286560059 44.5553375244141 43.8695892333984 42.5696839650472 43.5999226888021 44.2106842041016 42.7589193979899 42.3155704498291 45.3011967976888 54.6466896057129 49.0633644104004 45.3011276245117 42.3241256713867 41.97287940979 43.0428329467773 41.8678644816081 48.2811147054036 45.0717213948568 41.1266220092773 43.5198413848877 41.6491830190023 48.7775019327799 51.2592480977376 59.2559232076009 59.4492131551107 58.580360921224 50.6564575195313 53.7743260701497 42.8696988423665 41.6003640492757
50.8345301310221 49.148166402181 47.6106051127116 49.2767913818359 54.960264078776 51.8757901509603 48.6764452616374 49.3563298543294 50.6323336283366 50.8487281799316 57.2382143656413 58.4503598531087 58.0370735168457 52.8306597391764 50.8239878336589 47.3856335957845 45.4584976196289 42.2800921122233 42.3264464060465 46.6593747456868 49.1251304626465 53.4932116190592 48.1548657735189 49.115340423584 48.6908223470052 51.0136360168457 48.1274378458659 49.2507369995117 49.0421709696452 47.0930572509766 44.6253791809082 42.7633720397949 45.4677284240723 54.8696189880371 52.3361208597819 45.7597185770671 45.5663678487142 48.6459340413411 51.1621152242025 48.9173835754395 55.3524917602539 43.120906829834 43.2546030680339 45.5124607086182 49.6516738891602 54.477281443278 58.5600588480632 58.3489354451497 50.9763605753581 45.3511633555094 41.7687142690023 40.8084438323975 41.4947157541911 44.2886671702067
54.6534782409668 53.8269251505534 53.449148050944 50.6696276346842 55.1591496785482 56.4612703959147 52.5973470052083 53.7840042114258 55.701651763916 55.0940068562826 57.843398030599 57.9806577046712 53.8946856180827 49.4211654663086 45.6942385355632 44.6091540018717 43.7781255086263 43.7069849650065 45.700087483724 46.0647885640462 50.1406555175781 50.9859535217285 53.1707827250163 54.0231150309245 54.1951026916504 54.2436546325684 50.357628885905 52.9741274515788 51.5260765075684 51.0632090250651 50.0080108642578 50.3945167541504 50.6729693094889 57.522597249349 54.2575393676758 54.7665542602539 53.5324457804362 53.8263893127441 54.8000478108724 55.1031545003255 56.0217208862305 51.6599151611328 49.7428754170736 49.6474863688151 52.6607109069824 58.1613573710124 57.6133087158203 55.9663976033529 49.3967357635498 42.1845087687174 41.1747973124186 42.4042560577393 42.3939210255941 46.4958202362061
55.9350613911947 55.8193145751953 55.7632069905599 55.0971506754557 56.4802365620931 58.0499310811361 55.3029568990072 56.1907384236654 57.2322626749675 57.111998240153 57.3606127421061 56.7744954427083 50.2332160949707 49.2981165568034 48.4790387471517 47.6065216064453 48.0309870402018 46.4925776163737 48.0851890563965 49.3699747721354 51.7219395955404 54.360871887207 57.9822840372721 58.7520812988281 58.6912035624186 58.8503133138021 57.8268005371094 57.3969444274902 57.3324989318848 57.5286590576172 57.561078898112 54.4866579691569 56.1887873331706 59.1649047851563 59.1168029785156 59.2772239685059 59.4315523783366 58.8912322998047 58.5705446879069 58.5877888997396 58.6109970092773 57.5163655598958 54.5716873168945 55.0527308146159 55.2851119995117 57.2931027730306 56.7051401774089 50.8284423828125 46.7315349578857 46.1222999572754 47.5957312266032 52.7335594177246 53.8309117635091 54.6778767903646
55.5941937764486 56.724370320638 58.8875358581543 58.3345812479655 55.7874542236328 57.463250986735 56.1976786295573 56.7496019999186 57.0273963928223 56.9851084391276 56.9616444905599 56.3234652201335 55.5463050842285 55.9132242838542 55.5950993855794 54.4704223632813 54.4204083760579 50.9811948140462 51.0309580485026 53.8497426350911 53.8856196085612 55.161380259196 57.6735071818034 56.5695081075033 57.8516510009766 57.0417554219564 58.4964960734049 58.7402598063151 59.0210217793783 58.7116727193197 58.8887870788574 58.7777275085449 58.5840764363607 58.2557159423828 57.7406542460124 57.5184257507324 56.5155108133952 58.2066607157389 57.9616165161133 57.9229866027832 58.2229090372721 58.452872467041 58.0356763203939 57.8688847859701 57.5111317952474 55.9628056844075 49.2476933797201 45.4768604278564 48.2542689005534 46.9957206726074 44.2817456563314 47.8326676686605 45.8527871449788 45.0346257527669
52.4652994791667 53.8423072814941 55.8983665466309 58.0747006734212 56.3273928324382 56.4615414937337 56.2299123128255 56.289818572998 55.9770100911458 56.4967831929525 56.5887631734212 56.7189163208008 56.7987007141113 56.8473910013835 56.566151936849 56.8734957377116 56.4931093851725 56.2519434611003 56.817556254069 56.8175626118978 56.6662610371908 56.3516754150391 52.1960561116536 51.4727722167969 48.2772743225098 48.6275502522786 52.7099919637044 55.2194648742676 55.3064320882161 53.6517913818359 53.3708491007487 54.7049886067708 53.4995002746582 52.0399991353353 50.961156463623 51.2584401448568 50.2798983256022 51.3239696502686 50.0058438618978 50.309313583374 50.91697362264 53.3812334696452 54.7887247721354 50.3439919789632 50.1500312805176 48.388240814209 48.7651428222656 43.339280573527 41.5956600189209 39.3023351033529 42.0507934570312 45.4537068684896 40.1783063252767 39.3623481750488
58.1873301188151 58.7191042582194 57.4756591796875 56.3095115661621 56.3201001485189 56.1021410624186 55.9759829203288 55.9868789672852 55.1555732727051 55.1318967183431 54.511262512207 55.9987706502279 55.8628107706706 54.5885546366374 54.6336995442708 54.9436701456706 55.7811655680339 55.86726659139 55.7900708516439 54.6892751057943 54.8573794047038 54.9333353678385 51.1544843037923 49.4620493570964 45.5625345865885 45.8557595570882 46.6588704427083 51.3740308125814 49.1500775655111 46.5559967041016 48.7490737915039 49.3782061258952 48.0562459309896 49.4478780110677 44.3843062082926 51.8910685221354 43.497546005249 45.1550179799398 44.6808676401774 43.9055587768555 46.5446160634359 47.3296798706055 47.416609954834 42.5431532541911 42.0829025268555 41.4921263376872 44.4361913045247 42.1998123168945 37.843946202596 38.9195260365804 40.1040159861247 39.8845666249593 41.5591946919759 38.8326778411865
54.8749778747559 54.9064712524414 57.4421162923177 56.1406099955241 55.974188486735 55.362521870931 55.5928466796875 54.882123819987 55.7733400980632 54.3577280680339 50.8197916666667 51.6944549560547 51.4305335998535 49.3157691955566 48.9985430399577 49.3318888346354 50.1994817097982 51.2783599853516 51.5328351338704 48.5438339233398 49.1709467569987 49.9726498921712 47.349973042806 46.9810353597005 46.9510462443034 44.6977694193522 43.3211474100749 48.3733685811361 45.0022232055664 47.4359242757161 42.6546730041504 48.501429494222 45.8386052449544 43.0944095611572 42.3799354553223 49.898610941569 42.1308133443197 42.4003428141276 39.3648792266846 40.3883544921875 45.3227966308594 42.0128760019938 42.3537019093831 42.4100212097168 39.4550174713135 39.4481244405111 39.2120632171631 47.5524252573649 38.8059107462565 38.5891259511312 39.360845820109 40.133774693807 40.9896062215169 38.6467480977376
48.4488990783691 54.3890899658203 57.5782986958822 55.8794540405273 55.7855669657389 55.1419830322266 53.5670122782389 52.6146550496419 53.0456006368001 50.5247027079264 46.2077341715495 47.8155194600423 50.6874483744303 49.8011604309082 46.5106867472331 46.251722462972 47.4036610921224 51.3706909179688 49.1911572774251 49.1606002807617 45.9047403971354 46.8125132242839 44.4400885264079 47.0135205586751 46.4912602742513 43.1982302347819 42.1699834187826 46.2556343078613 45.4216508229574 45.7218341827393 42.2710955301921 44.5460322062174 42.2335301717122 40.6995426177979 45.2689642588298 45.4834058125814 42.5239484151204 38.6792621612549 38.3134955088298 39.8627382914225 43.0187670389811 38.5273668924967 43.0590882619222 38.3509848276774 38.6784155527751 38.387042872111 38.8406728108724 44.93273340861 39.4053666432699 37.5935077667236 40.1753987630208 38.1896073659261 38.0913449605306 38.9529593149821
