ET0/medie/MEDIA_ET0_01.asc
NCOLS 177 
NROWS 174 
XLLCORNER 1436301.375 
YLLCORNER 4916704.5 
CELLSIZE 1500 
NODATA_value -9999 
[rows 104 to 129 of 174, columns 0 to 58 of 177]
0 0 0 0 0 0 0 0 0 0 0 0 0 0 0 0 0 0 13.2401062965393 13.0451288223267 12.8511478741964 12.6405842463175 12.4288581212362 12.20184618632 11.9964085261027 0 0 0 11.250066280365 11.054327805837 10.8665989557902 10.6329687754313 10.487114683787 10.3599499225616 10.1567272504171 10.0176470915476 9.64840871493022 9.48731778462728 9.38227690060933 9.35334561665853 9.47895239194234 9.38516842524211 9.3234840075175 9.25903735160828 9.18195465405782 9.10774105389913 9.08634424209595 9.04759985605876 9.05470364888509 8.98032806714376 8.92239955266317 8.89501042366028 8.89064728418986 8.87782921791077 8.84363230069478 8.82171476682027 8.77472343444824 8.78469343185425 8.80356558163961
0 0 0 0 0 0 0 0 0 0 0 0 0 0 0 0 0 0 13.2122184435527 13.0113208452861 12.8420694669088 12.6071857134501 12.3922108968099 12.191714032491 11.9960343360901 11.7927622159322 0 0 11.1943871180216 10.9966416041056 10.7906071345011 10.5534138679504 10.3930924097697 10.2548660914103 10.2096014022827 10.2273929595947 9.76228969891866 9.47711027463277 9.25533003807068 9.22940241495768 9.22722463607788 9.32370436986287 9.27684801419576 9.22820097605387 9.15684164365133 9.1165896097819 9.09494291941325 9.0030613899231 8.96236004829407 8.91852529843648 8.90364977518717 8.86833562850952 8.85304986635844 8.84383266766866 8.80175711313884 8.79054490725199 8.78194444974264 8.76684123675028 8.77622257868449
0 0 0 0 0 0 0 0 0 0 0 0 0 0 0 0 0 13.3199157396952 13.1675100326538 12.9986657778422 12.7989404360453 12.5954813321431 12.364818572998 12.1954341888428 11.9244663556417 11.7417415618896 0 11.3373028119405 11.1338754653931 10.9031701087952 10.710916296641 10.5230640093486 10.3603315989176 10.2028965950012 10.2802704811096 10.306458568573 9.72546366055806 9.53419251441955 9.28832451502482 9.11623740196228 9.20168331464132 9.28174120585124 9.22278173764547 9.17837540308634 9.13068838119507 9.0749370098114 9.00623065630595 8.93867958386739 8.91268911361694 8.88290780385335 8.85928718249003 8.82986666361491 8.82198452949524 8.79199825922648 8.80018224716187 8.76325316429138 8.72200344403585 8.77013433774312 8.78085203170776
0 0 0 0 0 0 0 0 0 0 0 0 0 0 0 0 0 13.2917824427287 13.1000464121501 12.9784642855326 12.789732837677 12.5738531430562 12.3550368309021 12.1705991744995 11.9283269246419 11.7264272054036 11.5286154429118 11.3022993087769 11.0802809079488 10.8822706222534 10.7035858154297 10.5180058161418 10.342579015096 10.1780041694641 10.077047475179 9.93416663805644 9.69621728261312 9.53761903444926 9.24527627627055 9.10264903704325 9.18172224362691 9.26033471425374 9.17808294296265 9.14313193957011 9.06441631317139 9.02766807874044 8.98064063390096 8.89303162892659 8.87505370775859 8.8602875550588 8.84155810674032 8.8090567111969 8.77673996289571 8.78194142977397 8.76265557607015 8.73301396369934 8.7431795279185 8.77817099889119 8.77972283363342
0 0 0 0 0 0 0 0 0 0 0 0 0 0 0 0 0 13.295685895284 13.0886995951335 12.9515960375468 12.736705493927 12.5574069658915 12.3583525657654 12.1327932357788 11.8990174929301 11.6851165453593 11.500919119517 11.2713157335917 11.0665760993958 10.9001060167948 10.7009319941203 10.5336445172628 10.3521963119507 10.1688219706217 10.0396558761597 9.87750573158264 9.71729768117269 9.48463843663533 9.22120901743571 9.11793489456177 9.02580483754476 9.24619750976563 9.17201983133952 9.0945472240448 9.03501917521159 8.99479815165202 8.9567246278127 8.88832885424296 8.86988828976949 8.83136477470398 8.82755448023478 8.781631676356 8.76091159184774 8.76143862406413 8.74273885091146 8.74942296346029 8.75712753931681 8.81618366241455 8.83278582890828
0 0 0 0 0 0 0 0 0 0 0 0 0 0 0 0 0 0 13.1181002298991 12.922021261851 12.73287525177 12.540020720164 12.3411567370097 12.1364996910095 11.8857114473979 11.6549399058024 11.4465683937073 11.2818430582682 11.0971830050151 10.8718399365743 10.6944578488668 10.5145869572957 10.3345686276754 10.1701174418132 9.988574330012 9.86167740821838 9.70557066599528 9.56616512934367 9.24259115854899 9.16051138242086 9.00976416269938 8.9169762134552 9.04850824673971 9.08620322545369 9.04265845616658 8.96307678222656 8.95397556622823 8.87668857574463 8.85658926963806 8.80968565940857 8.81406981150309 8.8011449654897 8.77252289454142 8.75603102048238 8.75090548197428 8.77357099850972 8.78393298784892 8.79977955818176 8.87883771260579
0 0 0 0 0 0 0 0 0 0 0 0 0 0 0 0 0 0 13.0745188713074 12.9032597541809 12.7331362406413 12.5232432047526 12.2694866498311 12.0777132352193 11.8821091969808 11.643462785085 11.4155484835307 11.2388794581095 11.028230381012 10.8566037495931 10.6717450459798 10.5096912701925 10.3258718490601 10.1520655632019 9.97539207140605 9.85082982381185 9.72543172836304 9.58364275296529 9.3019460995992 9.19834111531575 8.99427744547526 8.92529298464457 8.86456727981567 9.05724352200826 9.0400105158488 8.99944723447164 8.93383657137553 8.8790199915568 8.86788813273112 8.83637741406759 8.83681964874268 8.78818140029907 8.80091458956401 8.76064019203186 8.76387470563253 8.80056417783101 8.83781315485636 8.82619778315226 8.92985843022664
0 0 0 0 0 0 0 0 0 0 0 0 0 0 0 0 0 0 13.094525718689 12.9449831008911 12.7545127550761 12.4903787295024 12.2518584251404 12.0473140398661 11.8435304641724 11.6447667439779 11.4183312733968 11.2490072250366 11.0614470163981 10.8725987434387 10.6695245742798 10.499215221405 10.34466381073 10.1992764790853 10.0209000905355 9.87540984153748 9.72527208328247 9.58882859547933 9.47841089566549 9.15100313822428 9.02793641090393 8.9206888516744 8.85444056193034 8.84864432017008 8.81697680155436 8.96049478848775 8.91601010958354 8.85947192509969 8.89021000862122 8.86664934158325 8.84567578633626 8.81900488535563 8.82984897295634 8.82945032119751 8.82202583948771 8.86626154581706 8.91527201334635 8.93278543154399 8.93827730814616
0 0 0 0 0 0 0 0 0 0 0 0 0 0 0 0 0 0 13.1336002985636 12.9737619082133 12.7783107121785 12.4860949198405 12.2482414563497 12.0377408663432 11.8499598821004 11.6751299858093 11.429385693868 11.2688520431519 11.0776012738546 10.864590104421 10.6950683275859 10.5196325620015 10.3510871569316 10.2015714009603 10.0477155367533 9.89071728388469 9.72569506963094 9.61443300247192 9.50538120269775 9.32092680931091 9.0651713848114 8.94762511253357 8.86687757174174 8.82511889139811 8.78152046203613 8.89700878461202 8.89481972058614 8.89261221885681 8.89341793060303 8.88721135457357 8.88794492085775 8.85692698160807 8.8409944375356 8.89583973884583 8.88343825340271 8.8487232208252 8.97614911397298 9.00440618197123 9.03207360903422
0 0 0 0 0 0 0 0 0 0 0 0 0 0 0 0 0 0 13.072104994456 12.9704113006592 12.7367059071859 12.4778382937113 12.2095875740051 12.0694909731547 11.8699501991272 11.6700408617655 11.4647678057353 11.3068609555562 11.0904416402181 10.8814388910929 10.6966105779012 10.5400935173035 10.3820764541626 10.2266195615133 10.05372950236 9.87197065353394 9.75055230458577 9.64905293782552 9.54825852711995 9.42838939030965 9.21326961517334 9.01242643992106 8.92983361879985 8.87809392611186 8.8184813340505 8.7654847462972 8.81884614626567 8.93602075576782 8.90615502993266 8.90291175842285 8.87056914965312 8.88535683949788 8.90619853337606 8.92331681251526 8.94601504007975 8.94239228566488 9.01090621948242 9.06788762410482 9.09995991388957
0 0 0 0 0 0 0 0 0 0 0 0 0 0 0 0 0 0 0 12.88033618927 12.7212309201558 12.5081178665161 12.2765011787415 12.1236683209737 11.90338195165 11.6727343241374 11.4780644734701 11.3082548777262 11.1089286486308 10.935426902771 10.7080369631449 10.5561414082845 10.4136130015055 10.2232688585917 10.0397382736206 9.91801048914592 9.7584433555603 9.67079992294311 9.57385691006978 9.47791306177775 9.35431431134542 9.04912041028341 8.97967290878296 8.92374982833862 8.87168609301249 8.78673539161682 8.74077421824137 8.73064519564311 8.88433494567871 8.88138682047526 8.98531010945638 9.039564259847 8.98159147898356 8.99839051564535 9.01321853001912 9.05768674214681 9.0944455464681 9.11941388448079 9.12811142603556
0 0 0 0 0 0 0 0 0 0 0 0 0 0 0 0 0 0 0 12.9745692253113 12.7570407867432 12.5517273585002 12.324119758606 12.1511947631836 11.9458795229594 11.7064967791239 11.5257619857788 11.3642136891683 11.1512240727743 10.9280382156372 10.7363899230957 10.5362175941467 10.4034595489502 10.2583895683289 10.0748880704244 9.92660255432129 9.80564037958781 9.70085477828979 9.60140546162923 9.50531352361043 9.41191492080688 9.34636381467183 9.03852613766988 8.96966837247213 8.93139228820801 8.87994445164998 8.80497439702352 8.778502257665 8.76638778050741 8.78454966545105 9.06846450169881 9.45505587259928 9.01792478561401 9.17162472407023 9.08835287094116 9.13008861541748 9.18248195648193 9.22898098627726 9.2769481976827
0 0 0 0 0 0 0 0 0 0 0 0 0 0 0 0 0 0 0 12.9830522855123 12.8027421633403 12.5773836453756 12.3478603045146 12.1570783615112 11.9820686022441 11.7671901384989 11.5661139806112 11.3955116589864 11.1931093851725 10.9658254623413 10.7708528200785 10.5873732566833 10.4160899162292 10.2872518221537 10.1113593101501 9.96708844502767 9.8588703473409 9.75514736175537 9.66272945404053 9.57798522313436 9.48612928390503 9.41106589635213 9.33830095926921 9.22312933603923 9.00343874295553 8.97890156110128 8.90193096796671 8.85920947392782 8.85772765477498 8.95114784240723 8.89136714935303 8.93414065043132 8.9311593691508 8.98285919825236 9.11337683995565 9.20774297714233 9.27857128779093 9.32731444040934 9.38347832361857
0 0 0 0 0 0 0 0 0 0 0 0 0 0 0 0 0 0 0 13.0551438013713 12.8396218299866 12.6047078450521 12.4101936658223 12.2032147407532 12.0186119397481 11.8415306727091 11.5999465624491 11.4020733515422 11.1692498524984 10.9324836730957 10.7763120333354 10.6049346923828 10.4282137870789 10.2872975667318 10.1402051607768 10.0273717880249 9.93081175486247 9.84048455556234 9.73419052759806 9.64196281433106 9.58572419484456 9.47722463607788 9.42884337107341 9.32311344146729 9.28735440572103 9.24044793446859 9.21152178446452 9.15785779953003 8.96269019444784 8.95464735031128 8.9828408241272 8.98042831420898 8.99440466562907 9.04812491734823 9.19123067855835 9.30655927658081 9.38836221694946 9.47753801345825 9.51927858988444
0 0 0 0 0 0 0 0 0 0 0 0 0 0 0 0 0 0 0 0 12.8584937731425 12.6551671981812 12.46355676651 12.2940196990967 12.0487389882406 11.8399454116821 11.6451347351074 11.4482177734375 11.2172288894653 10.9682442982992 10.7753045082092 10.6318687756856 10.4472739537557 10.3039940516154 10.1723684946696 10.0844050725301 9.99704942703247 9.91277821858724 9.78931827545166 9.68806269963582 9.64484046300252 9.58973239262899 9.4797508875529 9.425497118632 9.41676298777262 9.337735303243 9.31328115463257 9.28097826639811 9.10147403081258 9.07730172475179 9.09315745035807 9.12296253840129 9.13176441192627 9.18005056381226 9.22824179331462 9.31087576548259 9.40485134124756 9.5753259340922 9.633695824941
0 0 0 0 0 0 0 0 0 0 0 0 0 0 0 0 0 0 0 0 0 12.7099637349447 12.4939112345378 12.3300551732381 12.1199172019959 11.9220737457275 11.709688727061 11.5310020764669 11.2933495203654 11.0592409451803 10.8612531344096 10.6548506100972 10.4949284553528 10.3439473470052 10.2392996470133 10.1494208017985 10.0693509419759 9.99258410135905 9.87198813756307 9.80432306925456 9.71063973108927 9.6563632329305 9.59455057779948 9.54594211578369 9.49621486663818 9.40016702016195 9.2716581026713 9.33441689809163 9.21873070398967 9.2123215675354 9.22183860143026 9.23233439127604 9.27752345403036 9.33141924540202 9.39011446634928 9.43280439376831 9.48727114995321 9.54237944285075 9.59928118387858
0 0 0 0 0 0 0 0 0 0 0 0 0 0 0 0 0 0 0 0 0 0 12.5557879130046 12.3763024965922 12.1982285181681 11.9802935600281 11.7932094573975 11.6089472770691 11.4102617899577 11.1697935740153 10.9477049191793 10.7455394426982 10.5751842180888 10.4171921094259 10.2882249514262 10.2386674245199 10.1565377553304 10.0919857660929 9.95534861882528 9.88973236083984 9.79107081095378 9.69356387456258 9.52673314412435 9.48347158432007 9.44634084701538 9.40124435424805 9.40075515111287 9.3265406926473 9.33182004292806 9.34619239171346 9.34413820902506 9.40350494384766 9.46326637268066 9.5200569152832 9.5449613571167 9.57277317047119 9.62767559687297 9.68269964853923 9.73801463445028
0 0 0 0 0 0 0 0 0 0 0 0 0 0 0 0 0 0 0 0 0 0 12.6472746531169 12.4577073733012 12.3000883102417 12.0824696858724 11.8800468762716 11.6817534128825 11.4818246205648 11.2750746091207 11.0679414113363 10.8808649698893 10.6396914482117 10.5141429901123 10.3576616605123 10.3345426559448 10.2558297157288 10.1556251207987 10.0698173205058 9.93236405054728 9.76434472401937 9.69852714538574 9.66576989491781 9.59220968882243 9.55198205312093 9.52279278437297 9.51098467508952 9.42942752838135 9.43907063802083 9.47403596242269 9.50889037450155 9.58238162994385 9.62752997080485 9.6952561378479 9.70606206258138 9.77337109247843 9.83082059224447 9.87353773117065 9.91652072270711
0 0 0 0 0 0 0 0 0 0 0 0 0 0 0 0 0 0 0 0 0 0 0 12.5352947235107 12.3593818346659 12.1699803034465 11.973300520579 11.8036181767782 11.5968519210815 11.3943998972575 11.2134221394857 11.0106608390808 10.8009300549825 10.6605730374654 10.4380757013957 10.454141553243 10.3677139282227 10.139968363444 10.0357667922974 9.93366216023763 9.88535617192586 9.85045420328776 9.78695182800293 9.72658710479736 9.68213589986165 9.6674217859904 9.66279433568319 9.60827741622925 9.61616449356079 9.64281377792358 9.70782804489136 9.7522557258606 9.80519984563192 9.86115252176921 9.91277958552043 9.96984933217366 10.0527913411458 10.1119738260905 10.1841926256816
0 0 0 0 0 0 0 0 0 0 0 0 0 0 0 0 0 0 0 0 0 0 0 12.5439237276713 12.3874643961589 12.2079053243001 12.0226318677266 11.8646067937215 11.6002089818319 11.4585323969523 11.2952519416809 11.0625396728516 10.9403390566508 10.771453444163 10.5420020739237 10.4526419003805 10.3546606063843 10.233482615153 10.1863061904907 10.1273879686991 9.98470726013184 9.932879002889 9.90108019510905 9.8772421836853 9.86449940999349 9.83029177983602 9.84637002944946 9.79427248636881 9.81609684626261 9.85111389160156 9.92416728337606 9.9608956972758 9.99498713811239 10.0447791735331 10.149009513855 10.2476103464762 10.3168453216553 10.3722785313924 10.5112640698751
0 0 0 0 0 0 0 0 0 0 0 0 0 0 0 0 0 0 0 0 0 0 0 0 12.4347504297892 12.2609238306681 12.0885024388631 11.8745310465495 11.7067937533061 11.5531611442566 11.3952240308126 11.2138839085897 11.0936385472616 10.8767656326294 10.6980080922445 10.5980129241943 10.4753798166911 10.371840318044 10.1748843193054 10.2389241218567 10.1631203015645 10.1132344563802 10.0584087053935 10.0391926129659 10.0317696889242 10.0353102684021 10.0253988265991 10.0214305877686 10.0441531817118 10.085902372996 10.1480250358582 10.187234210968 10.2139117240906 10.2615605036418 10.3807774543762 10.4996577898661 10.5968353271484 12.0411372184753 11.4217088699341
0 0 0 0 0 0 0 0 0 0 0 0 0 0 0 0 0 0 0 0 0 0 0 0 12.5889823913574 12.3388148625692 12.1827720324198 11.9631132443746 11.7926849683126 11.6454246520996 11.4705868403117 11.3077213605245 11.1552550315857 11.0558105150859 10.8283012708028 10.7192977587382 10.4190979957581 10.5464806556702 10.482586479187 10.3940033276876 10.3161266962687 10.2806839307149 10.2407843907674 10.2232461293538 10.2362638473511 10.2358970006307 10.255345026652 10.2546794255575 10.3008325258891 10.3388458251953 10.4136432329814 10.4332738876343 10.4495899200439 10.5135083516439 10.6039209047953 10.7663645744324 11.0726339975993 13.1755253473918 11.761137231191
0 0 0 0 0 0 0 0 0 0 0 0 0 0 0 0 0 0 0 0 0 0 0 0 12.6836342493693 12.4685794194539 12.2990565617879 12.0725449562073 11.9440014521281 11.7862078984578 11.5919148763021 11.4424744606018 11.2795569737752 11.1380214373271 10.9646271387736 10.8668084462484 10.7979900677999 10.7221493721008 10.6612212498983 10.5832284609477 10.4927885055542 10.4569709459941 10.4255981445312 10.4042470614115 10.4377707799276 10.4531676292419 10.4784717241923 10.5053979237874 10.5530122439067 10.6093652089437 10.6470413525899 10.6834518114726 10.7150727272034 10.7888964970907 11.2156162579854 11.7993171691895 11.3108027458191 12.7713662147522 12.1642130533854
0 0 0 0 0 0 0 0 0 0 0 0 0 0 0 0 0 0 0 0 0 0 0 0 12.7049503962199 12.5456893285116 12.3802927652995 12.2085910161336 11.9672554334005 11.872269376119 11.7507057507833 11.4798657099406 11.366292031606 0 0 0 0 10.9370705922445 10.8758365948995 10.7831582387288 10.7124929110209 10.6415220578512 10.639085928599 10.6224310239156 10.6371562957764 10.6592562993368 10.6847241401672 10.7330606778463 10.8094734191895 10.8792459170024 10.9459101676941 11.4381896972656 12.745188554128 13.6598775863647 12.7264675776164 13.8524607976278 12.4830734570821 13.973130607605 12.8278692245483
0 0 0 0 0 0 0 0 0 0 0 0 0 0 0 0 0 0 0 0 0 0 0 0 0 0 0 0 0 12.0050783793132 11.8576621373494 11.6702084541321 0 0 0 0 0 11.1434385617574 11.0742964426676 11.0335555712382 10.9452837626139 10.8686973889669 10.8870359738668 10.8660666147868 10.8881919542948 10.8944695154826 10.9255705515544 10.9688058535258 11.1199710845947 11.5022288004557 11.9746000289917 12.7681667645772 12.3924661636353 13.6214542388916 13.4892628351847 13.5528014183044 13.2797426859538 14.3266282717387 12.7111270268758
0 0 0 0 0 0 0 0 0 0 0 0 0 0 0 0 0 0 0 0 0 0 0 0 0 0 0 0 0 0 0 0 0 0 0 0 0 11.3811840693156 11.3271544774373 11.2951002438863 11.2040354092916 11.1505707740784 11.1729535738627 11.2066183725993 11.2064117431641 11.1517317771912 11.1883095105489 11.2937197049459 11.580526638031 12.5196656862895 12.6513816197713 13.4787770907084 13.0074815432231 13.5802373886108 13.6447560946147 14.440315246582 13.8721137682597 14.1001833279928 13.0044725418091
