ET0/medie/MEDIA_ET0_11.asc
NCOLS 177 
NROWS 174 
XLLCORNER 1436301.375 
YLLCORNER 4916704.5 
CELLSIZE 1500 
NODATA_value -9999 
[rows 96 to 119 of 174, columns 0 to 53 of 177]
-9999 -9999 -9999 -9999 -9999 -9999 -9999 -9999 -9999 -9999 -9999 -9999 -9999 -9999 -9999 -9999 -9999 -9999 -9999 -9999 -9999 -9999 -9999 -9999 -9999 -9999 -9999 -9999 -9999 -9999 -9999 -9999 12.4859877586365 12.2433548291524 12.0883724848429 11.9259455680847 11.8753686904907 11.6994574228923 11.568626054128 11.4502439816793 11.3393580754598 11.2259518305461 11.1115613937378 11.0073083082835 10.9276884078979 10.8610865910848 10.7700618108114 11.2390309651693 11.3044059276581 11.2723958651225 11.2611832300822 11.2543812910716 11.2637031873067 11.2571607589722
-9999 -9999 -9999 -9999 -9999 -9999 -9999 -9999 -9999 -9999 -9999 -9999 -9999 -9999 -9999 -9999 -9999 -9999 -9999 -9999 -9999 -9999 -9999 -9999 -9999 -9999 -9999 -9999 -9999 -9999 -9999 -9999 -9999 12.2362752596537 12.0351631800334 11.8960537274679 11.8181351025899 11.6627198855082 11.5217938741048 11.4040856043498 11.2691661834717 11.1529635111491 11.0390096346537 10.9448744773865 10.8353251139323 10.7519989649455 10.8211806933085 11.2223751068115 11.2235287030538 11.2038524627686 11.0932387987773 11.1814915657043 11.1532452265422 10.9355276266734
-9999 -9999 -9999 -9999 -9999 -9999 -9999 -9999 -9999 -9999 -9999 -9999 -9999 -9999 -9999 -9999 -9999 -9999 -9999 -9999 -9999 -9999 -9999 -9999 -9999 -9999 -9999 -9999 -9999 -9999 -9999 -9999 -9999 12.2334989229838 12.0075835227966 11.8372987429301 11.7506180445353 11.6439089139303 11.4928160349528 11.3466546058655 11.2135303179423 11.0959397315979 10.9830510139465 10.8785636425018 10.7777810255686 10.684739557902 10.6286983966827 10.8023701190948 10.9329965432485 10.6406566460927 10.3917438666026 10.1940038204193 10.1271652698517 10.0844351768494
-9999 -9999 -9999 -9999 -9999 -9999 -9999 -9999 -9999 -9999 -9999 -9999 -9999 -9999 -9999 -9999 -9999 -9999 -9999 -9999 -9999 -9999 -9999 -9999 -9999 -9999 -9999 -9999 -9999 -9999 -9999 -9999 -9999 -9999 12.0004097302755 11.8364761352539 11.6900370915731 11.5840015729268 11.4560716311137 11.3258558273315 11.1684497197469 11.0425960540771 10.9237151463826 10.8009374459585 10.7210620721181 10.6255126476288 10.5420451323191 10.4679166793823 10.4039587020874 10.3255337079366 10.2472003777822 10.1602653662364 10.086700073878 10.0429325262705
-9999 -9999 -9999 -9999 -9999 -9999 -9999 -9999 -9999 -9999 -9999 -9999 -9999 -9999 -9999 -9999 -9999 -9999 -9999 -9999 -9999 -9999 -9999 -9999 -9999 -9999 -9999 -9999 -9999 -9999 13.12153673172 12.8662235895793 12.6147535641988 12.3488786061605 12.0036382357279 11.8162826220195 11.624983215332 11.4850401878357 11.3985377311707 11.2429045359294 11.1218126614889 10.991237894694 10.8654414176941 10.7827922026316 10.6645676930745 10.5687073071798 10.4837262789408 10.4200519879659 10.3377338091532 10.2477473894755 10.188651116689 10.114887269338 10.0402749856313 10.0094496250153
-9999 -9999 -9999 -9999 -9999 -9999 -9999 -9999 -9999 -9999 -9999 -9999 -9999 -9999 -9999 -9999 -9999 -9999 -9999 -9999 -9999 -9999 -9999 -9999 -9999 -9999 -9999 -9999 13.7221010526021 13.454162979126 13.165961488088 12.8949691136678 12.6539801597595 12.3901676177979 12.0090462048848 11.8058288574219 11.6155106226603 11.4312921841939 11.3310070991516 11.2172419865926 11.0907644907633 10.9782712300618 10.8615136146545 10.7581127802531 10.6636831442515 10.5385541439056 10.4448687712351 10.3646331469218 10.2906289259593 10.203826157252 10.14052623113 10.1269777933757 10.0286989529928 9.9876091003418
-9999 -9999 -9999 -9999 -9999 -9999 -9999 -9999 -9999 -9999 -9999 -9999 -9999 -9999 -9999 -9999 -9999 -9999 -9999 -9999 -9999 -9999 15.6310847600301 15.3486707051595 -9999 -9999 -9999 -9999 13.7786221504211 13.4762375513713 13.1804662386576 12.9059161186218 12.6557613054911 12.3942897160848 12.0531648635864 11.7871999104818 11.5713134765625 11.4147524515788 11.2528120040894 11.1685730934143 11.0655467351278 10.9285175641378 10.8489665349325 10.735333887736 10.6117548306783 10.5290860176086 10.4134604612986 10.3422220865885 10.2477689266205 10.1775823434194 10.1248066107432 10.077783648173 10.0216034253438 9.97311259905497
-9999 -9999 -9999 -9999 -9999 -9999 -9999 -9999 -9999 -9999 -9999 -9999 -9999 -9999 -9999 -9999 -9999 -9999 16.9054782867432 16.6447359085083 16.3314385732015 16.0219673792521 15.6842307408651 15.3557350794474 -9999 -9999 -9999 -9999 -9999 13.530265490214 13.2067055384318 12.9233355840047 12.6599241892497 12.4182715098063 12.1588928858439 11.7873772303263 11.5747323671977 11.3963022867839 11.2110870361328 11.1146482785543 11.0567954699198 10.9437657038371 10.8263765335083 10.7125641187032 10.605042552948 10.4934357325236 10.3865445137024 10.3131088733673 10.238102388382 10.1650850931803 10.1157048861186 10.0512923876444 10.0169105211894 9.97340650558472
-9999 -9999 -9999 -9999 -9999 -9999 -9999 -9999 -9999 -9999 -9999 -9999 -9999 -9999 -9999 -9999 -9999 -9999 16.9636407852173 16.6808708826701 16.3800247192383 16.0665237426758 15.7465653101603 15.4166976928711 15.0979782104492 -9999 -9999 -9999 13.8629176775614 13.5938658078512 13.2682846705119 12.9869658788045 12.697629070282 12.4487305323283 12.1916722297668 11.9385100682576 11.6085790316264 11.3925696055094 11.2011275291443 11.0933153470357 11.0769152323405 10.9376051266988 10.8133156776428 10.6802969614665 10.5726447423299 10.4487719217936 10.3557882626851 10.2844873428345 10.2433751106262 10.1666312853495 10.1154351234436 10.0567461013794 10.007172870636 9.97684726715088
-9999 -9999 -9999 -9999 -9999 -9999 -9999 -9999 -9999 -9999 -9999 -9999 -9999 -9999 -9999 -9999 -9999 -9999 16.9983905156453 16.7194398244222 16.4364693959554 16.1095376968384 15.7945506413778 15.4808009465535 15.1699940999349 14.8467573165894 -9999 -9999 13.9114720026652 13.5763994216919 13.3120646794637 12.9717995643616 12.6907602945964 12.4263621648153 12.2677288691203 12.1651633898417 11.7080605189006 11.436292775472 11.198050403595 11.0760425249736 10.9912815411886 10.952864297231 10.8360141436259 10.6961059570312 10.5881518363953 10.4804329236348 10.4059123357137 10.3046374320984 10.217901357015 10.1693682829539 10.1234195073446 10.0879802068075 10.0345092137655 9.99510644276937
-9999 -9999 -9999 -9999 -9999 -9999 -9999 -9999 -9999 -9999 -9999 -9999 -9999 -9999 -9999 -9999 -9999 17.2480553309123 17.0165145874023 16.744681485494 16.4668678283691 16.1528343836466 15.8390385309855 15.5436976750692 15.1807674407959 14.8794228235881 -9999 14.2194927215576 13.8995548248291 13.6217548370361 13.2804307937622 12.9875560442607 12.6966442426046 12.4505821545919 12.3680523554484 12.2662354469299 11.7342295964559 11.5035739262899 11.2583759943644 11.0391894658407 10.986981010437 10.9520312945048 10.830597114563 10.695999844869 10.5737341880798 10.481420135498 10.3983300526937 10.2928103764852 10.2207316557566 10.1732469240824 10.1359985351563 10.0944614728292 10.0687696774801 10.0334698359172
-9999 -9999 -9999 -9999 -9999 -9999 -9999 -9999 -9999 -9999 -9999 -9999 -9999 -9999 -9999 -9999 -9999 17.2692657470703 16.9971444447835 16.7659730275472 16.4832274754842 16.1923475901286 15.8787527084351 15.5768341700236 15.2195959726969 14.9194220860799 14.6090123494466 14.2717184066772 13.9602896372477 13.6284749031067 13.3491419792175 13.0302093823751 12.7546248435974 12.4948220570882 12.2684228261312 12.0403397242228 11.7691792170207 11.5552531560262 11.2811134020487 11.0757267951965 11.020028591156 10.9568109830221 10.8025093396505 10.6837023417155 10.567441813151 10.4686920801799 10.3846553166707 10.3101506233215 10.2368796507517 10.1929994901021 10.183194732666 10.1343952337901 10.0988701184591 10.0806336402893
-9999 -9999 -9999 -9999 -9999 -9999 -9999 -9999 -9999 -9999 -9999 -9999 -9999 -9999 -9999 -9999 -9999 17.3350433349609 17.037202835083 16.7808815638224 16.4773976008097 16.1873824437459 15.8973644256592 15.5845372517904 15.2719381332397 14.9426083246867 14.6242701212565 14.2783220291138 13.9851322809855 13.6976314862569 13.4033183733622 13.0921475728353 12.8206702550252 12.5435026804606 12.2934229850769 12.0563727060954 11.8218496322632 11.5633522987366 11.3075571378072 11.1240289370219 10.9654695192973 10.9612971305847 10.8251349449158 10.6751148223877 10.5777225176493 10.4918749809265 10.4315355936686 10.3462393760681 10.2706951300303 10.2278255780538 10.2107179641724 10.1696970303853 10.1315846125285 10.1217856407166
-9999 -9999 -9999 -9999 -9999 -9999 -9999 -9999 -9999 -9999 -9999 -9999 -9999 -9999 -9999 -9999 -9999 -9999 17.1200850168864 16.8095397313436 16.5338226954142 16.2479173660278 15.9394104003906 15.6343044281006 15.3293785095215 14.9598194122314 14.6495385487874 14.368771425883 14.0574962615967 13.7414260228475 13.4567922910055 13.1380281130473 12.8716765403748 12.5856609662374 12.3061668713888 12.0930243810018 11.8400197982788 11.6363082885742 11.3560550371806 11.1667548179626 10.9778817176819 10.8220691680908 10.7848301251729 10.7047780354818 10.6167106946309 10.5170144399007 10.4533482869466 10.3713891983032 10.3099648793538 10.2694794336955 10.2376439730326 10.2010196685791 10.1733747800191 10.1603813171387
-9999 -9999 -9999 -9999 -9999 -9999 -9999 -9999 -9999 -9999 -9999 -9999 -9999 -9999 -9999 -9999 -9999 -9999 17.1066075007121 16.8700996398926 16.5965789794922 16.250678062439 15.9354358037313 15.6348156611125 15.3175030390422 14.9601200739543 14.6585287094116 14.3814446767171 14.0652498245239 13.7741725603739 13.4767149925232 13.1912819544474 12.9038758595785 12.6194342295329 12.3661146481832 12.1500247955322 11.9281529108683 11.6910175005595 11.4099496205648 11.2529634793599 11.0412754694621 10.8686451594035 10.7571199735006 10.7447836558024 10.6486344019572 10.5595366477966 10.476616636912 10.4012070973714 10.347905810674 10.310625521342 10.277791150411 10.2415157000224 10.2293938954671 10.2049594243368
-9999 -9999 -9999 -9999 -9999 -9999 -9999 -9999 -9999 -9999 -9999 -9999 -9999 -9999 -9999 -9999 -9999 -9999 17.1641743342082 16.9145835240682 16.6085364659627 16.2759649276733 15.9460992177327 15.6617254892985 15.3510828653971 15.0304161071777 14.7174095789591 14.4058410008748 14.1162096659342 13.8187091827393 13.5093115170797 13.1979359308879 12.9420372327169 12.7096081415812 12.4508668581645 12.2068458239237 11.9828029632568 11.757342561086 11.5539260546366 11.288166586558 11.093808333079 10.9188787778219 10.7854204654694 10.6882013638814 10.5972686290741 10.580806239446 10.5047373771667 10.4243785858154 10.4054746468862 10.3660808881124 10.3117497603099 10.2993231455485 10.2897699038188 10.2693115234375
-9999 -9999 -9999 -9999 -9999 -9999 -9999 -9999 -9999 -9999 -9999 -9999 -9999 -9999 -9999 -9999 -9999 -9999 17.174302482605 16.9059148788452 16.6374649047852 16.2746769587199 15.9636549631755 15.6779547373454 15.3903427124023 15.0852010091146 14.7383906046549 14.4529009501139 14.1610984802246 13.867786693573 13.5438264211019 13.2628512700399 13.0097266197205 12.7538390477498 12.5073541323344 12.2633177439372 12.0345266342163 11.8154951413472 11.6074315388997 11.3895332018534 11.1671064376831 10.9836945215861 10.8461572329203 10.7470469792684 10.6418038845062 10.6159996032715 10.5476405302684 10.4788998921712 10.4354198137919 10.4125026702881 10.3811086813609 10.3473668575287 10.3189464569092 10.3381056467692
-9999 -9999 -9999 -9999 -9999 -9999 -9999 -9999 -9999 -9999 -9999 -9999 -9999 -9999 -9999 -9999 -9999 -9999 17.1219266255697 16.9154680887858 16.6072490692139 16.2952472686768 16.0198387781779 15.7169741948446 15.4220118204753 15.1047316233317 14.7702745437622 14.5202696482341 14.2183404286702 13.8821838061015 13.5949694951375 13.3215387980143 13.0492718060811 12.8129853566488 12.5812047958374 12.3377849260966 12.1193645795186 11.899742380778 11.6877169926961 11.5095123291016 11.272426255544 11.0797744750977 10.9255520502726 10.8158787886302 10.7123853047689 10.5940428256989 10.5555641333262 10.5416688283285 10.4812717437744 10.4528193473816 10.4206456502279 10.413222360611 10.391769472758 10.3594562212626
-9999 -9999 -9999 -9999 -9999 -9999 -9999 -9999 -9999 -9999 -9999 -9999 -9999 -9999 -9999 -9999 -9999 -9999 -9999 16.8782399495443 16.6607798258464 16.353570429484 16.0593457539876 15.7857390721639 15.4949909210205 15.1678518931071 14.8520615259806 14.548343594869 14.2506441752116 13.9501212437948 13.6504217147827 13.3918502807617 13.1361344019572 12.866509215037 12.6294880867004 12.4294059117635 12.1757616996765 11.9715032895406 11.7500867207845 11.5613677342733 11.3724349975586 11.13015944163 10.9995724995931 10.8747798442841 10.7868361155192 10.6618929545085 10.5703978061676 10.4956750392914 10.522402159373 10.5023414929708 10.5298120498657 10.5812338511149 10.4764039357503 10.4703944524129
-9999 -9999 -9999 -9999 -9999 -9999 -9999 -9999 -9999 -9999 -9999 -9999 -9999 -9999 -9999 -9999 -9999 -9999 -9999 16.9304383595784 16.6700285593669 16.4078799565633 16.1353074391683 15.8417139053345 15.5478387832642 15.215940729777 14.9062093098958 14.6072437286377 14.3105668385824 14.0208121935527 13.747135702769 13.4464650472005 13.184626865387 12.9383344014486 12.6975358645121 12.4814504623413 12.2485512733459 12.0329609235128 11.819238726298 11.6331065177917 11.463773282369 11.3130947113037 11.058384291331 10.9528586387634 10.850239610672 10.7783477783203 10.6575652122498 10.5739923318227 10.5038747469584 10.4957597414653 10.7730621655782 11.0434325536092 10.5507493336995 10.6280826250712
-9999 -9999 -9999 -9999 -9999 -9999 -9999 -9999 -9999 -9999 -9999 -9999 -9999 -9999 -9999 -9999 -9999 -9999 -9999 16.9705255508423 16.7146320343018 16.4520111719767 16.1786414464315 15.89090162913 15.5837748845418 15.2999948501587 14.9722510019938 14.6811035792033 14.4033475240072 14.1126948038737 13.8121844291687 13.5393136978149 13.2576505343119 13.0309504826864 12.7752062797546 12.5526449839274 12.3187971433004 12.1012001991272 11.9126063346863 11.7369386672974 11.5528978983561 11.3919797897339 11.2526173591614 11.1157283465068 10.931943766276 10.8665647347768 10.7680863698324 10.6952337106069 10.6099037647247 10.625146261851 10.5652232170105 10.5614496866862 10.5603920300802 10.5932205835978
-9999 -9999 -9999 -9999 -9999 -9999 -9999 -9999 -9999 -9999 -9999 -9999 -9999 -9999 -9999 -9999 -9999 -9999 -9999 17.0236457188924 16.7618986129761 16.4898091634115 16.2431509653727 15.9465482076009 15.6669947942098 15.4027545928955 15.0443665186564 14.7667247136434 14.4695535024007 14.1633742014567 13.8746687889099 13.6166915257772 13.3514651616414 13.0961063702901 12.8561999003092 12.6233809153239 12.4159457206726 12.2193410555522 12.0217770576477 11.840847269694 11.6816401163737 11.5195946375529 11.3801540374756 11.241506878535 11.1425245920817 11.0433188597361 10.9593629519145 10.9022226969401 10.7672582467397 10.7137157440186 10.7102632522583 10.6993538220723 10.7002942721049 10.7201865514119
-9999 -9999 -9999 -9999 -9999 -9999 -9999 -9999 -9999 -9999 -9999 -9999 -9999 -9999 -9999 -9999 -9999 -9999 -9999 -9999 16.8000011444092 16.5524098714193 16.2970053354899 16.0363215128581 15.7595570882161 15.4491099675496 15.1148312886556 14.8489878336589 14.5377380371094 14.2229922612508 13.9341681162516 13.7060170491536 13.4508336702983 13.1930839538574 12.9517331441243 12.7392355600993 12.5071049372355 12.3088084856669 12.1231509526571 11.9318219184875 11.7884732882182 11.637842686971 11.4786585489909 11.3726774215698 11.2770184516907 11.1686167240143 11.0833823521932 11.0369092623393 10.9087310314178 10.877294810613 10.8507498423258 10.8462330818176 10.8638866424561 10.8737414677938
-9999 -9999 -9999 -9999 -9999 -9999 -9999 -9999 -9999 -9999 -9999 -9999 -9999 -9999 -9999 -9999 -9999 -9999 -9999 -9999 -9999 16.6412987391154 16.3607929229736 16.1278124491374 15.8659773508708 15.5737135569255 15.2372277577718 14.9432626724243 14.6425481160482 14.3399438222249 14.0657161394755 13.7953221003215 13.5616976420085 13.2907971382141 13.0559183438619 12.8533951441447 12.6240234375 12.4161035219828 12.249233118693 12.0592325210571 11.8996786435445 11.7551065127055 11.6351948102315 11.5180508931478 11.4168266296387 11.2755040168762 11.1787936846415 11.1449919382731 11.0635854403178 11.0340398788452 11.0124565442403 10.9931562741597 10.9990648269653 11.006930287679
