ET0/medie/MEDIA_ET0_03.asc
NCOLS 177 
NROWS 174 
XLLCORNER 1436301.375 
YLLCORNER 4916704.5 
CELLSIZE 1500 
NODATA_value -9999 
[rows 96 to 119 of 174, columns 108 to 161 of 177]
57.7248736063639 57.8307723999023 57.9317975362142 57.9558514912923 57.9693400065104 57.9691841125488 57.9591957092285 57.9482671101888 57.9247698465983 57.8822957356771 57.862880452474 57.7920077006022 57.7612833658854 57.7432350158691 57.674712117513 57.6649983723958 57.6265251159668 57.5840326944987 57.5583353678385 57.5087824503581 57.5797793070475 -9999 -9999 -9999 -9999 -9999 -9999 -9999 -9999 -9999 -9999 -9999 -9999 -9999 -9999 -9999 -9999 -9999 -9999 -9999 -9999 -9999 -9999 -9999 -9999 -9999 -9999 -9999 -9999 -9999 -9999 -9999 -9999 -9999
57.6253829956055 57.7344360351562 57.779988861084 57.7912132263184 57.8200375874837 57.805398050944 57.7975453694661 57.766810353597 57.747797648112 57.6959058125814 57.6523646036784 57.5819104512533 57.5183860778809 57.4449513753255 57.4396929423014 57.3932991027832 57.3715738932292 57.3453661600749 57.3130612691243 57.2887118021647 57.3370038350423 57.4010299682617 57.4737528483073 57.5954126993815 57.7477923075358 -9999 -9999 -9999 -9999 -9999 -9999 -9999 -9999 -9999 -9999 -9999 -9999 -9999 -9999 -9999 -9999 -9999 -9999 -9999 -9999 -9999 -9999 -9999 -9999 -9999 -9999 -9999 -9999 -9999
57.5286033630371 57.6136998494466 57.6378949483236 57.6418584187826 57.6535003662109 57.6486391703288 57.632755279541 57.6024630228678 57.5223587036133 57.4938158671061 57.4108858744303 57.3305183410645 57.2689949035645 57.2686609903971 57.1934516906738 57.2009658813477 57.1249008178711 57.091478729248 57.0733065287272 57.0861254374186 57.1264851888021 57.2000063578288 57.2511797587077 57.3281661987305 57.4801088968913 -9999 -9999 -9999 -9999 -9999 -9999 -9999 -9999 -9999 -9999 -9999 -9999 -9999 -9999 -9999 -9999 -9999 -9999 -9999 -9999 -9999 -9999 -9999 -9999 -9999 -9999 -9999 -9999 -9999
57.4139773050944 57.4809377034505 57.5107129414876 57.5022313435872 57.4906092325846 57.477965037028 57.4555692036947 57.4218854268392 57.3528139750163 57.2950200398763 57.1798093159993 57.1300768534342 57.0688585917155 57.0053685506185 56.992637125651 56.9745854695638 56.9006167093913 56.8957962036133 56.8666753133138 56.8616938273112 56.9338310241699 57.0032396952311 57.071159362793 57.1381067911784 57.2925290425618 -9999 -9999 -9999 -9999 -9999 -9999 -9999 -9999 -9999 -9999 -9999 -9999 -9999 -9999 -9999 -9999 -9999 -9999 -9999 -9999 -9999 -9999 -9999 -9999 -9999 -9999 -9999 -9999 -9999
57.3022895812988 57.3576182047526 57.3519223531087 57.3629974365234 57.3462659200033 57.3260660807292 57.2993570963542 57.2412930806478 57.1640124003092 57.0747164408366 56.9763287862142 56.9095179239909 56.8329854329427 56.7971911112467 56.7822428385417 56.837629699707 56.7583946228027 56.7435473124186 56.7861137390137 56.7514719645182 56.8358406066895 56.8827214558919 56.968386332194 57.0008626302083 57.1636848449707 -9999 -9999 -9999 -9999 -9999 -9999 -9999 -9999 -9999 -9999 -9999 -9999 -9999 -9999 -9999 -9999 -9999 -9999 -9999 -9999 -9999 -9999 -9999 -9999 -9999 -9999 -9999 -9999 -9999
57.1453559875488 57.2086041768392 57.2416951497396 57.2220832824707 57.2190404256185 57.1953954060872 57.148285929362 57.0771509806315 56.9611124674479 56.8664647420247 56.8163225809733 56.7630335489909 56.6522638956706 56.6183550516764 56.5865737915039 56.6162198384603 56.5995928446452 56.6733787536621 56.8009066263835 56.7780067443848 56.72554880778 56.8272908528646 56.9817184448242 56.865934753418 57.0238733927409 -9999 -9999 -9999 -9999 -9999 -9999 -9999 -9999 -9999 -9999 -9999 -9999 -9999 -9999 -9999 -9999 -9999 -9999 -9999 -9999 -9999 -9999 -9999 -9999 -9999 -9999 -9999 -9999 -9999
57.0393246968587 57.0628649393717 57.0802530924479 57.067689259847 57.0561419169108 57.0249989827474 56.9724060058594 56.8422838846842 56.7676373799642 56.7119598388672 56.6521817525228 56.6006423950195 56.5334449768066 56.4859214782715 56.4661463419596 56.4585604349772 56.4686518351237 56.5849634806315 56.8767639160156 56.8311050415039 56.7000617980957 56.6960378011068 56.7657363891602 56.8276652018229 -9999 -9999 -9999 -9999 -9999 -9999 -9999 -9999 -9999 -9999 -9999 -9999 -9999 -9999 -9999 -9999 -9999 -9999 -9999 -9999 -9999 -9999 -9999 -9999 -9999 -9999 -9999 -9999 -9999 -9999
56.9227806091309 56.9313209533691 56.9427462259928 56.9139856974284 56.8904973347982 56.8652422587077 56.7714480082194 56.6930346171061 56.6413528442383 56.5780690511068 56.5095408121745 56.4416625976562 56.3975522359212 56.38474706014 56.380263264974 56.3361200968424 56.3556378682454 56.4363698323568 56.4895469665527 56.5429489135742 56.6425793965658 56.6444557189941 56.6907758076986 56.8401372273763 56.8568295796712 -9999 -9999 -9999 -9999 -9999 -9999 -9999 -9999 -9999 -9999 -9999 -9999 -9999 -9999 -9999 -9999 -9999 -9999 -9999 -9999 -9999 -9999 -9999 -9999 -9999 -9999 -9999 -9999 -9999
56.7988914489746 56.8280006408691 56.8426274617513 56.7912094116211 56.7325136820475 56.6705874125163 56.6344813028971 56.540912882487 56.5064526875814 56.4516255696615 56.3740094502767 56.3295514424642 56.2833188374837 56.2630266825358 56.2487457275391 56.2384707132975 56.2698257446289 56.3280703226725 56.3953554789225 56.4276952107747 56.4836031595866 56.666547648112 56.6759155273437 56.6962842305501 56.7358350118001 56.9477684020996 -9999 -9999 -9999 -9999 -9999 -9999 -9999 -9999 -9999 -9999 -9999 -9999 -9999 -9999 -9999 -9999 -9999 -9999 -9999 -9999 -9999 -9999 -9999 -9999 -9999 -9999 -9999 -9999
56.6975741068522 56.7153388977051 56.6900210062663 56.6601544698079 56.6092552185059 56.5535975138346 56.4609247843424 56.4325892130534 56.3878888448079 56.3224449157715 56.2745053609212 56.2232785542806 56.182647450765 56.1576413472493 56.1770299275716 56.1519732157389 56.1910481770833 56.2484898885091 56.2953773498535 56.3431261698405 56.3906341552734 56.4345123291016 56.5224136352539 56.6240768432617 56.6620079040527 56.8451489766439 57.0801536560059 57.2819185892741 57.4753484090169 57.6198702494303 -9999 -9999 -9999 -9999 -9999 -9999 -9999 -9999 -9999 -9999 -9999 -9999 -9999 -9999 -9999 -9999 -9999 -9999 -9999 -9999 -9999 -9999 -9999 -9999
56.5953982035319 56.5854286193848 56.5963671366374 56.5448471069336 56.4834823608398 56.4299494425456 56.3767656962077 56.3155832926432 56.2645169576009 56.2208427429199 56.1770174662272 56.141716003418 56.1128364562988 56.107568359375 56.1091974894206 56.1114242553711 56.178993733724 56.1887486775716 56.2569079081217 56.2492396036784 56.2942792256673 56.3475257873535 56.4327590942383 56.5298291524251 56.6090057373047 56.7961387634277 56.9547040303548 57.140256245931 57.304879506429 57.4454251607259 57.6103268941243 -9999 -9999 -9999 -9999 -9999 -9999 -9999 -9999 -9999 -9999 -9999 -9999 -9999 -9999 -9999 -9999 -9999 -9999 -9999 -9999 -9999 -9999 -9999
56.5262521107992 56.4849973042806 56.4402926127116 56.3991748809814 56.3832569122314 56.3052360534668 56.2484906514486 56.2099047342936 56.1616221110026 56.0949801127116 56.1202321370443 56.0856572469076 56.0725229899089 56.0861735026042 56.068174235026 56.1271171569824 56.1343495686849 56.1502497355143 56.1944747924805 56.2175888061523 56.2434293111165 56.2869148254395 56.3573366800944 56.4280120849609 56.5328152974447 56.7429883321126 56.8818923950195 57.048415629069 57.1548528035482 57.2889147440592 57.4635030110677 57.6302734375 -9999 -9999 -9999 -9999 -9999 -9999 -9999 -9999 -9999 -9999 -9999 -9999 -9999 -9999 -9999 -9999 -9999 -9999 -9999 -9999 -9999 -9999
56.4337554931641 56.4177420298258 56.3411347707113 56.3136620839437 56.2841590881348 56.2461654663086 56.1928919474284 56.1540105183919 56.0747268676758 56.0306516011556 55.9848922729492 55.9877914428711 56.0161862691243 56.037033589681 56.0696515401204 56.1314793904622 56.1382581075033 56.1511787414551 56.1623435974121 56.2021761576335 56.2095832824707 56.2464808146159 56.2594889322917 56.3391609191895 56.4584660847982 56.6783765157064 56.8314102172852 56.9415239969889 57.0296758015951 57.1804466247559 57.3023880004883 57.4726717631022 -9999 -9999 -9999 -9999 -9999 -9999 -9999 -9999 -9999 -9999 -9999 -9999 -9999 -9999 -9999 -9999 -9999 -9999 -9999 -9999 -9999 -9999
56.3991298675537 56.3259892781576 56.2783072153727 56.2414403279622 56.2150533040365 56.1916553497314 56.1599366505941 56.0611382802327 56.0280039469401 55.9737097422282 55.9637418111165 55.9397837320964 55.9405326843262 55.9694544474284 56.0511693318685 56.0822695414225 56.1039616902669 56.1311894734701 56.1460156758626 56.1693621317546 56.2044489542643 56.2353841145833 56.2428860982259 56.3274019877116 56.5146769205729 56.6360343933105 56.74304784139 56.8713803609212 56.9496251424154 57.0438804626465 57.2065907796224 57.3336547851562 57.5123476664225 57.6612642923991 57.8522514343262 -9999 -9999 -9999 -9999 -9999 -9999 -9999 -9999 -9999 -9999 -9999 -9999 -9999 -9999 -9999 -9999 -9999 -9999 -9999
56.3564582824707 56.2944527943929 56.2841786702474 56.2045950571696 56.1820440928141 56.164236831665 56.1126665751139 56.005416615804 55.9743132273356 55.9438386281331 55.9247495015462 55.9168439229329 55.9574223836263 56.0098114013672 56.0528981526693 56.0879684448242 56.1027946472168 56.1306149800618 56.1814089457194 56.2186673482259 56.2166552225749 56.2698115030924 56.2893310546875 56.3809628804525 56.4493980407715 56.5564544677734 56.6303593953451 56.7757754007975 56.8506759643555 56.974781036377 57.1011568705241 57.2177574157715 57.4115976969401 57.5476359049479 57.7186584472656 57.9269472757975 58.0929433186849 -9999 -9999 -9999 -9999 -9999 -9999 -9999 -9999 -9999 -9999 -9999 -9999 -9999 -9999 -9999 -9999 -9999
56.3389105478923 56.2835132598877 56.2527570088704 56.2180311838786 56.1414404551188 56.143711344401 56.0890288035075 56.0216807047526 55.9864807128906 55.9351131439209 55.946586227417 55.9516006469727 55.9814231872559 56.0235153198242 56.0900685628255 56.1134129842122 56.149986521403 56.2031450907389 56.2224263509115 56.2611234029134 56.3024233500163 56.3169090270996 56.3028104146322 56.3758206685384 56.4476147969564 56.5182716369629 56.6032178243001 56.7096506754557 56.8349611918132 56.8955235799154 57.0155118306478 57.1519513448079 57.3375445048014 57.4635419209798 57.6039850870768 57.7916600545247 58.002278137207 -9999 -9999 -9999 -9999 -9999 -9999 -9999 -9999 -9999 -9999 -9999 -9999 -9999 -9999 -9999 -9999 -9999
56.3406934102376 56.3078173319499 56.2616418202718 56.2137451171875 56.1744223276774 56.1695748647054 56.1054079691569 56.0251885732015 55.9687098185221 55.9699658711751 55.9554389953613 56.0263905843099 56.0345901489258 56.0577308654785 56.1230868021647 56.1900632222493 56.2480634053548 56.2920079549154 56.3038983662923 56.3254470825195 56.3626469930013 56.4044909159342 56.3994478861491 56.3925890604655 56.469527943929 56.5136215209961 56.5649940490723 56.6388895670573 56.7969909667969 56.8516629536947 56.9485605875651 57.0887306213379 57.1792330423991 57.3651173909505 57.5477424621582 57.6868858337402 57.8778973897298 58.0627248128255 58.2245231628418 -9999 -9999 -9999 -9999 -9999 -9999 -9999 -9999 -9999 -9999 -9999 -9999 -9999 -9999 -9999
56.3288544972738 56.2925645192464 56.2868019104004 56.2116641998291 56.2349296569824 56.1993876139323 56.1368579864502 56.0856886545817 56.0192301432292 56.0001575469971 56.0130317687988 56.0471598307292 56.0813196818034 56.2016276041667 56.2465484619141 56.287459564209 56.3268867492676 56.3534111022949 56.3889132181803 56.391832224528 56.4491541544596 56.4240801493327 56.4340240478516 56.4106730143229 56.4625478108724 56.485787709554 56.5442672729492 56.6167012532552 56.7158515930176 56.8152272542318 56.887606048584 57.014936319987 57.110243733724 57.2550132751465 57.4080073038737 57.6214261372884 57.7571044921875 57.9790654500326 58.1255709330241 58.2813784281413 -9999 -9999 -9999 -9999 -9999 -9999 -9999 -9999 -9999 -9999 -9999 -9999 -9999 -9999
56.4602189381917 56.4061140696208 56.3392372131348 56.2687489827474 56.2862322489421 56.2547397613525 56.2063481648763 56.1544245402018 56.1150914510091 56.1013371785482 56.1542236328125 56.2118860880534 56.2559315999349 56.3024459838867 56.342993927002 56.3907119750977 56.4097984313965 56.4608838399251 56.4738131205241 56.4737281799316 56.5055931091309 56.5060707092285 56.5035326639811 56.4319803873698 56.4511848449707 56.4834154764811 56.4951909383138 56.5700609842936 56.6595166524251 56.7877782185872 56.8601318359375 56.9765953063965 57.0922826131185 57.1921206156413 57.3642534891764 57.5645444234212 57.7136360168457 57.879429880778 58.0810869852702 58.2054140726725 -9999 -9999 -9999 -9999 -9999 -9999 -9999 -9999 -9999 -9999 -9999 -9999 -9999 -9999
56.4917330423991 56.4664117177327 56.4465234120687 56.3828070322673 56.3145327250163 56.358176167806 56.3085296630859 56.3050397237142 56.2841053009033 56.2622233072917 56.3015157063802 56.3314796447754 56.3396710713704 56.4249600728353 56.4460774739583 56.5075747172038 56.5180160522461 56.5527943929036 56.5615409851074 56.5644927978516 56.5758000691732 56.5761713663737 56.5516675313314 56.4802337646484 56.4723047892253 56.5136016845703 56.5171447753906 56.5510800679525 56.6137621561686 56.667226155599 56.8038063049316 56.9124811808268 57.068283589681 57.19548924764 57.3021789550781 57.5211079915365 57.6708185831706 57.8086980183919 57.9985799153646 58.1729423522949 -9999 -9999 -9999 -9999 -9999 -9999 -9999 -9999 -9999 -9999 -9999 -9999 -9999 -9999
56.5410350799561 56.4685586293538 56.4426737467448 56.4461700439453 56.3988679250081 56.357586924235 56.3628715515137 56.3780746459961 56.3909548441569 56.4028116861979 56.405507405599 56.4367818196615 56.4960194905599 56.5287773132324 56.5586433410645 56.5955113728841 56.6115834554036 56.6199241638184 56.6381830851237 56.6705568949382 56.633358001709 56.6403978983561 56.6234280904134 56.5671226501465 56.5401568094889 56.5565073649089 56.5661565144857 56.5690121968587 56.6882469177246 56.6809557596842 56.7601880391439 56.9100095113118 57.0386408487956 57.1536326090495 57.3092997233073 57.4648399353027 57.6309659322103 57.8048800150553 57.9686836242676 58.1259857177734 58.2798840840658 58.4466911315918 58.6002260843913 -9999 -9999 -9999 -9999 -9999 -9999 -9999 -9999 -9999 -9999 -9999
56.5963830312093 56.5587993621826 56.5560794830322 56.5121069590251 56.4680353800456 56.4773953755697 56.47644627889 56.537336730957 56.5363553365072 56.5069374084473 56.564847056071 56.5316274007161 56.5770446777344 56.5914093017578 56.6086959838867 56.6554143269857 56.6711568196615 56.6835662841797 56.707869720459 56.735028330485 56.7489969889323 56.7094017028809 56.6878359476725 56.6880805969238 56.6794232686361 56.6616851806641 56.6556571960449 56.6645545959473 56.7404434204102 56.741827138265 56.7843920389811 56.8644320170085 57.0483741760254 57.1804478963216 57.3012242635091 57.4797533671061 57.6470959981283 57.810208384196 57.9574691772461 58.1113204956055 58.256702931722 58.4001696268717 58.5464436848958 -9999 -9999 -9999 -9999 -9999 -9999 -9999 -9999 -9999 -9999 -9999
56.6524569193522 56.6271820068359 56.6381375630697 56.6312067667643 56.6921404520671 56.6061065673828 56.621204884847 56.6214719136556 56.6396436055501 56.643590037028 56.6371973673503 56.642569732666 56.6260520935059 56.6494166056315 56.6980176289876 56.7117337544759 56.7534980773926 56.7780774434408 56.785115814209 56.8169726053874 56.8409950256348 56.835120900472 56.7928077697754 56.7326388041178 56.78079884847 56.7336659749349 56.7119692484538 56.7056699117025 56.6765686035156 56.7290367126465 56.7768468221029 56.8624893188477 57.0591784159342 57.2390698750814 57.3598739624023 57.5129224141439 57.7008598327637 57.8275235493978 57.9524904886881 58.0991790771484 58.2502667744954 58.3767654418945 58.5200454711914 -9999 -9999 -9999 -9999 59.3868570963542 59.5799914042155 -9999 -9999 -9999 -9999 -9999
56.774326578776 56.7873166402181 56.8077257792155 56.7947776794434 56.7785387674967 56.8012046813965 56.7880332946777 56.7915679931641 56.7916562398275 56.7906145731608 56.7777450561523 56.7553095499674 56.7789207458496 56.7961201985677 56.8115732828776 56.8141194661458 56.8334887186686 56.8531763712565 56.8746643066406 56.8877591451009 56.9197237650553 56.9505439758301 56.8986106872559 56.8461893717448 56.8400563557943 56.7944636027018 56.8051831563314 56.749582417806 56.7874643961589 56.798225402832 56.8809204101562 56.9122502644857 57.1307813008626 57.2668212890625 57.4163548787435 57.5828351338704 57.7449429829915 57.8580975850423 57.988584391276 58.1399943033854 58.2482917785645 58.3700182596842 58.4984586079915 -9999 58.7326154073079 58.9018475850423 59.0896965026855 59.2798650105794 59.5100919087728 59.7157920837402 59.9431836446126 -9999 -9999 -9999
