ET0/medie/MEDIA_ET0_04.asc
NCOLS 177 
NROWS 174 
XLLCORNER 1436301.375 
YLLCORNER 4916704.5 
CELLSIZE 1500 
NODATA_value -9999 
[rows 104 to 129 of 174, columns 59 to 117 of 177]
69.8633013407389 69.9499707539876 69.9781277974447 70.0342170715332 70.1695096333822 70.2706153869629 70.3771362304688 70.5327713012695 70.7334070841471 71.0050160725911 71.1723327636719 71.3934977213542 71.615663655599 71.8206123352051 72.1081039428711 72.3293963114421 72.4478281656901 72.5960451761882 72.8273124694824 72.9968129475912 73.2978736877441 73.4217669169108 73.6279202779134 73.7901852925618 73.9319506327311 74.0775456746419 74.1399637858073 74.2435455322266 74.3717236836751 74.4088035583496 74.5038225809733 74.6235443115234 74.6833869934082 74.5288347880046 74.5204561869303 74.6094268798828 74.6388567606608 74.5742500305176 74.602262878418 74.5103892008463 74.5228024800619 74.5495076497396 74.5524726867676 74.6282137552897 74.6323420206706 74.7427497863769 74.7816014607747 74.8446495056152 74.9073819478353 74.8823776245117 74.9334630330404 74.9278834025065 74.9220853169759 74.921383412679 74.8878667195638 74.8173075358073 74.7437032063802 74.7160962422689 74.5668393452962
70.1266525268555 70.160940806071 70.2455037434896 70.3220123291016 70.4518920898438 70.5695973714193 70.6908088684082 70.8416877746582 71.0225980122884 71.3020520528158 71.4701232910156 71.6835362752279 71.9118626912435 72.1157742818197 72.3757586161296 72.5557050069173 72.6593836466471 72.8620460510254 73.036927541097 73.2243530273438 73.4491661071777 73.6825045267741 73.8449264526367 73.9889129638672 74.1438006083171 74.2892748514811 74.3795122782389 74.4926678975423 74.5338663736979 74.5997673034668 74.6452916463216 74.7041447957357 74.7323476155599 74.7570653279622 74.7682741800944 74.6960998535156 74.7021540323893 74.6451505025228 74.6260276794434 74.5887006123861 74.609920501709 74.5994951883952 74.6020843505859 74.6261952718099 74.6814900716146 74.6446050008138 74.8234090169271 74.7511464436849 74.7963640848796 74.7842402140299 74.7770418802897 74.7883832295736 74.764032236735 74.7340288798014 74.7487368265788 74.6824419657389 74.6744710286458 74.56476465861 74.5201174418132
70.3433700561523 70.4027605692546 70.4882191975911 70.6290288289388 70.7085879007975 70.8365692138672 70.9742273966471 71.1366355895996 71.2637995402018 71.4571144104004 71.6964121500651 71.9390892028809 72.1915138244629 72.3860369364421 72.615934753418 72.8095929463704 72.9916519165039 73.093133799235 73.2914667765299 73.466216023763 73.7114186604818 73.9663614908854 74.0859443664551 74.2159255981445 74.3278594970703 74.4735415140788 74.5919896443685 74.6871218363444 74.765592956543 74.811287689209 74.8680890401204 74.8359354654948 74.7952128092448 74.8123202006022 74.8980369567871 74.9169624328613 74.9052665710449 74.7872230529785 74.7906944274902 74.7447057088216 74.6784421284994 74.6307225545247 74.6705635070801 74.6639343261719 74.7280095418294 74.7647936503092 74.8500152587891 74.7518417358398 74.757297261556 74.65089747111 74.6378644307454 74.5847053527832 74.5860727945963 74.56267674764 74.5788223266602 74.6703450520833 74.5386411031087 74.5024040222168 74.4124987284342
70.5843467712402 70.6683283487956 70.7369888305664 70.8572766621908 70.9651682535807 71.1061052958171 71.2347788492839 71.3257041931152 71.5030433654785 71.7346694946289 71.9239102681478 72.115451558431 72.3126678466797 72.6207791646322 72.8204823811849 73.033846282959 73.2281560262044 73.4371220906576 73.6192878723145 73.8153895060221 73.8567253112793 74.0937344868978 74.2554308573405 74.4870887756348 74.6147366841634 74.712895711263 74.7697998046875 74.8669583638509 74.9147000630697 74.9206560770671 74.9649136861165 74.9337201436361 74.9335871378581 74.8967178344727 74.9105611165365 74.8432729085286 74.8851898193359 74.8805292765299 74.855283610026 74.8716697692871 74.7986183166504 74.7450040181478 74.7185343424479 74.7437856038411 74.7361541748047 74.7758036295573 74.7791885375977 74.742369333903 74.6146207173665 74.5974001566569 74.5776710510254 74.5482765197754 74.5686617533366 74.5106671651204 74.4198445638021 74.4061665852865 74.4430183410645 74.4300821940104 74.3757731119792
70.8129152933757 70.9109085083008 71.0063898722331 71.0987930297852 71.2546508789062 71.3913538614909 71.5063504536947 71.6132334391276 71.7927012125651 71.9883252461751 72.1280545552572 72.3348622639974 72.5461168924967 72.7452369689941 73.0843536376953 73.2505704243978 73.4506757100423 73.6640151977539 73.8287930806478 74.0153821309408 74.1584538777669 74.3194323221842 74.4457316080729 74.6410115559896 74.8214141845703 74.8960131327311 75.0331703186035 75.0334795633952 75.0678848266602 75.0708173116048 75.0746157328288 75.0717468261719 75.044206237793 75.0178886413574 74.9415092468262 74.9431805928548 74.8987925211589 75.0490188598633 75.0042722066243 74.953184000651 74.9006332397461 74.817204284668 74.8725120544434 74.8374893188477 74.7836402893066 74.7587913513184 74.7196362813314 74.6718254089355 74.6237948099772 74.6032712300618 74.5507830301921 74.531521097819 74.493549601237 74.4106274922689 74.3869336446126 74.3849052429199 74.4129768371582 74.381470489502 74.3905309041341
71.0884674072266 71.1840616861979 71.28904393514 71.3650098164876 71.5202626546224 71.6339597066244 71.7482404073079 71.8808296203613 72.0635447184245 72.1854179382324 72.35968653361 72.578155263265 72.7552652994792 72.9747271219889 73.193313852946 73.3911954243978 73.5925771077474 73.8001719156901 74.0221176147461 74.1701843261719 74.3629239400228 74.5529462178548 74.6721969604492 74.7967180887858 75.0147529602051 75.113878885905 75.1988794962565 75.1411600748698 75.2218040466309 75.2240893046061 75.222639465332 75.1675486246745 75.1603098551432 75.1143755594889 75.046474202474 75.0502471923828 74.9810643513997 74.9774220784505 74.9488985697428 74.9366897583008 74.9565628051758 74.955785369873 74.9535626729329 74.9030675252279 74.8620602925618 74.8264630635579 74.7701891581217 74.6890866597493 74.619287109375 74.5970952351888 74.5427241007487 74.537552134196 74.4845802307129 74.4148139953613 74.3763229370117 74.3462834676107 74.3195938110352 74.3924812316895 74.4415384928385
71.3114857991536 71.3826716105143 71.5389556884766 71.6155616760254 71.7513432820638 71.9197743733724 72.0644236246745 72.1452936808268 72.2455192565918 72.4101633707682 72.5845057169596 72.7935068766276 72.9458679199219 73.1261393229167 73.3633260091146 73.5473810831706 73.7060259501139 73.9423886617025 74.1247617085775 74.3091827392578 74.5100936889648 74.7166491190592 74.8838447570801 74.9518302917481 75.0948348999023 75.232997639974 75.3608551025391 75.329736328125 75.3590476989746 75.3705828348796 75.3402183532715 75.2546216328939 75.2458323160807 75.1839996337891 75.1121365865072 75.1034548441569 75.0555058797201 75.0488705952962 75.0370585123698 75.0049036661784 74.9600018819173 74.9982986450195 75.0689750671387 74.9842542012533 74.9452006022135 74.8494845072428 74.7822507222493 74.7416669209798 74.6497968037923 74.634676361084 74.5816752115885 74.4956387837728 74.5079706827799 74.4364524841309 74.3868776957194 74.3527503967285 74.3716158548991 74.4520263671875 74.4784477233887
71.5921712239583 71.6231608072917 71.7244606018066 71.8662958780924 72.0065925598145 72.1863024393717 72.2644053141276 72.3671346028646 72.5003870646159 72.6332084655762 72.7321886698405 72.919260152181 73.1137736002604 73.3294207255046 73.48814646403 73.6483754475911 73.8321599324544 74.0065063476563 74.1984461466471 74.4423728942871 74.6600926717122 74.8474749247233 75.0320365905762 75.1477564493815 75.2757916768392 75.3452430725098 75.4902300516764 75.5633725484212 75.4990796407064 75.4839162190755 75.4413716634115 75.3590115865072 75.3312871297201 75.3030420939128 75.2191149393717 75.127498626709 75.1176595052083 75.1346295674642 75.1228782653809 75.1043556213379 75.0297564188639 75.056337483724 75.0171231587728 75.078919728597 74.9944969177246 74.9305376688639 74.8540918986003 74.7711662292481 74.7337254842122 74.6119450887044 74.5969024658203 74.5525128682454 74.5416147867839 74.5314626057943 74.4552505493164 74.4443415323893 74.4145212809245 74.4811673482259 74.5280904134115
71.7390803019206 71.8587827046712 71.9414866129557 72.0426811218262 72.1617080688477 72.29874903361 72.4025225321452 72.5336301167806 72.6767822265625 72.8119227091471 72.9440953572591 73.0944681803385 73.2646313985189 73.4200653076172 73.608004506429 73.7641118367513 73.9378191630046 74.1477910359701 74.3088536580404 74.5942515055338 74.73175684611 74.9807474772135 75.1169713338216 75.2753077189128 75.3724123636882 75.4968877156576 75.6292185465495 75.6459546407064 75.6397135416667 75.5814018249512 75.5306528727213 75.4996971130371 75.434679667155 75.3683916727702 75.258765411377 75.2458567301432 75.2294008890788 75.1710985819499 75.1997502644857 75.1912762959798 75.177764638265 75.0886296590169 75.0709477742513 75.0028167724609 75.0056569417318 75.0283548990885 74.8884371439616 74.8785502115885 74.7923243204753 74.7161420186361 74.6436007181803 74.6281784057617 74.6182642618815 74.6184188842773 74.5575487772624 74.5167119344076 74.6091171264648 74.659573618571 74.6659024556478
71.9003107706706 71.9930847167969 72.138655090332 72.238774617513 72.3316823323568 72.4380884806315 72.5772321065267 72.6810165405273 72.8571792602539 72.9827016194661 73.1178421020508 73.2544186909993 73.3882232666016 73.5444727579753 73.7397933959961 73.8740643819173 74.045915222168 74.2129976908366 74.4339210510254 74.6152763366699 74.7311485290527 74.971156056722 75.2397387186686 75.397501373291 75.533073425293 75.6405604044596 75.7204661051432 75.7171897888184 75.7232996622721 75.7126864115397 75.6888811747233 75.5970395406087 75.5978724161784 75.5031616210938 75.4222254435221 75.3803352355957 75.340264638265 75.290258026123 75.2572291056315 75.2298233032227 75.1954803466797 75.1579172770182 75.0725919087728 75.0438227335612 74.9954643249512 74.9779541015625 74.9486340840658 74.8813898722331 74.8653826395671 74.8016866048177 74.7841199239095 74.7163866678874 74.7541084289551 74.7061665852865 74.6517186482747 74.683528137207 74.7881935119629 74.8448855082194 74.8279622395833
72.0935211181641 72.1861602783203 72.2767161051432 72.3920834859212 72.48679784139 72.5500747680664 72.5898941040039 72.8350924173991 72.9990758260091 73.1402170817057 73.2171829223633 73.3861450195313 73.5342007954915 73.7154238382975 73.8884674072266 74.0338907877604 74.2013175964355 74.3233367919922 74.5229955037435 74.6695569356283 74.8031572977702 75.0006090799967 75.2069750467936 75.4578557332357 75.6299697875977 75.7034873962402 75.7732584635417 75.7942204793294 75.8496864318848 75.8459732055664 75.8003761291504 75.7270355224609 75.6902913411458 75.6036544799805 75.5141098022461 75.4268938700358 75.3886428833008 75.3483474731445 75.3103228251139 75.2842277526856 75.2739201863607 75.2521194458008 75.1722877502441 75.1147349039714 75.0960212707519 75.072029876709 75.0334157307943 75.0289611816406 74.9107528686523 74.9185679117839 74.8509201049805 74.8539960225423 74.8456405639648 74.8235972086589 74.8810780843099 74.9303042093913 75.0184127807617 75.0151807149251 75.0268351236979
72.2452824910482 72.4126792907715 72.4931325276693 72.5811470031738 72.6822463989258 72.7814946492513 72.8064575195312 72.8770159403483 73.1257067362467 73.3197128295898 73.427801767985 73.5457138061523 73.7172704060872 73.888404083252 74.0088539123535 74.1562800089518 74.3172594706217 74.4809692382812 74.6231417338053 74.7471527099609 74.8996777852376 75.0520200093587 75.2414459228516 75.5077705383301 75.6756423950195 75.7931783040365 75.8825037638346 75.921278889974 75.9486742655436 75.9680791219076 75.9399218241374 75.9004447937012 75.8151512145996 75.7714721679688 75.6328058878581 75.5722709655762 75.5294456481934 75.4564506530762 75.3674621582031 75.3404571533203 75.3022143046061 75.3539288838704 75.2544143676758 75.2513214111328 75.2086921691894 75.1701904296875 75.1602335611979 75.1550516764323 75.0888338724772 75.0554313659668 75.069127146403 75.0660827636719 75.0736175537109 75.1423057556152 75.1214823404948 75.1797086079915 75.1882766723633 75.2367841084798 75.2839543660482
72.3950907389323 72.5009417215983 72.6373362223307 72.7536603291829 72.9014460245768 73.0062978108724 73.1058736165365 73.1897491455078 73.1436518351237 73.1954137166341 73.6075688680013 73.7966845194499 73.8775566101074 74.0355036417643 74.219305674235 74.311344909668 74.4833437601725 74.6438179016113 74.7450436909994 74.8585889180501 75.0168863932292 75.1773582458496 75.3324315388997 75.5442771911621 75.7611615498861 75.9194938659668 75.9587979634603 76.0043800354004 76.0567255655924 76.0851989746094 76.1002024332682 76.0437856038411 75.9793202718099 75.9292371114095 75.8264966328939 75.7135345458984 75.6430183410644 75.5270192464193 75.4843048095703 75.4223787943522 75.4207186381022 75.3770599365234 75.3619534810384 75.2981903076172 75.3286768595378 75.3080942789714 75.2587214152018 75.2225954691569 75.2265874226888 75.2314837137858 75.2404362996419 75.2939951578776 75.3084223429362 75.353515625 75.4157043457031 75.4138895670573 75.3901840209961 75.4132069905599 75.4909530639648
72.577214050293 72.6759084065755 72.8292701721191 72.9243339538574 73.0085599263509 73.1409812927246 73.2696500142415 73.4802365620931 73.5231742858887 73.678515625 73.8396347045898 74.0026021321615 74.1704655965169 74.2394200642904 74.4209342956543 74.5188046773275 74.6444244384766 74.7483060201009 74.9138618469238 75.0327059427897 75.1549901326497 75.3666854858398 75.5317301432292 75.6852849324544 75.8240468343099 76.0245758056641 76.1027333577474 76.1999066670736 76.2587445576986 76.3002934773763 76.269468943278 76.2440533955892 76.1806816101074 76.0588185628255 75.9674924214681 75.8679163614909 75.786008199056 75.6941846211751 75.6353594462077 75.5680486043294 75.5584554036458 75.4968157450358 75.5027806599935 75.4689496358236 75.4407315572103 75.3690803527832 75.3189389546712 75.3245577494303 75.3678787231445 75.396785736084 75.4131189982096 75.4761469523112 75.5513056437174 75.630103302002 75.6216812133789 75.6589146931966 75.6950383504232 75.7223650614421 75.7871994018555
72.7822067260742 72.9044141133626 72.9421691894531 73.1159782409668 73.2852694193522 73.38587697347 73.5384969075521 73.6563255310059 73.754404703776 73.933172861735 74.0558265686035 74.1903340657552 74.3665921529134 74.4944882710775 74.6212844848633 74.6954307556152 74.8186973571777 74.9288101196289 75.1386199951172 75.2004201253255 75.3293441772461 75.5002169291178 75.6915911356608 75.8221534729004 75.948132832845 76.1161107381185 76.2495661417643 76.3804120381673 76.4291697184245 76.5169359842936 76.4603886922201 76.4603609720866 76.4277122497559 76.2672055562337 76.1896123250326 76.1288063049316 76.0854815165202 75.9437268575033 75.9129201253255 75.7539850870768 75.7082926432292 75.7281921386719 75.6601249694824 75.6425796508789 75.5630276997884 75.5203793843587 75.4965609232585 75.5250849405924 75.5089780171712 75.5943288167318 75.6194491068522 75.6924163818359 75.7857917785645 75.8472653706869 75.9141754150391 75.9634938557943 75.9797047932943 76.0150792439779 76.0844968159993
72.9469782511393 73.0714266459147 73.1904614766439 73.3221934000651 73.4651006062825 73.5586766560872 73.6746025085449 73.7948458353678 73.9134602864583 74.0808820088704 74.2104311625163 74.3547551472982 74.5041974385579 74.6377871195475 74.8048479715983 74.9435424804688 75.1259892781575 75.1804916381836 75.2661916097005 75.3844029744466 75.5139139811198 75.6372790018717 75.8125635782878 75.9891718546549 76.1141637166341 76.2657740275065 76.4402763366699 76.6192726135254 76.7249837239583 76.7983258565267 76.779248046875 76.7512700398763 76.6882436116536 76.5107261657715 76.4298713684082 76.3458796183268 76.3356246948242 76.2219296773275 76.1625012715658 75.976035563151 75.9025093078613 75.8995002746582 75.8891576131185 75.8584294637044 75.7716417948405 75.773691813151 75.7568010965983 75.7223492940267 75.7470174153646 75.8077697753906 75.8139579772949 75.9771481831869 76.0612988789876 76.149397277832 76.1831642150879 76.2263394673665 76.2831555684408 76.2962415059408 76.3102755228678
73.0921577453613 73.216598256429 73.322536722819 73.4664774576823 73.5801844278971 73.7245544433594 73.8656023661296 73.9900901794434 74.1113240559896 74.2525039672852 74.372021484375 74.5470565795898 74.7077763875325 74.8974469502767 75.0069173177083 75.1574907938639 75.2709762573242 75.3802922566732 75.4642445882161 75.5999081929525 75.7673199971517 75.9071942647298 76.0195114135742 76.195706431071 76.3785944620768 76.570442199707 76.7224805196126 76.8483772277832 76.9450406392415 76.9801233927409 77.0148295084635 77.0233647664388 77.0100975036621 76.9013127644857 76.7424631754557 0 76.517413075765 76.4259793599447 76.3336278279622 76.2596913655599 76.1729568481445 76.1714640299479 76.1588719685872 76.107920328776 75.9929288228353 76.0227274576823 75.9742067972819 75.99041112264 76.0100008646647 76.0618532816569 76.1691223144531 76.3144500732422 76.4070007324219 76.4373784383138 76.507187906901 76.5163378397624 76.5205657958984 76.5349367777506 76.5854657491048
73.2328648885091 73.3577733357747 73.4712893168132 73.6135241190592 73.7207870483398 73.8801361083984 74.0231229146322 74.166259765625 74.3166603088379 74.4728889465332 74.5929809570312 74.7486071268717 74.9502726236979 75.0887316385905 75.2195823669434 75.3976692199707 0 75.6173487345378 75.683213297526 75.8188082377116 75.9606658935547 76.1164850870768 76.2677932739258 76.4297541300456 76.5932739257812 76.8230954488119 76.9907333374023 77.1290875752767 77.1799039204915 77.2537017822266 77.2308692932129 77.2669273376465 77.2874120076497 77.2058270772298 0 0 0 76.7874231974284 76.6692387898763 76.6144541422526 76.5210929870605 76.4625651041667 76.4321075439453 76.3974156697591 76.3482131958008 76.2668767293294 76.2440584818522 76.2713661193848 76.3041951497396 76.3946629842122 76.4975504557292 76.6347078959147 76.6895207722982 76.7538197835286 76.743061319987 76.7555318196615 76.783292388916 76.7993977864583 76.8217079162598
73.3370531717936 73.4809834798177 73.6156445821126 73.7359759012858 73.8898684183757 74.0359614054362 74.1900922139486 74.3195574442546 74.4848373413086 74.6336975097656 74.7873896280924 74.943958791097 75.0913312276204 0 0 0 0 75.7955863952637 75.9417368570964 76.0619026184082 76.2072560628255 76.3638135274251 76.5495559692383 76.6943730672201 76.8627548217773 77.0259656270345 77.1770960489909 77.3129165649414 77.3625132242839 77.4471094767253 77.4731564839681 77.5370348612467 0 0 0 0 0 77.1608894348145 77.043478902181 76.9319699605306 76.8668174743652 76.8463292439779 76.7548194885254 76.7087834676107 76.617002360026 76.5939147949219 76.647243754069 76.6525266011556 76.7526245117188 76.7872731526693 76.9107434590658 76.9656562805176 77.0125462849935 77.0022733052572 77.026202138265 77.0304929097494 77.045608774821 77.0940101623535 77.1187159220378
73.4189511617025 73.5879587809245 73.6468994140625 73.7160209655762 73.914542388916 74.1292175292969 74.2563878377279 0 0 0 0 75.1399940490723 75.2476725260417 0 0 0 0 75.9944132486979 76.1257400512695 76.2852561950684 76.4221183776855 76.5853935241699 76.7490407307943 76.9343266805013 0 77.2503461201986 77.3946350097656 77.4915570576986 0 77.6346422831217 77.7193598429362 0 0 0 0 0 0 77.5010078430176 77.3876602172852 77.3213305155436 77.2329216003418 77.2022796630859 77.1478388468424 77.0942301432292 77.0942454020182 77.0777796427409 77.0966011047363 77.0961888631185 77.1191263834635 77.2099800109863 77.2770629882812 77.2901608784993 77.2770060221354 77.2906748453776 77.2944244384766 77.3175849914551 77.3389521280924 77.3700475056966 77.3884012858073
73.3571464538574 73.5993985493978 73.7230275472005 73.8624333699544 74.123016611735 0 0 0 0 0 0 0 0 0 0 0 0 0 0 0 76.6621869405111 76.8303802490234 76.9889343261719 0 0 0 77.6017888387044 77.7018633524577 0 0 0 0 0 0 0 0 0 0 77.7610529581706 77.6916865030924 77.6483510335286 77.5783676147461 77.5515172322591 77.5066139221191 77.4987754821777 77.4926884969075 77.4775370279948 77.5097775777181 77.5026830037435 77.5556241353353 77.5731450398763 77.5660598754883 77.5736590067546 77.5904955546061 77.6149584452311 77.6192573547363 77.639720916748 77.6848073323568 77.7026206970215
73.3582600911458 73.4344856262207 73.6939814249674 74.1088979085286 74.1477457682292 0 0 0 0 0 0 0 0 0 0 0 0 0 0 0 0 0 0 0 0 0 77.8104749043783 77.9202481587728 0 0 0 0 0 0 0 0 0 0 0 78.034730275472 77.9668716430664 77.9228485107422 77.9191947937012 77.89054590861 77.912356821696 77.9018178304036 77.8807586669922 77.9043902079264 77.9048543294271 77.8865921020508 77.8753270467122 77.8791397094727 77.90537109375 77.9070332845052 77.9131490071615 77.9441464742025 77.9619519551595 77.9849695841471 78.0205619812012
73.4037485758464 73.648779296875 73.8245417277018 74.2192700703939 0 0 0 0 0 0 0 0 0 0 0 0 0 0 0 0 0 0 0 0 0 0 0 0 0 0 0 0 0 0 0 0 0 0 0 0 78.4006484985352 78.3474802652995 78.3353678385417 78.3139579772949 78.2844429016113 78.2651718139648 78.251247660319 78.2317362467448 78.2361317952474 78.2103116353353 78.2230267842611 78.2251647949219 78.211137898763 78.2448013305664 78.2469263712565 78.2644426981608 78.2878817240397 78.3347941080729 78.3517316182454
73.5968213399251 73.7683672587077 74.1105023701986 74.2582366943359 0 0 0 0 0 0 0 0 0 0 0 0 0 0 0 0 0 0 0 0 0 0 0 0 0 0 0 0 0 0 0 0 0 0 0 0 0 78.7029424031576 78.6811729431152 0 0 0 0 0 78.560557047526 78.5591189066569 78.5552454630534 78.551914469401 78.5753491719564 78.5756121317546 78.6043835957845 78.6295450846354 78.6450932820638 78.6627194722493 78.6967885335286
73.6206690470378 74.1197964986165 74.1309572855632 74.325666809082 0 0 0 0 0 0 0 0 0 0 0 0 0 0 0 0 0 0 0 0 0 0 0 0 0 0 0 0 0 0 0 0 0 0 0 0 0 0 0 0 0 0 0 0 0 0 78.9070818583171 78.9105285644531 78.9323852539062 78.9502136230469 78.9568130493164 78.9712972005208 78.9950899759928 79.0438723246257 79.059868367513
73.8324127197266 74.1354919433594 74.3440218607585 74.5505500793457 0 0 0 0 0 0 0 0 0 0 0 0 0 0 0 0 0 0 0 0 0 0 0 0 0 0 0 0 0 0 0 0 0 0 0 0 0 0 0 0 0 0 0 0 0 0 0 0 79.2958356221517 79.3202590942383 79.3518702189128 79.3709192911784 79.3943069458008 79.4011319478353 79.4233118693034
