ET0/medie/MEDIA_ET0_01.asc
NCOLS 177 
NROWS 174 
XLLCORNER 1436301.375 
YLLCORNER 4916704.5 
CELLSIZE 1500 
NODATA_value -9999 
[rows 26 to 51 of 174, columns 59 to 117 of 177]
18.7476680119832 17.3648165384928 17.2042874654134 18.0712031682332 18.1754956563314 17.1634482701619 17.8122281392415 17.4081729253133 0 0 0 0 0 0 0 0 0 0 0 0 0 0 0 0 0 0 0 0 0 0 0 0 0 0 0 0 0 0 0 0 0 13.8538157780965 13.3592809677124 13.1709014256795 13.0422891616821 12.8744749704997 12.5790320714315 13.7337957382202 13.9368394215902 14.3739866892497 12.7781921386719 12.795890045166 13.1595748901367 17.1635595321655 13.2282147725423 13.0073495864868 13.051145362854 12.9318148930868 13.2786704381307
18.2730153401693 17.5387503306071 17.1820412953695 18.0529756546021 18.2053178787231 17.4058059692383 17.6508118311564 16.7880018870036 17.5159563700358 0 0 0 0 0 0 0 0 0 0 0 0 0 0 0 0 0 0 0 14.5957885742187 13.6724321365356 14.3700763702393 13.565776793162 13.9144179344177 14.1761008580526 0 0 0 0 0 0 0 13.4115710576375 14.1845690409342 13.2776585261027 13.1721822102865 14.2283371607463 14.8699342727661 14.5878441492716 14.0464864730835 12.9905583063761 12.7226690928141 12.3842337926229 13.2398921966553 17.2673926035563 13.6439587275187 12.901365852356 13.5564463933309 13.9732083638509 14.1339340845744
18.9289440790812 18.0937465031942 17.4034331639608 17.8525147755941 18.3053062438965 18.0006070454915 18.0659513473511 18.2446135838826 17.7805611928304 18.0503035227458 0 0 0 0 0 0 0 0 0 0 0 0 0 0 0 0 14.765843518575 14.7689028422038 14.7497129440308 14.5540776570638 14.4742798487345 14.3150042851766 14.2366456985474 14.2215581258138 14.2512312571208 0 0 0 0 0 13.4198514938354 13.4906717936198 15.1312905629476 14.1753739039103 13.0523658752441 13.0478937784831 13.0864524841309 14.6319178263346 13.843455696106 13.2987459818522 13.8459309577942 13.9843713760376 13.4924010594686 17.3156206766764 13.5989262898763 13.6669451395671 13.7429360707601 13.0743223190308 13.2772821426392
17.958538945516 17.7089260737101 17.3917222976685 17.1873668670654 18.102045249939 16.9359760920207 17.2986539204915 17.4189363479614 17.2399447758993 17.5537930170695 16.9124070485433 0 0 0 0 0 0 0 0 0 0 16.3292757670085 15.6488795598348 15.5306741714478 15.1744900385539 15.1708873112996 14.7000305811564 14.6416879018148 14.6692872365316 15.2207720438639 14.2546180725098 14.2293172836304 14.3720336914062 14.2759108225505 14.120698928833 0 0 0 0 0 13.8990196228027 14.0982899983724 14.8796615600586 13.5201509475708 13.7111162821452 13.2503857294718 13.1584957758586 14.1889098485311 14.7617077509562 14.4747429529826 15.8590258280436 15.9557695388794 14.6268884023031 17.2093167622884 15.4682651519775 13.8264456431071 13.2822250366211 13.3773441314697 13.2607538223267
18.9977948506673 18.2113396962484 17.2758180618286 16.9603914260864 16.5679019927979 16.1418139139811 16.0367693583171 16.1923228581746 15.8342621485392 15.7276175181071 15.3427879969279 0 0 0 0 0 0 0 0 0 16.4380186080933 15.9895273844401 17.1891649246216 15.6352822621663 15.4314458211263 16.5652066548665 15.2744791666667 15.3518491744995 14.6422581354777 15.3716817220052 14.1745164235433 14.1144686381022 14.7621876398722 15.3418027877808 14.1448980967204 0 0 0 0 0 13.671555519104 13.9579870223999 15.3527772267659 14.2670642852783 14.2402214050293 15.0269527435303 14.0231069564819 14.0213933308919 14.6466522216797 13.2332255363464 15.147197786967 16.9875970840454 17.1956823984782 16.5072952906291 14.0810716629028 13.1409921646118 13.0679830551147 13.6146780014038 13.4506444295247
19.173562113444 18.3057508468628 17.2652538935343 15.633323987325 13.5445885340373 16.2967758814494 15.9021853129069 15.8816024780273 16.2875249226888 15.8990976333618 16.2879243850708 16.9237394968669 0 0 0 0 0 0 0 0 16.2246496836344 16.0797456741333 17.1838692347209 16.2437978744507 15.854544321696 15.6364746729533 14.8815722147624 15.6446791330973 14.1314307530721 15.5738890329997 15.3168816884359 13.8223841985067 15.2594332377116 15.510415204366 14.2143760045369 14.4949646631877 0 0 0 0 0 13.5353707631429 13.5737501144409 15.1102681477865 13.6716278076172 13.6717437744141 14.0605303764343 15.5950222651164 15.2804644266764 15.0277477900187 16.816835530599 16.6169287363688 15.4119042078654 16.3421920140584 13.9075136820475 13.5827177683512 14.3843408584595 13.253064028422 13.2405675252279
18.4606433232625 17.6450671513875 16.8001972834269 13.2712914148966 15.5312735875448 16.9088665008545 17.0980660756429 17.4811106999715 17.5534370422363 18.090717569987 17.842281850179 18.2026618321737 17.1910636266073 17.748775990804 0 0 0 0 0 0 15.4989559173584 15.9200048446655 17.0688946406047 16.1340006510417 16.5349766413371 15.2404558181763 15.3085383733114 14.5590382575989 14.8500821113586 15.2557731946309 14.0154688199361 14.0494480133057 14.773052851359 14.3121352513631 14.1406656265259 14.4777095794678 0 0 0 0 0 15.2360057195028 13.2621617635091 13.3747552871704 14.026856803894 13.1110864003499 14.1170825958252 15.0882118542989 16.4542215983073 16.7865105311076 16.5275367101034 13.625656191508 14.0741807937622 13.6398660341899 13.0257183074951 14.0147179921468 13.7666173299154 13.236554590861 13.2616342544556
18.9069147745768 17.5852355957031 13.7307835261027 12.9910617828369 16.3750925064087 16.8572951634725 16.8546522140503 18.1102565765381 18.2949436823527 18.2249563852946 17.5310870488485 18.145681699117 18.1069303512573 16.7245928446452 16.3574333190918 16.3559623082479 16.7617081960042 16.3983065923055 16.4038768132528 15.6407212575277 15.3319852193197 16.4707705815633 16.9336039861043 16.7594446818034 15.955878384908 15.918791325887 14.7523067792257 14.7318216641744 14.6837186495463 14.8601405779521 14.4378880182902 14.1417284011841 15.0365686416626 14.6061488469442 13.9156611124674 14.1344835281372 0 0 0 0 0 0 13.304195022583 13.095464070638 14.2592154502869 12.8341434796651 13.9451883633931 13.8825117429097 16.3873988469442 16.4556638717651 14.9120441436768 13.4396333694458 12.8332164128621 12.8627510706584 12.9097330729167 14.0594686508179 14.0937222162882 13.2249976476034 14.2807728449504
18.9960762659709 17.1282128016154 15.7401321411133 12.8688865025838 12.4378608703613 16.3039370218913 18.513975016276 18.060247929891 18.454173151652 17.9300251642863 18.1106804529826 16.8671720504761 17.4406023025513 17.1290229797363 17.674184290568 16.4318488438924 16.7649021784465 17.1112724939982 17.3737534205119 16.8416588465373 16.376394589742 15.8335822423299 15.6320284525553 15.7874287287394 15.4839352925618 15.2648551305135 15.0061731656392 14.0299715042114 14.4692987442017 14.3807729085286 14.3295686086019 14.9604693094889 14.9190996487935 13.832660039266 14.1470378875732 13.9531143824259 14.0083638509115 14.8267109553019 0 0 0 0 0 13.0685578028361 12.8443307240804 12.8159941673279 13.3564140637716 15.8986218770345 16.429979133606 16.2363094965617 13.7620836575826 13.3175897598267 12.8837702433268 13.3955044110616 13.4431466420492 15.1982182820638 13.5450223286947 13.2499189376831 13.9675896962484
17.9014486312866 18.1515762964884 16.7009059906006 12.6228635152181 12.4631652832031 15.4690375645955 17.8352219899495 18.4105154037476 17.1605560938517 16.9586460113525 16.4914779027303 16.9310250600179 17.9939504623413 17.8561642964681 17.9891906102498 17.3667259216309 17.5420314153035 17.4440321604411 16.6804558436076 16.7852198282878 17.0484668731689 15.6144295374552 15.0942350387573 15.4180254618327 15.2419244130452 15.9609270095825 14.847179889679 13.3232721328735 13.9010370890299 14.2946307500203 13.8638808250427 14.1100631713867 14.3414199829102 14.1367838541667 14.1129249572754 15.3279262542725 14.4310636520386 14.6803867340088 14.2349881490072 0 0 0 0 0 12.9850148200989 13.8041906992594 13.7086580594381 15.8598338445028 16.3202863057454 16.0656534830729 13.867756875356 13.3319910685221 13.7854603131612 13.7301456769307 13.4545941034953 15.588281695048 13.8793957392375 13.4869123458862 14.7165142695109
18.1709129969279 18.588799794515 16.3627446492513 13.1838793436686 12.3783834457397 12.0471003850301 14.7223717371623 17.4242624282837 15.470762125651 18.1725649515788 18.2398206075033 18.1056023279826 17.2901604334513 18.0320644378662 17.1112537384033 17.6052803675334 15.1118288675944 15.3710381825765 17.3908489227295 17.2247676213582 16.1205996195475 16.129225730896 15.6765553156535 15.5139073053996 15.7956557591756 15.6414792060852 15.0095776557922 12.5958376248678 14.1781050682068 14.7850134213765 14.1040979067485 14.9721548080444 15.0063226381938 13.9643462498983 13.9892851511637 14.2773642857869 14.7745414098104 14.1259199778239 13.7366769790649 0 0 0 0 13.2769121805827 13.1955092748006 13.2220663706462 15.7769311269124 15.9246742248535 16.0588011423747 15.8548685709635 13.4277079582214 13.6040210088094 13.9988214492798 13.388828309377 13.6117813746134 16.457732073466 16.66139087677 16.9410184224447 17.2100334803263
19.2343213399251 19.1920492808024 18.1380835851034 15.7710910797119 12.1508686065674 12.0161823272705 13.8607199668884 17.1870588302612 15.2728307723999 17.1960648218791 18.1314411799113 16.7868765513102 17.0864325205485 17.8761515299479 16.33621190389 14.3671893755595 13.5886628468831 17.609711265564 16.7981857299805 16.696192296346 17.2617949167887 16.1147523244222 15.9030302683512 16.7339246749878 16.3113875706991 15.6186902999878 14.7816893895467 12.6731793085734 13.8090517361959 14.3667523701986 14.1610039710999 14.3408975283305 14.1386165618896 14.0992469151815 14.5782769521077 15.0416098276774 15.0432144800822 14.2225029627482 14.0475342432658 0 0 0 15.1085827191671 15.1130982398987 15.4062613805135 15.4601196924845 15.6856379191081 15.9038274129232 15.885769144694 13.5820415814718 13.2618021965027 14.5866338729858 13.2617390950521 14.6045526504517 16.6952184677124 16.8774346033732 15.5134326299032 14.6283284505208 14.1545072555542
18.9321503957113 19.1591059366862 18.7691483179728 15.951856358846 14.8786488850911 11.7995756785075 11.6860110600789 14.4161266962687 15.1308130264282 18.3376565933228 17.3564016342163 17.7030669530233 16.7811695098877 16.9100706100464 17.9555692036947 17.609011777242 13.7205870946248 17.5755519866943 17.2053433100382 17.4996964772542 17.1123406092326 16.4519239425659 16.5062320709229 15.8427333831787 15.908607673645 16.0464994112651 15.1057495117188 13.3693163871765 12.8399011294047 14.9792907396952 14.9443036079407 14.1495153109233 14.7432601292928 14.5140998522441 14.3810170491536 14.3817457199097 14.2812793095907 13.9928430557251 13.8812807718913 14.4999910990397 14.4514223734538 13.8448184331258 15.4059912999471 14.5337175687154 14.9123128255208 15.4783617019653 15.6538448969523 15.8253329912821 14.2131774266561 13.5718731562297 12.9802616119385 14.6295118649801 15.724861017863 16.6062540690104 16.0129528045654 13.9068215052287 15.6066232045492 13.8581499735514 13.9347568511963
18.7498932520549 19.1695154825846 19.0937652587891 18.8585696538289 18.084356880188 15.1061884244283 11.8465713500977 11.2732661565145 14.746316019694 17.9575253804525 18.3574532826742 18.4036324818929 17.5958325703939 18.0924375534058 17.9256902694702 18.0772702534993 13.859352461497 14.3500861485799 17.7275044759115 17.6338558832804 17.3203453699748 17.1044881820679 16.4021132151286 16.6743502298991 16.2310686747233 15.967584101359 15.6799030939738 14.9455763498942 11.8702709197998 14.1511366208394 15.0146783510844 14.5363930702209 15.0940670967102 14.6199801127116 14.9439487775167 15.3494913736979 14.9019539515177 14.5325897534688 14.3996649106344 13.834579149882 15.3512796084086 15.3834192593892 14.0943155924479 14.386697101593 15.0214045206706 15.644692548116 15.668002764384 13.5773068110148 13.2370449384054 13.5102732976278 13.5487740198771 15.5302210489909 16.0323352813721 16.6653461456299 15.4277567545573 13.4022353490194 15.0994614283244 12.869574546814 12.9876759211222
17.9209943135579 18.654257329305 18.0594500223796 17.3779626846313 17.0304582595825 13.229301516215 11.4689802487691 11.0984749476115 14.7379426320394 15.5434662501017 18.1837354660034 18.4603954950968 17.329749806722 17.2562945683797 18.1631674448649 15.7315845489502 12.7162177721659 16.930181312561 15.7479749679565 16.0593955993652 13.6373851776123 16.392200533549 15.1001108805339 15.3548595428467 16.0553714116414 16.0231239318848 15.869744682312 15.3900419871012 11.4659768740336 12.5957762718201 15.0753990809123 15.1080197652181 14.994963200887 14.5913593928019 15.1584554036458 13.6387088457743 14.4619300524394 14.4656196594238 15.0614442189535 15.379672686259 14.5665736516317 14.2059507369995 13.8055450757345 15.3788394927979 14.8155392964681 13.5651755650838 13.165860748291 13.2459561665853 14.2536035219828 13.4562815666199 13.6395552953084 13.8664934476217 15.9202871958415 16.5769382476807 14.2215869903564 13.5414705912272 13.3891612052917 13.0126888910929 13.0539957682292
16.3037928899129 17.351940091451 16.173307800293 15.1563939730326 14.9993868509928 11.4108118057251 11.2574504216512 14.2182685534159 16.5609287897746 18.7209868748983 18.4721881866455 17.9713307698568 17.9035254796346 18.4094003677368 18.4859930038452 14.2372976620992 13.6551491101583 11.9811494509379 11.6817850112915 11.5825452804565 11.602282555898 14.0482607841492 12.0479225476583 13.0009731292725 13.223522790273 13.9543790817261 13.6251435279846 13.6791491826375 11.1031871795654 11.8369226455688 11.6834970156352 12.3842551867167 12.8394133885701 12.9625469525655 13.1288908004761 13.2547444343567 14.5796645482381 15.2417552312215 15.2755746841431 14.6641031901042 13.6237865765889 13.2731341679891 14.172606976827 15.0835590362549 13.8105411847432 13.4515639623006 13.7312383015951 13.6198362668355 15.0804753621419 15.9303659439087 16.153774579366 16.2022855122884 16.4959599177043 16.3886535008748 14.384591738383 13.2168807983398 13.4968742370605 12.8863404591878 13.2354640960693
15.5232561429342 16.0783298492432 12.3992467562358 11.5393894513448 11.4077168146769 11.3442063013713 10.8731691042582 16.1406503041585 16.739359664917 16.6289161682129 17.157781791687 16.2759195963542 18.1769917170207 16.4749712626139 14.5147302945455 12.6775864601135 11.6519723892212 9.39859654108683 9.46865498224894 9.40112778345744 9.37285343805949 9.58960822423299 10.2745357513428 10.3947858810425 10.5378660519918 9.93949635823568 11.1747015317281 10.902212079366 9.50383526484172 9.6488130569458 9.89740060170491 10.1785311063131 10.5826601664225 11.9157904307048 12.0468830744425 11.7999908129374 12.9799606005351 13.6190512975057 13.6725170453389 13.6841374715169 12.7794804573059 13.7096254030863 14.6907039642334 14.9646262486776 14.9114605585734 15.2255599975586 15.4955142974854 15.7340067545573 15.912132581075 16.0079593658447 16.2053021748861 16.284036954244 16.3890921910604 16.6841058095296 16.0494503657023 14.4991373697917 12.830634244283 13.9650904973348 13.6525261561076
14.6209520022074 11.9460225741069 11.6666284243266 11.5267651875814 11.3336407343547 11.1994913101196 12.8811096509298 11.4293471018473 12.5296457290649 12.6460236549377 12.5376546223958 12.345020198822 12.9482324282328 12.8476135571798 11.8282139460246 11.746798102061 11.4475507736206 9.37125822703044 10.3136198043823 9.17342929840088 9.43327334721883 9.23268664677938 9.19895086288452 9.19075784683228 9.19980986913045 9.19646391868591 9.25779709815979 9.49620704650879 9.69382146199544 10.4140325228373 10.8411356925964 11.5413416544596 10.7957694371541 11.8930539449056 12.159178352356 12.4375418663025 11.9077123641968 12.2350796063741 12.3796607335409 12.5711057027181 13.4601170857747 14.7787324905396 14.7891955693563 14.988099861145 14.9792500813802 14.5938158035278 15.3857905069987 14.9946109135946 14.6675656636556 13.6731690406799 14.3735412915548 14.9057709376017 16.3685534159342 16.6916227976481 16.0808417638143 13.3672825177511 13.0114534378052 13.0793736139933 13.3146525065104
12.0727452278137 11.8367638905843 11.6088669776917 11.3807951609294 11.232443523407 11.0647781054179 10.9197430292765 10.7574275334676 10.5978388468424 10.3969873110453 10.2228739738464 10.0106645266215 9.70171801249186 9.62797323862712 9.5319473584493 9.39598147074381 9.31809218724569 11.5915388743083 11.735186068217 14.7728754679362 14.228653717041 10.8720291773478 10.7390682220459 10.6003210067749 10.6483146349589 10.8751403490702 10.7191727320353 11.0513066291809 11.9723510424296 12.751926612854 13.163371404012 13.7376653035482 13.1375678698222 14.193342145284 14.1725578943888 14.2004346847534 13.1846597035726 13.0204831123352 14.5464455922445 14.4706654866536 14.6879817326864 14.8523408889771 14.4966204961141 13.938739267985 13.0351238250732 13.9998682657878 15.0838287989299 13.341904258728 13.1541853586833 13.7035050710042 13.4595114072164 15.7121341705322 16.4510529836019 16.603212483724 16.2877797444661 15.7980454762777 13.4544979095459 14.1513715744019 13.5371188481649
11.9811425209045 11.7268352190653 11.4849687576294 11.3127921104431 11.7672340710958 14.0298141479492 10.6342524210612 10.4454842249552 10.489982509613 11.5027801513672 11.9645500183105 9.76132911046346 9.64587326049805 9.42776587804159 9.76902917226156 10.174409866333 10.8196359952291 11.6188655217489 12.7452285130819 18.50348777771 18.2311041514079 16.5763204574585 11.4137934048971 13.5786841074626 16.984952990214 13.9324045499166 13.8528184572856 15.2173652648926 13.8211532274882 16.1817612330119 12.1954816500346 15.8677605946859 15.6274209340413 15.4528285344442 15.4101545333862 15.2270036697388 14.9825572967529 15.0043228149414 14.7271202723185 14.4461057027181 14.2054486592611 14.7288735071818 14.278609530131 12.9553124427795 13.2812805811564 13.5015085220337 13.4432500203451 13.9247001647949 13.0717939694722 13.6803758939107 15.9750551859538 16.256520652771 16.8665932973226 16.5683873494466 14.8283353805542 15.152206548055 15.1633200963338 14.143253771464 13.6972454706828
12.5535843213399 11.5818712552389 11.4770703633626 13.9565254211426 14.1784450213114 16.3391928354899 14.7584399541219 14.7187190373739 16.5239237467448 15.7740887959798 14.5980470657349 13.2085412661235 12.4499497731527 11.8786895751953 14.3609488169352 12.6980839729309 12.0799425760905 15.9889233271281 17.4134117126465 17.159503809611 18.4361400604248 17.6330275217692 14.4868110656738 17.978400293986 15.9412792841593 16.8058110555013 14.1428313891093 16.4049664815267 16.5377398173014 16.2292309443156 13.1726386388143 15.9159097671509 15.7511340459188 14.5510268847148 14.8362235387166 15.3492605845133 15.0343103408813 14.9916144688924 14.8456685384115 14.0810702006022 13.9340871810913 13.5783666610718 15.2263907114665 13.5257891337077 13.4404649098714 13.7642571767171 13.7697154998779 13.8775390625 13.2209510485331 14.3500247955322 16.3602193196615 16.715030225118 16.3990604400635 15.4903629938761 13.7577974955241 13.4158723831177 13.574201520284 13.7886245091756 13.9593801498413
11.6984146753947 16.4609769185384 16.3934118270874 15.5348508834839 16.6853792826335 19.3201726277669 18.6449403127035 15.5508925120036 15.8837478637695 19.1750101089478 18.9654302597046 17.1138052622477 12.2686180432638 13.4840202967326 13.0717533111572 18.7295106252034 16.7205712000529 18.6684707641602 16.4703454335531 17.1775615056356 17.8127783457438 17.1057155609131 16.8193096796672 17.8858001073202 17.2745761235555 16.9504179636637 17.242208480835 16.7314533869425 15.777848815918 15.9363412221273 15.5565763473511 15.9238130569458 14.3282302856445 14.1397703170776 14.8056818008423 15.4241450627645 13.8689441363017 15.0691003799438 13.6113550186157 13.6797714233398 13.4487954457601 13.7192961374919 15.3899081548055 13.885163752238 13.1570988972982 14.0235139846802 13.2695269902547 13.2806613922119 13.3160059928894 13.9195079803467 16.2660006841024 16.7706337610881 16.6818003336589 16.6986477533976 15.9924363454183 14.0820961634318 14.4330659866333 15.1267274856567 14.7983088811239
15.5749130249023 16.723602104187 19.7712521870931 18.9914339065552 18.6608289718628 18.2546692530314 19.5298454920451 18.5427230834961 19.401677831014 19.3378248850505 19.0853115081787 18.2648100535075 12.8033123970032 18.1310072580973 12.5558884938558 17.2702540079753 18.8391265869141 18.4777997334798 15.9171643575033 18.6601900100708 16.5163973490397 17.4246765772502 17.1508669535319 18.0737720489502 17.6682140350342 17.068014272054 17.287907854716 16.8198355992635 16.7929518381755 16.5172099431356 15.8409863154093 15.7372400919596 15.3109481811523 14.3043610254923 13.9538630803426 15.1267052968343 13.714169883728 13.6465185165405 13.6496002833049 13.6311088562012 13.4441015879313 14.3180730183919 15.0730773289998 13.5341857910156 13.4045574188232 13.8812056859334 13.4911837259928 13.4513235092163 14.2861032485962 15.9018022537231 16.2696058273315 16.5028033574422 16.8261676152547 16.950053024292 16.8274512608846 16.7304939905802 16.8183132807414 16.9349769592285 14.4166953404744
13.1867680867513 14.445978418986 16.7913548151652 17.2478791554769 19.2646874745687 19.5577860514323 19.0419140497843 17.8430611928304 19.3036291122437 18.3104513168335 19.2082674026489 15.9293254216512 13.18598279953 17.5493728637695 17.552613512675 17.3968730926514 18.8327866236369 18.6888891855876 18.4987434387207 18.1482749938965 18.1376651763916 18.3170496622721 16.9612778345744 18.1783738454183 16.7034343719482 16.3643383026123 17.256388982137 16.0187014897664 16.7475212097168 16.4505091985067 15.3199056625366 16.0940672556559 15.5439371744792 14.5551338831584 14.1912948608398 13.9152647654215 13.8232877731323 13.5024981180827 13.9342524846395 14.0783052444458 13.5483675003052 15.1488503774007 14.449121538798 14.553520711263 13.5706092834473 14.1261447270711 13.547348912557 14.3614497502645 15.569010480245 16.5794021606445 16.6843420664469 16.2616459528605 16.7556883494059 17.1145500183105 17.0580468495687 17.2302656809489 17.3552815755208 17.3638027826945 17.738279914856
15.8377619425456 18.229944229126 17.6495733896891 15.093976465861 17.1460051854452 18.409744199117 19.5407208124797 18.8744610468547 19.3577306747437 19.1022664388021 18.2635957082113 18.1504482269287 14.7973815282186 17.3116187413534 18.8375102996826 15.3474231084188 18.448682530721 18.2584742863973 17.6088012695312 18.1368705749512 16.8649335861206 17.9133902867635 16.3225815455119 17.2765729904175 16.1966198603312 16.2945743560791 17.1376002629598 14.997207069397 15.689585240682 16.0856566111247 15.2129320144653 14.511553255717 14.8928225835164 15.0482644399007 14.309215927124 14.7482971827189 14.8299681345622 15.3845619837443 14.7376265207926 13.6080708185832 13.7564565022786 14.4478750228882 13.6643779754639 14.0126467386882 13.7159216562907 14.550527381897 14.7781880060832 15.2388980229696 16.5514605840047 15.8971895853678 15.1238168080648 14.3931395848592 16.6674430211385 16.8211729049683 16.9156812032064 15.8253027598063 15.2929991404215 16.3706590016683 14.8215121587118
14.5424052556356 18.9184526443481 20.4577918370565 19.3199282964071 15.638260269165 14.7178519566854 14.7214487711589 17.2896037419637 18.7859375635783 19.7073584238688 19.3064434687297 19.2115232467651 15.7548597335815 18.7593638102214 18.622279993693 18.5718809763591 18.3689587275187 18.1191584904989 17.952924601237 18.3336231231689 17.9501171112061 17.8878709157308 18.0055147171021 17.8673081080119 16.2319974899292 15.5300959269206 15.1382964452108 14.612434387207 14.4120995203654 14.2686864852905 14.174187596639 15.5576337814331 15.7316676457723 16.0710721969605 14.6481958389282 15.2103399276733 14.4783590316772 15.5041347503662 13.8784627914429 13.8278355916341 14.375134340922 13.9175896962484 15.7329247156779 14.6510651270549 13.9989546457926 14.7107179641724 14.6090364456177 16.3363373438517 15.4320433298747 14.4884943644206 15.7765950520833 16.585173479716 16.9517702102661 16.5009106318156 16.9429160435994 14.8865530649821 14.4583693822225 14.942201423645 15.0854454040527
