ET0/medie/MEDIA_ET0_08.asc
NCOLS 177 
NROWS 174 
XLLCORNER 1436301.375 
YLLCORNER 4916704.5 
CELLSIZE 1500 
NODATA_value -9999 
[rows 104 to 129 of 174, columns 59 to 117 of 177]
107.824204508464 107.987978108724 108.17375386556 108.168744913737 108.346678161621 108.464595031738 108.606884765625 108.757920328776 108.919082641602 109.355707295736 109.493059285482 109.637631734212 109.845672607422 110.056505330404 110.334940592448 110.460920206706 110.42707417806 110.621217346191 110.807117716471 110.918599446615 111.369957478841 111.373742167155 111.566789245605 111.684547424316 111.86189066569 111.992352294922 112.121082051595 112.18726755778 112.35479888916 112.471357727051 112.712141927083 113.053123474121 113.233169047038 112.875293477376 112.849046325684 112.965785725911 113.11782023112 113.077911885579 113.161074829102 113.018832397461 113.025430297852 113.075859069824 113.092830912272 113.197913614909 113.239075215658 113.392377217611 113.468463643392 113.572630818685 113.761889139811 113.765720113118 113.869667053223 113.884596761068 113.927294413249 113.980755615234 113.983397928874 114.055859883626 114.097587076823 114.184583536784 114.180449930827
108.283379618327 108.418330383301 108.576512145996 108.649840291341 108.751795450846 108.929797871908 109.146356709798 109.236605834961 109.408188374837 109.848576863607 109.991726175944 110.159658813477 110.348965454102 110.514708455404 110.767710367839 110.918839009603 110.855544535319 111.023982747396 111.161828613281 111.291090393066 111.455900065104 111.725405375163 111.87992401123 112.058437093099 112.153884887695 112.247162882487 112.35468343099 112.469510904948 112.522871907552 112.649631245931 112.798122151693 113.005675760905 113.171464538574 113.352155558268 113.331909179688 113.182734680176 113.243589274089 113.133742777507 113.125984191895 113.113564046224 113.152062479655 113.127480061849 113.165445963542 113.220751444499 113.316248575846 113.30062713623 113.683302815755 113.579385884603 113.642893473307 113.748803710937 113.764340209961 113.85274810791 113.90739440918 113.983583577474 113.993395996094 113.992547098796 114.080402119954 114.169186909993 114.175887044271
108.705274454753 108.873904927572 108.979477437337 109.171808369954 109.255790201823 109.366647338867 109.560248819987 109.691928609212 109.820313008626 110.027483622233 110.333885192871 110.581924438477 110.847073872884 110.903699747721 111.183992513021 111.397341918945 111.634989420573 111.47132212321 111.58184967041 111.674723815918 111.818588256836 112.121212259928 112.253518676758 112.368801879883 112.435299173991 112.527420552572 112.649094136556 112.693870035807 112.796733601888 112.876309712728 113.055941263835 113.09633992513 113.117050679525 113.21371307373 113.439016723633 113.616821289062 113.500747172038 113.257276916504 113.280373636882 113.231912231445 113.262186177572 113.197314453125 113.252885437012 113.242673238118 113.4396581014 113.477250671387 113.697691345215 113.677980041504 113.637925720215 113.710689798991 113.728278096517 113.775296529134 113.869271850586 113.919896952311 113.960231526693 114.013359069824 114.081773885091 114.196796671549 114.28984781901
109.065234883626 109.250940450033 109.359106953939 109.510487874349 109.678062438965 109.791618347168 109.938418070475 110.12158610026 110.288319905599 110.43862508138 110.607116190592 110.774842834473 110.979644775391 111.392844136556 111.541677856445 111.797247823079 112.033466593424 112.209130859375 112.270475260417 112.375275675456 112.214585367839 112.497016398112 112.584210205078 112.847720336914 112.863522847493 112.860203552246 112.872457377116 112.94263865153 112.980242919922 113.064765421549 113.148626200358 113.168002319336 113.212101745605 113.307824707031 113.344282531738 113.377705891927 113.383590698242 113.368013000488 113.441190083822 113.493768310547 113.391765848796 113.393446350098 113.385661824544 113.483137512207 113.462154134115 113.514255269368 113.707929484049 113.702704366048 113.664905802409 113.644305928548 113.743987019857 113.775919087728 113.930409240723 113.904439798991 113.959703063965 114.052521769206 114.122416687012 114.256985473633 114.294522094727
109.44209391276 109.62921295166 109.791014607747 109.94624786377 110.070879618327 110.274630737305 110.398658243815 110.576373799642 110.764436340332 110.936994425456 111.022903951009 111.179238382975 111.398124694824 111.531700134277 111.889192708333 112.071929931641 112.341425577799 112.564734903971 112.691744486491 112.77204284668 112.878852844238 112.813270568848 112.840765380859 113.037704467773 113.207194519043 113.228298950195 113.268460591634 113.139179484049 113.209191385905 113.280840047201 113.339236450195 113.365938313802 113.435107421875 113.451926167806 113.461729431152 113.558655802409 113.47766011556 113.863009134928 113.807231648763 113.742862955729 113.665947977702 113.56026357015 113.556568400065 113.581077067057 113.614669799805 113.698045857747 113.683697509766 113.746881103516 113.697596232096 113.722127787272 113.693734741211 113.881928507487 113.866811116536 113.919828796387 113.975057983398 114.017830912272 114.185768127441 114.290709940592 114.286879475911
109.836210632324 110.019254048665 110.198362223307 110.358478800456 110.545001729329 110.695398966471 110.832121276855 111.007811482747 111.184930419922 111.291859436035 111.454964701335 111.61238861084 111.750052388509 111.913972981771 112.07875213623 112.344219970703 112.603600565592 112.931100972493 113.029209899902 113.153678894043 113.278735860189 113.342997233073 113.185966491699 113.228596496582 113.536393229167 113.513265482585 113.519873555501 113.217453511556 113.48685353597 113.576408894857 113.580086771647 113.584740702311 113.612217712402 113.646775309245 113.551137797038 113.641173299154 113.585892232259 113.606798299154 113.581262715658 113.631550089518 113.779497782389 113.795978800456 113.795290629069 113.735532633464 113.753820800781 113.763935852051 113.850803120931 113.872092183431 113.769104512533 113.782983907064 113.797357177734 113.93107808431 114.024392191569 113.961386108398 114.017828369141 114.106307983398 114.220113627116 114.273013305664 114.466538492839
110.249628194173 110.390651957194 110.624229939779 110.789984130859 110.919155883789 111.191386922201 111.249556986491 111.38725789388 111.56450398763 111.67256266276 111.850320943197 111.984344991048 112.099188232422 112.234182230632 112.463663228353 112.650287373861 112.839306640625 113.133169047038 113.237545267741 113.453140767415 113.59923248291 113.653454589844 113.7453028361 113.515050252279 113.624291483561 113.775868225098 113.941105651855 113.711991373698 113.741456604004 113.802688598633 113.812562052409 113.774807230632 113.75982615153 113.784096272786 113.747809346517 113.784987386068 113.718851216634 113.692692057292 113.697233581543 113.695316060384 113.741390482585 113.769958496094 114.066804504395 113.989510091146 114.087938944499 113.879453023275 113.918268330892 114.088626607259 113.925445556641 113.943021647135 113.955620320638 113.919396972656 114.177696736654 114.035380045573 114.121040852865 114.145965576172 114.348244730632 114.42175394694 114.57106068929
110.726640828451 110.825466918945 110.999435933431 111.162069193522 111.361638895671 111.641063435872 111.745304361979 111.784214782715 111.967313130697 112.065093994141 112.100514221191 112.315106709798 112.399857584635 112.595852152507 112.762179056803 112.889687093099 113.065517171224 113.196073913574 113.27918548584 113.668153889974 113.824681599935 113.935740661621 113.984397379557 113.914281717936 113.882541910807 113.972240702311 114.060166422526 114.184623209635 113.997025553385 113.996980794271 114.009403991699 113.984403991699 113.924787394206 114.013060506185 113.977106221517 113.926575724284 113.922694396973 113.835716756185 113.843505350749 113.804885864258 113.781096394857 113.828428649902 113.885222371419 114.104635111491 114.199610392253 114.149678548177 114.256202189128 114.026244099935 114.167194620768 114.038905843099 113.988905843099 114.048636372884 114.129357910156 114.222122701009 114.218256123861 114.285561625163 114.413151550293 114.569332377116 114.654881795247
110.996082051595 111.211359151204 111.378184509277 111.531720987956 111.664437866211 111.828923034668 112.028924560547 112.147708638509 112.306332397461 112.32551167806 112.529315694173 112.647123718262 112.714013163249 112.887498982747 112.999133300781 113.18103129069 113.324553934733 113.474574279785 113.541422017415 113.934423828125 114.050680541992 114.185944620768 114.243163045247 114.295403035482 114.098193868001 114.26033782959 114.387402852376 114.295411682129 114.26871693929 114.222931416829 114.203088887533 114.1634862264 114.135303751628 114.179315185547 114.079141235352 114.056288146973 114.011487833659 113.985259501139 113.967419433594 113.978244527181 113.998518371582 113.963018290202 113.969938151042 114.045550537109 114.114689127604 114.228805033366 114.232711791992 114.301874796549 114.342910257975 114.179081726074 114.166736857096 114.274120076497 114.380503336589 114.367319742839 114.391490681966 114.466707356771 114.646901448568 114.846468607585 114.881391906738
111.319557698568 111.551043192546 111.719264221191 111.921878560384 111.994841003418 112.093962097168 112.258804829915 112.484541829427 112.618891398112 112.660170491536 112.791416931152 112.948254394531 113.053647359212 113.198829650879 113.365211995443 113.483612569173 113.584126790365 113.671571858724 113.790231323242 113.931820170085 114.002139282227 114.141819763184 114.432317606608 114.575690205892 114.628640238444 114.585819498698 114.649699401855 114.482543436686 114.54773050944 114.472344970703 114.436132303874 114.382957458496 114.380385335286 114.400398763021 114.327978006999 114.224225870768 114.174974060059 114.202683003743 114.121806844076 114.101559956868 114.103843180339 114.104792277018 114.133921813965 114.126620992025 114.210097249349 114.266510518392 114.343420918783 114.412487792969 114.456081644694 114.451602681478 114.561715189616 114.461927286784 114.65279490153 114.543965657552 114.635885111491 114.753534952799 114.884966023763 114.997149149577 115.077386474609
111.744932556152 111.842134602865 112.030379231771 112.206279500326 112.259167480469 112.284601847331 112.126214599609 112.686551920573 113.00537516276 113.136970011393 113.094983418783 113.235256449382 113.408773803711 113.515228780111 113.646186828613 113.704293823242 113.849430847168 113.908390299479 114.077791341146 114.119585164388 114.121053059896 114.32295328776 114.452146911621 114.689166259766 114.772592671712 114.825409444173 114.851214090983 114.699048360189 114.791989644368 114.792222595215 114.665674845378 114.604652913411 114.659674580892 114.558609008789 114.49421488444 114.405473327637 114.379039001465 114.310377502441 114.27004699707 114.256215922038 114.286013793945 114.299297078451 114.299749247233 114.310950215658 114.369298299154 114.443464152018 114.519237263997 114.580611673991 114.507323710124 114.553954569499 114.615509033203 114.75884552002 114.81839243571 114.750762939453 114.900203959147 114.991087341309 115.093715922038 115.268180847168 115.415576680501
112.024791463216 112.220648193359 112.332731119792 112.438784790039 112.640678914388 112.708689880371 112.48290049235 112.44548441569 113.038091023763 113.479622395833 113.490883890788 113.529988606771 113.682994588216 113.813360087077 113.916442871094 113.934173583984 114.042772420247 114.210465494792 114.197662862142 114.244017537435 114.313995869954 114.449237060547 114.538781229655 114.778021748861 114.949308776855 115.028704325358 115.004508463542 114.97465057373 114.892579142253 114.957947794596 114.87653910319 114.809315999349 114.782127380371 114.768463643392 114.731550089518 114.622364298503 114.585755411784 114.541525777181 114.519450887044 114.468548075358 114.488116455078 114.460488891602 114.462364196777 114.537157185872 114.577422078451 114.645166015625 114.737176513672 114.724075826009 114.763069152832 114.793071492513 114.861957804362 114.931097920736 115.066939798991 115.222905985514 115.197318522135 115.355879211426 115.360482788086 115.545826212565 115.703518676758
112.356599934896 112.557626342773 112.732508341471 112.782017008464 113.097772216797 113.178198242188 113.290766398112 113.319161478678 112.649285888672 112.36685333252 113.656427001953 114.038000488281 113.980396525065 114.115386962891 114.190382385254 114.267002360026 114.287966410319 114.414101155599 114.462613423665 114.456393432617 114.532892862956 114.658355204264 114.708592224121 114.784033711751 115.15665435791 115.263251749674 115.205049641927 115.123445129395 115.078578694661 115.178403727214 115.176407368978 115.051641337077 115.002526346842 114.966642252604 114.923797098796 114.850447591146 114.83780670166 114.77267964681 114.689028422038 114.686183166504 114.713956197103 114.7285059611 114.734785461426 114.766707865397 114.829106140137 114.917877705892 114.932047017415 114.958092244466 115.073721313477 115.131248982747 115.195234171549 115.269956461589 115.334885152181 115.593585205078 115.661784871419 115.679221598307 115.739481099447 115.905503845215 116.09508972168
112.643516540527 112.874791463216 113.176791890462 113.26190032959 113.383762105306 113.522813924154 113.656320699056 114.049184672038 113.899832661947 113.950196329753 114.11664835612 114.233552042643 114.511060587565 114.610284932454 114.834873453776 114.622301228841 114.649211120605 114.641682942708 114.776234944661 114.798246765137 114.788061014811 114.916974894206 114.943883768717 115.019571940104 115.105926005046 115.340261332194 115.442668151855 115.502823893229 115.588727315267 115.553123474121 115.491680908203 115.487494913737 115.293306477865 115.282501220703 115.117562866211 115.049766031901 115.029399617513 114.973745218913 114.964606730143 114.965149434408 114.965560913086 114.896068827311 114.984187825521 115.03816019694 115.101198323568 115.15083770752 115.205875142415 115.290252176921 115.352605692546 115.407645161947 115.463099161784 115.552949523926 115.672566731771 115.843368021647 115.998042297363 116.051963806152 116.085686747233 116.317580159505 116.473990885417
113.16103515625 113.335172017415 113.351579793294 113.726724243164 114.024325561523 114.157448323568 114.32102355957 114.386463419596 114.324584452311 114.630378214518 114.736669921875 114.808177693685 114.916883341471 115.027326965332 115.118838500977 114.929899597168 114.951049804688 115.052976989746 115.240164693197 115.002846781413 115.058842468262 115.092016601563 115.263504536947 115.354309082031 115.323971048991 115.356440226237 115.573489888509 115.751823933919 115.73073832194 115.773996480306 115.784069824219 115.793528747559 115.77144724528 115.735271199544 115.557677205404 115.527786254883 115.072778320312 114.807601928711 115.107875061035 115.224492390951 115.272579956055 115.313544209798 115.308033243815 115.302952067057 115.38786722819 115.464095052083 115.451884969076 115.583649190267 115.607541910807 115.702881368001 115.795186360677 115.830110168457 115.919421895345 116.002272542318 116.239808654785 116.390193684896 116.557988484701 116.655292765299 116.822691345215
113.494967651367 113.733841959635 113.933889261882 114.155483500163 114.330123392741 114.489166259766 114.549216206868 114.700950113932 114.817107137044 114.960970052083 115.04321085612 115.215535990397 115.356382751465 115.317444864909 115.418330383301 115.464455668132 115.500811258952 115.55414835612 115.546214294434 115.565262349447 115.574649556478 115.538357035319 115.591932169596 115.688689168294 115.802795918783 115.821713765462 115.789124043783 115.889889526367 116.040204874674 116.125713094076 116.045341491699 116.057305399577 116.111008199056 115.978728739421 115.874877421061 115.866254170736 115.609840393066 115.297766621908 115.544384256999 115.521320597331 115.577879333496 115.548076883952 115.57681427002 115.614747619629 115.696870422363 115.772295633952 115.819296264648 115.864240010579 115.945885213216 115.992529805501 116.0566502889 116.142482503255 116.221335347493 116.388548278809 116.503028361003 116.624503580729 116.715405273437 116.844818623861 116.956486002604
113.80151570638 114.007440185547 114.156139628092 114.384384155273 114.570035298665 114.694065856934 114.89313659668 115.070949808757 115.166785176595 115.310272725423 115.384562174479 115.471681722005 115.541982014974 115.746045430501 115.698529052734 115.804029337565 115.782002766927 115.861684163411 115.884448242188 115.910830688477 115.937933858236 115.934181213379 115.936756388346 116.0541015625 116.114246114095 116.167160542806 116.195524597168 116.234943644206 116.214198303223 116.294351704915 116.306149291992 116.320137023926 116.290768941243 116.29485727946 116.20611114502 0 116.076743062337 115.984755452474 115.935384114583 115.922765604655 115.905975341797 115.892814127604 115.90747833252 115.967451477051 116.061241149902 116.126222229004 116.139427185059 116.17534383138 116.236388142904 116.326631673177 116.447171020508 116.542313130697 116.626260375977 116.712223307292 116.81813659668 116.930000305176 117.077717081706 117.156787618001 117.332527160645
114.043483479818 114.291643269857 114.47920888265 114.666786702474 114.75795694987 114.992887878418 115.150387573242 115.300653076172 115.446205647786 115.54613494873 115.656023661296 115.748774719238 115.936992390951 115.90892384847 115.963153076172 116.104237365723 0 116.208441670736 116.134218851725 116.189418029785 116.157223510742 116.213098144531 116.250848388672 116.301108805339 116.260914611816 116.413002522786 116.441771952311 116.570286560059 116.573904418945 116.545748392741 116.593684387207 116.632741800944 116.652114359538 116.583092244466 0 0 0 116.406365966797 116.273781840007 116.285182189941 116.257645161947 116.247169494629 116.215116373698 116.300611368815 116.391107686361 116.431387329102 116.464305114746 116.535151672363 116.566680908203 116.686219787598 116.772229003906 116.894471740723 116.977452596029 117.071575419108 117.203629557292 117.305243428548 117.424004109701 117.539117940267 117.647208658854
114.218928527832 114.467244466146 114.675250244141 114.84601949056 115.093185933431 115.276410929362 115.452745564779 115.5369237264 115.697356160482 115.814647928874 115.921307373047 115.999175516764 116.069823710124 0 0 0 0 116.346967569987 116.407553100586 116.397183227539 116.396586608887 116.463751729329 116.538860575358 116.648116048177 116.668299357096 116.70161895752 116.783759053548 116.90895690918 116.852289835612 116.953138224284 116.900746154785 116.915786743164 0 0 0 0 0 116.745747375488 116.691954549154 116.656864420573 116.701165771484 116.673779296875 116.669244893392 116.70049794515 116.729975891113 116.738397725423 116.792998758952 116.889925130208 116.951774088542 117.068880208333 117.126286315918 117.220944213867 117.337520345052 117.458511861165 117.5648340861 117.6062403361 117.752176411947 117.91626180013 118.029815165202
114.191753133138 114.558620198568 114.540943908691 114.486299641927 114.86128692627 115.280885823568 115.347292073568 0 0 0 0 116.329141235352 116.221729532878 0 0 0 0 116.549415588379 116.596785990397 116.756403096517 116.684554036458 116.788147989909 116.817300415039 116.893952941895 0 117.012231953939 117.035712687174 117.152242533366 0 117.169725545247 117.378385925293 0 0 0 0 0 0 117.127498372396 117.153355916341 117.060149637858 116.995038859049 117.06588490804 117.028220621745 117.04582824707 117.03765818278 117.099350484212 117.235950215658 117.267356363932 117.362589518229 117.454188028971 117.523626200358 117.610084533691 117.698176066081 117.791464233398 117.931744384766 118.042348734538 118.134489440918 118.26295522054 118.367075093587
113.749420166016 114.293964131673 114.45428314209 114.640424601237 115.227276102702 0 0 0 0 0 0 0 0 0 0 0 0 0 0 0 117.054917399089 117.044412740072 117.120930480957 0 0 0 117.310092163086 117.435433959961 0 0 0 0 0 0 0 0 0 0 117.47998453776 117.457495625814 117.422090148926 117.46656443278 117.487389119466 117.39891611735 117.444530232747 117.477614847819 117.573331705729 117.623092142741 117.707490539551 117.819673156738 117.894775899251 117.972727966309 118.067328389486 118.188675435384 118.29317779541 118.380269877116 118.487701924642 118.64764251709 118.761437479655
113.400549316406 113.379025268555 113.998500061035 115.011535135905 114.869402567546 0 0 0 0 0 0 0 0 0 0 0 0 0 0 0 0 0 0 0 0 0 117.565620422363 117.679959615072 0 0 0 0 0 0 0 0 0 0 0 117.806782531738 117.815840657552 117.833355204264 117.840755208333 117.874738566081 117.938980102539 117.885884094238 117.954373168945 118.050327046712 118.082386271159 118.140138753255 118.254103088379 118.315113830566 118.456119791667 118.549148050944 118.643650309245 118.760822550456 118.888977050781 119.001597086589 119.107151794434
112.929322306315 113.671928914388 114.019039916992 114.976458740234 0 0 0 0 0 0 0 0 0 0 0 0 0 0 0 0 0 0 0 0 0 0 0 0 0 0 0 0 0 0 0 0 0 0 0 0 118.245511372884 118.254438781738 118.272356160482 118.326526387533 118.369208780924 118.364255269368 118.381224568685 118.466449991862 118.506811014811 118.510906982422 118.626328531901 118.711459350586 118.818354288737 118.936278788249 119.017954508464 119.133653259277 119.225762939453 119.383626302083 119.502212015788
113.022530110677 113.539117431641 114.493498738607 114.689858500163 0 0 0 0 0 0 0 0 0 0 0 0 0 0 0 0 0 0 0 0 0 0 0 0 0 0 0 0 0 0 0 0 0 0 0 0 0 118.627436319987 118.669376627604 0 0 0 0 0 118.874467976888 118.950135803223 119.013987731934 119.087294006348 119.154973347982 119.295977783203 119.418262736003 119.529732259115 119.624678548177 119.775169372559 119.863789367676
112.918463643392 114.380552164714 113.997703552246 114.402133178711 0 0 0 0 0 0 0 0 0 0 0 0 0 0 0 0 0 0 0 0 0 0 0 0 0 0 0 0 0 0 0 0 0 0 0 0 0 0 0 0 0 0 0 0 0 0 119.42177734375 119.482368977865 119.564698282878 119.654709879557 119.797557576497 119.924594116211 120.02354482015 120.15809173584 120.238370259603
113.140295410156 113.738286844889 114.30507405599 114.598498535156 0 0 0 0 0 0 0 0 0 0 0 0 0 0 0 0 0 0 0 0 0 0 0 0 0 0 0 0 0 0 0 0 0 0 0 0 0 0 0 0 0 0 0 0 0 0 0 0 120.019167073568 120.08870900472 120.145706176758 120.275267028809 120.390254720052 120.554217020671 120.623977661133
