ET0/medie/MEDIA_ET0_05.asc
NCOLS 177 
NROWS 174 
XLLCORNER 1436301.375 
YLLCORNER 4916704.5 
CELLSIZE 1500 
NODATA_value -9999 
[rows 26 to 51 of 174, columns 59 to 117 of 177]
72.856697845459 85.956672668457 83.640549214681 69.2926984151204 69.5341779073079 63.9373901367187 67.7904497782389 66.0733642578125 0 0 0 0 0 0 0 0 0 0 0 0 0 0 0 0 0 0 0 0 0 0 0 0 0 0 0 0 0 0 0 0 0 62.5332028706868 61.8991190592448 60.7449081420898 60.8256863911947 60.4073407491048 60.1854082743327 62.2511896769206 67.4837257385254 64.8015157063802 60.783470916748 60.8739410400391 68.0711858113607 91.7609308878581 69.4047378540039 61.2435335795085 59.2914927164714 60.289889272054 59.3132319132487
68.5951817830404 82.8519109090169 91.7507776896159 74.0557942708333 69.5869171142578 65.2112767537435 66.736545308431 62.360090637207 66.7326199849447 0 0 0 0 0 0 0 0 0 0 0 0 0 0 0 0 0 0 0 57.0267608642578 51.5071767171224 55.9243598937988 51.5655151367188 53.0702662150065 55.7631637573242 0 0 0 0 0 0 0 61.2713963826497 62.6363721211751 61.5798632303874 61.3174763997396 62.6803588867188 65.0250450134277 73.2684939066569 66.3118339538574 60.9820536295573 59.0897799173991 60.0843332926432 68.9998329162598 93.462456258138 71.5098871866862 59.8740074157715 62.8853838602702 68.0140192667643 64.7336502075195
72.529709370931 79.5255925496419 95.2523966471354 78.3135602315267 74.1686047871908 68.8242744445801 69.1087455749512 72.8910250345866 68.1630221048991 70.0741274515788 0 0 0 0 0 0 0 0 0 0 0 0 0 0 0 0 57.5278856913249 58.8965848286947 59.9248339335124 60.1550722757975 58.156214650472 56.6327845255534 57.1487088521322 57.3056462605794 57.2125551859538 0 0 0 0 0 61.7512354532878 61.9382809956868 64.0684995015462 62.3161287943522 61.0784833272298 61.0462877909342 61.0142664591471 64.3926610310872 69.5945907592773 61.3516156514486 62.9687985738118 63.5119402567546 69.0996246337891 93.633241780599 70.1629341125488 62.8570513407389 69.6536033630371 60.9186645507813 59.8175580342611
85.2002553304036 89.6107696533203 93.5968419392904 83.8692784627279 77.0021199544271 82.1844324747721 79.0368733723958 79.2675715128581 77.5315495808919 74.9931015014648 79.998085530599 0 0 0 0 0 0 0 0 0 0 64.3553248087565 61.1418299357096 61.0821248372396 59.416530863444 61.0803728739421 57.5855651855469 58.0183547973633 60.7666272481283 62.5277503967285 59.7405364990234 58.4695444742839 61.2392512003581 61.4456614176432 59.7535293579102 0 0 0 0 0 62.3078653971354 62.3519058227539 66.6444221496582 61.5279635111491 61.5690760294596 61.0741945902506 60.9721234639486 71.7882235209147 74.7470863342285 64.5751352945964 81.0762547810872 82.2152435302734 74.4570505777995 92.5077921549479 78.2287605285645 70.4797136942546 61.8824523925781 59.176749420166 60.7191162109375
76.2645769755046 80.8692967732747 93.4569096883138 91.2175048828125 90.8514572143555 96.339296468099 92.9830576578776 90.6596837361654 92.4813446044922 91.5482162475586 93.6014282226563 0 0 0 0 0 0 0 0 0 64.1128888448079 62.4760681152344 67.7818356831869 62.5300834655762 62.3658134460449 67.4438346862793 62.8047431945801 62.7489191691081 61.1961718241374 62.9207239786784 60.7379313151042 60.5917976379395 62.1558784484863 63.1699183146159 61.5003781636556 0 0 0 0 0 61.958908589681 62.0179145812988 64.633679707845 68.8359148661296 69.746023050944 75.5209500630697 70.1791585286458 70.3158653259277 73.9909248352051 61.0494425455729 77.2274945576986 92.9589263916016 94.614387512207 85.4014149983724 65.2007469177246 61.0455276489258 60.6136840820312 58.6127337137858 62.1987571716309
74.661954498291 81.1134480794271 89.3297398885091 96.6836613972982 97.0251647949219 93.2144048055013 94.7602020263672 92.2212758382161 88.5836252848307 88.8410471598307 86.1456771850586 80.8031595865885 0 0 0 0 0 0 0 0 63.0661407470703 62.9087880452474 68.2207150777181 70.0766461690267 77.0210273742676 76.498193359375 70.0610026041667 64.1970240275065 60.1682881673177 64.8584996541341 63.5534032185872 58.635964457194 65.2886166890462 63.4533124287923 61.7178215026855 62.5197657267253 0 0 0 0 0 61.6459429423014 61.4452245076497 63.8618426005046 61.3856168111165 67.418830871582 70.4542940775553 78.5841639200846 76.9381324768066 77.0400967915853 94.7898986816406 87.3331899007161 77.6662661234538 82.7243545532227 69.9488192240397 62.0589213053385 65.2649408976237 59.370911916097 60.1678972880046
82.8535822550456 88.918293762207 94.4303309122721 97.8080352783203 95.9678283691406 87.2054840087891 84.1557678222656 78.622932434082 79.3781356811523 72.3151227315267 72.9186238606771 71.6186294555664 65.178456624349 69.5661249796549 0 0 0 0 0 0 58.2883354187012 62.1931518554687 66.844615427653 72.5579007466634 65.3840042114258 68.8956522623698 80.970144144694 73.9112553914388 65.5614532470703 64.1478029886882 67.1831883748372 65.6932607014974 62.3391962687175 61.8217969258626 61.7766726175944 62.4937978108724 0 0 0 0 0 63.6252927144368 61.0907608032227 61.0724398295085 61.7265841166178 60.7917200724284 62.3580050150553 76.7372550964355 88.9804005940755 97.3047643025716 92.6902119954427 68.4053243001302 63.7341082255046 62.0905217488607 60.4085528055827 63.3740514119466 62.7740608215332 60.9784156799316 59.9276067097982
80.8511850992839 87.9221496582031 95.9825220743815 98.0082117716471 91.335617574056 87.9930989583333 84.9816543579102 69.2100705464681 75.0997680664063 69.9207359313965 66.5587265014648 69.8840868631999 69.8249816894531 63.4505610148112 61.1820719401042 61.5378306070964 64.3239857991536 62.6429189046224 63.6978149414062 59.127626546224 57.6270434061686 64.4764373779297 66.1927622477213 65.7097338358561 63.8747444152832 64.3862174987793 69.750252532959 78.1208460489909 65.2779866536458 63.4340413411458 76.0759557088216 65.3150800069173 63.0468134562174 62.291904703776 61.3402776082357 62.2407582600911 0 0 0 0 0 0 61.0038640340169 60.8756243387858 62.1033157348633 60.600474802653 61.9344779968262 70.4804005940755 93.0170583089193 90.915700785319 74.7306231180827 61.3755170186361 59.338857014974 59.8318438212077 60.0432273864746 65.3456873575846 63.8539863586426 60.6536359151204 65.8629870096842
79.2584609985352 90.7039326985677 95.3698877970378 98.0358896891276 95.9376881917318 86.3584828694661 71.7230911254883 68.863520304362 70.9613388061523 68.3544909159342 69.9662144978841 81.1118916829427 66.6437873840332 65.4322021484375 67.8266306559245 62.3116999308268 64.4855542500814 65.9862030029297 67.3748057047526 65.6583506266276 64.1854642232259 60.8587104797363 61.2438255310059 63.2319279988607 62.6087315877279 63.0118240356445 66.5285776774088 86.6047231038412 81.2360829671224 83.2939880371094 77.2302393595378 63.6546274820964 62.7339007059733 60.4293607076009 59.8195070902507 61.5355529785156 62.0928850809733 62.3929934183757 0 0 0 0 0 60.7367037455241 60.5983472188314 60.3402702331543 66.8474411010742 83.4239486694336 97.2809412638346 87.6668655395508 68.8971944173177 61.0334627787272 60.0526959737142 61.2163480122884 61.6773468017578 74.5726506551107 62.0930806477865 61.0161074320475 69.4881690979004
90.0949025472005 84.5895975748698 90.3568288167318 97.3976811726888 97.3949066162109 88.8190063476563 76.1863291422526 73.4939463297526 81.030268351237 82.3965454101562 84.19306640625 80.6017298380534 68.572268931071 68.2329363505046 69.0986351013184 66.4224042256673 69.5068481445312 70.0942148844401 79.7948577880859 76.8506444295247 66.0701619466146 60.1798225402832 57.2798810323079 61.2937797546387 62.3954363505046 64.6640037536621 75.12957127889 87.9161600748698 85.7533711751302 79.3811787923177 66.4151260375977 62.2059832255046 62.1938318888346 62.0397308349609 62.0333869934082 63.105460357666 69.9992332458496 62.0470708211263 61.6949778238932 0 0 0 0 0 60.5016888936361 61.5012260437012 69.1798039754232 92.1016866048177 98.093625386556 84.8478754679362 69.3279655456543 60.9693552652995 62.2305636088053 62.1750378926595 66.5285931905111 76.1716796875 69.1981218973796 66.9796320597331 72.5584706624349
87.5683680216471 81.8034688313802 90.8119186401367 93.7576629638672 97.122981262207 96.3928034464518 89.3894022623698 81.1499720255534 87.5447794596354 75.4860661824544 72.3220331827799 73.3183957417806 65.8172030131022 72.0266754150391 78.5078801472982 73.0510892232259 84.8744913736979 84.6129450480143 72.2811243693034 66.3625401814779 63.3687838236491 63.8255037943522 62.6793139139811 63.0447018941244 64.0414403279622 66.7530019124349 75.2491444905599 88.5979832967122 72.8390441894531 63.8017295837402 62.2533704121908 63.4689854939779 62.8003293355306 61.3756034851074 61.6528180440267 61.81906153361 71.5141263326009 61.6280474344889 61.6731819152832 0 0 0 0 66.1643269856771 63.5411076863607 66.0619659423828 85.3577112833659 97.9220728556315 95.5111607869466 81.1862950642904 66.3236343383789 67.6353614807129 62.8794125874837 64.8622217814128 67.2585253397624 81.4317509969076 82.219889831543 83.8976135253906 86.5141286214193
76.3498209635417 77.5379160563151 80.7817845662435 90.1547007242839 96.3893920898438 96.3326766967773 91.3817372639974 81.4826232910156 87.5768051147461 79.5946431477865 68.869694519043 63.1639826456706 65.2133692423503 71.7161257425944 80.5001118977865 85.7000569661458 85.8358947753906 67.1181246439616 65.112991587321 64.942537689209 66.4469879150391 63.9425315856934 63.8862777709961 66.2315142313639 66.5502332051595 71.1595718383789 80.5264119466146 87.6386800130208 83.8861175537109 67.3417958577474 67.3504369099935 62.0209884643555 61.9859733581543 60.9124753316243 61.8849924723307 62.2428090413411 73.313449605306 61.5358711242676 61.4373606363932 0 0 0 95.2130493164063 80.0223597208659 82.4722478230794 89.6025370279948 97.7293268839518 97.4392654418945 83.7854115804036 67.4502909342448 60.7929969787598 72.0135650634766 64.4641726175944 72.1519304911296 86.1818511962891 88.2759262084961 75.1952723185221 71.6491007486979 69.9522201538086
71.9725288391113 74.2744425455729 77.7015558878581 88.4400365193685 90.7820251464844 95.4725809733073 95.3917383829753 87.9947219848633 86.1737157185872 73.2626815795898 66.0754643758138 67.0873802185059 63.294507598877 64.4893313090006 67.8173072814941 67.0220545450846 85.7367960611979 71.4675493876139 76.0228897094727 71.5711512247721 65.8035575866699 64.6052981058756 64.8135719299316 63.9969286600749 64.2371185302734 65.1301907857259 67.413222249349 84.9246688842773 85.816514078776 63.0633163452148 77.2191324869792 61.9900652567546 62.0748865763346 61.7395657857259 61.8513865152995 64.8523442586263 64.7540954589844 61.5201965332031 61.2110888163249 61.3842798868815 61.7687390645345 67.0652437845866 85.562878926595 96.5302597045898 97.1986582438151 94.9313415527344 92.8982844034831 87.1083633422852 70.4016471862793 61.3895553588867 60.2993927001953 72.1848630269369 78.193239847819 90.4492009480794 78.8436248779297 68.5242309570312 75.3467379252116 63.5376899719238 64.2107971191406
81.2169138590495 75.3922403971354 74.6804222106934 77.6242172241211 79.681042989095 87.9364105224609 91.0923828125 93.8018010457357 85.785264078776 76.3527989705404 74.3037081400553 73.6949824015299 66.4134671529134 67.6354092915853 67.0423853556315 70.1502337137858 84.4731206258138 83.8553187052409 71.0996404012044 67.5469100952148 66.7006294250488 65.602503712972 64.4088948567708 65.3782491048177 66.9611231486003 64.1927838643392 63.6633501688639 71.6920995076497 87.8095235188802 81.3163996378581 71.6186660766602 63.8305864969889 62.5376108805339 66.1187632242839 62.2414431254069 78.1427022298177 71.2141916910807 61.3178372701009 67.9753845214844 63.7812906901042 79.8559387207031 84.2577794392904 95.5919916788737 96.1304433186849 94.5554036458333 83.149245707194 87.5392130533854 66.8529337565104 63.5374643961589 61.3529670715332 62.7724380493164 76.6216837565104 79.9323877970378 91.2451380411784 75.4971092224121 64.7600390116374 73.4342455546061 59.1912241617839 59.8166600545247
87.1320368448893 80.8486673990885 82.5674219767253 84.6992304484049 84.9065495808919 89.9261891682943 94.3203297932943 93.1494054158529 85.8763854980469 84.3929102579753 75.741899617513 69.7014305114746 65.6612419128418 65.3932169596354 72.4103772481283 80.8038060506185 85.1541275024414 77.259413655599 80.3106913248698 78.9206604003906 83.7995752970378 77.2568649291992 80.7239461263021 79.9040028889974 74.9089848836263 67.9761795043945 63.7156766255697 71.0728513081869 87.6115407307943 85.8432378133138 72.5805638631185 71.7725329081217 78.988515218099 83.7396708170573 79.7737106323242 88.6545486450195 66.4564064025879 67.0509127298991 72.9231218973796 81.6534067789714 88.8456822713216 94.7775568644206 95.2808252970378 84.5944890340169 74.0287111918131 65.8848696390788 62.8477322896322 64.0369036356608 70.0353243509928 62.2985097249349 67.0933807373047 68.0721138000488 79.3411946614583 87.5555023193359 70.0231826782227 62.1912310282389 61.9407325744629 60.6353136698405 59.2265279134115
91.2669316609701 87.7086481730143 88.1720962524414 89.0742441813151 88.2786773681641 93.5900822957357 93.3960433959961 86.194731648763 82.0476593017578 70.6943041483561 68.3972585042318 67.1486531575521 66.7205474853516 69.917561340332 70.6918317159017 82.7106755574544 83.4344629923503 84.172346496582 84.8363286336263 84.9494984944661 85.1678507486979 82.6895192464193 84.7545272827148 83.9556584676107 83.7113286336263 82.1088068644206 82.8257186889648 83.1243250528971 89.2943710327148 86.6184387207031 86.8702763875326 86.1986684163411 86.4176737467448 87.3297993977865 87.7676116943359 88.8829549153646 84.129774983724 81.159238688151 81.3779495239258 86.6387919108073 93.9729354858398 94.5347040812174 91.8189712524414 82.7655095418294 68.098784383138 65.3584002176921 67.2134844462077 66.6400194803874 74.4961804707845 84.5300216674805 84.372954305013 90.8328140258789 94.898247273763 88.4894419352214 70.8522565205892 61.5569020589193 63.9338439941406 59.248299407959 58.653683980306
92.7274597167969 89.7302398681641 90.5653264363607 93.5215372721354 93.1985005696615 93.1159851074219 91.4326446533203 83.4887634277344 81.8131337483724 80.0810094197591 77.7102767944336 79.1937845865885 73.048366800944 78.8034255981445 81.696359761556 83.3237981160482 84.6819839477539 89.9268325805664 90.7754659016927 90.6069483439128 90.800449625651 88.5184712727865 87.9148549397786 87.8353174845378 88.0261983235677 88.7752039591471 85.6516372680664 87.3058527628581 92.046230061849 92.3103373209635 92.1276275634766 92.4228378295898 91.3177739461263 90.35853322347 90.9282506306966 91.8016159057617 90.3427937825521 87.8152303059896 88.7113438924154 89.6331507364909 93.7287836710612 92.8400446573893 85.2062301635742 78.2501388549805 76.7003504435221 79.0102132161458 86.9680058797201 87.7370829264323 88.916520690918 88.8247166951497 87.8828297932943 87.4966242472331 87.7968795776367 96.0275588989258 80.1782770792643 71.3216013590495 58.56583887736 56.89269434611 57.9517066955566
91.9687052408854 91.7251332600911 93.5539611816406 93.2551701863607 92.8689809163411 92.4436991373698 88.4313730875651 87.7998499552409 87.1665837605794 86.6354258219401 85.3107365926107 84.924814860026 82.5826889038086 82.6069676717122 84.0513692220052 84.0182235717773 84.9725789388021 89.315478515625 86.3560424804687 88.785417175293 87.590077718099 90.01917775472 90.3336100260417 90.5585713704427 90.659602355957 90.6921986897786 90.7739125569662 90.0060460408529 89.6981185913086 88.7842269897461 88.4635213216146 87.1436131795247 89.1924530029297 88.8014256795247 89.1867197672526 89.8120447794596 91.2353602091471 91.873252360026 92.3755559285482 92.6949157714844 91.1735748291016 82.6853434244792 76.0198824564616 81.2249018351237 78.6804870605469 72.7235054016113 79.0911280314128 74.049644724528 71.7920590718587 66.4778683980306 69.7650075276693 72.4168309529622 87.4950266520182 95.4128677368164 80.6549031575521 64.3301177978516 59.8795473734538 59.2268384297689 60.1523712158203
94.1634719848633 93.6151351928711 93.0557352701823 91.9559117635091 92.1124689737956 91.7699600219727 91.7023915608724 91.4155059814453 90.962033589681 90.6618021647135 90.3650644938151 89.7540390014648 88.1280924479167 89.0006907145182 88.7206654866536 88.6096588134766 87.2237899780273 82.2373392740885 82.0009826660156 78.7093617757161 79.375478108724 82.4417816162109 84.7270431518555 85.0800298055013 83.5991760253906 83.883198038737 84.7931559244792 83.9577824910482 83.2173304239909 82.0111775716146 81.9697087605794 80.236018371582 81.2971837361654 79.6606018066406 80.3567845662435 81.1744873046875 84.5249247233073 86.6254633585612 82.0448928833008 83.0205139160156 80.5332997639974 81.6547246297201 71.2720682779948 67.7670110066732 62.3643697102865 67.7563784281413 74.3987861633301 62.0690605163574 60.2898923238118 61.7025215148926 63.8204572041829 77.2254038492839 92.8128799438477 92.8853922526042 80.2999348958333 76.3124361673991 62.0547541300456 64.0118509928385 61.0056922912598
93.6426940917969 93.1584864298503 92.3534525553385 89.9763056437175 88.2431762695312 86.5528310139974 90.2595840454102 89.3506312052409 86.5208379109701 85.3460723876953 85.0845789591471 88.172412109375 87.8911137898763 87.3490509033203 84.7086135864258 84.368115234375 83.956692759196 81.168950398763 80.2773127237956 68.0852249145508 69.0371584574382 73.0080828348796 81.6411916097005 79.5898401896159 71.5170633951823 78.834944152832 80.0875005086263 76.3238194783529 79.7250630696615 66.6615798950195 82.0919713338216 64.6652211507161 69.4397524515788 68.3429733276367 67.0524503072103 73.3236145019531 75.3005393981934 75.8187037150065 65.6620714823405 66.0508209228516 65.6721613566081 72.7538243611654 68.3534528096517 59.3429690043132 60.8962766011556 63.197599029541 61.9463684082031 64.8191263834635 60.1151563008626 62.3634391784668 78.9644063313802 91.7132898966471 96.8029591878255 87.4239873250326 71.1559143066406 72.7676427205404 72.1115300496419 65.1847101847331 60.8026049296061
90.5926630655924 92.4370539347331 89.4257019042969 88.7407526652018 86.894189453125 83.9463073730469 84.1892339070638 83.8530919392904 81.0221969604492 80.6070337931315 81.0904113769531 81.293489074707 81.4648961385091 81.2475743611654 79.5129435221354 79.7602569580078 80.0073537190755 75.9515518188477 73.5800025939941 73.9141400655111 65.6812199910482 63.2122545878092 78.1565643310547 66.3559127807617 75.0732490539551 62.1138943990072 78.5341918945312 70.8251960754395 63.1538548787435 61.784211730957 79.5270858764648 61.8341156005859 62.6802602132161 58.3770517985026 59.3560048421224 70.71080271403 63.2834698994954 64.2884689331055 65.0483645121256 59.5401161193848 60.1003631591797 60.4987617492676 78.4001113891602 60.1306025187174 59.7849451700846 60.6136797587077 62.0148203531901 63.3902875264486 60.1386268615723 67.075727335612 85.2049051920573 96.3439458211263 90.870383199056 74.826182047526 64.6355735778809 61.3639012654622 61.5745485941569 60.5886899312337 62.9397082010905
91.8211334228516 88.109477742513 86.8223459879557 86.7524810791016 83.6129994710286 72.9516265869141 77.098344930013 83.0866755167643 81.6461898803711 72.2112869262695 71.6566057840983 76.5288162231445 81.0606745402018 79.6441416422526 79.6168009440104 69.7865463256836 74.5999013264974 65.3597277323405 74.8059308369954 72.6918690999349 62.9601732889811 62.236860148112 71.7293947855631 68.1700208028158 69.8611493428548 61.8139256795247 67.2802927652995 61.8203196207682 60.357851155599 70.2718185424805 70.7197052001953 63.099890645345 58.7342313130697 58.7169520060221 58.2321551005046 65.546004486084 57.8400650024414 65.9371841430664 58.2751675923665 58.8330795288086 59.1368766784668 59.3298980712891 71.6402122497559 60.346866607666 59.5895266215007 61.8015625 59.5994682312012 59.9208918253581 60.1214902242025 64.1603090922038 81.8379623413086 95.8751073201497 85.3539184570313 88.0657633463542 77.7290557861328 67.6764724731445 69.0081258138021 72.2070254007975 70.0450531005859
89.7763295491536 87.9947179158529 79.2469960530599 81.4243952433268 68.001448059082 66.6302062988281 72.1011390686035 75.7954658508301 69.3692939758301 71.8023379007975 66.789820098877 73.5660484313965 80.2706431070963 73.0124079386393 78.9678385416667 72.7948857625326 65.0448448181152 63.6648150126139 74.6721417744954 65.7151563008626 73.398282623291 61.6600524902344 61.4569328308105 65.930574798584 63.0020057678223 61.5308535257975 66.2965741475423 61.5664868672689 61.7812693277995 61.4074040730794 59.1243672688802 69.3451777140299 58.5468795776367 58.0597417195638 57.8636393229167 61.0650917053223 58.3392888387044 58.4534027099609 58.9675979614258 59.3645306905111 59.5174029032389 59.9913426717122 66.2406852722168 59.2664090474447 59.6708648681641 60.1142168680827 59.8816851298014 59.9305282592773 64.5877667744954 74.9292841593424 78.9156611124674 94.55625 97.0648991902669 96.0230677286784 85.5048055013021 82.8427012125651 82.0360687255859 81.6533493041992 67.3673194885254
89.3796015421549 89.3838877360026 86.9632939656576 85.3363438924154 77.7227951049805 74.0860875447591 67.7246017456055 64.8455917358398 67.804985555013 64.7752362569173 66.6816777547201 77.571962483724 78.8724922180176 72.9017395019531 71.5406532287598 72.0048637390137 65.3620681762695 63.7165753682454 63.6126625061035 62.2378954569499 62.3964960734049 62.9322380065918 60.9480267842611 63.9934397379557 60.6764528910319 60.2870946248372 66.2102277119954 59.7912851969401 62.2622721354167 60.9697291056315 58.3233423868815 63.2174054463704 58.4896662394206 57.6730628967285 58.0978762308756 58.2893366495768 57.8373397827148 58.2800519307454 58.4648890177409 59.0376469930013 59.4790776570638 65.0370546976725 61.4742090861003 62.2715698242188 59.8116994222005 60.3865750630697 59.9110125223796 63.7103808085124 71.1015281677246 82.6534108479818 84.8620274861654 79.2294901529948 86.5170232137044 97.0637201944987 93.1254216512044 94.2275212605794 92.9604512532552 84.4983332316081 87.310302734375
89.1780817667643 86.8503463745117 86.1450266520182 86.6561528523763 84.1948252360026 80.3053049723307 72.3525370279948 75.3968554178874 67.2786181131999 65.6285499572754 63.2856587727865 71.9023714701335 76.7509791056315 71.7959256490072 64.7067184448242 74.1939320882161 62.8741516113281 62.2076265970866 61.1007657368978 61.9676071166992 60.6616628011068 61.4648419698079 60.4498085021973 60.6957107543945 60.0647692362467 59.8405395507813 63.2107564290365 59.3617454528809 59.1576426188151 60.3409517923991 58.3045028686523 58.2004826863607 57.8836512247721 57.8889478047689 57.8995213826497 57.9391339619954 58.2352961222331 70.3340662638346 59.883519744873 59.3444007873535 59.6100573221842 59.8020637512207 59.605185953776 59.7178077697754 60.0126800537109 61.9542170206706 64.2393061319987 67.7567896525065 78.4649078369141 73.6121411641439 69.1473108927409 65.9106618245443 87.3064778645833 97.4443542480469 91.7815129597982 75.5044260660807 72.6657409667969 77.2792536417643 68.4358978271484
89.400417582194 85.5719655354818 75.5790171305339 81.7941879272461 85.1435414632162 84.4244939168294 83.2687393188477 80.2538655598958 75.276830291748 68.1577273050944 64.8719968159994 65.3189270019531 74.7680198669434 63.5574043273926 65.9467674255371 63.6651875813802 62.423636118571 66.6831647237142 67.5153793334961 62.3895462036133 66.8435920715332 61.2326891581217 64.5565640767415 62.6788269042969 59.7463081359863 59.5175926208496 59.2837432861328 59.3365804036458 59.2720087687174 58.873983001709 58.3597478230794 58.3662920633952 67.9926137288411 62.4362775166829 57.7171173095703 58.7595570882161 77.3128560384115 71.2255312601725 59.126006825765 59.7292416890462 59.7013799031576 59.6024482727051 67.5247316996256 60.8830556233724 60.3097826639811 61.7220937093099 62.7156799316406 74.8517560323079 69.2832524617513 64.0093373616536 72.4576708475749 79.4459726969401 87.1840855916341 97.5972427368164 90.3402013142904 69.7856999715169 63.9787549336751 66.1730674743652 68.8404538472493
