ET0/medie/MEDIA_ET0_04.asc
NCOLS 177 
NROWS 174 
XLLCORNER 1436301.375 
YLLCORNER 4916704.5 
CELLSIZE 1500 
NODATA_value -9999 
[rows 78 to 103 of 174, columns 0 to 58 of 177]
0 0 0 0 0 0 0 0 0 0 0 0 0 0 0 0 0 0 0 0 0 0 0 0 75.011984761556 74.5726969401042 74.0799845377604 73.7425061543783 73.3253799438477 72.9334129333496 72.5302070617676 72.4058369954427 71.8510981241862 71.7204465230306 71.547026570638 71.1361117045085 70.7080795288086 70.558531443278 70.3131337483724 70.0049461364746 69.7024012247721 69.5030721028646 69.2125821431478 68.9573994954427 68.7227012634277 68.3144592285156 68.3230163574219 68.1342938741048 67.9441279093424 67.6052703857422 67.5920491536458 67.3833717346191 68.1429695129395 67.5241859436035 67.9157814025879 66.8545926411947 66.7953572591146 66.7310910542806 66.5856562296549
0 0 0 0 0 0 0 0 0 0 0 0 0 0 0 0 0 0 0 0 0 0 0 0 75.0336563110352 74.5305679321289 74.0635688781738 73.6629213968913 73.252953338623 72.8500882466634 72.5474716186523 72.1444803873698 71.3833600362142 71.4161666870117 71.3321243286133 71.2200607299805 70.662161509196 70.5550921122233 70.2035395304362 69.9401947021484 69.6324783325195 69.3982457478841 69.1080716451009 68.8367734273275 68.5965215047201 68.3317321777344 68.1813573201497 68.0047948201497 67.818223063151 67.5067225138346 67.6746566772461 67.8231892903646 68.1358281453451 68.056076558431 67.9934684753418 67.1232823689779 66.7790697733561 66.7887791951497 66.7256543477376
0 0 0 0 0 0 0 0 0 0 0 0 0 0 0 0 0 0 0 0 0 0 0 0 0 0 74.0471433003743 73.6093907674154 73.2185208638509 72.8416122436523 72.5030151367187 71.4407305399577 70.7028806050618 71.2464174906413 71.298166402181 71.1779902140299 70.8532803853353 70.5393699645996 70.2211794535319 69.9644322713216 69.6185208638509 69.2905695597331 69.0514190673828 68.7765029907227 68.5320688883464 68.2864669799805 68.0509457906087 67.9261444091797 67.728394317627 67.9235521952311 68.1787582397461 68.1161549886068 68.0285077412923 68.064756266276 67.9702000935872 67.2695788065592 66.7601409912109 66.6818552652995 66.634014638265
0 0 0 0 0 0 0 0 0 0 0 0 0 0 0 0 0 0 0 0 0 0 0 0 0 0 74.0973737080892 73.5605768839518 73.1438064575195 72.7579839070638 72.4162587483724 71.1803487141927 71.2170900980632 71.3284238179525 71.2742922465007 71.0422327677409 70.8288932800293 70.4803202311198 70.2257659912109 69.9135983784993 69.5719525655111 69.2652793884277 68.9376668294271 68.7119155883789 68.5130999247233 68.2668991088867 68.0419614156087 67.8418919881185 67.6543195088704 67.9967625935872 67.8866851806641 67.9959365844727 68.0218182881673 67.6423792521159 67.5050799051921 67.3840118408203 66.9515846252441 66.911927541097 66.5962153116862
0 0 0 0 0 0 0 0 0 0 0 0 0 0 0 0 0 0 0 0 0 0 0 0 0 74.7005007425944 74.0994590759277 73.6177055358887 73.1420026143392 72.7639701843262 72.4457379659017 71.9013270060221 71.7511906941732 71.4866661071777 71.2644098917643 70.9866989135742 70.6481803894043 70.3546315511068 70.1539413452148 69.8653010050456 69.5399403889974 69.2184577941894 68.930259958903 68.7510442097982 68.5932169596354 68.4612785339355 68.0232475280762 67.8156372070312 67.6352844238281 67.9232358296712 68.0137029012044 68.0111371358236 67.9214825948079 67.8828000386556 67.5813723246256 67.3655886332194 67.2146166483561 66.6794441223145 66.5378074645996
0 0 0 0 0 0 0 0 0 0 0 0 0 0 0 0 0 0 0 0 0 0 0 0 0 74.6736254374186 74.2099957784017 73.6260594685872 73.2012975056966 72.7781176249186 72.4435320536296 72.061954498291 71.71568552653 71.4321464538574 70.8874008178711 70.1802324930827 70.2398361206055 70.0168955485026 70.0778193155924 69.8932678222656 69.557293955485 69.2044924418131 68.961073811849 68.8240730285645 68.6058682759603 68.3423276265462 67.9955151875814 67.7638506571452 67.5886764526367 67.8744232177734 68.0425819396973 67.9470687866211 67.6425160725911 67.5109484354655 67.7570594787598 67.7138506571452 67.5889874776204 66.507497660319 66.4820213317871
0 0 0 0 0 0 0 0 0 0 0 0 0 0 0 0 0 0 0 0 0 0 0 0 0 0 74.2309209187826 73.7208338419596 73.2452977498372 72.8291692097982 72.4650395711263 72.0898203531901 71.7697860717773 71.5036791483561 70.7802096048991 70.1821083068848 70.0030263264974 69.6007423400879 69.386589050293 69.7086575826009 69.6606468200684 69.2602411905925 68.9603876749674 68.6847409566244 68.634415435791 68.3682960510254 68.0624033610026 67.7542765299479 67.5596349080404 67.7809410095215 68.028310139974 67.6627560933431 67.3884208679199 67.7203236897787 67.3948733011882 67.4556849161784 67.5995290120443 67.0321652730306 66.4464284261068
0 0 0 0 0 0 0 0 0 0 0 0 0 0 0 0 0 0 0 0 0 0 0 0 0 0 0 73.8392082214355 73.3006182352702 72.8909576416016 72.4642364501953 72.1634386698405 71.8682856241862 71.5456166585286 71.2360786437988 71.0057685852051 70.6446151733398 70.2188878377279 69.106204477946 69.4595662434896 69.5927052815755 69.3058423360189 69.0241887410482 68.7192105611165 68.51404393514 68.2554272969564 67.9748545328776 67.7812952677409 67.5827390034994 67.8189748128255 67.9720069885254 67.7251421610514 67.296120707194 67.3933553059896 67.6971438090007 67.2087649027506 67.4969820658366 67.5865290323893 67.1223510742188
0 0 0 0 0 0 0 0 0 0 0 0 0 0 0 0 0 0 0 0 0 0 0 0 0 0 0 73.9827964782715 73.3251157124837 72.9324406941732 72.5717714945475 72.226922861735 71.8985664367676 71.5218869527181 71.3163302103678 71.0340525309245 70.7375996907552 70.3398094177246 69.8940533955892 69.5566764831543 69.6344843546549 69.370378112793 69.0963307698568 68.8095387776693 68.65831934611 68.4450057983398 68.199055480957 67.8304555257161 67.6378672281901 67.7567606608073 67.9027804056803 67.8800237019857 67.3953745524089 67.30310643514 67.4398132324219 67.5984331766764 67.5236974080404 67.61240234375 67.1725929260254
0 0 0 0 0 0 0 0 0 0 0 0 0 0 0 0 0 0 0 0 0 0 0 0 0 0 0 74.1315414428711 73.4448585510254 73.0053199768066 72.6173133850098 72.2249649047852 71.9310966491699 71.6270818074544 71.3534309387207 71.0737462361654 70.7928319295247 70.5250989278158 70.2761144002279 69.8249862670898 69.6035438537598 69.489431254069 69.1534703572591 68.8475662231445 68.5731704711914 68.4249071756999 68.2414782206217 67.8837290445964 67.6256411234538 67.6577173868815 67.8641059875488 67.8398099263509 67.7673431396484 67.6493413289388 67.6304466247559 67.6157633463542 67.6093327840169 67.5860677083333 67.2723101298014
0 0 0 0 0 0 0 0 0 0 0 0 0 0 0 0 0 0 0 0 0 0 0 0 0 0 0 74.1943570454915 73.5635330200195 73.1638679504395 72.7392377217611 72.3453086853027 72.0119715372721 71.7428972880046 71.4431999206543 71.166381072998 70.8656150817871 70.5379859924316 70.3103144327799 70.1275052388509 69.6597587585449 69.4889801025391 69.3196439107259 68.9432238260905 68.8036885579427 68.5393870035807 68.3074645996094 67.9612614949544 67.7177302042643 67.7114473978678 67.8960711161296 67.6883682250977 67.4231432596842 67.6275098164876 67.4780662536621 67.1038508097331 67.569682820638 67.687855275472 67.0588015238444
0 0 0 0 0 0 0 0 0 0 0 0 0 0 0 0 0 0 0 0 0 0 0 0 0 0 0 74.3889628092448 73.8076108296712 73.2652475992839 72.8676106770833 72.5201281229655 72.1711774190267 71.9031756083171 71.5563036600749 71.2677856445312 70.9581619262695 70.6463106791178 70.3356201171875 70.0794843037923 69.7849210103353 69.5496927897135 69.3165451049805 69.0450976053874 68.7571942647298 68.5603823343913 68.3218256632487 68.1010330200195 67.8758941650391 67.7659202575684 67.9311871846517 67.6206639607747 67.6725448608398 67.3707021077474 66.906689453125 66.8680755615234 66.9578262329102 67.6499176025391 67.2308209737142
0 0 0 0 0 0 0 0 0 0 0 0 0 0 0 0 0 0 0 0 0 0 0 0 0 0 0 0 74.0246292114258 73.5931503295898 73.0512339274089 72.696117401123 72.2997983296712 72.0210090637207 71.6956921895345 71.384391784668 71.0814394632975 70.7574732462565 70.4605979919434 70.1672058105469 69.8799260457357 69.6193557739258 69.3672520955404 69.0652643839518 68.8624743143717 68.612215423584 68.3688079833984 68.158827718099 68.0196004231771 67.9693176269531 67.8548439025879 67.7141133626302 67.4174054463704 67.5788317362467 67.2378102620443 66.878636932373 67.4630765279134 67.5190818786621 67.1600568135579
0 0 0 0 0 0 0 0 0 0 0 0 0 0 0 0 0 0 0 0 0 0 0 0 0 0 0 0 74.2922314961751 73.8026540120443 73.3566006978353 72.860471089681 72.4988260904948 72.1406814575195 71.805285135905 71.4624605814616 71.1778025309245 70.8894182840983 70.5704043070475 70.254537709554 70.0378028869629 69.6884559631348 69.4438532511393 69.1674565633138 68.9020350138346 68.7244455973307 68.4632232666016 68.1822204589844 68.1674204508464 67.9854927062988 66.9859204610189 66.9031972249349 66.8594317118327 66.8033050537109 66.8738014221191 67.2907920837402 67.7630688985189 67.3618479410807 66.9880699157715
0 0 0 0 0 0 0 0 0 0 0 0 0 0 0 0 0 0 0 0 0 0 0 0 0 0 0 0 74.3286219278971 74.0726193745931 73.619468943278 73.184300994873 72.7551938374837 72.369394938151 71.9890805562337 71.627348836263 71.2890739440918 70.9584299723307 70.7122451782227 70.4016273498535 70.1216148376465 69.8107744852702 69.5287846883138 69.305396270752 68.9966316223145 68.7306516011556 68.5021138509115 68.170627339681 68.03718846639 67.9265385945638 67.0089775085449 66.9425407409668 66.9283294677734 66.9372833251953 66.9612721761068 67.4669827779134 67.6456461588542 67.2686454772949 67.0487124125163
0 0 0 0 0 0 0 0 0 0 0 0 0 0 0 0 0 0 0 0 0 0 0 0 0 0 0 0 0 0 73.9050369262695 73.4999557495117 73.075616200765 72.6220799763997 72.1230143229167 71.7981491088867 71.4360443115234 71.129780069987 70.8189374287923 70.5178072611491 70.173503112793 69.9042180379232 69.6367162068685 69.3707499186198 69.0727958679199 68.776887512207 68.5483492533366 68.252138264974 68.0700523376465 67.4961252848307 67.0514249165853 66.9807998657227 66.9964116414388 67.0039268493652 67.0188557942708 67.400596110026 67.6191617329915 67.404795328776 67.5084182739258
0 0 0 0 0 0 0 0 0 0 0 0 0 0 0 0 0 0 0 0 0 0 0 0 0 0 0 0 0 0 0 0 73.2486813863118 72.7939412434896 72.284531656901 71.9318425496419 71.5880340576172 71.2811508178711 70.9302370707194 70.615475209554 70.269083404541 70.0348584493001 69.7523775736491 69.4650856018066 69.1267794291178 68.8606152852376 68.6640446980794 68.4437914530436 68.2552668253581 67.6667668660482 67.1252077738444 67.0734802246094 67.121511332194 67.1409413655599 67.2027455647787 67.8113352457682 67.6637062072754 67.3168429056803 67.2622118631999
0 0 0 0 0 0 0 0 0 0 0 0 0 0 0 0 0 0 0 0 0 0 0 0 0 0 0 0 0 0 0 0 73.4565071105957 73.0167577107747 72.5383522033691 72.0736274719238 71.7198549906413 71.3854512532552 71.0637619018555 70.7374575297038 70.406125386556 70.1232368469238 69.8624671936035 69.5921704610189 69.2836741129557 69.0131403605143 68.7521766662598 68.4403839111328 67.9453160603841 67.3721209208171 67.2554445902506 67.2639673868815 67.2673957824707 67.2823206583659 67.343088277181 68.0803988138835 67.7259437561035 67.5074887593587 67.4681228637695
0 0 0 0 0 0 0 0 0 0 0 0 0 0 0 0 0 0 0 0 0 0 0 0 0 0 0 0 0 0 0 0 73.5616747538249 73.1981857299805 72.767653910319 72.3161410013835 71.8155174255371 71.4989725748698 71.1436515808105 70.832413482666 70.480579884847 70.2422444661458 69.9615353902181 69.6589444478353 69.3658988952637 69.1257982889811 68.893424987793 68.5808654785156 67.9686218261719 67.6235333760579 67.4912913004557 67.4445157368978 67.3803194681803 67.4772997538249 67.5180898030599 68.3313743591309 67.9164243062337 67.7340662638346 67.6935363769531
0 0 0 0 0 0 0 0 0 0 0 0 0 0 0 0 0 0 0 0 0 0 0 0 0 0 0 0 0 0 0 0 0 73.2888801574707 72.899462890625 72.4371579488118 71.9345675150553 71.5383458455404 71.2153747558594 70.8949801127116 70.6327916463216 70.3424840291341 70.0120231628418 69.7830495198568 69.4864138285319 69.2741536458333 69.0014355977376 68.8342409769694 68.6580535888672 68.5060557047526 68.5232180277506 68.3921915690104 68.4352350870768 68.3766092936198 68.3195854187012 68.3319971720378 68.1689020792643 67.9379252115885 67.9403114318848
0 0 0 0 0 0 0 0 0 0 0 0 0 0 0 0 0 0 0 0 0 0 0 0 0 0 0 0 0 0 0 0 0 73.3951950073242 72.9853360493978 72.5371017456055 72.046723429362 71.6283088684082 71.2924527486165 71.0043622334798 70.7126365661621 70.3806617736816 70.1246315002441 69.8902839660645 69.6218859354655 69.3720906575521 69.1627265930176 68.8958958943685 68.7643714904785 68.6255627950033 68.6880040486654 68.5313212076823 68.481393178304 68.3928479512533 68.3688359578451 68.3318929036458 68.3182123819987 68.3250663757324 68.2651120503744
0 0 0 0 0 0 0 0 0 0 0 0 0 0 0 0 0 0 0 0 0 0 0 0 0 0 0 0 0 0 0 0 0 0 73.059516398112 72.5808519999186 72.151682027181 71.7048784891764 71.3506523132324 71.0100807189941 70.7865397135417 70.5314333597819 70.2664883931478 70.0196159362793 69.766116587321 69.5093505859375 69.3348579406738 69.1965085347494 69.0635406494141 68.9297383626302 68.8798151652018 68.794175974528 68.7680295308431 68.6615394592285 68.6220146179199 68.5615623474121 68.6128964742025 68.5274208068848 68.5649630228678
0 0 0 0 0 0 0 0 0 0 0 0 0 0 0 0 0 0 0 0 0 0 0 0 0 0 0 0 0 0 75.0112660725911 74.475853729248 73.9825281778971 73.4572296142578 73.0850486755371 72.6169514973958 72.2301470438639 71.8227681477865 71.3895650227865 71.146076965332 70.8317286173503 70.6085848490397 70.3813034057617 70.1176259358724 69.942665608724 69.7250968933105 69.505967203776 69.39421971639 69.2393109639486 69.1676198323568 69.1205024719238 69.042605082194 69.0185407002767 68.9237787882487 68.8792180379232 68.7958559672038 68.7669634501139 68.7888926188151 68.812281036377
0 0 0 0 0 0 0 0 0 0 0 0 0 0 0 0 0 0 0 0 0 0 0 0 0 0 0 0 76.1427663167318 75.6696505228678 75.1366264343262 74.6094993591309 74.0479873657227 73.4685216267904 73.1214604695638 72.68132909139 72.2930969238281 71.929620107015 71.5564636230469 71.2037236531576 70.965424601237 70.7172533671061 70.4959615071615 70.2621238708496 70.077591196696 69.8814086914062 69.7611928304036 69.5529747009277 69.4584414164225 69.3981358846029 69.3451713562012 69.277389272054 69.225124613444 69.1885907491048 69.1405090332031 69.097311147054 69.0518735249837 69.0638430277507 69.0564969380697
0 0 0 0 0 0 0 0 0 0 0 0 0 0 0 0 0 0 0 0 0 0 79.2351951599121 78.7138654073079 0 0 0 0 76.2749717712402 75.756377919515 75.2483169555664 74.6620412190755 74.1120877583822 73.5200091044108 73.14158299764 72.7709808349609 72.4152628580729 72.0003893534342 71.7019393920898 71.3194574991862 71.0326182047526 70.8712094624837 70.6636276245117 70.4752426147461 70.2712361653646 70.068167368571 69.970950571696 69.7927696228027 69.7126335144043 69.6483139038086 69.5648961385091 69.5121706644694 69.4547017415365 69.4293060302734 69.359036509196 69.3391515096029 69.3263003031413 69.3233685811361 69.3159998575846
0 0 0 0 0 0 0 0 0 0 0 0 0 0 0 0 0 0 81.2217867533366 80.8123446146647 80.3422637939453 79.8640469868978 79.3675066630046 78.8807843526204 0 0 0 0 0 75.8634104410807 75.2947189331055 74.7000506083171 74.116897837321 73.632088470459 73.1272488911947 72.83851369222 72.517355855306 72.127023824056 71.8085194905599 71.4863477071126 71.1619908650716 70.9904088338216 70.7653579711914 70.573407236735 70.3989138285319 70.2386876424154 70.0857592264811 69.9907671610514 69.9176162719727 69.8241577148438 69.7559455871582 69.7284909566244 69.6852910359701 69.6413754781087 69.5674558003743 69.5690935770671 69.5564229329427 69.5916442871094 69.615082804362
