ET0/medie/MEDIA_ET0_12.asc
NCOLS 177 
NROWS 174 
XLLCORNER 1436301.375 
YLLCORNER 4916704.5 
CELLSIZE 1500 
NODATA_value -9999 
[rows 104 to 129 of 174, columns 118 to 176 of 177]
7.06827454566956 7.14135700861613 7.28861266771952 7.41401956876119 7.56179656982422 7.72962392171224 7.84390217463175 7.91980158487956 7.96508111953735 8.06901048024495 8.38991298675537 9.04266818364461 8.8182165145874 8.62053448359172 8.46631638209025 8.74796177546183 0 0 0 0 0 0 0 0 0 0 0 0 0 0 0 0 0 0 0 0 0 0 0 0 0 0 0 0 0 0 0 0 0 0 0 0 0 0 0 0 0 0 0
6.87476050059001 6.94315951665243 7.01844258308411 7.15273327827454 7.2660718758901 7.40744283994039 7.48647524515788 7.56398970286051 7.67030750910441 7.75329446792603 7.83147347768148 7.97749083836873 8.17641010284424 8.31177196502686 8.16706171035767 8.41031351089478 8.53575426737467 8.46816393534342 8.49528738657633 8.42263294855754 0 0 0 0 0 0 0 0 0 0 0 0 0 0 0 0 0 0 0 0 0 0 0 0 0 0 0 0 0 0 0 0 0 0 0 0 0 0 0
6.67976482709249 6.75268718401591 6.81923615137736 6.93522257804871 7.05267132123311 7.14082605044047 7.23851607640584 7.32657233874003 7.39709666570028 7.41539584795634 7.5399271329244 7.69062935511271 7.87152420679728 7.9787260055542 7.89505761464437 8.14793707529704 8.18481944402059 8.20677388509115 8.16889158884684 8.14759848912557 8.14115610122681 0 0 0 0 0 0 0 0 0 0 0 0 0 0 0 0 0 0 0 0 0 0 0 0 0 0 0 0 0 0 0 0 0 0 0 0 0 0
6.55391944249471 6.60014077822367 6.6868691444397 6.76218058268229 6.83469762802124 6.89264551798503 6.9741451104482 7.08113698959351 7.15180327097575 7.22376890182495 7.32519353230794 7.45034888585409 7.54885665575663 7.64124463399251 7.62434905370077 7.87564611434937 7.87622629801432 7.92847731908162 7.89940730730693 7.93695869445801 7.98282817204793 7.95476522445679 0 0 0 0 0 0 0 0 0 0 0 0 0 0 0 0 0 0 0 0 0 0 0 0 0 0 0 0 0 0 0 0 0 0 0 0 0
6.40881756146749 6.42567936579386 6.51171258290609 6.57721355756124 6.63813846906026 6.70617694854736 6.76309372584025 6.84548192024231 6.90403695106506 7.03405849138896 7.06892751057943 7.19165115356445 7.24855265617371 7.27284269332886 7.3919936021169 7.62259090741475 7.62806278864543 7.63305733998617 7.65336092313131 7.68134554227193 7.75505243937174 7.75225642522176 0 0 0 0 0 0 0 0 0 0 0 0 0 0 0 0 0 0 0 0 0 0 0 0 0 0 0 0 0 0 0 0 0 0 0 0 0
6.26127595901489 6.29125536282857 6.35418570836385 6.4054457505544 6.44912090301514 6.53489681879679 6.57738087972005 6.64954840342204 6.73626515070597 6.79894086519877 6.84468844731649 6.94328455924988 6.90442355473836 7.01143007278442 7.19249081611633 7.29796236356099 7.39850026766459 7.42976093292236 7.45256182352702 7.44731733004252 7.5132829507192 7.56841235160828 7.64437963167826 7.6572095712026 7.72800598144531 0 0 0 0 0 0 0 0 0 0 0 0 0 0 0 0 0 0 0 0 0 0 0 0 0 0 0 0 0 0 0 0 0 0
6.12040611902873 6.1522433757782 6.21499182383219 6.25455131530762 6.31607721646627 6.37699160575867 6.39949892361959 6.4239365418752 6.4874845345815 6.57585617701213 6.63698199590047 6.70383726755778 6.66586688359578 6.79886546134949 6.88381611506144 6.93155001004537 7.05604596138001 7.20068562825521 7.23028119405111 7.27481619517008 7.33430093129476 7.39587230682373 7.53902560869853 7.5234618028005 7.59560928344727 7.64300025304159 7.72583163579305 0 0 0 0 0 0 0 0 0 0 0 0 0 0 0 0 0 0 0 0 0 0 0 0 0 0 0 0 0 0 0 0
5.99368041356405 6.03435532251994 6.08055561383565 6.1031324227651 6.15483158429464 6.21413311958313 6.23603781064351 6.31262125968933 6.33639650344849 6.41893644332886 6.47742293675741 6.49279929796855 6.41714504559835 6.55297478040059 6.6691871325175 6.7261292775472 6.84402791659037 6.99885160128276 7.08785433769226 7.10539258321126 7.15941225687663 7.22855418523153 7.36016128857931 7.38367087046305 7.42912537256877 7.50470795631409 7.57900746663411 0 0 0 0 0 0 0 0 0 0 0 0 0 0 0 0 0 0 0 0 0 0 0 0 0 0 0 0 0 0 0 0
5.88894673983256 5.92667883237203 5.93433979352315 5.98525425593058 6.048020251592 6.07198131879171 6.13143099149068 6.16756998697917 6.19154858589172 6.2379712899526 6.31426488558451 6.35125754674276 6.32602160771688 6.3324757417043 6.48907313346863 6.56426537831624 6.64694655736287 6.71373885472616 6.92606471379598 6.96943578720093 6.98297874132792 7.10101421674093 7.14533886909485 7.21601627667745 7.30041519800822 7.3691425482432 7.45767614046733 7.52292432785034 7.58774569829305 0 0 0 0 0 0 0 0 0 0 0 0 0 0 0 0 0 0 0 0 0 0 0 0 0 0 0 0 0 0
5.80868924458822 5.80851702690124 5.85108761787415 5.88032477696737 5.92915906906128 5.96027895609538 5.99949649175008 6.03375196456909 6.08220953941345 6.07319327990214 6.16702658335368 6.18294699986776 6.18052566846212 6.18368693987528 6.30524123509725 6.39842570622762 6.49068231582642 6.55455282529195 6.71914097468058 6.78473854064941 6.8543118317922 6.93301224708557 7.02247667312622 7.09667779604594 7.15574542681376 7.2576965490977 7.31595961252848 7.38581577936808 7.47050412495931 7.52535429000855 0 0 0 0 0 0 0 0 0 0 0 0 0 0 0 0 0 0 0 0 0 0 0 0 0 0 0 0 0
5.70387450853984 5.72518748442332 5.72976849079132 5.80325786272685 5.82200938860575 5.84420038859049 5.90000007947286 5.91401844024658 5.91850816408793 5.9895218372345 6.03837717374166 6.08177800178528 6.10820709864298 6.03259477615356 6.1473218758901 6.21355074246724 6.24125809669495 6.34583536783854 6.54158789316813 6.66795872052511 6.73715728123983 6.83369425137838 6.87726546923319 6.94089949925741 7.03032833735148 7.15186422665914 7.20979835192362 7.30086325009664 7.38040943145752 7.45900727907817 0 0 0 0 0 0 0 0 0 0 0 0 0 0 0 0 0 0 0 0 0 0 0 0 0 0 0 0 0
5.66434744993846 5.67699237664541 5.70560366312663 5.71457047462463 5.7264230410258 5.75999356110891 5.78056646982829 5.81997005144755 5.83335957527161 5.8810741742452 5.93611764907837 6.01532607078552 5.98422218958537 5.92267220815023 5.99713966051737 6.07154618899027 6.14178406397502 6.20197701454163 6.30889933904012 6.38746603329976 6.5946043809255 6.70071709950765 6.75910598436991 6.84283345540365 6.93668484687805 7.0074835618337 7.08760267893473 7.14230197270711 7.25407358805339 7.38362587292989 0 0 0 0 0 0 0 0 0 0 0 0 0 0 0 0 0 0 0 0 0 0 0 0 0 0 0 0 0
5.58846369584401 5.57756658395131 5.59026675224304 5.64243459701538 5.66461745897929 5.69244649410248 5.7254629055659 5.74613422552745 5.77112595240275 5.79659381707509 5.84453949133555 5.89718325138092 5.92188328107198 5.84453850587209 5.89454083442688 5.9609335899353 6.02258084615072 6.07243849436442 6.16454839706421 6.1713295618693 6.4474641640981 6.54990108807882 6.60624094009399 6.68043192227681 6.77566226323446 6.86589810053507 6.95865227381388 7.07243102391561 7.18090403874715 7.27735912005107 7.39601480166117 7.51739281018575 7.62591174443563 0 0 0 0 0 0 0 0 0 0 0 0 0 0 0 0 0 0 0 0 0 0 0 0 0 0
5.53664285341899 5.4564083814621 5.51041164398193 5.55533585548401 5.60378754138947 5.62526380221049 5.65323895613352 5.68578895727793 5.68926029205322 5.71176784038544 5.7359398762385 5.78398331006368 5.83798811435699 5.89652740955353 5.96541750431061 5.97486902872721 6.04904168446859 6.13264969189962 6.13147288958232 6.18851831754049 6.26489715576172 6.40255303382874 6.52971086502075 6.59926179250081 6.67661131223043 6.78145769437154 6.87872440020243 6.99532693227132 7.10361251831055 7.19965176582336 7.3260990301768 7.45183924039205 7.56296906471252 0 0 0 0 0 0 0 0 0 0 0 0 0 0 0 0 0 0 0 0 0 0 0 0 0 0
5.49640914599101 5.4533931016922 5.45897067387899 5.46770930290222 5.55840508937836 5.57625687917074 5.61265527407328 5.65824380715688 5.64143986701965 5.67462622324626 5.69595047632853 5.74000864823659 5.77152121861776 5.77181351184845 5.89291661580404 5.93479229609172 5.94379132588704 6.03679087162018 6.03646299044291 6.11325699488322 6.18205467859904 6.2882794380188 6.42924822171529 6.51031891504924 6.63089992205302 6.72753089269002 6.80846784909566 6.92831824620565 7.01727635065714 7.14325043360392 7.26974522272746 7.39712696075439 7.5081081867218 0 0 0 0 8.17315540313721 8.2907341003418 0 0 0 0 0 0 0 0 0 0 0 0 0 0 0 0 0 0 0 0
5.56081980069478 5.54346090952555 5.54295477867126 5.56379446983337 5.57345403035482 5.55458959738414 5.57308444182078 5.59582807223002 5.60707954565684 5.60501351356506 5.63800362745921 5.67754644552867 5.70690142313639 5.72224752108256 5.84631622632345 5.84536120096842 5.87073670228322 5.95806148052216 6.06530601183573 6.09846855799357 6.19573111534119 6.16268167495728 6.37601911226908 6.45294125874837 6.56793254216512 6.67176127433777 6.75265498161316 6.87352716128031 6.98603731791178 7.11082798639933 7.22092881202698 7.34901016553243 7.46345041592916 0 7.72171715100606 7.86251684824626 8.00213696161906 8.14178409576416 8.28054647445679 8.42022142410278 8.51922330856323 0 0 0 0 0 0 0 0 0 0 0 0 0 0 0 0 0 0
5.61010530789693 5.60306185881297 5.55151693820953 5.52191565036774 5.52528347969055 5.53414263725281 5.53201049168905 5.59683970610301 5.58776808579763 5.59670405387878 5.6119720697403 5.64893480936686 5.67503407001495 5.71809299786886 5.80472350915273 5.83103717962901 5.87931753794352 5.94920744101206 6.00187438329061 6.05721757411957 6.15068515936534 6.17166721820831 6.27380091349284 6.40556686719259 6.51132022539775 6.57570967674255 6.72907732327779 6.83335105578105 6.93869274457296 7.06893310546875 7.19883896509806 7.3314382870992 7.45018348693848 7.57010498046875 7.70960677464803 7.85032339096069 8.04475504557292 8.13352308273315 8.27380851109823 8.39772233963013 8.52084627151489 0 0 0 0 0 0 0 0 0 0 0 0 0 0 0 0 0 0
5.64225042661031 5.63140229384104 5.63961203098297 5.63725448449453 5.60474298795064 5.52843760649363 5.53664127985636 5.55219661394755 5.60404951572418 5.60927613576253 5.61900610923767 5.63742783864339 5.67517306009928 5.71793194611867 5.74300938447317 5.772505458196 5.84771840572357 5.90571970144908 5.96958504517873 6.0504600127538 6.12766276995341 6.21551894346873 6.29282388687134 6.37312459945679 6.49778761863709 6.51977489789327 6.67360134124756 6.81805259386698 6.92392883300781 7.05479612350464 7.18766991297404 7.32352964083354 7.46341826121012 7.5833907922109 7.70721321105957 7.82679721514384 7.97314666112264 8.13269011179606 8.25807495117187 8.40869423548381 0 0 0 0 0 0 0 0 0 0 0 0 0 0 0 0 0 0 0
5.68835360209147 5.68863179683685 5.66146702766418 5.63813941478729 5.63502252896627 5.60397753715515 5.59178283214569 5.58748727639516 5.58511027495066 5.60445955594381 5.6293216307958 5.65871472358704 5.69253799120585 5.72969332536062 5.7381315946579 5.76875646114349 5.80160767237345 5.90261123975118 5.96821018060048 6.02076172828674 6.10443294048309 6.1905961116155 6.33209391434987 6.39676612218221 6.50104886690776 6.61145447095235 6.75926105181376 6.84032632509867 6.96321233113607 7.0538328965505 7.20596777598063 7.32647857666016 7.4863968372345 7.58971360524495 7.7319526831309 7.87153202692668 7.97798153559367 8.14230359395345 8.26101220448812 8.41776870091756 0 0 0 0 0 0 0 0 0 0 0 0 0 0 0 0 0 0 0
5.74666498502096 5.71312745412191 5.71475732326508 5.70258359114329 5.66130088170369 5.66024525960286 5.66269187132518 5.63628842035929 5.61381186644236 5.64701324303945 5.68557161490122 5.69512035051982 5.71094454129537 5.74358679453532 5.75281487305959 5.79287339051565 5.84363354841868 5.89754980405172 5.97894728183746 6.04758615493774 6.12063868840535 6.18902111848195 6.28937827746073 6.39367827574412 6.51862901051839 6.62835472424825 6.73467790285746 6.83435490926107 6.93834377924601 7.06565148035685 7.18285865783691 7.35591904322306 7.49663770993551 7.64050437609355 7.76506654421488 7.872611840566 8.05179487864176 8.13795906702677 8.29447479248047 8.43459618886312 8.51003793080648 8.68928025563558 0 8.93563925425212 9.06277389526367 0 0 0 0 0 0 0 0 0 0 0 0 0 0
5.78549203077952 5.7489261229833 5.73131459554036 5.71697193781535 5.70472255547841 5.69822086493174 5.6974671681722 5.69949259757996 5.69097509384155 5.70457907517751 5.70661833286285 5.73195188045502 5.74631563822428 5.77430979410807 5.79688608646393 5.83060171604157 5.88110616207123 5.95949319203695 6.00335625807444 6.07313661575317 6.14601821104685 6.21812585989634 6.3209632953008 6.42666563193003 6.53184809684753 6.63209433555603 6.74342401822408 6.84370600382487 6.96762406031291 7.09481611251831 7.22665904362996 7.36315040588379 7.48336517016093 7.64856511751811 7.68055149714152 7.8291819413503 8.06144749323527 8.18577238718669 8.25536985397339 8.45020863215129 8.57611176172892 8.75058444341024 8.88166341781616 8.98580373128255 9.07309745152791 0 0 0 0 0 0 0 0 0 0 0 0 0 0
5.88384706179301 5.8282176733017 5.8099911292394 5.79319312572479 5.76198809146881 5.76958926518758 5.78111508687337 5.78080042203267 5.76934998035431 5.77855931917826 5.79440264701843 5.80046513080597 5.81250468889872 5.83585137526194 5.87646066347758 5.88960837523142 5.9426527818044 6.02828036944071 6.06571016311645 6.14897749423981 6.19559462865194 6.26726429462433 6.37171439329783 6.46727379163106 6.57454091707865 6.67373218536377 6.76649044354757 6.88489367167155 7.00634020169576 7.13428339958191 7.2652950445811 7.40315583546956 7.54202496210734 7.66187040011088 7.78902583122253 7.93043053944906 8.07594893773397 8.20558121999105 8.34513079325358 8.44605913162231 8.5884438196818 8.75317506790161 8.84280614852905 8.96861197153727 9.08888037999471 0 0 0 0 0 0 0 0 0 0 0 0 0 0
5.9958617289861 5.93830053806305 5.91846175988515 5.88339744408925 5.8671223004659 5.85346361001333 5.84612019856771 5.8591478506724 5.86197362740835 5.85281002521515 5.91558438936869 5.86700579325358 5.89423032601674 5.91783935228984 5.94482391675313 5.9869774500529 6.04011458555857 6.07259292602539 6.12894113063812 6.19352578322093 6.26624286174774 6.3278133948644 6.41899982293447 6.52993925412496 6.62707301775614 6.72982236544291 6.84059136708577 6.95567747751872 7.07776756286621 7.204545434316 7.31480614344279 7.44915881156921 7.56789830525716 7.7080207824707 7.81317330996195 7.95851303736369 8.1174563407898 8.22422138849894 8.37135489781698 8.49241542816162 8.62734346389771 8.77037445704142 8.86318079630534 8.9979897181193 9.12342720031738 9.30815080006917 9.35814609527588 0 0 0 0 0 0 0 0 0 0 0 0
6.10322284698486 6.04391520818075 6.0206977446874 5.98267652988434 5.96377818584442 5.96689313252767 5.97443432013194 5.95276664892832 5.9699069182078 5.97474931875865 5.98567797342936 6.00016216437022 6.00540595054626 6.00111922423045 6.01513008276622 6.0585728486379 6.09041900634766 6.13242393334707 6.16997967561086 6.26227362950643 6.35967338085175 6.40246977806091 6.49328432877858 6.60439639091492 6.69618469874064 6.7999235312144 6.90871930122375 7.02328540484111 7.16263486544291 7.26620724995931 7.39527718226115 7.51005447705587 7.62560613950094 7.76319624582926 7.88518549601237 8.00613870620728 8.13183838526408 8.27583538691203 8.39630750020345 8.53873170216878 8.68216873804728 8.79765383402506 8.90660638809204 9.02995080947876 9.16942701339722 9.29471295674642 9.42363319396973 9.5249921798706 0 0 0 0 0 0 0 0 0 0 0
6.2533421754837 6.17438470522563 6.13156438668569 6.10963221391042 6.10745052496592 6.09225280284882 6.07964270114899 6.07424120108287 6.07371242841085 6.07404804229736 6.08042763074239 6.12979174455007 6.15721108118693 6.19402261575063 6.13273091316223 6.17738070487976 6.19643957614899 6.23497016429901 6.29252617359161 6.36703190008799 6.4228126446406 6.50981709957123 6.65830286343892 6.68354155222575 6.77739785512288 6.8799125512441 6.98885518709818 7.10264770189921 7.22156023979187 7.32338503201803 7.44855141639709 7.57780764897664 7.71252298355103 7.84969499905904 7.94912803967794 8.06736494700114 8.22751382191976 8.38810103734334 8.47536532084147 8.61547028223674 8.73387301762899 8.86570599873861 8.9748166402181 9.09313685099284 9.19921525319417 9.30841986338297 9.43220462799072 9.57268381118774 9.6809681892395 9.84486659367879 0 0 0 0 0 0 0 0 0
6.39599689642588 6.38458429972331 6.32219089667002 6.26602759361267 6.22822296619415 6.22724126180013 6.21647333304087 6.20763441721598 6.21728859742483 6.19997169176737 6.21827692190806 6.24444585641225 6.31566123167674 6.23381570180257 6.27835544745127 6.29071790377299 6.3217005332311 6.36114848454793 6.39983796278636 6.46629116535187 6.53676788012187 6.61603973706563 6.70804889996846 6.79509650866191 6.87129791577657 6.97384560902913 7.07911135355632 7.19175780614217 7.30794202486674 7.40819506645203 7.53291374842326 7.66054523785909 7.79041748046875 7.90528388023376 8.00408398310343 8.16124391555786 8.31922187805176 8.45797863006592 8.57745389938355 8.67725721995036 8.78140064875285 8.91389745076497 9.03989168802897 9.13995974858602 9.26030874252319 9.38466167449951 9.50450242360433 9.63513895670573 9.77188018163045 9.89079138437907 9.97934417724609 10.0840835889181 10.2705553372701 0 0 0 0 0 0
