ET0/medie/MEDIA_ET0_02.asc
NCOLS 177 
NROWS 174 
XLLCORNER 1436301.375 
YLLCORNER 4916704.5 
CELLSIZE 1500 
NODATA_value -9999 
[rows 96 to 119 of 174, columns 108 to 161 of 177]
24.5130435943604 24.6339149475098 24.7443864186605 24.8368429819743 24.9457172393799 25.0088273366292 25.0347029368083 25.0910554250081 25.2254737854004 25.2586301167806 25.4037382761637 25.498933283488 25.7490277608236 25.8548376719157 25.80784034729 25.6505507151286 25.7181365966797 25.6718123118083 25.7593064626058 25.8137929280599 25.8803122202555 -9999 -9999 -9999 -9999 -9999 -9999 -9999 -9999 -9999 -9999 -9999 -9999 -9999 -9999 -9999 -9999 -9999 -9999 -9999 -9999 -9999 -9999 -9999 -9999 -9999 -9999 -9999 -9999 -9999 -9999 -9999 -9999 -9999
24.3137816111247 24.4303344726562 24.5156471252441 24.6051980336507 24.6947555541992 24.7691345214844 24.8224095662435 24.9611199696859 24.9940461476644 25.0324321746826 25.1399145762126 25.2123263041178 25.492104212443 25.4251382191976 25.5163494110107 25.4767241160075 25.571771367391 25.6144939422607 25.6819644927979 25.8579832712809 26.0365109761556 26.0089492797852 25.9254330952962 25.9758021036784 26.140393447876 -9999 -9999 -9999 -9999 -9999 -9999 -9999 -9999 -9999 -9999 -9999 -9999 -9999 -9999 -9999 -9999 -9999 -9999 -9999 -9999 -9999 -9999 -9999 -9999 -9999 -9999 -9999 -9999 -9999
24.1173994700114 24.2186893463135 24.3157479604085 24.4059391021729 24.4816092173258 24.5358343760173 24.5839244842529 24.6662490844727 24.7528325398763 24.7864315032959 24.87469774882 25.0083737691244 25.1976339975993 25.3839191436768 25.4325915018717 25.4731716156006 25.3648298899333 25.341841506958 25.5108345031738 25.5408242543538 25.6094033559163 25.8179429372152 25.714216486613 25.7751140594482 25.7416121164958 -9999 -9999 -9999 -9999 -9999 -9999 -9999 -9999 -9999 -9999 -9999 -9999 -9999 -9999 -9999 -9999 -9999 -9999 -9999 -9999 -9999 -9999 -9999 -9999 -9999 -9999 -9999 -9999 -9999
23.9615211486816 24.0217957814535 24.1087009429932 24.1899485270182 24.2943294525146 24.3526763916016 24.4091238657633 24.4404483795166 24.5218858083089 24.5611194610596 24.6420093536377 24.7348373413086 24.8452335357666 25.1308382670085 25.2504634857178 25.3294033050537 25.2164822896322 25.256494140625 25.3583737691243 25.3734275817871 25.4450630187988 25.5967661539714 25.7002494812012 25.6232442220052 25.7473846435547 -9999 -9999 -9999 -9999 -9999 -9999 -9999 -9999 -9999 -9999 -9999 -9999 -9999 -9999 -9999 -9999 -9999 -9999 -9999 -9999 -9999 -9999 -9999 -9999 -9999 -9999 -9999 -9999 -9999
23.768404897054 23.8424182891846 23.9328075408936 24.014630762736 24.1092997233073 24.1601926167806 24.2131983439128 24.2194915771484 24.5356712341309 24.3411322275798 24.4171738942464 24.4538653055827 24.4798388163249 24.7857634226481 24.9798806508382 25.2772246042887 25.1720658620199 25.0895931243896 25.4303485870361 25.4004542032878 25.3880967458089 25.5550244649251 25.7339385986328 25.3965990702311 25.835494740804 -9999 -9999 -9999 -9999 -9999 -9999 -9999 -9999 -9999 -9999 -9999 -9999 -9999 -9999 -9999 -9999 -9999 -9999 -9999 -9999 -9999 -9999 -9999 -9999 -9999 -9999 -9999 -9999 -9999
23.6089459737142 23.6820878346761 23.7421429951986 23.8238807678223 23.8987030029297 23.9449675242106 24.0187890370687 24.0474479675293 24.0864744822184 24.1325481414795 24.175593439738 24.196696472168 24.2523501078288 24.3774571736654 24.6089508056641 24.792027537028 25.008118947347 25.2104062398275 25.5027955373128 25.5137986501058 25.2170193990072 25.5255652109782 25.8280344645182 25.2930926005046 25.2928508758545 -9999 -9999 -9999 -9999 -9999 -9999 -9999 -9999 -9999 -9999 -9999 -9999 -9999 -9999 -9999 -9999 -9999 -9999 -9999 -9999 -9999 -9999 -9999 -9999 -9999 -9999 -9999 -9999 -9999
23.4491957346598 23.5125052134196 23.6056931813558 23.6598656972249 23.7104841868083 23.7801813761393 23.8231950124105 23.840785853068 23.8718920389811 23.9206382751465 23.9835678100586 23.9956247965495 24.0511362711589 24.160902150472 24.3413183848063 24.499068959554 24.6546778361003 24.9760290781657 25.4837544759115 25.44072265625 25.1971195220947 25.1300676981608 25.199755859375 25.2752085367839 -9999 -9999 -9999 -9999 -9999 -9999 -9999 -9999 -9999 -9999 -9999 -9999 -9999 -9999 -9999 -9999 -9999 -9999 -9999 -9999 -9999 -9999 -9999 -9999 -9999 -9999 -9999 -9999 -9999 -9999
23.2997160593669 23.3920585632324 23.4250573476156 23.4703776041667 23.501593653361 23.5750307718913 23.5987038930257 23.6289941151937 23.6657967885335 23.7374908447266 23.7394756317139 23.8033917744954 23.8617523193359 23.9769872029622 24.0974263509115 24.2414944966634 24.3748908996582 24.4811305999756 24.5124187469482 24.7067573547363 25.051749420166 24.9120398203532 24.9887135823568 25.3126452128092 24.903853225708 -9999 -9999 -9999 -9999 -9999 -9999 -9999 -9999 -9999 -9999 -9999 -9999 -9999 -9999 -9999 -9999 -9999 -9999 -9999 -9999 -9999 -9999 -9999 -9999 -9999 -9999 -9999 -9999 -9999
23.1668214162191 23.2418671925863 23.3041161855062 23.3382804870605 23.3747020721436 23.4208122253418 23.4498195648193 23.4551406860352 23.4867730458577 23.5352742513021 23.5761397043864 23.6171909332275 23.71443456014 23.7990759531657 23.8957607269287 24.0083084106445 24.104653040568 24.1396312713623 24.1742210388184 24.2637817382812 24.516411336263 25.0732772827148 24.8973444620768 24.7694892883301 24.7011573791504 25.0306902567546 -9999 -9999 -9999 -9999 -9999 -9999 -9999 -9999 -9999 -9999 -9999 -9999 -9999 -9999 -9999 -9999 -9999 -9999 -9999 -9999 -9999 -9999 -9999 -9999 -9999 -9999 -9999 -9999
23.0571524302165 23.1162633260091 23.1687868754069 23.202906036377 23.2119658152262 23.2445081075033 23.2896910349528 23.3154914855957 23.3533536275228 23.402284749349 23.4375558217367 23.4838836669922 23.5197483062744 23.6179445902507 23.7115617116292 23.7952109018962 23.8427178700765 23.9098275502523 23.9758795420329 24.0636632283529 24.1278951009115 24.2491967519124 24.4353441874186 24.5595668792725 24.4964921315511 24.782719039917 24.991463470459 25.0598878224691 25.1794467926025 25.1957195281982 -9999 -9999 -9999 -9999 -9999 -9999 -9999 -9999 -9999 -9999 -9999 -9999 -9999 -9999 -9999 -9999 -9999 -9999 -9999 -9999 -9999 -9999 -9999 -9999
22.9517232259115 23.0063601175944 23.0625245412191 23.0756526947021 23.0861560821533 23.1173901875814 23.1405186971029 23.1666302998861 23.2103379567464 23.2607519785563 23.3070687611898 23.352657699585 23.3885864257812 23.4598420461019 23.5557856241862 23.6219711303711 23.6857457478841 23.7659580230713 23.8196126302083 23.8438627878825 23.9372437795003 24.0828929901123 24.2390881856283 24.3782834370931 24.3586963653564 24.6215436299642 24.7360019683838 24.8534461975098 24.9232774098714 24.9681627909342 25.0583084106445 -9999 -9999 -9999 -9999 -9999 -9999 -9999 -9999 -9999 -9999 -9999 -9999 -9999 -9999 -9999 -9999 -9999 -9999 -9999 -9999 -9999 -9999 -9999
22.8942001342773 22.8944477081299 22.9403361002604 22.9372973124186 22.9748831431071 23.0016471862793 22.9997276306152 23.0426334381104 23.0591734568278 23.130862681071 23.183255259196 23.2452100118001 23.2886362711589 23.3396550496419 23.4027501424154 23.4488267262777 23.5341286977132 23.6313166300456 23.6819853464762 23.7428435007731 23.8217575073242 23.9253448486328 24.0458037058512 24.1721981048584 24.2063512166341 24.480350112915 24.5409116109212 24.6707878112793 24.7218397776286 24.801784769694 24.9225017547607 25.004928334554 -9999 -9999 -9999 -9999 -9999 -9999 -9999 -9999 -9999 -9999 -9999 -9999 -9999 -9999 -9999 -9999 -9999 -9999 -9999 -9999 -9999 -9999
22.7904427846273 22.8297916412354 22.7799429575602 22.8456314086914 22.885812886556 22.8970748901367 22.9105167388916 22.8974891662598 22.9071839650472 22.9989691416423 23.0623366038005 23.0968584696452 23.1724009195964 23.230782699585 23.2720937093099 23.3282741546631 23.4000342051188 23.4615454355876 23.5373174031576 23.6340194702148 23.6718837738037 23.7874081929525 23.8696033477783 23.9325462341309 24.084898630778 24.3024612426758 24.3891600290934 24.4517177581787 24.5401217142741 24.6316884358724 24.7454456329346 24.8293345133464 -9999 -9999 -9999 -9999 -9999 -9999 -9999 -9999 -9999 -9999 -9999 -9999 -9999 -9999 -9999 -9999 -9999 -9999 -9999 -9999 -9999 -9999
22.7139851888021 22.7145065307617 22.7166550954183 22.7177368164063 22.783985265096 22.8043116251628 22.8342712402344 22.8175282796224 22.8823047637939 22.8950143178304 22.9321259816488 22.9736644744873 23.0512393951416 23.09660059611 23.1552735646566 23.2543561299642 23.2658638000488 23.3435806274414 23.4189112345378 23.4901102701823 23.5546947479248 23.6468037923177 23.6589983622233 23.7690656026204 23.9752365112305 24.1078713734945 24.2513827006022 24.3142822265625 24.4044152577718 24.4535151163737 24.5609135945638 24.6745745340983 24.8131361643473 24.9132279713949 25.0564809163411 -9999 -9999 -9999 -9999 -9999 -9999 -9999 -9999 -9999 -9999 -9999 -9999 -9999 -9999 -9999 -9999 -9999 -9999 -9999
22.6494837443034 22.6685131072998 22.6995484670003 22.6126369476318 22.7126152038574 22.7438832600911 22.7555244445801 22.7357655843099 22.7856109619141 22.8029359181722 22.8492340087891 22.8787054697673 22.950356165568 23.0300109863281 23.0995619455973 23.1475054423014 23.1772951761881 23.2173108418783 23.2648722330729 23.3502197265625 23.4445592244466 23.5249361673991 23.5139972686768 23.6607636769613 23.7820140838623 23.86028175354 24.0053714752197 24.1799175262451 24.2692124684652 24.3454922993978 24.4372955322266 24.5198925018311 24.7052396138509 24.7752895355225 24.9327512105306 25.0610925038656 25.1996369679769 -9999 -9999 -9999 -9999 -9999 -9999 -9999 -9999 -9999 -9999 -9999 -9999 -9999 -9999 -9999 -9999 -9999
22.6182509104411 22.6622383117676 22.6734395345052 22.6638415018717 22.6481071472168 22.6846927642822 22.6963367462158 22.6964433034261 22.7039259592692 22.7432024637858 22.7654143015544 22.820009358724 22.8832360585531 22.9479165395101 23.0057114919027 23.0721836090088 23.1113122304281 23.187819925944 23.2350443522135 23.3063004811605 23.3813878377279 23.4221804300944 23.39415918986 23.5349075317383 23.673611831665 23.7393889109294 23.8649333953857 24.0294644673665 24.176314163208 24.2384340922038 24.3296835581462 24.4171693166097 24.5692840576172 24.6359456380208 24.7753454844157 24.945645904541 25.0821041107178 -9999 -9999 -9999 -9999 -9999 -9999 -9999 -9999 -9999 -9999 -9999 -9999 -9999 -9999 -9999 -9999 -9999
22.6100363413493 22.6107121785482 22.5995566050212 22.5801073710124 22.6394578297933 22.6715609232585 22.6440802256266 22.6327117919922 22.6014820098877 22.6659319559733 22.7036485036214 22.7417711893717 22.7937459309896 22.8821439107259 22.9391145070394 22.9826913197835 23.0761507670085 23.124905649821 23.1695105234782 23.2370543162028 23.3033186594645 23.3534980773926 23.3700042724609 23.4061575571696 23.5578025817871 23.6553320566813 23.7549194335937 23.8356558481852 24.0833337148031 24.1545589447021 24.2128637949626 24.3547222137451 24.4408266703288 24.5350777943929 24.6563967386882 24.8241729736328 24.9841955820719 25.1089842478434 25.2254342397054 -9999 -9999 -9999 -9999 -9999 -9999 -9999 -9999 -9999 -9999 -9999 -9999 -9999 -9999 -9999
22.5624359130859 22.5361810048421 22.5966836293538 22.5096148173014 22.6098752339681 22.6285589853923 22.6149030049642 22.6015836079915 22.5733127593994 22.6151725769043 22.6676377614339 22.6804256439209 22.7591785430908 22.8359748840332 22.9138743082682 22.9855266571045 23.0406075795492 23.0799011230469 23.1436848958333 23.1528834025065 23.2535185496012 23.2642608642578 23.2816219329834 23.3240763346354 23.4415355682373 23.560489654541 23.672403717041 23.7787497202555 23.9278947194417 24.0347145080566 24.1544958750407 24.2596771240234 24.3683121999105 24.4630181630452 24.572034962972 24.720258585612 24.8785802205404 24.9976587931315 25.1231754302979 25.2317129770915 -9999 -9999 -9999 -9999 -9999 -9999 -9999 -9999 -9999 -9999 -9999 -9999 -9999 -9999
22.6363974253337 22.6146784464518 22.5491481781006 22.5211134592692 22.6009694417318 22.5959913889567 22.5905020395915 22.5845069885254 22.5395750681559 22.5485994974772 22.6148110707601 22.6678442637126 22.740737024943 22.8427903493245 22.9076811472575 22.9486817677816 23.0246030171712 23.0555896759033 23.0640953063965 23.1318497975667 23.1896851857503 23.2349898020426 23.2718276977539 23.2246720631917 23.3604544321696 23.4344673156738 23.505997467041 23.6421852111816 23.8303094228109 23.9723199208577 24.0712003072103 24.1968570709229 24.2832019805908 24.3535873413086 24.4894683837891 24.6450251261393 24.8136067708333 24.9355651855469 25.0569189707438 25.1773831685384 -9999 -9999 -9999 -9999 -9999 -9999 -9999 -9999 -9999 -9999 -9999 -9999 -9999 -9999
22.6581334431966 22.6441080729167 22.6344287872314 22.590934753418 22.5220507303874 22.5795073191325 22.5603094736735 22.606483968099 22.5696763356527 22.5787560780843 22.6507428487142 22.7095750172933 22.7911835988363 22.8386161804199 22.872167078654 22.9217089335124 22.9555024464925 23.0139611562093 23.0455457051595 23.1050184885661 23.152440516154 23.2288645426432 23.2157323201497 23.183237584432 23.2888195037842 23.3541778564453 23.4610164642334 23.5338427225749 23.6740450541178 23.7572542826335 23.9725440979004 24.1092971801758 24.2004423777262 24.3185536702474 24.4371538798014 24.5708423614502 24.7164722442627 24.8102856953939 24.949821472168 25.1167050679525 -9999 -9999 -9999 -9999 -9999 -9999 -9999 -9999 -9999 -9999 -9999 -9999 -9999 -9999
22.6474798838298 22.6442614237467 22.6095550537109 22.5862630208333 22.4766212463379 22.4959387461344 22.5484583536784 22.5770711263021 22.618515141805 22.6214515686035 22.7014191945394 22.7185358683268 22.7580914815267 22.8191661834717 22.8588115692139 22.9026112874349 22.946959177653 22.9860195159912 23.025612004598 23.0714141845703 23.1328034718831 23.1806588490804 23.2012556711833 23.1639640808105 23.2320377349854 23.3017550150553 23.3865331013997 23.4457210540771 23.392503229777 23.4581897735596 23.8795845031738 24.0140375773112 24.0797205607096 24.1911889394124 24.3279671986898 24.4621434529622 24.6141670227051 24.7582070668538 24.899341583252 25.0387055714925 25.1890455881755 25.3487378438314 25.4863824208577 -9999 -9999 -9999 -9999 -9999 -9999 -9999 -9999 -9999 -9999 -9999
22.6747334798177 22.650047938029 22.6305826822917 22.6177340189616 22.5380078633626 22.5236624399821 22.5930578867594 22.7003884633382 22.6756788889567 22.6675900777181 22.6927706400553 22.6329844156901 22.7044015248617 22.7642944335938 22.830112584432 22.8686252593994 22.9141947428385 22.9635560353597 22.9850144704183 23.025415802002 23.0704079945882 23.1382368723551 23.1750960032145 23.2365656534831 23.3320355733236 23.3719399770101 23.4119167327881 23.5131510416667 23.4285395304362 23.5279373168945 23.6823230743408 23.8718697865804 24.0498797098796 24.1527773539225 24.2498011271159 24.3973276774089 24.5587660471598 24.7009938557943 24.8421062469482 24.9792182922363 25.1303391774495 25.2920069376628 25.4176411946615 -9999 -9999 -9999 -9999 -9999 -9999 -9999 -9999 -9999 -9999 -9999
22.6740428924561 22.6671452840169 22.6604452768962 22.6614101409912 22.7085789998372 22.659335454305 22.6582171122233 22.6301484425863 22.6449356079102 22.6488207499186 22.6712510426839 22.651863861084 22.6780422210693 22.7088916778564 22.8128206888835 22.8492923736572 22.9050862630208 22.966409556071 22.9690176645915 23.025306447347 23.0717302958171 23.1305567423503 23.1689660390218 23.156217956543 23.3067284901937 23.3592653910319 23.3726910909017 23.4727382659912 23.4949924468994 23.5742741902669 23.646103922526 23.7942710876465 23.9846930185954 24.0826314290365 24.2299110412598 24.3717555999756 24.5074886322021 24.6533050537109 24.7792107899984 24.9294826507568 25.0731555938721 25.2330548604329 25.3626318613688 -9999 -9999 -9999 -9999 26.1552922566732 26.3027554829915 -9999 -9999 -9999 -9999 -9999
22.6855131785075 22.702126566569 22.7174736022949 22.7322469075521 22.7500994364421 22.7545093536377 22.7607873280843 22.7585404713949 22.7712340037028 22.7898282368978 22.7480874379476 22.7567394256592 22.7815972646077 22.8210975646973 22.8504544576009 22.852995300293 22.8921333312988 22.9361166636149 22.9693435668945 22.991361618042 23.045804977417 23.1076134999593 23.1534807840983 23.1723570505778 23.285906346639 23.3125988006592 23.3488319396973 23.4233488718669 23.5565265655518 23.6203594207764 23.7168958028158 23.7211910247803 23.9291784922282 24.068269220988 24.2061587015788 24.3458641052246 24.4663569132487 24.6099810282389 24.7648240407308 24.9106266021729 25.0369372049967 25.1922940572103 25.3210202534993 -9999 25.6210803985596 25.7896817525228 25.9553343454997 26.1179486592611 26.2875171661377 26.470995203654 26.6031066894531 -9999 -9999 -9999
