ET0/medie/MEDIA_ET0_02.asc
NCOLS 177 
NROWS 174 
XLLCORNER 1436301.375 
YLLCORNER 4916704.5 
CELLSIZE 1500 
NODATA_value -9999 
[rows 96 to 119 of 174, columns 54 to 107 of 177]
21.3488896052043 21.4785339991252 20.3870217641195 19.8978133519491 19.8707066218058 19.8317410786947 19.8115766525269 19.7953297932943 19.778590075175 19.8001267115275 19.8030081431071 19.8165289560954 19.863184038798 19.8447198867798 19.9257424672445 20.0286836624146 20.1051767349243 20.2084959030151 20.3329258600871 20.4621512730916 20.5584224700928 20.670288848877 20.8136521021525 20.911900583903 21.069523747762 21.1936227162679 21.3226181030273 21.4486214319865 21.5656243642171 21.6717330932617 21.7961275100708 21.9020057678223 21.9808928171794 22.0771395365397 22.1900263468424 22.2200637817383 22.4014696756999 22.5658849080404 22.6727494557699 22.806667582194 22.9329729715983 23.0313735961914 23.1319218953451 23.2554103851318 23.3703965504964 23.4712013244629 23.5370835622152 23.6084409077962 23.753184000651 23.8519646962484 23.9549687703451 24.07829246521 24.2031871795654 24.3566267649333
20.9875580469767 21.0182940800985 20.5900489171346 19.8976197560628 19.83747437795 19.8106027603149 19.7777545928955 19.7676536560059 19.7495991388957 19.7815680821737 19.7978062947591 19.8387417475382 19.857871500651 19.8259637832642 19.9342049280802 20.0423040390015 20.1300713857015 20.2165353775024 20.351430384318 20.4775939305623 20.5963029225667 20.7195873896281 20.8234583536784 20.9437236785889 21.0528187433879 21.2035045623779 21.3135772705078 21.4543951670329 21.544507598877 21.6528170903524 21.7736985524495 21.8703453063965 21.9506334940592 22.0487326939901 22.1806838353475 22.2120927810669 22.3810139973958 22.5388346354167 22.6411394755046 22.7434176127116 22.8807586669922 22.9543821970622 23.0250414530436 23.1567905426025 23.2762490590413 23.3283098856608 23.4055002848307 23.4687277475993 23.6030841827393 23.700544611613 23.8175473531087 23.9052750905355 24.0491804758708 24.155518468221
20.077411142985 19.9888872782389 20.2503767649333 20.1735666275024 19.8085168202718 19.7702408472697 19.7606039047241 19.7648657480876 19.7621045430501 19.7820168177287 19.8118808746338 19.8745395024618 19.9220192591349 19.8756572723389 19.9587273915609 20.0806622823079 20.1736899058024 20.250373840332 20.3707811991374 20.5004551569621 20.622482363383 20.7313433329264 20.8441530227661 20.9430150349935 21.0820871353149 21.1792267481486 21.3046799341838 21.4258750915527 21.5465354919434 21.6465747197469 21.7731439590454 21.874693552653 21.9421143849691 22.0548610687256 22.1712352116903 22.1543860753377 22.3433851877848 22.5102827707926 22.5999716440837 22.7187791188558 22.8297395070394 22.8790598551432 22.9242184956868 23.0454439798991 23.1570107777913 23.206330871582 23.2881074269613 23.3422290802002 23.4536674499512 23.5543162027995 23.6687540690104 23.7477835337321 23.86248143514 23.9793453216553
20.0591403325399 20.0044496536255 20.1941044489543 19.8932572046916 19.8301663080851 19.797266960144 19.7906745910645 19.7799173990885 19.8215579986572 19.8294375737508 19.8375764846802 19.8815875371297 19.8394821802775 19.9263593037923 20.0046283721924 20.11724096934 20.2197982788086 20.3083281199137 20.4025617599487 20.525311978658 20.6228534062703 20.7434546788534 20.8523337046305 20.9334383646647 21.0657281239827 21.197865486145 21.3148622512817 21.4477036794027 21.5640681584676 21.6718221664429 21.8576642354329 21.9652033487956 21.928649965922 22.0458847045898 22.1596697489421 22.1513291676839 22.3400468826294 22.4993193308512 22.5678464253743 22.6517978668213 22.7557881673177 22.8195798238118 22.8482844034831 22.9743123372396 23.0608851114909 23.1229445139567 23.1801703135173 23.2115474700928 23.3177519480387 23.3930770874023 23.521534093221 23.5908749898275 23.7229988098145 23.8083637237549
20.0398055394491 19.9845286687215 19.9617534001668 19.9253955841064 19.876683807373 19.8293534596761 19.816818745931 19.8090550104777 19.8283354441325 19.88388671875 19.9080680211385 19.9227696100871 19.8965787887573 19.975856145223 20.0791960398356 20.1620065053304 20.2448581695557 20.3367621739705 20.4346087773641 20.6260332107544 20.6534379959106 20.7613864898682 20.855343691508 20.9706525166829 21.0725086847941 21.2040796279907 21.3279946009318 21.4634375254313 21.5848108927409 21.6933418273926 21.9043942133586 21.9434736251831 21.9451358159383 22.0910796483358 22.0880062739054 22.1181609471639 22.3257870992025 22.4744154612223 22.5301855723063 22.6172847747803 22.6973370869954 22.7730457305908 22.8071830749512 22.8605494181315 22.944486618042 23.0280850728353 23.0754057566325 23.1125634511312 23.1692470550537 23.2576451619466 23.3549120585124 23.4480641682943 23.5662330627441 23.6483240763346
20.0618249257406 20.0236057281494 19.9854445139567 19.9467030207316 19.9247343699137 19.8976077397664 19.8721506118774 19.8661875406901 19.8835424423218 19.9203742345174 19.9543799718221 19.994341023763 19.9599736531576 20.0460236231486 20.1361785252889 20.211671257019 20.2513940175374 20.3605726877848 20.4695054372152 20.6337891896566 20.7458241144816 20.820271619161 20.9118016560872 21.0143936793009 21.1203578313192 21.2329634984334 21.3679903030396 21.526856803894 21.6086034138997 21.7147336324056 21.8268810272217 21.9552221934001 22.0047087987264 22.0856597264608 22.0713154474894 22.1489719390869 22.312099202474 22.4308705647786 22.5065915425618 22.571669514974 22.6592624664307 22.7376188913981 22.7905642191569 22.8082804361979 22.8569413503011 22.9128369649251 22.9644711812337 22.9931800842285 23.057327524821 23.1194586435954 23.1844952901204 23.3209644317627 23.425532913208 23.4997250874837
20.0662572860718 20.0386737823486 20.0146194458008 19.9742579142253 19.9691167831421 19.9402965545654 19.9167476654053 19.9463649113973 19.9553537368774 19.9687739690145 20.0098763783773 20.0659662882487 20.0855887095133 20.067333984375 20.1798849741618 20.2703199386597 20.349546178182 20.4325984954834 20.527587445577 20.6504153569539 20.7688221613566 20.9318172454834 20.9170137405396 21.0604009628296 21.2032788594564 21.2673130671183 21.4080922444661 21.5643920262655 21.6811394373576 21.7681570688883 21.8594016393026 21.9754624048869 22.0378253300985 22.0970750172933 22.0315724690755 22.1482880910238 22.3112527211507 22.4197315216064 22.4991202672323 22.565324529012 22.6246503194173 22.7092126210531 22.7352457682292 22.7420696258545 22.7785982767741 22.8403280893962 22.874375406901 22.9167664845784 22.9258233388265 23.045399983724 23.0935983022054 23.1443684895833 23.2662738800049 23.3602951049805
20.089945602417 20.0436808904012 20.0232602437337 20.0038302739461 19.9979146321615 19.9707171758016 19.9688044230143 19.9938831329346 20.040704536438 20.0502717971802 20.0741697311401 20.1393123626709 20.1369314829508 20.1291269938151 20.2279863357544 20.3082960764567 20.4194409688314 20.4649300257365 20.5925657908122 20.7242579778035 20.8048667907715 20.9415205637614 21.0934867223104 21.1790385564168 21.2706040700277 21.3392115275065 21.4473205566406 21.5995706558228 21.7020413080851 21.8064527511597 21.8964325586955 21.9889048258464 22.0586891174316 22.0967803319295 22.109440167745 22.1203172683716 22.2943267822266 22.4155609766642 22.4914278666178 22.5710225423177 22.5989505767822 22.6215970357259 22.6770384470622 22.689299138387 22.6843575795492 22.735434850057 22.7870777130127 22.8504058837891 22.9081465403239 22.9419625600179 23.0082363128662 23.0233197530111 23.1347363789876 23.226992670695
20.0948987325033 20.0697719573975 20.0525232950846 20.0383995056152 20.0357116063436 20.0492527008057 20.0181131998698 20.015967241923 20.0927092234294 20.118137550354 20.1657779693604 20.1820590337118 20.2559092839559 20.3322860081991 20.3074706395467 20.4089023590088 20.474441464742 20.537208366394 20.6462181091309 20.7390562693278 20.8316727956136 21.0195273081462 21.1546332677205 21.2414393742879 21.3757844289144 21.3502063751221 21.5122027079264 21.6194135030111 21.7043935775757 21.8083828608195 21.8940506617228 22.0013507207235 22.104271697998 22.1665216445923 22.2257714589437 22.239629427592 22.1866985321045 22.193373743693 22.4431278864543 22.535496711731 22.5897247314453 22.5662685394287 22.6346934000651 22.6021759033203 22.6649197896322 22.702857208252 22.7325080871582 22.8091481526693 22.8344518025716 22.8923577626546 22.9047537485758 22.9572338104248 23.0573819478353 23.0864760080973
20.1196695327759 20.1068534215291 20.0962966918945 20.0693906784058 20.0613954544067 20.0774624506632 20.0697229385376 20.0701705296834 20.1420276006063 20.1972220102946 20.2346963246663 20.233611424764 20.3290404001872 20.4063305536906 20.3318333943685 20.4355651855469 20.5113297780355 20.5839000701904 20.6915608723958 20.7979502995809 20.8846564610799 21.0919701894124 21.1980156580607 21.3043259938558 21.4340893427531 21.5030298233032 21.5699310302734 21.661016146342 21.7669976552327 21.8751815795898 21.9675024032593 22.051319694519 22.1330675125122 22.229483795166 22.2542250951131 22.2990723292033 22.2929303487142 22.2957396189372 22.2856813430786 22.3490418116252 22.5029320398966 22.520282681783 22.5997721354167 22.6308465321859 22.6467222849528 22.6560670216878 22.6670926411947 22.7359235127767 22.7607354482015 22.7895909627279 22.8504010518392 22.8005166371663 22.9726266225179 23.0221073150635
20.1647020975749 20.1105884552002 20.0877626419067 20.1233564376831 20.1324867884318 20.1349598566691 20.1395520528158 20.1497813542684 20.1804839452108 20.2702277501424 20.3142988204956 20.3442493438721 20.4004342397054 20.4835765838623 20.5386709213257 20.5323084513346 20.557629776001 20.6357849756877 20.7567902882894 20.8252784093221 20.9148461659749 21.0029866536458 21.2348389307658 21.3379578908285 21.4780330657959 21.5471952438354 21.5776724497477 21.6913959503174 21.8104487101237 21.9266141891479 22.0454861323039 22.0893235524495 22.1773237228394 22.2363740921021 22.2829476674398 22.2869017283122 22.3298211415609 22.4091643015544 22.3945037206014 22.3468548456828 22.3273317337036 22.3884131749471 22.519552230835 22.5623231252035 22.6095638275146 22.6251129150391 22.6562213897705 22.6596505482992 22.7205908457438 22.7250087738037 22.7502077738444 22.7407386779785 22.8522162119548 22.9225763956706
20.1958068211873 20.1599917093913 20.1517180760701 20.1860320409139 20.1892795562744 20.216534169515 20.2219567616781 20.2652874628703 20.3056586583455 20.3470053354899 20.4031866709391 20.4592606862386 20.4805559158325 20.542355410258 20.5929620742798 20.6557638804118 20.7364542007446 20.8030536015828 20.777000617981 20.8805808385213 20.9446831385295 21.0273013432821 21.1119309107463 21.2233645121257 21.3368017832438 21.5811134974162 21.614288075765 21.7223597208659 21.7724149068197 21.9225844065348 22.0765325546265 22.1457598368327 22.2109194437663 22.2826975504557 22.3155175526937 22.3458831151327 22.3750005722046 22.4203676223755 22.4184754053752 22.4520521799723 22.4635962168376 22.4731152852376 22.4892339706421 22.4887013753255 22.4882958730062 22.5630355834961 22.5687147776286 22.6097938537598 22.6446337381999 22.6793839772542 22.7324040730794 22.7163893381755 22.8035499572754 22.8462824503581
20.2231501261393 20.2313073476156 20.213133875529 20.2458066940308 20.2609575907389 20.2954638163249 20.2805977503459 20.3293092091878 20.3685353597005 20.4197792689006 20.4387161254883 20.4919536590576 20.5584171295166 20.6071378707886 20.6617581685384 20.7504015604655 20.820400428772 20.8716347376506 20.9545955657959 20.9336748758952 21.019106165568 21.0711086273193 21.1132520039876 21.2098230361938 21.3252019882202 21.4369880040487 21.6656489054362 21.7866243362427 21.8301651636759 21.9351323445638 22.0267143249512 22.0991852442423 22.2543867111206 22.3058488210042 22.3289761225382 22.3675678888957 22.3840550104777 22.4007858276367 22.4265625 22.462717183431 22.4279829661051 22.4751694361369 22.3081975301107 22.3389123280843 22.379122988383 22.4536440531413 22.5259064356486 22.550594329834 22.5724945068359 22.6360441843669 22.6570213317871 22.7033466339111 22.7127727508545 22.7772801717122
20.2618469874064 20.2833559672038 20.271880531311 20.2742784500122 20.3324735641479 20.3423277537028 20.3705097834269 20.4169510523478 20.4601299285889 20.4681153615316 20.5148598353068 20.561615562439 20.64292456309 20.682944615682 20.774654897054 20.8208016077677 20.8588279724121 20.9436345418294 21.0351387023926 21.0741465250651 21.1553333918254 21.1371152877808 21.1425952911377 21.2628917058309 21.3383837381999 21.4524472554525 21.5694577534993 21.8167240778605 21.9229320526123 21.9413962682088 22.0301511128743 22.1086135864258 22.3581049601237 22.3023730595907 22.3094449996948 22.3391454060872 22.3694216410319 22.3976756413778 22.3864653905233 22.4519615809123 22.4220865885417 22.4429489135742 22.4619155248006 22.48773949941 22.4681925455729 22.4227031707764 22.424468421936 22.445915222168 22.5329470316569 22.5809296925863 22.6380348205566 22.6160443623861 22.6269861857096 22.6994995117187
20.2976400375366 20.3174871444702 20.3219189961751 20.3101278305054 20.3796433766683 20.4175350824992 20.4745535532633 20.4929129282633 20.5348953882853 20.5695648193359 20.5684867858887 20.6685586929321 20.7184580485026 20.7695929845174 20.8396625518799 20.8999118804932 20.9590554555257 21.0119411468506 21.0815114974976 21.1566856384277 21.2103151957194 21.251940981547 21.244318707784 21.3314050674438 21.3927356084188 21.4699238459269 21.5922545115153 21.7122092564901 21.9518180847168 22.0587609608968 22.0599374135335 22.0582092285156 22.2515137354533 22.3030385335286 22.3192516326904 22.347819073995 22.3722537994385 22.3988154093424 22.3984794616699 22.4212645848592 22.4115190505981 22.4445329030355 22.4600536982218 22.4435981114705 22.4778927485148 22.4766189575195 22.469815381368 22.3474279403687 22.4316706339518 22.4455987294515 22.586209487915 22.6052528381348 22.5189814249674 22.6183634440104
20.3543631871541 20.3949324289958 20.4233620961507 20.4481318791707 20.4420290629069 20.4667626698812 20.5502518335978 20.5947725931803 20.6176983515422 20.6291591644287 20.6171662012736 20.688326772054 20.7758274714152 20.7883237838745 20.8731609344482 20.9810494740804 21.0043905258179 21.0650925954183 21.1105595906576 21.1924914677938 21.2875382741292 21.3318513234456 21.4283065795898 21.5329800923665 21.4703238169352 21.5501499811808 21.6482479731242 21.7522130330404 21.9081619262695 22.046719233195 22.1184135437012 22.1512142817179 22.1624409357707 22.2985488255819 22.3462985356649 22.3530064900716 22.3806314468384 22.4098375320435 22.3812233606974 22.3999067306519 22.414385732015 22.4142105102539 22.4450534184774 22.4299433390299 22.4577482223511 22.4674355824788 22.4342977523804 22.4310962041219 22.3937234242757 22.4218485514323 22.4982279459635 22.4624029795329 22.5727434794108 22.5286219278971
20.4068557739258 20.3845138549805 20.4709155400594 20.498717435201 20.5490786234538 20.6032934824626 20.6346818288167 20.6657897313436 20.7095064798991 20.7527132670085 20.8014123280843 20.8184903462728 20.8502773920695 20.8626603444417 20.9625739415487 20.9845288594564 21.0392905553182 21.1616368611654 21.1854025522868 21.2807249069214 21.3546162923177 21.4076880137126 21.4523173650106 21.5591298421224 21.5081670125326 21.5833805720011 21.6630366007487 21.7641893386841 21.8645620346069 22.0613548914591 22.114603360494 22.1248945871989 22.2044314702352 22.2823964436849 22.3317993799845 22.3675689697266 22.3894423166911 22.4161919911702 22.3968596776327 22.4329435984294 22.4349687576294 22.4279420216878 22.4283381779989 22.4520715713501 22.4241728464762 22.4121007919312 22.4382475535075 22.4549311319987 22.486306254069 22.5161388397217 22.5210344950358 22.5536833445231 22.5092347462972 22.5027614593506
20.4632311503092 20.4743827184041 20.5266739527384 20.5905874252319 20.6569981257121 20.7033124287923 20.7299805323283 20.7575290044149 20.7974256515503 20.8760902404785 20.9362398783366 20.9502965927124 20.9165068308512 20.9438982009888 21.0295584996541 21.0654080073039 21.1673051198324 21.2181908289591 21.2467892964681 21.3082888921102 21.4029624303182 21.4644230524699 21.5235608418783 21.6139417012533 21.6750464757284 21.7768400192261 21.8002805074056 21.8016665140788 21.8777621587118 21.952201461792 22.0757331848145 22.1152532577515 22.2704745610555 22.2708312352498 22.3353355407715 22.3867091496785 22.4010190963745 22.4070316314697 22.4161052703857 22.4184103647868 22.4438542048136 22.4214398066203 22.4126354853312 22.4050669987996 22.4096621195475 22.3986717224121 22.4279383341471 22.4691511789958 22.5360135396322 22.5496391296387 22.5842013041178 22.5979464213053 22.5890445709229 22.5687455495199
20.5413108825684 20.5792680740356 20.6305149714152 20.6843767801921 20.7287188212077 20.7575252532959 20.8476597468058 20.8882300694784 20.9082317352295 21.0042013804118 21.1016220092773 21.299819501241 21.0903480529785 21.0272294998169 21.0597565968831 21.184371693929 21.2567437489827 21.2774787902832 21.3655200322469 21.4215406417847 21.4804836273193 21.5027728398641 21.5869991938273 21.6584225336711 21.7228033701579 21.8403590520223 21.8384394963582 21.9166344324748 21.933478864034 21.9991365432739 22.0848551432292 22.1462635676066 22.2743143081665 22.2932342529297 22.320548693339 22.4141408920288 22.4401624043783 22.4095867792765 22.4437057495117 22.444883219401 22.4474599838257 22.449615351359 22.3895310719808 22.3827388127645 22.3602955500285 22.3712097167969 22.4176044464111 22.4557046254476 22.5390912373861 22.5859835306803 22.6050289154053 22.6016956329346 22.6001998901367 22.660627746582
20.6290551503499 20.6601200739543 20.7490376154582 20.8032101313273 20.8720069885254 20.8890316645304 20.9424229939779 21.0038032531738 21.0727825164795 21.0838240941366 21.1409812927246 21.36769434611 21.5013981501261 21.2710735956828 21.1695545196533 21.285866355896 21.3509596506755 21.415691947937 21.4400557835897 21.5062922159831 21.5807551701864 21.6393304824829 21.639467938741 21.7443394343058 21.8049760182699 21.8726851781209 21.9342658996582 22.0205081303914 22.0203072865804 22.0678457260132 22.1246655146281 22.1827757517497 22.27313524882 22.3923485438029 22.3952103296916 22.4674605687459 22.4959224065145 22.494217300415 22.4851904551188 22.4518279393514 22.451105817159 22.4419302622477 22.3809818267822 22.351413154602 22.3799021402995 22.3731881459554 22.4008941650391 22.4864222208659 22.5659687042236 22.5869534810384 22.6494981129964 22.6231141408285 22.638841120402 22.6371754964193
20.6761474609375 20.7836579004924 20.8837169647217 20.9295799255371 21.0038061141968 21.0444173177083 21.0648259480794 21.0870126724243 21.1751023610433 21.1443618774414 21.1904558817546 21.2433726628621 21.3188185373942 21.8329184850057 22.1913345972697 21.4551149368286 21.3724132537842 21.5081235249837 21.5567300160726 21.6073649088542 21.6878215789795 21.7682576497396 21.7683821996053 21.8328100840251 21.9088831583659 21.9409022013346 21.9835401535034 22.1048294067383 22.1489830652873 22.1128406524658 22.1391548156738 22.235240872701 22.3444969813029 22.4594506581624 22.4350924809774 22.4432458241781 22.5164840698242 22.5431999206543 22.5173509597778 22.4940675735474 22.4753249486287 22.4352832158407 22.3843074162801 22.3623704910278 22.3638657887777 22.3774467468262 22.4344617207845 22.5155069986979 22.5747315724691 22.6406991322835 22.6425703684489 22.6730534871419 22.6760995229085 22.6416489919027
20.7745066960653 20.9272790908813 21.0109462102254 21.0791388193766 21.147159576416 21.1890113194784 21.2177539825439 21.2093844731649 21.2647715886434 21.3169768651326 21.3570377349854 21.3515261332194 21.2373528162638 21.3943419774373 21.4436756134033 21.46542040507 21.5387376149495 21.5055772781372 21.5871527989705 21.5819900512695 21.8048334121704 21.824037806193 21.8776663462321 21.8766347249349 21.9565095265706 22.0442488988241 22.0763324101766 22.1785717646281 22.2290200551351 22.3280707041423 22.2140242258708 22.2870190938314 22.3135099411011 22.3569742202759 22.3917682011922 22.424126180013 22.437042872111 22.571466255188 22.5453898747762 22.5766815185547 22.5790364583333 22.5375903447469 22.4791765213013 22.4423304875692 22.4584316889445 22.4892065684001 22.5265856424967 22.5840231577555 22.6105799357096 22.6425078074137 22.6696812947591 22.6764485677083 22.6755535125732 22.6798793792725
20.8710849761963 20.9498820622762 21.0333670934041 21.2132735570272 21.2728353500366 21.204603322347 21.2302846272786 21.3699724197388 21.3264403025309 21.2745035171509 21.3251973470052 21.3398691813151 21.3817928314209 21.4948692321777 21.4678300857544 21.4981037139893 21.5312772750855 21.585936609904 21.6559586842855 21.6675370534261 21.874175898234 21.9378969828288 21.9481433868408 21.8784954706828 22.0503100077311 22.0837522506714 22.1418217976888 22.1958037694295 22.2727488835653 22.3754288355509 22.4651066462199 22.4402643203735 22.4145286560059 22.4546611785889 22.4872320810954 22.5135816574097 22.4913312911987 22.4956985473633 22.5033977508545 22.5435622533162 22.5543294906616 22.8033912658691 22.8046653747559 22.6591065724691 22.5535313924154 22.5458613077799 22.5843278249105 22.6349084218343 22.6849946339925 22.6645431518555 22.6878313700358 22.739769744873 22.6983790079753 22.7004974365234
21.0330771764119 21.0757181167603 21.1779740015666 21.2164828618368 21.2531962712606 21.2846019744873 21.3133088429769 21.3532943089803 21.373610496521 21.4029643376668 21.4475079218547 21.4985863367716 21.5146423339844 21.5633949915568 21.5670132954915 21.6148942311605 21.678218905131 21.662495803833 21.7945595423381 21.8383095423381 21.8632885615031 21.8980656305949 21.9567892710368 21.9969645818075 22.0376176198324 22.0786851247152 22.1966421127319 22.2542998631795 22.3219409306844 22.3694398244222 22.4777260462443 22.5972667058309 22.6115259806315 22.5797706604004 22.5597538630168 22.6247294108073 22.6084056218465 22.5433418273926 22.6232675552368 22.6256056467692 22.6028371810913 22.7306747436523 22.8395353317261 22.6709597269694 22.6047878265381 22.594489924113 22.6747090657552 22.7103055318197 22.7165696461995 22.7012480417887 22.7355002085368 22.7171274820964 22.701877339681 22.6984256744385
