ET0/medie/MEDIA_ET0_10.asc
NCOLS 177 
NROWS 174 
XLLCORNER 1436301.375 
YLLCORNER 4916704.5 
CELLSIZE 1500 
NODATA_value -9999 
[rows 120 to 143 of 174, columns 108 to 161 of 177]
41.3349405924479 41.368577448527 41.3725331624349 41.380744043986 41.3917254130046 41.4410681406657 41.4312737782796 41.4162877400716 41.4126121520996 41.4051045735677 41.4046152750651 41.4068733215332 41.4118035634359 41.422257232666 41.4424168904622 41.4656105041504 41.4975292205811 41.5446451822917 41.5933652242025 41.6511300404867 41.7194919586182 41.7832500457764 41.8349433898926 41.9142403920492 42.0011479695638 42.0730525970459 42.1757545471191 42.2943280537923 42.418874613444 42.5645795186361 42.7518693288167 42.9533664703369 43.1595455169678 43.4050862630208 43.6411655426025 43.9323824564616 44.1883232116699 44.5467603047689 44.815150197347 45.0760729471842 45.3247942606608 45.5750857035319 45.8007049560547 46.0160265604655 46.2351328531901 46.5140500386556 46.7649004618327 47.0233131408691 47.3322016398112 47.5855723063151 47.9010063171387 -9999 -9999 -9999
41.5818803151449 41.6032808939616 41.5721179962158 41.6070823669434 41.6359882354736 41.6185218811035 41.609774017334 41.5968348185221 41.5883813222249 41.5825618743896 41.5781804402669 41.5791315714518 41.5876115163167 41.5981230417887 41.6100067138672 41.6234312693278 41.6520886739095 41.6892058054606 41.7392316182454 41.7978207906087 41.8649969736735 41.9225845336914 41.9857883453369 42.0626900990804 42.123500696818 42.2219256083171 42.3417138417562 42.4391540527344 42.5618776957194 42.7303058624268 42.8886515299479 43.0881544748942 43.3080459594727 43.5309480031331 43.7967558542887 44.0288384755452 44.3287862141927 44.6520327250163 44.9260302225749 45.1841789245605 45.4106244405111 45.6566599527995 45.9097755432129 46.0943110148112 46.2898941040039 46.5255864461263 46.7877092997233 47.060375213623 47.3283930460612 47.6070841471354 -9999 -9999 -9999 -9999
41.8189977010091 41.7951424916585 41.8198675791423 41.8564816792806 41.835960261027 41.8220386505127 41.8118139902751 41.7974988301595 41.7846385955811 41.7762003580729 41.7728143056234 41.7740854899089 41.77373975118 41.7793108622233 41.7918570200602 41.8068183898926 41.8322035471598 41.8644583384196 41.9045786539714 41.9603439331055 42.0252610524495 42.0793590545654 42.1507387797038 42.2189566294352 42.2601507822673 42.3966267903646 42.5243724822998 42.6152544657389 42.7517556508382 42.8875554402669 43.066108194987 43.2557484944661 43.4819489796956 43.7030160268148 43.9615633646647 44.2085042317708 44.4882840474447 44.7751139322917 45.0350273132324 45.2884742736816 45.528608194987 45.7565358479818 45.9846893310547 46.2184084574382 46.3497543334961 46.5894864400228 46.8297686258952 47.1098772684733 47.3642364501953 47.6275344848633 -9999 -9999 -9999 -9999
42.0554492950439 42.0995535532633 42.0976336161296 42.080176671346 42.0630336761475 42.0447943369548 42.028364054362 42.0151949564616 42.0002582550049 41.9903916676839 41.9846289316813 41.9783206939697 41.9819358825684 41.9871313730876 41.9922973632813 42.0087320963542 42.030588277181 42.0576538085937 42.09375928243 42.1462459564209 42.2091640472412 42.2538059234619 42.3149829864502 42.3859444936117 42.4476450602214 42.5468154907227 42.7129199981689 42.7969268798828 42.948784383138 43.0813682556152 43.2878425598145 43.4593532562256 43.6805094401042 43.8743302663167 44.1330787658691 44.3745273590088 44.633762105306 44.9025370279948 45.1450002034505 45.3883038838704 45.6233685811361 45.8813868204753 46.095565032959 46.33173828125 46.5268463134766 46.6955238342285 46.952018737793 47.1638338724772 47.4252466837565 47.7033289591471 47.9292729695638 48.1218482971191 -9999 48.6154719034831
42.3598644256592 42.3571317036947 42.3418319702148 42.3228225708008 42.3039983113607 42.2875593821208 42.2697347005208 42.2511608123779 42.2327206929525 42.2209570566813 42.2093246459961 42.2012992858887 42.1996913909912 42.1999584197998 42.2064135233561 42.2202774047852 42.2407560984294 42.268791325887 42.3047026316325 42.3532557169596 42.3894813537598 42.4483731587728 42.510461807251 42.5614655812581 42.6407231648763 42.7568470001221 42.8790735880534 42.9754446665446 43.1270290374756 43.2681668599447 43.4734044392904 43.6312875111898 43.8357294718424 44.0511145273844 44.2874497731527 44.5259195963542 44.7990366617839 45.0332260131836 45.2683926900228 45.5013600667318 45.7468559265137 45.9882136027018 46.215557607015 46.4410016377767 46.6326464335124 46.8299532572428 47.0543612162272 47.2462893168132 47.505211130778 47.7636817932129 47.9518999735514 48.1690333048503 48.4014317830404 48.6082758585612
42.6340590159098 42.6266260782878 42.6079545338949 42.5859338124593 42.564427057902 42.5464492797852 42.5255243937174 42.5051714579264 42.4877208709717 42.4711265563965 42.4568079630534 42.4435880025228 42.4382918039958 42.4366176605225 42.4382110595703 42.4516073862712 42.4733519236247 42.498503112793 42.5309772491455 42.5719635009766 42.6141523996989 42.6553749084473 42.7192977905273 42.7424134572347 42.8439673105876 42.9282070159912 43.0731703440348 43.190865834554 43.3349524180094 43.4919138590495 43.6597564697266 43.8050919850667 44.0022959391276 44.230623626709 44.466263071696 44.6678512573242 44.9437967936198 45.1726498921712 45.4198481241862 45.6581782023112 45.886430867513 46.1109733581543 46.3591481526693 46.5705169677734 46.8089434305827 47.0046964009603 47.2064127604167 47.4137128194173 47.6413350423177 47.8388824462891 47.982150777181 48.2263224283854 48.4210932413737 48.6070086161296
42.9191305796305 42.9020009358724 42.8839748382568 42.8621054331462 42.8398103078206 42.8170215606689 42.7966771443685 42.7760270436605 42.7543000539144 42.7378021240234 42.7191739400228 42.7040345509847 42.6961246490479 42.6904065450033 42.6913959503174 42.6983681996663 42.7130261739095 42.7386241912842 42.7671215057373 42.7969985961914 42.8570151011149 42.8860989888509 42.9287796020508 42.9505171457926 43.0452176411947 43.1245732625326 43.2508630116781 43.354342397054 43.49446144104 43.6766710917155 43.8576857248942 43.9970193227132 44.1847221374512 44.4449918111165 44.6319213867188 44.8409736633301 45.1233571370443 45.3469006856283 45.5801544189453 45.8104726155599 46.0392288208008 46.277507019043 46.5026527404785 46.7404248555501 46.956941986084 47.198642985026 47.4004399617513 47.5880859375 47.7968892415365 47.9639010111491 48.1193954467773 48.3320360819499 48.5218633015951 48.7072339375814
43.2093068440755 43.1932563781738 43.1766827901204 43.1583033243815 43.1319227854411 43.1045215606689 43.0806321461995 43.0589842478434 43.0328399658203 43.0154635111491 42.9939729054769 42.9754985809326 42.9656059265137 42.9577275594076 42.9562010447184 42.9631645202637 42.978874206543 42.9900152842204 43.0142125447591 43.0535625457764 43.0939117431641 43.115465927124 43.1397932688395 43.1417491912842 43.2062615712484 43.3383865356445 43.4369195302327 43.548072052002 43.6820922851563 43.8452131907145 44.0260190327962 44.191899617513 44.4016858418783 44.6167915344238 44.8202875773112 45.0496927897135 45.302178700765 45.5243667602539 45.7496386210124 45.968726348877 46.1964126586914 46.4215268452962 46.6490758260091 46.8768923441569 47.1041384379069 47.3378252665202 47.5789362589518 47.7772186279297 47.9521542867025 48.1650871276855 48.272925567627 48.4689310709635 48.6302696228027 48.8036860148112
-9999 43.4986129760742 43.4782683054606 43.4617301940918 43.437085723877 43.4077120463053 43.3782451629639 43.3547690073649 43.3302747090658 43.313094329834 43.2857796986898 43.2625829060872 43.2464294433594 43.2386486053467 43.2395448048909 43.2393274943034 43.2479554494222 43.2513943990072 43.272517267863 43.3007050832113 43.3354942321777 43.353290049235 43.3669960021973 43.40305519104 43.4666585286458 43.5412396748861 43.6308788299561 43.7400320688883 43.87243309021 44.0171850840251 44.2352091471354 44.3977035522461 44.6372968037923 44.8067644755046 45.029487101237 45.2765309651693 45.4989616394043 45.7099291483561 45.9259086608887 46.138417561849 46.3579958597819 46.5827481587728 46.8080098470052 47.0353233337402 47.2535530090332 47.4730524698893 47.7111750284831 47.9480506896973 48.1637738545736 48.3469874064128 48.4863751729329 48.6653307596842 48.8768890380859 49.0607070922852
-9999 -9999 -9999 43.7686434427897 43.7472502390544 43.7321385701497 43.7019090016683 43.6742673238118 43.6366631825765 43.6211730957031 43.5906870524089 43.5754423777262 43.5535134633382 43.5361442565918 43.5252110799154 43.5168853759766 43.5146315256755 43.5317705790202 43.5416110992432 43.5656669616699 43.6065906524658 43.5916838328044 43.6359018961589 43.6307154337565 43.6809406280518 43.7652702331543 43.8725500742594 43.9851973215739 44.1116212209066 44.2809054056803 44.4365315755208 44.6325342814128 44.837523651123 45.0426162719727 45.2481328328451 45.4969589233398 45.7030873616536 45.9067021687826 46.1184674580892 46.3255788167318 46.5392117818197 46.7572865804036 46.9785934448242 47.194420115153 47.4064656575521 47.632913462321 47.8587265014648 48.0822186787923 48.3035176595052 48.5310180664062 48.7170745849609 48.8455721537272 49.0460830688477 49.2590576171875
-9999 -9999 -9999 -9999 44.0721127827962 44.0335875193278 44.0070882161458 43.981316502889 43.9552563985189 43.9312747955322 43.9101303100586 43.8857803344727 43.8624196370443 43.8404092152913 43.8313700358073 43.8069202423096 43.8123254140218 43.8022225697835 43.8222351074219 43.8425526936849 43.8627020517985 43.8602849324544 43.8678089141846 43.8901336669922 43.9562664031982 -9999 44.1160068511963 44.2302874247233 44.3630531311035 44.5335276285807 44.6799334208171 44.8915898640951 45.086941019694 45.2706726074219 45.4974072774251 45.7365081787109 45.9260823567708 46.1233380635579 46.3192581176758 46.529674021403 46.7390803019206 46.9447690327962 47.1552324930827 47.3713493347168 47.5769945780436 47.7955678304036 48.0191685994466 48.2341204325358 48.4503389994303 48.6574745178223 48.8683090209961 49.0688120524089 49.2551551818848 49.4156150817871
-9999 -9999 -9999 -9999 -9999 44.3706331888835 44.3371925354004 44.320654296875 -9999 44.2622015635173 44.2372835795085 44.2076511383057 44.1839168548584 44.159406153361 44.1302752176921 44.1030125935872 44.0849925994873 44.0956975301107 44.1077894846598 44.1199498494466 44.1366536458333 44.1379037221273 44.146156946818 -9999 -9999 -9999 44.378764851888 44.4879402160645 44.6276384989421 44.7927968343099 44.9355061848958 45.1641777038574 45.3505587259928 45.5353569030762 45.7676912943522 45.9712346394857 46.157448832194 46.3539232889811 46.5413426717122 46.7422541300456 46.939298248291 47.1405621846517 47.3502604166667 47.5616353352865 -9999 47.9654858907064 48.1832481384277 48.397358194987 48.6052207946777 48.821221669515 49.0341636657715 49.2453793843587 49.4415077209473 49.6135393778483
-9999 -9999 -9999 -9999 -9999 -9999 -9999 -9999 -9999 -9999 44.5660453796387 44.5329119364421 44.5094823201497 44.4768643697103 44.4399159749349 44.4101465861003 44.3868184407552 44.3710975646973 44.3717997233073 44.3910242716471 44.4188504536947 44.4255274454753 -9999 -9999 -9999 -9999 44.6723640441895 44.773380279541 44.914981842041 45.073784383138 45.2596552530924 45.4436937967936 45.6001889546712 45.8383944193522 46.0179150899251 46.2237737019857 46.4045878092448 46.5895385742188 46.7743606567383 46.963661702474 -9999 -9999 -9999 -9999 -9999 -9999 -9999 48.5697527567546 48.7846430460612 48.9934374491374 49.2014765421549 49.4057685852051 -9999 -9999
-9999 -9999 -9999 -9999 -9999 -9999 -9999 -9999 -9999 -9999 -9999 44.8500424702962 44.8114410400391 44.8022799173991 44.7509066263835 44.7076675415039 44.700225575765 44.6730695088704 44.670622253418 44.6897099812826 44.6988299051921 44.7512944539388 -9999 -9999 -9999 -9999 -9999 -9999 -9999 45.3960576375326 45.5805203755697 45.7233286539714 45.9172172546387 46.1229184468587 46.3127947489421 46.4822166442871 46.6580507914225 46.8375676472982 -9999 -9999 -9999 -9999 -9999 -9999 -9999 -9999 -9999 -9999 -9999 -9999 -9999 -9999 -9999 -9999
-9999 -9999 -9999 -9999 -9999 -9999 -9999 -9999 -9999 -9999 -9999 -9999 -9999 45.1158462524414 45.0464508056641 45.01388575236 44.9970059712728 44.9887029012044 44.9706303914388 44.9879221598307 45.0287338256836 -9999 -9999 -9999 -9999 -9999 -9999 -9999 -9999 -9999 -9999 -9999 -9999 46.4157679239909 46.5779792785645 46.7362729390462 -9999 -9999 -9999 -9999 -9999 -9999 -9999 -9999 -9999 -9999 -9999 -9999 -9999 -9999 -9999 -9999 -9999 -9999
-9999 -9999 -9999 -9999 -9999 -9999 -9999 -9999 -9999 -9999 -9999 -9999 -9999 -9999 -9999 -9999 45.3435971577962 45.324658203125 -9999 -9999 -9999 -9999 -9999 -9999 -9999 -9999 -9999 -9999 -9999 -9999 -9999 -9999 -9999 -9999 -9999 -9999 -9999 -9999 -9999 -9999 -9999 -9999 -9999 -9999 -9999 -9999 -9999 -9999 -9999 -9999 -9999 -9999 -9999 -9999
-9999 -9999 -9999 -9999 -9999 -9999 -9999 -9999 -9999 -9999 -9999 -9999 -9999 -9999 -9999 -9999 -9999 -9999 -9999 -9999 -9999 -9999 -9999 -9999 -9999 -9999 -9999 -9999 -9999 -9999 -9999 -9999 -9999 -9999 -9999 -9999 -9999 -9999 -9999 -9999 -9999 -9999 -9999 -9999 -9999 -9999 -9999 -9999 -9999 -9999 -9999 -9999 -9999 -9999
-9999 -9999 -9999 -9999 -9999 -9999 -9999 -9999 -9999 -9999 -9999 -9999 -9999 -9999 -9999 -9999 -9999 -9999 -9999 -9999 -9999 -9999 -9999 -9999 -9999 -9999 -9999 -9999 -9999 -9999 -9999 -9999 -9999 -9999 -9999 -9999 -9999 -9999 -9999 -9999 -9999 -9999 -9999 -9999 -9999 -9999 -9999 -9999 -9999 -9999 -9999 -9999 -9999 -9999
-9999 -9999 -9999 -9999 -9999 -9999 -9999 -9999 -9999 -9999 -9999 -9999 -9999 -9999 -9999 -9999 -9999 -9999 -9999 -9999 -9999 -9999 -9999 -9999 -9999 -9999 -9999 -9999 -9999 -9999 -9999 -9999 -9999 -9999 -9999 -9999 -9999 -9999 -9999 -9999 -9999 -9999 -9999 -9999 -9999 -9999 -9999 -9999 -9999 -9999 -9999 -9999 -9999 -9999
-9999 -9999 -9999 -9999 -9999 -9999 -9999 -9999 -9999 -9999 -9999 -9999 -9999 -9999 -9999 -9999 -9999 -9999 -9999 -9999 -9999 -9999 -9999 -9999 -9999 -9999 -9999 -9999 -9999 -9999 -9999 -9999 -9999 -9999 -9999 -9999 -9999 -9999 -9999 -9999 -9999 -9999 -9999 -9999 -9999 -9999 -9999 -9999 -9999 -9999 -9999 -9999 -9999 -9999
-9999 -9999 -9999 -9999 -9999 -9999 -9999 -9999 -9999 -9999 -9999 -9999 -9999 -9999 -9999 -9999 -9999 -9999 -9999 -9999 -9999 -9999 -9999 -9999 -9999 -9999 -9999 -9999 -9999 -9999 -9999 -9999 -9999 -9999 -9999 -9999 -9999 -9999 -9999 -9999 -9999 -9999 -9999 -9999 -9999 -9999 -9999 -9999 -9999 -9999 -9999 -9999 -9999 -9999
-9999 -9999 -9999 -9999 -9999 -9999 -9999 -9999 -9999 -9999 -9999 -9999 -9999 -9999 -9999 -9999 -9999 -9999 -9999 -9999 -9999 -9999 -9999 -9999 -9999 -9999 -9999 -9999 -9999 -9999 -9999 -9999 -9999 -9999 -9999 -9999 -9999 -9999 -9999 -9999 -9999 -9999 -9999 -9999 -9999 -9999 -9999 -9999 -9999 -9999 -9999 -9999 -9999 -9999
-9999 -9999 -9999 -9999 -9999 -9999 -9999 -9999 -9999 -9999 -9999 -9999 -9999 -9999 -9999 -9999 -9999 -9999 -9999 -9999 -9999 -9999 -9999 -9999 -9999 -9999 -9999 -9999 -9999 -9999 -9999 -9999 -9999 -9999 -9999 -9999 -9999 -9999 -9999 -9999 -9999 -9999 -9999 -9999 -9999 -9999 -9999 -9999 -9999 -9999 -9999 -9999 -9999 -9999
-9999 -9999 -9999 -9999 -9999 -9999 -9999 -9999 -9999 -9999 -9999 -9999 -9999 -9999 -9999 -9999 -9999 -9999 -9999 -9999 -9999 -9999 -9999 -9999 -9999 -9999 -9999 -9999 -9999 -9999 -9999 -9999 -9999 -9999 -9999 -9999 -9999 -9999 -9999 -9999 -9999 -9999 -9999 -9999 -9999 -9999 -9999 -9999 -9999 -9999 -9999 -9999 -9999 -9999
