ET0/medie/MEDIA_ET0_01.asc
NCOLS 177 
NROWS 174 
XLLCORNER 1436301.375 
YLLCORNER 4916704.5 
CELLSIZE 1500 
NODATA_value -9999 
[rows 104 to 129 of 174, columns 118 to 176 of 177]
10.780277411143 10.8188276926676 10.9303544680278 11.019772307078 11.1231416702271 11.2670667648315 11.3991880098979 11.4730971018473 11.52849817276 11.6209071795146 11.9362547556559 12.6016879717509 12.3920383771261 12.2089097340902 12.0730662981669 12.3786358833313 0 0 0 0 0 0 0 0 0 0 0 0 0 0 0 0 0 0 0 0 0 0 0 0 0 0 0 0 0 0 0 0 0 0 0 0 0 0 0 0 0 0 0
10.5891582806905 10.6357009887695 10.6782648722331 10.7662457148234 10.8595864295959 10.9582153002421 11.0501718203227 11.1478998502096 11.2509362538656 11.3527420361837 11.4290088335673 11.5725613911947 11.7673434257507 11.9169284502665 11.7773880322774 12.0659037272135 12.2235926628113 12.2293110847473 12.3009871164958 12.2657061576843 0 0 0 0 0 0 0 0 0 0 0 0 0 0 0 0 0 0 0 0 0 0 0 0 0 0 0 0 0 0 0 0 0 0 0 0 0 0 0
10.4066800117493 10.4486780484517 10.4916202227275 10.5671450932821 10.660285170873 10.7273733933767 10.8242519060771 10.9468667507172 11.0168012777964 11.0396495660146 11.1692114830017 11.3188760439555 11.5033119360606 11.6163629849752 11.5490749994914 11.8314213116964 11.9156677246094 11.9774767239889 11.9997489929199 12.0147431691488 12.0404763221741 0 0 0 0 0 0 0 0 0 0 0 0 0 0 0 0 0 0 0 0 0 0 0 0 0 0 0 0 0 0 0 0 0 0 0 0 0 0
10.2808655738831 10.3046185970306 10.3618375937144 10.410413312912 10.4596838474274 10.5098881403605 10.6266647179921 10.7199639797211 10.7849329948425 10.8627991358439 10.9762881596883 11.0857477664948 11.2050978660583 11.3069897015889 11.3346986929576 11.6107219537099 11.642139673233 11.7392688433329 11.7501697540283 11.8255202293396 11.9027477264404 11.9080620765686 0 0 0 0 0 0 0 0 0 0 0 0 0 0 0 0 0 0 0 0 0 0 0 0 0 0 0 0 0 0 0 0 0 0 0 0 0
10.1284395376841 10.1189925988515 10.1866527080536 10.223429218928 10.2753360589345 10.3413489023844 10.4253527959188 10.5059911886851 10.5621092319489 10.6784367084503 10.7252507050832 10.8553321520487 10.9225340048472 10.9957238356272 11.1291176795959 11.3826812108358 11.4292320251465 11.463116757075 11.5381431261698 11.6022866566976 11.7086240450541 11.7272060394287 0 0 0 0 0 0 0 0 0 0 0 0 0 0 0 0 0 0 0 0 0 0 0 0 0 0 0 0 0 0 0 0 0 0 0 0 0
9.98713924090068 10.0018595377604 10.0319778124491 10.0650130748749 10.0983494440715 10.2258016268412 10.2603961785634 10.3373791535695 10.4088472207387 10.470450703303 10.5557314078013 10.6422962506612 10.6535183588664 10.7621929486593 10.9556589603424 11.0969241937002 11.2266266822815 11.2751951535543 11.3582350254059 11.3798572222392 11.4928168773651 11.5880437215169 11.6872964223226 11.7283333778381 11.833412806193 0 0 0 0 0 0 0 0 0 0 0 0 0 0 0 0 0 0 0 0 0 0 0 0 0 0 0 0 0 0 0 0 0 0
9.86715016365051 9.87829969724019 9.90971651077271 9.95643167495728 10.0262161890666 10.0953059991201 10.1297635555267 10.1569762388865 10.2235306580861 10.2960004965464 10.3668049812317 10.4415284951528 10.4374047120412 10.5864156881968 10.6882073084513 10.7639532725016 10.90492866834 11.0820463657379 11.1578226248423 11.2319400628408 11.3294511636098 11.4202037652334 11.6007189114889 11.6139973640442 11.7139449437459 11.8040438652039 11.9210125605265 0 0 0 0 0 0 0 0 0 0 0 0 0 0 0 0 0 0 0 0 0 0 0 0 0 0 0 0 0 0 0 0
9.75618926684062 9.77210793495178 9.80509735743205 9.84379239082336 9.9207170009613 9.98189493815104 10.0041266123454 10.0721182823181 10.0894019126892 10.1652547200521 10.2281711896261 10.2745783646901 10.2267229398092 10.3862998644511 10.512194554011 10.5947669506073 10.7158462524414 10.8814417997996 11.0158131758372 11.0666309038798 11.1579370180766 11.2563563187917 11.4469833056132 11.5005027453105 11.5689896583557 11.6850586255391 11.7908180554708 0 0 0 0 0 0 0 0 0 0 0 0 0 0 0 0 0 0 0 0 0 0 0 0 0 0 0 0 0 0 0 0
9.66271532376607 9.68507687250773 9.71034148534139 9.76736284891764 9.83664285341899 9.85188619295756 9.90379707018534 9.94728387196859 9.99693182309469 10.0519023895264 10.127717590332 10.1652403672536 10.1758272965749 10.1945878505707 10.346528116862 10.4422898928324 10.5304481824239 10.6454336007436 10.8789620240529 10.9426283359528 10.9913848082225 11.137920554479 11.2393699010213 11.349427541097 11.4657018025716 11.5623245239258 11.6752586364746 11.7800262451172 11.8738277753194 0 0 0 0 0 0 0 0 0 0 0 0 0 0 0 0 0 0 0 0 0 0 0 0 0 0 0 0 0 0
9.6048977692922 9.63025744756063 9.68414206504822 9.69437953631083 9.72411958376567 9.7505087852478 9.78834629058838 9.82768650054932 9.8835346698761 9.88849625587463 9.99811541239421 10.0203432242076 10.0412210146586 10.0482802708944 10.1797739823659 10.2959502061208 10.4037719726562 10.5108692328135 10.6848095417023 10.7722112973531 10.87779657046 10.9930470943451 11.1030539830526 11.2229128519694 11.3521345456441 11.4700777053833 11.551987139384 11.6521469434102 11.7647331237793 11.8428879737854 0 0 0 0 0 0 0 0 0 0 0 0 0 0 0 0 0 0 0 0 0 0 0 0 0 0 0 0 0
9.58028758366903 9.58128519058227 9.58480253219605 9.62788600921631 9.63379704157511 9.65423310597738 9.71004370053609 9.72473475138346 9.73155398368835 9.80647252400716 9.87621657053629 9.93473149935405 9.98101269404093 9.91907850901286 10.0507035891215 10.1281941890717 10.1823729197184 10.3015275160472 10.5208255132039 10.6756447474162 10.7733086744944 10.8984488169352 10.9692811489105 11.0745379765828 11.2297803719838 11.3797203381856 11.4643920898438 11.5698436419169 11.68830798467 11.7873337109884 0 0 0 0 0 0 0 0 0 0 0 0 0 0 0 0 0 0 0 0 0 0 0 0 0 0 0 0 0
9.57420840263367 9.55978113810221 9.5648141225179 9.56422645250956 9.56697271664937 9.59208860397339 9.61130108833313 9.65343249638875 9.6731685479482 9.72735966046651 9.79087778727214 9.88232663472493 9.86975496610006 9.82988870938619 9.92638751665751 10.0179731051127 10.1011731147766 10.1687123616536 10.3189142862956 10.4036496639252 10.6270407994588 10.78167497317 10.8808476924896 10.9922853946686 11.1285340627034 11.2409304618835 11.3531655947367 11.4221883773804 11.559849135081 11.7219498634338 0 0 0 0 0 0 0 0 0 0 0 0 0 0 0 0 0 0 0 0 0 0 0 0 0 0 0 0 0
9.49669365882874 9.46671590805054 9.46744647026062 9.50987065633138 9.52576367060343 9.54815845489502 9.5793160756429 9.60109337170919 9.62909733454386 9.66403530438741 9.719713306427 9.78438994089762 9.82279880841573 9.76254860560099 9.8344631989797 9.91199639638265 10.002285750707 10.0513945579529 10.2096554438273 10.2545898914337 10.5102267583211 10.651068242391 10.7292885303497 10.8384285291036 10.9784966945648 11.0949945449829 11.2313811302185 11.3595142364502 11.4972590128581 11.624614461263 11.7722111384074 11.9234032948812 12.0598881403605 0 0 0 0 0 0 0 0 0 0 0 0 0 0 0 0 0 0 0 0 0 0 0 0 0 0
9.45148110389709 9.35759997367859 9.40305449167887 9.44024896621704 9.4830815633138 9.50101380348206 9.52621413866679 9.56109213829041 9.56601252555847 9.5946061929067 9.62900975545247 9.6910573164622 9.76164887746175 9.83042855262756 9.91339642206828 9.95815275510152 10.0393078486125 10.1201009273529 10.1570363998413 10.2489451090495 10.3510813395182 10.5128143787384 10.6727906386058 10.7733441988627 10.8790240128835 11.023234128952 11.1513393084208 11.2885177612305 11.4265665690104 11.5541158676147 11.7070561726888 11.8611437797546 11.9969437917074 0 0 0 0 0 0 0 0 0 0 0 0 0 0 0 0 0 0 0 0 0 0 0 0 0 0
9.42123223940531 9.36967172622681 9.36597099304199 9.36701976458232 9.45419371922811 9.46646491686503 9.50459510485331 9.54962720870972 9.53339166641235 9.57460753122965 9.60639452934265 9.66230408350627 9.70672052701314 9.72743458747864 9.86570715904236 9.94795680046082 9.96367414792379 10.0525564988454 10.067627509435 10.166020043691 10.2577500502268 10.4072222073873 10.5755348523458 10.6921450297038 10.8316130956014 10.9612700462341 11.0791683197021 11.2183226585388 11.3437597592672 11.495796362559 11.6517064094543 11.8041461308797 11.9460613250732 0 0 0 0 12.7418297131856 12.88162206014 0 0 0 0 0 0 0 0 0 0 0 0 0 0 0 0 0 0 0 0
9.50084481239319 9.47297209103902 9.46621905962626 9.48054146766663 9.48558885256449 9.46217414538066 9.47929658889771 9.50132590929667 9.51561710039775 9.51827096939087 9.56332643826803 9.6131765683492 9.65527812639872 9.68965330123901 9.83397455215454 9.86632766723633 9.92072626749674 9.99649467468262 10.1103083928426 10.1783662478129 10.3030669212341 10.2840607643127 10.5336253801982 10.6430330117544 10.7831599871318 10.9124931017558 11.0165385246277 11.1636417071025 11.3070749600728 11.4628116925557 11.6000595092773 11.7614527702332 11.9004718144735 0 12.2074240048726 12.3690239906311 12.5420343081156 12.7113519032796 12.8711607615153 13.0341808636983 13.1557174046834 0 0 0 0 0 0 0 0 0 0 0 0 0 0 0 0 0 0
9.56385800043742 9.54838161468506 9.48637530008952 9.449325243632 9.44658660888672 9.45206583340963 9.44707423845927 9.51918102900187 9.51179370880127 9.52750344276428 9.55162755648295 9.59545146624247 9.6360316435496 9.70279768308004 9.80414141019185 9.86176838874817 9.93259747823079 10.0317584037781 10.0957138538361 10.1706390539805 10.2749788920085 10.3140657901764 10.4344544728597 10.5988989671071 10.7382376194 10.820737695694 10.9935082117716 11.1392910957336 11.2701751708984 11.4193944613139 11.5779048919678 11.7370358784993 11.8824752171834 12.0275370597839 12.191265074412 12.3620568911235 12.5934899648031 12.6995458285014 12.867606194814 13.0116976737976 13.1525730450948 0 0 0 0 0 0 0 0 0 0 0 0 0 0 0 0 0 0
9.60552566846212 9.58607667287191 9.58845909436544 9.58146683375041 9.54075400034587 9.45654419263204 9.46335328420003 9.48069993654887 9.53715267181397 9.54982736905416 9.56714251836141 9.59452842076619 9.64481630325317 9.71059114138285 9.75214927991231 9.81560570398966 9.90868728955587 9.99562808672587 10.0813296477 10.1726115544637 10.2876641750336 10.394029712677 10.4835959911346 10.5946158568064 10.7193030516307 10.7787689050039 10.9493950208028 11.1305987675985 11.2576427141825 11.4148597399394 11.571937306722 11.7272464434306 11.8941130638123 12.0385200182597 12.1852719942729 12.334446366628 12.5130836486816 12.6988879839579 12.8460511207581 13.0312216758728 0 0 0 0 0 0 0 0 0 0 0 0 0 0 0 0 0 0 0
9.66274242401123 9.65599830945333 9.61867863337199 9.59143474896749 9.58245638211568 9.54460506439209 9.5312087059021 9.52534109751383 9.52659312884013 9.55307811101278 9.58510286013285 9.62610133488973 9.67403429349264 9.73234465916951 9.76243279774984 9.81817299524943 9.8920699596405 10.0095445315043 10.0807234128316 10.1550808747609 10.2786060810089 10.3707122802734 10.5390674908956 10.6301399072011 10.7460774421692 10.875274070104 11.050469048818 11.1555690447489 11.3001092592875 11.4142573038737 11.5954392751058 11.7396862665812 11.9241117795308 12.0539256095886 12.2177064577738 12.3892024358114 12.5203142484029 12.7062522252401 12.8575649897257 13.0372594197591 0 0 0 0 0 0 0 0 0 0 0 0 0 0 0 0 0 0 0
9.73185844421387 9.68917771975199 9.68446729977926 9.66654674212138 9.62043132781982 9.61352259318034 9.61305001576742 9.58772479693095 9.56860696474711 9.60681664148967 9.65081435839335 9.66973735491435 9.70145050684611 9.75689598719279 9.78574206034343 9.85088661511739 9.93735524813334 10.027135848999 10.106249109904 10.1955554485321 10.2945272286733 10.3763595422109 10.5053938865662 10.6188986778259 10.7569438139598 10.8876420021057 11.025910504659 11.1483447710673 11.2755563735962 11.429594039917 11.5673748970032 11.770140393575 11.9356657028198 12.1039233843486 12.2549957593282 12.3823092460632 12.599594783783 12.7034242630005 12.8876174290975 13.0500499089559 13.1345555941264 13.3298087437948 0 13.6588155110677 13.7904234568278 0 0 0 0 0 0 0 0 0 0 0 0 0 0
9.77869370778402 9.7317059357961 9.70754912694295 9.68698965708415 9.67101060549418 9.66082493464152 9.65903380711873 9.66382234891256 9.65876016616821 9.67586126327515 9.68396716117859 9.71570180257161 9.7426176071167 9.789670530955 9.84300804138184 9.91078060468038 9.99087756474813 10.0816356658936 10.1490162054698 10.236200205485 10.3327217578888 10.4157631715139 10.5296772321065 10.6480191866557 10.7681790987651 10.8986257394155 11.0313973108927 11.1565524419149 11.3036496162415 11.4581073125203 11.6123214403788 11.7733519554138 11.919144376119 12.1042436599731 12.1557946205139 12.3255976359049 12.5966568628947 12.7439295450846 12.8275846481323 13.0480758031209 13.1935406049093 13.3941258748372 13.5775773366292 13.6899900436401 13.7827096939087 0 0 0 0 0 0 0 0 0 0 0 0 0 0
9.8893682161967 9.82402818997701 9.79545874595642 9.77125984827677 9.73513166109721 9.7392128944397 9.75073277155558 9.75251256624858 9.74476358095805 9.7580962340037 9.78143267631531 9.7960666179657 9.81779022216797 9.86759060223897 9.92687489191691 9.97392921447754 10.0412180105845 10.1308437506358 10.1941863854726 10.3079055309296 10.3726187547048 10.4661365350087 10.5716791629791 10.6849800427755 10.8081199645996 10.9377214113871 11.0533587137858 11.1963694572449 11.3438601493835 11.4961186091105 11.6518241246541 11.8094531059265 11.9717353502909 12.1143246650696 12.2646134376526 12.4346765200297 12.6074424425761 12.7536911964417 12.9205258051554 13.0452017148336 13.1999608357747 13.4058449427287 13.5257553736369 13.6588112513224 13.8137394587199 0 0 0 0 0 0 0 0 0 0 0 0 0 0
10.0099207560221 9.94125006993612 9.91254003842672 9.86843188603719 9.84717752138774 9.830171251297 9.82239414850871 9.8384893099467 9.84248391787211 9.83654815355937 9.91327660878499 9.87071293195089 9.90342739423116 9.95569160779317 10.0147616545359 10.0577828725179 10.1137584368388 10.1699939727783 10.2482678731283 10.3266092459361 10.4368249734243 10.5320120811462 10.6341517448425 10.7410138448079 10.8618690331777 10.989398765564 11.1245220502218 11.2669767061869 11.4150413195292 11.5670970598857 11.7016747792562 11.8586167017619 11.9986591339111 12.1609668731689 12.284864171346 12.4562355359395 12.6429077466329 12.769465637207 12.9370695114136 13.0822072029114 13.2410364468892 13.428338432312 13.5431409835815 13.696245765686 13.8244742711385 14.0320786794027 14.1012981414795 0 0 0 0 0 0 0 0 0 0 0 0
10.1251484076182 10.055180756251 10.0222929636637 9.97589886983236 9.95426977475484 9.9522843837738 9.95872139930725 9.93601660728455 9.95318741798401 9.96491626103719 9.98644539515177 10.0067987442017 10.0299337863922 10.0574481964111 10.0808508078257 10.1037604808807 10.1504815737406 10.2283146381378 10.280934381485 10.3842216809591 10.4922154426575 10.587140305837 10.7018398284912 10.8067609945933 10.9280025641123 11.0544007937113 11.188501962026 11.329177347819 11.4939725875854 11.6264250437419 11.7816507657369 11.916441822052 12.0562560399373 12.217573038737 12.3600563049316 12.5058893839518 12.6498532295227 12.8149778048197 12.9594046910604 13.1262747128805 13.2868393580119 13.4505999247233 13.588179397583 13.719629796346 13.8883009592692 14.0067790349325 14.1634705225627 14.2761610666911 0 0 0 0 0 0 0 0 0 0 0
10.2872803370158 10.1966599941254 10.144823439916 10.1127897262573 10.1036606947581 10.0849842071533 10.070404736201 10.0638193448385 10.0657214800517 10.0755515257518 10.0847465197245 10.1541712760925 10.1981783707937 10.2531616369883 10.1885243415833 10.2292828083038 10.2724649906158 10.3276624043783 10.394270102183 10.4948810736338 10.5444706439972 10.6718841393789 10.8607520898183 10.8868511676788 11.0070406913757 11.1320421536764 11.2649822235107 11.4039405504862 11.5465721130371 11.6764242172241 11.8301521619161 11.9835418701172 12.141076819102 12.3028340339661 12.4235303560893 12.5660290082296 12.7479467074076 12.9323658307393 13.0321369171143 13.1949989636739 13.3340911865234 13.4985691070557 13.6541304270426 13.782359568278 13.8853268305461 14.0324132283529 14.1610602060954 14.319065284729 14.4532641092936 14.6065433502197 0 0 0 0 0 0 0 0 0
10.4415351231893 10.421102587382 10.3470919768016 10.2788946151733 10.2321901639303 10.2283117612203 10.2106821537018 10.2059241612752 10.2242715199788 10.210818862915 10.2449323972066 10.2867125352224 10.3709457397461 10.2887275536855 10.2950791517893 10.3356315771739 10.379256884257 10.4537905852 10.4989605108897 10.5837884744008 10.664320341746 10.7615740140279 10.8956141471863 11.0028265953064 11.0981537501017 11.2210972468058 11.3525456110636 11.4908743858337 11.6339675585429 11.7592991511027 11.9107055346171 12.06274878184 12.2186554590861 12.3575298627218 12.4761884053548 12.658048025767 12.8401912689209 13.0002510388692 13.1395957628886 13.2560457547506 13.3703154881795 13.5237054189046 13.6860171000163 13.8425762812297 13.9625235239665 14.1086114883423 14.254957262675 14.3936570485433 14.5318984985352 14.6563919703166 14.7503609339396 14.8651287078857 15.0671476999919 0 0 0 0 0 0
