ET0/medie/MEDIA_ET0_07.asc
NCOLS 177 
NROWS 174 
XLLCORNER 1436301.375 
YLLCORNER 4916704.5 
CELLSIZE 1500 
NODATA_value -9999 
[rows 96 to 119 of 174, columns 0 to 53 of 177]
-9999 -9999 -9999 -9999 -9999 -9999 -9999 -9999 -9999 -9999 -9999 -9999 -9999 -9999 -9999 -9999 -9999 -9999 -9999 -9999 -9999 -9999 -9999 -9999 -9999 -9999 -9999 -9999 -9999 -9999 -9999 -9999 126.722846984863 126.449701436361 125.955903116862 125.538253275553 124.90536702474 124.576192728678 124.256305440267 123.94770304362 123.65052134196 123.339294433594 123.041632080078 122.768530273438 122.464738972982 122.218298339844 122.033678181966 120.594132486979 119.652940368652 119.232367451986 118.969496154785 118.880630493164 118.849841308594 118.740521748861
-9999 -9999 -9999 -9999 -9999 -9999 -9999 -9999 -9999 -9999 -9999 -9999 -9999 -9999 -9999 -9999 -9999 -9999 -9999 -9999 -9999 -9999 -9999 -9999 -9999 -9999 -9999 -9999 -9999 -9999 -9999 -9999 -9999 126.597711181641 126.236362711589 125.736735534668 125.110365804036 124.784041849772 124.443098958333 124.148591105143 123.919244893392 123.586271158854 123.237578328451 122.995234171549 122.780978393555 122.528117370605 121.979375203451 120.784148152669 120.380448913574 120.316510518392 120.36416982015 120.093351745605 120.119005330404 120.387747701009
-9999 -9999 -9999 -9999 -9999 -9999 -9999 -9999 -9999 -9999 -9999 -9999 -9999 -9999 -9999 -9999 -9999 -9999 -9999 -9999 -9999 -9999 -9999 -9999 -9999 -9999 -9999 -9999 -9999 -9999 -9999 -9999 -9999 126.71891784668 126.44208577474 125.964804077148 125.40438486735 124.950601196289 124.665317281087 124.396095784505 124.091588846842 123.823061116536 123.46737874349 123.21246287028 122.983840942383 122.803114318848 122.624731445313 121.655355326335 121.20115814209 121.489405314128 121.948129272461 122.147618611654 122.065665690104 121.971336873372
-9999 -9999 -9999 -9999 -9999 -9999 -9999 -9999 -9999 -9999 -9999 -9999 -9999 -9999 -9999 -9999 -9999 -9999 -9999 -9999 -9999 -9999 -9999 -9999 -9999 -9999 -9999 -9999 -9999 -9999 -9999 -9999 -9999 -9999 126.605892944336 126.128532409668 125.726540629069 125.183064778646 124.796705118815 124.434880065918 124.23992767334 123.986352030436 123.695729573568 123.446918233236 123.246555582682 123.064067586263 122.912225341797 122.796682739258 122.636772664388 122.491537475586 122.440414428711 122.482969156901 122.459514363607 122.385456848145
-9999 -9999 -9999 -9999 -9999 -9999 -9999 -9999 -9999 -9999 -9999 -9999 -9999 -9999 -9999 -9999 -9999 -9999 -9999 -9999 -9999 -9999 -9999 -9999 -9999 -9999 -9999 -9999 -9999 -9999 127.856679789225 127.439210001628 127.000945027669 126.69714457194 126.721208190918 126.288811238607 125.908945719401 125.469924926758 124.948582967122 124.679322814941 124.394232177734 124.196046447754 123.934322102865 123.686326090495 123.454323323568 123.349250793457 123.169281514486 123.05660756429 122.916987101237 122.870137532552 122.811671447754 122.757415771484 122.799059041341 122.729389444987
-9999 -9999 -9999 -9999 -9999 -9999 -9999 -9999 -9999 -9999 -9999 -9999 -9999 -9999 -9999 -9999 -9999 -9999 -9999 -9999 -9999 -9999 -9999 -9999 -9999 -9999 -9999 -9999 128.855281575521 128.365833028158 127.945857747396 127.534477233887 127.061097208659 126.732475789388 126.795770263672 126.440276082357 126.03757425944 125.736228942871 125.211883036296 124.814688110352 124.502762349447 124.290980529785 124.109254455566 123.89707438151 123.689317321777 123.515356953939 123.445169576009 123.305874633789 123.220091247559 123.141698201497 123.088910929362 123.013891092936 123.108247375488 123.074045308431
-9999 -9999 -9999 -9999 -9999 -9999 -9999 -9999 -9999 -9999 -9999 -9999 -9999 -9999 -9999 -9999 -9999 -9999 -9999 -9999 -9999 -9999 131.636551920573 131.107176717122 -9999 -9999 -9999 -9999 128.900044759115 128.464123535156 128.053585306803 127.649337259928 127.171245320638 126.810115559896 126.745608011882 126.581201171875 126.271551513672 125.892784627279 125.537335205078 124.993767801921 124.645038859049 124.490620422363 124.278708394368 124.073221333822 123.936749267578 123.768770853678 123.669818623861 123.529541015625 123.505231221517 123.526400756836 123.464621988932 123.426897684733 123.383796691895 123.394305928548
-9999 -9999 -9999 -9999 -9999 -9999 -9999 -9999 -9999 -9999 -9999 -9999 -9999 -9999 -9999 -9999 -9999 -9999 133.548431905111 133.111680603027 132.652919514974 132.170597330729 131.741934712728 131.297242736816 -9999 -9999 -9999 -9999 -9999 128.500924682617 128.166562398275 127.700783793132 127.296334330241 126.847932942708 126.574640401204 126.684308878581 126.394191996257 126.074614969889 125.737159220378 125.302666727702 124.815801493327 124.565218098958 124.369829305013 124.249551391602 124.103645833333 123.967520141602 123.853141276042 123.756416320801 123.728354899089 123.73991394043 123.712101745605 123.733697001139 123.685345967611 123.669166564941
-9999 -9999 -9999 -9999 -9999 -9999 -9999 -9999 -9999 -9999 -9999 -9999 -9999 -9999 -9999 -9999 -9999 -9999 133.618735758464 133.218765258789 132.762510172526 132.295977274577 131.828900655111 131.383610026042 130.917141723633 -9999 -9999 -9999 128.996964009603 128.562541707357 128.122712198893 127.751512145996 127.333613077799 126.904575602214 126.638221232096 126.319489034017 126.390612792969 126.19699605306 125.950585428874 125.493403625488 124.880903116862 124.666553243001 124.51677347819 124.385586547852 124.279548136393 124.237133789062 124.08837890625 124.005432128906 123.890751139323 123.966144816081 123.99337310791 123.975316874186 123.928259277344 123.954172261556
-9999 -9999 -9999 -9999 -9999 -9999 -9999 -9999 -9999 -9999 -9999 -9999 -9999 -9999 -9999 -9999 -9999 -9999 133.749289449056 133.305506388346 132.811358642578 132.381624348958 131.955094909668 131.449718221029 130.940255228678 130.468444824219 -9999 -9999 129.110009256999 128.647908528646 128.215915425618 127.849706013997 127.480001322428 127.07315419515 126.454752604167 125.767361958822 126.141378275553 126.160130818685 126.216866556803 125.727996317546 125.333028157552 124.768428039551 124.574998982747 124.422429402669 124.331063334147 124.24448038737 124.163668314616 124.196430969238 124.191851806641 124.210460917155 124.176942443848 124.202072143555 124.176609802246 124.214833068848
-9999 -9999 -9999 -9999 -9999 -9999 -9999 -9999 -9999 -9999 -9999 -9999 -9999 -9999 -9999 -9999 -9999 134.378339640299 133.874391682943 133.4087987264 132.905502827962 132.451212565104 132.015204874674 131.470349121094 131.058730061849 130.517428080241 -9999 129.609925842285 129.17193959554 128.75573425293 128.324622599284 127.920659383138 127.557159423828 127.169138081868 126.265223185221 125.774067179362 126.21324412028 126.036344909668 126.084140014648 126.002019755046 125.351270039876 124.845170084635 124.701204427083 124.531741333008 124.427025349935 124.34891611735 124.374137369792 124.438403320313 124.399652608236 124.394669596354 124.395228068034 124.437119547526 124.42399597168 124.506003316243
-9999 -9999 -9999 -9999 -9999 -9999 -9999 -9999 -9999 -9999 -9999 -9999 -9999 -9999 -9999 -9999 -9999 134.526847330729 134.073472086589 133.488303120931 133.007357788086 132.515887959798 132.000134277344 131.466983540853 130.999578857422 130.51909383138 130.040641784668 129.622624715169 129.206924438477 128.77171681722 128.336478169759 127.979507446289 127.584738667806 127.20664469401 126.787225850423 126.444536844889 126.280905151367 126.05776570638 126.145539855957 126.01634165446 125.431955464681 124.94251759847 124.835846455892 124.635665893555 124.599059041341 124.496999104818 124.489002482096 124.594891866048 124.565411376953 124.565233357747 124.594194030762 124.64322865804 124.689874776204 124.731354268392
-9999 -9999 -9999 -9999 -9999 -9999 -9999 -9999 -9999 -9999 -9999 -9999 -9999 -9999 -9999 -9999 -9999 134.633582051595 134.191287231445 133.645839436849 133.148567199707 132.602235412598 132.033675130208 131.543504842122 131.022468566895 130.572357686361 130.041182454427 129.586723327637 129.14053700765 128.787478129069 128.360031636556 128.006056722005 127.608083089193 127.283935546875 126.883682759603 126.548174540202 126.265476989746 126.154978942871 126.243553670247 126.06110534668 125.849918619792 125.053948465983 124.90550994873 124.802817281087 124.726233927409 124.664710489909 124.600516764323 124.698071289062 124.714904785156 124.753747049967 124.771855163574 124.870160420736 124.947789001465 124.943881734212
-9999 -9999 -9999 -9999 -9999 -9999 -9999 -9999 -9999 -9999 -9999 -9999 -9999 -9999 -9999 -9999 -9999 -9999 134.296162414551 133.791213989258 133.244655863444 132.677680969238 132.102665710449 131.585196431478 131.117698160807 130.657215881348 130.181771850586 129.660190327962 129.193807983398 128.791605122884 128.394216918945 128.05091196696 127.708725484212 127.356738789876 127.052348327637 126.637494913737 126.359822591146 126.10494740804 126.285745239258 126.097372436523 125.962844340007 125.868347676595 125.231495157878 124.919242858887 124.832717386882 124.84826558431 124.748011271159 124.826151529948 124.876200358073 124.898903910319 124.909034729004 124.951585388184 125.017558797201 125.184995524089
-9999 -9999 -9999 -9999 -9999 -9999 -9999 -9999 -9999 -9999 -9999 -9999 -9999 -9999 -9999 -9999 -9999 -9999 134.473658243815 133.914347330729 133.301589457194 132.776396687826 132.248340352376 131.738735453288 131.206357828776 130.796857198079 130.319747416178 129.824794514974 129.406159464518 128.890551757812 128.554318745931 128.137965901693 127.811124674479 127.514178975423 127.195983378092 126.800801595052 126.465802001953 126.224682617187 126.356523640951 126.082396952311 126.139603678385 125.971105957031 125.785869344076 125.088524881999 124.964468383789 124.898436482747 124.938215637207 124.962036132812 124.878012593587 124.983867899577 124.994970703125 125.161454264323 125.240718078613 125.360747273763
-9999 -9999 -9999 -9999 -9999 -9999 -9999 -9999 -9999 -9999 -9999 -9999 -9999 -9999 -9999 -9999 -9999 -9999 134.495216369629 133.940047709147 133.401538085937 132.939488728841 132.434437561035 131.933871968587 131.369472757975 130.887924194336 130.417248535156 129.931854756673 129.491458129883 129.034351094564 128.631807454427 128.292869567871 127.907688395182 127.590113830566 127.282286071777 126.949348449707 126.653419494629 126.40855662028 126.125490315755 126.372142537435 126.216741434733 126.115932210286 125.965346781413 125.717277526855 125.595549519857 125.127098083496 125.076929219564 125.059062194824 125.003546142578 125.038191223145 125.195740763346 125.316355895996 125.366784667969 125.535647074382
-9999 -9999 -9999 -9999 -9999 -9999 -9999 -9999 -9999 -9999 -9999 -9999 -9999 -9999 -9999 -9999 -9999 -9999 134.597262064616 134.104457092285 133.544683837891 133.120874532064 132.569597880046 132.063398234049 131.529628499349 131.009652201335 130.573244730632 130.082833353678 129.616835530599 129.17860921224 128.769980367025 128.464408365885 128.074810282389 127.70844523112 127.463417053223 127.149693806966 126.865752156576 126.569271850586 126.318069458008 126.164214070638 126.37025197347 126.253995259603 126.136385599772 125.978734842936 125.881963602702 125.441915384928 125.300979614258 125.218313090007 125.171367899577 125.163782246908 125.243709818522 125.404466756185 125.554933166504 125.632694498698
-9999 -9999 -9999 -9999 -9999 -9999 -9999 -9999 -9999 -9999 -9999 -9999 -9999 -9999 -9999 -9999 -9999 -9999 134.897239685059 134.245108032227 133.779364013672 133.29351348877 132.780099995931 132.214817301432 131.706266784668 131.23224995931 130.776200866699 130.234837341309 129.766262308757 129.372272237142 129.050301615397 128.657131958008 128.259526570638 127.877061462402 127.594681294759 127.359391784668 127.037055969238 126.750838724772 126.461104838053 126.241189066569 126.273920186361 126.342781066895 126.222844441732 126.109411112467 126.052987670898 126.019366963704 125.664224243164 125.310786437988 125.343719991048 125.338961791992 125.446206156413 125.489362080892 125.673265075684 125.903492736816
-9999 -9999 -9999 -9999 -9999 -9999 -9999 -9999 -9999 -9999 -9999 -9999 -9999 -9999 -9999 -9999 -9999 -9999 -9999 134.540230814616 133.951436869303 133.447501118978 132.975621541341 132.350889078776 131.919687906901 131.485782368978 130.984340413411 130.440922546387 129.963593546549 129.53509165446 129.246101379395 128.844178263346 128.416562906901 128.073891194661 127.800965372721 127.491877237956 127.272939046224 126.963229370117 126.683060201009 126.479428100586 126.325392659505 126.644253540039 126.437370808919 126.255261230469 126.174901835124 126.255513000488 126.120469156901 126.105568949382 125.649923706055 125.694593811035 125.466384887695 125.236038716634 125.833160400391 126.020329284668
-9999 -9999 -9999 -9999 -9999 -9999 -9999 -9999 -9999 -9999 -9999 -9999 -9999 -9999 -9999 -9999 -9999 -9999 -9999 134.558950805664 134.112147521973 133.639877827962 133.177600097656 132.630246988932 132.099700419108 131.704977416992 131.219585673014 130.705742899577 130.225256856283 129.947474161784 129.526277160645 129.119899495443 128.687375895182 128.303643798828 128.001041666667 127.784529622396 127.467035929362 127.193206278483 126.951287841797 126.757046508789 126.539075215658 126.321017456055 126.695904032389 126.520204162598 126.375359090169 126.334058125814 126.271807861328 126.296465555827 126.294181315104 126.255682881673 125.456799825033 125.149836222331 126.116531880697 126.035740661621
-9999 -9999 -9999 -9999 -9999 -9999 -9999 -9999 -9999 -9999 -9999 -9999 -9999 -9999 -9999 -9999 -9999 -9999 -9999 134.810455830892 134.317205810547 133.895481872559 133.437459309896 132.983327738444 132.453177388509 131.990158589681 131.551517740885 131.068226114909 130.616389465332 130.24288482666 129.820883687337 129.406441752116 128.977889506022 128.56898244222 128.27752532959 128.015235392253 127.708125813802 127.453872680664 127.209350077311 126.989476013184 126.785720316569 126.53952331543 126.385463460286 126.326344299316 126.586598714193 126.498183186849 126.437280782064 126.433371988932 126.459393819173 126.295973714193 126.484429423014 126.56156463623 126.711618550618 126.853919474284
-9999 -9999 -9999 -9999 -9999 -9999 -9999 -9999 -9999 -9999 -9999 -9999 -9999 -9999 -9999 -9999 -9999 -9999 -9999 135.032334391276 134.626912434896 134.229560343424 133.786237589518 133.290842692057 132.821028137207 132.317644755046 131.939753214518 131.485227457682 131.058363850911 130.685218811035 130.190095011393 129.750175476074 129.329655965169 128.97489827474 128.63188680013 128.320802307129 128.033426920573 127.771485392253 127.475173441569 127.272239176432 127.000903828939 126.853485616048 126.633226013184 126.566268412272 126.428851318359 126.358647155762 126.196715291341 126.203533426921 126.635587565104 126.708167521159 126.714073181152 126.872973124186 127.072769165039 127.221776326497
-9999 -9999 -9999 -9999 -9999 -9999 -9999 -9999 -9999 -9999 -9999 -9999 -9999 -9999 -9999 -9999 -9999 -9999 -9999 -9999 134.951554361979 134.517805480957 134.099107869466 133.629549153646 133.199305725098 132.747175598145 132.329895528158 131.885407002767 131.461935424805 131.028681437174 130.587504577637 130.116154988607 129.719947814941 129.285098266602 128.924384562174 128.646807352702 128.347320556641 128.060253397624 127.817085266113 127.645150756836 127.329856872559 127.11162109375 127.012959798177 126.817550150553 126.636315409342 126.601605733236 126.544852701823 126.454572041829 126.793852742513 126.906255086263 127.001394144694 127.061459859212 127.299564107259 127.492566426595
-9999 -9999 -9999 -9999 -9999 -9999 -9999 -9999 -9999 -9999 -9999 -9999 -9999 -9999 -9999 -9999 -9999 -9999 -9999 -9999 -9999 134.847542826335 134.504798380534 134.006239827474 133.57748260498 133.172064717611 132.741290791829 132.233202616374 131.797983805339 131.385927327474 130.985838826497 130.554446411133 130.099358113607 129.681815083822 129.278725687663 128.964883422852 128.683081563314 128.405597941081 128.182013956706 127.936931864421 127.707601420085 127.474152628581 127.255845133464 127.083203125 126.998964436849 127.028040059408 127.193961588542 126.991931152344 127.107121276855 127.149020894368 127.258840433757 127.413802083333 127.563454182943 127.717698669434
