ET0/medie/MEDIA_ET0_11.asc
NCOLS 177 
NROWS 174 
XLLCORNER 1436301.375 
YLLCORNER 4916704.5 
CELLSIZE 1500 
NODATA_value -9999 
[rows 72 to 95 of 174, columns 0 to 53 of 177]
-9999 -9999 -9999 -9999 -9999 -9999 -9999 -9999 -9999 -9999 -9999 -9999 -9999 -9999 -9999 -9999 -9999 -9999 -9999 -9999 16.2626326243083 16.1306097666423 16.0780447642008 17.0015132904053 16.2164526621501 17.938959757487 15.7741711934408 15.4774010976156 15.6427099863688 16.5496142705282 15.4978528340658 15.7600606918335 16.0973710378011 15.7866014480591 16.3223061879476 15.5461889902751 15.4404481252035 15.6431309382121 15.743469174703 15.7922264099121 15.9557935714722 15.4687359491984 14.7818402926127 14.6336219151815 14.5631416956584 14.2888025283813 14.2992300987244 13.7775561332703 14.01762231191 14.6903867403666 14.7697464942932 14.4874665260315 14.1373793284098 13.6523091952006
-9999 -9999 -9999 -9999 -9999 -9999 -9999 -9999 -9999 -9999 -9999 -9999 -9999 -9999 -9999 -9999 -9999 -9999 -9999 -9999 16.2302486419678 16.030086072286 16.6665067036947 16.6594165802002 16.1808704376221 16.5036546707153 15.5983897527059 16.6618765513102 16.1039898554484 15.598508199056 15.9040705998739 16.2450680414836 15.8086112976074 15.9646524429321 15.8980588912964 15.4706212997437 15.0930358250936 15.2234354654948 15.5981426874797 15.4431939442952 15.6568627675374 15.3554883321126 14.6587059020996 14.4691857337952 14.5079796473185 14.1483074824015 14.2666918436686 13.6947406133016 13.8666343053182 14.0533787727356 14.3078918774923 14.1745505650838 14.0962689081828 13.6255087216695
-9999 -9999 -9999 -9999 -9999 -9999 -9999 -9999 -9999 -9999 -9999 -9999 -9999 -9999 -9999 -9999 -9999 -9999 -9999 -9999 -9999 15.9538564682007 16.2074385325114 16.6274424235026 15.9279464085897 15.867741839091 15.8210008621216 16.4394335428874 15.5813334782918 15.3104234059652 15.3359811782837 16.3589108784993 15.9265211105347 15.6520265579224 15.845152537028 15.1714758555094 14.9093493461609 15.0353044191996 15.1806259155273 15.1675600369771 15.1836772918701 15.0473898569743 14.7690059979757 14.3786049524943 14.3153414090474 14.4519585291545 14.1463261604309 13.9204032580058 14.0050607999166 14.2089120229085 14.2070046742757 13.880873076121 13.8650856018066 13.9578623453776
-9999 -9999 -9999 -9999 -9999 -9999 -9999 -9999 -9999 -9999 -9999 -9999 -9999 -9999 -9999 -9999 -9999 -9999 -9999 -9999 -9999 15.9047481536865 15.738663037618 15.5831701278687 15.583390935262 15.5742555618286 15.7955181121826 15.680553372701 15.3517826716105 15.3381499608358 15.1308895111084 15.8386759440104 15.6043990453084 15.4431355158488 15.4916577021281 15.4058158874512 14.5404790878296 14.7488814671834 15.0342418352763 14.9211294492086 14.7604906400045 14.5834632555644 14.6511370976766 14.4765528678894 14.2703577041626 14.2815867741903 14.1417650222778 14.1355020523071 13.8095145861308 14.1563894907633 14.0118724187215 13.7410141309102 13.7393223444621 13.4268421808879
-9999 -9999 -9999 -9999 -9999 -9999 -9999 -9999 -9999 -9999 -9999 -9999 -9999 -9999 -9999 -9999 -9999 -9999 -9999 -9999 -9999 -9999 -9999 -9999 15.622732480367 15.5905708948771 15.7878164291382 15.383855120341 15.4022337595622 15.1648692448934 15.2907289505005 15.3647068659465 15.2399368921916 15.2944438298543 15.2174889246623 14.9231457710266 14.6120177268982 14.5522914886475 14.7938592592875 14.7304534594218 14.5165590286255 14.3212210655212 14.4039151191711 14.262512588501 14.1616903305054 13.7798113505046 14.0248812357585 13.9107864061991 13.4438401858012 13.8211247126261 13.7472189267476 13.4562923749288 13.3167167345683 13.2667445500692
-9999 -9999 -9999 -9999 -9999 -9999 -9999 -9999 -9999 -9999 -9999 -9999 -9999 -9999 -9999 -9999 -9999 -9999 -9999 -9999 -9999 -9999 -9999 -9999 15.5472895940145 15.9407704035441 15.5326726913452 15.2220467249552 15.6181790033976 15.4185153325399 15.136771774292 15.1712467193604 15.0112718582153 14.9786425590515 15.0063848177592 14.6535990079244 14.3850557963053 14.3637666066488 14.3152518908183 14.293791103363 14.1998100598653 14.108381430308 14.1091170628866 14.0132072130839 13.9889216423035 13.6179614067078 13.7390835762024 13.7062438646952 13.3217321395874 13.4353308677673 13.3967241605123 13.2295753479004 13.3379725774129 13.3533262252808
-9999 -9999 -9999 -9999 -9999 -9999 -9999 -9999 -9999 -9999 -9999 -9999 -9999 -9999 -9999 -9999 -9999 -9999 -9999 -9999 -9999 -9999 -9999 -9999 15.7041498819987 15.4924508412679 15.238168780009 15.5257132212321 15.3952129999797 15.2678431828817 15.0038013458252 15.1878214518229 14.7066967646281 14.7821573257446 14.8336363792419 14.4817232767741 13.9994374593099 14.2900682767232 14.2161498705546 14.0500481923421 13.9092233975728 13.9274217605591 13.8283826828003 13.7630570729574 13.6686100641886 13.4068355560303 13.5213211695353 13.5050440470378 13.4395064989726 13.1423055330912 13.2534499168396 13.011017926534 13.2447920799255 13.3076684951782
-9999 -9999 -9999 -9999 -9999 -9999 -9999 -9999 -9999 -9999 -9999 -9999 -9999 -9999 -9999 -9999 -9999 -9999 -9999 -9999 -9999 -9999 -9999 -9999 15.6928804397583 15.1579020818075 15.2273504892985 15.2359850565592 15.0927768071493 15.0580383300781 14.9838000615438 14.829109954834 14.0890597343445 14.3100167910258 14.4207324663798 14.3868280410767 13.7968458493551 14.0853446006775 13.9644273122152 13.8719230333964 13.6886193911235 13.7027275721232 13.5963531494141 13.5178833643595 13.4369829813639 13.3204929351807 13.3159558931986 13.2979206403097 13.2296272595723 12.8573229789734 13.0542633692424 13.1455673535665 13.1162573178609 13.2202408154805
-9999 -9999 -9999 -9999 -9999 -9999 -9999 -9999 -9999 -9999 -9999 -9999 -9999 -9999 -9999 -9999 -9999 -9999 -9999 -9999 -9999 -9999 -9999 -9999 -9999 -9999 14.9243000030518 14.9820675532023 14.9370445887248 14.8599150975545 14.7724190076192 14.0887888590495 13.641575717926 14.0081352551778 14.2837016423543 14.263205909729 14.1553881327311 13.975498008728 13.9064351717631 13.7627943356832 13.5779846509298 13.4543659845988 13.4166207631429 13.3581218719482 13.2683657010396 13.1912333488464 13.1043726921082 13.14120982488 13.0124139785767 13.0765833854675 12.9426588058472 12.9325474739075 13.0284672737122 13.0567878405253
-9999 -9999 -9999 -9999 -9999 -9999 -9999 -9999 -9999 -9999 -9999 -9999 -9999 -9999 -9999 -9999 -9999 -9999 -9999 -9999 -9999 -9999 -9999 -9999 -9999 -9999 14.5355670928955 15.0151475270589 14.7943217595418 14.6088628768921 14.5468465805054 13.7520274798075 13.8435516675313 14.0765003204346 14.16568775177 14.0796280543009 14.0435590108236 13.6366993268331 13.7489570299784 13.6266216278076 13.4337841033936 13.3201678276062 13.2318880399068 13.1865626970927 13.105712445577 13.0439781188965 12.9687478065491 12.9835955937703 12.8636397043864 13.0866896311442 12.8659554163615 12.9808266321818 12.9364312171936 12.8328116734823
-9999 -9999 -9999 -9999 -9999 -9999 -9999 -9999 -9999 -9999 -9999 -9999 -9999 -9999 -9999 -9999 -9999 -9999 -9999 -9999 -9999 -9999 -9999 -9999 -9999 14.5792327245076 14.5196711222331 14.8710105260213 14.6988349596659 14.5175915400187 14.4315457661947 14.1504257837931 14.209332148234 14.0520848910014 14.0011055310567 13.9515927314758 13.7606830914815 13.4296545982361 13.5342381477356 13.4457053502401 13.2600370724996 13.1558192253113 13.0307206471761 13.0452589035034 13.0695477485657 13.0252144813538 12.8252954483032 12.7400138219198 12.6742760658264 12.9228002866109 12.788882001241 12.7370880762736 12.7103724161784 12.7524145126343
-9999 -9999 -9999 -9999 -9999 -9999 -9999 -9999 -9999 -9999 -9999 -9999 -9999 -9999 -9999 -9999 -9999 -9999 -9999 -9999 -9999 -9999 -9999 -9999 -9999 14.5600987752279 14.3051750183105 14.5267290115356 14.5457239468892 14.4515334765116 14.2648208300273 14.1129148801168 13.9998819033305 13.9187086423238 13.6001818021139 13.3265452067057 13.4111729621887 13.1946946779887 13.2837468465169 13.3000750541687 13.1584901809692 13.0283612569173 12.8933374404907 12.9642592112223 12.8927709897359 12.8905709584554 12.6388761202494 12.6227000554403 12.5156136512756 12.7402860323588 12.6105306943258 12.5975892066956 12.5368136723836 12.5123932520549
-9999 -9999 -9999 -9999 -9999 -9999 -9999 -9999 -9999 -9999 -9999 -9999 -9999 -9999 -9999 -9999 -9999 -9999 -9999 -9999 -9999 -9999 -9999 -9999 -9999 -9999 14.2749143600464 14.1781816164653 14.4605237325033 14.3271883964539 14.1449663162231 13.996878973643 13.923361269633 13.7903944969177 13.4460221290588 13.2292322476705 13.1686988830566 12.976536210378 12.8120210647583 13.0075259844462 13.1130757331848 12.8311459859212 12.7222839355469 12.5849444389343 12.6998614311218 12.6892138163249 12.5050715446472 12.3871143976847 12.2990064620972 12.464067141215 12.5101735750834 12.3854454358419 12.2249657948812 12.4021314938863
-9999 -9999 -9999 -9999 -9999 -9999 -9999 -9999 -9999 -9999 -9999 -9999 -9999 -9999 -9999 -9999 -9999 -9999 -9999 -9999 -9999 -9999 -9999 -9999 -9999 -9999 -9999 14.0575718243917 14.3375322341919 14.1799260775248 14.0505696932475 13.888205242157 13.8002583503723 13.6703730583191 13.6417432149251 13.5307759602865 13.3700482686361 13.1012371699015 12.6857550621033 12.7310733477275 12.9191560109456 12.671814028422 12.5448601722717 12.4304584185282 12.3655943552653 12.3147654533386 12.2166834831238 12.1694076538086 12.0818847338359 12.3213752110799 12.4544349988302 12.3186740875244 12.0027839342753 12.1738927523295
-9999 -9999 -9999 -9999 -9999 -9999 -9999 -9999 -9999 -9999 -9999 -9999 -9999 -9999 -9999 -9999 -9999 -9999 -9999 -9999 -9999 -9999 -9999 -9999 -9999 -9999 -9999 13.9553668657939 14.1988367080688 14.0745389620463 13.9319965044657 13.7561847686768 13.6290459314982 13.4982588450114 13.4124718030294 13.3002724329631 13.1878088633219 13.0701890627543 12.8022833824158 12.5869831720988 12.707657178243 12.4417468070984 12.3403887748718 12.2542503674825 12.2931065559387 12.3446139335632 12.3305308659871 11.9554676691691 11.9048186620076 12.2138611475627 12.3188448270162 12.2124094327291 11.9832852363586 11.9602724393209
-9999 -9999 -9999 -9999 -9999 -9999 -9999 -9999 -9999 -9999 -9999 -9999 -9999 -9999 -9999 -9999 -9999 -9999 -9999 -9999 -9999 -9999 -9999 -9999 -9999 -9999 -9999 13.8907094955444 14.0905074755351 13.9723098754883 13.8285542488098 13.6470541954041 13.5114965438843 13.3708665529887 13.2494554519653 13.1469908396403 12.9937800725301 12.9041142463684 12.8448559443156 12.6410935084025 12.5248512268066 12.3299504597982 12.1713367462158 12.1152387619019 11.9967891057332 12.1319266637166 12.0707728385925 11.7875487009684 11.7501805941264 11.9535204569499 12.1756337483724 12.1349941253662 12.0681169827779 11.9926252047221
-9999 -9999 -9999 -9999 -9999 -9999 -9999 -9999 -9999 -9999 -9999 -9999 -9999 -9999 -9999 -9999 -9999 -9999 -9999 -9999 -9999 -9999 -9999 -9999 -9999 -9999 -9999 13.8506316502889 13.9481904029846 13.8851696650187 13.7536893844604 13.5230681737264 13.3683524449666 13.2403513908386 13.0990946451823 12.9749093055725 12.8120411237081 12.6854083697001 12.5611575126648 12.5401207605998 12.4023633956909 12.2775929450989 12.1401370048523 11.9309813817342 11.9851259549459 11.9244610150655 11.9009629885356 11.6602307637533 11.5553142865499 11.7933356285095 11.9723494211833 12.0394807179769 12.0071510950724 11.9979600906372
-9999 -9999 -9999 -9999 -9999 -9999 -9999 -9999 -9999 -9999 -9999 -9999 -9999 -9999 -9999 -9999 -9999 -9999 -9999 -9999 -9999 -9999 -9999 -9999 -9999 -9999 -9999 13.8555237134298 13.6425241152445 13.7113967259725 13.6185175895691 13.4273980458577 13.2503494580587 13.0851260503133 12.9745342890422 12.8330648422241 12.6983497619629 12.5510352452596 12.3907302856445 12.2785503387451 12.145644569397 11.9961501439412 11.8807735761007 11.9827212015788 11.9652233123779 11.9212803204854 11.8432185173035 11.7576277097066 11.6443320592244 11.7337861378988 11.8495843569438 11.9346515019735 11.8629738171895 11.898733552297
-9999 -9999 -9999 -9999 -9999 -9999 -9999 -9999 -9999 -9999 -9999 -9999 -9999 -9999 -9999 -9999 -9999 -9999 -9999 -9999 -9999 -9999 -9999 -9999 -9999 -9999 -9999 -9999 13.6208866755168 13.4309956550598 13.508809820811 13.3387952804565 13.1412026723226 12.9528731981913 12.829204972585 12.6716652552287 12.51125831604 12.3672640164693 12.2347198486328 12.1220828056335 11.9704666773478 11.8574933687846 11.7617215474447 11.9016338348389 11.7935810089111 11.8514104525248 11.7483536720276 11.7230621655782 11.6984174728394 11.7942840576172 11.7978805224101 11.7856138865153 11.7653921127319 11.7712560653687
-9999 -9999 -9999 -9999 -9999 -9999 -9999 -9999 -9999 -9999 -9999 -9999 -9999 -9999 -9999 -9999 -9999 -9999 -9999 -9999 -9999 -9999 -9999 -9999 -9999 -9999 -9999 -9999 13.5557731628418 13.3599197069804 13.2019376754761 13.1695298194885 13.0429272015889 12.8442834536235 12.7030079841614 12.5400156021118 12.3833585739136 12.2172107696533 12.0937003771464 11.9544693311055 11.840048789978 11.7203732808431 11.6275040308634 11.5254635492961 11.6612034797668 11.4953214645386 11.4889099121094 11.5817751248678 11.7298900922139 11.7316983858744 11.6805254936218 11.6705419540405 11.6844135284424 11.6712694803874
-9999 -9999 -9999 -9999 -9999 -9999 -9999 -9999 -9999 -9999 -9999 -9999 -9999 -9999 -9999 -9999 -9999 -9999 -9999 -9999 -9999 -9999 -9999 -9999 -9999 -9999 -9999 -9999 13.764209874471 13.2898758570353 13.0678834279378 12.9183959007263 12.8478203455607 12.7170702934265 12.5656895001729 12.389052327474 12.2395484288534 12.0850124677022 11.9252990086873 11.8135227203369 11.6957201004028 11.6176149050395 11.5167547861735 11.4663540522257 11.3597589810689 11.2351615428925 11.1542767206828 11.0940091133118 11.4969110806783 11.679276116689 11.6091735521952 11.5844853083293 11.5804931322734 11.5575105985006
-9999 -9999 -9999 -9999 -9999 -9999 -9999 -9999 -9999 -9999 -9999 -9999 -9999 -9999 -9999 -9999 -9999 -9999 -9999 -9999 -9999 -9999 -9999 -9999 -9999 -9999 -9999 -9999 -9999 -9999 13.0302424112956 12.8145534197489 12.6400238672892 12.5046513557434 12.4526556650798 12.2651587168376 12.1129046758016 11.9775424003601 11.8393250783285 11.7289491971334 11.615415318807 11.4903891563416 11.4147892316182 11.3308809598287 11.2047488848368 11.1449161052704 11.0475864092509 11.0200710455577 11.330260626475 11.5342939694722 11.5360623677572 11.5309722900391 11.5094842592875 11.5012015024821
-9999 -9999 -9999 -9999 -9999 -9999 -9999 -9999 -9999 -9999 -9999 -9999 -9999 -9999 -9999 -9999 -9999 -9999 -9999 -9999 -9999 -9999 -9999 -9999 -9999 -9999 -9999 -9999 -9999 -9999 -9999 -9999 12.5637766202291 12.373762957255 12.3469747543335 12.1641181627909 11.9966958999634 11.8808925946554 11.7311248461405 11.6080291748047 11.5093835512797 11.3770531972249 11.2737668991089 11.1785966873169 11.104882589976 11.0503868103027 10.9750905831655 11.049077574412 11.440425046285 11.4249855359395 11.4411100228628 11.4205461343129 11.4285510063171 11.4196265538534
-9999 -9999 -9999 -9999 -9999 -9999 -9999 -9999 -9999 -9999 -9999 -9999 -9999 -9999 -9999 -9999 -9999 -9999 -9999 -9999 -9999 -9999 -9999 -9999 -9999 -9999 -9999 -9999 -9999 -9999 -9999 -9999 12.5006371498108 12.3129814147949 12.1961586952209 12.0989436467489 11.9286662737528 11.7773288091024 11.6469464619954 11.5236826578776 11.4290912628174 11.2950882911682 11.2029457092285 11.1052074273427 11.0247297445933 10.944157632192 10.8588875929515 11.2574212551117 11.4012553215027 11.3692552566528 11.3464018503825 11.3491623401642 11.3314186731974 11.3471243858337
