ET0/medie/MEDIA_ET0_04.asc
NCOLS 177 
NROWS 174 
XLLCORNER 1436301.375 
YLLCORNER 4916704.5 
CELLSIZE 1500 
NODATA_value -9999 
[rows 26 to 51 of 174, columns 59 to 117 of 177]
53.9342353820801 63.0407953898112 61.3454099019368 51.8637235005697 52.152395884196 48.5306658426921 51.2683934529622 50.3980359395345 0 0 0 0 0 0 0 0 0 0 0 0 0 0 0 0 0 0 0 0 0 0 0 0 0 0 0 0 0 0 0 0 0 50.6938028971354 49.8164014180501 48.0848955790202 48.4894798278809 48.0924570719401 48.0577728271484 50.7298151652018 54.062077331543 52.4462389628092 49.3089492797852 49.3500676472982 54.5644709269206 71.316136932373 55.6884338378906 50.0032127380371 47.3139757792155 49.3000170389811 47.6309015909831
51.4594215393066 60.8579432169596 68.6593925476074 54.9079554239909 52.2242446899414 49.5330937703451 50.7202827453613 47.8706029256185 50.9153221130371 0 0 0 0 0 0 0 0 0 0 0 0 0 0 0 0 0 0 0 44.5085205078125 40.722829691569 43.7375857035319 40.7188827514648 41.8516626993815 43.6000595092773 0 0 0 0 0 0 0 48.4546513875326 50.9575327555339 49.6571395874023 49.5556772867839 51.2222813924154 53.009378306071 58.4224060058594 53.6093882242839 49.6839261372884 46.4302335103353 48.6032880147298 55.4332888285319 72.7223424275716 57.371731821696 48.0936398824056 51.7264823913574 55.5827275594076 53.4168398539225
54.2449274698893 58.6159609476725 72.4173889160156 57.9028666178385 55.1910664876302 52.1076072692871 52.4610262552897 54.9803014119466 51.9196868896484 53.3149981180827 0 0 0 0 0 0 0 0 0 0 0 0 0 0 0 0 44.3413569132487 45.3683148701986 46.4814397176107 47.0459289550781 45.2286832173665 44.0369725545247 44.3452191670736 44.6054598490397 44.416566212972 0 0 0 0 0 49.1861218770345 49.8164474487305 52.2454274495443 50.7773684183757 48.9404411315918 49.3924212137858 49.7474212646484 52.6574546813965 55.9397402445475 50.2207595825195 51.5823221842448 52.018766784668 55.6977081298828 73.140567779541 56.7014661153158 51.7510431925456 56.5305241902669 50.1207372029622 48.4096165974935
62.956458791097 66.8985771179199 71.0727127075195 62.2179573059082 57.3279228210449 61.1380729675293 58.920694732666 59.2853912353516 58.1216306050618 56.3964459737142 59.9498499552409 0 0 0 0 0 0 0 0 0 0 49.8426414489746 46.944206237793 46.8418192545573 45.4473930358887 46.8979415893555 44.0800272623698 44.2909052530924 46.9104085286458 48.9803688049316 46.4080810546875 45.2901089986165 48.2348119099935 48.5152356465658 46.5234776814779 0 0 0 0 0 50.2447054545085 50.5310434977214 53.8953557332357 49.861038462321 50.245160929362 49.8396794637044 49.9224245707194 57.6856989542643 59.7137324015299 52.8757019042969 64.2242808024089 65.0498799641927 59.5990386962891 72.6534403483073 62.5862513224284 57.1425333658854 51.067081451416 47.2358927408854 49.6949363708496
56.5962443033854 59.7491821289062 71.1734781901042 69.0657081604004 68.9806365966797 74.3877268473307 71.4877014160156 69.0879742940267 71.3381945292155 70.4645825703939 72.7311319986979 0 0 0 0 0 0 0 0 0 49.4441055297852 48.0741416931152 52.7544003804525 47.9812400817871 47.877707417806 52.3246526082357 48.3802019755046 48.5500017801921 47.0373519897461 49.1384440104167 47.0673746744792 47.0541191101074 49.1620396931966 50.278310139974 48.3680903116862 0 0 0 0 0 49.6830876668294 50.211735534668 52.6501055399577 55.3373555501302 55.991251373291 60.0207649230957 56.5173797607422 56.7186785380046 59.3992546081543 50.2975163777669 61.7666465759277 73.0051361083984 74.2225084940592 67.8607439676921 53.6397806803385 50.2296719868978 49.6100245157878 46.533032989502 51.4084083557129
55.5041872660319 59.9913630167643 66.9743738810221 74.5475229899089 75.2025291442871 71.5540331522624 73.2131251017253 71.0431729634603 67.1665458679199 67.7471252441406 65.0929349263509 60.8192723592122 0 0 0 0 0 0 0 0 48.6277623494466 48.4983408610026 53.0513547261556 54.2126525878906 58.7427597045898 58.0067426045736 53.662264251709 49.4892450968424 45.6867762247721 50.4177579243978 49.7836690266927 44.6680905659993 51.4630823771159 50.5486928304036 48.5264709472656 49.8599817911784 0 0 0 0 0 49.3794832865397 49.6727500915527 52.1560907999675 50.1165384928385 54.4977956136068 56.6259780883789 62.5312060038249 61.5101493835449 61.7132130940755 74.8501001993815 69.5014516194662 62.476451365153 66.2335891723633 57.0463905334473 51.3591801961263 54.037176767985 47.7414471944173 48.82181447347
61.2760587056478 66.4207160949707 72.2868151346842 75.4876152038574 74.0159825642904 65.3432655334473 62.8749366760254 58.865025583903 59.6338073730469 55.0119697570801 55.5111590067546 54.6875887552897 49.925333404541 53.4720982869466 0 0 0 0 0 0 44.9914344787598 47.8147702534993 51.9850980122884 55.8625221252441 50.5955749511719 52.8801376342773 60.8346822102865 55.8755177815755 50.338148244222 49.681005859375 52.0260218302409 51.1691668192546 48.9635228474935 48.5448153177897 48.3892389933268 49.7929461161296 0 0 0 0 0 51.9228472391764 48.5998598734538 49.4965410868327 50.5517654418945 49.5048395792643 51.3070693969727 61.2584154764811 70.4604298909505 76.6729482014974 73.2189524332682 56.0028317769369 52.9608360290527 51.6988772074382 49.7282348632813 52.6305056254069 52.0761110941569 50.1833699544271 48.5166478474935
59.913490041097 65.6774721781413 74.1300910949707 75.5984731038411 69.5963554382324 66.1802459716797 63.726895904541 52.7066444396973 56.8819920857747 53.4599362691243 51.0636016845703 53.676782989502 53.6598126729329 48.6387334187826 46.9264686584473 47.1895263671875 49.4024553934733 48.0951418558757 49.0345781962077 45.4452583312988 44.4443033854167 50.0006469726562 51.5729339599609 51.0593772888184 49.2019401550293 49.6759541829427 53.0385447184245 58.5847010294596 50.1654553731283 49.0205769856771 57.6671602884928 50.8905637105306 49.5891510009766 49.0931577046712 47.5455553690592 49.1015716552734 0 0 0 0 0 0 49.3041819254557 48.9807271321615 50.9751352945964 48.8660486857096 50.9722373962402 56.8065406799316 73.6716356913249 72.0784538269043 60.3563959757487 51.089426167806 47.8801544189453 48.7612083435059 49.1728561401367 54.1756261189779 53.0905497233073 49.755872853597 54.6084195454915
58.8663108825684 68.4682261149089 73.4500081380208 75.5638432820638 74.2524798075358 64.9809618631999 54.3597241719564 52.4707832336426 54.0989486694336 52.3939432779948 53.6286783854167 61.3015734354655 51.2851549784342 50.3159474690755 52.3664840698242 47.794960530599 49.6388567606608 51.0597844441732 52.5404375712077 51.1725835164388 49.761870320638 46.6391044616699 46.8039693196615 48.5745803833008 47.772191619873 48.1428052266439 51.0716796875 65.0811431884766 60.8299029032389 62.6288228352865 58.5735646565755 49.6996004740397 49.4693572998047 46.3245946248372 45.9038841247559 48.0564346313477 49.1298700968424 50.4787556966146 0 0 0 0 0 49.1337949117025 48.5573176066081 48.9339152018229 54.2117357889811 66.1594439188639 77.1048800150553 69.8813827514648 56.2263966878255 50.5965637207031 49.4002967834473 50.8420003255208 51.279126739502 60.6067644755046 51.5678352355957 50.2919558207194 57.0151255289714
67.3086405436198 62.8204630533854 68.3489705403646 75.0451588948568 75.3653554280599 67.8218536376953 57.3904614766439 55.7498662312826 61.0343846638997 62.1192845662435 63.6767344156901 60.9424944559733 52.91281153361 52.6773775736491 53.4741569519043 51.4322158813477 53.9481328328451 54.4590558369954 61.07365137736 59.0909932454427 51.7054084777832 46.0864626566569 43.8608408610026 46.7179682413737 47.5945592244466 50.1574493408203 56.9480163574219 66.8253512064616 64.8387013753255 59.9641131083171 51.4068667093913 48.1782717386882 48.6953102111816 48.6353749593099 48.9037742614746 50.9024485270182 55.5379961649577 50.2141387939453 49.7868492126465 0 0 0 0 0 49.0852559407552 50.5792411804199 55.7923245747884 72.9546765645345 77.7594886779785 67.7717274983724 56.5414136250814 50.6409505208333 51.835391998291 51.7328282674154 54.8652618408203 61.7118611653646 56.7851946512858 55.1025314331055 58.9546651204427
65.060361735026 60.746711730957 68.8937492370605 72.4624000549316 75.1259625752767 74.9512463887533 69.1158284505208 61.1180381774902 66.9695063273112 57.2690528869629 55.2821581522624 56.0369412740072 50.5806231180827 55.4107111612956 59.838131459554 56.2892934163411 65.0740758260091 64.8437967936198 56.0646395365397 51.897764078776 48.7743380228678 49.2894231160482 48.1083185831706 48.268551381429 49.7771812438965 52.0216812133789 57.4365903218587 68.2481999715169 55.5431055704753 49.7891728719076 48.3093933105469 50.141674041748 49.7882960001628 47.4340286254883 47.8903854370117 49.3055272420247 56.5680246988932 49.4411961873372 48.8401812235514 0 0 0 0 53.4548477172852 51.8259249369303 53.6060478210449 67.5903772989909 77.5396217346191 75.8496406555176 64.9871782938639 54.4278327941895 55.4785629272461 52.3561383565267 53.6955594380697 55.3489265441895 65.5631774902344 65.956100209554 66.7986101786296 68.6486846923828
56.9387346903483 57.8051340738932 60.0896759033203 68.6816764831543 74.6066258748372 74.829606628418 71.1967262268066 61.3974489847819 67.1247146606445 60.055569712321 52.8937578837077 48.3474568684896 49.9963307698568 55.1141291300456 61.3011896769206 66.0712018330892 66.7110198974609 52.4852844238281 50.5978240966797 50.5607543945313 52.2981455485026 49.5076072692871 49.4678123474121 52.1430109659831 52.2087661743164 55.3176541646322 61.5452346801758 67.7405611673991 64.0515513102214 52.5430068969727 52.7046254475911 48.7224268595378 48.4551129659017 46.8345204671224 49.4187405904134 50.3213246663411 57.9119969685872 49.4922943115234 49.3590708414714 0 0 0 75.6088343302409 63.1239529927572 65.1045000712077 70.9691317240397 77.4410532633463 77.0633112589518 66.6981460571289 55.0300025939941 50.3571210225423 58.3930920918783 53.2997253417969 58.7092686971029 68.9889277140299 70.2098182678223 60.4779525756836 57.6862327575684 56.3313504536947
54.0026184082031 55.5721702575684 58.017941792806 66.974166615804 70.0718805948893 74.2407190958659 74.340111541748 68.0884017944336 65.7202542622884 55.8515396118164 50.5797264099121 51.5920789082845 48.420556640625 49.388680267334 52.6600725809733 52.1761233011881 66.5858019510905 55.5165537516276 58.645016225179 55.8118825276693 51.6815879821777 50.5451899210612 50.8900975545247 49.9622133890788 50.2848724365234 51.4374928792318 53.1198661804199 65.7701146443685 66.4620641072591 49.8784113566081 59.5387461344401 48.5556549072266 49.3841969807943 49.1316434224447 49.1243560791016 52.0796007792155 52.0635213216146 49.1481252034505 49.0481582641602 49.8437067667643 50.1560422261556 53.4410634358724 67.0754508972168 76.2678006490072 76.9405639648437 75.2584302266439 73.4973681131999 68.9176109313965 56.7612111409505 50.7611376444499 49.6405609130859 58.5315348307292 62.8985623677572 71.9868576049805 63.3280001322428 55.758911895752 60.1948656717936 51.6216356913249 51.8690887451172
60.3429766337077 56.4117144266764 56.1364489237467 58.2018753051758 59.7604955037435 67.2978093465169 71.1641204833984 73.246688079834 65.4127016703288 57.8881022135417 56.5597106933594 56.268904876709 51.1639785766602 52.3621930440267 52.0565302530924 54.4612864176432 65.3774230957031 64.6034894307454 55.3809865315755 53.0784161885579 52.5554135640462 51.7949081420898 50.631206258138 51.7087364196777 52.9397979736328 50.6960492451986 50.2602956136068 55.9168546040853 69.5691345214844 62.9516003926595 56.0743769327799 51.0221888224284 50.238710530599 52.6790313720703 50.0956092834473 61.1588643391927 56.2716784159342 49.5413907368978 54.0969807942708 51.2284690856934 62.3594952901204 65.9805262247721 75.5524826049805 75.8669591267904 74.4599624633789 65.1737958272298 68.9841051737467 53.9527254740397 51.9914555867513 50.5496732076009 51.8113278706868 61.5928304036458 64.0492268880208 72.4287310282389 60.4126533508301 52.7399253845215 58.5477317810059 46.8177391052246 47.2911214192708
64.8237045288086 60.1745539347331 61.549861907959 63.371174621582 63.7063036600749 69.8246793111165 73.307822672526 72.678377532959 65.6505388895671 63.9493995666504 57.4758003234863 53.6836461385091 50.4723714192708 50.4474853515625 55.8169120788574 61.6984057108561 66.7102111816406 59.3374287923177 61.6445536295573 60.771083577474 65.0105522155762 59.7341290791829 62.3757258097331 61.802941385905 58.3327145894368 53.6439826965332 50.5908114115397 55.5495618184408 69.6897636413574 67.3854258219401 56.7899431864421 56.4053184509277 61.5831466674805 65.4680554707845 62.3040161132812 70.3950922648112 52.9963849385579 53.3420092264811 57.2179222106934 63.5158014933268 69.5161193847656 74.4238637288411 74.7151616414388 65.6116503397624 57.7655634562174 52.5449389139811 50.9329706827799 52.0580782572428 56.2483309427897 51.2279396057129 54.6638498942057 55.3651072184245 63.3382387797038 69.3675331115723 56.307364654541 50.4547159830729 50.1756851196289 48.5301704406738 46.4797299702962
69.0224601745605 65.429308573405 66.4619695027669 67.9690088907878 67.3915748596191 72.5070035298665 72.538535563151 66.1651852925618 61.8492396036784 54.1982480367025 52.6675310770671 51.7892300923665 51.6261960347493 54.1240180969238 54.7508150736491 63.5232363382975 64.4863784790039 66.3692695617676 67.3221705118815 67.5843114217122 67.7289464314779 64.0769744873047 67.0344601949056 65.6887351989746 65.4385587056478 63.7969225565592 64.4304829915365 64.634125773112 71.6434282938639 68.7432439168294 69.0766471862793 68.2629247029622 68.317515818278 69.4430366516113 69.5154108683268 70.751210530599 66.1291982014974 63.3378158569336 63.1572146097819 67.5478892008464 73.6735356648763 73.9372767130534 71.4857699076335 63.7915328979492 53.2802558898926 51.6847592671712 53.3401980082194 53.4023526509603 59.2786649068197 66.776274617513 66.8786053975423 71.9191869099935 74.8615175882975 69.6493237813314 56.628032430013 49.7072204589844 51.5548187255859 46.7385373433431 45.6099309285482
70.4672032674154 67.6362828572591 69.6146418253581 71.8116704305013 71.8936721801758 72.0102793375651 71.0979029337565 62.7746701558431 61.6739280700684 60.5031150817871 58.8673683166504 60.036314646403 55.9879173278809 60.0242950439453 62.5072873433431 64.9136217753092 67.1221590677897 72.461178334554 73.3035608927409 73.4081848144531 73.6690996805827 71.8795768737793 71.3683901468913 71.2841336568197 71.235099029541 71.9222035725911 68.3941401163737 70.1689707438151 74.5589739481608 74.5833501180013 74.4764450073242 74.6289451599121 73.9189458211263 72.7604334513346 72.9992970784505 73.7677810668945 72.1190653483073 69.3359242757162 69.6495714823405 70.020198059082 73.2201469421387 72.0939821879069 65.3047383626302 59.7706954956055 59.1027992248535 61.1344182332357 67.582452138265 68.6181933085124 69.9741147359212 70.1240325927734 69.3890833536784 69.1423950195312 69.1762791951497 75.3193804423014 63.2486005147298 56.8172063191732 45.9223960876465 43.6133735656738 44.7418505350749
70.0235046386719 70.1569964090983 71.7056162516276 71.5926890055339 71.5794746398926 71.4724978129069 68.5515680948893 68.5003326416016 68.0243588765462 67.6324879964193 66.7000829060872 66.6006518046061 63.875474802653 64.057034556071 66.4354766845703 66.5214284261068 67.6916079203288 72.0470275878906 69.7768676757812 71.9540590922038 71.0855430603027 73.2018412272135 73.5035196940104 73.6950068155924 73.5369430541992 73.513666788737 73.6397300720215 73.0365386962891 72.7970616658529 71.7652277628581 71.6105422973633 70.0207277933757 72.2080434163411 71.5238395690918 71.6346923828125 71.5731834411621 72.7465799967448 73.1997291564941 73.2024589538574 72.7700592041016 70.9311233520508 63.1163004557292 57.8598274230957 61.9187657674154 60.0283508300781 56.1749201456706 61.2148546854655 57.9915852864583 56.9825032552083 53.616961924235 55.9862375895182 57.8637720743815 68.8746719360352 74.8653195699056 63.6531387329102 51.9007883707682 47.6816101074219 46.5306177775065 47.3006622314453
71.5817067464193 71.3387051900228 71.1334403991699 70.6441963195801 70.9935188293457 70.9430203755697 71.0682698567708 71.1393104553223 71.0761975606283 71.1268292744954 71.1306159973145 70.9985847473145 70.0855280558268 71.0293510437012 70.9976153055827 71.0781743367513 70.2416882832845 65.0740010579427 64.7683474222819 60.9077702840169 61.5159434000651 66.0178143819173 68.3648206075033 68.715892791748 66.9942990620931 66.9823435465495 68.0792877197266 67.0703086853027 65.8880429585775 64.4541356404622 64.230344136556 62.8210884094238 64.2889325459798 62.2169146219889 62.5797317504883 63.1619249979655 66.3978655497233 68.0539713541667 63.8616483052572 63.9373240152995 61.4714190165202 62.2676223754883 54.4136441548665 52.1305859883626 48.6404465993245 52.5699760437012 57.589311726888 49.7087885538737 48.8954493204753 50.4171099344889 51.9443384806315 61.3550763448079 73.2881289164225 73.0611526489258 63.4088910420736 60.3619806925456 49.9577756245931 51.5088035583496 48.3421684265137
71.134250386556 70.8880096435547 70.6040715535482 69.226597849528 68.1243982950846 66.2706876118978 70.0132057189941 69.7032249450684 67.8874148050944 67.0481101989746 66.9095682779948 69.8865745544434 69.9466211954753 69.7680692036947 67.8732503255208 67.7240946451823 67.3535051981608 64.0904261271159 62.5645978291829 53.4991841634115 54.1153175354004 56.809209950765 64.7706016540527 61.9257207234701 55.8155225118001 61.1431704203288 62.2211939493815 59.3923904418945 62.2533144632975 52.493258412679 64.8670934041341 50.8411977132161 54.1179979960124 53.1365928649902 52.1284693400065 56.7228233337402 58.171204884847 58.3763181050618 51.3071034749349 51.3224235534668 50.7700299580892 55.5574373881022 52.541392771403 46.3344905853271 47.7326841990153 49.4774739583333 49.1811309814453 51.6845637003581 48.4722709655762 50.8840761820475 62.6034871419271 72.6232353210449 76.6631500244141 68.9350985209147 57.1314270019531 58.0143208821615 57.2711837768555 52.284494527181 47.9495198567708
68.9735758463542 70.4700915018717 68.5877703348796 67.9230646769206 66.3756385803223 62.9874076843262 63.7502538045247 63.6749585469564 61.2132036844889 61.0865943908691 61.7131596883138 62.5913480122884 63.5793899536133 63.888055674235 61.0781204223633 61.8243588765462 62.5618041992187 58.5176216125488 56.8119087219238 57.0681065877279 51.7349884033203 49.9273389180501 60.3993797302246 52.0360773722331 57.9713727315267 49.1553876241048 60.8840751647949 55.2203717549642 50.0874404907227 48.5798700968424 62.0215705871582 48.4890965779622 49.0048583984375 45.6223910013835 46.6558850606283 54.4204121907552 49.5259928385417 50.1640874226888 50.5864733378092 47.0067090352376 47.1838812510173 47.2427645365397 59.7905092875163 47.1548350016276 46.9793983459473 47.9215878804525 49.3340464274089 50.8651550292969 48.3227584838867 54.0375546773275 67.5460690816244 76.6201733907064 72.0165840148926 59.9546897888184 52.7909088134766 49.3086003621419 49.1328575134277 47.6550379435221 50.2580846150716
69.8105702718099 65.9435348510742 64.9200976053874 65.2391123453776 62.6186627705892 55.2719607035319 58.1291793823242 62.7733929951986 61.7078961690267 55.2823913574219 54.9479723612467 58.2880788167318 63.1899686177572 61.3151766459147 61.4229393005371 53.8900769551595 57.1596565246582 51.3335240681966 57.6272453308105 56.2042826334635 49.678219350179 48.7945142110189 55.3684392293294 52.9926961263021 54.0673571268717 48.5555778503418 52.1652648925781 48.5797419230143 47.2527745564779 53.9956410725911 54.3132232666016 48.9448341369629 45.1690628051758 45.0487134297689 45.6917167663574 50.6356325785319 45.0375183105469 51.1454312642415 45.5329500834147 46.2391805013021 46.1688983917236 46.5412105560303 55.1065020243327 47.4729339599609 46.079273223877 49.0999776204427 47.3440561930339 47.6091372172038 48.4991416931152 52.2043225606283 64.8877182006836 76.214702351888 67.5191363016764 69.7023989359538 61.7300926208496 54.450025177002 55.2019721984863 57.2679405212402 55.8639592488607
67.7968007405599 65.6967028299967 59.028700764974 60.7728535970052 51.8075068155924 50.9721010843913 54.8975413004557 57.5082341512044 53.4188886006673 55.073405456543 51.7168395996094 56.0127062479655 61.8584841410319 55.5710622151693 60.7596354166667 55.6463185628255 50.6729283650716 49.7759183247884 57.1897003173828 51.2709958394368 56.2911410013835 48.3201853434245 47.9333099365234 50.9514635721842 48.8360911051432 47.5381841023763 50.745832824707 47.6918767293294 47.9434069315592 47.2402221679688 45.9633010864258 52.9281504313151 45.6771708170573 44.8533241271973 44.6999331156413 47.4471466064453 44.51730372111 44.6697481791178 45.1203945159912 45.6631153106689 45.7802291870117 47.4113250732422 51.7989692687988 46.7091064453125 46.6628445943197 48.0214162190755 47.2625912984212 48.3066823323568 52.2759460449219 59.5700475056966 62.6017664591471 75.1311228434245 76.8913597106934 75.8982004801432 67.0263982137044 64.8684781392415 64.1284131368001 63.6264498392741 53.6657869974772
68.1421826680501 67.9412869771322 65.052759552002 63.7764668782552 58.3857045491536 56.1602544148763 52.0902002970378 49.9086049397786 52.3814880371094 50.2026270548503 51.5608339945475 58.7489107767741 60.1835322062174 54.8834197998047 53.9662282307943 54.2903729756673 50.2462371826172 49.2811276753743 49.2498675028483 48.3791353861491 48.5904253641764 48.7291669209798 47.0118418375651 49.1772466023763 46.5196818033854 46.0615229288737 50.0552569071452 45.3876344045003 47.3405906677246 46.3042560577393 44.6180362701416 48.2889620463053 45.3699178059896 44.6842479705811 43.8706592559814 44.3054871877034 44.8584182739258 45.0392963409424 45.7483226776123 46.5037152608236 45.9949704488118 51.0342974344889 48.729158782959 49.444987487793 46.9271420796712 48.5480255126953 48.0730522155762 51.5472808837891 56.760445912679 65.2614901224772 67.0251375834147 62.8213399251302 68.3736590067546 76.5615125020345 72.7498263041178 73.2767921447754 72.040084584554 65.6408709208171 67.4704704284668
67.2037905375163 64.5934511820475 64.2997032165527 65.6584185282389 63.1864115397135 60.4712455749512 55.1247922261556 57.3255004882812 52.1178972880046 50.7777737935384 48.8537897745768 54.1922182718913 57.5182474772135 53.5977142333984 49.0986317952474 55.2218889872233 47.9112640380859 47.7973795572917 47.1789980570475 48.0107149759928 46.7085049947103 47.5056434631348 46.2290143330892 46.6697003682454 45.7546936035156 45.3047294616699 47.4442830403646 44.4616368611654 44.8609418233236 45.8204872131348 44.0306204477946 44.0062530517578 44.4458829243978 44.844248453776 43.7106170654297 45.1806786855062 45.6840258280436 54.324617767334 47.2422510782878 46.0286844889323 45.9408045450846 47.4350715637207 46.762230682373 47.4814669291178 47.4302324930827 49.9709485371908 51.7238774617513 54.2396583557129 61.9580210367839 58.4702562967936 55.4271413167318 53.3411725362142 68.832039642334 76.7481333414714 71.8211400349935 59.3529301961263 57.2431032816569 60.3832232157389 54.1693730672201
67.966744740804 63.6106468200684 56.7732294718424 61.1171862284342 64.4285525004069 64.4035199483236 63.5160514831543 60.7580670674642 57.2762980143229 52.1911504109701 49.5516588846842 49.6299263000488 55.5223515828451 47.9443234761556 49.3130681355794 48.0532847086589 47.2731834411621 50.2729698181152 51.0728889465332 47.9651281992594 50.8484204610189 47.1752699534098 49.1744687398275 47.8270680745443 45.1751665751139 44.591518274943 44.2559651692708 43.9515609741211 43.9684684753418 43.332479985555 43.1750532786051 44.4340169270833 51.3233144124349 48.0515803019206 44.9401368459066 45.8421005249023 59.6087356567383 55.2999323527018 46.1798472086589 46.3458607991536 47.0019714355469 46.9095474243164 53.3801442464193 48.8578102111816 48.0778442382813 49.6037656148275 50.4917587280273 59.0769383748372 55.2188346862793 51.6448481241862 57.6606755574544 62.7321957906087 68.6320561726888 76.8636108398437 70.681406656901 55.4315040588379 50.8621075948079 52.6037544250488 54.4329783121745
