ET0/medie/MEDIA_ET0_06.asc
NCOLS 177 
NROWS 174 
XLLCORNER 1436301.375 
YLLCORNER 4916704.5 
CELLSIZE 1500 
NODATA_value -9999 
[rows 72 to 95 of 174, columns 0 to 53 of 177]
-9999 -9999 -9999 -9999 -9999 -9999 -9999 -9999 -9999 -9999 -9999 -9999 -9999 -9999 -9999 -9999 -9999 -9999 -9999 -9999 118.641651916504 117.908430989583 117.040976460775 115.976709493001 115.387480672201 115.826184082031 114.251224263509 113.706716410319 112.830893961589 112.665980529785 111.523637390137 110.948765055339 110.492235310872 110.114356486003 110.578508504232 109.282575480143 108.838389078776 108.643982950846 108.577678934733 108.360628255208 108.414075724284 107.433022054036 106.409018452962 106.068330891927 105.645506795247 105.323923238118 105.188147989909 104.534464009603 104.394862365723 104.985250345866 104.94745686849 104.344376118978 103.752290344238 103.082791646322
-9999 -9999 -9999 -9999 -9999 -9999 -9999 -9999 -9999 -9999 -9999 -9999 -9999 -9999 -9999 -9999 -9999 -9999 -9999 -9999 118.473284403483 117.877043151855 116.44791208903 115.894065856934 115.306698099772 114.750744628906 114.271560160319 113.791140238444 112.86063079834 112.059706624349 111.527943929036 111.385102844238 110.626354980469 110.401004536947 110.056145731608 109.308645121257 108.653181966146 108.299510701497 108.432144165039 107.966348775228 108.041490681966 107.329168701172 106.276831563314 105.851782226563 105.606295267741 105.108411153158 105.02242787679 104.48370107015 104.318152364095 104.260852559408 104.265749613444 103.890926106771 103.705836995443 103.036503092448
-9999 -9999 -9999 -9999 -9999 -9999 -9999 -9999 -9999 -9999 -9999 -9999 -9999 -9999 -9999 -9999 -9999 -9999 -9999 -9999 -9999 117.865863545736 116.617363993327 115.838594055176 115.477336629232 114.839399719238 114.173684692383 113.622566731771 112.745654805501 112.044658406576 111.433233133952 111.503605143229 110.743998209635 110.201091512044 110.009250386556 109.060481770833 108.25846862793 108.152660624186 107.992837524414 107.756429036458 107.431030782064 107.039944458008 106.39442392985 105.806649780273 105.484362792969 105.372766621908 104.849312845866 104.570185852051 104.360675557454 104.105636088053 104.083460998535 103.72277730306 103.456265767415 103.357090250651
-9999 -9999 -9999 -9999 -9999 -9999 -9999 -9999 -9999 -9999 -9999 -9999 -9999 -9999 -9999 -9999 -9999 -9999 -9999 -9999 -9999 117.810852559408 117.142222595215 116.515729777018 115.659947713216 114.946714274089 114.175042724609 113.431353251139 112.779022725423 112.01202138265 111.423016866048 111.157971191406 110.40678914388 109.803031921387 109.707757568359 109.238181559245 108.317640686035 107.995988464355 107.978394063314 107.55552520752 106.970373535156 106.502139282227 106.274975077311 105.865516153971 105.401571655273 105.150758361816 104.810653177897 104.70230662028 104.20965423584 104.079631551107 103.815157063802 103.536794535319 103.42314046224 103.075577290853
-9999 -9999 -9999 -9999 -9999 -9999 -9999 -9999 -9999 -9999 -9999 -9999 -9999 -9999 -9999 -9999 -9999 -9999 -9999 -9999 -9999 -9999 -9999 -9999 115.621820068359 114.84785563151 114.031473795573 113.426547749837 112.687027994792 111.929588317871 111.364984639486 110.838786824544 110.231040445964 109.634637959798 109.381748962402 108.848242696126 108.373837280273 107.948106892904 107.667194620768 107.387376912435 106.827023824056 106.391180928548 106.190870666504 105.65824432373 105.319241841634 104.833185323079 104.755495707194 104.48880259196 103.974243672689 103.859621683757 103.685900878906 103.35306854248 103.139511108398 102.958852132161
-9999 -9999 -9999 -9999 -9999 -9999 -9999 -9999 -9999 -9999 -9999 -9999 -9999 -9999 -9999 -9999 -9999 -9999 -9999 -9999 -9999 -9999 -9999 -9999 115.53335723877 114.604469299316 113.966465759277 113.319568888346 112.519711812337 111.821069844564 111.211930338542 110.678291829427 110.03032430013 109.588780212402 109.20420888265 108.739282735189 108.229843648275 107.861446126302 107.469038391113 107.063532002767 106.770442199707 106.396722920736 105.964471435547 105.536650594076 105.172384643555 104.773278299967 104.599596659342 104.36702524821 104.024417622884 103.746473693848 103.560161336263 103.243642171224 103.030830383301 102.850438435872
-9999 -9999 -9999 -9999 -9999 -9999 -9999 -9999 -9999 -9999 -9999 -9999 -9999 -9999 -9999 -9999 -9999 -9999 -9999 -9999 -9999 -9999 -9999 -9999 115.358825683594 114.575805155436 113.920863342285 113.175050354004 112.483491007487 111.745903015137 111.124611918132 110.557183837891 109.743516540527 109.199727376302 109.147654724121 108.647685750326 108.228015136719 107.897142028809 107.485829671224 107.098091125488 106.669434611003 106.327710469564 105.877423095703 105.471383158366 105.144346618652 104.731325276693 104.539160664876 104.335250345866 104.124971516927 103.757302347819 103.563906351725 103.295062764486 103.049713134766 102.45499420166
-9999 -9999 -9999 -9999 -9999 -9999 -9999 -9999 -9999 -9999 -9999 -9999 -9999 -9999 -9999 -9999 -9999 -9999 -9999 -9999 -9999 -9999 -9999 -9999 115.299921671549 114.756501261393 113.913264465332 113.14266611735 112.419779968262 111.675395202637 111.021400960286 110.154004414876 109.265866088867 108.962654622396 108.747622680664 108.615647888184 108.331302897135 107.757341003418 107.367609659831 107.037540690104 106.670468139648 106.298571268717 105.949184672038 105.530606587728 105.218791707357 104.87681833903 104.62291208903 104.353000386556 104.146680704753 103.875821940104 103.628892008464 103.315023295085 103.236478678385 102.961902872721
-9999 -9999 -9999 -9999 -9999 -9999 -9999 -9999 -9999 -9999 -9999 -9999 -9999 -9999 -9999 -9999 -9999 -9999 -9999 -9999 -9999 -9999 -9999 -9999 -9999 -9999 114.022747294108 113.129969278971 112.434773254395 111.677885437012 110.932524617513 109.574169921875 108.441487121582 108.807479349772 108.670386250814 108.524839274089 108.303523763021 107.86113688151 107.468144734701 107.061106872559 106.704083760579 106.317985534668 105.976486714681 105.685265096029 105.20843149821 104.961057535807 104.695988464355 104.443680318197 104.201019795736 103.718218994141 103.685773722331 103.52869720459 103.283673095703 103.066389465332
-9999 -9999 -9999 -9999 -9999 -9999 -9999 -9999 -9999 -9999 -9999 -9999 -9999 -9999 -9999 -9999 -9999 -9999 -9999 -9999 -9999 -9999 -9999 -9999 -9999 -9999 114.300706481934 113.061623636882 112.512098185221 111.799529520671 111.157772827148 109.495545959473 109.121453348796 108.880654907227 108.935632324219 108.643762207031 108.110992940267 107.935845438639 107.565047200521 107.209239705404 106.824894205729 106.465360514323 106.070082600911 105.70234375 105.384590657552 105.052850850423 104.701981608073 104.467340596517 104.272526550293 103.794756062826 103.619348144531 103.540700276693 103.409665934245 103.194563293457
-9999 -9999 -9999 -9999 -9999 -9999 -9999 -9999 -9999 -9999 -9999 -9999 -9999 -9999 -9999 -9999 -9999 -9999 -9999 -9999 -9999 -9999 -9999 -9999 -9999 115.328852335612 114.222553507487 113.097139994303 112.520299275716 111.89525604248 111.306775919596 110.279059346517 109.841172790527 109.588983154297 109.085063680013 108.412928771973 107.919965616862 107.703241475423 107.694802347819 107.416275024414 107.07734781901 106.650102742513 106.217037963867 105.786345418294 105.212743123372 105.174710083008 104.949186706543 104.652964782715 104.508744812012 103.990412902832 103.884252421061 103.847211710612 103.700816853841 103.525260925293
-9999 -9999 -9999 -9999 -9999 -9999 -9999 -9999 -9999 -9999 -9999 -9999 -9999 -9999 -9999 -9999 -9999 -9999 -9999 -9999 -9999 -9999 -9999 -9999 -9999 115.326048278809 114.674735514323 113.39729309082 112.642077128092 111.933532206217 111.466217549642 110.876449584961 110.244208272298 109.684860738118 108.471445210775 107.703765360514 107.685764567057 107.461298624674 107.316780090332 107.512454223633 107.181389363607 106.811056009928 106.438593037923 105.84545694987 105.328684997559 105.098508199056 105.147793070475 104.896579996745 104.674248758952 104.135645548503 104.131003316243 104.051857503255 103.824325561523 103.670839436849
-9999 -9999 -9999 -9999 -9999 -9999 -9999 -9999 -9999 -9999 -9999 -9999 -9999 -9999 -9999 -9999 -9999 -9999 -9999 -9999 -9999 -9999 -9999 -9999 -9999 -9999 114.754232788086 113.923933410645 112.764258829753 112.146367390951 111.525081380208 110.919801330566 110.371779378255 109.755172220866 108.494542439779 107.854900614421 107.711618041992 107.28187306722 106.990724690755 106.931276957194 107.207423909505 107.019151306152 106.646275838216 106.267198181152 105.431213887533 105.243103027344 105.327510070801 105.145611063639 104.950282796224 104.431398010254 104.356949869792 104.204077148438 104.163731892904 103.964166259766
-9999 -9999 -9999 -9999 -9999 -9999 -9999 -9999 -9999 -9999 -9999 -9999 -9999 -9999 -9999 -9999 -9999 -9999 -9999 -9999 -9999 -9999 -9999 -9999 -9999 -9999 -9999 114.203136189779 112.980681864421 112.278176371257 111.658875020345 111.062438964844 110.426475016276 109.990270996094 109.264006551107 108.848552958171 108.372922261556 107.948598225911 106.686043294271 107.000401306152 107.213619995117 107.268817138672 106.918085225423 106.541679382324 106.16468556722 105.89311726888 105.66117401123 105.39058380127 105.242897542318 104.713705444336 104.487885538737 104.384642028809 104.363074239095 104.046405029297
-9999 -9999 -9999 -9999 -9999 -9999 -9999 -9999 -9999 -9999 -9999 -9999 -9999 -9999 -9999 -9999 -9999 -9999 -9999 -9999 -9999 -9999 -9999 -9999 -9999 -9999 -9999 114.553070576986 113.221487935384 112.497028605143 111.93714243571 111.341037495931 110.712960306803 110.29430847168 109.913194783529 109.477908833822 109.208327229818 108.320455932617 107.647627258301 107.39350789388 107.528050231934 107.637059020996 107.247202046712 106.877019246419 106.492420450846 105.71824798584 105.479207865397 105.745436096191 105.562055969238 104.9265625 104.664833068848 104.621821594238 104.407084147135 104.274116516113
-9999 -9999 -9999 -9999 -9999 -9999 -9999 -9999 -9999 -9999 -9999 -9999 -9999 -9999 -9999 -9999 -9999 -9999 -9999 -9999 -9999 -9999 -9999 -9999 -9999 -9999 -9999 114.882010396322 113.546743774414 112.826028442383 112.192991638184 111.659635925293 111.167049662272 110.704665629069 110.244127400716 109.917206827799 109.509371948242 109.117464192708 108.59449818929 107.845235697428 107.635945129395 107.924446105957 107.590397644043 107.236242167155 106.91185760498 106.318629964193 106.123472595215 106.105329386393 105.897297668457 105.339084370931 104.901565551758 104.739803059896 104.648769632975 104.550609842936
-9999 -9999 -9999 -9999 -9999 -9999 -9999 -9999 -9999 -9999 -9999 -9999 -9999 -9999 -9999 -9999 -9999 -9999 -9999 -9999 -9999 -9999 -9999 -9999 -9999 -9999 -9999 115.140962219238 113.988984680176 113.167684936523 112.566105651855 112.038930257161 111.564664713542 111.1152247111 110.659491475423 110.243362426758 109.839574686686 109.47021891276 109.156033325195 108.754141743978 108.000696309408 107.956970214844 107.862684122721 107.580170694987 107.195065307617 106.831002807617 106.43121693929 106.458424377441 106.201740010579 105.642370605469 105.239502461751 104.98861541748 104.756336466471 104.794034322103
-9999 -9999 -9999 -9999 -9999 -9999 -9999 -9999 -9999 -9999 -9999 -9999 -9999 -9999 -9999 -9999 -9999 -9999 -9999 -9999 -9999 -9999 -9999 -9999 -9999 -9999 -9999 115.410618082682 114.808737182617 113.691524759928 112.938511149089 112.432996114095 111.924847920736 111.46616007487 111.027614339193 110.592250569661 110.271789042155 109.842420450846 109.48736928304 109.206567891439 108.878605651855 108.618562825521 108.349159240723 107.599778747559 107.119961039225 106.763371785482 106.575556945801 106.386062113444 106.275714111328 105.789253234863 105.482778930664 105.204246520996 105.108602396647 104.884284973145
-9999 -9999 -9999 -9999 -9999 -9999 -9999 -9999 -9999 -9999 -9999 -9999 -9999 -9999 -9999 -9999 -9999 -9999 -9999 -9999 -9999 -9999 -9999 -9999 -9999 -9999 -9999 -9999 115.110088602702 114.499040730794 113.402325439453 112.875109863281 112.384013875326 111.907638549805 111.471189880371 111.072952779134 110.629052225749 110.222056070964 109.865269978841 109.514863586426 109.2289159139 108.933385721842 108.575457255046 107.661819966634 107.478634134928 106.92625579834 106.738398742676 106.491816202799 106.220444742839 105.928132120768 105.616960652669 105.470528666178 105.267077128092 105.304423522949
-9999 -9999 -9999 -9999 -9999 -9999 -9999 -9999 -9999 -9999 -9999 -9999 -9999 -9999 -9999 -9999 -9999 -9999 -9999 -9999 -9999 -9999 -9999 -9999 -9999 -9999 -9999 -9999 115.552375793457 114.948398844401 114.267427571615 113.53418375651 112.83940226237 112.387889607747 111.893530782064 111.470892333984 111.046210225423 110.642205301921 110.281121317546 109.865999348958 109.620399475098 109.259492492676 108.879727681478 108.565652974447 107.799708557129 107.757990519206 107.325816345215 106.771729532878 106.378561909993 106.14734954834 105.019158426921 104.807792154948 104.654663594564 104.625458272298
-9999 -9999 -9999 -9999 -9999 -9999 -9999 -9999 -9999 -9999 -9999 -9999 -9999 -9999 -9999 -9999 -9999 -9999 -9999 -9999 -9999 -9999 -9999 -9999 -9999 -9999 -9999 -9999 115.584440104167 115.488415018717 115.00318145752 114.333938090007 113.570595296224 112.947718811035 112.311857096354 111.854058837891 111.454225158691 111.047921244303 110.643642171224 110.287996927897 109.989022827148 109.60347849528 109.248705546061 108.856483968099 108.466316223145 108.194064331055 107.964384969076 107.719317118327 106.72825978597 106.281703694661 105.215007527669 105.050210571289 104.944286600749 104.953035990397
-9999 -9999 -9999 -9999 -9999 -9999 -9999 -9999 -9999 -9999 -9999 -9999 -9999 -9999 -9999 -9999 -9999 -9999 -9999 -9999 -9999 -9999 -9999 -9999 -9999 -9999 -9999 -9999 -9999 -9999 115.329337056478 114.807019042969 114.182922363281 113.499926757813 112.730828348796 112.258380635579 111.807440694173 111.386418660482 110.970398966471 110.644245910645 110.306604512533 109.945580546061 109.572950744629 109.150664774577 108.81082611084 108.539481099447 108.291286722819 108.000676981608 107.118922424316 106.101563517253 105.429845174154 105.339100646973 105.238659159342 105.200217692057
-9999 -9999 -9999 -9999 -9999 -9999 -9999 -9999 -9999 -9999 -9999 -9999 -9999 -9999 -9999 -9999 -9999 -9999 -9999 -9999 -9999 -9999 -9999 -9999 -9999 -9999 -9999 -9999 -9999 -9999 -9999 -9999 114.559302266439 114.01878712972 113.146843465169 112.67092590332 112.244332885742 111.742432657878 111.399811299642 111.019339497884 110.62250773112 110.279186503092 109.908629353841 109.550695800781 109.187195841471 108.866270446777 108.606062316895 108.142448425293 107.20586344401 106.52936147054 105.757232666016 105.634470113118 105.609225463867 105.530208333333
-9999 -9999 -9999 -9999 -9999 -9999 -9999 -9999 -9999 -9999 -9999 -9999 -9999 -9999 -9999 -9999 -9999 -9999 -9999 -9999 -9999 -9999 -9999 -9999 -9999 -9999 -9999 -9999 -9999 -9999 -9999 -9999 114.990412902832 114.470675150553 113.733530680339 113.058298746745 112.650104268392 112.170394897461 111.738223266602 111.333126322428 110.916471862793 110.563717651367 110.20209757487 109.877114868164 109.489619954427 109.208029174805 108.924607849121 107.844452921549 107.050836181641 106.247491963704 106.137329610189 106.026370239258 105.980382792155 106.064248657227
