ET0/medie/MEDIA_ET0_09.asc
NCOLS 177 
NROWS 174 
XLLCORNER 1436301.375 
YLLCORNER 4916704.5 
CELLSIZE 1500 
NODATA_value -9999 
[rows 72 to 95 of 174, columns 54 to 107 of 177]
69.4214124043783 69.5367479960124 69.3101481119792 69.0611567179362 69.0139228820801 69.0087692260742 68.6943150838216 68.5017697652181 68.6227205912272 68.1891133626302 68.1705808003744 69.1319519042969 67.6929896036784 67.5481908162435 67.2805063883464 66.6868985493978 66.4886105855306 66.323671468099 66.2403533935547 67.2507886250814 67.8802050272624 66.926845296224 66.7463752746582 65.3773895263672 65.6712532043457 65.6636459350586 65.9774711608887 66.36439259847 65.5868448893229 67.4800483703613 68.3697133382161 68.5809992472331 66.5065012613932 66.8118616739909 66.5022677103678 68.4150657653809 70.1282005310059 70.156298828125 65.9137227376302 64.6568913777669 66.707332611084 67.0180740356445 71.1317733764648 74.9098541259766 75.1540679931641 68.9017990112305 69.646767171224 65.4079030354818 60.8051183064779 58.6174369812012 63.9899459838867 65.1647771199544 67.7612342834473 71.0751856486003
69.4188598632813 69.426858774821 69.2689796447754 69.2417322794596 68.9742268880208 68.7074849446615 68.6199645996094 68.6098993937174 68.5582059224447 68.3607500712077 68.1057182312012 68.9733632405599 68.9657094319661 67.6443954467773 67.5872395833333 67.2843686421712 67.2704744974772 67.1895215352376 67.2760075887044 67.381901550293 68.1624076843262 67.1700202941895 67.2042584737142 66.8208038330078 66.1794990539551 67.4985071818034 67.1314582824707 66.9726745605469 67.9425069173177 68.5811688741048 68.2369506835937 68.4727577209473 68.7654693603516 68.8405644734701 67.4980751037598 69.7459276835124 70.1827140808105 65.759873453776 66.6504267374674 64.9645729064941 67.6860155741374 67.8145446777344 67.3483744303385 74.8470911661784 75.3155583699544 72.7568321228027 71.5503786722819 69.2772351582845 64.1467188517253 59.7184415181478 61.6107096354167 62.4684585571289 69.6317296346029 72.2852480570475
69.4797630310059 69.5468218485514 69.355121866862 69.07197265625 68.8871546427409 68.7281005859375 68.7524553934733 68.3520022074381 68.2319661458333 68.1032447814941 68.0263516743978 68.6165855407715 68.8298469543457 68.1220970153809 67.6234916687012 67.4998069763184 67.4413093566895 67.4628929138184 67.8177421569824 67.7116930643717 67.8474611918132 67.692817179362 67.6526987711589 67.4443962097168 66.8469388326009 67.3494608561198 68.1498364766439 68.4523104349772 68.7471130371094 68.2480161031087 66.9824348449707 65.9278470357259 67.5027374267578 66.950954691569 66.1583541870117 68.0506518046061 69.2415135701497 66.7291109720866 66.5334269205729 68.4883018493652 66.5921290079753 67.2246866861979 69.4871592203776 72.6535293579102 75.5190338134766 75.7658025105794 72.8260533650716 70.7989349365234 67.5552368164062 67.505094909668 66.8706110636393 66.3833257039388 69.685666402181 69.8111562093099
69.4539744059245 69.5262545267741 69.1186520894368 68.9378537495931 68.7989102681478 68.7015830993652 68.5900792439779 68.4090385437012 68.2272033691406 68.1570788065592 68.2334999084473 68.0047421773275 68.5693138122559 67.8125559488932 67.7512786865234 67.5750663757324 67.8028978983561 67.9566958109538 67.9856872558594 67.9683334350586 67.9660649617513 67.7947758992513 67.7580365498861 67.4060918172201 67.9286745707194 68.2883639017741 68.7102958679199 68.7607177734375 68.6316263834635 68.2995122273763 67.6092155456543 68.1862874348958 68.0459648132324 68.4733769734701 68.6198198954264 72.0496121724447 70.2621109008789 67.7728378295898 67.4446039835612 70.3031405131022 68.7350369771322 69.4160641988119 68.0361297607422 75.1080759684245 75.6022394816081 75.8445831298828 75.3380035400391 70.9541023254395 65.9563870747884 69.4382082621257 67.3254549662272 68.1696520487467 72.8356842041016 72.3028795878092
69.4194452921549 69.3235964457194 69.1147890726725 68.9254549662272 68.7448755900065 68.6576736450195 68.5027880350749 68.7706990559896 68.3408551534017 68.2209996541341 68.0154190063477 67.9539983113607 68.4330594380697 67.7053784688314 67.6532620747884 67.5800908406575 67.6853256225586 68.0817916870117 68.1311716715495 68.8280400594076 68.0683395385742 68.0354614257812 67.3867111206055 68.095071665446 68.6868593851725 69.0081939697266 69.2386027018229 68.825963083903 69.1092974344889 69.1430908203125 69.1386817932129 69.6126314798991 69.8140673319499 70.316018931071 70.7648607889811 69.9842646280924 70.4826548258464 68.6581860860189 70.7440561930339 69.3100443522135 65.3099161783854 70.0992444356283 72.3808499654134 75.4098790486654 75.7414993286133 72.677158610026 76.3029444376628 72.5850761413574 68.2534510294596 69.3897572835287 72.7422856648763 73.0794219970703 74.2226842244466 70.1537144978841
69.6904810587565 69.2187502543132 69.0459617614746 68.9034619649251 68.8339650472005 68.5885205586751 68.4783770243327 68.4074923197428 68.3676142374674 68.2250475565592 68.0544809977214 67.9049257914225 68.2266810099284 67.7446207682292 67.9094889322917 67.8935493469238 68.0661354064941 68.1164911905924 68.4920951843262 68.6950828552246 68.4041247049967 68.312385559082 68.3460306803385 68.8226295471191 69.133842976888 69.2173151652018 69.5075586954753 69.3224960327148 69.5159161885579 69.4846560160319 69.0103630065918 70.2838325500488 70.488191986084 70.5010363260905 70.2105817159017 70.448190053304 71.0319455464681 70.2269610087077 71.8575040181478 68.6948061625163 68.7485229492188 71.0582992553711 68.6796104431152 73.5634129842122 75.9092880249023 74.3697858174642 75.0264795939128 70.6489217122396 70.4647491455078 73.407004292806 75.132888285319 72.3684015909831 73.5351526896159 69.3452779134115
69.7615384419759 69.467014058431 68.9820134480794 68.8145469665527 68.7295969645182 68.547732035319 68.4768437703451 68.3368990580241 68.3658154805501 68.2451665242513 68.1047485351562 68.028461710612 67.9979298909505 67.9414342244466 67.961585744222 67.8883984883626 68.1393781026204 68.1636042277018 68.185750579834 68.4829938252767 68.5061408996582 68.6825635274251 69.1104782104492 69.2722422281901 69.3332420349121 69.3724385579427 69.5443817138672 69.5314025878906 69.7103396097819 69.9455098470052 70.3955355326335 70.5134793599447 70.8860468546549 70.9799860636393 70.9274065653483 70.5874631245931 71.2613469441732 70.987526957194 72.6990933736165 71.343595123291 71.0898478190104 73.2204004923503 74.3678970336914 75.6637751261393 75.997541809082 76.1827692667643 73.4725916544596 71.6789446512858 71.9213727315267 70.9226684570312 75.41455078125 71.0893399556478 68.3761581420898 68.7100931803385
69.7982699076335 69.4335764567057 68.9618408203125 68.7676200866699 68.6879943847656 68.567621866862 68.3798517862956 68.3525789896647 68.2589627583822 68.1273028055827 68.0809305826823 67.9484334309896 67.8286115010579 67.9813329060872 68.0242713928223 67.9395050048828 68.1088826497396 68.1727129618327 68.2758288065592 68.7005111694336 68.2196047465007 68.4963218688965 68.9987841288249 69.1311841328939 69.1953323364258 69.0542037963867 69.3006177266439 69.5554499308268 69.8441795349121 69.7228045145671 70.6544985453288 70.8062868754069 70.4739204406738 70.3140856424967 70.5173161824544 70.6171490987142 72.0861251831055 72.8664835611979 73.3946606953939 74.2629422505697 74.6108100891113 75.0425633748372 75.4370010375977 75.7591995239258 75.9015711466471 72.5869158426921 70.4935368855794 71.1044242858887 74.5860076904297 74.9832494099935 75.8415044148763 74.823676554362 74.7855621337891 71.2875747680664
69.7734759012858 69.4733464558919 69.067741394043 68.8460070292155 68.6829533894857 68.4963493347168 68.3288510640462 68.3014355977376 68.1578501383463 68.0037320454915 67.9831354777018 67.8958368937174 67.812789662679 67.8021807352702 67.975136311849 67.9386439005534 68.0434466044108 68.1790433247884 68.4375577290853 68.4173377990723 68.5380615234375 68.6420768737793 68.6744934082031 68.9241897583008 69.077579498291 69.2096336364746 69.4879033406576 69.7770998636882 70.0685274759928 70.5377057393392 70.8242879231771 71.0722035725911 71.0982622782389 70.8791208902995 70.6705421447754 70.8534451802572 71.6262491861979 73.1181210835775 73.4124272664388 72.5915468851725 73.4033002217611 74.9685740152995 75.3957402547201 75.7103993733724 73.6138529459635 72.7383107503255 73.258967590332 72.9181666056315 73.2503041585286 70.6896446228027 73.3215937296549 76.2812225341797 75.5699849446615 75.6966267903646
69.655270131429 69.4923746744792 69.1776590983073 68.967019144694 68.608610534668 68.5250679016113 68.3485328674316 68.3416028340658 68.1802617390951 68.037606048584 67.9681231180827 67.8399085998535 67.8040232340495 67.8418729146322 68.4804852803548 67.8860659281413 68.0979685465495 68.2932487487793 68.5675532023112 68.481428527832 68.8624183654785 68.8628583272298 68.9614311218262 69.0043258666992 69.1704149881999 69.4368507385254 69.7800651550293 70.1510340372721 70.4138097127279 70.8245671590169 71.0902979532878 71.4727811177572 71.6631518046061 72.0538391113281 72.1857620239258 72.2083602905273 72.9356137593587 73.4398106892904 72.7672470092773 71.3116961161296 74.0376897176107 74.8326098124186 75.4391159057617 74.0180239359538 74.2667144775391 74.373838297526 74.5319869995117 74.926188659668 73.552490234375 71.7277112325033 74.8359242757162 75.5691706339518 70.8257214864095 73.8422037760417
69.7009071350098 69.4943110148112 69.3416519165039 68.9552004496257 68.8328346252441 68.5268206278483 68.4843989054362 68.2873415629069 68.1115811665853 67.9982460021973 67.9106585184733 67.7993209838867 67.7281733194987 67.7414594014486 67.7544464111328 67.8986839294434 68.0225006103516 68.4002428690592 68.5291035970052 68.756714630127 68.942301940918 68.9972407023112 69.1368548075358 69.3049517313639 69.4809560139974 69.7319180806478 70.0331339518229 70.386198425293 70.6820411682129 71.0443059285482 71.3999468485514 71.6313151041667 71.9971249898275 72.3285659790039 72.4707514444987 72.6502952575684 73.1444997151693 73.4907096862793 73.4392855326335 73.2708737691243 74.3252367655436 74.9175374348958 75.2700159708659 75.2923049926758 75.0509073893229 75.6196426391602 75.4154383341471 76.3740244547526 73.9710001627604 72.9975682576497 75.0569646199544 76.5425852457682 74.4039515177409 71.4802706400553
69.7493832906087 69.6022794087728 69.4411916097005 68.8514678955078 68.7952557881673 68.65427831014 68.4394203186035 68.296982828776 68.1361460367839 68.0184646606445 67.8967727661133 67.8398371378581 67.806157430013 67.8036445617676 67.8315684000651 68.3092613220215 68.0377614339193 68.360977935791 68.5817982991536 68.6773412068685 68.853187306722 69.1124951680501 69.260363260905 69.5295504252116 69.7120585123698 70.0410550435384 70.1950998942057 70.6201586405436 70.9396176656087 71.3139991760254 71.6102432250977 72.0293029785156 72.3304870605469 72.6507746378581 72.8786748250325 73.1648750305176 73.3118960062663 73.485013071696 73.5803688049316 73.358721669515 74.6183016459147 74.7951904296875 75.2985493977865 74.9488156636556 75.8644866943359 76.1846771240234 76.5880905151367 75.7754455566406 75.5789784749349 73.5726674397786 76.0483169555664 77.4309463500977 76.2899805704753 75.1342549641927
69.5947692871094 69.498998260498 69.4674504597982 69.2341992696126 68.8114794413249 68.6313112894694 68.4566146850586 68.3182721455892 68.1595410664876 68.0845848083496 67.9320386250814 67.8905029296875 67.8220235188802 67.7888359069824 67.8852986653646 68.1075299580892 68.3453409830729 68.4247530619303 68.6769378662109 68.7837674458822 68.9796676635742 69.2538444519043 69.4723147074381 69.7180959065755 69.9431104024251 70.2246838887533 70.4524884541829 70.863668568929 71.2100245157878 71.5327074686686 71.8593073527018 72.2410085042318 72.6004544576009 72.8092783610026 73.0876724243164 73.3598320007324 73.5954109191894 73.7902582804362 73.9734293619792 73.7204419453939 74.299419148763 74.5025006612142 75.4575892130534 75.4890009562175 76.0794362386068 76.6421600341797 77.0891118367513 77.3869369506836 76.0271138509115 76.6894058227539 76.8901702880859 76.5501434326172 77.7186803181966 76.3664286295573
69.8670707702637 69.4517669677734 69.5667256673177 69.4814219156901 69.2635381062826 68.9368919372559 68.5345074971517 68.3632957458496 68.232048034668 68.1467155456543 68.0581151326497 67.9871828715007 67.8516558329264 67.9352315266927 68.0106417338053 68.145588684082 68.5835947672526 68.9257382710775 68.8637723286947 68.9143028259277 69.1269470214844 69.4403658548991 69.7272277832031 69.9389325459798 70.2435846964518 70.4924853006999 70.8149190266927 71.1092313130697 71.5271710713704 71.8717043558757 72.1764495849609 72.5608963012695 72.8881479899089 73.2025489807129 73.3938908894857 73.4909001668294 73.753089650472 74.0696296691895 72.6903533935547 74.3457588195801 74.7021268208822 75.2118123372396 75.8365219116211 76.3744344075521 76.6582824707031 77.0421035766602 77.4540781656901 77.9015248616536 77.9015889485677 77.9660619099935 77.5304682413737 76.9490631103516 77.9926737467448 78.0840042114258
69.832347869873 69.7759577433268 69.6534777323405 69.5895749409994 69.2893254597982 69.0749585469564 68.5412251790365 68.4460261027018 68.2520370483398 68.1739265441895 68.0811230977376 68.1137270609538 68.1618726094564 68.1591618855794 68.2303057352702 68.2568593343099 68.4809399922689 68.9125523885091 68.8465492248535 69.048548634847 69.2809229532878 69.6654472351074 69.9420092264811 70.1857594807943 70.4800165812174 70.7068730672201 71.0820022583008 71.4098848978678 71.7712310791016 72.1427693684896 72.4251289367676 72.7172116597494 73.2378514607747 73.4408879597982 73.5294283548991 73.7114735921224 73.9739054361979 74.3099833170573 74.7859959920247 74.7955200195313 75.207655843099 75.7437866210937 76.0984471638997 76.5430974324544 77.005349222819 77.4097091674805 77.7564544677734 78.1036493937174 78.4541091918945 78.6059382120768 77.126579284668 76.9028798421224 78.313330078125 78.3620844523112
69.9861071268717 69.8365130106608 69.7410972595215 69.6149917602539 69.4000750223796 68.8551378885905 68.6227973937988 68.4902620951335 68.3940144856771 68.3578801472982 68.3010612487793 68.323057047526 68.3506080627441 68.3698148091634 68.4088892618815 68.4623942057292 68.8632029215495 69.0528811136881 69.0110270182292 69.2727058410645 69.5195358276367 69.8580487569173 70.1566772460938 70.4123893737793 70.7984402974447 71.0368644714355 71.3829633076986 71.7386484781901 72.0770095825195 72.4140561421712 72.7026575724284 72.9853828430176 73.3990758260091 73.5294102986654 73.7176002502441 73.9469530741374 74.2531623840332 74.6079694112142 75.0115982055664 75.4119471232096 75.7080551147461 76.021869913737 76.4245457967122 76.8400797526042 77.1973444620768 77.5813929239909 78.0926208496094 78.2155075073242 78.4928029378255 78.6409378051758 78.163032023112 78.1438339233398 78.0740859985352 78.4722371419271
69.9367383321126 69.6233660380046 69.8339823404948 69.7803970336914 69.3920346577962 69.0085922241211 68.723610941569 68.575705464681 68.5113474527995 68.4679059346517 68.5013130187988 68.5134371439616 68.4956649780273 68.5396090189616 68.5380803426107 68.6362012227376 69.1217425028483 69.2632288614909 69.2614280700684 69.4819246927897 69.7827466328939 70.1460184733073 70.4694806416829 70.7401184082031 71.0709050496419 71.4049034118652 71.7184110005697 72.0296936035156 72.3656204223633 72.6408816019694 72.9325487772624 73.2091936747233 73.5055552164714 73.8708839416504 73.916507212321 74.1972376505534 74.4912679036458 74.8664154052734 75.2753748575846 75.6759872436523 75.9640818277995 76.2735224405924 76.6405899047852 77.0153905232747 77.3906768798828 77.722390238444 78.1005228678385 78.4362899780273 78.6335759480794 78.6780370076497 78.2986536661784 77.8985224405924 77.788953145345 76.9411697387695
69.6524149576823 69.5229451497396 69.4970840454102 69.8469632466634 69.4770797729492 69.115833791097 68.8395991007487 68.7124008178711 68.6042338053385 68.4949109395345 68.6047813415527 68.6722328186035 68.728032430013 68.7974375406901 68.8137013753255 68.9238972981771 69.0845904032389 69.4789698282878 69.6802055358887 69.7423922220866 70.0439247131348 70.3804239908854 70.7400591532389 71.0603065490723 71.3718694051107 71.7529624938965 72.0221229553223 72.3488858540853 72.669793955485 72.9554484049479 73.2011909484863 73.4527483622233 73.686216990153 73.9798156738281 74.1672999064128 74.3806795756022 74.7650538126628 75.1391581217448 75.4758178710938 75.878591410319 76.1817316691081 76.5229095458984 76.818642171224 77.1876988728841 77.5412892659505 77.9233851114909 78.217404683431 78.5242833455404 78.6723759969075 78.6571228027344 78.4317260742187 78.0245173136393 78.0156992594401 78.6582188924154
69.9678428649902 69.5620127360026 69.9037882486979 69.7748789469401 69.4867581685384 69.2305826822917 69.302241007487 68.8708371480306 68.75310643514 68.7171844482422 68.7799100240072 68.9069318135579 68.9886299133301 68.960125986735 69.0558148701986 69.1372080485026 69.5396003723145 69.6399309794108 69.8020164489746 70.0436602274577 70.3289126078288 70.6743179321289 71.0506060282389 71.3920450846354 71.7478083292643 72.0722330729167 72.3241549173991 72.6573883056641 72.9030253092448 73.2226486206055 73.4713183085124 73.6590176900228 73.8948214213053 74.3135772705078 74.4457758585612 74.7077041625977 74.9894983927409 75.389345296224 75.7881942749023 76.1251622517904 76.4625020345052 76.7373916625977 77.0380467732747 77.3556060791016 77.7707422892253 78.0980870564779 78.3317596435547 78.5848744710286 78.7153361002604 78.7163899739583 78.7365676879883 78.5588185628255 78.5955769856771 78.7188888549805
69.7504023234049 69.9196383158366 70.0850850423177 69.8011545817057 69.5045120239258 69.496400197347 69.5078229268392 69.1375633239746 68.9909675598145 68.986173248291 69.0101336161296 69.0849703470866 69.2291676839193 69.2445566813151 69.3641647338867 69.5029327392578 69.7218114217122 69.9135348002116 70.0366333007812 70.3472498575846 70.6824292500814 70.9925877888997 71.3494158426921 71.7003743489583 72.0174995422363 72.3634419759115 72.6066635131836 72.9033185323079 73.2115501403809 73.4840276082357 73.7483723958333 73.938109588623 74.1256848653158 74.6429814656576 74.7343953450521 74.9712158203125 75.3154963175456 75.6230412801107 75.9549697875977 76.3545049031575 76.6416081746419 76.8692184448242 77.1613423665365 77.5976577758789 77.9403778076172 78.215950012207 78.4070271809896 78.6807561238607 78.8028798421224 78.8526011149089 78.8933954874674 78.9378336588542 78.9761998494466 79.0412734985352
69.8301261901856 70.0756238301595 70.0893541971842 69.8789576212565 69.6293909708659 69.6409685770671 69.5034637451172 69.1962231953939 69.1785753885905 69.2018061319987 69.267399597168 69.2934931437174 69.3737340291341 69.5511477152507 69.6439697265625 69.9397354125977 70.074978129069 70.2738339742025 70.4028035481771 70.7046813964844 70.9490748087565 71.3137748718262 71.6193913777669 71.9983525594076 72.3538263956706 72.6049453735352 72.9129173278809 73.2282356262207 73.485764058431 73.7530634562174 74.0162628173828 74.1850743611654 74.4356012980143 74.7494572957357 75.2170862833659 75.2533701578776 75.6125768025716 75.8997497558594 76.2159845987956 76.4944976806641 76.6970021565755 77.0114730834961 77.3303573608398 77.678993733724 77.9860717773438 78.308989461263 78.4798217773437 78.7543401082357 78.8082310994466 78.9096872965495 78.9677302042643 79.0186599731445 79.0291829427083 78.9903203328451
69.9323852539062 70.094381459554 70.229242960612 70.0597986857096 69.9645037333171 69.7281529744466 69.5314328511556 69.4667040506999 69.4341669718424 69.4734642028809 69.5095965067546 69.5774887084961 69.685684967041 69.8645324707031 70.0954737345378 70.2520665486654 70.3777351379395 70.5931971232096 70.8687703450521 71.044701385498 71.2858444213867 71.6355967203776 71.974368540446 72.2651924133301 72.5628425598145 72.8907279968262 73.1981096903483 73.4861923217773 73.7872487386068 74.0219304402669 74.2627314249674 74.5042383829753 74.7795369466146 74.9806599934896 75.4666854858398 75.5415273030599 75.8541844685872 76.1247283935547 76.4019948323568 76.6171997070312 76.8836354573568 77.1806976318359 77.4736740112305 77.7558283487956 77.9934616088867 78.3465367635091 78.5109069824219 78.733078511556 78.8224568684896 78.8513849894206 78.9253423055013 78.9707595825195 78.9534088134766 78.9230911254883
70.0961591084798 70.487366994222 70.3451838175456 70.098508199056 70.0062665303548 69.9336944580078 69.8074549357096 69.744255065918 69.7204376220703 69.7517674763997 69.7671170552572 69.8586326599121 69.947834777832 70.1601272583008 70.4317743937174 70.5489212036133 70.7470489501953 70.9171290079753 71.1336303710937 71.3133656819661 71.6186210632324 71.8940678914388 72.218433380127 72.5676274617513 72.882120513916 73.2610532124837 73.5047002156576 73.8067344665527 74.1018051147461 74.2705225626628 74.5412302652995 74.7782857259115 75.0972946166992 75.2853368123372 75.5547388712565 76.0148493448893 76.121479288737 76.3450861612956 76.6039001464844 76.8111338297526 77.0430948893229 77.3279703776042 77.6032750447591 77.8711919148763 78.0935460408529 78.3244043986003 78.5401713053385 78.6692998250326 78.3070037841797 78.5733311971029 78.9665242513021 78.8745930989583 78.8133707682292 78.8005350748698
70.2556554158529 70.7849210103353 70.5851666768392 70.3394162495931 70.2534192403158 70.1520637512207 70.0605634053548 70.0518198649089 70.0425735473633 70.0425903320313 70.0867441813151 70.1902605692546 70.2924985249837 70.5121513366699 70.7311459859212 70.8704709370931 71.0628827412923 71.2557512919108 71.5073003133138 71.6968065897624 71.9520520528158 72.3062505086263 72.547178141276 72.879820505778 73.2173021952311 73.5042488098145 73.7279678344727 73.9509417215983 74.310780843099 74.5951833089193 74.8737208048503 75.0957117716471 75.3488835652669 75.5955281575521 75.8345748901367 76.2222071329753 76.3713460286458 76.5662979125977 76.7708658854167 76.9486933390299 77.1930409749349 77.4327835083008 77.7269658406576 77.9480529785156 78.1709543863932 78.3395222981771 78.5500081380208 78.7719141642253 78.5255620320638 78.5844563802083 78.9231999715169 78.9008514404297 78.8095621744792 78.8682896931966
