ET0/medie/MEDIA_ET0_08.asc
NCOLS 177 
NROWS 174 
XLLCORNER 1436301.375 
YLLCORNER 4916704.5 
CELLSIZE 1500 
NODATA_value -9999 
[rows 104 to 129 of 174, columns 0 to 58 of 177]
0 0 0 0 0 0 0 0 0 0 0 0 0 0 0 0 0 0 116.25768178304 115.89926554362 115.506718444824 115.095760599772 114.7517578125 114.350633748372 113.93082631429 0 0 0 112.086239624023 111.637961832682 111.221081542969 110.840424601237 110.366049194336 109.974153645833 109.683796183268 109.376885986328 109.434385681152 109.31097056071 109.103240966797 108.714826456706 108.121923828125 107.928594462077 107.816659037272 107.674419657389 107.596750386556 107.551646931966 107.474300130208 107.393756103516 107.299467976888 107.371138509115 107.392362467448 107.398184204102 107.386137898763 107.371073404948 107.462984720866 107.515706380208 107.608607991536 107.66955464681 107.734796651204
0 0 0 0 0 0 0 0 0 0 0 0 0 0 0 0 0 0 116.399387105306 116.011292521159 115.590456136068 115.198982747396 114.813474019368 114.296671549479 113.871611022949 113.424691772461 0 0 112.139733886719 111.683303324382 111.288003031413 110.899067687988 110.538864644368 110.165757242839 109.532384236654 109.012467447917 109.245630900065 109.294341532389 109.359060160319 108.933002726237 108.56865234375 108.069326782227 107.913381958008 107.780133565267 107.73005472819 107.626298522949 107.521495564779 107.596571350098 107.598973592122 107.61272837321 107.60439046224 107.63835144043 107.630414326986 107.671581013997 107.831481424967 107.877118937174 107.942905680339 108.059528605143 108.160373433431
0 0 0 0 0 0 0 0 0 0 0 0 0 0 0 0 0 116.985656229655 116.554626464844 116.123960367839 115.696758524577 115.293469746908 114.813336181641 114.336283874512 113.96921081543 113.505390930176 0 112.653414916992 112.192224121094 111.808780415853 111.392402648926 111.023675028483 110.614384969076 110.249897257487 109.426284281413 109.048589579264 109.353489685059 109.229083760579 109.27712504069 109.244558207194 108.621545918783 108.201623535156 108.073589579264 107.929568990072 107.827072143555 107.802516682943 107.77530263265 107.845916239421 107.823370869954 107.814131164551 107.840144856771 107.917426554362 107.929050191243 108.038809204102 108.121901448568 108.240558369954 108.366516621908 108.44275004069 108.529820760091
0 0 0 0 0 0 0 0 0 0 0 0 0 0 0 0 0 117.144330851237 116.754224141439 116.261342366536 115.813543701172 115.352361551921 114.918090311686 114.448891194661 114.0599706014 113.605833435059 113.096741739909 112.684490966797 112.249890645345 111.865717061361 111.465953063965 111.110447692871 110.674719238281 110.315204874674 109.886508687337 109.547590128581 109.456832377116 109.293816121419 109.403157552083 109.266348775228 108.741398111979 108.332912190755 108.266307067871 108.12428334554 108.118781534831 108.003891499837 107.974854024251 108.028182983398 108.009313964844 108.01107228597 108.072844950358 108.122436014811 108.232028706868 108.289849344889 108.401498413086 108.614869181315 108.735191345215 108.768169657389 108.958965047201
0 0 0 0 0 0 0 0 0 0 0 0 0 0 0 0 0 117.25686899821 116.90829111735 116.399569702148 115.96915435791 115.438202412923 114.980243428548 114.543626403809 114.095384724935 113.640047709147 113.119776407878 112.708772786458 112.297914123535 111.89135945638 111.513976033529 111.133459981283 110.695711263021 110.414927164714 110.027458699544 109.73634185791 109.480985005697 109.420652770996 109.484707641602 109.384180196126 109.273846944173 108.509268188477 108.419904073079 108.34034576416 108.266395568848 108.225994364421 108.130194091797 108.213552856445 108.207745869954 108.249159240723 108.279351298014 108.422039794922 108.549211120605 108.61301574707 108.763077799479 108.907341512044 109.069011942546 109.139924621582 109.315819295247
0 0 0 0 0 0 0 0 0 0 0 0 0 0 0 0 0 0 117.004669698079 116.572617594401 116.030466206868 115.529669189453 115.030655924479 114.57243347168 114.160774230957 113.723936462402 113.250727844238 112.767599487305 112.342618306478 111.984847005208 111.589813741048 111.233834838867 110.851725769043 110.465289306641 110.248839314779 109.940698750814 109.643135070801 109.422702026367 109.664099121094 109.50614827474 109.454429117839 109.359648132324 108.777875264486 108.487281799316 108.415597025553 108.422684224447 108.353072102865 108.385776774089 108.391172281901 108.419026692708 108.502300008138 108.589039611816 108.733725992839 108.883783467611 109.058922322591 109.155505371094 109.325918070475 109.561849975586 109.700879414876
0 0 0 0 0 0 0 0 0 0 0 0 0 0 0 0 0 0 117.172454325358 116.689344278971 116.081366984049 115.618431091309 115.244023132324 114.715067036947 114.243980407715 113.856855773926 113.436442057292 112.984572855632 112.597413635254 112.1584081014 111.736056518555 111.317116292318 111.041376241048 110.698328653971 110.472956848145 110.09128519694 109.841946411133 109.617749023437 109.814283243815 109.591014099121 109.671240743001 109.502387491862 109.333759562174 108.681441752116 108.584171040853 108.538804626465 108.555876159668 108.600667826335 108.553739929199 108.637632242839 108.647321573893 108.79864654541 108.909098815918 109.108613586426 109.331748962402 109.553064982096 109.66693166097 109.953801472982 110.051502990723
0 0 0 0 0 0 0 0 0 0 0 0 0 0 0 0 0 0 117.244244893392 116.713558451335 116.225960795085 115.856635538737 115.388898722331 114.926341247559 114.468839518229 113.978429667155 113.567389424642 113.118990071615 112.693384297689 112.308911641439 111.918047078451 111.535350036621 111.162358093262 110.870212809245 110.60583190918 110.287370808919 110.090394592285 109.858516438802 109.635897318522 109.876534016927 109.766606140137 109.661614990234 109.524227396647 109.313061523437 109.23551381429 108.798125203451 108.841551717122 108.857025146484 108.697842915853 108.790692647298 108.87389272054 109.014899698893 109.138019307454 109.319163513184 109.573823038737 109.675554402669 109.945947265625 110.212508646647 110.455502319336
0 0 0 0 0 0 0 0 0 0 0 0 0 0 0 0 0 0 117.347065226237 116.893715922038 116.382415262858 116.056900024414 115.57844543457 115.112033081055 114.613181559245 114.123460388184 113.727267456055 113.291465250651 112.883577473958 112.490634155273 112.075721740723 111.702173868815 111.384776306152 111.103357950846 110.818424479167 110.570497639974 110.33812713623 110.048615519206 109.749431864421 109.711018880208 109.909065246582 109.840630086263 109.725429789225 109.62741394043 109.567399088542 109.17572072347 109.064454142253 108.962904866536 108.935424296061 108.991421000163 109.098357645671 109.235740661621 109.42113494873 109.533680216471 109.838670857747 110.122664896647 110.25918375651 110.509228515625 110.766200256348
0 0 0 0 0 0 0 0 0 0 0 0 0 0 0 0 0 0 117.643571472168 117.07840830485 116.638775634766 116.226926676432 115.828726196289 115.27841796875 114.819831848145 114.373567199707 113.971301778158 113.487484232585 113.09439646403 112.632101949056 112.259419250488 111.923083496094 111.572729492188 111.317845153809 111.060222880046 110.824176025391 110.532679239909 110.249373881022 109.976057942708 109.744313557943 109.82518157959 109.908388264974 109.860294596354 109.777828470866 109.776942443848 109.786415608724 109.446280924479 109.161131795247 109.184561157227 109.207019551595 109.423867289225 109.49457804362 109.658819071452 109.896923828125 110.097006734212 110.401274108887 110.589028422038 110.856237792969 111.064183044434
0 0 0 0 0 0 0 0 0 0 0 0 0 0 0 0 0 0 0 117.278767903646 116.843566894531 116.42950592041 116.027218119303 115.451982625326 115.038852945964 114.638720703125 114.190263366699 113.684076944987 113.236134338379 112.836424763997 112.531902058919 112.177191670736 111.82023824056 111.603445943197 111.32314860026 111.007096354167 110.751579793294 110.471404012044 110.21268157959 110.016976420085 109.888852945964 110.216397603353 110.10101369222 109.999662272135 110.00032602946 110.088927205404 109.982602437337 109.915746561686 109.552034505208 109.616254170736 109.492686462402 109.348935953776 109.931886291504 110.109911600749 110.361993408203 110.623677571615 110.863451639811 111.173709615072 111.474043273926
0 0 0 0 0 0 0 0 0 0 0 0 0 0 0 0 0 0 0 117.38471476237 117.001759847005 116.559669494629 116.185724385579 115.726955668132 115.241492207845 114.873993937174 114.425547281901 113.934298197428 113.540898132324 113.191092427572 112.794240315755 112.471549479167 112.169649251302 111.879946390788 111.56934967041 111.357538859049 111.078731282552 110.844204711914 110.559510803223 110.348827616374 110.205490620931 109.971767171224 110.38365834554 110.282921854655 110.207920328776 110.223441060384 110.14137318929 110.167636617025 110.1777440389 110.203370157878 109.576547749837 109.401402282715 110.211650085449 110.232957458496 110.688870747884 110.914627583822 111.206497192383 111.461541748047 111.655782572428
0 0 0 0 0 0 0 0 0 0 0 0 0 0 0 0 0 0 0 117.647931925456 117.230903116862 116.843618265788 116.41576944987 116.007748413086 115.536516316732 115.118551127116 114.753834025065 114.235577392578 113.808067830404 113.503289794922 113.151753234863 112.795619710286 112.432713317871 112.106263224284 111.923696899414 111.659938049316 111.352952067057 111.093515014648 110.887589518229 110.645738220215 110.465254720052 110.297902933757 110.179559326172 110.200360107422 110.467155965169 110.395755004883 110.405444844564 110.383005269368 110.431999206543 110.303301493327 110.545237731934 110.610007222493 110.808482869466 110.992586771647 111.080059814453 111.268896993001 111.474998982747 111.806807963053 112.083471679688
0 0 0 0 0 0 0 0 0 0 0 0 0 0 0 0 0 0 0 117.83470102946 117.484393310547 117.19710337321 116.714895629883 116.356558227539 115.893137105306 115.45484975179 115.10715230306 114.652547200521 114.304765319824 113.991925557454 113.500462341309 113.112785339355 112.853759256999 112.543957519531 112.220880635579 111.905997721354 111.647486368815 111.378973897298 111.157307942708 110.961450195312 110.744332885742 110.639550272624 110.43739267985 110.436674499512 110.299886576335 110.292859395345 110.196012878418 110.259456380208 110.652435302734 110.736515808105 110.807315063477 110.97139638265 111.172643025716 111.361676025391 111.463424682617 111.627662658691 111.838375345866 112.128870137533 112.400307210286
0 0 0 0 0 0 0 0 0 0 0 0 0 0 0 0 0 0 0 0 117.802317810059 117.470453898112 117.058883158366 116.605690511068 116.240690104167 115.826427205404 115.510325622559 115.105172220866 114.620867919922 114.354033406576 113.977472941081 113.528974405924 113.241501363118 112.833647155762 112.583300272624 112.262727864583 111.939207458496 111.679693094889 111.505061848958 111.339075215658 111.087870788574 110.924472045898 110.865621439616 110.705874633789 110.556004333496 110.583192443848 110.577592976888 110.562849934896 110.891897074382 111.004107157389 111.138980611165 111.226253763835 111.479178365072 111.743137105306 111.944876607259 112.219537862142 112.435865783691 112.516772969564 112.724208577474
0 0 0 0 0 0 0 0 0 0 0 0 0 0 0 0 0 0 0 0 0 117.778192138672 117.405891927083 116.961268615723 116.615653483073 116.239654541016 115.835766092936 115.433985392253 115.055262247721 114.727281697591 114.364212036133 113.986075846354 113.600628153483 113.25124613444 112.860047403971 112.604553222656 112.319255065918 112.086373392741 111.861194356283 111.594127909342 111.502911885579 111.29669342041 111.096592203776 110.951252746582 110.860498555501 110.980949401855 111.201318359375 111.077590942383 111.284007263184 111.344966125488 111.47374013265 111.656946818034 111.806880187988 112.045771789551 112.324940490723 112.632591247559 112.866242980957 113.084635925293 113.306160990397
0 0 0 0 0 0 0 0 0 0 0 0 0 0 0 0 0 0 0 0 0 0 117.773569234212 117.362635294596 117.016577657064 116.626014709473 116.244000752767 115.81849416097 115.426268513997 115.04856262207 114.725442504883 114.42552134196 113.967520650228 113.642486063639 113.335875447591 113.008852640788 112.64673055013 112.35336151123 112.236043802897 111.998151652018 111.845104471842 111.751455688477 111.827651977539 111.655702718099 111.535606892904 111.518884277344 111.508858235677 111.638201395671 111.674685160319 111.769805908203 111.881370544434 112.022537231445 112.188630167643 112.42079671224 112.641832478841 112.924943033854 113.149186197917 113.383024088542 113.583187357585
0 0 0 0 0 0 0 0 0 0 0 0 0 0 0 0 0 0 0 0 0 0 118.151683044434 117.761950174967 117.399291992188 117.060707092285 116.661557006836 116.36914469401 115.875787353516 115.503927612305 115.174237569173 114.775549825033 114.473633321126 114.052096557617 113.815726216634 113.438677978516 113.089176940918 112.871022542318 112.613105265299 112.431089274089 112.487246195475 112.308541870117 112.113448588053 112.018584187826 111.90368754069 111.903012084961 111.861931864421 112.059577941895 112.110138956706 112.161832173665 112.28113861084 112.36523030599 112.482249450684 112.743082682292 112.99750213623 113.168579610189 113.378748575846 113.605726623535 113.855676778158
0 0 0 0 0 0 0 0 0 0 0 0 0 0 0 0 0 0 0 0 0 0 0 118.197965494792 117.844424438477 117.517402140299 117.131623331706 116.692269897461 116.382197570801 115.948754882812 115.52737681071 115.187926228841 114.830390421549 114.499575297038 114.355939229329 113.864500935872 113.485117594401 113.461888631185 113.282186381022 113.067870585124 112.752153015137 112.631999206543 112.51748046875 112.348915608724 112.277717590332 112.251143900553 112.236787923177 112.322866821289 112.40796661377 112.479296875 112.603019714355 112.67689666748 112.912665812174 113.074564615885 113.19741973877 113.397978210449 113.573075358073 113.802922058105 113.979889933268
0 0 0 0 0 0 0 0 0 0 0 0 0 0 0 0 0 0 0 0 0 0 0 118.728717549642 118.382475789388 118.049850463867 117.635595703125 117.246226501465 116.993528238932 116.51163482666 116.075775655111 115.741976420085 115.3423828125 115.007625834147 114.823652140299 114.494698079427 114.222878011068 113.957553609212 113.611427815755 113.303533426921 113.223234049479 112.921578979492 112.82627919515 112.740645853678 112.554548136393 112.57063852946 112.517822774251 112.645375569661 112.71376546224 112.784604899089 112.883361816406 113.03661702474 113.184081013997 113.37320098877 113.45591583252 113.61335144043 113.784045918783 113.934870910645 114.055907185872
0 0 0 0 0 0 0 0 0 0 0 0 0 0 0 0 0 0 0 0 0 0 0 0 118.919695536296 118.559219360352 118.18371480306 117.87574412028 117.450736490885 117.011243693034 116.585038757324 116.255513509115 115.756006368001 115.481422424316 115.216835021973 114.866769917806 114.540724690755 114.269263712565 114.269286600749 113.753661092122 113.49438680013 113.29372660319 113.157453409831 113.029224650065 112.923747253418 112.876291910807 112.906563822428 112.920097351074 112.966352335612 113.054112752279 113.147069295247 113.262963867187 113.509206644694 113.658576965332 113.696176656087 113.817612202962 113.936693318685 112.504053243001 113.367337544759
0 0 0 0 0 0 0 0 0 0 0 0 0 0 0 0 0 0 0 0 0 0 0 0 119.260461934408 118.978023783366 118.572783406576 118.340642801921 117.93675587972 117.563574727376 117.161057027181 116.729250590007 116.349729919434 115.892389933268 115.624992370605 115.340449015299 115.405207824707 114.692995198568 114.365046691895 114.09094136556 113.898948669434 113.642330423991 113.527572631836 113.381097920736 113.222655232747 113.202755737305 113.178650919596 113.199892171224 113.19104309082 113.253701782227 113.371860249837 113.546987406413 113.777069091797 113.92523651123 114.023182169596 114.072637939453 113.865657043457 112.108725992839 113.55843963623
0 0 0 0 0 0 0 0 0 0 0 0 0 0 0 0 0 0 0 0 0 0 0 0 119.736647033691 119.426700846354 119.089320882161 118.793516031901 118.389383951823 117.958142089844 117.53120320638 117.148503621419 116.861085510254 116.47770131429 116.161132303874 115.772643534342 115.458405049642 115.097309875488 114.733670043945 114.460463968913 114.280274963379 114.03150990804 113.875328572591 113.728850809733 113.560743713379 113.490068054199 113.448526509603 113.449672444661 113.486723327637 113.555715942383 113.683012898763 113.771551005046 113.976681518555 114.085851542155 113.719705200195 113.281308492025 114.137014770508 112.8927831014 113.624891662598
0 0 0 0 0 0 0 0 0 0 0 0 0 0 0 0 0 0 0 0 0 0 0 0 120.298690287272 119.901143900553 119.574090067546 119.238576761882 119.020854187012 118.410279846191 117.958174641927 117.820760599772 117.482776387533 0 0 0 0 115.538929748535 115.155046081543 114.892058308919 114.62039642334 114.404764811198 114.197669474284 114.060604349772 113.904623413086 113.786076863607 113.775675455729 113.77759552002 113.701049296061 113.762056986491 113.828102111816 113.34721883138 112.213477579753 111.688363647461 112.705483500163 111.81499226888 113.400849405924 112.122484842936 113.566686503092
0 0 0 0 0 0 0 0 0 0 0 0 0 0 0 0 0 0 0 0 0 0 0 0 0 0 0 0 0 118.894745381673 118.544711812337 118.253315226237 0 0 0 0 0 116.009573872884 115.612179056803 115.260032145182 115.052208455404 114.816975911458 114.48435160319 114.361354573568 114.224997965495 114.075245157878 114.035747273763 114.090690612793 113.954745483398 113.523889160156 113.149175516764 112.554744466146 113.073454793294 112.269642130534 112.547124226888 112.697406514486 113.113212076823 111.653537495931 114.160968526204
0 0 0 0 0 0 0 0 0 0 0 0 0 0 0 0 0 0 0 0 0 0 0 0 0 0 0 0 0 0 0 0 0 0 0 0 0 116.415145365397 116.033975219727 115.691646321615 115.427907816569 115.15360921224 114.885862731934 114.571624247233 114.430429585775 114.420930989583 114.383396911621 114.21740620931 113.940037027995 112.984055074056 113.01369934082 112.511101277669 113.057609558105 112.777328491211 112.857671610514 111.486952209473 113.127661641439 113.181265767415 114.330476888021
