ET0/medie/MEDIA_ET0_09.asc
NCOLS 177 
NROWS 174 
XLLCORNER 1436301.375 
YLLCORNER 4916704.5 
CELLSIZE 1500 
NODATA_value -9999 
[rows 96 to 119 of 174, columns 0 to 53 of 177]
-9999 -9999 -9999 -9999 -9999 -9999 -9999 -9999 -9999 -9999 -9999 -9999 -9999 -9999 -9999 -9999 -9999 -9999 -9999 -9999 -9999 -9999 -9999 -9999 -9999 -9999 -9999 -9999 -9999 -9999 -9999 -9999 76.0939432779948 75.8705841064453 75.5036977132161 75.1512219746908 74.6748970031738 74.4396418253581 74.1581263224284 73.8968442281087 73.6495061238607 73.4358240763346 73.1684272766113 72.9151273091634 72.7320460001628 72.5107887268066 72.296701558431 71.7472935994466 71.2005869547526 70.8959978739421 70.7604433695475 70.6684501647949 70.5465217590332 70.4353851318359
-9999 -9999 -9999 -9999 -9999 -9999 -9999 -9999 -9999 -9999 -9999 -9999 -9999 -9999 -9999 -9999 -9999 -9999 -9999 -9999 -9999 -9999 -9999 -9999 -9999 -9999 -9999 -9999 -9999 -9999 -9999 -9999 -9999 75.9416514078776 75.6536112467448 75.2764979044596 74.7865763346354 74.5515342712402 74.2508865356445 73.9723587036133 73.7785568237305 73.5232744852702 73.2646779378255 73.0384170532227 72.8457402547201 72.6484975179036 72.3178354899089 71.8786005655924 71.6853492736816 71.5986643473307 71.5075108846029 71.3176289876302 71.2545885721842 71.1610989888509
-9999 -9999 -9999 -9999 -9999 -9999 -9999 -9999 -9999 -9999 -9999 -9999 -9999 -9999 -9999 -9999 -9999 -9999 -9999 -9999 -9999 -9999 -9999 -9999 -9999 -9999 -9999 -9999 -9999 -9999 -9999 -9999 -9999 76.0283548990885 75.7997695922852 75.4155616760254 74.9987190246582 74.6232854207357 74.3693781534831 74.0961906433105 73.847021484375 73.620768737793 73.368719736735 73.1639035542806 72.9447883605957 72.7502309163412 72.5415540059408 72.1304135640462 71.9206596374512 71.8834124247233 71.9497856140137 71.8244323730469 71.6577578226725 71.5616900126139
-9999 -9999 -9999 -9999 -9999 -9999 -9999 -9999 -9999 -9999 -9999 -9999 -9999 -9999 -9999 -9999 -9999 -9999 -9999 -9999 -9999 -9999 -9999 -9999 -9999 -9999 -9999 -9999 -9999 -9999 -9999 -9999 -9999 -9999 75.8591074625651 75.4991635640462 75.1657129923503 74.7405044555664 74.4285293579102 74.0893180847168 73.9172762552897 73.7074935913086 73.4645848592122 73.2691558837891 73.0609670003255 72.9068003336589 72.7257601420085 72.5902987162272 72.4146174112956 72.2579574584961 72.1225713094075 72.0897542317708 71.9312540690104 71.7900426228841
-9999 -9999 -9999 -9999 -9999 -9999 -9999 -9999 -9999 -9999 -9999 -9999 -9999 -9999 -9999 -9999 -9999 -9999 -9999 -9999 -9999 -9999 -9999 -9999 -9999 -9999 -9999 -9999 -9999 -9999 76.9879104614258 76.5806635538737 76.2487589518229 75.9842132568359 75.9051869710286 75.5887669881185 75.2875058492025 74.907229868571 74.4717264811198 74.1911315917969 73.9881548563639 73.7865659077962 73.5900110880534 73.3519437154134 73.1741363525391 73.0285049438477 72.8836448669434 72.711959584554 72.5782869974772 72.5003827412923 72.3939514160156 72.2748547871908 72.2041310628255 72.0589098612467
-9999 -9999 -9999 -9999 -9999 -9999 -9999 -9999 -9999 -9999 -9999 -9999 -9999 -9999 -9999 -9999 -9999 -9999 -9999 -9999 -9999 -9999 -9999 -9999 -9999 -9999 -9999 -9999 77.8760803222656 77.4831893920898 77.0298517862956 76.6748158772786 76.2987747192383 76.0083073933919 75.9472183227539 75.6747517903646 75.3073799133301 75.0354698181152 74.6382026672363 74.2684298197428 74.0385055541992 73.8507489522298 73.6918006896973 73.4834129333496 73.2936988830566 73.1619219462077 73.0324071248372 72.8617863972982 72.7275062561035 72.6176986694336 72.5487622578939 72.4983983357747 72.4314092000325 72.3399749755859
-9999 -9999 -9999 -9999 -9999 -9999 -9999 -9999 -9999 -9999 -9999 -9999 -9999 -9999 -9999 -9999 -9999 -9999 -9999 -9999 -9999 -9999 80.2174118041992 79.7876637776693 -9999 -9999 -9999 -9999 77.9294855753581 77.5421478271484 77.1175643920898 76.7481338500977 76.367648824056 76.0189865112305 75.94375 75.7236150105794 75.4273020426432 75.1310246785482 74.8410484313965 74.4166486104329 74.115321858724 73.9867403666178 73.7554827372233 73.6078318277995 73.4576553344727 73.2694816589355 73.1643102010091 73.0074984232585 72.9349965413411 72.8677797953288 72.7605845133464 72.6913063049316 72.6151926676432 72.5659784952799
-9999 -9999 -9999 -9999 -9999 -9999 -9999 -9999 -9999 -9999 -9999 -9999 -9999 -9999 -9999 -9999 -9999 -9999 81.699082438151 81.3914225260417 81.0554163614909 80.6715881347656 80.3248713175456 79.9566375732422 -9999 -9999 -9999 -9999 -9999 77.5335891723633 77.2010711669922 76.8548268636068 76.452300008138 76.0859588623047 75.7960108439128 75.7484720865885 75.501606241862 75.2305674235026 74.9387649536133 74.5752449035645 74.2196927388509 74.0579671223958 73.8705223083496 73.7002209981283 73.552357228597 73.4184193929036 73.2786142985026 73.1678349812826 73.112074025472 73.0398160298665 72.9360038757324 72.9085283915202 72.8478126525879 72.7866269429525
-9999 -9999 -9999 -9999 -9999 -9999 -9999 -9999 -9999 -9999 -9999 -9999 -9999 -9999 -9999 -9999 -9999 -9999 81.7706436157227 81.5074549357096 81.1361740112305 80.7938201904297 80.4099299112956 80.0556355794271 79.6688140869141 -9999 -9999 -9999 77.9638702392578 77.5864262898763 77.2001703898112 76.8811813354492 76.4911875406901 76.1101155598958 75.8126373291016 75.5208374023437 75.4764485677083 75.3140385945638 75.0598973592122 74.7120872497559 74.2814158121745 74.1046223958333 73.9570533752441 73.8029525756836 73.6904591878255 73.5999791463216 73.4541432698568 73.3354133605957 73.1925778706868 73.1841451009115 73.1507242838542 73.1103507995605 73.0462699890137 72.9855402628581
-9999 -9999 -9999 -9999 -9999 -9999 -9999 -9999 -9999 -9999 -9999 -9999 -9999 -9999 -9999 -9999 -9999 -9999 81.9035146077474 81.5953364054362 81.216411336263 80.8772354125977 80.5019037882487 80.1035222371419 79.6713912963867 79.2867518107096 -9999 -9999 78.0308039347331 77.6741221110026 77.2623331705729 76.9631815592448 76.5920399983724 76.2230941772461 75.7420689900716 75.3748291015625 75.3361821492513 75.2798589070638 75.2681650797526 74.8797856648763 74.5725934346517 74.1976130167643 74.0311759948731 73.8750859578451 73.7777989705404 73.6439661661784 73.493608601888 73.4543841044108 73.4065739949544 73.3545092264811 73.2914782206217 73.2565350850423 73.2418574015299 73.2212776184082
-9999 -9999 -9999 -9999 -9999 -9999 -9999 -9999 -9999 -9999 -9999 -9999 -9999 -9999 -9999 -9999 -9999 82.346299235026 82.0417984008789 81.6648844401042 81.2969477335612 80.9191233317057 80.530312093099 80.0950607299805 79.7283513387044 79.272097269694 -9999 78.4832499186198 78.0986933390299 77.7347941080729 77.3723353068034 76.9934199015299 76.606874593099 76.2696248372396 75.7195266723633 75.4723993937175 75.4184219360352 75.2260487874349 75.1880366007487 75.0664271036784 74.6332677205404 74.2519337972005 74.0888827006022 73.9595975240072 73.8404335021973 73.7587565104167 73.6519688924154 73.6169687906901 73.5490882873535 73.4896054585775 73.472115834554 73.476082611084 73.4260958353678 73.4427731831868
-9999 -9999 -9999 -9999 -9999 -9999 -9999 -9999 -9999 -9999 -9999 -9999 -9999 -9999 -9999 -9999 -9999 82.4396560668945 82.1726516723633 81.7729553222656 81.3704803466797 80.9956166585286 80.5912155151367 80.1343327840169 79.7005798339844 79.2736241658529 78.8524922688802 78.4893783569336 78.1033004760742 77.8034210205078 77.3980651855469 77.0439610799154 76.6508661905925 76.3100392659505 75.9442606608073 75.6650400797526 75.4796803792318 75.2536844889323 75.2514266967773 75.0690765380859 74.6526255289714 74.3004796346029 74.1833930969238 74.0371274312337 73.96583887736 73.8597549438477 73.7538739522298 73.7415987650553 73.6805119832357 73.6083190917969 73.6012906392415 73.6462687174479 73.660807800293 73.6467198689779
-9999 -9999 -9999 -9999 -9999 -9999 -9999 -9999 -9999 -9999 -9999 -9999 -9999 -9999 -9999 -9999 -9999 82.50576171875 82.227121480306 81.8091532389323 81.4117782592773 80.9692850748698 80.5137496948242 80.1210952758789 79.6655151367188 79.2883255004883 78.8660751342773 78.5018422444661 78.1250803629557 77.7401423136393 77.3949727376302 77.0400014241536 76.6875971476237 76.3312779744466 76.0056330362956 75.7345733642578 75.4700836181641 75.3241154988607 75.3024449666341 75.0768356323242 74.9056874593099 74.326557413737 74.2534810384115 74.1562266031901 74.0489535013835 73.9268948872884 73.8206336975098 73.8172088623047 73.7765360514323 73.7619262695312 73.7485921223958 73.8139828999837 73.8761662801107 73.8883895874023
-9999 -9999 -9999 -9999 -9999 -9999 -9999 -9999 -9999 -9999 -9999 -9999 -9999 -9999 -9999 -9999 -9999 -9999 82.2479873657227 81.8502502441406 81.4369318644206 80.972932434082 80.5228042602539 80.0925450642904 79.7092549641927 79.354280090332 78.9669362386068 78.5365473429362 78.140017191569 77.7834711710612 77.4146759033203 77.059418741862 76.7202524820964 76.3617650349935 76.0962875366211 75.7905141194662 75.5372014363607 75.2757502237956 75.2958516438802 75.076838684082 74.9816070556641 74.8663736979167 74.4559173583984 74.2166839599609 74.0811375935872 74.0290743509928 73.905099995931 73.9104888916016 73.8818331400553 73.8966478983561 73.86974512736 73.8997548421224 74.0059305826823 74.0875213623047
-9999 -9999 -9999 -9999 -9999 -9999 -9999 -9999 -9999 -9999 -9999 -9999 -9999 -9999 -9999 -9999 -9999 -9999 82.3424051920573 81.9036493937174 81.4466705322266 81.0131988525391 80.6427652994792 80.188671875 79.7745534261068 79.458555094401 79.0670522054036 78.6348759969076 78.2569391886393 77.8390441894531 77.4909637451172 77.1389012654622 76.785964457194 76.4296793619792 76.1964024861654 75.8882085164388 75.6213633219401 75.3690475463867 75.37216796875 75.108610534668 75.086887105306 74.9407618204753 74.7736592610677 74.2999694824219 74.1522659301758 74.053520711263 74.0224385579427 74.0102180480957 73.9681027730306 73.9666310628255 73.9170143127441 73.980653889974 74.057243347168 74.139426167806
-9999 -9999 -9999 -9999 -9999 -9999 -9999 -9999 -9999 -9999 -9999 -9999 -9999 -9999 -9999 -9999 -9999 -9999 82.4272618611654 81.9428009033203 81.5295476277669 81.1194442749023 80.7439646402995 80.2947713216146 79.8655568440755 79.472585550944 79.1143915812174 78.6521194458008 78.2741180419922 77.9070241292318 77.5370498657227 77.2295928955078 76.8211944580078 76.4992335001628 76.2550618489583 75.9803064982096 75.7126007080078 75.4380457560221 75.2177042643229 75.2976623535156 75.1510243733724 75.0100886027018 74.8720591227214 74.6743845621745 74.5506072998047 74.2048573811849 74.1683446248372 74.1668273925781 74.0168622334798 74.0216534932454 74.0582255045573 74.1315371195475 74.1970502217611 74.3255755106608
-9999 -9999 -9999 -9999 -9999 -9999 -9999 -9999 -9999 -9999 -9999 -9999 -9999 -9999 -9999 -9999 -9999 -9999 82.4688069661458 82.0508295694987 81.6392415364583 81.2219751993815 80.8359191894531 80.4170562744141 79.9701482137044 79.5385116577148 79.1722747802734 78.7554107666016 78.3898005167643 78.0045801798503 77.6001714070638 77.3260732014974 76.9413589477539 76.635166422526 76.3649480183919 76.0803243001302 75.8335728963216 75.5518432617187 75.3145614624023 75.1882858276367 75.2187764485677 75.0992579142253 74.9250783284505 74.8201944986979 74.7127034505208 74.407731628418 74.313877360026 74.2120549519857 74.1597890218099 74.1466679890951 74.1597857157389 74.2382436116536 74.3716412862142 74.4356651306152
-9999 -9999 -9999 -9999 -9999 -9999 -9999 -9999 -9999 -9999 -9999 -9999 -9999 -9999 -9999 -9999 -9999 -9999 82.6135014851888 82.1465728759766 81.7441874186198 81.3994349161784 80.9677352905273 80.4949798583984 80.0884938557943 79.6968714396159 79.3141779581706 78.8677276611328 78.4705230712891 78.0842748006185 77.750575764974 77.3880457560221 77.0622161865234 76.779443359375 76.4862375895182 76.2263417561849 75.9385182698568 75.6754999796549 75.4297495524089 75.1777796427409 75.1306467692057 75.1185440063477 74.9792729695638 74.8604482014974 74.8067357381185 74.7588368733724 74.5845123291016 74.3013641357422 74.3046193440755 74.3267715454102 74.3821090698242 74.4221181233724 74.530640411377 74.7006612141927
-9999 -9999 -9999 -9999 -9999 -9999 -9999 -9999 -9999 -9999 -9999 -9999 -9999 -9999 -9999 -9999 -9999 -9999 -9999 82.3215245564779 81.8663070678711 81.4709081013997 81.0798029581706 80.590891011556 80.2143183390299 79.8437006632487 79.4795415242513 79.0222737630208 78.5864313761393 78.2210795084635 77.8759831746419 77.4663177490234 77.1495793660482 76.885112508138 76.6111063639323 76.3616622924805 76.1100723266602 75.8416631062826 75.5651596069336 75.3280364990234 75.1388804117839 75.2605438232422 75.0908040364583 74.9717168172201 74.9175094604492 74.9263361612956 74.8872024536133 74.7766805013021 74.5056416829427 74.5665690104167 74.482145690918 74.4179402669271 74.7671229044596 74.978249613444
-9999 -9999 -9999 -9999 -9999 -9999 -9999 -9999 -9999 -9999 -9999 -9999 -9999 -9999 -9999 -9999 -9999 -9999 -9999 82.2905227661133 81.9767903645833 81.6023061116536 81.2300430297852 80.7370340983073 80.3552536010742 79.9937199910482 79.5899205525716 79.1426890055339 78.7421895345052 78.3655344645182 77.9885965983073 77.6380762736003 77.3403915405273 77.0053629557292 76.7445088704427 76.4781097412109 76.2250935872396 75.9781768798828 75.7156285603841 75.4985687255859 75.3144068400065 75.0925481160482 75.2365966796875 75.1246541341146 75.0396682739258 74.9876017252604 75.028108215332 74.9555725097656 74.9402959187826 74.9450942993164 74.599284362793 74.6325612386068 75.040321858724 75.0814214070638
-9999 -9999 -9999 -9999 -9999 -9999 -9999 -9999 -9999 -9999 -9999 -9999 -9999 -9999 -9999 -9999 -9999 -9999 -9999 82.4463826497396 82.0370895385742 81.7410283406576 81.3803868611654 80.9955042521159 80.5631774902344 80.150824991862 79.7637405395508 79.282942199707 78.8607294718424 78.5541849772135 78.1951990763346 77.8475957234701 77.4847630818685 77.1411921183268 76.8834396362305 76.6129847208659 76.3576787312825 76.0763870239258 75.8545954386393 75.6496317545573 75.4518839518229 75.2824829101562 75.0997207641602 75.0457794189453 75.2024317423503 75.1175369262695 75.1716562906901 75.1385655721029 75.1503514607747 75.063655090332 75.1917134602865 75.30126953125 75.5031545003255 75.6622151692708
-9999 -9999 -9999 -9999 -9999 -9999 -9999 -9999 -9999 -9999 -9999 -9999 -9999 -9999 -9999 -9999 -9999 -9999 -9999 82.5130935668945 82.1717051188151 81.8468587239583 81.461127726237 81.1454106648763 80.7696431477865 80.3164576212565 79.9814030965169 79.509364827474 79.1530207316081 78.7984339396159 78.4149810791016 78.0159474690755 77.7060862223307 77.369677734375 77.0381678263346 76.7541727701823 76.5226231892904 76.2594472249349 76.0211791992188 75.836750793457 75.5987609863281 75.4636077880859 75.3041447957357 75.2166839599609 75.1386133829753 75.118728129069 75.0850672403971 75.1256922403971 75.3325739542643 75.3938771565755 75.4547017415365 75.5951487223307 75.824875386556 75.9785888671875
-9999 -9999 -9999 -9999 -9999 -9999 -9999 -9999 -9999 -9999 -9999 -9999 -9999 -9999 -9999 -9999 -9999 -9999 -9999 -9999 82.375813293457 82.0040166219076 81.6369415283203 81.2784601847331 80.9637883504232 80.605632019043 80.202744547526 79.7672378540039 79.4053644816081 79.0536107381185 78.6561767578125 78.2368845621745 77.9067398071289 77.5552429199219 77.2386327107747 76.9552337646484 76.7142049153646 76.4622299194336 76.2322336832682 76.0444712320964 75.8486882527669 75.6645222981771 75.548383585612 75.4301127115885 75.3321273803711 75.3498926798503 75.317909749349 75.3456059773763 75.539789835612 75.6536900838216 75.7679051717122 75.8686676025391 76.068564860026 76.2773427327474
-9999 -9999 -9999 -9999 -9999 -9999 -9999 -9999 -9999 -9999 -9999 -9999 -9999 -9999 -9999 -9999 -9999 -9999 -9999 -9999 -9999 82.2243525187175 81.8526234944661 81.5174524943034 81.143994140625 80.8238886515299 80.4358210245768 80.0430816650391 79.606462097168 79.2193842569987 78.8600194295247 78.5206446329753 78.1207280476888 77.7781962076823 77.4269907633464 77.1398361206055 76.9217585245768 76.6719863891602 76.4536026000977 76.2346038818359 76.0991984049479 75.9102422078451 75.7757288614909 75.6631322224935 75.6140167236328 75.6308059692383 75.753358968099 75.681879679362 75.8791687011719 75.9673853556315 76.0168131510417 76.1726857503255 76.3662750244141 76.5846227010091
