ET0/medie/MEDIA_ET0_05.asc
NCOLS 177 
NROWS 174 
XLLCORNER 1436301.375 
YLLCORNER 4916704.5 
CELLSIZE 1500 
NODATA_value -9999 
[rows 78 to 103 of 174, columns 0 to 58 of 177]
0 0 0 0 0 0 0 0 0 0 0 0 0 0 0 0 0 0 0 0 0 0 0 0 99.4906941731771 98.8495814005534 98.1287312825521 97.6196228027344 97.0246520996094 96.4979019165039 95.8468185424805 95.5618413289388 94.6998352050781 94.3607706705729 94.2503794352213 93.7476404825846 93.2766535441081 92.9968973795573 92.5638422648112 92.1079188028971 91.6586329142253 91.4020477294922 90.9822352091471 90.6511210123698 90.2486963907878 89.8354227701823 89.5914001464844 89.3794459025065 89.1821233113607 88.8077768961589 88.7613555908203 88.4873306274414 88.8674504597982 88.1257624308268 88.7615086873372 87.9218673706055 87.8022735595703 87.7601181030273 87.573573811849
0 0 0 0 0 0 0 0 0 0 0 0 0 0 0 0 0 0 0 0 0 0 0 0 99.5160456339518 98.8107396443685 98.2004465738932 97.5962341308594 96.9995203653971 96.3984675089518 95.8795130411784 95.1963902791341 94.1930302937826 94.0003173828125 93.9175674438477 93.8167297363281 93.1830683390299 92.8959264119466 92.450287882487 91.9778259277344 91.5768051147461 91.213644917806 90.8278238932292 90.4532287597656 90.1740966796875 89.7840662638346 89.5397384643555 89.3424346923828 89.1152008056641 88.7649973551432 88.7521499633789 88.7866846720378 88.8766128540039 88.7037348429362 88.7342661539713 88.0587763468424 87.7979838053385 87.7056864420573 87.622732035319
0 0 0 0 0 0 0 0 0 0 0 0 0 0 0 0 0 0 0 0 0 0 0 0 0 0 98.2153213500977 97.5427708943685 96.9689173380534 96.3338175455729 95.8332412719727 94.4352315266927 93.3155069986979 93.8285430908203 93.8617380777995 93.7461273193359 93.3527709960938 92.8189259847005 92.4803822835286 92.0458460489909 91.5609670003255 91.1186976114909 90.773762512207 90.477175394694 90.0949412027995 89.7579284667969 89.5008926391602 89.3082280476888 89.0504740397135 89.0334966023763 89.2181767781576 89.13251953125 88.8323440551758 88.7829010009766 88.7318664550781 88.0960601806641 87.7780609130859 87.6440785725911 87.5863128662109
0 0 0 0 0 0 0 0 0 0 0 0 0 0 0 0 0 0 0 0 0 0 0 0 0 0 98.4207799275716 97.5335199991862 96.9197118123372 96.3049794514974 95.787592569987 94.270225016276 94.0825281778971 94.0510050455729 93.9593658447266 93.5766423543294 93.1425069173177 92.8174942016602 92.4343510945638 92.0282836914062 91.6471923828125 91.249543762207 90.7879409790039 90.4289581298828 90.0984074910482 89.7941192626953 89.5460830688477 89.3125 89.0624526977539 89.1386235555013 88.9331329345703 88.9416422526042 88.8681991577148 88.5976308186849 88.4041442871094 88.3213948567708 88.0411280314128 87.9064097086589 87.6437535603841
0 0 0 0 0 0 0 0 0 0 0 0 0 0 0 0 0 0 0 0 0 0 0 0 0 99.2456207275391 98.4083679199219 97.5730845133464 96.909982808431 96.3201649983724 95.8052871704102 95.063178507487 94.7923426310221 94.3525487263997 93.997477722168 93.4809727986654 92.9612970987956 92.6214782714844 92.4596160888672 92.0273478190104 91.6311345418294 91.2503489176432 90.7977910359701 90.466313680013 90.0820114135742 89.8973932902018 89.5544245402018 89.3207183837891 89.0986643473307 89.1473037719727 89.1915145874023 89.0906290690104 89.009033203125 88.8782012939453 88.6140299479167 88.4302510579427 88.2818384806315 87.89564259847 87.8221852620443
0 0 0 0 0 0 0 0 0 0 0 0 0 0 0 0 0 0 0 0 0 0 0 0 0 99.3742609659831 98.6181722005208 97.6367462158203 96.9845581054688 96.3652013142904 95.862922668457 95.3271987915039 94.8607727050781 94.3871012369792 93.535508219401 92.579128519694 92.525959777832 92.2239329020182 92.1590962727865 92.060519917806 91.6258509318034 91.2385569254557 90.8345830281576 90.4962921142578 90.1161748250326 89.842197672526 89.689919535319 89.3982671101888 89.1476455688477 89.1736740112305 89.334824625651 89.1134567260742 88.8348785400391 88.7053080240885 88.843989054362 88.8597574869792 88.8104985555013 87.9964401245117 87.910536702474
0 0 0 0 0 0 0 0 0 0 0 0 0 0 0 0 0 0 0 0 0 0 0 0 0 0 98.7944859822591 98.0628067016602 97.130913289388 96.4966456095378 95.9833145141602 95.4229563395182 94.9126856486003 94.5645528157552 93.4443181355794 92.5979675292969 92.2654825846354 91.769032796224 91.538080851237 91.6821177164714 91.7389979044596 91.3257680257161 90.9792846679688 90.5792353312174 90.1860193888346 89.9160827636719 89.819086710612 89.4776163736979 89.3075795491536 89.2985193888346 89.3221750895182 88.9630747477214 88.7525416056315 88.9909830729167 88.568798828125 88.5539672851562 88.8612401326497 88.4613118489583 88.1130788167318
0 0 0 0 0 0 0 0 0 0 0 0 0 0 0 0 0 0 0 0 0 0 0 0 0 0 0 98.2786427815755 97.283745320638 96.6619995117187 96.0538401285807 95.5199961344401 95.0728261311849 94.58363087972 93.980680847168 93.5840321858724 93.0252736409505 92.4543802897135 91.0851374308268 91.5005839029948 91.6895141601562 91.4667521158854 91.0864059448242 90.7685562133789 90.4780695597331 90.1331024169922 89.8188369750977 89.6595306396484 89.4836435953776 89.4348612467448 89.295139058431 89.1018137613932 88.8475779215495 88.7988372802734 88.9971562703451 88.4488891601563 88.8408543904622 89.0196350097656 88.7533014933268
0 0 0 0 0 0 0 0 0 0 0 0 0 0 0 0 0 0 0 0 0 0 0 0 0 0 0 98.5748825073242 97.4715148925781 96.8371287027995 96.1619252522786 95.6701212565104 95.2029276529948 94.720937093099 94.231699625651 93.8534154256185 93.4806442260742 92.7737762451172 92.0729146321615 91.6501770019531 91.7777170817057 91.6003865559896 91.2248769124349 90.8891413370768 90.6272603352865 90.1703796386719 89.94990234375 89.826616414388 89.6197891235352 89.4894332885742 89.3046045939128 89.3379872639974 89.0203837076823 88.8760335286458 88.958701578776 89.0128082275391 88.937223815918 89.0980499267578 88.8401789347331
0 0 0 0 0 0 0 0 0 0 0 0 0 0 0 0 0 0 0 0 0 0 0 0 0 0 0 98.7620290120443 97.6306711832682 97.0435770670573 96.4390604654948 95.8414357503255 95.339794921875 94.8667404174805 94.3552714029948 93.9932525634766 93.620176188151 93.2428833007812 92.8007044474284 92.1431289672852 91.7967041015625 91.7869806925456 91.4245895385742 91.0451334635417 90.7476465861003 90.4710271199544 90.2431991577148 89.9608317057292 89.6830718994141 89.4714375813802 89.3780359903971 89.2863998413086 89.2904586791992 89.2860595703125 89.2209615071615 89.1114603678385 89.1841954549154 89.1085912068685 89.0931874593099
0 0 0 0 0 0 0 0 0 0 0 0 0 0 0 0 0 0 0 0 0 0 0 0 0 0 0 98.904286702474 97.8357157389323 97.1260848999023 96.5408106486003 96.0586558024089 95.5415700276693 95.0600596110026 94.5879994710287 94.1449518839518 93.7803344726562 93.4336741129557 93.0311711629232 92.6744654337565 91.9988001505534 91.8228968302409 91.6438812255859 91.3185826619466 91.0257074991862 90.7290995279948 90.3898427327474 90.1702885945638 89.870578511556 89.5817901611328 89.6317123413086 89.2077128092448 89.0242838541667 89.2883127848307 89.103488667806 88.7665196736654 89.299760945638 89.4308476765951 89.1143091837565
0 0 0 0 0 0 0 0 0 0 0 0 0 0 0 0 0 0 0 0 0 0 0 0 0 0 0 99.0948542277018 98.3434107462565 97.414680480957 96.7958669026693 96.2891555786133 95.8544784545898 95.3039052327474 94.7970779418945 94.3598439534505 93.9763244628906 93.5813379923503 93.2346018473307 92.8683339436849 92.5375518798828 92.2216115315755 91.9108342488607 91.3794286092122 90.9495936075846 90.6915354410807 90.446034749349 90.2298187255859 90.0857487996419 89.7263122558594 89.7435190836589 89.3044275919596 89.414394124349 89.0967173258464 88.6425699869792 88.6149113972982 88.7967997233073 89.540305074056 89.4359237670898
0 0 0 0 0 0 0 0 0 0 0 0 0 0 0 0 0 0 0 0 0 0 0 0 0 0 0 0 98.7513381958008 98.137043762207 97.1576319376628 96.6208506266276 96.0666798909505 95.5760360717773 95.039501953125 94.6434066772461 94.2816497802734 93.8419403076172 93.4821889241536 93.1168986002604 92.7727300008138 92.4341842651367 92.0941294352213 91.4480428059896 91.176741027832 90.8119369506836 90.6396052042643 90.3964243570964 90.2008483886719 90.019612121582 89.7567657470703 89.5341461181641 89.2310928344727 89.4339335123698 89.1132436116536 88.7275705973307 89.4541798909505 89.7184224446615 89.5178771972656
0 0 0 0 0 0 0 0 0 0 0 0 0 0 0 0 0 0 0 0 0 0 0 0 0 0 0 0 99.1469197591146 98.5135737101237 97.8409444173177 97.062880452474 96.3843658447266 95.8398071289062 95.4079742431641 94.9378992716471 94.4947937011719 94.1014266967773 93.7082799275716 93.3227284749349 92.9889836629232 92.6716730753581 92.2911727905273 91.9398813883464 91.3726247151693 91.3110214233398 90.9699162801107 90.5839640299479 90.3225321451823 90.0402872721354 88.8567565917969 88.7796427408854 88.673046875 88.7052007039388 88.8024185180664 89.3203130086263 89.9441065470378 89.7562561035156 89.6189188639323
0 0 0 0 0 0 0 0 0 0 0 0 0 0 0 0 0 0 0 0 0 0 0 0 0 0 0 0 99.1170099894206 98.8982681274414 98.3831822713216 97.6722910563151 96.9089757283529 96.2902465820312 95.7500208536784 95.269016011556 94.8122441609701 94.4269465128581 93.9999053955078 93.5838434855143 93.2381698608398 92.8703633626302 92.5263727823893 92.1656885782878 91.8336329142253 91.4787287394206 91.2169413248698 90.9375274658203 90.4036326090495 90.0722178141276 89.0332061767578 88.8697301228841 88.8408350626628 89.0007303873698 89.0282699584961 89.5462748209635 90.0111541748047 89.8649510701497 89.8257405598958
0 0 0 0 0 0 0 0 0 0 0 0 0 0 0 0 0 0 0 0 0 0 0 0 0 0 0 0 0 0 98.626176961263 98.0291193644206 97.4096552530925 96.7889780680339 96.0029098510742 95.5166295369466 95.055891418457 94.6576126098633 94.2048914591471 93.8220520019531 93.4833658854167 93.1646581013997 92.7452850341797 92.3763524373372 92.0562815348307 91.6502370198568 91.3490529378255 91.0920572916667 90.6388193766276 89.7448928833008 89.1888127644857 89.0784866333008 89.0509333292643 89.1710006713867 89.228483581543 89.627614847819 90.2366185506185 90.1750813802083 90.2735260009766
0 0 0 0 0 0 0 0 0 0 0 0 0 0 0 0 0 0 0 0 0 0 0 0 0 0 0 0 0 0 0 0 97.7796132405599 97.226230875651 96.3400904337565 95.8398086547852 95.3658309936523 94.8917297363281 94.4661193847656 94.1242741902669 93.7214162190755 93.4152308146159 93.0532587687174 92.5863728841146 92.1699518839518 91.8459788004557 91.60023244222 91.3149291992188 90.8486445109049 90.1439651489258 89.4637802124023 89.3670420328776 89.338840230306 89.3426427205404 89.4726796468099 90.1809880574544 90.4679885864258 90.3844207763672 90.4113677978516
0 0 0 0 0 0 0 0 0 0 0 0 0 0 0 0 0 0 0 0 0 0 0 0 0 0 0 0 0 0 0 0 98.1394297281901 97.5864969889323 96.8138966878255 96.1014684041341 95.6429499308268 95.2109176635742 94.7708709716797 94.3829772949219 93.9589228312174 93.6517929077148 93.2858133951823 92.7612386067708 92.4052261352539 92.1064076741536 91.8630187988281 91.2485911051432 90.473073832194 89.7524098714193 89.6783203125 89.6049290974935 89.6076705932617 89.6507568359375 89.7137288411458 90.625553894043 90.8658950805664 90.7159596761068 90.7302495320638
0 0 0 0 0 0 0 0 0 0 0 0 0 0 0 0 0 0 0 0 0 0 0 0 0 0 0 0 0 0 0 0 98.3896153767904 97.8952891031901 97.2867670694987 96.6866383870443 95.9970189412435 95.4923583984375 95.0394602457682 94.6580266316732 94.2425094604492 93.8647099812826 93.469374593099 93.0410903930664 92.7053314208984 92.3671961466471 92.1261199951172 91.499631245931 90.6162129720052 90.1795333862305 90.0225814819336 89.9541580200195 89.9106836954753 89.9396438598633 90.0062484741211 90.9833775838216 91.170063273112 91.0891967773437 91.0992548624674
0 0 0 0 0 0 0 0 0 0 0 0 0 0 0 0 0 0 0 0 0 0 0 0 0 0 0 0 0 0 0 0 0 98.1352518717448 97.6169225056966 96.9896204630534 96.2382303873698 95.7927118937175 95.3157099405924 94.8934641520182 94.5000681559245 94.065939839681 93.6645126342773 93.2962148030599 93.0099497477214 92.7199071248372 92.3306198120117 91.7927444458008 91.4497467041016 91.2870422363281 91.3998107910156 91.0903986612956 91.1101679484049 91.2759526570638 91.2882776896159 91.306608581543 91.4256891886393 91.4855377197266 91.5584788004557
0 0 0 0 0 0 0 0 0 0 0 0 0 0 0 0 0 0 0 0 0 0 0 0 0 0 0 0 0 0 0 0 0 98.349794514974 97.9288192749023 97.2659332275391 96.5815053304036 95.9856669108073 95.5120661417643 95.0803187052409 94.6668599446615 94.2523473103841 93.8651433308919 93.5124806722005 93.2452382405599 92.9604070027669 92.6764872233073 92.1680013020833 91.9549713134766 91.9359491984049 92.0702931722005 91.9825215657552 91.9443522135417 91.8352142333984 91.839311726888 91.8762812296549 91.8375259399414 91.9090962727865 92.0524190266927
0 0 0 0 0 0 0 0 0 0 0 0 0 0 0 0 0 0 0 0 0 0 0 0 0 0 0 0 0 0 0 0 0 0 98.1260381062826 97.4158538818359 96.851703898112 96.1866500854492 95.6453465779622 95.1393173217773 94.8347910563151 94.4345611572266 94.0876693725586 93.7254694620768 93.4470418294271 93.2131907145182 93.0655100504557 92.8360539754232 92.6737701416016 92.5292912801107 92.3789835611979 92.3493347167969 92.2541102091471 92.2345987955729 92.2029983520508 92.2699839274089 92.2453155517578 92.2826695760091 92.4115575154622
0 0 0 0 0 0 0 0 0 0 0 0 0 0 0 0 0 0 0 0 0 0 0 0 0 0 0 0 0 0 100.557032775879 99.7533620198568 99.1039586385091 98.555214436849 98.2669204711914 97.670524597168 97.1023086547852 96.5302769978841 95.8596420288086 95.4250742594401 95.0191385904948 94.6986246744792 94.3666112263997 94.0183263142904 93.703933207194 93.5268727620443 93.3149658203125 93.1717849731445 93.0066126505534 92.9099034627279 92.7838628133138 92.6944920857747 92.6795257568359 92.6715092976888 92.6917587280273 92.6759028116862 92.5978958129883 92.667812093099 92.7776926676432
0 0 0 0 0 0 0 0 0 0 0 0 0 0 0 0 0 0 0 0 0 0 0 0 0 0 0 0 102.117930603027 101.441668701172 100.736894734701 99.9835184733073 99.2194742838542 98.7355336507161 98.4810658772787 97.8186650594076 97.2740280151367 96.8015614827474 96.1637700398763 95.6013753255208 95.2343877156575 94.8855422973633 94.5739491780599 94.3052419026693 94.0116587320964 93.7613413492839 93.6479573567708 93.4573145548503 93.3334899902344 93.1954294840495 93.1043685913086 93.0798304239909 93.1038533528646 93.0140970865885 92.9942342122396 92.9555969238281 93.0174825032552 93.0955642700195 93.1368581136068
0 0 0 0 0 0 0 0 0 0 0 0 0 0 0 0 0 0 0 0 0 0 106.278827412923 105.559688313802 0 0 0 0 102.313995869954 101.640236918132 100.936655680339 100.232417297363 99.4552190144857 98.9216023763021 98.4757578531901 98.0765635172526 97.5652338663737 96.9881317138672 96.5212448120117 95.858039855957 95.411159769694 95.088432820638 94.781413269043 94.6181696573893 94.3451171875 94.0898727416992 93.9312652587891 93.7520111083984 93.6516626993815 93.6425974527995 93.4911936442057 93.4618718465169 93.4032135009766 93.3873240152995 93.344086710612 93.3751383463542 93.3974268595378 93.4510426839193 93.5067555745443
0 0 0 0 0 0 0 0 0 0 0 0 0 0 0 0 0 0 108.857867431641 108.343071492513 107.761188252767 107.142869059245 106.523702494303 105.887515258789 0 0 0 0 0 101.826401265462 101.136616007487 100.402986653646 99.7298187255859 98.9991795857747 98.4065338134766 98.2396840413411 97.7286117553711 97.226133219401 96.7421203613281 96.1848358154297 95.5817276000977 95.2580006917318 94.9612477620443 94.7347407023112 94.4968963623047 94.3438924153646 94.2369476318359 94.107470703125 94.0234151204427 93.9849939982096 93.8434305826823 93.8553095499674 93.7781936645508 93.6590204874674 93.6585220336914 93.6989176432292 93.7096959431966 93.8301625569661 93.8738881429037
