ET0/medie/MEDIA_ET0_08.asc
NCOLS 177 
NROWS 174 
XLLCORNER 1436301.375 
YLLCORNER 4916704.5 
CELLSIZE 1500 
NODATA_value -9999 
[rows 26 to 51 of 174, columns 59 to 117 of 177]
80.8443405151367 92.2573745727539 90.5350341796875 77.4405703226725 77.6089818318685 71.4350290934245 75.2979466756185 73.1277112325033 0 0 0 0 0 0 0 0 0 0 0 0 0 0 0 0 0 0 0 0 0 0 0 0 0 0 0 0 0 0 0 0 0 65.0787813822428 63.1559504191081 61.5401262919108 61.6809051513672 61.4646845499675 61.2414670308431 66.3756637573242 73.4749483744303 69.7306315104167 62.926309967041 63.0759246826172 73.7374801635742 97.3200098673503 74.7943285624186 63.6903139750163 61.4178555806478 62.5853340148926 61.8260223388672
76.7775767008464 89.6435272216797 96.5814448038737 81.8526056925456 77.4769686381022 72.7800219217936 74.2569333394369 69.1612810770671 73.6858029683431 0 0 0 0 0 0 0 0 0 0 0 0 0 0 0 0 0 0 0 61.2747756958008 56.2428614298503 60.2054946899414 55.8923060099284 57.2510314941406 59.2879875183105 0 0 0 0 0 0 0 61.9047454833984 65.5488677978516 62.7043309529622 62.6007776896159 66.5485188802083 70.3948911031087 79.9964014689128 71.9363899230957 63.5035245259603 60.6850285847982 61.5506716410319 74.6621721903483 98.9283386230469 77.0076471964518 61.6245613098145 66.2242151896159 72.9550982157389 68.5263882954915
80.6038396199544 86.6745096842448 99.7356959025065 85.6165379842122 81.7906168619792 76.5122701009115 76.7832819620768 80.4168037414551 75.3405891418457 77.2107971191406 0 0 0 0 0 0 0 0 0 0 0 0 0 0 0 0 61.9371022542318 62.9651598612467 63.8992421468099 64.042985534668 61.8812166849772 60.5617375691732 60.5206095377604 60.4812166849772 60.2464215596517 0 0 0 0 0 62.3810808817546 63.0712440490723 68.5262082417806 65.2906506856283 61.9139935811361 62.2850390116374 62.7429359436035 69.2583246866862 75.7593391418457 63.9066492716471 66.9452028910319 67.4416928609212 74.6182876586914 99.3298187255859 75.7156870524089 66.0015225728353 74.8022440592448 63.1706830342611 62.191018931071
91.6338063557943 94.9414347330729 98.1999877929688 90.3395319620768 84.3372645060221 88.6886739095052 85.9501754760742 86.2048400878906 84.6292780558268 82.2143814086914 86.6557032267253 0 0 0 0 0 0 0 0 0 0 68.997757212321 65.1566889444987 65.0613967895508 63.4308130900065 65.2875231424967 62.1273724873861 62.4633138020833 65.1310287475586 68.081462097168 63.414252726237 61.8720403035482 64.6441169738769 64.3312220255534 61.9649803161621 0 0 0 0 0 64.0469960530599 64.7097732543945 72.8016456604004 63.217699432373 64.0896095275879 63.0551025390625 63.0922991434733 78.1704877217611 81.0671292622884 68.965453338623 86.965705871582 87.9740697224935 80.354027557373 98.2012619018555 84.0461364746094 75.8313941955566 64.557940419515 61.5921346028646 62.8716069539388
83.7854329427083 87.875597635905 98.2528081258138 96.1197504679362 95.7487401326497 101.693813578288 97.9345815022786 95.5651428222656 97.5070215861003 96.5541122436523 98.8508092244466 0 0 0 0 0 0 0 0 0 68.7854436238607 66.739341990153 74.6103388468425 66.8656478881836 66.9975852966309 75.7425755818685 68.1373199462891 68.8663164774577 65.9100296020508 69.5189074198405 64.7700325012207 64.0140027364095 66.8104634602865 68.4370737711589 63.6421991984049 0 0 0 0 0 63.1289171854655 64.0841758728027 69.8165969848633 75.5047780354818 76.3824620564779 82.0595263163249 76.5624300638835 76.5205518086751 80.3378051757813 63.4334363301595 83.3815877278646 98.8147710164388 100.311977640788 91.1977986653646 69.4326065063477 63.0828333536784 62.4910649617513 61.436051940918 64.7411768595378
82.3867833455404 88.2157180786133 94.6190831502279 102.948483784993 104.676392110189 98.2229883829753 100.133513895671 97.2940093994141 93.8464782714844 94.1424840291341 91.8953018188477 87.5506790161133 0 0 0 0 0 0 0 0 67.7073605855306 67.4482198079427 75.5826047261556 78.5600886027018 85.8324559529622 85.6657480875651 79.6833315531413 71.6577191670736 64.4754908243815 73.2881795247396 70.9932594299316 61.9106096903483 73.3226196289063 69.7214225769043 64.0842864990234 65.4940134684245 0 0 0 0 0 62.7001215616862 63.020140838623 68.7036692301432 63.7600799560547 73.6739283243815 76.7743370056152 84.8530385335286 83.1777402242025 83.1503931681315 100.681313578288 93.4313593546549 83.5855377197266 88.619069925944 75.3228177388509 64.6234026590983 69.0355189005534 61.7105224609375 62.2240297953288
89.8524169921875 94.5549809773763 99.597385152181 105.805954996745 102.292252604167 92.859001159668 90.3668543497721 85.5097473144531 86.3759068806966 79.9012168884277 80.5539520263672 79.1479654947917 71.534385172526 76.9181396484375 0 0 0 0 0 0 62.7837732950846 66.5470532735189 73.7450996398926 81.2675181070964 72.3279711405436 78.0126841227214 89.6454111735026 83.586843363444 74.536284383138 72.1637621561686 76.6246660868327 74.4698239644369 67.4811950683594 65.3049240112305 64.0725547790527 65.5013765970866 0 0 0 0 0 68.7317942301432 61.9050488789876 62.7449671427409 64.7978345235189 62.4287679036458 66.1066004435221 83.0728591918945 94.9829416910807 103.263026428223 98.5210957845052 74.0782903035482 67.7593643188477 65.2044146219889 62.2159388224284 66.5467966715495 65.5435864766439 62.9412562052409 62.1580187479655
88.0554967244466 93.895398457845 103.896155802409 106.409360249837 96.7106307983398 93.6232594807943 91.0654108683268 76.6369761149088 82.5370208740234 77.424205271403 73.5220502217611 77.395575205485 77.3759925842285 69.3890960693359 66.6888801574707 66.8676279703776 69.7575757344564 67.626096089681 68.6575950622559 63.7094874064128 62.1504534403483 69.7440256754557 72.7190948486328 72.3868759155273 69.3630414326986 70.9419438680013 79.1688557942708 87.2205403645833 73.9597941080729 70.9644129435221 85.601589457194 74.1618693033854 69.2119555155436 66.6532590230306 63.1753565470378 64.2668637593587 0 0 0 0 0 0 62.5378733317057 61.9481981913249 65.869145711263 61.6378761291504 65.4455462137858 76.7387168884277 99.1098612467448 97.1239878336589 80.9730181376139 64.3064214070638 61.0232772827148 61.4279301961263 61.7239285786947 69.3330528259277 67.1073020935059 62.5970680236816 69.2204264322917
86.7525293986003 96.4742101033529 102.241593424479 106.892708333333 104.627545166016 92.2590199788412 79.3599466959635 76.294096883138 78.6634979248047 75.831371307373 77.7016326904297 88.146928914388 73.5577270507813 71.8497077941895 75.0166498819987 67.8260592142741 70.1986869812012 72.1133425394694 74.4330993652344 71.9288469950358 69.3940717061361 65.1277783711751 65.2062527974447 67.9131543477376 67.0839627583822 67.8039833068848 75.303854115804 94.6207580566406 89.9546412150065 91.8874430338542 86.3297831217448 70.9676020304362 68.8777361551921 62.7622011820475 62.0053957621257 63.1191218058268 63.8369122823079 66.3143544514974 0 0 0 0 0 62.2086161295573 61.5048700968424 61.709947458903 72.8960141499837 89.7427388509115 103.860555013021 94.1725667317708 74.9207842508952 63.4372856140137 61.6636764526367 63.6254386901855 64.4179799397786 80.2106379191081 64.6883906046549 63.0452278137207 73.8814104715983
96.1671188354492 91.4987467447917 96.2032043457031 106.489213053385 106.731332906087 94.7718933105469 83.6640340169271 81.2184043884277 88.0218805948893 89.2495981852214 90.8350433349609 87.7049845377604 76.1724250793457 75.6645141601562 76.8902119954427 73.3399859110514 77.3952273050944 78.0976992289225 87.297575378418 84.7693232218424 72.725035349528 64.4371704101563 61.629372660319 65.2365061442057 66.5165733337402 71.7277150472005 84.1042592366536 95.6444381713867 93.803092956543 88.0782953898112 75.2627909342448 66.3167404174805 66.2529568990072 64.9789784749349 64.5006871541341 69.063417561849 78.0279042561849 65.8394111633301 64.6221048990885 0 0 0 0 0 62.1651784261068 65.2118677775065 75.5963651021322 98.3101928710937 104.844560241699 91.4289581298828 75.3609250386556 63.4672843933105 65.4761469523112 65.2956425984701 71.4517593383789 81.9042566935221 74.1196619669596 71.1549944559733 77.3886385599772
94.0837865193685 89.0263590494792 96.8456125895182 102.365236918132 106.562075297038 106.129854838053 96.2030370076497 88.174006652832 93.8328155517578 83.0837221781413 80.2674260457357 81.2450653076172 72.6257199605306 80.0822074890137 86.0494084676107 81.0449607849121 91.470920308431 91.4147226969401 80.4607042948405 73.2779202779134 67.8648742675781 68.5586657206217 66.8123555501302 67.2228675842285 69.5480522155762 75.114038848877 84.1661148071289 96.5952458699544 82.0242645263672 71.4164695739746 66.6958697001139 70.8494356791178 69.0102129618327 63.5950698852539 63.5700241088867 64.9609703063965 79.743606821696 64.3158528645833 63.1440111796061 0 0 0 0 72.7234036763509 69.251247660319 72.2147173563639 91.8366846720378 104.827024332682 102.167499796549 87.9270492553711 71.8320836385091 73.3110582987467 66.4495455423991 69.4140965779622 72.3474909464518 87.6512685139974 88.2453216552734 89.919379679362 92.709250386556
84.0608016967773 85.0586903889974 88.0775344848633 96.6587285359701 106.262188212077 106.376940917969 99.7275207519531 88.4519271850586 94.069053141276 86.8705088297526 76.57517674764 69.4168881734212 71.828746287028 79.8062026977539 87.8751770019531 92.5235310872396 92.9090535481771 74.6835924784342 71.0867630004883 70.7483876546224 73.5479064941406 68.6717366536458 68.6890235900879 73.8028750101725 74.5095682779948 80.0304707845052 88.6772430419922 95.5059137980143 92.1171447753906 76.6506523132324 76.6217521667481 66.5328539530436 65.2269681294759 63.2832489013672 65.9117296854655 68.0477444966634 81.7233024597168 64.6307825724284 64.1918368021647 0 0 0 102.456477864583 86.9875768025716 89.1221883138021 95.8209645589193 104.718702189128 104.135700480143 90.4590449015299 73.4095957438151 63.2773852030436 78.1059682210286 68.9386207580566 78.0379938761393 93.0456461588542 94.9039057413737 80.9159795125326 77.0441749572754 75.0590672810872
80.0213556925456 82.0624053955078 85.2036229451497 95.1375666300456 98.5892054239909 105.811727396647 105.785513305664 95.4879455566406 92.9310307820638 81.2020589192708 72.9812489827474 74.4116806030273 69.5387046813965 70.7871907552083 75.6986653645833 74.6946294148763 93.0316864013672 79.8842778523763 84.1550361633301 79.959105682373 72.6117604573568 70.299959564209 70.9486671447754 69.1413642883301 69.8809885660807 72.7119468688965 76.3590784708659 93.1287562052409 94.0312535603841 70.1242360432943 86.1354563395182 65.8247177124023 67.2103652954102 66.2443397521973 65.3382987976074 72.8629114786784 72.4653170267741 64.0891270955404 63.756113688151 66.0327028910319 66.9892130533854 74.3356292724609 92.5980458577474 104.484990946452 104.77984975179 101.601667277018 99.182883199056 93.4186604817708 76.7830024719238 64.5517344156901 62.3236999511719 78.4064898173014 84.5877456665039 97.1498402913411 85.1756393432617 73.6631586710612 81.4303855895996 67.2024302164714 67.6889640808105
88.7546920776367 83.1506301879883 82.4708302815755 85.180083211263 87.0888987223307 95.0588251749675 101.201476033529 104.478103129069 92.709250386556 84.0471603393555 82.0575813293457 81.6165303548177 73.4100423177083 75.3023048400879 74.5103866577148 78.4193562825521 91.9826985677083 91.282899983724 79.5794212341309 75.6628178914388 74.6251708984375 73.0609464009603 70.5484077453613 72.8283373514811 75.3883331298828 70.930403137207 70.1667320251465 80.8490104675293 96.6742263793945 89.8470606486003 80.8907035827637 72.1751991271973 69.8174725850423 74.8582120259603 68.8992098490397 86.4059331258138 79.6481104532878 66.0661003112793 75.8673110961914 70.9062510172526 87.4049728393555 91.5295588175456 104.203042093913 104.461988830566 101.582239278158 89.8649922688802 93.8409922281901 72.7492396036784 68.2712514241536 64.2901611328125 66.6671071370443 83.0997578938802 86.6371358235677 97.992236328125 81.6321685791016 68.8807416280111 79.6735310872396 61.8982289632161 62.4011372884115
94.1295542399089 88.4356801350911 90.0560053507487 91.8816024780273 91.886398824056 99.4578531901042 105.162177022298 104.067742411296 93.1476084391276 91.4224522908529 83.3271202087402 77.5633005777995 72.4190259297689 72.1293446858724 80.4991915384928 88.1276880900065 93.355534362793 85.2591807047526 88.0694666544596 86.8153528849284 91.4058029174805 85.5427571614583 88.5769729614258 87.9879384358724 83.6443405151367 76.7531715393066 71.0068799336751 80.165944925944 96.565690612793 94.1110911051432 81.7164154052734 81.0687527974447 87.6882858276367 92.1084197998047 88.1536397298177 96.7371958414713 74.7369720458984 75.1297843933105 81.0087374369303 89.4219645182292 96.3835601806641 103.173667399089 104.134694417318 91.8261327107747 81.381204477946 72.1945528666178 67.9368883768717 69.3038235982259 76.2991058349609 66.2188784281413 72.7397476196289 73.7530446370443 86.1447072347005 94.4590265909831 75.5946965535482 65.0329083760579 65.0261624654134 63.2829653422038 62.1086461385091
98.7564666748047 94.8576985677083 95.5562489827474 97.0955500284831 96.1422088623047 104.662359619141 104.563021850586 94.1279846191406 89.2784515380859 78.5939153035482 76.1315780639648 74.4674964904785 74.0792966206868 78.0393308003743 78.8567242940267 90.1817901611328 91.2178817749023 92.9193425496419 93.9966110229492 94.0893829345703 94.2284138997396 90.5483652750651 93.2508514404297 92.085068766276 91.8516082763672 90.2272816975912 91.0380971272786 91.2923436482747 99.3671717325846 95.5006490071615 95.9761942545573 94.8722885131836 95.0248270670573 96.2488627115885 96.3951716105143 97.327956644694 92.2757736206055 89.1005040486654 89.2603764851888 94.2750305175781 102.930796305339 104.036023966471 99.7136810302734 90.4991999308268 75.3379679361979 71.7732274373372 73.7175407409668 72.7907363891602 81.3067095438639 91.5772527058919 91.5455423990885 97.6579147338867 101.787531026204 95.3236094156901 76.4880872090658 64.2112101236979 67.8916727701823 62.023811340332 62.1100031534831
101.366086324056 97.4698969523112 101.01153717041 104.638344319661 104.354502360026 104.35019938151 102.809866841634 90.8034591674805 89.304177347819 87.6043329874674 85.3193583170573 86.8127817789714 81.1189834594727 86.4044448852539 89.2978190104167 91.6658284505208 94.1972162882487 102.013196309408 102.91863861084 102.873843892415 103.068735758464 100.443613179525 99.30400390625 99.1290252685547 99.0230077107747 100.19600575765 95.0866892496745 97.3906916300456 103.95928700765 104.138539123535 104.269512430827 104.587786865234 103.548615010579 101.384612019857 101.88398844401 103.084710184733 99.7676361083984 96.1225463867188 96.7940638224284 97.7210800170898 103.545908610026 101.596423339844 92.982373046875 86.1281829833984 84.6293579101562 86.7457733154297 94.4795450846354 95.109662882487 96.0257685343424 95.8466100056966 94.8897237141927 94.4863657633464 94.7699498494466 103.05394337972 86.9146194458008 77.3967361450195 61.6951950073242 61.6181788126628 62.1990036010742
101.411424763997 102.51235555013 104.886318969727 104.598064676921 104.391740926107 104.04112294515 98.9236989339193 99.0038859049479 97.6670761108398 96.7551142374675 95.2837890625 94.8979995727539 91.1367451985677 91.1347081502279 93.9968032836914 93.8551005045573 95.3126388549805 101.704838562012 97.9762990315755 101.148510233561 99.6943374633789 102.389457702637 102.781210327148 102.957098897298 103.031815592448 102.944104512533 103.021784973145 102.17877146403 101.841498819987 100.669347635905 100.314472452799 98.2779780069987 101.885474141439 100.427331542969 100.739697265625 100.870792134603 102.658180236816 102.793192545573 102.849574279785 102.764883422852 99.8716323852539 90.9133036295573 84.1532867431641 89.3963053385417 86.5690241495768 80.5021608988444 86.8932520548503 81.4886695861816 78.8110605875651 72.1454917907715 75.8768872578939 78.7154708862305 94.4219156901042 102.37706044515 87.5891901652018 68.422275797526 62.5556668599447 62.4258580525716 63.034494527181
105.216985066732 104.882565816243 104.653170267741 103.634740702311 103.977911885579 103.638835652669 103.727474975586 103.536726888021 103.286770629883 103.077593485514 102.911481221517 102.421229553223 100.755387878418 101.893922932943 101.489667765299 101.2109278361 99.7850346883138 91.8298700968424 91.2876912434896 87.1282023111979 87.7419448852539 92.4653884887695 95.5102355957031 95.9501052856445 93.6934285481771 93.819980875651 95.1602518717448 93.9446014404297 92.7192545572917 91.5986104329427 92.012196858724 90.6214375813802 92.1694829305013 90.3448918660482 90.8981282552083 91.4754674275716 94.4899454752604 96.2578455607096 90.9703648885091 91.4081247965495 88.9062876383464 90.0421005249023 79.6583363850911 75.6756022135417 68.5207862854004 75.0634997049967 82.0718157450358 67.083900197347 63.2727409362793 65.1956209818522 68.422048441569 83.9969863891602 99.7866566975911 99.7813598632813 87.1592758178711 82.9379366556803 64.8457356770833 67.6516937255859 63.8241727193197
105.033511352539 104.708852132161 104.108801778158 101.776324971517 99.8667826334635 96.2419494628906 102.524299112956 101.766079203288 98.8060236612956 97.1710052490234 96.4639821370443 101.028536478678 100.860091145833 100.341344706217 97.3071797688802 96.5421106974284 95.3608159383138 90.7859044392904 89.0602142333984 77.0569422403971 78.0947174072266 82.1970748901367 91.3337819417318 88.7089670817057 81.2623840332031 88.1224278767904 89.4383743286133 86.0785339355469 89.2574742635091 77.0370630900065 92.8360860188802 75.5955034891764 80.8574160257975 79.8130434672038 78.2694618225098 84.3662780761719 85.9598846435547 85.8381922403971 74.8455856323242 74.7078030904134 73.8291173299154 81.3852823893229 76.6283025105794 63.4443389892578 66.3989115397135 69.5219779968262 67.3410667419434 70.8670878092448 62.4423739115397 66.583164469401 86.0557464599609 98.7693115234375 104.071735636393 94.4721155802409 76.9351900736491 78.825230662028 77.9598264058431 68.9940671284994 63.6470420837402
101.832946268717 104.285120646159 101.263980102539 99.1995712280273 96.7610946655273 92.2836079915365 93.0165044148763 92.6877655029297 89.3225489298503 89.0399668375651 89.7762278238932 90.5567957560221 91.4878372192383 91.5988540649414 88.2008341471354 88.7760228474935 89.4796946207682 84.5085291544596 82.3950314839681 82.8254676818848 74.8907432556152 71.6997095743815 87.387429300944 76.149693552653 84.8098866780599 70.519303894043 88.0933232625326 81.0159815470378 73.0685043334961 71.5388071695964 90.6586074829102 72.5552693684896 73.824201965332 65.8262090047201 69.1205004374186 82.2300415039062 73.9719696044922 74.5092793782552 74.6088910420736 65.6925333658854 66.5318486531576 66.9957616170247 87.1190078735352 65.6671211242676 64.3684308369954 65.3972142537435 67.2997108459473 68.9262652079264 62.4396542867025 72.9156288146973 92.5345962524414 103.754147847493 97.8537541707357 81.2649136861165 68.370231628418 63.6135124206543 63.9539489746094 63.4938842773438 65.4955965677897
103.567520141602 96.9394012451172 95.5569625854492 95.8890213012695 92.2220392862956 81.3454523722331 85.3710266113281 91.8145243326823 90.2847702026367 80.7203358968099 80.1667996724447 85.0488876342773 91.413981628418 89.02965037028 88.9318227132161 78.7652875264486 83.3546620686849 74.4800982157389 83.9378143310547 82.1446164449056 71.8665328979492 70.083004506429 81.7268440246582 78.3439585367839 80.1209325154622 70.3738840738932 77.4725298563639 71.2351455688477 68.0248273213704 81.4988947550456 82.4493410746257 74.5975207010905 65.495608774821 65.0511756896973 67.7991251627604 76.973006439209 64.463937886556 76.4705960591634 63.7770665486654 63.9550834655762 63.4748835245768 64.6232788085938 80.4829472859701 66.2480946858724 62.5313385009766 67.5687947591146 62.4155883789062 62.3874432881673 62.699196879069 69.3331830342611 89.1496805826823 103.209944661458 92.5692403157552 95.364985148112 84.4107737223307 72.3266771952311 74.0646649678548 78.1081639607747 74.9484479268392
99.4034723917643 96.6550013224284 87.4012949625651 89.8893564860026 76.275377146403 74.7623952229818 80.6589413960775 84.5106048583984 78.0837326049805 80.5374160766602 75.2485214233398 82.4006248474121 90.4359898885091 82.2283073425293 89.1121393839518 82.1465108235677 74.4631985982259 72.9180755615234 84.3212498982747 75.7052787780762 83.3455294291178 70.4479316711426 69.9936172485352 76.2665824890137 72.9565010070801 70.634898630778 77.123622639974 71.5954004923503 72.4686950683594 72.0911244710286 69.1621297200521 81.6607704162598 68.8677968343099 65.6339057922363 64.9122728983561 71.9960762023926 63.7201917012533 63.4988591512044 63.4216438293457 63.1727747599284 63.0147842407227 66.3248906453451 74.4724761962891 63.3998402913411 62.8052907307943 64.2017562866211 62.6624956766764 62.9869013468425 70.3813692728678 82.0903984069824 85.9488728841146 101.656918843587 104.521411641439 103.180646260579 92.5437861124674 89.8964228312174 89.2983332316081 88.7598398844401 71.209046681722
100.787881978353 99.9717020670573 95.8656138102213 94.3341690063477 86.4945490519206 83.0241594950358 76.3293668111165 72.9556927998861 76.5353942871094 72.9804272969564 75.7005449930827 87.1666859944661 89.6429397583008 82.9162821451823 81.6374702453613 82.0792905171712 75.7040573120117 73.8104815165202 73.7377527872721 71.8717063903809 72.3001698811849 73.0934089660645 69.4214225769043 74.6157780965169 69.5138252258301 69.0628471374512 77.7067021687826 68.6307111104329 73.3484550476074 72.1103983561198 67.5611796061198 75.3724215189616 68.7377123514811 66.159134165446 64.295649210612 64.2216023763021 64.432869720459 63.6230690002441 64.4743598937988 64.7773195902507 63.2006467183431 73.2726893107096 68.4622495015462 69.1638033548991 62.8860743204753 64.5990409851074 63.0693565368652 69.5612180074056 78.1919260660807 90.2065638224284 92.3422932942708 86.3549845377604 94.0385096232096 104.292851765951 99.9671574910482 101.194538879395 100.26816813151 92.123551940918 94.9902379353841
99.0610198974609 95.5849024454753 95.2372604370117 96.8982737223307 93.630339050293 89.5030598958333 81.471880086263 84.7642812093099 76.5985547383626 74.9037228902181 72.320086924235 82.2112345377604 87.8048278808594 82.8127166748047 75.4627698262533 84.9750666300456 73.323589070638 72.4947184244792 70.6792190551758 72.2224042256673 69.3760073343913 71.6693051656087 68.6675895690918 70.5805951436361 68.807453918457 69.2163332621256 74.7058433532715 67.6755958557129 69.3719947814941 71.7054194132487 67.6116078694661 66.1988446553548 66.6612210591634 67.1420453389486 64.1575068155924 66.3987559000651 66.773486328125 80.8679377237956 67.9032112121582 63.576636505127 63.388515218099 65.6709251403809 63.4201637268066 64.1660199483236 63.2292765299479 67.4150957743327 70.3199752807617 74.2539128621419 85.9569254557292 80.5835403442383 75.0272252400716 70.7030489603678 94.686562093099 104.991548156738 98.7083770751953 81.7505457560221 78.5107327779134 84.260173034668 72.6610361735026
100.328257242839 94.2865783691406 84.2803263346354 90.6761337280273 95.5384455362956 95.3647583007812 94.1689341227214 90.2082743326823 85.2012949625651 78.2481597900391 74.9992032368978 76.1318435668945 86.3295791625977 74.8950113932292 77.2826766967773 74.7989087422689 73.2189730326335 77.9553143819173 78.6823796590169 73.1379048665365 78.0907211303711 71.8658828735352 76.0667894999186 73.8003295898438 69.1566546122233 68.2822853088379 68.3085848490397 67.2854372660319 66.8834342956543 65.8748057047526 65.2735745747884 68.5968060811361 80.1244542439779 73.9174166361491 66.3851361592611 67.600971476237 87.9791163126628 81.6110020955404 64.4780916849772 64.0401962280273 65.2607869466146 64.2293243408203 76.0602531433105 66.7407717386882 64.2558171590169 66.8472562154134 67.9754379272461 82.1922345479329 75.6801979064941 68.5382471720378 78.9518371582031 86.5168879191081 94.591938273112 105.403499348958 97.500449625651 74.8972625732422 66.8985600789388 69.9479156494141 72.9479115804036
