ET0/medie/MEDIA_ET0_12.asc
NCOLS 177 
NROWS 174 
XLLCORNER 1436301.375 
YLLCORNER 4916704.5 
CELLSIZE 1500 
NODATA_value -9999 
[rows 26 to 51 of 174, columns 59 to 117 of 177]
16.6094460169474 13.9459748586019 13.9331085205078 15.6772109349569 15.7200026830037 14.9506412506104 15.3712779998779 15.0767571767171 0 0 0 0 0 0 0 0 0 0 0 0 0 0 0 0 0 0 0 0 0 0 0 0 0 0 0 0 0 0 0 0 0 10.4861910820007 10.043841679891 10.0315382957459 9.8106595993042 9.65590375264486 9.39414939880371 10.3018237749736 9.87318302790324 11.0030887444814 9.37112526893616 9.38457258542379 8.89673541386922 12.2862282435099 8.97988119125366 9.52744851112366 10.1653277397156 9.65864292780558 10.3726660410563
15.9426305770874 14.3043825785319 13.0496486663818 15.3766949971517 15.6321979522705 15.0809010187785 15.1989819844564 14.840021387736 15.0597697575887 0 0 0 0 0 0 0 0 0 0 0 0 0 0 0 0 0 0 0 12.2931814829508 12.4842703024546 12.2358278910319 12.4166155497233 12.5310167312622 12.2169291496277 0 0 0 0 0 0 0 10.2652895609538 10.7533021291097 9.9200436592102 9.81570997238159 10.7865567843119 11.2745398203532 10.4184403737386 10.0821899731954 9.49927690823873 9.844025293986 8.96294010480245 8.96651290257772 12.2753601074219 9.34768463770549 9.68407014211019 9.96977184613546 9.91467123031616 10.5639591852824
16.5734764099121 15.1606698354085 12.5041779836019 14.9062538782756 15.5299053827922 15.3411476135254 15.4011149088542 15.504868443807 15.1452866872152 15.3426778157552 0 0 0 0 0 0 0 0 0 0 0 0 0 0 0 0 12.5026969591777 12.1555820465088 11.8674992879232 11.5192282358805 11.7529131889343 11.9979365984599 11.8862954139709 11.9496367136637 12.0316710472107 0 0 0 0 0 10.1304102579753 10.1375604311625 11.6953505833944 10.7036808013916 9.74473892847697 9.65341142018636 9.70645880699158 11.1742199261983 9.70632721583049 9.77403367360433 10.2365920861562 10.3750121275584 9.20484488805135 12.237390422821 9.27417376836141 10.0455873330434 9.4817831993103 9.46218554178874 10.1383982340495
14.3969348271688 13.752938524882 12.7551476160685 13.7715580622355 15.1023909250895 13.5243427912394 14.1480939229329 14.2857139587402 14.1146464665731 14.4572435379028 13.7224365870158 0 0 0 0 0 0 0 0 0 0 13.3139318148295 12.9021264712016 12.7362151781718 12.5985278447469 12.1687400182088 12.2616717020671 12.0338526725769 11.6799887657166 12.1629111289978 11.3750720659892 11.5172476132711 11.2047145843506 11.152205657959 11.2987372716268 0 0 0 0 0 10.5453645070394 10.6890005111694 10.881133333842 10.1015479723612 10.2634081204732 9.77754727999369 9.65720248222351 10.0657863299052 10.6179551124573 10.8472554842631 11.4670330047607 11.4869042714437 10.3828443527222 12.1856445630391 11.1561157862345 9.56857096354167 9.57730353673299 10.4394132614136 9.77356561024984
16.0325756708781 14.992938931783 12.4421965281169 12.7093643188477 12.3634651819865 10.7492465655009 11.3286980946859 12.2728441238403 11.3954509099325 11.5411201477051 10.5640447298686 0 0 0 0 0 0 0 0 0 13.3600730895996 13.0264314015706 13.6985063552856 12.5215914726257 12.2332448323568 12.8693604787191 12.0636096000671 12.1570917129517 11.6973904927572 12.2560990015666 11.2691921234131 11.1155563354492 11.6153416315715 12.0838439305623 11.0191911061605 0 0 0 0 0 10.3198972384135 10.5407735824585 11.7923454602559 10.163458220164 10.1542622566223 10.9573158582052 9.88126923243205 9.88910045623779 10.4762662887573 9.66968959172567 10.8230039596558 11.9466398874919 12.0209279696147 11.739008808136 10.1181609471639 9.4971099058787 9.55455735524495 10.8281924247742 9.73137669563294
16.358052444458 15.1044456481934 13.2868026733398 10.1549394607544 8.60525487263997 11.5003651301066 10.6907518704732 11.2578905105591 12.665499941508 12.2369991938273 12.912570254008 13.6086359659831 0 0 0 0 0 0 0 0 13.1831383387248 12.9562911669413 13.6310752232869 12.2904875119527 11.9186065673828 11.6842622756958 11.0574765841166 12.3745390574137 11.2449182510376 12.3541400273641 12.1684396743774 11.2284510612488 11.7135790506999 12.2055264790853 10.9949376106262 11.2536733627319 0 0 0 0 0 10.1676761627197 10.1740255037944 11.6057280858358 10.2652777671814 9.63057584762573 9.97430187861125 11.4078051884969 11.0474683443705 10.8138005574544 11.7034945170085 11.8385603268941 11.0633149782817 11.6804741859436 9.5453652381897 9.81422295570374 10.6227015177409 10.1760872205098 9.90879942576091
15.0443194071452 13.7323732376099 11.5338227589925 8.35917542775472 10.0411722501119 13.2639692306519 13.6698309580485 14.2283100128174 14.285013961792 15.0300716400146 14.628900718689 15.0476958592733 14.4318651199341 14.5996753056844 0 0 0 0 0 0 13.43946240743 12.8730950673421 13.4380893707275 12.3057730674744 12.88670241038 11.3465889930725 11.628600470225 10.9983197530111 11.5217898050944 12.234134165446 10.5500687917074 10.5926849365234 11.5851147651672 11.1560711224874 10.8821841239929 11.2056463241577 0 0 0 0 0 11.6967041651408 9.9177565574646 9.94806890487671 10.5830481847127 9.73845189412435 10.6611579577128 10.9630983988444 11.768621301651 11.4050746917725 11.5495943705241 9.33562609354655 10.2174959182739 9.76731559435527 9.31865863800049 10.2000339984894 9.9743332862854 9.56700477600098 9.95248473485311
15.6656103134155 13.6888480504354 8.7063419342041 8.01053171157837 11.7162945429484 13.0552623112996 13.3908506393433 15.1877993265788 15.0484092076619 15.2102655410767 14.6779679616292 15.0657169977824 14.9513130187988 14.1699663162231 14.1951532999674 14.0363969167074 13.9215888341268 13.7764862060547 13.4973074595133 13.604820283254 13.4756403287252 13.0940756479899 13.3263269424438 13.1410860061646 12.5663215001424 12.4729930559794 11.1426020304362 11.3603581746419 11.4626355806986 11.9306042035421 11.1108594576518 10.7096016565959 11.8659342447917 11.3441603024801 10.7353657722473 10.80629529953 0 0 0 0 0 0 9.88948561350505 9.73962033589681 10.803914864858 9.50753221511841 10.456501865387 9.89120178222656 11.3885975519816 11.6807718594869 10.6720816612244 9.59989088376363 9.48482157389323 9.28983979225159 9.26422459284464 9.87896579106649 10.206561088562 9.54975741704305 10.2166938463847
15.8152474721273 12.6786447525024 10.1488123893738 7.81258449554443 7.53658488591512 12.4302415847778 15.5017711003621 15.1081305185954 15.3990434010824 14.9277858098348 15.0792181650798 13.5069143931071 14.43210105896 14.277935218811 14.494476890564 13.9818216323853 13.8732138951619 13.9829643249512 14.0575074513753 13.5721852620443 13.2002517064412 13.1565554300944 12.7740824699402 12.5327557563782 12.2342372576396 12.0800953229268 11.4465432802836 10.1472620010376 11.2044443766276 10.9132815361023 11.1096057256063 11.7667982419332 11.6807408332825 10.9210711161296 11.4279576619466 10.658660697937 10.6091869990031 11.3086139678955 0 0 0 0 0 9.68311920166016 9.55062131881714 9.36078198750814 9.38050311406453 11.4772173245748 11.0114587465922 11.5063353856405 9.55875244140625 9.47534704208374 9.10946731567383 9.47489978472392 9.50310146013896 10.8288576761882 9.55552099545797 9.35843529701233 9.47698713938395
13.677212079366 14.4902830759684 12.1057409922282 7.51362371444702 7.31759678522746 10.8766347885132 14.4968278884888 15.1235652287801 13.6803634007772 13.5476655960083 13.109127108256 13.5469439188639 14.816029993693 14.7042771657308 14.7250287373861 14.1939935048421 14.0922339757284 13.9452368418376 13.2747386932373 13.2841334025065 13.580158551534 13.1627108573914 13.3953730265299 12.6464382489522 12.1888681093852 12.5128810246785 11.4116699854533 9.23449986775716 10.3801179885864 11.0995702425639 10.551513671875 11.1325287818909 11.1922172546387 10.9164263089498 10.780064423879 11.7089850107829 10.5768262227376 11.1300580342611 10.7482842127482 0 0 0 0 0 9.54765173594157 10.2754959424337 9.79648472468058 10.8790592193604 10.7365963935852 11.4428097407023 9.69619909922282 9.46588829358419 9.90832997957865 9.79668958981832 9.03035338719686 11.1623574256897 9.46614971160889 8.93512455622355 10.2482981046041
14.2181852340698 15.0307511647542 11.3504917780558 8.09094438552856 7.23228721618652 6.95253709157308 9.5928108215332 13.869776280721 11.3083415985107 14.8328245798747 14.9461031595866 14.7416908899943 14.3611676534017 14.6460456212362 13.7032979329427 14.2402722040812 11.6088752110799 11.8855893452962 13.921789487203 13.8332216262817 13.2336840311686 13.038593228658 12.7652538935343 12.4998904863993 12.5736604054769 12.0418512980143 11.5619754155477 8.15732714335124 10.9698719660441 11.7335001309713 11.2578769048055 11.7437775611877 11.5713764508565 10.747215461731 10.720025507609 10.7570827166239 10.924539788564 10.5831742286682 10.3088931719462 0 0 0 0 9.48854564030965 9.28226871490478 9.3380968729655 11.1968586921692 10.3170169512431 10.6359983126322 11.2707120259603 9.17914377848307 9.35963961283366 10.1066433588664 9.00792579650879 9.19553200403849 11.7399078051249 11.8681782722473 11.981849416097 12.0846685091654
15.9191501617432 15.8117041905721 14.5128432591756 10.6378708521525 6.99910847345988 6.9187845547994 8.37823731104533 13.5551420847575 10.9607716878255 13.6370623270671 14.9316756566366 14.4093120574951 14.2130335489909 14.3575902938843 12.834460512797 10.5602181752523 9.5104731241862 14.1535931905111 13.6289204915365 13.5070130030314 13.7453059514364 13.0370308558146 12.7820420583089 13.1272066752116 12.6623486836751 12.2001796086629 11.4598825454712 8.4880887667338 10.1674249013265 11.0520497639974 10.7802845637004 11.136526521047 10.8802305221558 11.1788821220398 11.0120632807414 11.3463349660238 11.207760365804 10.6344826698303 10.4879138628642 0 0 0 9.56654980977376 11.0901466369629 11.1289451599121 10.6417311986287 10.0018277804057 10.1737505912781 11.1931088765462 9.38836250305176 9.27561338742574 10.375017007192 8.87347218195597 10.2895572344462 11.7528873443604 11.8609505971273 11.0466555913289 10.2229341189067 9.74231570561727
15.9179309844971 15.8138190587362 15.3785502115885 11.2183540344238 9.32793604532878 6.65327933629354 6.55840641657511 9.33530728022257 10.8654638926188 14.8434342066447 14.4433248519897 14.4775376637777 14.2865130106608 14.0657457987467 14.4774308522542 14.0915688832601 9.61898317337036 14.0340985616048 13.6465892155965 13.9302886327108 13.579404258728 13.1248881022135 13.0670106887817 12.6690757751465 12.5983962376912 12.5180829366048 11.7163058598836 9.4780766805013 8.81985117594401 11.6175086975098 11.4797867774963 10.9181993802389 11.241108640035 10.9666246414185 10.8725747426351 10.4376387914022 10.3771536509196 10.4439347902934 10.2931266148885 10.8409304300944 10.8302418073018 10.0909137407939 10.8280090332031 8.78666884104411 9.18757683436076 10.0725289662679 10.4784582773844 11.0154161135356 10.0888176600138 9.57281271616618 8.95163466135661 10.3889562606812 11.2534348169963 11.4551826477051 11.44416847229 9.53710238138835 11.159125328064 9.86692447662353 9.91336212158203
15.1578344980876 15.8083805720011 15.7426088968913 15.3392169952393 14.433180363973 10.2237072944641 6.82713263829549 6.16117944717407 10.3261037190755 14.3540954589844 14.8134930928548 14.8576042811076 14.3432065963745 14.6441904703776 14.4431010564168 14.511053276062 9.86667989095052 10.5221784273783 14.0896006902059 13.8867830912272 13.5723197301229 13.3977402369181 12.9520434697469 13.070948155721 12.658998743693 12.507448832194 12.1970059712728 11.579741636912 7.09371013641357 10.4761113802592 11.4905962944031 10.7913832346598 11.2800002415975 10.7142925580343 11.1323912302653 11.348370107015 11.0392975489299 10.7690983772278 10.5089910507202 9.94102347691854 11.2475263595581 10.881464099884 8.359996509552 8.67853212356567 9.46902615229289 11.1961320241292 10.9068105697632 9.6007106145223 9.05790967941284 9.53711439768473 9.29455423355103 11.1448031107585 11.4592332204183 11.4601088841756 10.9965442657471 8.96855894724528 10.8006119410197 9.38403638203939 9.41747509638468
13.843807665507 15.0366892496745 14.3114592234294 13.383510017395 12.9593390146891 7.83521432876587 6.26465649604797 5.94565302530924 10.1968636194865 11.459274037679 14.5840444564819 14.9439228057861 14.2137456893921 14.0719978968302 14.5396565755208 12.0893294652303 8.13119761149088 13.2212738672892 12.1138316472371 12.426769955953 9.6746192296346 12.7159811019897 11.5276947339376 11.816353225708 12.5355779012044 12.4605302174886 12.2074472427368 11.8036885897319 6.55705552101135 8.13119475046794 11.4881679852804 11.4418615341187 11.1528480529785 10.2561672528585 11.0942563374837 8.38020455042521 10.5515369097392 10.5841048558553 11.1584334373474 11.1265154202779 9.56796005566915 8.47181088129679 8.28261192639669 10.9454948425293 11.0104520161947 9.80698598225911 9.22824354171753 9.26727091471354 10.34364306132 9.34788621266683 9.55497776667277 9.69795649846395 11.4031516075134 11.6104550679525 9.94839321772258 9.38040027618408 9.42456471125285 9.15558605194092 9.71589317321777
11.1397240638733 13.057551574707 11.5485329945882 9.98886963526408 9.90015052159627 6.24041941960653 6.07243196169535 9.29821014404297 12.6433104197184 15.1222901026408 14.9344973882039 14.5633968353271 14.4563711166382 14.8345342000326 14.8434686024984 10.2652133305868 9.58111441930135 7.26765158971151 6.78008211453756 6.69931001663208 6.73843626976013 10.0956680297852 7.50774752298991 8.90019702911377 9.12099742889404 10.1102983792623 9.65873788197835 9.68487943013509 5.63013298511505 6.9964324315389 6.62649033864339 7.53653993606567 7.92173438072205 7.77694908777873 7.85378398895264 7.86862152417501 10.0117665608724 10.9696840604146 11.0593439420064 9.92506059010824 8.00548068682353 7.97153776486715 9.08082596460978 10.9887138684591 10.3585186958313 9.84287916819255 10.0536552747091 9.85481475194295 11.1323362668355 11.3732126871745 11.5344076474508 11.1746877352397 11.1683157602946 11.3724782943726 10.1083519299825 9.16180499394735 9.30979932149251 9.34916162490845 10.1721453984578
9.8904107093811 11.1373412450155 7.41331755320231 6.47696243921916 6.29099520047506 6.16605356534322 5.78839178085327 11.9353036880493 12.7422097524007 12.6656719843547 13.3169228871663 12.2945491790771 14.3887386957804 12.6394254048665 10.5443789164225 8.17374375661214 6.58303082784017 4.3020060857137 4.2504167954127 4.18631869951884 4.13862050374349 4.32895614306132 4.82927118937174 4.96266138553619 5.02141021887461 4.5160616795222 6.21565221945445 5.62666687170664 4.1660373767217 4.31472922166189 4.51039467652639 4.72829316457113 5.07392651240031 6.02434061368306 6.17592754364014 6.09919616381327 7.27821521759033 8.48416056632996 8.5395249525706 8.61967183748881 7.57911073366801 8.41064418156942 10.4672186215719 11.3621569315592 11.3650794665019 11.4708451271057 11.0822685559591 11.1562126477559 11.1878655751546 11.219028822581 11.4413500467936 11.522528107961 11.5936056772868 11.2903672536214 11.494445737203 10.3182680765788 9.66003758112589 11.566081237793 10.8776481946309
9.17666756312052 7.05893252690633 6.59422597885132 6.41815498669942 6.24298865000407 6.00688651402791 7.40740925470988 6.29828042984009 6.99733905792236 7.109565893809 7.07598505020142 6.94441879590352 8.23346916834513 8.20082756678263 6.58957753181457 6.57234869003296 6.08332379659017 4.19827671051025 4.91353487968445 4.00509380499522 4.22995535532633 3.989488697052 3.96015450159709 3.95097500483195 3.97085404396057 3.97533650398254 4.01160730520884 4.19679347674052 4.3403505563736 4.83665347099304 5.17377856572469 5.99841419061025 5.18967423439026 6.03464586734772 6.2695729414622 6.55755597750346 6.33007720311483 6.68299043973287 6.94913458824158 7.29442467689514 8.23309861818949 10.7265329996745 11.2770783106486 11.1744716008504 11.3520179112752 11.1751135190328 11.5668983777364 11.2449024200439 10.8721391677856 9.74571504592896 10.3432435671488 10.8328676541646 11.5092831293742 11.355854066213 11.5148696581523 8.87913745244344 9.236922899882 9.61406593322754 9.61498908996582
7.06618076960246 6.82675205866496 6.56244503657023 6.34910326004028 6.10097610155741 5.86717120806376 5.75170582135518 5.5887926419576 5.36996464729309 5.19151204427083 5.00124203364054 4.79973465601603 4.61596325238546 4.46181041399638 4.36380252838135 4.26994251410166 4.23675983746847 6.75142855644226 7.06310558319092 10.8470178922017 10.2123772303263 5.91124601364136 5.43014969825745 5.26721169948578 5.70372322400411 5.93394263585408 5.6178067445755 6.10626193682353 7.32588512102763 8.3137598991394 8.71932145754496 9.41840664545695 8.51125071843465 9.86744820276896 9.74202562967936 9.71645847956339 8.25652982393901 7.92740044593811 10.1866245587667 10.2066415468852 10.8322758674622 10.961661529541 11.1270309448242 10.5812875111898 9.53378626505534 10.6150039037069 11.418071269989 9.35085350672404 9.17919883728027 9.63916463851929 9.18166494369507 11.3466784159342 11.2395175298055 11.39994541804 11.7105862935384 11.3514294624329 9.24794572194417 9.8155961672465 9.62153453826904
6.95664955774943 6.70638259251912 6.45589385032654 6.38583068847656 6.671373462677 8.68392731348674 5.52523875236511 5.35481985410054 5.41246679623922 6.14643637339274 6.38285870552063 4.624795738856 4.48337367375692 4.36280859311422 4.62221554120382 4.92267087300618 5.42239268620809 6.90277002652486 8.44681444168091 14.6593798319499 14.3674605051676 12.6012916564941 6.71886092821757 9.47113405863444 13.1014628092448 9.8985725402832 9.71120176315308 11.2445927937826 9.64682642618815 12.2798391342163 7.38847697575887 11.923725159963 11.7414569854736 11.607603041331 11.6223760286967 11.4194448788961 11.093185710907 11.0887704849243 11.1144636789958 10.9339015960693 10.8009213765462 11.3252895991007 10.9346343358358 9.37276102701823 9.61941452026367 9.85139611562093 9.49143724441528 10.0203357378642 9.08665027618408 9.35131257375081 11.5265728314718 11.0611015319824 11.1907758394877 11.4396764437358 10.4222707430522 10.7447937965393 10.7094597180684 9.45575275421143 9.80571120580037
7.61822913487752 6.57063512802124 6.62404692967733 8.51607418060303 8.9350830078125 11.8855426152547 10.0275617281596 10.0275536219279 12.153835995992 11.404126739502 10.0905694643656 8.45087280273438 7.50576826731364 6.87863659858704 10.1360554695129 8.22632846832275 7.45296122233073 11.9826464335124 13.4207452138265 13.159138361613 14.5644473393758 13.6525613149007 10.4232151031494 14.1167746861776 12.0017990748088 12.7177443186442 10.024668598175 12.447861289978 12.505970509847 12.0561569213867 8.73347964286804 11.935587088267 11.8638821283976 10.6082773844401 10.8847376505534 11.6261163075765 11.2937125523885 11.3040411631266 11.1705540974935 10.2562630971273 10.1038551966349 9.82843233744303 11.4584594408671 9.78422374725342 9.61299333572388 9.86823024749756 9.59907630284627 9.70195105870565 9.14119984308879 10.17808081309 11.5036843299866 11.0616585413615 11.1797652562459 11.1014750480652 9.14246266682943 9.22739451726278 9.3670049349467 10.1050047556559 9.54657904307047
6.72063493728638 11.8212595621745 11.7924782435099 10.787121518453 12.2765495300293 15.4769726435343 14.5563558578491 10.9763335545858 11.4555899302165 15.2351775487264 14.9800570170085 12.8812481562297 7.28216419219971 8.98139212926229 8.56808376312256 14.8256377538045 12.5825116475423 14.8654527028402 12.4060352325439 13.1916422526042 14.0038022359212 13.397146097819 12.8923171361287 14.041828473409 13.3612023035685 12.8444869995117 13.3176059405009 12.6420129776001 11.6824900309245 11.9618361155192 11.6390314737956 12.0880063056946 10.7104063987732 10.5962272961934 10.8898524284363 11.7763382911682 9.98897870381673 11.4114109357198 9.74701897303263 9.77833404541016 9.59657506942749 9.87083886464437 11.6207905769348 9.85710538228353 9.44344139099121 9.84285227457682 9.23344300587972 9.38662322362264 9.15111764272054 9.59556131362915 11.6219917297363 11.1042006492615 11.7908765474955 11.5889853477478 11.4030930519104 9.52730108896891 9.82759733200073 10.5583133379618 10.1279498418172
10.4995894432068 12.1696716308594 15.9274845759074 14.9326438903809 15.1771148045858 14.8744318644206 15.5289613723755 14.4072378794352 15.4901908874512 15.3110345840454 15.2673927307129 14.120806312561 7.95700934727987 13.9628684361776 7.8802149772644 13.1656916936239 15.0762406667074 14.6954144795736 11.8680358568827 14.8704566319784 12.4896706899007 13.5570582707723 13.2815328598022 14.1887769063314 13.6777324040731 12.9405868530273 13.4428541183472 12.807671101888 12.826842880249 12.5730247179667 11.7785585085551 11.9442472457886 11.3431608517965 10.5759472211202 10.3104989687602 11.430492178599 10.4814375559489 10.4304480870565 10.3284373283386 10.2458427747091 10.0193847338359 10.1769355773926 11.2599229494731 9.44389759699504 9.50127108891805 9.65727780659993 9.77399733861287 9.28362553914388 10.0543574651082 11.7233470916748 11.8508192062378 11.0195249557495 11.0928675015767 11.2991698265076 11.8347722053528 11.8428891817729 11.9696656227112 12.1258291244507 9.66089280446371
8.09860506057739 9.09374252955119 12.2620278676351 12.7495111465454 15.1761430104574 15.4563805262248 15.3194054285685 14.612415822347 15.4952489852905 14.762148030599 15.2985946019491 11.5236800511678 8.51995000839233 13.4497784296672 13.5399185180664 13.3698601404826 15.1187461853027 14.9146890004476 14.7421275456746 14.3456037521362 14.2303516387939 14.3759779612223 13.1766896565755 14.2022585550944 12.7522824605306 12.3539333343506 13.329027334849 12.1353023529053 13.0847027142843 12.7158318837484 11.5583444595337 12.4771837552389 11.5916593869527 10.727364730835 11.2425533612569 10.784209283193 10.0541447957357 9.9161740620931 9.93441349665324 10.0209701855977 9.89583470026652 11.2913597742716 10.3249361038208 10.4226110776265 9.68913205464681 9.80920642217 9.40561593373616 10.0896595001221 11.4489322980245 12.0561354637146 11.94079469045 11.7572032610575 11.7605484644572 11.3499557177226 11.6971173604329 11.8546262105306 11.9912860234578 12.4397783279419 12.6374570528666
10.8275272051493 13.8360609054565 13.1901519139608 10.137405427297 12.6147713979085 14.1893125534058 15.4879030863444 14.6348012924194 15.4738906860352 15.2872022628784 14.6803443272909 13.9628856023153 10.4537264188131 13.361457379659 15.2485165278117 11.2383476575216 14.8497844060262 14.6131251017253 14.0251033782959 14.443621635437 13.4159401575724 14.0931985855103 12.8726572036743 13.4064133326213 12.4764028549194 12.4246797561646 13.4703511238098 11.8398386955261 12.3099359512329 12.7393260320028 11.5956196467082 11.1450801849365 11.0659825007121 11.0709111213684 11.5125680923462 10.7699468612671 10.8017574628194 11.6129868189494 10.5883278528849 9.88928982416789 10.311660194397 10.2824075380961 9.81174980799357 9.79852050145467 9.67867234547933 10.1692562421163 10.5069876035055 11.1031364440918 12.2281051635742 11.7553167025248 10.8924721082052 9.9380944887797 11.5410684585571 11.1192626953125 11.5999853134155 11.2759284655253 10.7624743143717 11.8056264877319 10.0798408190409
9.10462195078532 14.7143065770467 16.6031497319539 15.2506944020589 10.8741163889567 9.81751152674357 9.86695772806803 12.839377784729 14.5441917419434 15.7150585174561 15.4941567738851 15.4273542404175 11.576974105835 15.2604069391886 15.0441841761271 15.1084701538086 14.9046806971232 14.4592135747274 14.2234447479248 14.6771861394246 14.1956841786702 14.1369857788086 14.2441827774048 14.1776621500651 12.638452911377 12.1783924738566 12.100208791097 11.7687738736471 11.6950594584147 11.8962879816691 11.8968953132629 11.845391146342 12.1556712786357 12.3468818664551 10.6728296279907 11.1484697977702 10.327170530955 11.5559877713521 9.885418065389 10.0618616739909 10.1891578992208 9.88350782394409 11.7818466504415 10.3586770057678 9.81567544937134 10.3490091005961 10.2002108256022 12.1587285359701 11.3258257548014 10.1070460319519 11.5995445251465 12.1260752042135 11.8731030146281 10.9971756617228 11.6782947222392 10.308122475942 10.1729473749797 10.4576540629069 10.3428359985352
