ET0/medie/MEDIA_ET0_01.asc
NCOLS 177 
NROWS 174 
XLLCORNER 1436301.375 
YLLCORNER 4916704.5 
CELLSIZE 1500 
NODATA_value -9999 
[rows 104 to 129 of 174, columns 59 to 117 of 177]
8.82175631523132 8.76891390482585 8.75633865992228 8.8330053170522 8.8361764272054 8.87657359441121 8.899596007665 8.92713643709819 8.95299957593282 8.85819242795308 8.88356809616089 8.93329804738363 8.97278919219971 9.0334143002828 9.03809022903442 9.10444444020589 9.26700002352397 9.34174381891886 9.35157920519511 9.43051875432332 9.33601190249125 9.49714471499125 9.56413485209147 9.603937403361 9.65117060343425 9.72128324508667 9.78793516159058 9.87238133748372 9.89554058710734 9.94702520370483 9.92179088592529 9.82060162226359 9.81167023976644 10.0812756856283 10.1782165209452 10.2005316416423 10.1956452687581 10.2419509251912 10.1913462320964 10.2592262903849 10.2825471878052 10.2865089416504 10.352729066213 10.3287974039714 10.3229274113973 10.2985898971558 10.3141051292419 10.3557396888733 10.3431629816691 10.3820783297221 10.433078511556 10.4980625788371 10.5316562970479 10.5554644584656 10.6094056765238 10.6645341237386 10.6910111745199 10.6853230794271 10.7299052238464
8.79158542950948 8.77925262451172 8.7635854880015 8.82619241078695 8.87130169868469 8.89313503901164 8.86786168416341 8.95055613517761 8.9667728583018 8.83279172579447 8.87624737421672 8.91591787338257 8.97707149187724 9.04433139165243 9.07591864267985 9.10980766614278 9.2865735689799 9.33451274236043 9.37172624270121 9.44477146466573 9.47307217915853 9.48569733301798 9.55970760981242 9.62445805867513 9.68554385503133 9.75096565882365 9.80659042994181 9.85095678965251 9.92547225952148 9.94419838587443 9.96234849294027 9.93309996922811 9.91039759318034 9.8763368288676 9.94823824564616 10.092641544342 10.1219953854879 10.1806873957316 10.199715646108 10.2006908734639 10.1887486457825 10.2066277503967 10.2209465026855 10.2275990486145 10.2024638493856 10.2443198204041 10.1154643058777 10.2555551528931 10.2672554016113 10.2757928212484 10.2902580579122 10.3452264785767 10.3890360832214 10.3945981343587 10.4422435760498 10.5096568743388 10.5056213378906 10.5180504163106 10.5471198717753
8.7852778116862 8.76749086380005 8.80215346018473 8.8066325823466 8.88061496416728 8.92619304656982 8.95099728902181 8.99352259635925 9.00829949378967 9.04252401987712 8.96009491284688 8.97273465792338 8.96182788213094 9.07606347401937 9.08921244939168 9.09659431775411 9.11404043833415 9.32917499542236 9.36000583966573 9.44744035402934 9.50669500033061 9.46519932746887 9.55212004979452 9.63947661717733 9.70794413884481 9.7969656308492 9.81341692606608 9.87746664683024 9.90670331319173 9.93672688802083 9.92416111628214 9.96609897613525 10.0310808817546 10.0147897084554 9.91360785166423 9.86610765457153 9.93590278625488 10.0860273679097 10.1026597976685 10.1338770548503 10.127632522583 10.1576077779134 10.1384606043498 10.165993754069 10.1386927922567 10.130891195933 10.0553546905518 10.1366811434428 10.1766611735026 10.1665197690328 10.1814727783203 10.2227020263672 10.225240166982 10.2312883694967 10.3072553316752 10.3358300844828 10.3237396876017 10.3379212061564 10.3651312828064
8.83782855669657 8.82274845441182 8.86258222262065 8.90050670305888 8.92436911265055 8.98004846572876 9.03651688893636 9.06072014172872 9.09467177391052 9.10241171518962 9.11840395927429 9.13013819058736 9.1685485680898 9.07338852882385 9.11101325352987 9.10112198193868 9.12413360277812 9.14238058725993 9.20851853688558 9.29141675631205 9.51626183191935 9.50225264231364 9.59762245814006 9.58580837249756 9.66923160552978 9.78366692860921 9.84333095550537 9.88880910873413 9.94530337651571 9.96656227111816 9.98342990875244 10.0026484807332 10.0347291310628 10.0147033055623 10.0136746724447 10.0237297375997 10.0152267773946 10.0398553848267 9.99736735026042 9.97831455866496 10.0588072141012 10.0636127154032 10.0756943702698 10.0704520543416 10.0871698061625 10.0749115943909 10.027329381307 10.067605527242 10.0914690971375 10.1126388549805 10.0663431803385 10.1110817909241 10.0738612492879 10.1455008824666 10.1601824442546 10.1429137229919 10.1380376497904 10.1780741373698 10.2459005991618
8.8803594271342 8.87776053746541 8.9149734656016 8.95554240544637 8.98045194943746 9.00555903116862 9.06569453875224 9.11456170082092 9.13939266204834 9.16282512346904 9.20029611587524 9.18958129882813 9.21430514653524 9.24777193069458 9.17943744659424 9.21352961858114 9.20730107625326 9.17890553474426 9.24313581784566 9.2868817170461 9.3690843741099 9.54489096005758 9.64918298721313 9.65006955464681 9.65035991668701 9.71529916127523 9.76580286026001 9.92644577026367 9.95546471277873 9.96012716293335 9.97958634694417 9.97428661982218 9.99340098698934 9.98947747548421 9.99518094062805 9.94935127894084 9.98409088452657 9.77678526242574 9.79429003397624 9.82362542152405 9.8936714331309 10.0030327796936 10.0132720947266 10.0037926673889 10.0210883458455 9.9837140083313 10.0184015909831 9.97754882176717 10.0066997845968 10.0052560488383 10.0163944562276 9.92778857549032 9.97963275909424 10.0210996627808 10.0273714383443 10.0242933909098 10.0054927984873 10.0055717627207 10.1040948549906
8.91770911216736 8.93759903907776 8.99937097231547 9.04488348960876 9.042009973526 9.0687554359436 9.1221000512441 9.18892192840576 9.19895544052124 9.27120091120402 9.2874161084493 9.29066139856974 9.2912448088328 9.33392237027486 9.36179450352987 9.35111284255981 9.30818972587585 9.23484007517497 9.29334546724955 9.31580309867859 9.35807781219482 9.42485553423564 9.65005480448405 9.73905553817749 9.65324799219767 9.71965751647949 9.78128525416056 10.0500662167867 9.9324982325236 9.91193345387777 9.92868375778198 9.9486741065979 9.94442547162374 9.92826981544495 9.99424562454224 9.94351859092712 9.96320048967997 9.96722442309062 9.96154195467631 9.92906692822774 9.87415402730306 9.85951650937398 9.90110804239909 9.95409145355225 9.96112174987793 9.96403096516927 9.9120743115743 9.87614231109619 9.92620805104574 9.91609344482422 9.89364687601725 9.86638291676839 9.85597081184387 9.93535121281942 9.90756155649821 9.89760508537293 9.89605420430501 9.95834633509318 9.94946025212606
8.95755144755046 9.00870744387309 9.01811000506083 9.08314967155457 9.117475938797 9.08912024497986 9.19836058616638 9.24198627471924 9.24779340426127 9.30094539324443 9.32085089683533 9.35041807492574 9.37512203852336 9.40950997670492 9.41015648841858 9.41902621587118 9.41133591334025 9.33987191518148 9.37110381126404 9.35266202290853 9.37137155532837 9.44434219996134 9.51330947875977 9.73464854558309 9.7857294400533 9.74732189178467 9.70895551045736 9.89805183410644 9.92117789586385 9.91750644048055 9.93550612131755 9.93425326347351 9.95370829900106 9.9343730767568 9.97657814025879 9.92676924069722 9.9521861076355 9.94856640497843 9.93366487820943 9.93325622876485 9.91337512334188 9.92983415921529 9.76061452229818 9.83598801294963 9.77719337145487 9.90260763168335 9.89251057306925 9.75475392341614 9.83686377207438 9.82786194483439 9.84355723063151 9.87794694900513 9.76110653877258 9.84201396306356 9.82808157602946 9.80959658622742 9.76514895757039 9.82218025525411 9.8401385307312
8.94549584388733 9.03247195879618 9.09764013290405 9.10970759391785 9.11702756881714 9.10388549168905 9.17330641746521 9.28285519282023 9.28999981880188 9.33603558540344 9.39507697423299 9.38186925252279 9.41158499717712 9.42976592381795 9.45673813819885 9.52259062131246 9.52606383959452 9.56594983736674 9.59642432530721 9.46096892356872 9.44815651575724 9.46242520014445 9.53429169654846 9.66810903549194 9.79928045272827 9.8130366007487 9.81085758209229 9.78005406061808 9.91711327234904 9.93567860921224 9.93511031468709 9.93513301213582 9.96000398000081 9.91749609311422 9.91710971196492 9.94081211090088 9.92089392344157 9.93626340230306 9.89279437065125 9.91621066729228 9.92240168253581 9.8828219572703 9.88686197598775 9.77993461290995 9.74172358512878 9.7835880279541 9.70133396784465 9.828493531545 9.71873750686646 9.79385828971863 9.8464811484019 9.84791394869487 9.81483729680379 9.76573947270711 9.76252996126811 9.74938577016195 9.72574734687805 9.73048771222432 9.75290711720785
9.05546830495198 9.09511620203654 9.13497308095296 9.18401940663656 9.2198743502299 9.25708254178365 9.29031782150269 9.33054577509562 9.34040555953979 9.42831080754598 9.42115898132324 9.44088303248088 9.49228857358297 9.49872884750366 9.55599899291992 9.58301355044047 9.61731476783752 9.62490566571554 9.65136014620463 9.49296170870463 9.50820673306783 9.49812490145365 9.53153921763102 9.59220094680786 9.7883797009786 9.80775505701701 9.7761248588562 9.84686091740926 9.90400778452555 9.93469975789388 9.94622480074565 9.96045889854431 9.95746083259582 9.93720525105794 9.97011202176412 9.95695447921753 9.90584357579549 9.91672326723735 9.92840323448181 9.89039147694906 9.8957261244456 9.90229798952739 9.88845337231954 9.85890758832296 9.88926463127136 9.82957131067912 9.83140376408895 9.74492932955424 9.69415675799052 9.80025000572205 9.80338428815206 9.75209120114644 9.72841142018636 9.75610211690267 9.73400281270345 9.68316826820373 9.64877003033956 9.60038692156474 9.64863829612732
9.14399709701538 9.17288265228271 9.20211935043335 9.25105155309041 9.32940400441488 9.39731893539429 9.42784550984701 9.3968957901001 9.41891142527262 9.47108122507731 9.48977950414022 9.53559373219808 9.58245067596436 9.5817346572876 9.59175197283427 9.64923709233602 9.67884117762248 9.71199154853821 9.7267548084259 9.69900957743327 9.73515213330587 9.67982443173726 9.57698198954264 9.5891099135081 9.62997388839722 9.74164730707804 9.76923246383667 9.91259167989095 9.88942642211914 9.92322378158569 9.92843079566956 9.95092964172363 9.93136277198792 9.91651398340861 9.92927482922872 9.95370348294576 9.92452384630839 9.89470089276632 9.90895678202311 9.92137139638265 9.90260175069173 9.91902743975321 9.91715583801269 9.914102379481 9.90758477846781 9.90437256495158 9.87966826756795 9.82369871139526 9.77752114931742 9.74701986312866 9.70318040847778 9.77621259689331 9.64665252367655 9.72913756370544 9.70246254603068 9.68120942115784 9.61903133392334 9.54443542162577 9.5728276570638
9.15704272588094 9.26516863505046 9.32760330835978 9.3517391204834 9.46699771881103 9.59064311981201 9.83822784423828 9.5733583132426 9.4897642771403 9.49559342066447 9.60813070933024 9.63495244979858 9.61825113296509 9.675262037913 9.7102263768514 9.73830951054891 9.75768588383992 9.80177895228068 9.80157071749369 9.75082743962606 9.80498286883036 9.75296634038289 9.71916535695394 9.66770974795024 9.68718605041504 9.76789089838664 9.80534420013428 9.93662691116333 9.91075309117635 9.89689442316691 9.99694668451945 9.99907846450806 9.93991735776265 9.94991863568624 9.95724614461263 9.97523471514384 9.95475937525431 9.93597841262817 9.95948187510172 9.92120119730632 9.90167730649312 9.90537433624268 9.90138998031616 9.93143645922343 9.91788676579793 9.93836736679077 9.90326598485311 9.85508278210958 9.89942773183187 9.86027793884277 9.81943934758504 9.69255263010661 9.67062109311422 9.74480985005697 9.70668536822001 9.66489526430766 9.63625175158183 9.5541311899821 9.52628053029378
9.28123464584351 9.34931192398071 9.42971124649048 9.50931568145752 9.54561990102132 9.62543538411458 9.91586726506551 10.0681106567383 9.74930992126465 9.58984107971191 9.69644772211711 9.73426599502563 9.75344686508179 9.73831965128581 9.7942668279012 9.84122145970662 9.85494384765625 9.85486475626628 9.87101771036784 9.84653353691101 9.85284465154012 9.8267675558726 9.84709057807922 9.7797225634257 9.80798244476318 9.83667682011922 9.86703243255615 9.95590359369914 10.0438384056091 9.99126141866048 10.0542037963867 10.053836218516 10.0547268867493 10.0255270957947 9.96143086751302 10.0114912509918 10.0124478499095 9.98737565676371 9.94730445543925 9.9515413125356 9.91984283129374 9.9506337483724 9.94584770202637 9.93562655448914 9.92376750310262 9.99891907374064 9.93829256693522 9.91829353968302 9.8935479482015 9.8669408639272 9.82646714846293 9.78207904497782 9.7200438340505 9.63106621106466 9.70114768346151 9.64909764925639 9.69195663134257 9.60919426282247 9.55143532752991
9.42833515803019 9.45588397979736 9.49978834788005 9.60942570368449 9.58461414972941 9.65265680948893 9.71503849029541 9.79941116968791 10.4019826253255 10.8080184300741 9.85708627700806 9.72361275355021 9.83598674138387 9.84333890279134 9.90677541097005 9.93171497980754 9.94635664621989 9.94623769124349 9.93647619883219 9.91627729733785 9.90408485730489 9.88119516372681 9.91218039194743 9.93694467544556 9.86718352635702 9.85588808059692 9.93945862452189 10.0389481226603 10.1371280352275 10.0830383936564 10.050773525238 10.1045108954112 10.0908741474152 10.0862947781881 10.027882194519 10.0459847927094 10.0223782857259 10.0186509609222 9.99207941691081 9.95057730674744 9.96381284395854 9.96469144821167 9.95681014060974 9.95038137435913 9.97611327171326 9.99139862060547 9.98538192113241 9.96805531183879 9.89232610066732 9.84935032526652 9.79979559580485 9.76608902613322 9.7201042175293 9.56092886924744 9.57075834274292 9.60322702725728 9.5914762655894 9.55100711186727 9.49141702651978
9.56304705937703 9.60520248413086 9.59286766052246 9.67291529973348 9.72680568695068 9.77527341842651 9.80352703730265 9.67472677230835 9.87427504857381 9.90848569869995 9.90601030985514 9.91896495819092 9.81495320002238 9.83611640930176 9.79472440083822 9.99895639419556 9.97563676834107 10.024795627594 9.94289585749308 9.95724596977234 9.98488289515177 9.93388950030009 9.98781102498372 10.0420046488444 10.1231409390767 9.96663115819295 10.0152348836263 10.0385756810506 10.0300938288371 10.0402679443359 10.0449909845988 10.0484126091003 10.1611422220866 10.1411673545837 10.1486605326335 10.1198615868886 10.0899347623189 10.0881298542023 10.0584419091543 10.0373723983765 10.0367147604624 10.0355214913686 10.0180542786916 10.0252221107483 10.0186631520589 10.0326128005981 10.0029660224915 9.96499500274658 9.91684246063232 9.88553069432576 9.85132973988851 9.80227462450663 9.72813830375671 9.61050912539164 9.55768578847249 9.53492533365885 9.59195197423299 9.51175559361776 9.46417412757873
9.55800793965657 9.60154622395833 9.77421503067017 9.72000023523966 9.66138931910197 9.72047281265259 9.73909870783488 9.78419040044149 9.90662342707316 9.8506306330363 9.86993014017741 9.87844715118408 9.89385239283244 9.9116613705953 9.88254289627075 10.0698317845662 10.0785370190938 10.0492224057515 9.90326560338338 10.044385433197 10.0257796605428 10.0510577996572 10.0735137939453 10.1062987009684 10.2002497673035 10.2547865231832 10.1714368184408 10.1165352185567 10.1333305676778 10.1401365280151 10.1367334365845 10.1223931312561 10.1091756502787 10.1075164794922 10.1137480576833 10.1009915033976 10.319354947408 10.3452778339386 10.2481028556824 10.1215862115224 10.0677815278371 10.0823601722717 10.1145595232646 10.0941738764445 10.0812950452169 10.0632188161214 10.0613626480103 9.98155202865601 9.95341432889303 9.91224325497945 9.87917602856954 9.83642237981161 9.78366842269897 9.7452378431956 9.62752145131429 9.56681871414185 9.49111830393473 9.46792079607646 9.43462522824605
9.65493825276693 9.69860566457113 9.74988323847453 9.77449159622192 9.80929838816325 9.85497665405273 9.92119770050049 9.92819458643595 9.96122935612996 9.94891583124797 9.97392956415812 10.0067208925883 9.94240560531616 10.0240926424662 10.0129155794779 10.0131164868673 10.0053230603536 10.0211410204569 10.006191221873 9.99718529383341 10.0074792385101 10.1131101290385 10.1293480237325 10.1490961074829 10.1574975331624 10.2434856414795 10.3333881060282 10.2828011512756 10.2030902226766 10.2017028808594 10.2339704195658 10.1977319399516 10.1404275258382 10.206875928243 10.1905004183451 10.1733759880066 10.2798604647319 10.3734680493673 10.2548900922139 10.1802600383759 10.1485360781352 10.1801352818807 10.174352645874 10.1599663416545 10.1150773366292 10.1187105496724 10.0746554056803 10.0304150899251 9.9897537390391 9.95391441980998 9.91165555318197 9.85788971583048 9.80022486050924 9.76404706637065 9.71005841890971 9.67928382555644 9.63014601071676 9.60519113540649 9.5832529703776
9.79827559789022 9.85439907709758 9.93211596806844 9.95773560206095 9.9931058883667 10.0354144096375 10.0468806266785 10.0524042765299 10.0974524497986 10.0972322781881 10.1312777837118 10.1252402941386 10.161196231842 10.1141947428385 10.1592628161112 10.1458150227865 10.1567817687988 10.1256512324015 10.1154690424601 10.1282354990641 10.1466409683228 10.1660869598389 10.2147750854492 10.2037406285604 10.2235634485881 10.279719098409 10.3258243878682 10.3426271438599 10.3885408719381 10.3586499214172 10.3256564458211 10.327488899231 10.3205551147461 10.300594997406 10.3261538505554 0 10.2909264564514 10.29579261144 10.2790720939636 10.2576234817505 10.2659607251485 10.2323420206706 10.2270438194275 10.1992809931437 10.1714697519938 10.128383731842 10.1223306337992 10.0793642044067 10.0400731086731 9.97729695638021 9.92746998469035 9.87295955022176 9.84550895690918 9.80979917844136 9.77399559020996 9.73746951421102 9.65506793657939 9.6420489470164 9.60008505185445
9.96388991673787 10.0074569066366 10.0601888974508 10.1108332951864 10.1827711423238 10.1972145398458 10.2180747350057 10.2237441062927 10.2264556566874 10.2368450800578 10.2718581835429 10.2776995023092 10.2332436879476 10.3057084401449 10.3135816256205 10.2594939549764 0 10.1953460057576 10.2690493901571 10.2482169787089 10.2915260632833 10.3033182779948 10.3052858352661 10.287833182017 10.4376275698344 10.3989199956258 10.4428685188293 10.3881448109945 10.4228158950806 10.4420184453328 10.4416070620219 10.4207848230998 10.3827591260274 10.4182407061259 0 0 0 10.3533176422119 10.4021391868591 10.3583648363749 10.360045337677 10.3385556856791 10.3047389666239 10.3015599250793 10.2507999420166 10.2059390068054 10.166007010142 10.1192957878113 10.0844850540161 10.027478090922 9.98331592877706 9.928444592158 9.89131779670715 9.84879460334778 9.79525465965271 9.7583700021108 9.7073872089386 9.67618176142375 9.64645263353984
10.2152623176575 10.2467921257019 10.2867855389913 10.3362193107605 10.325802230835 10.3265352884928 10.3592928886414 10.4155158360799 10.3981128374736 10.4090621312459 10.4124111493429 10.4449906667074 10.4294131596883 0 0 0 0 10.4278226216634 10.4275524775187 10.4107820510864 10.4110836346944 10.4131890296936 10.4445274353027 10.4308059374491 10.4719484011332 10.5262300809224 10.5335243860881 10.489714717865 10.5533107439677 10.4885112762451 10.559906578064 10.5566588401794 0 0 0 0 0 10.4773428916931 10.4802462895711 10.4472491264343 10.395763874054 10.4187284469604 10.401552549998 10.3681332270304 10.329488436381 10.3019580205282 10.233855120341 10.1931129137675 10.15089635849 10.1136555671692 10.0816628138224 10.0020127773285 9.96079188982646 9.90219492912292 9.86292034784953 9.84183734258016 9.77170599301656 9.72132752736409 9.69042118390401
10.5857206980387 10.5533173878988 10.7413138707479 10.9255756060282 10.8492998123169 10.6940870920817 10.7838917414347 0 0 0 0 10.5323961257935 10.6780672391256 0 0 0 0 10.6248471260071 10.5986907641093 10.5373003323873 10.6201619148254 10.5948367118835 10.6057598431905 10.6243467648824 0 10.6317792256673 10.6644104003906 10.6319071133931 0 10.6746146519979 10.5296672503153 0 0 0 0 0 0 10.608861541748 10.558518409729 10.5781372388204 10.5769320487976 10.5074480692546 10.4652436256409 10.4513313293457 10.447017288208 10.3808177312215 10.3134810765584 10.2806719779968 10.2429036458333 10.1860219637553 10.1483368237813 10.1043804486593 10.0445206801097 10.0024935563405 9.92626194953919 9.86748309135437 9.84600044886271 9.79424875577291 9.76203564008077
11.3420267422994 11.1174485206604 11.188877137502 11.2254609425863 10.9643151601156 0 0 0 0 0 0 0 0 0 0 0 0 0 0 0 10.7038875897725 10.7487588564555 10.7379389762878 0 0 0 10.8207153638204 10.7665535926819 0 0 0 0 0 0 0 0 0 0 10.7079400380452 10.6933602333069 10.6564714113871 10.6196828842163 10.5977264404297 10.5935731252035 10.5494216601054 10.5360050837199 10.4493165651957 10.4157022158305 10.37957239151 10.3039884567261 10.2433350563049 10.1979635238647 10.1363787333171 10.0769726276398 10.0345364570618 9.97396988868713 9.93245236078898 9.8787636756897 9.84561613400777
12.1047643025716 12.4354282697042 12.0063323020935 11.3446942011515 11.6339700380961 0 0 0 0 0 0 0 0 0 0 0 0 0 0 0 0 0 0 0 0 0 10.9827249844869 10.9298309961955 0 0 0 0 0 0 0 0 0 0 0 10.8108416239421 10.7947151184082 10.7744978904724 10.7531693458557 10.711265818278 10.6474766413371 10.6525379816691 10.6178249041239 10.5427906990051 10.4867994944255 10.4657850583394 10.4038679440816 10.3388364156087 10.2586563746134 10.1976582527161 10.1540339787801 10.0920645713806 10.0311452229818 9.99295843442281 9.93852739334107
13.2733191808065 12.6380546251933 12.4959715207418 11.8147961934408 0 0 0 0 0 0 0 0 0 0 0 0 0 0 0 0 0 0 0 0 0 0 0 0 0 0 0 0 0 0 0 0 0 0 0 0 10.9340432484945 10.8973622639974 10.8757688522339 10.8130248069763 10.7655185699463 10.7518357276917 10.7178955078125 10.6440552075704 10.6228529612223 10.599908097585 10.5368193308512 10.4730732282003 10.3921785672506 10.3293836593628 10.2659274419149 10.222110525767 10.1791577657064 10.1193857034047 10.0640856742859
13.7357504208883 13.3272762298584 12.4819183349609 12.4865628560384 0 0 0 0 0 0 0 0 0 0 0 0 0 0 0 0 0 0 0 0 0 0 0 0 0 0 0 0 0 0 0 0 0 0 0 0 0 11.0329483350118 10.9897495587667 0 0 0 0 0 10.7701337814331 10.7087489128113 10.6642037391663 10.6205792427063 10.5753563563029 10.4912817637126 10.4072397867839 10.363533782959 10.3210645357768 10.2397429784139 10.1986646652222
14.2417898813883 12.9405923843384 13.5929391225179 13.3648127237956 0 0 0 0 0 0 0 0 0 0 0 0 0 0 0 0 0 0 0 0 0 0 0 0 0 0 0 0 0 0 0 0 0 0 0 0 0 0 0 0 0 0 0 0 0 0 10.8017958323161 10.7559885025024 10.7299660364787 10.6634968439738 10.5782203356425 10.4945669174194 10.4516437530518 10.4075446128845 10.3821646372477
14.4249112447103 14.2565058072408 13.7648350079854 13.649836063385 0 0 0 0 0 0 0 0 0 0 0 0 0 0 0 0 0 0 0 0 0 0 0 0 0 0 0 0 0 0 0 0 0 0 0 0 0 0 0 0 0 0 0 0 0 0 0 0 10.8348552068075 10.8062371571859 10.8175224939982 10.7321843783061 10.6694977124532 10.5473301251729 10.5406943003337
