ET0/medie/MEDIA_ET0_07.asc
NCOLS 177 
NROWS 174 
XLLCORNER 1436301.375 
YLLCORNER 4916704.5 
CELLSIZE 1500 
NODATA_value -9999 
[rows 24 to 47 of 174, columns 54 to 107 of 177]
-9999 -9999 90.6957427978516 88.5391092936198 92.0861902872721 98.6614817301432 112.661286417643 97.0738917032878 91.1235295613607 81.4192245483398 89.0439641316732 96.0683654785156 81.8681605021159 -9999 -9999 -9999 -9999 -9999 -9999 -9999 -9999 -9999 -9999 -9999 -9999 -9999 -9999 -9999 -9999 -9999 -9999 -9999 -9999 -9999 -9999 -9999 -9999 -9999 -9999 -9999 -9999 -9999 -9999 -9999 -9999 -9999 -9999 -9999 72.9531023661296 73.1848754882812 79.511873626709 71.1888264973958 73.8284024556478 74.4451189676921
-9999 -9999 -9999 86.9467885335286 95.5932810465495 94.4581756591797 107.362966918945 109.24741973877 103.533046976725 94.9245880126953 85.4941055297852 90.6096496582031 85.820285542806 -9999 -9999 -9999 -9999 -9999 -9999 -9999 -9999 -9999 -9999 -9999 -9999 -9999 -9999 -9999 -9999 -9999 -9999 -9999 -9999 -9999 -9999 -9999 -9999 -9999 -9999 -9999 -9999 -9999 -9999 -9999 -9999 -9999 -9999 -9999 71.9185696919759 75.3931770324707 72.1022064208984 71.938218943278 74.116237894694 81.1073463439941
-9999 -9999 -9999 84.030849202474 87.3883422851563 94.4290786743164 107.494104003906 105.579360961914 90.2300537109375 90.6077102661133 82.8544921875 87.763921101888 85.219943745931 -9999 -9999 -9999 -9999 -9999 -9999 -9999 -9999 -9999 -9999 -9999 -9999 -9999 -9999 -9999 -9999 -9999 -9999 -9999 -9999 -9999 -9999 -9999 -9999 -9999 -9999 -9999 -9999 -9999 -9999 -9999 -9999 -9999 76.1522850036621 74.0703653971354 72.2570610046387 72.4404609680176 71.9911641438802 71.6760442097982 77.546898651123 85.9452000935872
-9999 -9999 -9999 87.4998875935872 91.3005935668945 89.2240259806315 104.410604349772 112.485979207357 95.6320164998372 90.3193283081055 84.5343872070312 86.414860534668 80.2446217854818 86.0592280069987 -9999 -9999 -9999 -9999 -9999 -9999 -9999 -9999 -9999 -9999 -9999 -9999 -9999 -9999 -9999 -9999 -9999 -9999 -9999 71.9361902872721 64.7498532613119 70.6159759521484 64.3949974060059 66.3821721394857 69.3534243265788 -9999 -9999 -9999 -9999 -9999 -9999 -9999 72.7004239400228 76.7019994099935 73.7851130167643 73.4865295410156 77.7841618855794 82.1188901265462 93.2740224202474 84.0061381022135
-9999 -9999 -9999 85.3877568562826 91.6488047281901 93.7881454467773 100.984400939941 115.354970296224 99.8467636108398 95.6081726074219 89.1097305297852 89.3484420776367 93.9375508626302 87.9479192097982 90.2237508138021 -9999 -9999 -9999 -9999 -9999 -9999 -9999 -9999 -9999 -9999 -9999 -9999 -9999 -9999 -9999 -9999 72.4633583068848 74.0125785827637 75.2648839314779 75.5783907572428 73.1227457682292 71.3598159790039 71.3497881571452 71.0640258789062 70.6878039042155 -9999 -9999 -9999 -9999 -9999 73.3991836547852 73.9718416849772 79.8455304463704 76.375107828776 72.7635406494141 73.0467221577962 73.7034159342448 80.8823244730632 88.2703704833984
-9999 -9999 -9999 -9999 92.3273244222005 106.554350789388 110.501040140788 113.791091918945 105.385944112142 98.3765762329102 103.833679199219 100.566523234049 100.849180603027 99.0931722005208 96.1105651855469 101.464311726888 -9999 -9999 -9999 -9999 -9999 -9999 -9999 -9999 -9999 -9999 80.3519526163737 76.1210754394531 76.0868843078613 74.1576858520508 76.3285059611003 72.71351369222 73.4391092936198 76.6477007548014 79.7043195088704 75.0302062988281 73.2477882385254 76.1856564839681 75.6978340148926 73.0208839416504 -9999 -9999 -9999 -9999 -9999 75.0337585449219 75.6701792399088 84.7309277852376 74.1072235107422 74.9885630289714 73.7823092142741 73.9486516316732 91.3621790568034 94.652436319987
-9999 -9999 -9999 -9999 97.4250035603841 97.5600748697917 102.213922627767 113.81709391276 111.977135721842 111.628592427572 116.745660909017 113.703938802083 111.842643737793 113.612307739258 112.785647074382 114.853575642904 -9999 -9999 -9999 -9999 -9999 -9999 -9999 -9999 -9999 80.0328404744466 77.9278305053711 86.1335174560547 78.0283584594727 78.0508041381836 87.2260798136393 79.3001703898112 80.1680951436361 77.4272527058919 80.8883593241374 76.2445007324219 75.4790145874023 78.1931073506673 79.7814506530762 75.0612462361654 -9999 -9999 -9999 -9999 -9999 74.0572105407715 74.9543312072754 81.2073984781901 87.8896550496419 88.9189575195312 95.7513768513997 89.4167215983073 89.4141230265299 93.7296859741211
-9999 -9999 -9999 90.8440572102865 95.4052210489909 95.962158203125 102.628820800781 110.42300974528 117.564398193359 119.561483764648 113.889303080241 115.503982543945 113.177396647135 110.162229410807 110.453394063314 107.747700500488 102.354999287923 -9999 -9999 -9999 -9999 -9999 -9999 -9999 -9999 78.880056254069 78.7543116251628 87.1641977945963 90.5710301717122 99.5971801757812 99.2613866170247 92.1249847412109 82.9476791381836 75.9042226155599 84.7254791259766 82.3582448323568 73.3759974161784 85.2157155354818 81.0517588297526 75.5776125590007 76.7150741577148 -9999 -9999 -9999 -9999 -9999 73.5391413370768 73.8661249796549 79.8573954264323 74.5976315816244 85.9910713195801 89.7591512044271 99.3227915445964 97.2350021362305
-9999 -9999 -9999 90.1852803548177 96.3444112141927 104.666319274902 110.480075581868 114.873848978678 120.794237263997 117.05454864502 108.677614847819 105.885957845052 99.9782745361328 101.10434773763 93.1036636352539 93.7825586954753 92.0161931355794 83.1488225301107 89.3005325317383 -9999 -9999 -9999 -9999 -9999 -9999 73.3569725036621 77.8280253092448 85.0731257120768 93.923329671224 83.3900751749674 89.9642618815104 104.687680562337 97.0962188720703 86.14794921875 83.4468676249186 89.0222620646159 86.6133651733398 78.8278483072917 76.6434804280599 75.4810768127441 76.6248494466146 -9999 -9999 -9999 -9999 -9999 79.7478459676107 72.73212890625 73.504323832194 75.7370745340983 73.3802563985189 77.3698359171549 97.2879964192708 110.90152537028
-9999 -9999 100.326568603516 95.1103597005208 104.381687927246 102.608303833008 109.60716603597 118.856539408366 121.886269632975 112.462162272135 109.554718017578 106.563096618652 89.0984497070312 96.3714594523112 90.0535766601563 85.5910837809245 89.9986470540365 89.8363052368164 80.8399856567383 77.8436655680339 77.9877395629883 81.2294438680013 78.9822814941406 80.0461847941081 74.3453196207682 72.484721883138 80.9501841227214 83.9796635945638 83.4428024291992 80.409309387207 81.8423830668132 91.4473714192708 101.761918640137 85.3553237915039 82.0271466573079 99.8925247192383 86.1036773681641 80.4361551920573 77.7244951883952 74.5320246378581 75.5591888427734 -9999 -9999 -9999 -9999 -9999 -9999 73.3432322184245 72.8880620320638 76.8717442830404 72.6475435892741 76.6867680867513 89.7852381388346 115.66979675293
-9999 -9999 92.0855560302734 94.1450739542643 99.2935429890951 101.08257598877 112.326838175456 117.126772562663 122.409272257487 119.869489034017 108.035380554199 92.4311284383138 88.7689051310221 91.3991892496745 88.0715393066406 90.3424504597982 103.303142801921 85.422910563151 83.5733245849609 87.1346333821615 79.1386072794596 81.661730448405 83.6695281982422 85.9688491821289 83.1282735188802 80.6530181884766 76.2292978922526 76.3467829386393 78.9979426066081 78.2334584554036 78.9238446553548 86.8412562052409 110.598066711426 105.035144551595 107.682524108887 101.080821736654 82.2820958455404 80.0290245056152 74.1558382670085 73.371592203776 74.4975713094075 75.0040204366048 77.142977142334 -9999 -9999 -9999 -9999 -9999 73.0120930989583 72.4691884358724 72.559516398112 85.180202738444 104.896405537923 120.726195780436
-9999 91.7898508707682 99.3836095174154 111.132704671224 111.205806986491 112.248931376139 106.863878885905 112.120955912272 122.067014567057 122.211510213216 110.484458414714 97.6247670491536 94.6623926798503 102.96723836263 104.536680094401 106.638540140788 102.801799519857 88.3742919921875 87.7448125203451 89.0784169514974 85.0310155232747 89.5577239990234 90.3351450602214 101.918153889974 98.5926259358724 83.9151885986328 75.4708740234375 71.9069068908691 76.3942265828451 77.7287150065104 82.658528137207 97.8345692952474 111.895896911621 109.775836181641 102.967324320475 87.0918991088867 77.4982027689616 77.3963027954102 76.24132715861 75.8454083760579 80.0124532063802 90.6544677734375 76.5766647338867 75.4075930277507 -9999 -9999 -9999 -9999 -9999 72.9393615722656 76.1606381734212 88.3775543212891 114.524122619629 121.874013264974
-9999 99.0853546142578 109.775698343913 97.068500773112 108.321246337891 110.017114766439 103.993966166178 112.459521484375 117.323685709635 122.081272379557 121.598452758789 111.240971883138 103.339142862956 109.921543884277 96.8762756347656 93.3909525553385 94.4578328450521 84.3283284505208 92.9205968221029 100.543476867676 94.2570073445638 107.694044494629 107.428533426921 93.2132832845052 84.4523234049479 79.1799733479818 79.7337972005208 78.0635325113932 78.2875940958659 80.5555844624837 86.6508941650391 98.0157974243164 112.778680928548 95.2801696777344 82.2924784342448 77.7099314371745 81.8084620157878 79.8444272359212 74.9709513346354 74.86607615153 75.7617599487305 92.5854354858398 75.1113995869954 74.1740488688151 -9999 -9999 -9999 -9999 84.6858632405599 80.7037485758463 84.2824231465658 107.043193562826 121.512335205078 118.831964111328
-9999 99.0361323038737 100.926420084635 94.4660100301107 95.9137145996094 98.1753204345703 99.2944712320964 102.921805318197 111.902922058105 121.579184468587 121.618325297038 114.230150349935 103.737046305339 110.091145833333 101.66508585612 88.9140665690104 80.8310475667318 83.3894134521484 92.6605585734049 102.957924397786 108.714474995931 109.052969360352 86.1551447550456 82.2309026082357 81.768940226237 84.7633407592773 79.8148849487305 79.5951482137044 84.8037083943685 85.7296447753906 92.6049311319987 103.765567016602 111.716397094727 107.769651794434 88.4073237101237 88.4884053548177 77.3427149454753 76.3224533081055 74.5953608194987 76.6918436686198 78.5885348002116 94.8728764851888 75.2801043192546 74.8417498270671 -9999 -9999 -9999 117.952804056803 101.401058451335 103.814319864909 111.398922220866 121.040548706055 120.869388326009 105.69127553304
94.3858693440755 97.6059199015299 97.0432576497396 102.275723775228 99.7505864461263 93.3802581787109 95.7322006225586 99.4280420939128 110.661597188314 113.122071329753 121.008828735352 121.047076416016 110.475220743815 108.793774922689 94.3979487101237 84.917822265625 86.361540222168 80.8102289835612 82.1899281819662 87.4106185913086 86.2423355102539 108.983880106608 92.4270401000977 97.7871770222982 92.3186157226562 83.6464182535807 81.2894449869792 81.7865058898926 80.0537892659505 80.6120508829753 83.7268325805664 87.9913314819336 108.896954854329 109.75030670166 80.7643427530924 100.186692810059 76.6690129597982 77.7760553995768 76.7577265421549 76.0138417561849 84.1561302185059 83.7117805480957 74.726229095459 74.3347366333008 76.4617436726888 77.5217239379883 86.2292948404948 107.40885365804 119.751249694824 120.352557373047 117.330453491211 115.059001668294 108.911088053385 89.8120035807292
98.2893427530924 102.502587381999 107.404188537598 103.816673787435 106.739519755046 103.541202290853 96.9393737792969 96.1369801839193 99.4130218505859 101.732313537598 110.382469685872 115.934491475423 119.48983001709 108.252714029948 98.0122248331706 95.5887583414713 94.9417902628581 85.2551417032878 87.099555460612 86.166482035319 90.6389414469401 107.803368123372 106.980353800456 91.7908014933268 86.9943252563477 85.7132354736328 84.0108286539714 81.356755065918 83.704106648763 86.8769536336263 81.7133247375488 80.9317718505859 93.6887110392253 111.954668172201 104.738057454427 93.6215377807617 83.1708079020182 80.3885950724284 86.460585530599 79.4455670674642 100.632005818685 92.358322652181 76.4335744222005 87.8552118937175 81.9659294128418 101.590770467122 106.247657267253 119.089558919271 119.579920450846 117.153380330404 104.55663655599 109.100398254395 84.8839645385742 79.8542101542155
107.52932434082 103.850336710612 99.8753133138021 104.59502919515 113.47143758138 109.767082214355 103.104509480794 104.932171630859 107.246564229329 107.555530802409 113.737967936198 120.163744099935 119.0117090861 108.625757344564 107.071210734049 97.1503326416016 89.9517659505208 84.0601481119792 83.7858866373698 93.5639851888021 103.371034240723 108.743409220378 99.4057851155599 102.924249267578 101.370389811198 107.201567077637 99.7249221801758 103.678616841634 102.91324412028 97.1820505777995 88.6056045532227 81.7341916402181 92.8415969848633 111.69725189209 109.540224202474 94.6471842447917 93.9155944824219 102.060418701172 107.171345011393 102.531165568034 112.065679423014 86.4400380452474 87.0067296346029 93.9990300496419 103.808526102702 111.447070821126 118.191054789225 118.929314168294 106.421155802409 94.4922317504883 83.9060806274414 79.0720090230306 80.67814356486 88.7833674112956
114.179157511393 112.963174947103 112.338552856445 107.603830973307 113.4505956014 113.81559753418 110.441579691569 110.985065205892 111.794624328613 111.115038553874 119.59379679362 119.501586914062 109.086151123047 104.598166910807 91.1413487752279 88.2384801228841 86.3877304077148 85.9092041015625 90.4771779378255 91.5174031575521 106.095301310221 107.048883565267 107.906254577637 108.802240498861 109.043902079264 109.319344075521 106.22913869222 108.751695760091 107.859759012858 107.621074930827 105.572876485189 106.386385091146 106.704112752279 113.941148376465 110.658147684733 110.834856160482 109.943707784017 110.167090352376 111.174942016602 111.374578857422 112.426214599609 107.270828755697 103.795251464844 103.776553853353 109.236323547363 117.526460266113 118.567706298828 114.718765767415 104.694388326009 87.3284200032552 83.2389068603516 85.5948766072591 84.4694936116536 94.4385223388672
115.870237731934 115.400579833984 114.869069925944 113.73215637207 114.384488932292 115.830178833008 112.556638590495 115.358743286133 119.388870239258 119.433636983236 119.224624125163 117.513536580404 106.209382629395 104.370367431641 102.584509277344 99.7267623901367 101.683478800456 94.5021123250326 101.342196146647 104.934297688802 107.189324951172 108.93157602946 116.655817667643 117.734595743815 117.619849650065 117.751392110189 114.840270996094 113.615886433919 113.299055989583 113.218677775065 114.435511271159 109.966594950358 111.956877644857 118.484029642741 118.529530843099 118.524636332194 118.826252746582 117.605613708496 115.512144470215 116.112592061361 117.323270670573 114.435773213704 111.126734924316 111.572895304362 112.541448974609 117.789883422852 116.432008361816 107.642311096191 99.7402236938477 97.9909123738607 100.453402201335 109.095720926921 109.767254130046 110.858734130859
115.476991271973 116.201930745443 117.803066507975 117.028648376465 113.976283772786 115.715656534831 116.972356160482 119.658405558268 119.283679199219 119.172563680013 118.773970540365 113.03999786377 113.189427693685 111.787410481771 110.820115661621 109.507897949219 109.170353190104 106.246010335286 106.228581746419 108.410892740885 108.345341491699 109.650162760417 116.310204569499 112.260202026367 115.61423441569 113.974260965983 116.985221862793 117.255582173665 117.416034952799 117.33414662679 117.311750284831 117.278826395671 116.13891398112 115.745928446452 114.444092814128 114.296961466471 112.676678466797 115.951755269368 114.702586364746 115.066350809733 115.211687723796 116.944459533691 117.028568013509 116.945139058431 116.885408528646 114.563537597656 105.197657775879 97.5160700480143 103.331659444173 100.256333414714 93.0608245849609 100.346151224772 94.1362508138021 91.036442565918
110.710703531901 112.936182657878 115.177375284831 116.425169881185 119.324695332845 119.844532267253 119.659026082357 119.288320414225 118.161744181315 118.612036641439 118.371909077962 118.357772318522 118.205275472005 117.865488179525 117.613389587402 117.523252868652 116.929085286458 114.956275939941 116.13275604248 115.707966105143 115.518600972493 114.05825398763 106.715122477214 106.391018676758 102.200494384766 103.07515818278 107.171780395508 109.788909912109 110.174689229329 108.184709676107 108.343307495117 109.413329569499 108.4556737264 107.530431111654 106.323738606771 106.942144775391 105.334703572591 106.963185119629 104.995235697428 105.492502339681 106.040842692057 109.088204447428 110.844940185547 105.339932759603 105.792273457845 103.009018452962 104.09685160319 91.994265238444 87.5450063069661 79.4495531717936 86.8607935587565 94.8539016723633 77.7559377034505 73.5704783121745
117.913797505697 118.158726501465 117.425000508626 119.680673217773 119.90659383138 119.525120544434 119.282796223958 118.645826721191 116.092701721191 113.890903218587 110.614456176758 116.967602030436 116.206038920085 112.99065246582 111.170991007487 110.428676350911 115.516117858887 115.049850972493 114.38400777181 111.034192403158 110.400792439779 109.414968363444 105.757083638509 104.500073750814 89.1958119710286 90.4087412516276 95.5854359944662 106.284861755371 103.62978108724 93.9524719238281 102.63783976237 104.135619608561 99.9259373982747 103.916999816895 88.6515324910482 107.615114339193 87.2380213419596 93.5252065022786 92.2754348754883 90.4615590413411 97.9475616455078 99.6710037231445 99.376904296875 86.5208119710286 86.3282323201497 85.4816940307617 94.2426472981771 88.7345397949219 73.7957867940267 77.0489321390788 80.500705464681 78.063444519043 82.015278116862 72.8674102783203
114.349193827311 114.230495198568 116.285075887044 120.098811340332 119.59806060791 115.870768229167 118.549156697591 115.446356201172 113.341535949707 111.19222462972 107.541789245605 108.096673075358 107.89095509847 104.713107299805 104.330627950033 105.095409138997 105.673904927572 106.207503255208 106.139224243164 103.456016540527 104.014388020833 104.630357869466 99.1812067667643 96.2686859130859 96.692729695638 86.1719988505046 82.3241727193197 102.117813618978 87.5818511962891 98.4716623942057 80.7597434997559 102.538568623861 93.614219156901 83.8560684204102 82.1738225301107 105.370877583822 83.4824371337891 85.0996536254883 76.0497759501139 79.5463048299154 94.9933670043945 85.154719543457 85.9272664388021 86.091904703776 76.0121510823568 77.0289655049642 77.699026743571 100.957479858398 76.184051767985 74.719521077474 75.8682833353678 78.0070004781087 79.7710141499837 72.8274124145508
101.567046610514 113.352977498372 116.848497517904 119.79908803304 119.303816223145 117.880817159017 111.679689025879 110.428359476725 110.721645100911 107.333159383138 94.7049641927083 99.8822570800781 107.159784444173 105.632874043783 94.1982391357422 93.5130711873372 99.6640050252279 106.074877421061 104.222610982259 104.192454528809 91.5604410807292 97.6883377075195 86.0562838236491 98.225830078125 95.7002568562826 82.5897323608398 80.5597424825033 94.7178914388021 90.3450017293294 92.4452667236328 80.5926684061686 89.0196863810221 81.6624941507975 78.128982035319 94.2232711791992 95.2808069864909 85.8366147359212 75.9060424804688 75.5678838094075 77.9747131347656 88.6757873535156 74.7396227518717 88.3614741007487 74.1939422607422 74.488729095459 74.0909039815267 75.2112180074056 93.1909016927083 76.8614845275879 73.2012481689453 78.282613881429 72.8786120096842 72.8404322306315 73.044506072998
