ET0/medie/MEDIA_ET0_12.asc
NCOLS 177 
NROWS 174 
XLLCORNER 1436301.375 
YLLCORNER 4916704.5 
CELLSIZE 1500 
NODATA_value -9999 
[rows 104 to 129 of 174, columns 0 to 58 of 177]
0 0 0 0 0 0 0 0 0 0 0 0 0 0 0 0 0 0 8.76773662567139 8.53837521870931 8.34693762461344 8.14325555165609 7.93480761845907 7.71681216557821 7.51646916071574 0 0 0 6.78079045613607 6.62082592646281 6.44281001091003 6.21810971895854 6.07881350517273 5.93605217933655 5.74633901913961 5.62953839302063 5.30733009974162 5.14847297668457 5.05514542261759 5.04713276227315 5.1707405090332 5.09315520922343 5.02854832808177 4.97017571131388 4.9010644753774 4.82922777334849 4.80069614251455 4.75325610637665 4.7626656293869 4.67303197383881 4.62289988994598 4.59283288319906 4.58901546796163 4.58166615962982 4.55440586407979 4.54899090925852 4.52459645271301 4.52304091453552 4.51218094825745
0 0 0 0 0 0 0 0 0 0 0 0 0 0 0 0 0 0 8.71912396748861 8.51340103149414 8.32581434249878 8.08980019887288 7.88157895406087 7.68825680414836 7.49975671768189 7.2999906539917 0 0 6.73691341082255 6.54393887519836 6.34872387250264 6.13620416323344 5.97096497217814 5.81690400441488 5.81779109636943 5.8672530968984 5.399942334493 5.14796824455261 4.92544610500336 4.92347535292308 4.9104342063268 5.02362354596456 4.98159359296163 4.93314367135366 4.85439238548279 4.81334439118703 4.79491562843323 4.70692466100057 4.65667802492777 4.61930129528046 4.6054877281189 4.56379542350769 4.55639311869939 4.54926098982493 4.51816407442093 4.54101180632909 4.54994633595149 4.5194154103597 4.48689522345861
0 0 0 0 0 0 0 0 0 0 0 0 0 0 0 0 0 8.78509833017985 8.64911228815714 8.48549168904622 8.2869886080424 8.07770849863688 7.84836349487305 7.68193324406942 7.42860781351725 7.25674686431885 0 6.85906848907471 6.66449639002482 6.46674030621847 6.26202692985535 6.09148772557576 5.93014993667603 5.76159761746724 5.88900752067566 5.93806546529134 5.34473746617635 5.18413580258687 4.95576691627502 4.79662489096324 4.8827930132548 4.97136693795522 4.91691993077596 4.86364715894063 4.81412784258525 4.7657706896464 4.7149578332901 4.63365110556285 4.60580613613129 4.58561821778615 4.56749864419301 4.53057817618052 4.53228566249212 4.51516592899958 4.51425851583481 4.50304263035456 4.48267649014791 4.52747319539388 4.52422460714976
0 0 0 0 0 0 0 0 0 0 0 0 0 0 0 0 0 8.74767344792684 8.57103226979573 8.44534972508748 8.2597536722819 8.04142379760742 7.82860368092855 7.64818579355876 7.41688588460286 7.21797014872233 7.04232699076335 6.81864431699117 6.6238697052002 6.44286683400472 6.25856138865153 6.06487081845601 5.90601851145426 5.74867788950602 5.65137666066488 5.50974864959717 5.3205263932546 5.18082118034363 4.93083600997925 4.79433240095774 4.84729879697164 4.93711527983348 4.85099759101868 4.82603556315104 4.74523462454478 4.7088577191035 4.67334286371867 4.58274376789729 4.57767012119293 4.5717759291331 4.5636123418808 4.52101285060247 4.51066784858704 4.52305090427399 4.50995893478394 4.46980803410212 4.48918202718099 4.54135584036509 4.53393434286118
0 0 0 0 0 0 0 0 0 0 0 0 0 0 0 0 0 8.72888482411702 8.54097938537598 8.42000589370728 8.21033169428508 8.02940982182821 7.84110066095988 7.61553958257039 7.39488293329875 7.16815849939982 6.9979554494222 6.78737099965413 6.6264627456665 6.44446212450663 6.24225042661031 6.06208583513896 5.90240163803101 5.7394474029541 5.60760812759399 5.46042639414469 5.34644021987915 5.14718550046285 4.87898159821828 4.75958313941956 4.67133316993713 4.89642407099406 4.83666162490845 4.75688823858897 4.70278712113698 4.66549671490987 4.65547628800074 4.57555632988612 4.56323269605637 4.54898384809494 4.5561487476031 4.51791861057282 4.498501988252 4.53761721849442 4.50968389113744 4.49217113852501 4.50549424091975 4.57767068942388 4.59737009008725
0 0 0 0 0 0 0 0 0 0 0 0 0 0 0 0 0 0 8.54534517923991 8.3583194732666 8.18105398813884 7.99530646006266 7.80759760538737 7.59867124557495 7.36316957473755 7.14271580378214 6.96327880223592 6.81669322649638 6.61431048711141 6.38725508054098 6.22353978157043 6.04223586718241 5.877592198054 5.7281182607015 5.56692147254944 5.47149117787679 5.31941736539205 5.19370494683584 4.86886088848114 4.76118903954824 4.61609760125478 4.54231491088867 4.67997516791026 4.72863077322642 4.68422010739644 4.61797782580058 4.62265750964483 4.55622717936834 4.56003628174464 4.52732485930125 4.5210559686025 4.5318862080574 4.53116739590963 4.53739283084869 4.53488995830218 4.54975510438283 4.5538912653923 4.57331905961037 4.65717093149821
0 0 0 0 0 0 0 0 0 0 0 0 0 0 0 0 0 0 8.47138220469157 8.33141638437907 8.16707369486491 7.96744794845581 7.73728361129761 7.53703864415487 7.34342673619588 7.12018219629924 6.91184714635213 6.73905501365662 6.52747704188029 6.36707143783569 6.17742226918538 6.0425315062205 5.86635489463806 5.71983760197957 5.56103779474894 5.44291814168294 5.30466726620992 5.17032617727915 4.88028558095296 4.79021697839101 4.60180328687032 4.53013546864192 4.4868110537529 4.69080251057943 4.67958554426829 4.63787649869919 4.5984290877978 4.56998515923818 4.58190281788508 4.53658701380094 4.54672265251478 4.52796052694321 4.55868721803029 4.56486455996831 4.56300962368647 4.590125477314 4.62096514900525 4.60376102725665 4.70156980951627
0 0 0 0 0 0 0 0 0 0 0 0 0 0 0 0 0 0 8.47937037150065 8.35341482162476 8.17777881622314 7.90816173553467 7.68779099782308 7.46794083913167 7.30040397644043 7.11752020517985 6.9043514251709 6.7344309647878 6.53568525314331 6.36271271705627 6.18765824635824 6.03343288103739 5.88516426086426 5.73777397473653 5.57409030596415 5.43059461911519 5.28699702421824 5.14334065914154 5.02440373897552 4.72336069742839 4.61294573148092 4.51418748696645 4.46049557129542 4.46536283493042 4.45229187409083 4.59105294545492 4.56126930713654 4.54305424690247 4.57751936912537 4.5767230729262 4.56352464755376 4.58030854066213 4.60345384677251 4.60595649679502 4.61634762585163 4.6798507531484 4.72058223088582 4.71282138824463 4.73138757944107
0 0 0 0 0 0 0 0 0 0 0 0 0 0 0 0 0 0 8.48637027740478 8.34113394419352 8.16637544631958 7.88362894058228 7.65877135594686 7.47380800247192 7.29778706232707 7.12221949895223 6.88966776529948 6.72858435312907 6.54081285794576 6.3575218518575 6.19929474194845 6.03928753534953 5.88395482699076 5.74308121999105 5.59720323880514 5.43260170618693 5.27232286135356 5.16699134508769 5.04942692915599 4.87508154710134 4.6315445860227 4.52186269760132 4.45283871889114 4.42390291293462 4.39803947210312 4.51597104867299 4.54309702515602 4.54862136244774 4.56906983057658 4.60455937981606 4.60550872087479 4.62557587623596 4.6282291640838 4.69395232697328 4.68759744465351 4.65368584791819 4.75603182911873 4.8009249428908 4.82970963219802
0 0 0 0 0 0 0 0 0 0 0 0 0 0 0 0 0 0 8.42495883305867 8.34164733886719 8.1286618232727 7.89318475723267 7.64726893107096 7.49680131276449 7.30924984614054 7.109286181132 6.89685719807943 6.75043573379517 6.57485740979513 6.37798606554667 6.19524064064026 6.05211544036865 5.91252346038818 5.7693572362264 5.60065612792969 5.42465283075968 5.29177378018697 5.17454679012299 5.06705590883891 4.96952195167542 4.76567962169647 4.57473511298498 4.50719281435013 4.45780403415362 4.41533164381981 4.36303195158641 4.45646183590094 4.59357775449753 4.59327374994755 4.60897413392862 4.59764146208763 4.65231460034847 4.68370837966601 4.70406487385432 4.73645274738471 4.72907918790976 4.80550317267577 4.87466546694438 4.90874991615613
0 0 0 0 0 0 0 0 0 0 0 0 0 0 0 0 0 0 0 8.27367340723674 8.12962627410889 7.92316675186157 7.69802277882894 7.5435783068339 7.34205668767293 7.11419445673625 6.91215343475342 6.76784443855286 6.59499389330546 6.42188580830892 6.22883776028951 6.0852104028066 5.93922249476115 5.76316118240356 5.59384608268738 5.45783348083496 5.29616058667501 5.18254925409953 5.07684731483459 4.99488308429718 4.88298104206721 4.59355339606603 4.54106223185857 4.50968825618426 4.45745837887128 4.36621548930804 4.35664438605309 4.36051270800332 4.58065690994263 4.57918874323368 4.69331757326921 4.78782447079817 4.73617912332217 4.77568066716194 4.80155373116334 4.84574084579945 4.88789074917634 4.9236477692922 4.93693755269051
0 0 0 0 0 0 0 0 0 0 0 0 0 0 0 0 0 0 0 8.35303602218628 8.16286010742187 7.95605341593425 7.73630177179972 7.56392491658529 7.37408173878988 7.14200220108032 6.96376466751099 6.80215961138407 6.62917100588481 6.43330631256103 6.25867319107056 6.07415092786153 5.93416051864624 5.78872348467509 5.62724347909292 5.46523174444834 5.32781577110291 5.20008906523387 5.10599830150604 5.01099103291829 4.92278911272685 4.87885870138804 4.58999729355176 4.54464478095373 4.5203270037969 4.46926012833913 4.4182087769111 4.40981967921058 4.41998688628276 4.46071317344904 4.80137412150701 5.21836274862289 4.76541379094124 4.9484918743372 4.8630813797315 4.90913139333328 4.98391137619813 5.04490792453289 5.09105532169342
0 0 0 0 0 0 0 0 0 0 0 0 0 0 0 0 0 0 0 8.3569681485494 8.20222651163737 7.99050305684408 7.76212838490804 7.57872664133708 7.41038125356038 7.20304126739502 7.00283942222595 6.85151540438334 6.67752820650736 6.4752242565155 6.29141292572021 6.09906255404154 5.951247437795 5.83083165486654 5.6619448184967 5.50219388802846 5.3702624241511 5.24872264862061 5.1562449614207 5.07609475453695 4.99702576001485 4.94195022185643 4.89091649452845 4.80210097630819 4.58920631508032 4.57605017324289 4.52062673171361 4.51219319490095 4.50307215228677 4.62659079991281 4.57706527759631 4.63097992539406 4.66990650693576 4.73884581302603 4.91633152216673 5.02579717884461 5.09142490029335 5.16350047290325 5.2341433852911
0 0 0 0 0 0 0 0 0 0 0 0 0 0 0 0 0 0 0 8.42416162490845 8.22261555989583 8.01026156743368 7.83260787328084 7.63842302958171 7.4526483853658 7.28456665674845 7.06132698059082 6.89366688728333 6.69041128158569 6.44695982933044 6.29798447291056 6.13215397198995 5.9766189734141 5.82370615005493 5.68350952466329 5.5644366423289 5.43480957349141 5.33377172152201 5.22320686976115 5.12553489605586 5.11091566085815 5.01981895367304 4.98270248572032 4.90156236688296 4.880251121521 4.85217987298965 4.85416846374671 4.81433118681113 4.63820404993991 4.64628013397257 4.69784644941489 4.70839393784602 4.74104600846767 4.82376099278529 4.98083304812511 5.11191705663999 5.2177342792352 5.31781782110532 5.39673119584719
0 0 0 0 0 0 0 0 0 0 0 0 0 0 0 0 0 0 0 0 8.24572626749674 8.05542046229045 7.88132422765096 7.72869542439779 7.50867789586385 7.30828765233358 7.12604916890462 6.93222133318583 6.73225091298421 6.51025865872701 6.31516427993774 6.16495464642843 6.00714928309123 5.88203093210856 5.747278992335 5.64151512781779 5.52651691436768 5.40002865791321 5.27885871728261 5.18345311880112 5.15695719321569 5.12277648846308 5.0391876856486 5.00460803111394 5.01894500652949 4.9505882581075 4.94014467199643 4.93449778755506 4.77057327181101 4.77579784306387 4.80581617802382 4.85463377013803 4.9035948737214 4.95988358557224 5.02306532859802 5.12235870311658 5.24056212206682 5.45570679108302 5.53781316876411
0 0 0 0 0 0 0 0 0 0 0 0 0 0 0 0 0 0 0 0 0 8.11976286570231 7.92190262476603 7.77098735173543 7.59840631484985 7.39227161407471 7.19356942176819 6.99711333910624 6.7911865234375 6.57950762112935 6.38515461285909 6.21366163889567 6.05948712031047 5.93558963139852 5.80379566351573 5.71533579826355 5.60654199123383 5.47899273236593 5.37956404685974 5.30220264196396 5.21771127382914 5.19437242746353 5.16290580828985 5.14012010892232 5.10552510023117 5.01761253277461 4.89888162513574 4.98781539201736 4.88948323701819 4.91127395890653 4.94569420330226 4.98060729106267 5.05122672182818 5.1233195848763 5.19955046623945 5.27297280629476 5.35624032616615 5.42836394111315 5.50565226276716
0 0 0 0 0 0 0 0 0 0 0 0 0 0 0 0 0 0 0 0 0 0 7.98073336283366 7.82612403233846 7.66664009094238 7.4774792989095 7.29482412338257 7.09141427675883 6.90956250826518 6.71657514572144 6.50005140304565 6.30943771998088 6.16532471974691 6.00944894154867 5.87221728165944 5.77776153882345 5.66575773557027 5.57724541028341 5.45412370363871 5.3922790368398 5.30248386859894 5.22904609044393 5.08999298413595 5.06045854687691 5.04298819303513 5.02038714885712 5.04173324306806 4.99014804661274 5.02227139025927 5.0660701016585 5.0876138518254 5.16205166180929 5.2472872287035 5.32745802799861 5.38675732413928 5.43798044125239 5.50887021720409 5.58533167640368 5.66936979293823
0 0 0 0 0 0 0 0 0 0 0 0 0 0 0 0 0 0 0 0 0 0 8.08756211598714 7.91553376515706 7.76301517486572 7.5584187189738 7.36958564122518 7.15174900690714 6.9795018196106 6.803533411026 6.61604555447896 6.44442895253499 6.23072395324707 6.11555086771647 5.92361916700999 5.86799719333649 5.76125361124674 5.65233713785807 5.56973281701406 5.46058739026388 5.29105532566706 5.25146924257278 5.23244497776031 5.19141327937444 5.1643562455972 5.15715064207713 5.16726899147034 5.11213042934736 5.14649465580781 5.20808147688707 5.26557849148909 5.35658735136191 5.43780497312546 5.52918742895126 5.56709046959877 5.65385342439016 5.72794892390569 5.79735632737478 5.86444977521896
0 0 0 0 0 0 0 0 0 0 0 0 0 0 0 0 0 0 0 0 0 0 0 7.98379780451457 7.81055727005005 7.63523283004761 7.45962964693705 7.30004037221273 7.07729183832804 6.89008920987447 6.73474079767863 6.53518161773682 6.33912375768026 6.2229599793752 5.99464306036631 5.98538083235423 5.8757738272349 5.6404535373052 5.52685736815135 5.45603888829549 5.45090483824412 5.41013930241267 5.37020848989487 5.34654131730398 5.33451226154963 5.32206282814344 5.33722019990285 5.31061950127284 5.35020866195361 5.39277930458387 5.46867859164874 5.54855836629868 5.62841653029124 5.71923973759015 5.79126066764196 5.86726568142573 5.97521796226502 6.05752368370692 6.15030160744985
0 0 0 0 0 0 0 0 0 0 0 0 0 0 0 0 0 0 0 0 0 0 0 8.00118707021077 7.84828249613444 7.67636381785075 7.49443578720093 7.34126035372416 7.10606441497803 6.99364511171977 6.78715934753418 6.59124546051025 6.45889922777812 6.32027436892192 6.07071182727814 5.96925733089447 5.85676550865173 5.74896252155304 5.69383556842804 5.65117092132568 5.55719861984253 5.53586861689885 5.51411650180817 5.50818165143331 5.52838491598765 5.51209474007289 5.54708031614622 5.51802613337835 5.55909846822421 5.60882555445035 5.71033494472504 5.76422303318977 5.83587717016538 5.91447865565618 6.04194404284159 6.16460715929667 6.2604741692543 6.34059124390284 6.50830527941386
0 0 0 0 0 0 0 0 0 0 0 0 0 0 0 0 0 0 0 0 0 0 0 0 7.89830665588379 7.7276203473409 7.56376094818115 7.35783403714498 7.19442596435547 7.04104657173157 6.92472659746806 6.7137395064036 6.61649551391602 6.42140339215597 6.21700296401978 6.11461027463277 5.98877928256988 5.89890417257945 5.69989788532257 5.81079380512238 5.77794327735901 5.7345799167951 5.71209932963053 5.69708040952682 5.71652426322301 5.74020695288976 5.74564942121506 5.77611280282339 5.8129581173261 5.86185110807419 5.93985901673635 6.01000565290451 6.06412032842636 6.14657613436381 6.29182874361674 6.44226503372192 6.56625944375992 8.00582122802734 7.45333801905314
0 0 0 0 0 0 0 0 0 0 0 0 0 0 0 0 0 0 0 0 0 0 0 0 8.0451379776001 7.81596606572469 7.67224696477254 7.45316958427429 7.29134359359741 7.14460023244222 6.9907084941864 6.83886710802714 6.70266927083333 6.60685165723165 6.3738805770874 6.25670404434204 5.93172078132629 6.07534934679667 6.04066417217255 5.9796724319458 5.96280330022176 5.93008373578389 5.91456410884857 5.91369551817576 5.93630170822144 5.95500395695368 5.99762953122457 6.0296900788943 6.11009576320648 6.15705150763194 6.2200656414032 6.27416678667069 6.31919432083766 6.41638904015223 6.534002272288 6.7309272368749 7.07692805926005 9.03463897705078 7.7961829662323
0 0 0 0 0 0 0 0 0 0 0 0 0 0 0 0 0 0 0 0 0 0 0 0 8.14437882105509 7.94559141794841 7.78621114095052 7.564573097229 7.42768205006917 7.28414096832275 7.13221441904704 6.99023159344991 6.82325509389242 6.66881135304769 6.52493572235107 6.42056199709574 6.32485494613647 6.25495171546936 6.23769373893738 6.19448432127635 6.16444567839305 6.15285693009694 6.16001595656077 6.15769465764364 6.18105487028758 6.21236313184102 6.24817018508911 6.31149148146311 6.37665039300919 6.44168472290039 6.48595852851868 6.5539825518926 6.61469674110413 6.71557632287343 7.19619741439819 7.79384923775991 7.33081064224243 8.70447058677673 8.19682927131653
0 0 0 0 0 0 0 0 0 0 0 0 0 0 0 0 0 0 0 0 0 0 0 0 8.17256406148275 8.03464873631795 7.86857124964396 7.707306432724 7.45261626243591 7.37585485776266 7.27249404589335 7.00836494763692 6.89217055638631 0 0 0 0 6.49477035204569 6.44364721775055 6.40006413459778 6.39542191823324 6.38100117842356 6.40831107298533 6.39830105304718 6.4472735563914 6.47286212444305 6.53270034790039 6.56486256122589 6.65268166065216 6.7401526927948 6.82884194850922 7.35204532146454 8.61619474093119 9.48919998804728 8.64670797983805 9.7161278406779 8.46723210016886 9.84811010360718 8.80161492029826
0 0 0 0 0 0 0 0 0 0 0 0 0 0 0 0 0 0 0 0 0 0 0 0 0 0 0 0 0 7.49550422032674 7.3714950243632 7.19799785614014 0 0 0 0 0 6.71369406382243 6.67612314224243 6.6611133257548 6.63545943895976 6.63059343496958 6.68556275367737 6.6707382440567 6.71730095545451 6.76684303283691 6.79311546484629 6.85445173581441 7.0095602273941 7.40512717564901 7.91925921440125 8.65264628728231 8.32656795183818 9.43788442611694 9.35260367393494 9.41704174677531 9.19035243988037 10.2427614529928 8.72893252372742
0 0 0 0 0 0 0 0 0 0 0 0 0 0 0 0 0 0 0 0 0 0 0 0 0 0 0 0 0 0 0 0 0 0 0 0 0 6.96676297187805 6.94899673461914 6.9367779413859 6.89363719622294 6.91918021043142 6.97954796950022 7.04335350195567 7.07534782886505 7.04117814699809 7.08814112345378 7.21974356174469 7.50871454874674 8.47186249097188 8.60819911956787 9.34558935165405 8.90739237467448 9.4369492371877 9.49696817398071 10.3672905286153 9.74081370035807 9.97211348215739 9.02231793403626
