ET0/medie/MEDIA_ET0_03.asc
NCOLS 177 
NROWS 174 
XLLCORNER 1436301.375 
YLLCORNER 4916704.5 
CELLSIZE 1500 
NODATA_value -9999 
[rows 48 to 71 of 174, columns 54 to 107 of 177]
46.9191388448079 53.844229888916 57.3319071451823 55.6586023966471 55.3932978312174 55.6049003601074 53.425505065918 48.4201065063477 49.4408465067546 43.4761072794596 42.6855587005615 46.2048400878906 47.4308901468913 45.4754817962646 46.4308757781982 44.5264684041341 46.7822296142578 50.1807062784831 46.5462083180745 49.0258982340495 46.2224140167236 44.0889195760091 43.4450544993083 46.5745800018311 44.4826184590658 46.3607410430908 42.109326171875 41.8630249023438 44.3392270406087 43.0340492248535 41.8794682820638 44.1099731445313 42.1313032786051 42.2538124084473 41.9894241333008 40.7556460062663 44.8929898579915 40.2693180084229 38.661988957723 38.2417718251546 41.1055506388346 37.0125821431478 37.0024936676025 37.1875308990479 37.2375123341878 37.2305498758952 39.6295416514079 42.6521002451579 38.5262128194173 38.0686459859212 39.3701225280762 37.9144545237223 38.9276074727376 42.0105850219727
48.438720703125 54.5644691467285 57.2013305664062 55.3897473653158 55.2297876993815 55.1927411397298 55.7413106282552 52.849782816569 51.7462994893392 48.1193260192871 46.8942839304606 44.2344530741374 41.7593663533529 44.7780184427897 42.8086446126302 44.6886539459229 47.9452980041504 48.9581103006999 46.123601659139 45.5232761383057 45.6560331980387 44.0749449412028 43.4664546966553 43.2793848673503 42.5943088531494 42.8057601928711 43.1176794687907 41.0891137440999 43.5308181762695 41.036229578654 40.6106576283773 43.6236099243164 40.2095413208008 42.1421390533447 41.5658316294352 39.7500006357829 42.4572912851969 40.2637676239014 38.9758700052897 36.7101383209229 37.0422021230062 38.1852545420329 37.5801987965902 38.7004437764486 39.0067390441895 37.6906038920085 42.3666105906169 40.6182106018066 41.0688756306966 38.1498125712077 39.7717793782552 38.826352818807 41.7459489186605 45.3654304504395
52.2522720336914 56.4796864827474 55.2889589945475 55.361075592041 55.1296890258789 55.2086555480957 52.6753921508789 52.4180328369141 53.7802841186523 51.4425249735514 49.5560201009115 46.3964991251628 47.6120267232259 44.7914543151855 44.0822858174642 42.1809431711833 45.9092716217041 47.1678157806396 45.2069924672445 43.1659386952718 45.5401465098063 42.607021077474 42.3197858174642 41.3769325256348 42.388494237264 40.6089361826579 42.0507336934408 40.0010478973389 41.4158079783122 40.1330113728841 40.317578125 42.4566893259684 38.9159475962321 40.0795612335205 41.0440561930339 39.4603233337402 38.5927949269613 39.2523818969727 39.6505428314209 36.5645446777344 39.285160446167 39.6398282368978 45.1934140523275 40.1293261210124 37.7760687510173 37.3910813649495 39.6423451741536 38.2878969828288 39.233421198527 38.5255844116211 40.9664468129476 42.0913768768311 43.7445092519124 49.2559754689535
57.4028711954753 57.2193262736003 55.4843490600586 55.3453236897786 55.0601290384928 55.8293535868327 52.0009971618652 47.4998374938965 50.2681574503581 52.7881805419922 52.8709897359212 52.0274462381999 49.7518058776855 47.8313697814941 45.2403383890788 43.6232721964518 43.6560483296712 45.980015818278 42.595158513387 43.2823407491048 42.4964083353678 42.1500541687012 43.67829246521 44.122407913208 42.4909711201986 43.8860280354818 41.7867469787598 43.1405857086182 42.4719937642415 40.1256046295166 39.2381501515706 39.1427265167236 38.0228857676188 37.7555671691895 36.8266141255697 36.5399888356527 39.9393754323324 44.3930662790934 42.2916056315104 39.2556409200033 39.97136815389 48.3642501831055 45.5714373270671 38.4020823160807 38.0217473347982 39.2918942769369 38.8429410298665 44.0816689809163 40.4824101765951 39.2736455281576 40.7385431925456 41.1478797912598 47.3786780039469 44.3526917775472
57.9227450052897 55.332066599528 55.3921684265137 55.2566070556641 54.5855857849121 55.6621058146159 53.6200220743815 52.374924214681 52.8622894287109 51.3938031514486 50.05048828125 49.8491711934408 46.3431504567464 48.925840250651 45.6019969940186 41.0658168792725 44.1964677174886 42.7707427978516 44.0822840372721 40.7402596791585 42.5151980082194 42.7035868326823 44.8621269226074 42.9037940979004 40.1117314656575 43.77971534729 44.2697137196859 44.366100692749 41.4938326517741 42.7049226125081 40.5206796010335 39.5687681833903 41.1169863382975 39.4296991984049 39.6160263061523 37.9306041717529 38.9285128275553 44.7579086303711 44.283350499471 49.6196343739827 50.7347994486491 47.5582791646322 42.123689142863 42.62400487264 38.8979193369548 40.6816418965658 38.3827395121257 45.4754862467448 44.007219060262 40.7506767272949 43.3389596303304 41.4032997131348 41.6967797597249 41.5926573435465
55.8244316101074 55.3124010721842 55.2462356567383 55.1433255513509 56.3741269429525 55.6291979471842 55.0167498270671 55.111651357015 53.8017407735189 51.055382792155 48.1905382792155 50.0584592183431 44.5407444000244 46.6016301472982 44.9544221242269 41.5249594370524 40.0835355122884 40.3739177703857 41.0659976959229 40.0819653828939 41.8328885396322 44.1459696451823 43.3598912556966 44.8869567871094 42.0795636494954 40.9904163360596 43.0230290730794 45.0707248687744 42.4306617736816 45.3865571339925 43.5498350779215 43.0102776845296 41.9994696299235 40.1465806325277 39.8789038340251 39.4181603749593 44.3064463297526 44.6332811991374 50.6019173940023 45.8944633483887 44.2257508595784 47.1519067128499 44.4242234547933 40.6610120137533 44.6264591217041 41.8736443837484 42.7984236399333 47.5285676320394 45.4000494639079 46.1340883890788 49.5027880350749 48.8303956349691 45.8495840708415 41.6491963704427
57.6985644022624 55.1586901346842 55.1303799947103 54.9365165710449 56.0855471293131 52.8468538920085 50.7617462158203 54.4388476053874 54.7560946146647 52.5588661193848 50.0331301371257 47.7345232645671 45.8587837219238 45.2327284495036 43.333772277832 41.2824885050456 38.9934763590495 41.4018361409505 42.8169012705485 42.2752358754476 43.8298809051514 44.9547255198161 44.1586161295573 46.0877746582031 45.0315715789795 43.3041591644287 42.2317171732585 45.0092380523682 45.9500507354736 43.0385410308838 41.0387757619222 39.9594539642334 39.0392261505127 38.6082098642985 38.5054555257161 41.4479600270589 43.9432125091553 48.9159039815267 47.4612870534261 41.7169385274251 42.0274345397949 42.3328746795654 45.7184164683024 46.0720143636068 49.8704509735107 47.0705315907796 51.0612243652344 52.1045003255208 51.0508567810059 49.6717492421468 44.069085820516 41.7561959584554 46.782123819987 43.5069951375325
56.5509262084961 55.0222735087077 54.9406740824382 54.7054565429687 55.8817581176758 55.5083887736003 54.1330174763997 51.8741284688314 54.1791374206543 54.3104296366374 52.0556147257487 50.7918449401855 48.7495063781738 45.8365650177002 43.1129269917806 45.28400293986 44.8300172170003 43.8014539082845 45.1911632537842 44.5609846750895 44.6912092844645 46.5142517089844 44.595760345459 46.3549156188965 45.51257909139 45.1670800526937 43.2989822387695 44.6009702046712 45.188068262736 40.9648317972819 42.0766532897949 40.2581008911133 39.0242207845052 39.4896184285482 42.0903896331787 43.7138802846273 44.667476272583 49.9193790435791 48.7991634368896 43.666144434611 44.9313028971354 41.6855878194173 44.5917106628418 49.8387575785319 50.5103104909261 51.8845998128255 50.8180449167887 44.7117955525716 43.7826557159424 44.4449359893799 40.6023862202962 48.7031677246094 53.2160283406576 53.3732302347819
55.0076889038086 54.8793548583984 54.683674621582 54.6298563639323 55.9090479532878 54.9260208129883 53.4323712666829 51.492081451416 53.1276156107585 53.2573432922363 53.6849510192871 52.9867703755697 50.6502057393392 49.0974110921224 46.5640225728353 46.5514148712158 46.9584070841471 46.8279388427734 46.2184043884277 45.5869146982829 45.8796772003174 47.0912488301595 46.215022277832 47.8599142710368 45.7753407796224 44.3332508087158 44.6969838460286 46.9892920176188 44.0369154612223 41.7492393493652 41.0311550140381 40.6565945943197 42.1856101989746 41.179226175944 44.9026515960693 47.2911813100179 47.6495417277018 51.9800710042318 47.8093797047933 46.8687240600586 44.3796670277913 40.9011175791423 42.0718374888102 45.7864832560221 49.4291868845622 51.5624430338542 51.9600659688314 47.5978322347005 44.5699330647786 41.1341306050618 42.8041432698568 46.5457060496012 46.7117167154948 54.0392102559408
54.8779996236165 54.6030721028646 54.5361701965332 54.4309143066406 54.282745107015 55.0697481791178 52.8987398783366 48.5806376139323 47.8809791564941 49.0809041341146 51.8270001729329 51.8149416605632 51.6107925415039 49.8009000142415 45.6635293324788 44.2080284118652 47.0424008687337 47.3082904815674 47.7226687113444 46.601043955485 48.2205969492594 48.6936654408773 49.2660540262858 46.7987842559814 46.0494199117025 44.8852873484294 47.4016995747884 46.5311405181885 43.2837636311849 42.6358798980713 44.7390309651693 44.5911220550537 43.4056079864502 45.355330657959 46.8179684956868 45.8861560821533 50.687461344401 50.5347965240478 48.3286605834961 45.6030756632487 42.1370381673177 43.4042542775472 41.8698570251465 42.5654399871826 45.4399008433024 47.709628423055 52.1305671691895 44.5650009155273 43.2249829610189 42.6226693471273 46.9170869191488 48.7908538818359 52.3227458953857 54.5402638753255
56.044967397054 56.9435780843099 56.2268371582031 54.238402557373 54.2154523213704 55.1663795471191 52.0844317118327 52.8770988464355 45.6720801035563 43.9765892028809 49.8375282287598 51.9220886230469 51.5329645792643 48.487690226237 45.0616603851318 43.0573696136475 43.9199184417725 47.1788551330566 47.1182731628418 46.8569765726725 48.6983797709147 46.7725297292074 46.9012687683105 49.8311724344889 47.545565032959 47.5953683217367 48.3071144104004 47.5117880503337 47.1797804514567 46.8221665700277 43.6768445332845 45.8733322143555 47.7196099599202 47.9948186238607 48.1737491607666 48.4653790791829 50.8964365641276 47.2182299296061 45.400621287028 45.9150245666504 44.8488549550374 47.5678613026937 42.4833941141764 41.5892272949219 41.1665415445964 49.1361246744792 51.2367197672526 50.6983467102051 50.4414532979329 47.7586046854655 50.641433207194 53.365719350179 52.9352172851562 56.3855611165365
57.2180407206217 56.8281369527181 56.4426272074382 53.9867144266764 54.0368548075358 55.1684356689453 53.3167274475098 54.0019419352214 49.0418413798014 46.6377984364827 50.7429662068685 51.8219937642415 51.8601254781087 50.2365473429362 47.9905169169108 45.300298055013 44.5467023213704 44.7382188161214 44.4809239705404 45.9876247406006 47.7447729746501 47.1052603403727 47.5341256459554 49.7561133066813 50.7604321797689 49.088548151652 47.6428756713867 46.3454358418783 42.9575826009115 43.6344657897949 42.4850835164388 43.9726361592611 46.4421072642008 46.2043407440186 46.0128396352132 47.632426071167 50.9691177368164 51.7512199401855 48.8984806060791 46.9151933034261 47.0321826934814 46.1910912831624 46.8543786366781 44.805765914917 47.2918359120687 49.8170472462972 53.7772054036458 50.5213718414307 48.8079761505127 50.8798464457194 52.0359100341797 53.1209027608236 55.7770011901855 58.076929473877
56.8449849446615 56.6469617207845 56.3651359558105 53.7490188598633 53.9661026000977 53.7209676106771 54.7573120117188 54.1330955505371 50.2240422566732 47.1951269785563 52.4518788655599 52.2331891377767 51.9022384643555 51.1224065144857 50.1086448669434 48.1258361816406 46.4092900594076 47.5457753499349 46.1657938639323 48.2136767069499 45.2775861104329 47.4628220876058 47.9936560312907 51.3758206685384 47.8452168782552 46.9439531962077 45.6679370880127 43.7656904856364 42.9314832051595 46.117191696167 43.3200558980306 43.8511294047038 43.4180304209391 44.7325631459554 43.464103825887 46.5525749206543 51.5849182128906 49.6944072723389 48.0078057607015 51.1127073923747 48.8838607788086 48.2263853708903 49.6174072265625 49.9403247833252 50.5346041361491 47.1940767923991 51.8948415120443 51.8163480122884 49.3295609792074 48.4553764343262 48.4311962127686 54.0156458536784 58.0164403279622 58.2361262003581
53.251963297526 53.3539159138997 56.2591265360514 55.9090098063151 53.7664330800374 53.7115872701009 54.6942347208659 52.3069374084473 52.3247263590495 49.8880877176921 51.2708793640137 52.9352088928223 51.6254346211751 50.5285313924154 50.2399004618327 46.6881313323975 48.0962243398031 49.492827351888 48.6177811940511 49.6860181172689 47.283852259318 47.5602088928223 49.209210840861 51.595855585734 48.9084064483643 49.0756498972575 47.7881343841553 45.2571636199951 45.9305002848307 47.7015941619873 46.8125459035238 43.9068767547607 46.0117806752523 47.8563398996989 45.1944156646729 45.5537651062012 50.7644950866699 52.3505805969238 50.375036239624 48.9243947347005 49.3238842010498 51.0719970703125 51.2766217549642 51.7051826477051 51.3745506286621 48.5177805582682 52.6492144266764 56.371898651123 53.4346486409505 46.3249095916748 53.4134307861328 57.6169792175293 58.0237279256185 55.9117904663086
53.9312421162923 55.1650637308757 56.2391504923503 55.9554883321126 53.4044246673584 53.6955806732178 53.2891530354818 54.160169728597 53.4421193440755 53.0631746927897 53.2586377461751 52.2887112935384 50.7207407633464 51.0291727701823 50.7389139811198 50.6571762084961 50.1602221171061 50.31416015625 50.2710077921549 49.3707857767741 47.673543548584 49.107691192627 49.9176731109619 49.9459548950195 48.9527489980062 48.5115903218587 49.1931916554769 48.1553642272949 48.8153874715169 48.396534093221 47.1442450205485 44.5570463816325 44.9935367584228 49.4066474914551 47.7165846506755 48.1692386627197 52.8043858846029 50.7963649749756 50.570787302653 51.885898844401 51.8888936360677 52.5665814717611 52.1533541361491 51.0183314005534 51.1382532755534 49.6421820322673 46.9730486551921 54.8531972249349 56.1000956217448 54.0075091044108 57.6638931274414 57.7372968037923 57.1720957438151 50.5904558817546
56.5701148986816 56.5351633707682 55.9359670003255 55.9574839274089 55.3063222249349 53.3801432291667 53.5179478963216 53.1103308359782 52.8181584676107 53.6377413431803 53.5685020446777 52.8365501403809 52.226490020752 51.5467079162598 51.7349243164062 51.4262036641439 51.2669550577799 51.3207674662272 51.4591334025065 51.055951944987 50.8085444132487 51.8191977183024 51.5492980957031 51.2568841298421 49.4665250142415 48.279625193278 48.7179767608643 48.7896336873372 48.0267734527588 48.3965048472087 48.3351935068766 47.0591752370199 47.4020837148031 49.7311528523763 49.4449549357096 50.656427637736 53.4286875406901 52.858070119222 53.3341044108073 53.3416633605957 52.2166880289714 53.062043762207 51.7374951680501 50.1788398742676 48.7703973134359 47.1079541524251 45.2394125620524 51.1603418986003 56.6493634541829 57.1528694152832 57.6549471537272 57.0189821879069 48.8591534932454 50.7877647399902
56.201158396403 56.4306714375814 55.7654528299967 55.8903923034668 55.0637969970703 54.8101127624512 54.623816426595 53.3960599263509 52.8864228566488 54.0798479715983 53.7950917561849 53.0275189717611 52.1912045796712 50.8463956197103 51.7811889648438 50.6761838277181 50.9516555786133 51.0471715291341 51.2146825154622 51.2914894104004 49.2756234486898 50.2855776468913 52.2458802541097 50.9826941172282 50.1983253479004 50.133006922404 49.8536184946696 48.7437238057454 45.5653535207113 45.6742309570312 49.133050664266 49.8008633931478 49.3575757344564 50.2353357950846 52.6282894134522 53.6882329305013 53.3056081136068 52.7321296691895 53.3467422485352 54.4431004842122 53.5114420572917 51.5476384480794 51.8561187744141 50.6026196797689 48.4658340454102 46.3860162099202 51.694820912679 52.1330706278483 57.4510851542155 57.4902760823568 57.1697848002116 52.8156618754069 46.230641301473 49.2415318806966
56.5482686360677 56.3325752258301 55.8278160095215 55.0191546122233 55.200626373291 53.9048098246257 54.7405718485514 54.4128000895182 53.4618668874105 53.1386524200439 53.6140060424805 53.2018323262533 52.1163291931152 48.4146269480387 51.0322321573893 51.7313807169596 50.78367284139 50.671725209554 50.6209391276042 50.974701944987 49.0026716868083 50.1731702168783 51.2678881327311 51.5997360229492 50.6897753397624 49.4246493021647 50.5490646362305 48.1896685282389 47.3948308308919 45.1833829243978 48.4060635884603 50.1552294413249 52.0181568145752 52.4892107645671 53.411329015096 50.2534113566081 50.9475865681966 50.1439154307048 50.1569691975911 50.8308436075846 55.1514790852865 52.2562901814779 49.9683820088704 49.710595703125 49.9992492675781 50.933422088623 52.4672879536947 56.9522132873535 57.4346333821615 57.3745564778646 54.7213216145833 51.7320292154948 51.6910738627116 45.8649356842041
56.3911496480306 56.4799186706543 54.1298243204753 54.7694755554199 54.9808446248372 53.9681650797526 54.2969968159993 53.2129542032878 53.5154392242432 54.0173344930013 53.3588884989421 53.385329691569 52.0895380655924 51.4403666178385 52.1570320129395 52.8004735310872 51.9632738749186 51.6575795491536 51.8307678222656 51.473678334554 50.701500193278 50.6652066548665 51.0416488647461 52.5346759796143 50.8962575276693 50.6302185058594 51.533645884196 50.518107732137 48.4615954081217 49.2150380452474 47.8096168518066 50.6134688059489 50.0318246205648 50.5683067321777 53.6436823527018 51.2852917989095 47.6473346710205 47.9401177724202 48.4480444590251 50.2663556416829 54.3464642842611 54.3058705647786 51.1105412801107 49.8900553385417 52.2701787312825 52.0330042521159 57.0466674804687 57.4386985778809 57.4719161987305 56.4948903401693 53.545107014974 50.4704444885254 45.3598052978516 44.2605135599772
54.7016576131185 54.4336524963379 55.7022694905599 55.317032623291 54.8038459777832 54.4945167541504 53.2062653859456 53.3778132120768 54.4234125773112 53.3506872812907 53.0866827646891 53.6002756754557 53.2119524637858 51.5997131347656 52.5244160970052 52.5888496398926 52.9165735880534 51.8565813700358 51.6532363891602 52.8583518981934 51.1022631327311 50.6583633422852 51.8758715311686 52.5926231384277 51.5659049987793 50.6569396972656 52.5660316467285 50.2853673299154 48.3593449910482 50.8875747680664 49.8379488627116 50.396165339152 49.631103515625 52.6111966451009 51.7022735595703 49.5554590861003 49.9073479970296 50.4285057067871 49.079386138916 48.871736017863 50.9365712483724 55.3241457621257 53.9038121541341 51.396221669515 54.2580134073893 56.525287882487 57.3643976847331 57.0449704488118 55.7954096476237 51.553784942627 50.8291676839193 51.5066301981608 45.2113512674967 45.2047161102295
53.776798248291 54.5097600301107 54.6142664591471 55.3429331461589 54.4758946736654 53.1160547892253 53.2212949117025 53.1910457611084 54.3773839314779 53.2558170318604 53.3676249186198 53.6193639119466 53.6359143575033 52.4272369384766 52.8295590718587 53.318985748291 53.0751698811849 52.5124437967936 52.0663464864095 52.7360504150391 51.9571617126465 51.290921274821 51.1578814188639 51.8850751241048 51.5708094278971 52.4256579081217 52.8783363342285 51.9557271321615 50.2165753682454 50.6227254231771 52.397841389974 52.536110941569 51.7519025166829 53.6755864461263 52.6596267700195 52.6863990783691 52.9047955830892 52.1647135416667 50.2864395141602 49.6213935852051 51.1499806722005 53.5259890238444 55.7642690022786 55.9055806477865 56.724151357015 57.1738599141439 57.22880859375 54.660807800293 52.5870162963867 52.2834281921387 49.1447489420573 46.0967807769775 46.5724334716797 50.2073745727539
53.9484285990397 54.1349433898926 53.4451241811117 53.3056482950846 53.3299480438232 53.283206431071 53.2399895985921 53.2056266784668 54.0171531677246 53.2833841959635 53.4619396209717 53.0486958821615 53.5710993448893 53.3015581766764 52.0925862630208 52.7089421590169 53.1369361877441 53.1658396402995 53.0474278767904 52.6860168457031 52.9921465555827 51.806982421875 51.6422353108724 52.4068761189779 52.8730639139811 51.8118125915527 50.8992739359538 52.410481262207 50.5068158467611 50.1320805867513 50.9363431294759 51.7162343343099 53.3733800252279 53.5705187479655 53.8765068054199 53.8250747680664 51.1353808085124 50.2732477823893 50.6743319193522 50.7147844950358 51.6220306396484 55.4685015360514 55.7227910359701 56.0542755126953 56.966381072998 57.1697240193685 56.9333506266276 52.8138623555501 49.8713841756185 50.844716389974 49.1712214152018 46.0767260233561 48.4630667368571 49.0750078837077
53.6734466552734 53.7514094034831 53.3989888509115 53.3947992960612 53.3649426778158 53.3188901265462 53.2989041646322 53.2616457621257 54.4685399373372 54.0226137797038 53.3502480824788 53.2689511617025 53.710413869222 53.4340576171875 52.882750193278 52.5448506673177 52.5924405415853 53.0351473490397 53.0529190063477 52.4490636189779 52.1915417989095 52.9458760579427 52.8577573140462 52.9347963968913 52.917640431722 52.5479095458984 51.1435958862305 52.0035652160645 50.9918095906576 49.9420232137044 50.4955037434896 53.3047988891602 53.0732411702474 53.2319135030111 53.3584490458171 53.4743268330892 51.2877176920573 53.9629877726237 54.8512494405111 55.0685340881348 55.3102739969889 55.5364944458008 54.4811520894368 56.3421567281087 56.9668724060059 57.0228597005208 53.5544769287109 54.8503728230794 51.6887751261393 50.2262568155924 48.860967763265 49.1312548319499 52.7374354044596 51.2749155680339
54.1026852925619 53.5112892150879 53.4567949930827 53.3727493286133 53.3252918243408 53.2874357859294 53.2542586008708 53.6261777242025 54.4766614278158 54.3079508463542 53.1793051401774 53.3284832000732 53.2855321248372 53.5488494873047 53.2292027791341 52.4299288431803 52.4940516153971 52.533896891276 53.0928797403971 52.5580935160319 53.1114456176758 52.990146891276 52.6948631286621 52.4846069335938 52.8594975789388 51.4768188476562 51.1958285013835 51.3042215983073 51.1655746459961 52.7769846598307 51.1736050923665 53.4325637817383 53.1216819763184 53.138286336263 53.2369105021159 51.3714721679687 51.7063212076823 54.6378476460775 52.3662030537923 53.6749766031901 54.8274762471517 55.0856038411458 55.896028137207 56.7440371195475 56.865517171224 54.3194175720215 52.6118120829264 49.6960250854492 49.9162119547526 49.5280237833659 49.5623072306315 54.0299301147461 55.8897244771322 55.3666776021322
