ET0/medie/MEDIA_ET0_06.asc
NCOLS 177 
NROWS 174 
XLLCORNER 1436301.375 
YLLCORNER 4916704.5 
CELLSIZE 1500 
NODATA_value -9999 
[rows 96 to 119 of 174, columns 54 to 107 of 177]
106.506952921549 107.411897786458 107.835898335775 108.148156738281 108.14112701416 108.237226359049 108.235433451335 108.298766072591 108.513979593913 108.65515238444 108.841652933757 109.009895324707 109.187577819824 109.713542683919 109.916962178548 110.010287475586 110.323287455241 110.596445719401 110.870258076986 111.179074605306 111.481908671061 111.883622233073 112.18160756429 112.56235555013 112.773019917806 113.061926778158 113.318782552083 113.600370279948 113.899845377604 114.125861104329 114.27936706543 114.507212320964 114.759787495931 114.895551045736 115.122619628906 115.513878885905 115.446573384603 115.486592102051 115.715136210124 115.843486022949 116.082125345866 116.301337178548 116.484808349609 116.659318033854 116.88069152832 117.115807088216 117.439072672526 117.747085571289 117.89145711263 118.079876200358 118.24032796224 118.395778910319 118.49421081543 118.677289835612
108.017414347331 107.971497599284 108.211604817708 108.625817871094 108.650080871582 108.758690897624 108.790960693359 108.865243021647 109.046003723145 109.235602823893 109.365444437663 109.522261047363 109.828450520833 110.205749511719 110.437712605794 110.640892028809 110.885146077474 111.146881103516 111.444247436523 111.719923909505 111.999717203776 112.390833028158 112.709290059408 112.988725789388 113.263640848796 113.543017069499 113.816478983561 113.988305155436 114.236573282878 114.496086120605 114.727245585124 114.886473592122 115.074449157715 115.185430908203 115.376605733236 115.711787923177 115.673078918457 115.702033996582 115.863057963053 116.054218546549 116.15358581543 116.442661031087 116.613511149089 116.723271687826 116.846259562174 117.187999979655 117.437199401855 117.72721862793 117.848055521647 118.09208017985 118.246155802409 118.365783691406 118.488752746582 118.648274739583
109.194035339355 109.244265238444 108.93585357666 108.926776631673 109.321718851725 109.35312906901 109.420065307617 109.470661417643 109.60066019694 109.722569783529 109.90732421875 110.057996114095 110.293092346191 110.802315775553 111.035780843099 111.165572611491 111.394021097819 111.733616638184 112.007449849447 112.25596110026 112.582803853353 112.890627034505 113.165424092611 113.448406473796 113.733292134603 113.931227111816 114.21043955485 114.415870666504 114.644626871745 114.892850748698 115.059902954102 115.200097147624 115.39911142985 115.570795186361 115.611246744792 116.067566426595 115.995052083333 115.91587117513 116.11106821696 116.226703389486 116.299453735352 116.563698832194 116.813665771484 116.872513834635 116.946051534017 117.179014587402 117.464633178711 117.683805847168 117.799798075358 118.033799235026 118.148587544759 118.298177083333 118.468550109863 118.611138407389
109.638811747233 109.668500264486 109.481580607096 109.776199849447 109.850998942057 109.845999145508 109.881186930339 110.033316040039 110.086248270671 110.243647766113 110.488177998861 110.636118062337 111.172374979655 111.268795776367 111.463817342122 111.700268046061 111.977429199219 112.262623596191 112.552559407552 112.791877237956 113.150022888184 113.39838104248 113.604432678223 113.936791483561 114.093572998047 114.346737670898 114.595269775391 114.793599446615 114.987144978841 115.230921427409 115.165144348145 115.274272155762 115.760009765625 115.862285868327 115.86946105957 116.295580546061 116.128655497233 116.202104187012 116.385067240397 116.437487284342 116.454449971517 116.645092773437 116.874587504069 116.96150970459 117.019903564453 117.242263285319 117.427023824056 117.740026855469 117.8056737264 117.95341796875 118.045541381836 118.220463562012 118.350276184082 118.501318868001
110.155975850423 110.177008056641 110.143128458659 110.165900166829 110.259099833171 110.449667867025 110.500214640299 110.681154886882 110.695255533854 110.793769836426 110.960596211751 111.166317749023 111.653863525391 111.813004048665 111.9451075236 112.237043253581 112.528665161133 112.802860514323 113.054582722982 113.164519246419 113.618285624186 113.845271809896 114.07717183431 114.298161824544 114.56456451416 114.786158752441 115.00185139974 115.17265218099 115.357253011068 115.548753356934 115.472906494141 115.751579284668 116.054063415527 116.061094665527 116.377941894531 116.628487650553 116.398826599121 116.415474446615 116.613527933757 116.665409851074 116.662612406413 116.78450571696 116.943673706055 117.140791320801 117.104119873047 117.242003377279 117.401854451497 117.644257100423 117.873219807943 117.934305318197 118.060675048828 118.172509765625 118.289659118652 118.368248494466
110.570552571615 110.51767985026 110.541194661458 110.632450358073 110.665467834473 110.794869995117 110.94668375651 111.084649658203 111.210918172201 111.353777058919 111.497590128581 111.693642171224 112.135963439941 112.339141337077 112.548670959473 112.779235331217 113.108897908529 113.384486897786 113.585160827637 113.730865987142 113.880799357096 114.233666483561 114.537875366211 114.745440165202 114.951682027181 115.209312438965 115.436041259766 115.557117207845 115.772766113281 115.90622660319 116.103265889486 116.095604960124 116.355409749349 116.417519124349 116.755903625488 116.837400309245 116.724143981934 116.703988138835 116.786529541016 116.87992960612 116.947098795573 116.917081197103 116.996385701497 117.244758097331 117.276899210612 117.339776102702 117.491478983561 117.68012491862 117.831462097168 117.903407287598 118.030621846517 118.046745808919 118.153393554687 118.277369181315
110.916600036621 110.937465413411 110.941109720866 110.993971761068 111.008310953776 111.225756835938 111.41319732666 111.488193766276 111.698068237305 111.910402933757 112.064775594076 112.236723836263 112.497808837891 112.960030619303 113.084374491374 113.310235595703 113.566891479492 113.873807779948 114.073582967122 114.337239583333 114.496564229329 114.525225830078 115.116465759277 115.21728515625 115.323338317871 115.63312886556 115.812514241536 115.974120076497 116.076892089844 116.269344584147 116.409832255046 116.511023457845 116.66882019043 116.811310323079 117.160325113932 117.117312113444 116.996575927734 116.928328450521 116.957371520996 117.12546488444 117.200868225098 117.137392171224 117.285103861491 117.364505004883 117.446439107259 117.422299194336 117.558756510417 117.673284912109 117.855448913574 117.858870951335 117.961642964681 118.083202616374 118.128015645345 118.252520243327
111.285934956868 111.338460795085 111.367692565918 111.441094970703 111.509819539388 111.616857910156 111.860038248698 111.976051330566 112.139016215007 112.32432047526 112.512471516927 112.705939229329 113.03966217041 113.478565470378 113.667896016439 113.8048924764 114.095287068685 114.393769327799 114.572587585449 114.799426269531 115.048426310221 115.105971272786 115.206075541178 115.441885375977 115.70209197998 115.991352335612 116.235362752279 116.369203186035 116.509828694661 116.607787577311 116.740744527181 116.903174336751 116.977235412598 117.094399515788 117.318344116211 117.506741841634 117.293592834473 117.192774963379 117.223127237956 117.203789265951 117.310848490397 117.394483947754 117.407201131185 117.508960469564 117.567462666829 117.561389160156 117.616628519694 117.642366027832 117.717144775391 117.841579691569 117.887005615234 118.098385620117 118.120186360677 118.176486714681
111.683001200358 111.686081441243 111.766474405924 111.844979349772 111.914650980632 112.039570109049 112.230606079102 112.502481587728 112.593793741862 112.814456685384 112.972319030762 113.202650960286 113.416465250651 113.600402832031 114.083983866374 114.277559916178 114.537987772624 114.812896219889 115.030703226725 115.356211853027 115.483433024089 115.473543802897 115.658662414551 115.875647481283 116.008020019531 116.473798116048 116.517120869954 116.712714640299 116.855813598633 117.022482808431 117.196246846517 117.269483947754 117.240222167969 117.328223164876 117.386045328776 117.513860575358 117.809725952148 117.912498982747 117.438275655111 117.367918904622 117.369559224447 117.502587890625 117.485366821289 117.625438944499 117.624065144857 117.551165262858 117.645209757487 117.628631083171 117.741582743327 117.805706278483 117.898044840495 118.01536916097 118.05816599528 118.161038208008
112.038917541504 112.063375345866 112.109696451823 112.254662068685 112.380731709798 112.496079508464 112.668339538574 112.971192423503 113.079962666829 113.185246276855 113.434450785319 113.696342468262 113.825633239746 114.032251993815 114.513217163086 114.741759236654 115.026534016927 115.243345133464 115.42454884847 115.710171508789 115.943400065104 115.844644165039 116.005016072591 116.184335835775 116.375936889648 116.603828938802 116.900803120931 117.062099202474 117.201777648926 117.28811340332 117.420495605469 117.499691263835 117.573315429687 117.556862894694 117.622297159831 117.614018758138 117.728799947103 117.786665344238 117.939214579264 117.866502888997 117.60458017985 117.626496887207 117.570411682129 117.615144856771 117.687774658203 117.716022745768 117.687741597493 117.721319071452 117.797639973958 117.846876525879 117.860428365072 118.162061055501 118.072579956055 118.056640116374
112.340519205729 112.441820780436 112.579135131836 112.63882039388 112.735410054525 112.931207784017 113.0994237264 113.357187906901 113.540379842122 113.610272725423 113.781704203288 113.967469278971 114.157503763835 114.391323343913 114.623024495443 115.061775716146 115.366727701823 115.661510721842 115.763827006022 116.056075032552 116.301785786947 116.556828816732 116.353749084473 116.506816609701 116.67339070638 116.901631164551 117.34003499349 117.419054158529 117.536024475098 117.607751464844 117.636579386393 117.739590962728 117.769311014811 117.801209513346 117.82255859375 117.86224009196 117.871283976237 117.761279296875 117.806571960449 118.003705342611 118.123287455241 118.003599039714 117.803954060872 117.82116394043 117.847969055176 117.864157613118 117.784494527181 117.85726369222 117.837646484375 117.973134358724 118.011841328939 118.230835469564 118.115385437012 118.078457132975
112.678737894694 112.815458170573 112.919266255697 112.999817911784 113.135850524902 113.299889628092 113.508263142904 113.636288452148 113.78754119873 113.987338256836 114.14217376709 114.265217590332 114.515018208822 114.724839782715 114.994465128581 115.210342407227 115.477673339844 115.744453938802 116.217489624023 116.41095123291 116.671566772461 116.754483032227 116.98562113444 117.165441385905 117.254437764486 117.135437520345 117.482937113444 117.723006693522 117.962281799316 117.915657043457 117.920971679687 117.97120107015 117.982920837402 117.942408243815 117.951671854655 117.960869852702 117.945843505859 117.847003682454 117.851332600911 117.789105733236 117.801014709473 117.901881917318 117.8691309611 117.958316040039 118.097775268555 117.999988810221 118.005229695638 117.922649129232 117.990229797363 118.049080912272 118.096452331543 118.171137491862 118.129565938314 118.032804361979
113.041796875 113.113798014323 113.291705830892 113.326200358073 113.453585306803 113.627203369141 113.920797220866 114.062339782715 114.225350443522 114.341402689616 114.498018900553 114.672251383464 114.819143676758 115.089859517415 115.359198506673 115.556829833984 115.869133504232 116.097719319661 116.341155497233 116.654692586263 116.742761739095 117.023799133301 117.339882405599 117.503414408366 117.633695983887 117.761581420898 117.676978556315 117.751784261068 118.115998331706 118.244782002767 118.282854715983 118.29963684082 118.107353210449 118.13043162028 118.151907348633 118.127924601237 118.099338785807 118.021840922038 117.95718943278 117.887945556641 117.944678751628 117.911358642578 118.337999979655 118.37825978597 118.389174397786 118.249690246582 118.120370992025 118.113456217448 118.182744344076 118.159925333659 118.209988911947 118.14272664388 118.160234069824 118.0795018514
113.398450215658 113.4468653361 113.584285481771 113.777323404948 113.838333129883 114.003964742025 114.260620117188 114.391741434733 114.529434204102 114.746161397298 114.924397277832 115.078291320801 115.242024230957 115.497994995117 115.660101826986 115.909770202637 116.160389200846 116.422136942546 116.617270406087 116.619102478027 116.856411743164 117.171937052409 117.588212585449 117.738812764486 117.948701477051 118.055090840658 118.189298502604 118.000889587402 118.090565490723 118.50514272054 118.525887552897 118.509829711914 118.138191731771 118.38082631429 118.412480163574 118.414767964681 118.313741556803 118.253288777669 118.182968648275 118.036811828613 118.090450541178 118.073957824707 118.105787150065 118.15429280599 118.276728312174 118.399867757161 118.391949462891 118.434741719564 118.325997416178 118.334341430664 118.281055704753 118.311408487956 118.271013895671 118.255000305176
113.783166503906 113.853107706706 113.960690816243 114.164795939128 114.231540425618 114.423148091634 114.611459350586 114.801272074382 114.914366149902 115.072513326009 115.402791341146 115.471145121257 115.636207580566 115.817897033691 116.037965393066 116.237360127767 116.443185424805 116.652866109212 116.806894429525 116.892999267578 117.120475769043 117.320854187012 117.750089518229 117.893108113607 118.18938852946 118.302088419596 118.360085042318 118.502207438151 118.296364339193 118.580745951335 118.712342325846 118.8683690389 118.587427775065 118.588882954915 118.614949544271 118.606810506185 118.496433003743 118.408514404297 118.339836120605 118.218377685547 118.255252075195 118.214693705241 118.230547587077 118.314154561361 118.362552897135 118.37734781901 118.454684956868 118.72223256429 118.592363484701 118.669537862142 118.445707702637 118.374582417806 118.513493855794 118.405898539225
114.027667236328 114.077215067546 114.198933919271 114.471026102702 114.688245646159 114.918864949544 115.033632914225 115.140909830729 115.346647135417 115.583975728353 115.841558329264 115.998896280924 115.9703221639 116.226599121094 116.372078450521 116.473434448242 116.730594889323 116.957624308268 117.058045450846 117.190990702311 117.308209228516 117.503593444824 117.664651489258 117.780383809408 118.22142791748 118.437915547689 118.547953796387 118.627581278483 118.59854482015 118.754644266764 118.869570414225 118.915258280436 119.013027954102 118.845654805501 118.819288126628 118.773881530762 118.711725362142 118.546598815918 118.557089742025 118.480180358887 118.433694966634 118.416032918294 118.41021677653 118.506328837077 118.480056762695 118.532419331868 118.597288513184 118.586097717285 118.741164652507 118.851686604818 118.760004679362 118.801602172852 118.492394002279 118.717121378581
114.26228129069 114.530202229818 114.598926289876 114.772539265951 114.984135945638 115.183384195964 115.371685282389 115.499207051595 115.670176188151 115.820389302572 116.008709208171 116.175536600749 116.306879679362 116.524045817057 116.60406036377 116.835859680176 117.038757832845 117.187949625651 117.281191507975 117.35369720459 117.568916320801 117.737072753906 117.877756754557 118.008022054036 118.416728719076 118.550968933105 118.704994710286 118.787266540527 118.922127787272 118.897590128581 119.130280049642 119.226517232259 119.179941813151 119.084834289551 119.046261088053 118.96380666097 118.866654968262 118.764991251628 118.751160176595 118.61735534668 118.567008463542 118.581870015462 118.628927103678 118.57050374349 118.717333984375 118.756417338053 118.684027608236 118.708367919922 118.775947570801 118.770575968424 118.855578613281 118.806158955892 118.901695760091 118.943767293294
114.501239522298 114.750331624349 114.950610351563 115.102892049154 115.286231486003 115.461310831706 115.669971211751 115.838856506348 115.96537882487 116.052357991536 116.204132588704 116.395055643717 116.638555399577 116.810287475586 116.936566670736 117.120634969076 117.247538248698 117.414759318034 117.591120402018 117.648352050781 117.778372192383 117.910605367025 118.025035603841 118.162045288086 118.271631876628 118.409354146322 118.665734863281 119.030270894368 119.199059041341 119.478137715658 119.421040344238 119.481062316895 119.304948425293 119.350361633301 119.277005004883 119.184596252441 119.063881937663 118.999680582682 118.972507222493 118.922011311849 118.840649414062 118.790121459961 118.841455586751 118.79521891276 118.778490193685 118.862433878581 118.884743754069 118.90250193278 118.880258687337 118.928844197591 118.937902832031 118.944983418783 118.994608561198 119.109183247884
114.714335123698 114.93069712321 115.228498331706 115.456837972005 115.667083231608 115.905067952474 115.958561706543 116.091016642253 116.270183308919 116.253582255046 116.260069274902 116.168221537272 116.787716674805 117.102554829915 117.297244771322 117.302871704102 117.499290466309 117.716440836589 117.834881083171 117.837978108724 117.934326171875 118.116974894206 118.196237691243 118.316956075033 118.457872009277 118.552258300781 118.815102640788 119.011388142904 119.367653401693 119.586817932129 119.580052693685 119.671119689941 119.539287312826 119.571015421549 119.550442504883 119.355588277181 119.267228190104 119.265753173828 119.202305603027 119.17038269043 119.042127990723 119.008398946126 119.04087117513 118.975452168783 119.033764139811 119.061891682943 119.057513427734 119.115930175781 119.144012451172 119.123886617025 119.123644510905 119.188414001465 119.22578531901 119.175917561849
114.985916646322 115.262212626139 115.474733988444 115.658942667643 115.864294433594 116.095329284668 116.255112202962 116.349268086751 116.441128540039 116.591944885254 116.662520345052 116.448595174154 116.426821390788 117.097425842285 117.567505900065 117.567032368978 117.715262858073 117.87167561849 118.116170756022 118.173247782389 118.157890319824 118.282849121094 118.492000325521 118.526399739583 118.637581888835 118.725757344564 118.903083292643 119.034417215983 119.520878092448 119.661267089844 119.759175109863 119.779955546061 119.697185770671 119.626013183594 119.701757303874 119.542466227214 119.505012512207 119.402015686035 119.404668680827 119.359953308105 119.309551493327 119.209399414063 119.234256998698 119.221770731608 119.209674072266 119.270797220866 119.196624755859 119.259294637044 119.32392985026 119.342910766602 119.291902160645 119.383808390299 119.40179901123 119.539086405436
115.470369466146 115.551070658366 115.748450724284 115.948345947266 116.086758931478 116.303335062663 116.551364644368 116.727439880371 116.776498413086 117.014480082194 117.104307556152 117.217571004232 117.248482259115 116.597750854492 116.365516662598 117.746039326986 118.167129516602 118.143954467773 118.306315612793 118.398977661133 118.579230753581 118.558958435059 118.694924926758 118.759905497233 118.801658121745 118.942383321126 119.153438313802 119.363694763184 119.493940734863 119.82984975179 119.98951365153 119.928035990397 119.876020812988 119.816065979004 119.908030192057 119.902814229329 119.764373270671 119.700775655111 119.57281036377 119.591034444173 119.527178955078 119.470081583659 119.441813151042 119.453132120768 119.505519104004 119.47915802002 119.450618489583 119.47924601237 119.510743204753 119.578834025065 119.54546661377 119.566740926107 119.613166300456 119.797862243652
115.883779907227 115.908493550618 116.05542195638 116.187082926432 116.390852355957 116.56062113444 116.751639302572 117.076806640625 117.179474385579 117.31861521403 117.405741373698 117.52885945638 117.948974609375 117.82015838623 117.910756429036 118.117950948079 118.265731302897 118.631545003255 118.730825805664 119.01055094401 118.831080118815 118.994612121582 119.070663960775 119.188911946615 119.159907023112 119.251384989421 119.451646931966 119.515022277832 119.617253112793 119.72225189209 120.070090738932 120.132433573405 120.205363464355 120.288060506185 120.318028767904 120.243383789063 120.235724385579 119.956037394206 119.896903483073 119.849204508464 119.733065795898 119.729960123698 119.727293904622 119.690761311849 119.67780456543 119.65522664388 119.578119913737 119.651820373535 119.752883911133 119.831220499674 119.801365661621 119.84674428304 119.949582417806 120.133160400391
116.327944437663 116.418128967285 116.565211486816 116.470657348633 116.651632181803 117.07955678304 117.286450195312 117.202257283529 117.574095153809 117.941120402018 118.047314453125 118.218988037109 118.320219930013 118.234995015462 118.498197428385 118.669025166829 118.873516337077 118.973165384928 119.080498758952 119.241933186849 119.091693115234 119.212365722656 119.385400390625 119.690951538086 119.478249104818 119.602860514323 119.667478434245 119.77762705485 119.821037801107 119.920919799805 120.031284077962 120.255307006836 120.406531270345 120.4370997111 120.518615722656 120.522604370117 120.552057393392 120.45097249349 120.404475402832 120.248432922363 120.21141204834 119.889643351237 119.670608011882 119.907824198405 119.972313944499 120.020070902507 120.019793701172 119.972394816081 119.988573201497 120.060766601563 120.097099812826 120.147213745117 120.334289042155 120.454219055176
116.576737467448 116.789939371745 116.95561319987 117.08455657959 117.271287027995 117.416412862142 117.629903157552 117.803848266602 117.987181599935 118.159154764811 118.29926961263 118.397341918945 118.578984578451 118.70038655599 118.916219075521 119.045888264974 119.146964518229 119.41573232015 119.393289693197 119.550773620605 119.64030456543 119.775505065918 119.839353942871 119.893081665039 119.98422648112 120.009285990397 119.955193583171 120.059817504883 120.207229614258 120.401611836751 120.413049316406 120.387362670898 120.505673217773 120.718223063151 120.789673360189 120.771344502767 120.843072001139 120.865632629395 120.70856628418 120.628198242187 120.631689961751 120.374021402995 120.145456441243 120.307092285156 120.28267364502 120.33388671875 120.320877075195 120.334646097819 120.326764424642 120.434018452962 120.49602355957 120.579804992676 120.713882446289 120.865467834473
