ET0/medie/MEDIA_ET0_07.asc
NCOLS 177 
NROWS 174 
XLLCORNER 1436301.375 
YLLCORNER 4916704.5 
CELLSIZE 1500 
NODATA_value -9999 
[rows 72 to 95 of 174, columns 0 to 53 of 177]
-9999 -9999 -9999 -9999 -9999 -9999 -9999 -9999 -9999 -9999 -9999 -9999 -9999 -9999 -9999 -9999 -9999 -9999 -9999 -9999 128.066111755371 127.536965942383 126.80609181722 125.937053426107 125.452645874023 126.02427520752 124.499889628092 123.992380269368 123.383544413249 123.313752746582 122.407052612305 121.955154418945 121.603545633952 121.199009195964 121.600383504232 120.701708984375 120.421663411458 120.414536031087 120.292787679036 120.102337646484 120.262655131022 119.390462239583 118.463397216797 118.098280334473 117.577102661133 117.246683247884 117.224924723307 116.768299865723 116.645519510905 117.178432210286 117.143896484375 116.564436848958 116.009289550781 115.36120707194
-9999 -9999 -9999 -9999 -9999 -9999 -9999 -9999 -9999 -9999 -9999 -9999 -9999 -9999 -9999 -9999 -9999 -9999 -9999 -9999 128.098974609375 127.625821431478 126.516251627604 125.94282430013 125.541519673665 125.008451334635 124.557338968913 124.24435933431 123.571872456868 122.99192199707 122.587697855632 122.483997090658 121.737544759115 121.597728474935 121.313283284505 120.719774373372 120.181089274089 120.048780822754 120.153440856934 119.82055460612 119.919244893392 119.397180684408 118.467366027832 118.051564025879 117.825109863281 117.403651936849 117.232705688477 116.703923543294 116.511376444499 116.441255696615 116.618490600586 116.412312825521 116.15088297526 115.392177327474
-9999 -9999 -9999 -9999 -9999 -9999 -9999 -9999 -9999 -9999 -9999 -9999 -9999 -9999 -9999 -9999 -9999 -9999 -9999 -9999 -9999 127.646416219076 126.713622538249 126.102702840169 125.725434875488 125.195786031087 124.577375284831 124.19873453776 123.568803914388 123.116657511393 122.609081013997 122.812915039063 121.953313191732 121.386578369141 121.370258076986 120.625994873047 119.994991556803 120.049534098307 119.895130411784 119.732856241862 119.447492980957 119.158144632975 118.635046895345 118.029900105794 117.738982645671 117.655569966634 117.238439941406 116.881188964844 116.755340576172 116.533409627279 116.528842671712 116.113313293457 115.976086934408 115.846019999186
-9999 -9999 -9999 -9999 -9999 -9999 -9999 -9999 -9999 -9999 -9999 -9999 -9999 -9999 -9999 -9999 -9999 -9999 -9999 -9999 -9999 127.733467610677 127.227696228027 126.726167297363 125.987320963542 125.481532796224 124.744016011556 124.141813151042 123.670269266764 123.153789774577 122.702977498372 122.503208414714 121.874812825521 121.304213460286 121.314442443848 120.934612528483 120.2779393514 120.028315226237 119.950792439779 119.655871073405 119.206463623047 118.757674662272 118.625534057617 118.200054423014 117.811997477214 117.699858601888 117.386121622721 117.210342915853 116.793374633789 116.647016906738 116.451672871908 116.131630452474 115.930868021647 115.438104756673
-9999 -9999 -9999 -9999 -9999 -9999 -9999 -9999 -9999 -9999 -9999 -9999 -9999 -9999 -9999 -9999 -9999 -9999 -9999 -9999 -9999 -9999 -9999 -9999 126.17876180013 125.506153869629 124.869431050618 124.287530517578 123.830439249674 123.300096638997 122.776116943359 122.319219970703 121.902849324544 121.399530029297 121.250526936849 120.767766825358 120.478206380208 120.023077901204 119.859198506673 119.528038024902 119.100925191243 118.738466389974 118.511669921875 118.16909942627 117.893465169271 117.495956420898 117.396161905924 117.105373128255 116.757824198405 116.626520792643 116.453774515788 116.091024271647 115.789441935221 115.407726542155
-9999 -9999 -9999 -9999 -9999 -9999 -9999 -9999 -9999 -9999 -9999 -9999 -9999 -9999 -9999 -9999 -9999 -9999 -9999 -9999 -9999 -9999 -9999 -9999 126.286506652832 125.505361938477 125.027931722005 124.519277445475 123.897635904948 123.407017008464 122.860700480143 122.396155802409 121.79846496582 121.571921284993 121.323208618164 120.871476745605 120.473704020182 120.10992787679 119.721043904622 119.37482808431 119.102709452311 118.763551839193 118.519197591146 118.169907633464 117.960473632812 117.566233825684 117.295979309082 117.044556172689 116.730590820312 116.550171407064 116.246172078451 116.047810872396 115.63081817627 115.483847554525
-9999 -9999 -9999 -9999 -9999 -9999 -9999 -9999 -9999 -9999 -9999 -9999 -9999 -9999 -9999 -9999 -9999 -9999 -9999 -9999 -9999 -9999 -9999 -9999 126.353019714355 125.731168619792 125.162058003743 124.51512705485 124.007694498698 123.496732076009 122.964882405599 122.466947937012 121.703196716309 121.312417602539 121.368920389811 120.898903910319 120.524454752604 120.271436055501 119.901118469238 119.482722981771 119.132481384277 118.879788208008 118.585339355469 118.286315409342 117.940950520833 117.608153279622 117.304982503255 117.02198638916 116.821218363444 116.510117594401 116.404085286458 116.054817199707 115.699243164062 115.067271931966
-9999 -9999 -9999 -9999 -9999 -9999 -9999 -9999 -9999 -9999 -9999 -9999 -9999 -9999 -9999 -9999 -9999 -9999 -9999 -9999 -9999 -9999 -9999 -9999 126.43200785319 125.963814798991 125.308341471354 124.696676635742 124.144627380371 123.643389892578 123.063818359375 122.286387634277 121.400928751628 121.040700785319 120.925891621908 120.904332987467 120.553758239746 120.23800201416 119.982136027018 119.631939697266 119.281378682454 119.016094970703 118.70895131429 118.373762003581 117.990357971191 117.626853942871 117.333428446452 117.061801656087 116.857554626465 116.678503417969 116.398671468099 115.910572306315 115.810240681966 115.574821980794
-9999 -9999 -9999 -9999 -9999 -9999 -9999 -9999 -9999 -9999 -9999 -9999 -9999 -9999 -9999 -9999 -9999 -9999 -9999 -9999 -9999 -9999 -9999 -9999 -9999 -9999 125.507106526693 124.897779846191 124.341925048828 123.813750712077 123.11969909668 121.747231547038 120.700813293457 121.049737548828 121.058975728353 120.979373677572 120.694583129883 120.320975748698 120.00102742513 119.736922200521 119.368902587891 119.093614196777 118.789328511556 118.508105977376 118.185652669271 117.846564737956 117.538570658366 117.276167297363 117.021274312337 116.525443522135 116.328993733724 116.100813293457 115.834268697103 115.675144958496
-9999 -9999 -9999 -9999 -9999 -9999 -9999 -9999 -9999 -9999 -9999 -9999 -9999 -9999 -9999 -9999 -9999 -9999 -9999 -9999 -9999 -9999 -9999 -9999 -9999 -9999 125.940656534831 124.969640604655 124.484892272949 123.95478515625 123.384811909993 121.714363606771 121.381687927246 121.297661844889 121.599779764811 121.217691040039 120.635184733073 120.492849731445 120.168130493164 119.762372334798 119.518274943034 119.211360677083 118.945987447103 118.681155395508 118.39673055013 118.034259033203 117.789982096354 117.478079732259 117.26333211263 116.619019063314 116.356624857585 116.13873240153 115.976045227051 115.766428629557
-9999 -9999 -9999 -9999 -9999 -9999 -9999 -9999 -9999 -9999 -9999 -9999 -9999 -9999 -9999 -9999 -9999 -9999 -9999 -9999 -9999 -9999 -9999 -9999 -9999 126.756633504232 125.973832702637 125.163153076172 124.643395487467 124.10071665446 123.393926493327 122.52219136556 122.225942993164 122.131949361165 121.731768290202 120.97204691569 120.445271809896 120.18756052653 120.322284952799 119.913288370768 119.747849527995 119.416249593099 119.172773234049 118.872835795085 118.110014851888 118.119062805176 118.013740539551 117.714288330078 117.438147481283 116.7527247111 116.587215677897 116.450862630208 116.186275736491 115.970914204915
-9999 -9999 -9999 -9999 -9999 -9999 -9999 -9999 -9999 -9999 -9999 -9999 -9999 -9999 -9999 -9999 -9999 -9999 -9999 -9999 -9999 -9999 -9999 -9999 -9999 126.823485310872 126.417827351888 125.383443196615 124.834836832682 124.27202911377 123.644216918945 123.195006815592 122.764683024089 122.347198486328 121.048860677083 120.216456095378 120.113587443034 119.895011901855 119.733531188965 120.180963134766 119.921880594889 119.634431966146 119.340607706706 118.741160583496 118.206107584635 118.012471008301 118.216220092773 117.933108011882 117.692656453451 116.888629659017 116.767984517415 116.541780090332 116.302062479655 116.072040812174
-9999 -9999 -9999 -9999 -9999 -9999 -9999 -9999 -9999 -9999 -9999 -9999 -9999 -9999 -9999 -9999 -9999 -9999 -9999 -9999 -9999 -9999 -9999 -9999 -9999 -9999 126.469030761719 125.854137674967 124.917546590169 124.403961690267 123.79468536377 123.347310892741 122.924724324544 122.499611409505 121.072371419271 120.410424296061 120.123289998372 119.650340779622 119.439130655924 119.414928181966 119.827977498372 119.847123718262 119.511321512858 119.275840250651 118.302680969238 118.18306427002 118.412051900228 118.184485371908 117.9308690389 117.241081746419 116.957950337728 116.805813090007 116.751067097982 116.426205444336
-9999 -9999 -9999 -9999 -9999 -9999 -9999 -9999 -9999 -9999 -9999 -9999 -9999 -9999 -9999 -9999 -9999 -9999 -9999 -9999 -9999 -9999 -9999 -9999 -9999 -9999 -9999 126.219306437174 125.184651184082 124.627211507161 123.962795511882 123.545338948568 123.120951843262 122.728116861979 121.864182535807 121.443132019043 120.948927815755 120.325106302897 119.172157796224 119.543741861979 119.78515625 120.09896697998 119.778888956706 119.498118082682 119.194576009115 118.904113260905 118.705180358887 118.47937113444 118.273775736491 117.470536295573 117.160868326823 116.981502278646 117.099375406901 116.659535217285
-9999 -9999 -9999 -9999 -9999 -9999 -9999 -9999 -9999 -9999 -9999 -9999 -9999 -9999 -9999 -9999 -9999 -9999 -9999 -9999 -9999 -9999 -9999 -9999 -9999 -9999 -9999 126.551253255208 125.487210083008 124.887214660645 124.341187032064 123.742491149902 123.38619740804 122.914238993327 122.50529683431 122.105054219564 121.776509094238 120.752515157064 120.092049662272 119.841283671061 120.068865966797 120.375237528483 120.032002258301 119.831464131673 119.419317118327 118.601870218913 118.416017150879 118.792251078288 118.632648213704 117.698553466797 117.389511617025 117.219545491536 117.139238484701 116.93203125
-9999 -9999 -9999 -9999 -9999 -9999 -9999 -9999 -9999 -9999 -9999 -9999 -9999 -9999 -9999 -9999 -9999 -9999 -9999 -9999 -9999 -9999 -9999 -9999 -9999 -9999 -9999 126.801223754883 125.798076375326 125.194595336914 124.681537882487 124.063000488281 123.680038452148 123.212208557129 122.796063232422 122.429962666829 122.079254150391 121.62061920166 121.03778330485 120.331168111165 120.122611999512 120.655099487305 120.406039428711 120.101700337728 119.882880147298 119.16106821696 119.000350952148 119.103923034668 118.844248962402 118.117764282227 117.556347147624 117.384271240234 117.301756286621 117.166461690267
-9999 -9999 -9999 -9999 -9999 -9999 -9999 -9999 -9999 -9999 -9999 -9999 -9999 -9999 -9999 -9999 -9999 -9999 -9999 -9999 -9999 -9999 -9999 -9999 -9999 -9999 -9999 126.968678283691 126.077874755859 125.466613260905 124.988096110026 124.547759501139 124.001136779785 123.525001017253 123.117260233561 122.749714152018 122.391342671712 122.031028238932 121.818774414063 121.352527364095 120.545050557454 120.556437174479 120.587348429362 120.503146362305 119.955126444499 119.663552347819 119.239918518066 119.403872680664 119.211477152507 118.412899271647 117.901934305827 117.582995096842 117.348645528158 117.298196919759
-9999 -9999 -9999 -9999 -9999 -9999 -9999 -9999 -9999 -9999 -9999 -9999 -9999 -9999 -9999 -9999 -9999 -9999 -9999 -9999 -9999 -9999 -9999 -9999 -9999 -9999 -9999 127.203708394368 126.674536641439 125.79814860026 125.266115824382 124.835443623861 124.343436177572 123.941918945312 123.549458821615 123.134955342611 122.806422424316 122.431224060059 122.106657918294 121.801682535807 121.559637959798 121.327429199219 121.09475402832 120.241906229655 119.765269978841 119.460175069173 119.315515136719 119.120357767741 119.122946166992 118.570028177897 118.100757344564 117.775084431966 117.639542643229 117.338265991211
-9999 -9999 -9999 -9999 -9999 -9999 -9999 -9999 -9999 -9999 -9999 -9999 -9999 -9999 -9999 -9999 -9999 -9999 -9999 -9999 -9999 -9999 -9999 -9999 -9999 -9999 -9999 -9999 126.942367045085 126.507999674479 125.597136942546 125.188844299316 124.753808085124 124.226838175456 123.830516052246 123.461971537272 123.105788675944 122.755374145508 122.432955932617 122.108312479655 121.863854980469 121.621966552734 121.355322774251 120.259936014811 120.178332519531 119.587410990397 119.527855936686 119.286366271973 119.034377543132 118.582933044434 118.301543172201 118.061333211263 117.783268229167 117.71274210612
-9999 -9999 -9999 -9999 -9999 -9999 -9999 -9999 -9999 -9999 -9999 -9999 -9999 -9999 -9999 -9999 -9999 -9999 -9999 -9999 -9999 -9999 -9999 -9999 -9999 -9999 -9999 -9999 127.246047465007 126.753806559245 126.218653869629 125.522003173828 125.002879333496 124.546438598633 124.162364196777 123.755241902669 123.384882609049 123.074628194173 122.745596822103 122.408891805013 122.180752563477 121.920770263672 121.637958272298 121.382938639323 120.504584757487 120.634033203125 120.179600016276 119.577756245931 119.034638468424 118.781237284342 117.629476928711 117.516826375326 117.16364847819 117.012330118815
-9999 -9999 -9999 -9999 -9999 -9999 -9999 -9999 -9999 -9999 -9999 -9999 -9999 -9999 -9999 -9999 -9999 -9999 -9999 -9999 -9999 -9999 -9999 -9999 -9999 -9999 -9999 -9999 127.060622151693 127.065435791016 126.69405670166 126.13740641276 125.477581278483 124.942156473796 124.488465372721 124.105814107259 123.742893981934 123.410321553548 123.067678833008 122.823859151204 122.521352132161 122.202519226074 121.95868174235 121.595021057129 121.430752563477 121.171063232422 120.931921386719 120.669299316406 119.460114542643 118.890760803223 117.790223693848 117.696332804362 117.44013671875 117.379606119792
-9999 -9999 -9999 -9999 -9999 -9999 -9999 -9999 -9999 -9999 -9999 -9999 -9999 -9999 -9999 -9999 -9999 -9999 -9999 -9999 -9999 -9999 -9999 -9999 -9999 -9999 -9999 -9999 -9999 -9999 126.837888590495 126.423774210612 125.968664042155 125.414995829264 124.760952250163 124.399150085449 124.06057434082 123.667026265462 123.418226114909 123.114635213216 122.783309936523 122.493409729004 122.22750193278 121.912984720866 121.681008402507 121.455393981934 121.173085021973 120.926967875163 119.864915466309 118.721447753906 118.064684041341 117.900981648763 117.754932149251 117.700132242839
-9999 -9999 -9999 -9999 -9999 -9999 -9999 -9999 -9999 -9999 -9999 -9999 -9999 -9999 -9999 -9999 -9999 -9999 -9999 -9999 -9999 -9999 -9999 -9999 -9999 -9999 -9999 -9999 -9999 -9999 -9999 -9999 126.21786142985 125.769072977702 125.010982767741 124.686871337891 124.364468892415 123.979799906413 123.729802449544 123.426347351074 123.100744628906 122.814133707682 122.537214660645 122.232819112142 121.957121785482 121.671930440267 121.443799845378 120.940544637044 119.790972391764 119.137561543783 118.316719055176 118.161522420247 118.045798746745 118.028875223796
-9999 -9999 -9999 -9999 -9999 -9999 -9999 -9999 -9999 -9999 -9999 -9999 -9999 -9999 -9999 -9999 -9999 -9999 -9999 -9999 -9999 -9999 -9999 -9999 -9999 -9999 -9999 -9999 -9999 -9999 -9999 -9999 126.526565043132 126.127825927734 125.564108784993 125.019682820638 124.655325826009 124.307150268555 124.001020304362 123.713024902344 123.344683837891 123.101554870605 122.795163472493 122.449778238932 122.199290466309 121.961170959473 121.770120747884 120.403332010905 119.499545288086 118.72968343099 118.596792093913 118.49915822347 118.422166951497 118.356753540039
