ET0/medie/MEDIA_ET0_05.asc
NCOLS 177 
NROWS 174 
XLLCORNER 1436301.375 
YLLCORNER 4916704.5 
CELLSIZE 1500 
NODATA_value -9999 
[rows 104 to 129 of 174, columns 0 to 58 of 177]
0 0 0 0 0 0 0 0 0 0 0 0 0 0 0 0 0 0 109.064846293132 108.567940266927 107.990757751465 107.354335530599 106.741851298014 106.110151163737 105.457742818197 0 0 0 102.723964945475 101.939738464355 101.244028727214 100.559227498372 99.8125457763672 99.1700831095378 98.6167485555013 98.0131998697917 97.8098810831706 97.4284535725912 97.0466135660807 96.4571955362956 95.7001393636068 95.4670267740885 95.1561192830404 94.8979187011719 94.7530329386393 94.6719787597656 94.5392700195312 94.3907918294271 94.2569885253906 94.2875345865885 94.249348449707 94.1950337727865 94.0708511352539 93.9902475992838 93.9891194661458 93.986642964681 94.0734400431315 94.1371027628581 94.1831868489583
0 0 0 0 0 0 0 0 0 0 0 0 0 0 0 0 0 0 109.276545715332 108.742385864258 108.166678365072 107.605151875814 106.968311055501 106.294984944661 105.614178975423 104.954338582357 0 0 102.901521809896 102.136929829915 101.40347442627 100.745006306966 100.07063293457 99.4635564168294 98.6643010457357 97.925634765625 97.7166737874349 97.5448837280273 97.4019978841146 96.754291788737 96.2735926310221 95.6076477050781 95.2930043538411 95.114323425293 94.9524759928385 94.782280476888 94.690956624349 94.6368306477865 94.5379903157552 94.5553721110026 94.4468638102214 94.4470932006836 94.3673497517904 94.3033065795898 94.3217086791992 94.2787734985352 94.3082234700521 94.4159123738607 94.4981104532878
0 0 0 0 0 0 0 0 0 0 0 0 0 0 0 0 0 109.996802775065 109.489420572917 108.951333109538 108.356897989909 107.776655578613 107.16400197347 106.457358296712 105.872090148926 105.187251790365 0 103.688278198242 102.987940470378 102.286620585124 101.614574686686 100.939869689941 100.240611775716 99.6571111043294 98.7882685343424 98.1348393758138 97.931819152832 97.5841186523437 97.3746459960937 97.1834081013997 96.378928120931 95.8782185872396 95.5769943237305 95.3481597900391 95.1496546427409 95.0223307291667 94.8966028849284 94.8861796061198 94.807822672526 94.7882639567057 94.6904215494792 94.6904139200846 94.6000595092773 94.6243545532227 94.5679809570313 94.5822423299154 94.6706497192383 94.6899449666341 94.7629140218099
0 0 0 0 0 0 0 0 0 0 0 0 0 0 0 0 0 110.209069315592 109.788909912109 109.129648335775 108.514696756999 107.96735941569 107.319632466634 106.654645284017 105.922860209147 105.180155944824 104.442430114746 103.770485941569 103.121420796712 102.425569661458 101.746210734049 101.115170288086 100.459352620443 99.8441736857096 99.2015467325846 98.6854609171549 98.2524058024089 97.8218078613281 97.6487726847331 97.3188725789388 96.6562881469727 96.137961324056 95.9025405883789 95.5825531005859 95.4203582763672 95.2776306152344 95.0957936604818 95.1400675455729 95.0878494262695 95.0151545206706 94.9005009969076 94.9259129842122 94.8926208496094 94.8550160725911 94.8645863850911 94.9415888468424 94.9788202921549 94.9736490885417 95.1101216634115
0 0 0 0 0 0 0 0 0 0 0 0 0 0 0 0 0 110.449656677246 109.97614847819 109.370268249512 108.744483439128 108.124617513021 107.446257019043 106.704354349772 106.006818135579 105.301044718424 104.552678934733 103.907838439941 103.155201721191 102.447401428223 101.84449818929 101.271095784505 100.647133382161 100.046726989746 99.4571034749349 98.9716740926107 98.4032211303711 98.0700841267904 97.8457483927409 97.5194636027018 97.173691813151 96.3717290242513 96.0855728149414 95.8527465820312 95.6685582478841 95.508410135905 95.3705469767253 95.3280115763346 95.3074345906576 95.2447677612305 95.1457809448242 95.1493260701497 95.1460713704427 95.0686401367188 95.1920639038086 95.2230784098307 95.3292714436849 95.237255859375 95.3765391031901
0 0 0 0 0 0 0 0 0 0 0 0 0 0 0 0 0 0 110.083378601074 109.519623311361 108.915272521973 108.254449462891 107.471084594727 106.751919047038 106.129955037435 105.32878519694 104.639924621582 103.884786478678 103.304251098633 102.6412109375 102.026700337728 101.445265197754 100.881269327799 100.312127685547 99.80677541097 99.1875157674154 98.7307805379232 98.2145823160807 98.1199803670247 97.7649459838867 97.508176167806 97.2264048258464 96.5009780883789 96.0788213094076 95.9038828531901 95.7877939860026 95.5476821899414 95.5656458536784 95.483376566569 95.4490061442057 95.350526936849 95.2363922119141 95.2940185546875 95.3210693359375 95.3916859944661 95.464284769694 95.545881652832 95.663698832194 95.6724100748698
0 0 0 0 0 0 0 0 0 0 0 0 0 0 0 0 0 0 110.295274353027 109.675922648112 109.007949320475 108.359615071615 107.600730895996 106.802123514811 106.069160970052 105.445089213053 104.808573913574 104.044817097982 103.466276550293 102.832888793945 102.217803955078 101.653822835286 101.142332458496 100.621906026204 100.107224527995 99.5588694254557 99.0524291992188 98.5203542073568 98.4004135131836 98.0008758544922 97.8544387817383 97.4974782307943 97.1748082478841 96.42445119222 96.1084554036458 95.9419815063477 95.813395690918 95.6708979288737 95.6247716267904 95.5972956339518 95.4400080362956 95.4368677775065 95.423562113444 95.4980514526367 95.5899220784505 95.6808990478516 95.7739130655925 95.9804534912109 95.9945861816406
0 0 0 0 0 0 0 0 0 0 0 0 0 0 0 0 0 0 110.438223266602 109.613703409831 108.984130350749 108.29502360026 107.617089335124 106.986093139648 106.204245503743 105.524199422201 104.889570617676 104.224231974284 103.615401204427 103.014626566569 102.43560333252 101.914105733236 101.388704427083 100.868035380046 100.359054056803 99.8861968994141 99.4242538452148 98.930392964681 98.4411717732747 98.4369003295898 98.1478546142578 97.8333724975586 97.5661717732747 97.1320515950521 96.8576649983724 96.2803349812826 96.0991729736328 95.9382115681966 95.7620702107747 95.6598515828451 95.5014348347982 95.4746587117513 95.4676498413086 95.6484222412109 95.7420537312826 95.8173502604167 95.9485290527344 96.162055460612 96.3175455729167
0 0 0 0 0 0 0 0 0 0 0 0 0 0 0 0 0 0 110.422325134277 109.781345621745 109.057725016276 108.490503438314 107.838061523438 107.137613423665 106.417869567871 105.670929972331 105.07403717041 104.432507832845 103.796694946289 103.243304443359 102.674415588379 102.178954060872 101.637672932943 101.126726277669 100.678504943848 100.187811279297 99.760117594401 99.2237157185872 98.7847834269206 98.5498001098633 98.4174280802409 98.130261739095 97.8136749267578 97.5069758097331 97.2665013631185 96.6570119222005 96.3801381429036 96.1344863891602 95.9440007527669 95.7170883178711 95.5968571980794 95.5907775878906 95.6102610270182 95.6107177734375 95.8803838094075 96.1730504353841 96.2353307088216 96.3958272298177 96.6360733032227
0 0 0 0 0 0 0 0 0 0 0 0 0 0 0 0 0 0 110.651133219401 109.868098958333 109.296820576986 108.735606892904 108.061481221517 107.303504943848 106.615702311198 105.917975362142 105.325858052572 104.66727549235 104.047696431478 103.501479085286 102.969507344564 102.467346191406 101.964958699544 101.424120076497 100.981436665853 100.519538370768 100.096691894531 99.5727294921875 99.0991933186849 98.6835627237956 98.5118530273437 98.4364929199219 98.0913665771484 97.7953689575195 97.5303944905599 97.3082748413086 96.7938303629557 96.2709528605143 96.0158396402995 95.871137491862 95.8349522908529 95.7665562947591 95.7529551188151 95.8881881713867 96.0490224202474 96.3879796346029 96.5287027994792 96.6719370524089 96.8589462280273
0 0 0 0 0 0 0 0 0 0 0 0 0 0 0 0 0 0 0 110.115205891927 109.466004435221 108.872471110026 108.101734924316 107.455073038737 106.901154073079 106.280199686686 105.707278442383 105.005404663086 104.399634297689 103.797492472331 103.270985412598 102.785758972168 102.226436360677 101.793534342448 101.344713338216 100.846662394206 100.49142964681 99.9740356445313 99.4826014200846 99.0735193888346 98.6522232055664 98.7610814412435 98.3506123860677 98.05166015625 97.8297053019206 97.6413040161133 97.3009811401367 97.0070103963216 96.3265553792318 96.1587809244792 95.8770426432292 95.7167373657227 95.9782399495443 96.0481796264648 96.2717717488607 96.5193166097005 96.7229654947917 96.9789566040039 97.260649617513
0 0 0 0 0 0 0 0 0 0 0 0 0 0 0 0 0 0 0 110.203885396322 109.624491882324 109.07889251709 108.447852071126 107.703918965658 107.220979309082 106.685625712077 106.011394246419 105.33759358724 104.729910786947 104.125079345703 103.632911173503 103.055402628581 102.520012919108 102.033665974935 101.600129699707 101.220521036784 100.761994934082 100.338158162435 99.8372400919596 99.4523737589518 99.0438618977865 98.5871673583984 98.6989863077799 98.3726470947266 98.0124842325846 97.7166300455729 97.474267578125 97.2721043904622 96.9593409220378 96.7361857096354 96.3065592447917 96.0961624145508 96.2381876627604 96.1324554443359 96.5233846028646 96.7871007283529 96.9844599405924 97.2407704671224 97.4597732543945
0 0 0 0 0 0 0 0 0 0 0 0 0 0 0 0 0 0 0 110.437865702311 109.873725891113 109.350821940104 108.791850280762 108.223900349935 107.565655008952 106.968138122559 106.350189208984 105.630056762695 105.036948140462 104.47685546875 103.949653116862 103.395790100098 102.869948832194 102.299893697103 101.888554890951 101.445989481608 101.037270100911 100.622671000163 100.139660135905 99.6794158935547 99.3102920532227 98.855478922526 98.4479537963867 98.2057322184245 98.2111358642578 97.8942591349284 97.6235229492188 97.432155863444 97.1411936442057 96.837641398112 96.9176010131836 96.8076344807943 96.8218190511068 96.8723775227865 96.9075658162435 97.0960444132487 97.3170700073242 97.6060185750326 97.7305953979492
0 0 0 0 0 0 0 0 0 0 0 0 0 0 0 0 0 0 0 110.653097025553 110.219332885742 109.689208475749 109.169211832682 108.623017883301 108.037134806315 107.387228393555 106.860567220052 106.194258117676 105.574743652344 105.012977600098 104.355312093099 103.778998819987 103.20181833903 102.718522135417 102.215316772461 101.691223144531 101.297073364258 100.854077657064 100.454903666178 99.9864451090495 99.5302698771159 99.1793472290039 98.7024368286133 98.4216623942057 98.0370091756185 97.7135767618815 97.4011957804362 97.247548421224 97.3811635335286 97.2232355753581 97.1344009399414 97.1111078898112 97.185248819987 97.3237838745117 97.3296534220378 97.4289779663086 97.6433278401693 97.817111714681 97.9777679443359
0 0 0 0 0 0 0 0 0 0 0 0 0 0 0 0 0 0 0 0 110.495273844401 110.087683105469 109.609629313151 109.044819132487 108.513874308268 107.884466552734 107.336982218424 106.70532430013 105.991411844889 105.384099833171 104.788778177897 104.121850585937 103.586056518555 103.010143025716 102.490868123372 102.029446411133 101.559216308594 101.153234354655 100.686481730143 100.2703221639 99.7808680216471 99.398747253418 99.0798914591471 98.6548105875651 98.2526723225912 98.0330261230469 97.752885945638 97.5067713419596 97.6627787272135 97.5426849365234 97.4628102620443 97.4522735595703 97.5223907470703 97.6617436726888 97.8368911743164 98.0347295125326 98.1472173055013 98.0651972452799 98.2617248535156
0 0 0 0 0 0 0 0 0 0 0 0 0 0 0 0 0 0 0 0 0 110.434866333008 110.037453715007 109.418668619792 108.897152201335 108.392108662923 107.772458394368 107.137464904785 106.464089457194 105.819280497233 105.210546875 104.601006571452 103.965901692708 103.333109029134 102.762350463867 102.242950439453 101.804682413737 101.404397583008 100.970840962728 100.503790283203 100.062525939941 99.65660349528 99.2667673746745 98.9142155965169 98.6186111450195 98.422981262207 98.3557011922201 98.0063639322917 98.0199457804362 97.9101236979167 97.8596638997396 97.8746088663737 97.9071645100911 97.9842631022135 98.1722798665365 98.3629272460937 98.504411315918 98.6633580525716 98.8006815592448
0 0 0 0 0 0 0 0 0 0 0 0 0 0 0 0 0 0 0 0 0 0 110.406697591146 109.849296569824 109.341437276204 108.824118041992 108.231488545736 107.540099080404 106.867067464193 106.185739135742 105.607909138997 104.981118265788 104.289761861165 103.700309753418 103.167444864909 102.610401916504 102.169853719076 101.691731262207 101.29067586263 100.79736735026 100.457498168945 100.030410257975 99.8951644897461 99.586349995931 99.206228129069 98.9725153605143 98.6795883178711 98.5575154622396 98.3606745402018 98.207546488444 98.1981369018555 98.1637456258138 98.1456720987956 98.2813395182292 98.4538386027018 98.6440170288086 98.7825724283854 98.8828313191732 99.0164393107096
0 0 0 0 0 0 0 0 0 0 0 0 0 0 0 0 0 0 0 0 0 0 110.925979614258 110.399185180664 109.784236653646 109.249501546224 108.659410603841 108.043919881185 107.368899536133 106.651661682129 106.017820739746 105.307039896647 104.769177246094 104.078254699707 103.60192565918 102.921645609538 102.398580932617 102.054091389974 101.525586446126 101.132564290365 100.901898193359 100.502012125651 100.124672444661 99.8435785929362 99.5597259521484 99.2824534098307 98.9898300170898 98.9366495768229 98.8205266316732 98.676579284668 98.5943812052409 98.4832255045573 98.5210006713867 98.5855168660482 98.7262502034505 98.8185791015625 98.9193420410156 99.0421096801758 99.1857381184896
0 0 0 0 0 0 0 0 0 0 0 0 0 0 0 0 0 0 0 0 0 0 0 110.926697794596 110.357781473796 109.768775939941 109.138135274251 108.45231628418 107.77115834554 107.132932027181 106.35340423584 105.730072530111 105.133913675944 104.444486999512 103.955171203613 103.161529032389 102.693405151367 102.522443644206 102.079180399577 101.605179341634 101.103125508626 100.709547424316 100.41205291748 100.137177022298 99.8314900716146 99.5688832600911 99.2889572143555 99.193251546224 99.0405670166016 98.9116027832031 98.8085622151693 98.7687698364258 98.8420613606771 98.8499715169271 98.9388921101888 99.0013122558594 99.0418207804362 99.1376622517904 99.2316370646159
0 0 0 0 0 0 0 0 0 0 0 0 0 0 0 0 0 0 0 0 0 0 0 111.495270792643 110.961649576823 110.345425923665 109.685099283854 108.973059082031 108.44013671875 107.603284200033 106.90328725179 106.211499532064 105.518397013346 104.819380187988 104.345435078939 103.717900085449 103.243823750814 102.834862263997 102.288318888346 101.767398071289 101.507991027832 101.042829386393 100.643319702148 100.393865458171 100.073536173503 99.8433873494466 99.5286849975586 99.4542536417643 99.2845794677734 99.1456481933594 99.0226359049479 99.0691970825195 99.0899622599284 99.1356786092122 99.1015645345052 99.0802068074544 99.1314000447591 99.2321085611979 99.2138697306315
0 0 0 0 0 0 0 0 0 0 0 0 0 0 0 0 0 0 0 0 0 0 0 0 111.479453531901 110.844872029622 110.215353393555 109.601335652669 108.913455200195 108.209906005859 107.368916829427 106.630941772461 105.83784942627 105.232009887695 104.686886088053 104.062348937988 103.57994333903 103.114426676432 102.874276733398 101.981536865234 101.602724202474 101.220155843099 100.864360555013 100.570904032389 100.374429829915 100.100756835938 99.8445103963216 99.664094543457 99.4995681762695 99.3511540730794 99.2905283610026 99.2772994995117 99.3311594645182 99.3754053751628 99.2906178792318 99.2285634358724 99.2294748942057 97.7193532307943 98.4862243652344
0 0 0 0 0 0 0 0 0 0 0 0 0 0 0 0 0 0 0 0 0 0 0 0 111.836757914225 111.315682983398 110.648357645671 110.032212320964 109.373063151042 108.58702545166 107.887596130371 107.245161437988 106.456949869792 105.616212972005 105.111335245768 104.520809427897 104.331523132324 103.341039530436 102.865046183268 102.278888956706 101.768731689453 101.402605692546 100.999172973633 100.702962239583 100.505812072754 100.294300842285 100.043465677897 99.8775309244792 99.6522644042969 99.5254409790039 99.4550267537435 99.4644373575846 99.5654418945312 99.5786209106445 99.5371785481771 99.3970245361328 99.0570190429687 97.4717585245768 98.5904256184896
0 0 0 0 0 0 0 0 0 0 0 0 0 0 0 0 0 0 0 0 0 0 0 0 112.311294555664 111.660522460938 111.012458292643 110.438310750326 109.678202819824 109.021911621094 108.27379506429 107.599991861979 106.919760131836 106.227899678548 105.54234161377 104.976915486654 104.335547892253 103.694985453288 103.149824015299 102.565721130371 102.047215779622 101.63135172526 101.141943359375 100.843901570638 100.63003692627 100.440806070964 100.240969848633 100.021082560221 99.8738367716471 99.6844131469727 99.6958501180013 99.6656173706055 99.6774434407552 99.6984868367513 99.1241841634115 98.4993667602539 99.2882247924805 98.018918355306 98.6480387369792
0 0 0 0 0 0 0 0 0 0 0 0 0 0 0 0 0 0 0 0 0 0 0 0 112.784880574544 112.134393310547 111.470198059082 110.753280639648 110.233238728841 109.459781901042 108.675727335612 108.23175201416 107.453365580241 0 0 0 0 103.993085225423 103.502042643229 102.916125488281 102.390016174316 101.947658793132 101.43992767334 101.075961303711 100.788386535645 100.591282653809 100.392489115397 100.275683085124 100.045561218262 99.8822606404622 99.7820424397786 99.0071151733398 97.8497334798177 97.2910980224609 98.0675445556641 97.1909423828125 98.5289647420247 97.4112854003906 98.5818379720052
0 0 0 0 0 0 0 0 0 0 0 0 0 0 0 0 0 0 0 0 0 0 0 0 0 0 0 0 0 109.894454956055 109.179919433594 108.55381266276 0 0 0 0 0 104.483744812012 103.954015096029 103.28111521403 102.758854675293 102.244515482585 101.714220174154 101.392197672526 101.075189208984 100.810758463542 100.653871663411 100.501496378581 100.162372334798 99.5409413655599 98.8815297444661 98.1704732259115 98.5480438232422 97.7886932373047 97.9587168375651 98.0375579833984 98.2814076741536 96.8045496622721 99.0109822591146
0 0 0 0 0 0 0 0 0 0 0 0 0 0 0 0 0 0 0 0 0 0 0 0 0 0 0 0 0 0 0 0 0 0 0 0 0 104.851154581706 104.312755330404 103.694966634115 103.153528340658 102.594614156087 102.01888885498 101.549376424154 101.263221740723 101.096263631185 100.912145487467 100.545466105143 100.023827616374 98.8473470052083 98.7152506510417 98.0365158081055 98.3890075683594 98.0109909057617 98.0182383219401 96.6303105672201 98.1688710530599 98.2185546875 99.1112365722656
