ET0/medie/MEDIA_ET0_05.asc
NCOLS 177 
NROWS 174 
XLLCORNER 1436301.375 
YLLCORNER 4916704.5 
CELLSIZE 1500 
NODATA_value -9999 
[rows 104 to 129 of 174, columns 59 to 117 of 177]
94.2377415974935 94.2984868367513 94.4923360188802 94.4962829589844 94.7416483561198 94.8948715209961 95.1238683064779 95.3266245524089 95.4617930094401 95.9590581258138 96.2274215698242 96.5624872843425 96.8779586791992 97.1915735880534 97.5401972452799 97.7419987996419 97.7523569742839 97.9799611409505 98.2439331054688 98.4350652058919 98.9708745320638 99.0142252604167 99.2303705851237 99.4075958251953 99.5988118489583 99.7582641601562 99.9672429402669 99.9955322265625 100.140260314941 100.136313883464 100.262013753255 100.529313151042 100.673406982422 100.340928141276 100.20474395752 100.22417195638 100.322951253255 100.25945892334 100.374518330892 100.30033976237 100.345945739746 100.345591227214 100.342958577474 100.445917765299 100.474419657389 100.670552062988 100.72519124349 100.883986918132 101.046109517415 101.100593058268 101.142324829102 101.155342102051 101.214123535156 101.224630228678 101.193984985352 101.099840291341 101.076661682129 100.982912699382 100.831383768717
94.5580098470052 94.6108016967773 94.7881189982096 94.9087137858073 95.0342127482096 95.2281814575195 95.5512512207031 95.6741572062174 95.8687708536784 96.3614603678385 96.5860051472982 96.9402267456055 97.2956853230794 97.5161961873372 97.842128499349 98.0681432088216 98.0886352539062 98.3005081176758 98.5886545817057 98.7580902099609 99.0169016520182 99.3739084879557 99.5101811726888 99.7111811319987 99.8663716634115 100.030106099447 100.134795633952 100.270849100749 100.294419352214 100.340095011393 100.376181030273 100.529932657878 100.679294840495 100.846867879232 100.759162902832 100.507668558757 100.53949025472 100.436082458496 100.453278605143 100.472311401367 100.481571960449 100.496098836263 100.55397644043 100.579190063477 100.697021484375 100.699914550781 100.988784790039 100.931465148926 100.990828450521 101.052614847819 101.100563557943 101.110805257161 101.142372131348 101.193336486816 101.219058736165 101.057630411784 100.992599487305 100.89209391276 100.79649810791
94.8865961710612 94.9521682739258 95.1108093261719 95.3053400675456 95.4074249267578 95.5528884887695 95.7871200561523 95.9963663736979 96.2078811645508 96.4595611572266 96.879372660319 97.2901789347331 97.6899408976237 97.800596110026 98.1304662068685 98.4197499593099 98.7403981526693 98.6831354777018 98.9049626668294 99.0604070027669 99.3226786295573 99.7559310913086 99.9049799601237 100.065909830729 100.187618001302 100.229457600911 100.388496907552 100.484780375163 100.521745300293 100.625815836589 100.695539855957 100.701928202311 100.676642862956 100.740504455566 100.907315572103 101.037850952148 100.889766947428 100.655415852865 100.640398152669 100.647756958008 100.696163431803 100.667702229818 100.72939046224 100.725657145182 100.83401184082 100.843702697754 101.108515930176 101.061198425293 101.011580912272 101.084961446126 101.070320638021 101.038793945313 101.070977783203 101.053973388672 100.989312235514 100.9556737264 100.880878194173 100.850660705566 100.801438903809
95.1488815307617 95.276611328125 95.4116200764974 95.5423706054687 95.6602828979492 95.861838277181 96.0384836832682 96.2925018310547 96.5320292154948 96.7379435221354 97.0213404337565 97.3455307006836 97.6360656738281 98.2033767700195 98.4274881998698 98.7340367635091 99.0821024576823 99.3388682047526 99.5610875447591 99.7331319173177 99.6663976033529 100.001480611165 100.159704589844 100.485645548503 100.546889750163 100.541501363118 100.633760579427 100.676792399089 100.707447814941 100.736246744792 100.825699361165 100.826661173503 100.708451843262 100.75129292806 100.712362670898 100.724555460612 100.814538574219 100.774599202474 100.829194132487 100.96004486084 100.882585652669 100.938754272461 100.938291422526 100.938296000163 100.955415852865 100.979378763835 101.091456604004 101.037595113118 101.087593078613 101.031055196126 101.058876037598 100.996667480469 100.996975199382 100.854562886556 100.852944437663 100.905375671387 100.852989705404 100.833412679036 100.823630269368
95.4295094807943 95.6650680541992 95.8009104410807 95.8736857096354 96.0291351318359 96.2999852498372 96.4491978963216 96.636811319987 96.889735921224 97.1215967814128 97.3667561848958 97.6445571899414 97.8968205769857 98.1459584554036 98.6236053466797 98.9492284138997 99.2789779663086 99.5947764078776 99.7931259155273 99.990098063151 100.129334513346 100.199541727702 100.342891947428 100.63139851888 100.834281921387 100.891364542643 100.947013346354 100.84976348877 100.881421407064 100.932945251465 100.951171875 100.945874023437 100.93498433431 100.927448527018 100.845491027832 100.923008728027 100.887286885579 101.277354431152 101.247685241699 101.221943664551 101.130464172363 101.040009562174 101.046896362305 101.094768269857 101.097089131673 101.12971089681 101.098348490397 101.17113494873 101.080625915527 101.043145243327 100.981453959147 101.063584899902 100.898786417643 100.87428894043 100.822467041016 100.749776204427 100.887809753418 100.912612915039 100.797324117025
95.8004272460937 95.9689783732096 96.0588043212891 96.2072555541992 96.4162902832031 96.56431833903 96.7603724161784 96.9599950154622 97.296445719401 97.4076766967773 97.6376530965169 97.941183980306 98.1619140625 98.4019688924154 98.6927688598633 99.0513320922852 99.3785385131836 99.8257451375326 99.978330485026 100.285240681966 100.488973490397 100.631878153483 100.576246643066 100.742152404785 101.083373514811 101.134868367513 101.141653442383 100.866124979655 101.113635762533 101.131435139974 101.157995096842 101.102142842611 101.102243550618 101.110492451986 100.952156066895 101.037772623698 101.003629557292 100.982736714681 101.040386962891 101.161506144206 101.289602661133 101.299124145508 101.286992390951 101.15343170166 101.170227559408 101.198691813151 101.283860270182 101.277382405599 101.164271036784 101.091367085775 101.06931254069 101.026141357422 100.999432881673 100.865613301595 100.81743367513 100.846131388346 100.966484578451 100.944146728516 100.964212036133
96.1070846557617 96.2448455810547 96.4942947387695 96.5909805297852 96.7207819620768 97.0269744873047 97.1390686035156 97.2802007039388 97.5693715413411 97.7287144978841 97.9357671101888 98.1904169718425 98.4550944010417 98.7346603393555 99.0324005126953 99.2376912434896 99.5366536458333 99.9254918416341 100.078754170736 100.488945007324 100.718845621745 100.819641621908 101.006656392415 100.925213114421 101.069890848796 101.308510843913 101.50091603597 101.289710489909 101.306733194987 101.340587361654 101.339361572266 101.285353597005 101.235065714518 101.18960723877 101.109501647949 101.144106038411 101.131497192383 101.113399759928 101.214265441895 101.198241170247 101.26251373291 101.280904134115 101.572692362467 101.411222839355 101.530832417806 101.354147338867 101.365157572428 101.548692321777 101.29283803304 101.248939005534 101.149394734701 101.00979309082 101.143957010905 101.000973002116 100.930474853516 100.928693135579 101.089176432292 101.101063028971 101.117012023926
96.5074712117513 96.6950892130534 96.7586369832357 96.9313100179036 97.1357838948568 97.4783660888672 97.5923909505208 97.6513173421224 97.8714960734049 98.0212946573893 98.1577504475911 98.4641743977865 98.6770787556966 98.9440282185872 99.2160222371419 99.3630650838216 99.6361913045247 99.8639760335286 100.05983022054 100.524271647135 100.753241475423 100.959099833171 101.063975524902 101.170854695638 101.26028137207 101.430834452311 101.54961344401 101.657149251302 101.494576517741 101.485261027018 101.509516906738 101.447123718262 101.378746032715 101.365360514323 101.313212585449 101.259628295898 101.2605372111 101.276265970866 101.351008605957 101.300567626953 101.322520955404 101.40246480306 101.43541208903 101.582673136393 101.613737996419 101.612533569336 101.76529897054 101.502898152669 101.595394897461 101.355644226074 101.246614074707 101.171714782715 101.168731689453 101.218504842122 101.060098266602 101.089840698242 101.217089335124 101.266445414225 101.256667073568
96.7806533813477 96.9802627563477 97.0945607503255 97.2296681722005 97.3816533406576 97.5420603434245 97.7575866699219 97.9248728434245 98.140483601888 98.2666737874349 98.4988260904948 98.6859970092773 98.8558420817057 99.1390309651693 99.3519465128581 99.5693125406901 99.8155960083008 100.096375528971 100.268592325846 100.707844034831 100.896464538574 101.104024251302 101.25865834554 101.459362284342 101.410098775228 101.59078725179 101.839768473307 101.754848225911 101.687520853678 101.695366414388 101.681597900391 101.697380574544 101.53021291097 101.535619608561 101.41714070638 101.419296773275 101.413259379069 101.387484232585 101.369919331868 101.486330668132 101.490107218424 101.473699951172 101.508539326986 101.554591369629 101.518276468913 101.665603637695 101.644020080566 101.754397074382 101.755193583171 101.515327453613 101.434162902832 101.440336608887 101.431583150228 101.355611673991 101.233932495117 101.382277933757 101.423788960775 101.543405151367 101.514559936523
97.0435419718424 97.1731959025065 97.3792449951172 97.5007471720378 97.610747273763 97.723779296875 97.9114705403646 98.1839167277018 98.3715326944987 98.5578297932943 98.7379908243815 98.9406117757161 99.106537882487 99.3663899739583 99.6523778279622 99.7547342936198 100.034746805827 100.238034057617 100.446572875977 100.596621195475 100.768061828613 101.05146891276 101.450876871745 101.639748636882 101.812726847331 101.84522857666 101.965932210286 101.854090881348 101.914962259928 101.918073018392 101.911644999186 101.8970799764 101.850381978353 101.840674845378 101.747793579102 101.673780314128 101.63146870931 101.60230662028 101.612601216634 101.565200297038 101.660381062826 101.686542765299 101.647987874349 101.637436421712 101.691463724772 101.645907592773 101.707316080729 101.801340230306 101.866626993815 101.823736063639 101.859050496419 101.635060119629 101.803341166178 101.658174133301 101.569505818685 101.619440714518 101.655905151367 101.800184631348 101.793708292643
97.4175704956055 97.4588836669922 97.5799840291341 97.7521876017253 97.779487101237 97.8160446166992 97.7107915242513 98.26575978597 98.6338770548503 98.8602747599284 98.9129918416341 99.111762491862 99.4106577555338 99.6199091593424 99.8874059041341 100.038075256348 100.210844930013 100.40674794515 100.570281982422 100.750294494629 100.851011657715 101.13450571696 101.38415629069 101.654457600911 101.883064778646 102.020081075033 102.087972513835 102.023304239909 102.167766825358 102.225312805176 102.121548461914 102.078684997559 102.083352661133 102.020612589518 102.019028218587 101.868609110514 101.783455403646 101.756908162435 101.704942830404 101.749066162109 101.832302856445 101.865158081055 101.807451883952 101.767639668783 101.742784118652 101.783748881022 101.912702433268 101.99498240153 101.906102498372 101.918601989746 102.033987935384 102.114244588216 102.119341532389 102.022713216146 101.913346862793 101.95600382487 101.97571665446 102.04526163737 102.153311157227
97.6906092325846 97.7524881998698 97.8796997070312 97.9858164469401 98.1232167561849 98.210959370931 97.9951049804688 98.0220026652018 98.6001083374023 99.0786087036133 99.2174194335937 99.4075347900391 99.6135848999023 99.9376912434896 100.124364217122 100.2111328125 100.440554300944 100.597522481283 100.689970906576 100.862042744954 101.037122090658 101.233470662435 101.4068456014 101.722787475586 101.942623901367 102.146119181315 102.205756123861 102.227579243978 102.253326416016 102.394034322103 102.307273864746 102.267438761393 102.256373087565 102.21454671224 102.246180725098 102.049822489421 101.973940022786 101.951434834798 101.95709584554 101.886912027995 101.983867390951 101.969462076823 102.016016133626 101.965924072266 101.976839701335 101.937489827474 102.170428975423 102.142876180013 102.197706604004 102.276805623372 102.247575378418 102.333250427246 102.375583902995 102.483408610026 102.33525390625 102.276523844401 102.280882263184 102.45108795166 102.551652526855
97.8832387288411 98.0787643432617 98.2452092488607 98.2655349731445 98.5218577067057 98.6230270385742 98.7520329793294 98.8025258382161 98.2717951456706 98.1113423665365 99.421767171224 99.8774637858073 99.907497660319 100.162661234538 100.291572570801 100.447336832682 100.572176106771 100.777848307292 100.916554260254 101.050053914388 101.25191599528 101.407717386882 101.544118245443 101.772751871745 102.156845092773 102.367927042643 102.449395243327 102.419846598307 102.470575459798 102.584861755371 102.648108927409 102.507768758138 102.479103597005 102.474383036296 102.465434265137 102.320439656576 102.20474802653 102.200001525879 102.119566345215 102.176870727539 102.146223958333 102.198598734538 102.229025777181 102.258849080404 102.252078755697 102.301960754395 102.309118143717 102.406889851888 102.513301595052 102.577931213379 102.644274902344 102.738998921712 102.842617289225 102.960884094238 102.878321838379 102.877517191569 102.864979044596 102.907420857747 103.086855570475
98.1450174967448 98.2907419840495 98.540049235026 98.6450124104818 98.8276234944662 98.9282475789388 99.0795374552409 99.5092061360677 99.3767934163411 99.5406712849935 99.7890741984049 99.9844874064128 100.393769327799 100.570948791504 100.872924296061 100.749567667643 100.869753011068 100.971633402507 101.168065388997 101.293295288086 101.419719441732 101.625085957845 101.755679829915 101.943873087565 102.058481343587 102.531322733561 102.681874084473 102.831934611003 103.035909016927 103.072239176432 103.002593485514 103.01107228597 102.76912689209 102.740104166667 102.646321614583 102.545375061035 102.514208984375 102.432503255208 102.353033955892 102.296415201823 102.346329752604 102.29060160319 102.36683400472 102.458361816406 102.570027160645 102.588645935059 102.634377543132 102.69234975179 102.795104980469 102.871850585937 102.916765340169 103.028871154785 103.154188537598 103.281788126628 103.353829956055 103.364000447591 103.374709065755 103.513609822591 103.620841471354
98.6521347045898 98.8234842936198 98.7496978759766 99.0588780721029 99.4048151652018 99.482531229655 99.6765797932943 99.8286961873372 99.8350967407227 100.138641866048 100.349725341797 100.508732096354 100.696294657389 100.926507568359 101.185003153483 101.049248250326 101.174176534017 101.359106953939 101.642549641927 101.544476826986 101.718375142415 101.867852274577 102.048243713379 102.191321818034 102.345793151855 102.578283691406 102.918305460612 103.128336588542 103.238547770182 103.276120503743 103.279077657064 103.32397257487 103.244016520182 103.186457316081 103.088691202799 102.938184611003 102.733004252116 102.467411804199 102.679685974121 102.60918375651 102.614043680827 102.607818094889 102.622355651855 102.733111063639 102.864680480957 102.880940755208 102.842475382487 103.029881286621 103.052575683594 103.23424987793 103.297764078776 103.354395548503 103.475304667155 103.600858052572 103.776816304525 103.924807739258 104.106264750163 104.158811950684 104.228524780273
98.9361775716146 99.1068303426107 99.2799886067708 99.4828816731771 99.6686238606771 99.8089075724284 99.8592788696289 100.063386027018 100.224820963542 100.434608459473 100.621116638184 100.801016743978 101.146666463216 101.229691060384 101.398187764486 101.555680338542 101.700776672363 101.83192392985 101.966408284505 102.121981302897 102.232703145345 102.281665547689 102.422146606445 102.616040039062 102.879093424479 102.991492207845 103.10412902832 103.326233418783 103.549843343099 103.630626424154 103.622974650065 103.667983500163 103.721674092611 103.542376708984 103.439263407389 103.291521708171 103.171421813965 102.949421691895 103.083403523763 102.947765096029 102.979670715332 103.017399088542 102.989200337728 103.123422241211 103.213438924154 103.203828938802 103.277564493815 103.407210795085 103.49990234375 103.594863891602 103.701082865397 103.751360066732 103.880060831706 104.077699279785 104.193045043945 104.265670776367 104.362556966146 104.393838500977 104.4418065389
99.1531514485677 99.3016606648763 99.4117691040039 99.6273534138997 99.8131169637044 99.989936319987 100.219227600098 100.410387166341 100.53650004069 100.742559814453 100.92036895752 101.164485677083 101.36050567627 101.632172648112 101.697095235189 101.86957244873 102.012694295247 102.20195719401 102.263152058919 102.408185831706 102.57916208903 102.693355814616 102.838147481283 103.10225982666 103.272275797526 103.435163879395 103.589315795898 103.687678527832 103.77113087972 103.907396952311 103.979242451986 103.953659566243 103.912922159831 103.854723612467 103.82021891276 0 103.603417460124 103.482620747884 103.47798055013 103.380426534017 103.367244974772 103.403832499186 103.436435953776 103.521334838867 103.594617716471 103.653038533529 103.690458679199 103.793836975098 103.900225830078 104.022827148438 104.089121500651 104.213738505046 104.395158894857 104.506559753418 104.57856241862 104.653282165527 104.737138366699 104.771233113607 104.820956420898
99.3450037638346 99.5176528930664 99.678098042806 99.8447738647461 99.9710505167643 100.192450459798 100.384844970703 100.619687906901 100.857824198405 101.05844523112 101.224639383952 101.434299214681 101.699955749512 101.786910502116 101.974085489909 102.21102549235 0 102.566759236654 102.611788431803 102.728442382813 102.865674336751 103.058412679036 103.233670043945 103.508374023437 103.50527750651 103.772500610352 103.91380666097 104.225309753418 104.287762959798 104.321641540527 104.395417277018 104.464441426595 104.433664449056 104.252825927734 0 0 0 103.966651916504 103.880731201172 103.85410563151 103.768291727702 103.762690226237 103.856189982096 103.869261169434 104.002498372396 104.098163350423 104.145215861003 104.307603963216 104.36008199056 104.426303609212 104.594044494629 104.702340189616 104.872728983561 104.945344034831 105.04092763265 105.088356018066 105.13878326416 105.17226155599 105.206737263997
99.4118835449219 99.6065424601237 99.787803141276 99.9567937215169 100.222360738118 100.469264221191 100.650327555339 100.776611836751 101.034911092122 101.248909505208 101.464902242025 101.633954366048 101.871898905436 0 0 0 0 102.827770996094 102.906055196126 103.060535176595 103.239621480306 103.432029215495 103.615339152018 103.88816019694 104.016423034668 104.168584187826 104.384436035156 104.595380655924 104.617928059896 104.774104309082 104.744005330404 104.784457397461 0 0 0 0 0 104.509120686849 104.361057027181 104.338465372721 104.357116190592 104.299189758301 104.427597045898 104.402329508464 104.487231953939 104.52734375 104.691797383626 104.767721557617 104.84193572998 104.929909261068 105.021696472168 105.213092549642 105.313107299805 105.407548522949 105.456267293294 105.47127532959 105.538644917806 105.586638895671 105.621533711751
99.3256271362305 99.6295715332031 99.5675694783529 99.5301534016927 99.8951136271159 100.379961140951 100.478477986654 0 0 0 0 101.970767211914 101.959735107422 0 0 0 0 103.004716491699 103.201285298665 103.504316711426 103.593388366699 103.820709737142 104.010957845052 104.216016642253 0 104.603092956543 104.744231160482 104.93979695638 0 105.109836832682 105.346220397949 0 0 0 0 0 0 105.083487447103 105.043394978841 104.950102742513 104.874978637695 104.946828715007 104.97026570638 104.997378031413 105.005965677897 105.143067423503 105.227931213379 105.240121968587 105.314915466309 105.444236755371 105.563587443034 105.69648030599 105.774242655436 105.82336324056 105.888210550944 105.935420735677 105.952528381348 106.004508463542 106.038143412272
98.7829249064128 99.2904123942057 99.435720316569 99.6281890869141 100.252880859375 0 0 0 0 0 0 0 0 0 0 0 0 0 0 0 103.973337300618 104.111823018392 104.33114827474 0 0 0 105.045061747233 105.254536437988 0 0 0 0 0 0 0 0 0 0 105.638981628418 105.593864440918 105.577501424154 105.505999755859 105.6048924764 105.572901407878 105.663535054525 105.618293762207 105.704324849447 105.748537190755 105.861426289876 106.02150777181 106.106224060059 106.189672851563 106.229983011882 106.274615987142 106.302458699544 106.353415425618 106.388821411133 106.438775126139 106.471953837077
98.4610020955404 98.4209874471029 98.9785044352214 99.9953414916992 99.8600112915039 0 0 0 0 0 0 0 0 0 0 0 0 0 0 0 0 0 0 0 0 0 105.347833251953 105.562812805176 0 0 0 0 0 0 0 0 0 0 0 106.25122833252 106.236462402344 106.283640034993 106.26642964681 106.270714823405 106.328167215983 106.307669576009 106.314875793457 106.377435811361 106.460459391276 106.511574808757 106.56012878418 106.60969543457 106.664440409342 106.707432047526 106.739756266276 106.788670857747 106.838420613607 106.872780863444 106.920161946615
98.0862584431966 98.6882085164388 99.0036783854167 99.9309473673503 0 0 0 0 0 0 0 0 0 0 0 0 0 0 0 0 0 0 0 0 0 0 0 0 0 0 0 0 0 0 0 0 0 0 0 0 106.768946329753 106.823756408691 106.843306986491 106.879284159342 106.894948323568 106.899813842773 106.936366780599 106.978820292155 106.974754333496 106.987689717611 107.022125244141 107.062468465169 107.11928914388 107.163025919596 107.209616597493 107.242495727539 107.274028523763 107.321262613932 107.366604105632
98.2272430419922 98.6208775838216 99.4798416137695 99.7133239746094 0 0 0 0 0 0 0 0 0 0 0 0 0 0 0 0 0 0 0 0 0 0 0 0 0 0 0 0 0 0 0 0 0 0 0 0 0 107.314129130046 107.341212972005 0 0 0 0 0 107.460217793783 107.493565368652 107.510500590007 107.53520711263 107.562203470866 107.618560282389 107.678374226888 107.711725870768 107.741045125326 107.799413045247 107.827727762858
98.0019419352214 99.2998748779297 99.0648005167643 99.448752339681 0 0 0 0 0 0 0 0 0 0 0 0 0 0 0 0 0 0 0 0 0 0 0 0 0 0 0 0 0 0 0 0 0 0 0 0 0 0 0 0 0 0 0 0 0 0 108.016969299316 108.038400268555 108.050628662109 108.092446899414 108.148271687826 108.208141581217 108.237410481771 108.263362630208 108.27432607015
98.183322652181 98.757780456543 99.2810323079427 99.6687103271484 0 0 0 0 0 0 0 0 0 0 0 0 0 0 0 0 0 0 0 0 0 0 0 0 0 0 0 0 0 0 0 0 0 0 0 0 0 0 0 0 0 0 0 0 0 0 0 0 108.597304280599 108.608255513509 108.595825703939 108.648702494303 108.689182027181 108.770029703776 108.765131123861
