ET0/medie/MEDIA_ET0_12.asc
NCOLS 177 
NROWS 174 
XLLCORNER 1436301.375 
YLLCORNER 4916704.5 
CELLSIZE 1500 
NODATA_value -9999 
[rows 52 to 77 of 174, columns 0 to 58 of 177]
0 0 0 0 0 0 0 0 0 0 0 0 0 0 0 0 0 0 0 0 0 0 0 0 0 0 0 0 10.7742430686951 10.6224319458008 15.313631439209 14.9238909403483 16.8502162297567 18.3742100397746 18.8049746195475 0 0 0 0 0 0 0 0 18.6647544225057 16.0241478602091 13.8836375554403 14.0333285013835 18.5232103347778 13.1942621231079 9.24752588272095 9.12690779368083 8.86113430658976 9.52698930104574 11.843915049235 11.9203392028809 7.45521504084269 7.33956289291382 7.11309385299683 7.06424392064412
0 0 0 0 0 0 0 0 0 0 0 0 0 0 0 0 0 0 0 0 0 0 0 0 0 0 0 0 10.782444413503 10.6891178448995 10.9774256706238 14.2502236684163 15.4396128336589 18.2852729797363 0 0 0 0 0 0 0 0 0 18.8287428538005 13.0140290578206 9.82795597712199 9.69974905649821 9.38416344324748 9.37244297663371 9.83068650563558 13.2407638549805 13.5623402913411 11.2395387649536 9.53559042612712 8.77577056884766 7.50841964085897 7.32872842152913 7.059263865153 9.86666793823242
0 0 0 0 0 0 0 0 0 0 0 0 0 0 0 0 0 0 0 0 0 0 0 0 0 0 0 0 10.7253967285156 10.6735749880473 11.7100480397542 15.147785504659 15.4148300806681 0 0 0 0 0 0 0 0 0 0 0 9.93165601094564 11.5324489593506 9.89917294184367 9.45636037190755 12.4703723907471 17.5653701146444 18.3802538553874 19.1494372049967 18.3736703236898 15.3653905232747 12.8751737594604 7.44800494511922 7.30469659169515 7.04859040578206 9.59217265446981
0 0 0 0 0 0 0 0 0 0 0 0 0 0 0 0 0 0 0 0 0 0 0 0 0 0 0 10.7343436559041 10.6535855929057 10.7313523928324 11.9267403920492 11.8138731002808 12.8326742172241 12.3903541564941 0 0 0 0 0 0 0 0 0 9.91210765838623 14.1321443557739 17.9837981541951 14.4237787882487 13.6908773422241 17.8196422576904 18.7987855911255 19.5044888178507 16.0306390126546 19.1829452514648 13.6309855779012 9.72622184753418 7.49050528208415 7.29001324971517 6.98502124150594 11.9265466054281
0 0 0 0 0 0 0 0 0 0 0 0 0 0 0 0 0 0 0 0 0 0 0 0 0 0 10.8049475987752 10.6887878100077 12.9384811401367 10.6202071825663 12.2631474812826 14.7544390996297 13.6170304616292 12.4389700571696 10.7132002512614 0 0 0 0 0 0 0 16.1485331853231 16.6984298706055 16.4031724294027 15.5650901794434 14.137327448527 14.1443397521973 16.9320537567139 18.9080467859904 19.4480690638224 13.2585016886393 14.0585843404134 8.73535982767741 7.72947651545207 7.50076580047607 7.46993322372437 7.06285721460978 9.98728396097819
0 0 0 0 0 0 0 0 0 0 0 0 0 0 0 0 0 0 0 0 0 0 0 0 10.9337681134542 10.8698594093323 10.7356456756592 11.2945738792419 14.1215537389119 13.0450775782267 12.3217695236206 15.029211362203 17.3698628107707 16.467871983846 14.6063528696696 10.9384356180827 10.5499287287394 0 0 0 0 0 19.3330777486165 18.7709503809611 16.8962422053019 17.1067151387533 14.8898462295532 17.8547495524089 18.9067594528198 17.3497724533081 15.463804880778 12.0568604151408 8.24918893178304 7.86072835922241 7.70458157857259 7.97357142766317 7.89791390101115 7.13597993850708 6.84666372934977
0 0 0 0 0 0 0 0 0 0 0 0 0 0 0 0 0 0 0 0 0 0 0 10.9486576080322 10.8833994229635 10.7692218462626 11.3317140897115 12.0497536977132 16.7462450663249 12.8422659556071 10.542379061381 12.0653713862101 14.2112354914347 16.001501083374 13.3960802078247 11.1022183100382 10.4296054204305 10.3918562571208 0 0 0 0 0 17.2148646672567 19.5217487970988 19.0491948445638 15.4612373987834 13.3847167332967 18.1228503545125 16.1358755747477 10.4977090835571 8.17799657185872 8.04726654688517 7.90852057139079 9.85768712361654 12.0758338928223 9.94651565551758 7.18539339701335 6.99515263239543
0 0 0 0 0 0 0 0 0 0 0 0 0 0 0 0 0 0 0 0 0 0 10.9192341486613 10.8545162836711 10.7330487887065 10.8452707290649 12.1674716949463 15.4830769220988 16.1412960688273 12.8979225794474 11.7150166829427 10.4881334622701 13.767937151591 13.5315469741821 14.9501265843709 16.6709697723389 14.0532121022542 10.3587241490682 0 0 0 0 0 19.5130858739217 19.7632239659627 19.8957228978475 17.9466433842977 13.0995812733968 11.5324752171834 8.59159914652506 8.36592938105265 8.17005071640015 8.9488564491272 10.2210497220357 13.8648602167765 12.4167313893636 13.6851240158081 7.19037882486979 7.06025940577189
0 0 0 0 0 0 0 0 0 0 0 0 0 0 0 0 0 0 0 0 0 10.8937620162964 10.8273321151733 10.7090595563253 15.1942739486694 17.5151467641195 17.0762990951538 15.1760637919108 18.4397436141968 18.1855219523112 13.664924176534 10.4960348765055 12.9712668100993 12.9624265670776 15.2870336532593 16.8126930872599 16.3062911987305 10.3719562530518 14.599921353658 0 0 0 0 19.1619798024495 19.9165252685547 19.2412590026855 18.173336537679 16.6452493667603 14.2016213099162 9.57517735163371 8.36267226537069 15.6324000676473 19.0464869181315 16.9621725082397 16.8574968973796 15.8774705886841 13.4442587534587 7.80272391637166 7.15141146977743
0 0 0 0 0 0 0 0 0 0 0 0 0 0 0 0 0 0 0 0 10.8982280731201 10.8030452092489 10.7240182558695 12.4514793395996 16.8496913909912 16.2220729192098 15.9139617284139 15.8702707290649 15.1049260457357 14.6163426717122 10.7124390920003 10.9441741943359 14.6324047724406 14.4199295679728 16.3451559066772 16.329780515035 14.7088592529297 11.3692063013713 10.2931550343831 0 0 0 0 0 0 16.6880061467489 19.0657766342163 17.9316096623739 16.8374550501506 12.1943965911865 8.46464967727661 15.3539847056071 17.0136185963949 19.8292989095052 19.7630072275798 19.4881853103638 12.6980711619059 12.4447451909383 7.19839003880819
0 0 0 0 0 0 0 0 0 0 0 0 0 0 0 0 0 0 0 0 10.80846824646 10.744217300415 11.7630349477132 10.7251530329386 11.0348255793254 11.6026995976766 12.3019032160441 11.7648485183716 10.9278463363647 10.8724071502686 11.0800017674764 12.3857798894246 14.1958530426025 13.7427185058594 17.4933204650879 14.4690617243449 13.4954397201538 10.3520517985026 13.8015845616659 0 0 0 0 0 0 0 17.9295534133911 16.8924501419067 19.9817356109619 12.5663600285848 8.55007069905599 12.4760177612305 15.9945397059123 18.0361285527547 19.7744478861491 18.4253046671549 12.6326234817505 15.1669378916423 7.66807339986165
0 0 0 0 0 0 0 0 0 0 0 0 0 0 0 0 0 0 0 0 10.7174774169922 10.6322399139404 11.2776714324951 11.4016626358032 12.0698858896891 11.5323525110881 11.5135525385539 11.8919254938761 12.6846927642822 14.2642103830973 14.3340068817139 13.6403707504272 15.2657899856567 17.8908887863159 15.3541034062703 15.274006652832 10.974528948466 12.2076282501221 17.7544805526733 16.6385764439901 0 0 0 0 0 0 15.6788467407227 16.5186058044434 19.5842775980631 16.2752379099528 8.59389918645223 14.2143639246623 18.8251134872437 18.686890856425 17.5791973749797 15.7433836619059 11.2115550676982 14.1809838612874 11.1009212176005
0 0 0 0 0 0 0 0 0 0 0 0 0 0 0 0 0 0 0 0 10.637337176005 10.5590606371562 11.6413126627604 10.7746950785319 10.8678672154744 10.7361746470133 11.3403428395589 13.6551261901855 14.9740571339925 16.8981508255005 16.7773790359497 15.6945105870565 15.8131403605143 16.3908789316813 13.6468091328939 16.8738324483236 11.1859825134277 14.0464375813802 13.8928259531657 13.9003120422363 0 0 0 0 0 17.9559974034627 19.8490828196208 19.7086922327677 13.6706424077352 10.6689015388489 8.63417603174845 13.5583748499552 20.171235148112 19.1826918284098 18.3074644088745 14.4577960968018 11.0493318239848 15.3129948298136 10.3005023956299
0 0 0 0 0 0 0 0 0 0 0 0 0 0 0 0 0 0 0 0 11.4714275360107 10.5462420781453 10.4584020296733 10.868164952596 11.2909516016642 11.1219382603963 10.8716181437174 11.8527009328206 15.2274569193522 15.9446595509847 17.4341793060303 17.4957599639893 14.8257311503092 14.6244876225789 15.5163599650065 12.3291611989339 11.6365741093953 11.7733617782593 12.6487246195475 12.2974194844564 0 0 0 0 0 17.9331397374471 15.1751988728841 13.9500700632731 8.78606548309326 8.77776180903117 9.32146835327148 11.7959517796834 15.9471022923787 20.1349414189657 16.7540603001912 13.4066656112671 11.8793055534363 10.3135758399963 13.5359125773112
0 0 0 0 0 0 0 0 0 0 0 0 0 0 0 0 0 0 0 0 0 10.5264790852865 10.436484336853 10.51420434316 10.8985705693563 10.6542991638184 10.9507568359375 11.0120797475179 12.113614209493 13.9456702550252 14.2246327718099 14.3335190455119 14.2405583699544 13.4912724177043 12.1491366068522 12.1850182215373 11.9509103139242 11.0561395009359 12.0193951924642 11.4612035751343 11.1547877629598 0 0 0 10.6952236175537 12.6945776621501 11.6590730031331 9.76484082539876 8.84411300023397 12.7626403808594 13.0369229634603 13.8391794204712 17.2319194157918 13.9704933166504 13.175092124939 15.3287628173828 9.52340714136759 10.2990876515706 12.2800861676534
0 0 0 0 0 0 0 0 0 0 0 0 0 0 0 0 0 0 0 0 0 0 10.4009471257528 10.3710710843404 10.6295398076375 10.5117981592814 10.4312039057414 10.6946321487427 10.3379871368408 10.7288429260254 11.6865182876587 12.4343888600667 12.1784196217855 12.2908363342285 11.1168211619059 12.4153532663981 12.1041376113892 12.3621966679891 12.0426081339518 12.3118366241455 12.9770646413167 13.0922083536784 9.75002816518148 0 9.47718931833903 10.5032432556152 9.29875151316325 8.98502788543701 11.8594788233439 19.658676592509 19.8334545771281 18.8658870697021 19.6324778874715 16.1208120346069 10.3208447774251 9.98521766662598 12.3558487892151 12.2174414952596 18.2158008575439
0 0 0 0 0 0 0 0 0 0 0 0 0 0 0 0 0 0 0 0 0 10.4227080027262 10.3541613578796 10.3246769587199 10.5437788009644 10.4778326034546 10.6202951431274 10.5832105636597 10.3294270833333 10.2565155029297 11.3436879475911 11.6156847635905 11.0101818084717 11.2494705835978 11.3734390258789 12.0728713353475 12.3315110524495 12.2817935307821 11.7536761601766 12.1103803634644 11.9236084620158 11.0942846298218 10.3184624036153 12.5699686686198 13.7368048985799 11.2005386988322 9.08567641576131 13.3261568069458 17.3426949183146 13.5102048873901 17.1032030741374 16.5162974039714 16.5660197575887 12.9506249109904 9.29809757868449 10.1733364423116 10.2847593307495 11.7028712590535 10.2681316057841
0 0 0 0 0 0 0 0 0 0 0 0 0 0 0 0 0 0 0 0 10.4149134000142 10.367875734965 10.346590423584 10.4546269734701 10.6318807601929 11.0017979303996 10.8633943557739 10.6494911829631 10.3189472834269 10.2229336420695 10.1686815579732 10.1537334124247 10.7797721862793 10.4014236450195 11.4431487401326 11.0063093821208 11.0567977269491 12.6608311335246 12.1418203353882 12.1818964640299 11.8109382629395 11.1679590861003 11.2497027715047 12.2784975687663 11.4050831476847 11.138875134786 10.7918477376302 9.31288547515869 10.5082789738973 12.4663621266683 12.9867842992147 13.4666374842326 12.7842173894246 10.7842669487 9.29405107498169 9.10601234436035 8.8249501546224 8.65319979985555 8.71101665496826
0 0 0 0 0 0 0 0 0 0 0 0 0 0 0 0 0 0 0 10.4241007169088 10.5442828814189 10.7110440572103 10.3949595133464 10.6513151168823 11.0825528462728 10.8569250106812 11.198508199056 10.5545388539632 10.3065001805623 10.29620068868 10.1823602040609 10.1197461764018 10.096833674113 10.3831628799438 11.7343987782796 11.4747730255127 11.3073034286499 11.6632151285807 11.9508097966512 12.2565306345622 11.5790828069051 11.6608631769816 11.1732838948568 11.258956972758 11.2664166132609 10.5285709698995 10.3307047526042 11.644694741567 10.4549105644226 10.767408212026 11.2618725776672 10.8045372327169 11.0358595530192 9.87857542037964 9.07884912490845 9.05807536443075 8.84076900482178 8.8088625907898 8.79844118754069
0 0 0 0 0 0 0 0 0 0 0 0 0 0 0 0 0 0 0 10.3642586708069 10.8430320739746 10.5845746358236 10.3288000106812 10.7029054005941 11.0290526072184 12.6043793360392 10.7965281804403 10.546191851298 10.2903098424276 11.0615818023682 12.0348250706991 10.7106006622314 11.050740369161 11.5602067947388 11.9203537623088 11.5427267074585 11.0268009185791 11.3420565923055 12.1098373413086 12.1807632446289 11.8302354812622 11.7971756617228 11.2177588144938 11.1964301427205 11.1956551233927 10.4395002047221 10.0883917490641 10.0073033650716 10.9301565806071 11.7240410486857 11.2759222984314 10.5484891255697 10.5670985539754 9.20686604181926 10.0359840393066 9.19642728169759 9.17276865641276 8.88130378723145 8.79225470225016
0 0 0 0 0 0 0 0 0 0 0 0 0 0 0 0 0 0 0 0 10.272497399648 10.2143379211426 10.3739073435466 11.7946961720785 10.9238896687826 13.1945631027222 10.6522645950317 10.3946966171265 10.7585033416748 12.0001525878906 10.8088633219401 11.2296124140422 11.7277590433757 11.4657972335815 12.2240635553996 11.3612323125203 11.2897933959961 11.5556360244751 11.7320407867432 11.8257474263509 12.0599061965942 11.5397664388021 10.8154034296672 10.6826818784078 10.6371227264404 10.3589624722799 10.4407285054525 9.81823625564575 10.1988924026489 11.0488785425822 11.1871774673462 10.8009929339091 10.3727475484212 9.72477540969849 9.48483953475952 8.97223510742188 9.06234521865845 9.34901297887166 9.2039408047994
0 0 0 0 0 0 0 0 0 0 0 0 0 0 0 0 0 0 0 0 10.2432816823324 10.1480781555176 11.269757715861 11.40091381073 10.9034086227417 11.5024076461792 10.426034673055 11.9501623789469 11.365777015686 10.8895736376444 11.3619499842326 11.8795771916707 11.4160935719808 11.7227413813273 11.7621458689372 11.348983891805 10.903477191925 11.1220910072327 11.5987727483114 11.471660677592 11.7827282587687 11.4438555399577 10.7043960571289 10.5511502583822 10.6304208437602 10.2813923835754 10.4988147099813 9.77521508534749 10.0478472073873 10.3105701446533 10.6512982050578 10.4807686805725 10.3829737345378 9.74000358581543 9.92279497782389 9.19616279602051 9.4079332669576 9.146249071757 9.33495003382365
0 0 0 0 0 0 0 0 0 0 0 0 0 0 0 0 0 0 0 0 0 10.1183524131775 10.6749139785767 11.3732344309489 10.5908789952596 10.6808391571045 10.7697645187378 11.6924327850342 10.799831867218 10.5379422187805 10.7354618390401 12.096578280131 11.6499301274618 11.3929648717244 11.7275682449341 11.001771513621 10.6714113553365 10.9611367225647 11.1777240753174 11.237721824646 11.2862215677897 11.1815668106079 10.8924687385559 10.4999300638835 10.4395168304443 10.6679152488708 10.347837193807 10.1162352879842 10.2561958312988 10.320374584198 10.4471014976501 10.132624912262 10.146995194753 10.2428294817607 10.1086566289266 8.91656786600749 8.97625907262166 9.27485055923462 9.88039248784383
0 0 0 0 0 0 0 0 0 0 0 0 0 0 0 0 0 0 0 0 0 10.0635639508565 10.0034243265788 9.93552080790202 10.1815994262695 10.3293742815653 10.8383482933044 10.8478027025859 10.4930676778158 10.5999588330587 10.4952808698018 11.496909681956 11.3235954920451 11.2394689242045 11.3713059425354 11.3488657633464 10.3081581751506 10.6636424064636 11.0701436678569 10.9638323148092 10.8187444051107 10.652798016866 10.8140473047892 10.6670781453451 10.4302817026774 10.4736496289571 10.3474775314331 10.3948211987813 10.0125257809957 10.2773510615031 10.2124463717143 10.0148038864136 10.0549228986104 9.63526983261108 9.69387480417887 8.92635208765666 9.62615331013997 9.57139059702555 9.56166845957438
0 0 0 0 0 0 0 0 0 0 0 0 0 0 0 0 0 0 0 0 0 0 0 0 10.2933387438456 10.4147856712341 10.9022932370504 10.5177135149638 10.6670731862386 10.4975536346436 10.7542918841044 10.9811634063721 10.9279261906942 11.1235303560893 11.0939576148987 10.7686686515808 10.4625497500102 10.4468067487081 10.8173531850179 10.7784425099691 10.5636968612671 10.3932323773702 10.5354376792908 10.4340840975444 10.3536734263102 9.88447806040446 10.2728674888611 10.1609145482381 9.52034692764282 10.009765179952 10.0682929356893 9.72044328053792 9.58535935084025 9.4786831219991 9.59130954742432 9.29684235254924 9.4592601776123 9.51736183166504 9.52414598464966
0 0 0 0 0 0 0 0 0 0 0 0 0 0 0 0 0 0 0 0 0 0 0 0 10.2501304626465 10.9591859181722 10.6285290400187 10.366655254364 10.9885634740194 10.8545591036479 10.648698647817 10.8037283261617 10.6927870114644 10.7668322881063 10.8740800221761 10.5063330332438 10.2247843424479 10.2713272094727 10.2673463185628 10.2881157239278 10.2064162572225 10.1560780207316 10.1977882067362 10.1268448829651 10.1465737024943 9.71146011352539 9.90790688196818 9.92391421000163 9.36267992655436 9.61773157119751 9.63002284367879 9.50212240219116 9.45018739700317 9.40883312225342 9.61724840799967 9.30184590021769 9.39863468805949 9.6734237353007 10.2187468528748
