ET0/medie/MEDIA_ET0_11.asc
NCOLS 177 
NROWS 174 
XLLCORNER 1436301.375 
YLLCORNER 4916704.5 
CELLSIZE 1500 
NODATA_value -9999 
[rows 48 to 71 of 174, columns 54 to 107 of 177]
19.6660245259603 19.5289459864299 15.8840452829997 12.9773010253906 12.7129333496094 15.5202092806498 16.7524941126506 18.997992960612 18.449204826355 18.5092198689779 18.4563871383667 18.4280593236287 17.6637187957764 18.3025894165039 18.1110715866089 18.1790700276693 17.1907452901204 12.9327762285868 17.176594988505 12.7552875200907 16.509089533488 17.7982922871908 17.6092546463013 15.5715963363647 17.6712659835815 16.0863487879435 16.9245637257894 16.7653739611308 17.1721171696981 16.8583616256714 16.5262179692586 16.5774596532186 16.1999660174052 16.0791644732157 15.8673975308736 15.4280057271322 15.4373999277751 14.9551567395528 14.4474745114644 14.1895019213359 14.6685199419657 14.6544441858927 14.7555878003438 14.7219880104065 14.6240893046061 14.3762857437134 14.1170604387919 15.0290306091309 13.7751333236694 13.922523021698 13.9670859336853 14.3162520090739 13.7657037417094 14.2756302833557
20.0037153244019 19.4654547373454 16.0439661661784 12.9164604822795 12.6642103830973 13.3452258745829 14.4060387293498 16.7831694285075 17.0695768356323 18.3983161290487 18.4437515894572 18.4259040196737 18.2677917480469 18.3353179295858 18.0299845377604 18.0278533935547 15.3341530799866 13.2014619827271 16.5895109812419 16.5251836776733 16.4546498616536 17.5812154769897 17.5353611310323 17.3497191111247 17.2655057907104 17.113828531901 17.188513247172 16.4870473861694 16.9412757873535 16.1432813008626 15.7605001767476 16.0542963663737 15.3944885253906 15.7753611246745 15.6639996528625 15.1305550257365 15.470779577891 15.086403465271 14.4662991523743 15.3219674428304 14.8737739245097 14.2569259007772 14.2376309394836 14.1857715924581 14.2191311836243 14.2868209838867 14.9326033910116 14.3006549199422 14.3633455912272 14.1423107783 14.1440196673075 13.8381821632385 14.273762289683 15.740468343099
20.2965693791707 18.195744005839 13.2158502578735 12.8356709798177 12.5760432561239 15.750364112854 17.9190770467122 17.4093679428101 15.1392767588298 16.8345701853434 17.6905060450236 18.2949727376302 17.7395426432292 18.2618276596069 18.1031882603963 17.7807836850484 16.8266452153524 14.3784839948018 16.2330383936564 17.5201417605082 14.8300610224406 17.2340354601542 17.2111780166626 16.8322223345439 17.0280922571818 16.5421296755473 16.8622297604879 16.1747460683187 16.3520621299744 15.7386711756388 15.4710310935974 15.760186290741 15.0140715281169 15.1666460990906 15.3380773544312 14.9363672892253 14.8340721766154 14.9112460136414 14.8221774419149 15.7431001663208 14.6870099703471 14.7670952479045 15.5925570805868 14.6128635088603 14.2941576957703 14.6485469818115 14.3448115030924 14.1774803797404 14.0914610226949 14.1123126983643 14.3418394724528 14.6040996551514 15.2524915377299 17.0143332163493
18.3209360122681 17.2740315119425 12.9743492444356 12.7878514607747 12.5492557843526 14.4232012748718 18.3445412953695 19.2212362925212 18.4651259104411 15.5946934700012 14.7472798347473 14.6564521789551 16.604269472758 17.5226482391357 18.1256617863973 17.934517733256 17.7153851826986 15.0069299062093 17.3552202542623 17.2218500455221 17.2611407915751 17.1526744842529 16.7142630577087 16.6787956555684 17.0811130841573 16.6171546936035 16.6889235814412 16.5651672999064 16.4413581530253 15.5714683532715 15.2677849769592 15.0491623878479 14.9135648091634 14.8178730328878 15.1942437171936 15.3406171798706 15.1309361775716 15.5937731424967 15.7004464149475 14.6937965710958 15.0254712104797 15.0550558725993 15.6583194096883 14.2578061421712 14.4691363652547 14.3882223447164 14.1299870491028 15.5640061378479 14.5006726582845 14.1648217519124 14.5403675397237 14.4444522539775 16.5992934544881 15.5895983378092
16.8378336588542 13.0774052302043 12.9723082224528 12.7325334231059 12.4975991566976 15.0536230405172 17.4329730987549 17.5585599263509 16.7473248799642 17.5367872873942 17.7855122248332 17.3567738215129 18.3504813512166 16.9157340367635 17.8768892606099 17.5579990386963 17.3363038698832 17.2083621342977 16.2261272748311 16.9772157351176 17.0474020322164 16.8473210334778 14.3510356267293 16.7669377009074 16.5511013666789 16.2276700973511 15.8698747634888 15.3605623563131 16.3013540903727 15.9318916638692 15.4693466186523 15.0693030039469 15.4611017545064 15.0317051251729 14.9896330197652 14.6658496538798 14.8365469296773 15.5667313893636 15.9028266906738 14.1711617787679 14.2387662887573 15.5943869908651 15.6360627174377 15.6965984980265 14.4708209037781 14.9149678230286 14.6236812909444 16.0735264460246 15.6870939254761 14.6677501360575 15.4012925783793 14.6380941390991 14.7850166638692 14.6920145670573
13.9210715611776 13.1067753156026 12.9066403071086 12.6623407363892 15.0017247200012 15.2059068997701 13.3820571263631 13.6110289255778 14.923658212026 17.8205494562785 18.7753646214803 17.3862278620402 18.3218049367269 18.1212570826213 18.0572103818258 17.6072383880615 17.1780808766683 17.0871369361877 17.0505631128947 16.8854838371277 16.9582353274028 14.7328220685323 16.6074246088664 13.5442816734314 16.7691638628642 16.7795164426168 16.5797696431478 13.8619725863139 16.4031535148621 13.1770770072937 15.5123557090759 15.6467488924662 15.6848488489787 15.403080368042 15.3118575414022 15.1355294863383 15.625874932607 15.8755169550578 13.7131056785583 15.9682745615641 16.2413956324259 16.1146377563477 16.1977328618368 15.3784325281779 16.1574543952942 15.4102580070496 15.4488055547078 16.6131336847941 16.2371722539266 16.3942818323771 17.0572504043579 17.0877033233643 16.3540872573853 14.876243464152
17.5597361246745 12.9845906575521 12.8487007459005 12.64170850118 14.7358288764954 19.2971181233724 19.6029442469279 14.3534105618795 13.3720818519592 15.8718104044596 18.1950563430786 18.6550509134928 18.4198903401693 18.3141270319621 18.0235927263896 17.5609886169434 17.2514333724976 17.372037823995 16.9471952120463 16.9770555178324 15.3318545977275 13.0755188941956 15.8916112263997 11.6200033505758 13.0568876584371 16.4481856664022 17.1413285573324 13.4014080365499 12.0863991419474 16.0841546058655 16.084180132548 15.7061406453451 15.3258456548055 15.228272151947 15.1912492434184 15.9256430308024 16.1425887425741 14.1087027231852 15.529732577006 16.1795875231425 16.241540590922 16.1145297686259 16.6606404622396 16.6052192687988 16.4060160954793 16.5727538426717 16.4451100667318 16.5554946899414 16.8897656758626 17.0364170074463 15.9245033899943 15.1452133496602 16.8139371871948 15.6823440551758
14.6982634862264 12.9922085762024 12.8304545084635 12.5628021876017 16.6231466929118 16.1062054316203 17.9886723836263 19.1352225621541 14.1876814524333 13.4838863690694 15.8753116607666 16.5116451899211 17.6562101364136 18.1801700909932 18.0054003079732 17.4861619949341 16.7711779594421 17.0166327476501 14.3372418721517 15.5415930747986 14.6484923362732 11.3675059477488 15.5410795211792 11.7747748374939 13.4093945821126 14.0393928527832 17.2383518854777 15.664822991689 14.089811261495 16.6263044675191 16.7777352333069 16.0788478851318 15.7469529151917 15.6750593503316 16.3075077374776 16.5813871383667 16.4684875488281 14.0079683621724 15.1858677546183 16.7545351664225 16.8455589930216 16.1626566886902 16.6188427607218 16.3308704376221 16.3989475886027 16.1924337387085 16.617376836141 16.3829402287801 16.0662733713786 16.2292537053426 15.1381931304932 17.1353150049845 17.4375066757202 17.4760861078898
13.1544726053874 12.9496164321899 12.8252209663391 12.590533320109 14.955589167277 17.8872747421265 19.1071826934814 19.5669464111328 16.9316841761271 14.8831966400146 13.3325595855713 13.0665024757385 14.7860653877258 16.1667453765869 17.7804339726766 17.2640295028687 15.3319648424784 13.8528801282247 14.1331159909566 15.0250028928121 13.4090519269307 11.6710624694824 12.6286066373189 11.2528749306997 13.4970351219177 17.1443161646525 16.1406003952026 12.3614679018656 16.9934492429098 17.2889894485474 16.9442293802897 16.5992637952169 16.8707228342692 16.4894406000773 16.5156496047974 15.4192532857259 15.4267939249674 13.8949284235636 16.1331666946411 16.7574316660563 16.9303373336792 16.0174991289775 16.2311195691427 16.7748844782511 16.645391146342 16.3769725799561 16.5072141647339 17.0903266906738 16.5004970550537 15.5603815714518 15.867547639211 17.0580821990967 17.0999227523804 17.5192977269491
13.1015002568563 13.0903765678406 12.977196375529 12.5727031707764 12.2859879175822 16.8703779856364 19.4109694163005 19.7605719248454 19.4317092895508 19.1404749552409 16.9448367436727 15.1051000277201 13.2722571055094 14.457995446523 18.0252255121867 18.0172691663106 16.3465992927551 14.7994210561117 12.6902748743693 15.0318731625875 11.7177871227264 11.5348583698273 11.3641792933146 13.2622297286987 15.3330984115601 17.3844509442647 12.5472086906433 14.0055747667948 17.904106648763 17.7579381306966 17.7119911511739 17.6159413337708 17.5799704233805 16.9326962153117 16.2445264816284 17.1240681330363 13.9339062054952 14.3319725036621 16.0382908503215 17.1502243041992 16.6380671819051 16.8702087402344 16.4229718526204 16.4255787213643 16.8949306488037 17.1312774658203 16.5694484710693 16.7308982849121 16.2883243560791 16.0137694040934 17.2067693710327 17.5668256123861 17.6338894526164 17.484327507019
14.5631315549215 16.5785657246908 14.8337247212728 12.5336351394653 12.3762371063232 14.2907788594564 20.0041103363037 19.2505503336589 19.1470844268799 18.8398052215576 18.9157607396444 14.6390610376994 13.2969005266825 17.426230653127 18.2869298299154 18.0458570798238 18.0148336410522 16.6002026240031 16.035596148173 16.6860946655273 12.510095500946 16.0330839157104 15.3941144943237 11.749483648936 13.4553362528483 13.258237361908 12.8439317385356 14.045338344574 14.903387928009 15.4674087524414 18.110208161672 17.2765994389852 15.3118993123372 15.3695552190145 15.5138189315796 15.509761873881 14.2052047093709 16.694891611735 17.5329998016357 17.4132996241252 17.3647092183431 17.1371475219727 16.6030502001444 16.4143461545308 16.1119554519653 17.031219291687 17.0135873158773 17.2720052083333 17.4654484430949 17.5355501174927 17.7000663121541 17.3911484400431 17.6717004776001 17.562904993693
17.9167434692383 16.8066373825073 17.7526945114136 12.4901312828064 12.396168867747 14.7256993611654 19.5589153925578 18.4395229975382 19.7880960464478 19.3630685806274 18.9513657887777 15.993390973409 13.3472351710002 14.652486038208 17.6566025416056 18.309584903717 18.3277261416117 18.283528582255 18.3165615399679 18.0873650232951 15.4676415761312 17.264993540446 15.3914576212565 12.0532078742981 11.9558946927389 12.4705684661865 14.1996625264486 16.2875158309937 18.0779399236043 18.2622034708659 17.8926078160604 18.0814739227295 16.9302504857381 17.3131417592367 17.4292584737142 16.2548040390015 14.2633334477743 14.4139091491699 16.109755897522 17.2758986155192 17.375373395284 17.5647240956624 17.3930423100789 17.2885506947835 17.3458050409953 17.2392757415771 16.5209182739258 17.457425181071 17.809389368693 17.7495569229126 17.6881899515788 17.5337482452393 17.3594074249268 17.550969060262
19.7336982727051 19.0776841481527 17.5248157501221 12.7129071235657 12.4296479225159 12.7294551213582 14.0340797742208 17.2400325139364 19.9880701700846 19.577907816569 17.8549592971802 16.2614823659261 14.0359792073568 14.0264571507772 14.8841568628947 17.8647934595744 18.474359703064 17.7795969645182 18.3885316848755 16.5544932683309 18.6240859349569 17.2252742767334 15.4934724807739 12.0068388303121 15.0056126276652 17.3164312998454 18.3641290664673 18.475695737203 18.2373207410177 17.4469608306885 18.0860333124797 18.2757100423177 18.0880224863688 18.1661159515381 17.8968872706095 17.1156270345052 14.3882507324219 15.5872484842936 17.0045230865479 15.3544062932332 16.8662793477376 17.2810883204142 16.8922359466553 16.9603221257528 17.0359205881755 17.7663990020752 16.981040763855 17.1783566157023 17.8118402481079 17.921066347758 17.9316122690837 17.1069241205851 17.4413429896037 17.6363931020101
21.3859245300293 21.1820393880208 16.8713724772135 16.6357243855794 12.4252205212911 12.3355580647786 14.4352187156677 20.0936314900716 19.9358383178711 20.0060857772827 19.2931926091512 14.429736550649 17.058083152771 18.0472226460775 17.0968739827474 18.9103174845378 18.2266873677572 16.2274155934652 17.3358604431152 14.5096091588338 18.2921840031942 17.7783159891764 13.5272324562073 12.1720912297567 13.932756169637 13.5236042022705 15.2954205830892 18.4246273676554 17.6524543762207 15.5639699935913 16.6578056971232 18.3994871139526 17.8230381647746 16.0599965413411 18.1141134897868 17.9714796066284 14.5949005762736 14.75180199941 15.5826036453247 16.9576937357585 16.8878108978271 16.1395845413208 16.3509562174479 16.4675403594971 16.8374557495117 17.8322227478027 16.6249546051025 17.0695231119792 16.7179018656413 17.7948019663493 16.8661740620931 17.3093331019084 17.5397153218587 17.5671670277913
21.3916281382243 20.5386215209961 16.7684215545654 18.4697835286458 12.569358698527 12.4271319071452 12.4449203491211 14.9648379007975 19.2728698730469 18.8099375406901 15.7720513661702 18.1514643351237 19.3183957417806 18.4624806722005 18.0522240956624 16.9839090983073 17.127484258016 15.9564287821452 14.6803201357524 16.6591697057088 18.3426968256632 15.3816547393799 13.6100145022074 13.3741795539856 15.0911232630412 15.5762023925781 13.949377155304 15.5207190195719 14.2490356445313 14.8542303085327 16.6246425628662 18.4710933685303 18.348738416036 14.9172722498576 16.8884415944417 16.4625478744507 14.6499718983968 15.3414040247599 15.8563948313395 15.4184637069702 15.7430006663005 15.8386131286621 16.1380084991455 16.879673131307 17.0859600702922 17.7125040054321 17.8961455663045 16.7556531906128 17.2375483194987 16.9150462468465 17.256737836202 17.4765880584717 17.3594799041748 18.2079150517782
20.0804769515991 18.8409981409709 15.593043200175 17.8196513493856 15.495828406016 12.388241926829 12.3877108891805 12.0635087966919 19.800821685791 17.0010277430216 14.6422819455465 17.59865843455 18.1443728764852 18.4398008346558 16.5892834981283 16.0704296112061 14.9859027226766 14.1072551727295 13.4831194877625 13.5162359237671 13.6804045359294 12.8658661524455 12.9075905164083 12.926313273112 14.7573704401652 17.0761042277018 15.7624528884888 15.3103686014811 16.0399685541789 15.3377997080485 15.7097363154093 17.2811070124308 17.0940926233927 15.0716054916382 15.5587136586507 14.8573188145955 14.884469350179 15.099498240153 15.309752146403 15.5135491689046 15.8557485580444 15.9489199320475 16.4342247009277 17.3598848342896 17.9145235697428 18.154136021932 17.9247294743856 17.2792397181193 17.2465722401937 17.1295790990194 17.3689240773519 17.2562456766764 18.1009557088216 18.422482808431
20.4660334269206 17.9792318979899 15.4078325907389 18.4627588907878 14.7869249343872 17.3474500020345 16.0214164733887 12.3529192606608 12.3369161923726 13.9907349268595 14.0873655637105 16.6385408401489 18.6220296859741 19.4026992797852 17.4695369720459 18.7861275990804 17.6908721288045 16.0639230728149 14.2386644999186 13.7336664835612 18.002884165446 14.7622962315877 12.8889340718587 13.5151546478271 14.4176317214966 14.4161664962769 14.3958047231038 15.7868464787801 18.8627608617147 18.5675615310669 14.9139477411906 14.6867673238118 15.4817101160685 15.0125041325887 14.6060578028361 14.8436826705933 15.0722401301066 15.2721553166707 15.4368846257528 15.7189177831014 15.8472057342529 16.4896589914958 16.54731909434 17.2970230738322 18.1003126780192 18.2526312510173 17.0658107757568 17.0783802032471 16.9960642496745 17.2715730031331 17.2805695215861 17.3018762588501 18.1305688222249 18.439280573527
19.350555674235 17.1522836049398 15.9753875096639 14.6925862312317 17.177503267924 20.4957442601522 17.7232553482056 14.6523493766785 12.4246608098348 12.4275718371073 13.4347524325053 15.3944146474202 18.7472722371419 20.0114088058472 19.15365746816 16.9163194020589 18.5773056030273 18.252172088623 17.8752014160156 15.9708598454793 18.8647207895915 16.5841519037882 13.7552263259888 13.5801910400391 14.2164717356364 17.0305444081624 14.4016930580139 17.8023317972819 18.4014735539754 18.9580338160197 16.6490736643473 14.9444093704224 14.5181518236796 14.6882896105448 14.8017952601115 16.0319802602132 15.5671094894409 16.4650404612223 16.6535458246867 16.4196069081624 16.1393765767415 16.1804635365804 17.5510821024577 17.830269241333 17.7634797414144 17.466132291158 16.9006101608276 16.776727549235 17.149630355835 17.1935309727987 17.2990598042806 17.9889598846436 18.0875453948975 18.0682413101196
16.875133450826 18.3863857269287 13.8700458844503 14.5561886151632 16.1609427134196 20.4850749969482 14.6309770901998 12.6025571187337 12.6721309661865 12.6568988164266 13.1702729860942 14.7235752423604 19.6405023574829 19.7717688878377 17.5094733556112 13.9735883394877 15.0377187093099 16.3484055201213 14.3814778963725 14.6330669403076 17.0669104894002 16.6993576685588 14.4229029019674 12.8756311098735 14.5538845698039 15.0564105351766 14.1005474726359 14.6699446996053 18.0438816070557 16.4733819325765 18.3712107340495 15.0567303975423 15.9506399790446 15.5316212972005 14.9965209325155 15.3335628509521 18.2964593251546 18.3327105204264 17.9934787114461 16.8838748931885 16.122150293986 16.3140996932983 16.9666982014974 17.8762356440226 16.9207615534465 16.9671634674072 16.7200287501017 17.0580828348796 17.0993672688802 17.4292949040731 17.3595432917277 18.0417172114054 18.0494412104289 17.8524689356486
14.412760480245 14.1634215672811 16.1907624562581 16.0746386845907 20.2647346496582 15.6627933502197 13.0927722613017 13.2698816935221 16.2994432449341 12.5382519721985 12.4818445205688 17.9174011230469 15.9511252721151 20.0867426554362 16.2525326410929 14.8005003293355 13.8937932014465 16.1528730392456 16.0134932835897 13.5374729156494 16.2721338907878 17.5123290379842 13.9718674023946 13.1850337346395 14.2901176134745 15.817030843099 14.0314107894897 15.56961962382 18.5994307200114 15.0850721995036 16.3525793075562 15.8881244659424 16.800732421875 15.0064055760701 15.3375929514567 17.1957956314087 16.8527934392293 16.691870880127 17.768438021342 18.0485160191854 16.7949820200602 16.4983931859334 16.4625352859497 17.1277312596639 16.7270654678345 16.6135492960612 16.9282990137736 16.9801012039185 17.3163096110026 17.6697132746379 18.0209534962972 17.7844514211019 18.1119557062785 18.101293182373
13.5553774197896 14.2621131896973 14.4021850903829 15.646378771464 14.4308130264282 12.9491174062093 12.8103867530823 12.7704586029053 14.6225678126017 12.7187126477559 12.5733018875122 16.1490184783936 14.6777011235555 19.6951825459798 15.0224025090535 13.8744563102722 13.576919110616 14.4656561215719 15.1502234141032 14.0720366795858 14.4708574930827 16.2083300908407 16.4500024795532 14.5407450675964 14.8581782023112 14.2983904202779 14.1039347330729 14.542692565918 16.8525170008341 15.8778704325358 14.8687670707703 15.011007976532 15.2342943191528 14.9451143264771 15.4043432871501 15.4742782592773 15.7357988993327 15.9916700998942 17.202721786499 17.7579845428467 17.005678876241 16.4578212738037 16.4908149083455 16.6466291427612 16.5576547622681 16.8126696268717 16.9139293034871 17.1564645767212 17.3535492579142 17.5554056803385 18.2653336842855 18.3339738845825 18.3687265396118 18.2113348642985
13.5528243382772 13.480841032664 13.1847904205322 13.0916390736898 13.1355977058411 13.0478625615438 12.8527679761251 12.8292114893595 14.0681897481283 13.0636594772339 12.7203062375387 12.9820228894552 15.5636687596639 15.9279711405436 20.0047069549561 14.8893960634867 13.7562556266785 14.2104554176331 14.1547030131022 14.4378276824951 14.0810407320658 15.1939147313436 15.2729082743327 14.4669343630473 13.8901330947876 14.8939409891764 16.5235214869181 14.785209941864 16.8226160685221 17.4450476964315 16.0653557459513 15.4568711598714 15.2480997721354 15.3902148564657 15.4996653874715 15.6612792332967 16.4105658213298 17.3292976379395 17.0533154169718 17.0832855860392 16.7180246988932 16.4425753911336 16.7966157277425 16.7076000849406 16.6694085439046 16.8221438090007 16.7600559870402 17.1569185256958 18.225367418925 17.9828407923381 18.2944274266561 18.4582642873128 18.3613864898682 18.3677230199178
13.3362796783447 13.3437191009521 13.1656665484111 13.1490301767985 13.1810574849447 13.0861193656921 13.0318781216939 13.118868859609 15.0298265457153 14.1607950846354 12.7928756713867 12.7841973940531 14.624933942159 17.1266628901164 19.3722764968872 19.2895839691162 15.6833290735881 14.5630230267843 13.9276157061259 14.9735613505046 15.3370566685994 14.099182065328 13.4607582410177 13.5643732388814 13.8348948478699 14.7193345387777 16.7137760798136 15.2246276219686 16.4967816034953 17.8604509353638 16.9287348429362 15.1661163965861 15.4981182734172 15.6250845591227 15.7652319590251 15.8498297373454 16.6900902430216 15.9754265467326 15.8817028045654 16.1098845163981 16.3695477803548 16.6729049046834 16.8875909805298 16.5294118881226 16.6557145436605 16.691900062561 17.1149944941203 17.2917248408 17.6505098978678 18.1803848902384 18.4669792175293 18.2212432861328 17.5657132466634 17.953764851888
13.964244556427 13.3529233296712 13.3338143666585 13.1747325579325 13.1300061543783 13.1231455485026 13.1006065050761 13.7050861676534 15.8256190617879 14.9478368441264 12.9487697283427 12.8261019388835 13.5939911206563 15.2555934906006 16.1911808649699 19.919900449117 19.3824526468913 16.853053855896 14.5730197906494 15.2109132130941 14.3256037076314 14.0195386568705 14.8486037254333 14.9446879386902 14.7684594472249 16.4913669586182 17.299646059672 16.7177631378174 16.7073296229045 15.1973807970683 16.3708543141683 14.8903708775838 15.6388377507528 15.7822964350382 15.8694807688395 16.6975616455078 16.4269849141439 15.7984270731608 16.4734172821045 16.4640688578288 16.6855429331462 16.829080581665 16.6537556966146 16.5438378651937 16.6361161549886 17.0839440663656 17.3786425908407 18.3250862757365 18.2950225194295 18.4062623341878 18.3356103261312 17.4627494812012 17.7533451080322 17.6904499053955
