ET0/medie/MEDIA_ET0_06.asc
NCOLS 177 
NROWS 174 
XLLCORNER 1436301.375 
YLLCORNER 4916704.5 
CELLSIZE 1500 
NODATA_value -9999 
[rows 72 to 95 of 174, columns 54 to 107 of 177]
102.72614847819 102.366052246094 102.119373575846 101.920791625977 101.716198221842 101.661778259277 101.370162455241 102.399836730957 104.263359578451 102.896554056803 100.909818013509 101.965426127116 101.103713480632 101.57692565918 101.36750386556 101.886034647624 101.730264790853 101.663655090332 100.962920633952 100.28092397054 100.948217773438 100.61089070638 100.520702616374 100.156475830078 100.182584635417 100.121158854167 100.236193847656 100.668478393555 100.396693929036 101.645643615723 102.229719543457 102.400778198242 101.02628326416 101.383124796549 101.322276814779 102.951237996419 104.466059366862 104.679046630859 101.023961385091 99.6761662801107 102.300129191081 103.052969868978 107.32639058431 111.671841430664 111.972536722819 105.82544148763 106.73940226237 102.101040140788 95.612641398112 92.0968373616536 100.667979431152 102.243235270182 105.758439127604 109.948900349935
102.859181213379 102.342441304525 102.12193552653 101.865622456868 101.731575012207 101.847491455078 101.548187764486 103.084840901693 103.991422017415 103.593769836426 102.356484985352 102.008645121257 102.016230773926 100.990059407552 101.059895833333 101.574227396647 101.285643005371 100.947895812988 100.623719787598 100.695722452799 101.636692301432 100.796057637533 100.959369405111 100.947036743164 100.782714335124 101.201476033529 101.296019999186 101.426782735189 102.077140299479 102.766339111328 102.758007303874 102.971947224935 103.419742838542 103.560085042318 102.492291768392 104.432455952962 104.783947753906 100.918801371257 102.136052449544 100.304172770182 103.642232767741 104.142583719889 103.930294799805 111.726029459635 112.505134073893 109.833768717448 109.098085530599 106.68583984375 100.63862101237 93.9487915039062 97.1885823567708 98.6972798665365 107.847024536133 111.288977559408
103.030752563477 102.390937296549 102.090047200521 101.927467854818 102.14457244873 102.113518269857 102.811647033691 101.673452250163 101.93373260498 101.427421061198 101.294155883789 101.766448974609 102.071793111165 101.283966573079 101.335227966309 101.436715698242 101.314606730143 101.109136962891 101.306799825033 101.419002787272 101.600297546387 101.479402160645 101.485211181641 101.456918843587 101.346379089355 101.785189819336 102.155207316081 102.658653767904 103.242933654785 102.909124755859 102.178351338704 101.664388020833 102.78638865153 102.606666564941 101.947679138184 103.331452941895 104.589683532715 102.450686136882 102.453621927897 104.428889973958 102.892661031087 103.913863627116 106.352673339844 109.436785380046 112.773153177897 113.12433980306 110.253839619954 108.40612487793 104.998267110189 105.055836995443 104.523572794596 104.310381062826 108.382156880697 108.731636047363
102.818684895833 102.448979187012 102.363158671061 102.128442382812 101.988795471191 102.320711771647 102.318891906738 102.108901468913 101.939161682129 101.717264811198 101.548005167643 101.404250590007 101.955874125163 102.286730448405 102.187474060059 101.356122334798 101.453157043457 101.682564798991 101.713519795736 101.94667561849 101.90377146403 101.844299825033 101.728939819336 101.87504679362 102.144862874349 102.599648030599 103.132281494141 103.331495157878 103.433026123047 103.434494018555 102.966827901204 103.610955301921 103.638873799642 104.084659830729 104.162641906738 107.347515869141 105.746485900879 103.896170043945 103.800211588542 106.696404012044 105.483542378743 106.231258138021 105.205540466309 112.307773844401 113.106901041667 113.387711079915 112.918702697754 108.746424357096 103.386811828613 107.456889343262 105.348625183105 106.444895426432 112.017907206217 111.539255269368
102.689174397786 102.436724344889 102.385385131836 102.249682108561 102.129458109538 102.471859232585 102.157774861654 103.500422668457 101.794981892904 101.75541229248 101.871716308594 101.631325785319 102.014175923665 101.624810791016 101.594761149089 101.615333557129 101.592357381185 101.979569498698 102.133807881673 102.877684020996 102.235901896159 102.26103922526 102.147940063477 102.520414733887 103.181171162923 103.558886210124 103.977721659342 103.666802469889 104.201195780436 104.346979777018 104.448194376628 105.022722371419 105.345193481445 105.898993937174 106.339322916667 105.993811543783 106.508527119954 105.067481994629 107.103632609049 105.962534586589 102.065765889486 107.157225036621 109.516323343913 112.809701538086 113.350383504232 110.417683919271 114.081174723307 110.588686116536 106.321980285645 107.572216288249 111.285319519043 111.826199849447 113.313139343262 109.426846822103
102.686237080892 102.41718343099 102.309786478678 102.32741800944 102.691336568197 102.14839630127 102.093246968587 101.953501383464 101.921308898926 101.944668579102 101.833372497559 101.837754313151 102.07161916097 101.825542704264 101.862241109212 101.903802998861 102.112345377604 102.311443074544 102.599431355794 102.898861694336 102.725889078776 102.794422403971 102.794380696615 103.406926981608 103.87135925293 104.05726776123 104.549311319987 104.55148824056 104.89346669515 104.938500976562 104.772272237142 106.075266011556 106.288801574707 106.234734598796 106.122775777181 106.50989074707 107.128421020508 106.66790415446 108.253609720866 105.824453735352 105.961252339681 108.354316711426 106.455621846517 110.960521952311 113.620083109538 112.001517740885 112.721417236328 108.698614501953 108.762470499674 111.928414408366 113.500332132975 111.288465881348 112.66627553304 108.559058125814
102.786866760254 102.557955932617 102.335925292969 102.241036478678 102.135526021322 102.214893086751 102.145802307129 102.086538696289 102.102961222331 102.042568969727 102.02519124349 102.073877970378 102.005865478516 101.995760091146 102.118707784017 102.116710408529 102.381712849935 102.448198445638 102.534918721517 103.011243693034 103.074673461914 103.315153503418 103.744001261393 104.070355733236 104.274935913086 104.439419555664 104.765241495768 104.915325927734 105.336258951823 105.711985778809 106.256477864583 106.548432922363 107.009354654948 107.044001261393 107.002334594727 106.826393636068 107.475270589193 107.533559163411 109.251639302572 108.353787231445 108.341842651367 110.335812886556 111.82916208903 113.429906717936 113.882510375977 114.102781677246 111.494934082031 109.985078430176 110.366169230143 109.575337219238 113.880531311035 110.131443786621 107.318317159017 107.844151306152
102.840296427409 102.663568623861 102.476834106445 102.338191731771 102.260371398926 102.295952860514 102.246578470866 102.162775166829 102.118817138672 102.14144337972 102.15976155599 102.170373535156 102.144401550293 102.318018086751 102.424314371745 102.387940979004 102.653315226237 102.797038269043 102.819466145833 103.371497599284 103.056354268392 103.39906463623 103.978463236491 104.194530741374 104.290046183268 104.441418457031 104.767542012533 105.289529927572 105.840545145671 105.795559692383 106.902402750651 107.151066589355 106.733581034342 106.647967529297 106.837972005208 107.111993408203 108.543883768717 109.474813334147 110.244910685221 111.359197998047 111.86430867513 112.522489929199 113.140834554036 113.683905029297 113.895840454102 110.901041666667 109.002835591634 109.600016784668 112.984622701009 113.551395161947 114.428063964844 113.952359517415 114.122310384115 110.891717529297
102.93018544515 102.740584818522 102.556165059408 102.456002298991 102.492869059245 102.411092122396 102.398561604818 102.374542744954 102.304718017578 102.254176330566 102.272461954753 102.285466003418 102.362455240885 102.443947347005 102.554756164551 102.660172017415 102.857778422038 103.13559366862 103.367036946615 103.237986246745 103.422496541341 103.90527750651 104.082954406738 104.340194702148 104.51950378418 104.822579447428 105.30711924235 105.704535929362 106.274895222982 106.918908691406 107.380352274577 107.709422302246 107.712340291341 107.387481689453 107.315606180827 107.532599894206 108.268233235677 109.900802103678 110.395369974772 109.69400583903 110.729879760742 112.59242960612 113.238097635905 113.706796773275 111.824038187663 111.37920328776 111.813090515137 111.648095703125 112.063038635254 109.81570892334 112.416141255697 115.314325459798 114.752156066895 115.042993672689
102.940740966797 102.765436299642 102.768699645996 102.721065266927 102.659825134277 102.6658106486 102.606307983398 102.549364725749 102.522694905599 102.377808125814 102.378906758626 102.435234069824 102.574290974935 102.651303100586 103.486870829264 102.924447631836 103.099825541178 103.438956705729 103.79584757487 103.751538085937 104.033852640788 104.232618713379 104.620107014974 104.780326334635 105.061942545573 105.418782552083 105.86144917806 106.41907043457 106.849924723307 107.510079956055 107.866851806641 108.328201802572 108.661956787109 108.911050415039 109.058598327637 109.135627237956 109.968539937337 110.473627217611 109.892072041829 108.973438517253 111.513218688965 112.47153116862 113.403461710612 112.129047648112 112.596765645345 112.841869608561 113.156184895833 113.427352396647 112.638292948405 111.156229146322 114.051038614909 114.822407023112 110.652945454915 113.657637532552
103.23056640625 103.029618835449 103.040315755208 103.007039896647 103.113610839844 102.828898620605 102.815040588379 102.714086405436 102.635578918457 102.594317118327 102.610316975911 102.688437398275 102.784826660156 102.875577290853 102.988821411133 103.177249654134 103.316270955404 103.890989685059 104.091816202799 104.241967264811 104.500879923503 104.667266337077 104.952696228027 105.272555033366 105.585195414225 105.921527608236 106.377419535319 106.934545898438 107.367244466146 107.869272359212 108.404348754883 108.763326517741 109.138512674967 109.53716023763 109.57930094401 109.794053141276 110.401351420085 110.737052408854 110.771467590332 110.741015625 111.991323852539 112.701604207357 113.262737528483 113.571375020345 113.532047017415 114.201056416829 114.135649108887 115.012641398112 113.200533548991 112.607338460286 114.601645914714 115.850436909993 114.076289876302 111.618566894531
103.608783976237 103.500070699056 103.367373657227 103.234206136068 103.235018412272 103.207198588053 103.111282857259 103.069807434082 103.051964314779 102.912901814779 102.885471598307 102.948313903809 103.066051737467 103.214852396647 103.330619812012 103.953831481934 103.687258911133 104.112287394206 104.501487731934 104.65759379069 104.804495747884 105.084621683757 105.52076365153 105.819467671712 106.172858174642 106.617520650228 106.835235595703 107.410801696777 107.821101379395 108.418872578939 108.807719421387 109.269798278809 109.658391825358 109.984390767415 110.217983500163 110.560422261556 110.738540140788 111.046907043457 111.158303833008 111.042009989421 112.45848236084 112.756438191732 113.410196940104 113.250154622396 114.359417724609 114.797325134277 115.356275939941 114.876771036784 114.754175313314 113.489559427897 115.494505310059 116.781979370117 115.882186381022 115.300597127279
103.612334187826 103.622408548991 103.622069803874 103.490848286947 103.434423828125 103.411251831055 103.365149434408 103.324444071452 103.312711588542 103.285646057129 103.258565266927 103.26790822347 103.4207127889 103.551167297363 103.656948343913 103.980841064453 104.293889363607 104.509003702799 104.89408416748 105.098417154948 105.367973836263 105.619924926758 106.141299438477 106.387299601237 106.734704081217 107.081636047363 107.397175598145 107.941569010417 108.364482625326 108.802268473307 109.245602925618 109.654347229004 110.041534932454 110.315825398763 110.61930847168 110.935731506348 111.182326253255 111.471555074056 111.728693135579 111.571472167969 112.277517191569 112.531529744466 113.667289733887 113.838305155436 114.666242980957 115.398170471191 116.043719482422 116.360963948568 115.287745666504 116.031114196777 116.450489298503 116.22986907959 117.266736857096 116.274926249186
104.065684000651 103.585720316569 103.829167683919 103.831222025553 103.777219645182 103.77959391276 103.68476969401 103.643046569824 103.663074747721 103.626724243164 103.674805704753 103.732325236003 103.717148335775 103.913616434733 104.104652913411 104.292940775553 104.881303405762 105.418878173828 105.371290588379 105.519065856934 105.839302062988 106.22191619873 106.654729207357 106.946059163411 107.327012125651 107.658771260579 108.095234171549 108.480790201823 108.896750386556 109.422337341309 109.748011271159 110.171859741211 110.545873006185 110.890299987793 111.11452331543 111.262785339355 111.588227335612 111.956173197428 110.556427510579 112.319611612956 112.806638590495 113.347224934896 114.07437286377 114.790253702799 115.287573242188 115.91390838623 116.487589518229 117.092205810547 117.238595581055 117.439249674479 117.025344340007 116.571860249837 117.569390869141 117.49809366862
104.180409749349 104.110653177897 104.054316711426 104.141796366374 104.033366394043 104.045942687988 103.966864522298 103.984397888184 103.960083516439 103.985163879395 103.965087890625 104.143625386556 104.270010884603 104.440871683757 104.639989217122 104.823861694336 105.120624796549 105.705946858724 105.754348246257 105.942760213216 106.315898640951 106.734268697103 107.148152669271 107.474054972331 107.88371887207 108.223999023438 108.599078877767 108.96151936849 109.443305969238 109.833199564616 110.137723286947 110.516088358561 111.076552327474 111.27438100179 111.411582946777 111.670375061035 111.99185333252 112.353900655111 112.948645528158 112.962729899089 113.502114359538 114.122255452474 114.506281026204 115.067998250326 115.723967488607 116.247957865397 116.845155334473 117.378492736816 117.76754506429 118.020932515462 116.670775349935 116.529864501953 117.825599161784 117.806872049967
104.516886393229 104.333009847005 104.276620483398 104.257746378581 104.419521077474 104.406955973307 104.304092915853 104.340261332194 104.403216552734 104.463536580404 104.512992858887 104.611131286621 104.742636617025 104.941725158691 105.12531636556 105.296325174967 105.854323832194 106.259004720052 106.188928222656 106.514228820801 106.830777994792 107.296229044596 107.61195526123 107.998686726888 108.445419311523 108.717267862956 109.140990193685 109.554105122884 109.982080078125 110.292970784505 110.584070332845 110.917385864258 111.401076761882 111.559322611491 111.752359008789 112.001367696126 112.350477091471 112.734464009603 113.205090332031 113.716265869141 114.062060546875 114.472093200684 114.90826365153 115.442934163411 115.978496297201 116.545383199056 117.181672668457 117.46356455485 117.842126464844 118.131741333008 117.595353190104 117.686409505208 117.621725972493 118.059953308105
104.592238871257 104.266445922852 104.644779459635 104.698510742187 104.617276000977 104.750129699707 104.707009887695 104.67582804362 104.723778279622 104.807585144043 105.017793782552 105.151029459635 105.187270609538 105.405081176758 105.545772298177 105.724724324544 106.42143351237 106.653180948893 106.699103800456 107.021806844076 107.411238098145 107.869436136882 108.318817138672 108.630437215169 108.97047475179 109.338084411621 109.692947896322 110.036018880208 110.414944458008 110.731298319499 110.990990702311 111.267195129395 111.64577738444 112.035694376628 112.086360168457 112.33699798584 112.680426025391 113.08557434082 113.500626118978 114.027821350098 114.382624308268 114.790278625488 115.207802327474 115.699003092448 116.193523152669 116.674831644694 117.20445912679 117.647207641602 117.875923156738 117.917328898112 117.753402201335 117.498534647624 117.369258117676 116.911684672038
104.269546508789 104.226585388184 104.28600209554 105.01874593099 104.935437011719 105.053369649251 105.028754679362 105.036608886719 105.075464375814 105.162939453125 105.427193196615 105.603026835124 105.796242777507 105.941197713216 106.071590677897 106.283422342936 106.512489318848 107.081820678711 107.481938680013 107.538144429525 107.972344970703 108.343777974447 108.722512308757 109.130989583333 109.488272094727 109.904472351074 110.168127950033 110.531990559896 110.897823588053 111.200533040365 111.425555928548 111.708981323242 112.011419677734 112.237469482422 112.402862548828 112.658471679687 113.069156392415 113.448491414388 113.836266072591 114.298979695638 114.628932698568 114.999884541829 115.364212036133 115.82287495931 116.338485717773 116.915021769206 117.416047668457 117.752112833659 117.910427347819 117.928072611491 117.823725891113 117.618470255534 117.55741780599 118.308489481608
104.917192586263 104.392977905273 105.126965332031 105.28158416748 105.343328348796 105.468757120768 105.330189005534 105.437461853027 105.527744547526 105.65241394043 105.850098673503 106.077695719401 106.313503011068 106.5247950236 106.677834574382 106.806801350911 107.348977661133 107.51210530599 107.758253479004 108.101029459635 108.444913736979 108.811278279622 109.245475260417 109.627901204427 110.007532755534 110.379148864746 110.662224324544 111.03609568278 111.298663330078 111.576769510905 111.852460225423 112.110931396484 112.337182108561 112.735545349121 112.802018737793 113.109537760417 113.420080566406 113.790731811523 114.243946329753 114.585064188639 114.91623433431 115.237119547526 115.599165852865 116.014135233561 116.548836263021 116.982568359375 117.434171549479 117.728103129069 117.965277608236 117.971348063151 118.049604288737 117.968614196777 118.079403177897 118.313041178385
104.618166605632 105.072328186035 105.565446472168 105.638947550456 105.808213297526 105.716802978516 105.698987833659 105.920177205404 105.985275268555 106.137518819173 106.35752919515 106.539643351237 106.797065734863 106.960590616862 107.173277282715 107.413407389323 107.735912068685 108.011555480957 108.161519877116 108.519594319661 108.955821736654 109.32542368571 109.708030700684 110.109534708659 110.486911010742 110.873326619466 111.134648640951 111.487768046061 111.78864847819 112.005058288574 112.267016092936 112.519524637858 112.721918741862 113.222778828939 113.27383219401 113.496008300781 113.849326578776 114.160946146647 114.542649332682 114.847024027507 115.134682718913 115.448592122396 115.773139953613 116.245269266764 116.664189656576 117.117082722982 117.442445882161 117.768016560872 118.037620035807 118.015813191732 118.088982137044 118.18794148763 118.326677958171 118.499041748047
104.950360107422 105.476397196452 105.907161458333 106.041734822591 106.231509399414 106.113758850098 106.241167195638 106.302389017741 106.388283284505 106.596174621582 106.807253011068 107.002756754557 107.190419514974 107.443128967285 107.625104777018 108.089244588216 108.304971313477 108.544424438477 108.749359130859 109.037209065755 109.432376098633 109.852172342936 110.207246398926 110.653506469727 111.043829854329 111.292123921712 111.677078755697 111.963611857096 112.232433573405 112.449389648438 112.692451477051 112.870241800944 113.152685038249 113.400392659505 113.955899047852 113.889970906576 114.240047709147 114.533602905273 114.823268636068 115.042163594564 115.331034342448 115.648712158203 115.938793945312 116.288455200195 116.684469604492 117.136666361491 117.425823974609 117.766051737467 117.888477579753 118.126301066081 118.21673227946 118.282347106934 118.397952779134 118.47392985026
105.257555643717 105.686432902018 106.370427958171 106.542396036784 106.460076395671 106.718671162923 106.74038289388 106.826712544759 106.877566019694 107.053257242839 107.228145345052 107.482494099935 107.70708211263 107.963939412435 108.346952819824 108.602514648438 108.762372843424 109.037303670247 109.447006734212 109.558799743652 109.908635457357 110.319153849284 110.72353515625 111.097389729818 111.42201944987 111.762858072917 112.094070943197 112.392877705892 112.653483581543 112.911744181315 113.100392150879 113.304430643717 113.512708536784 113.775311787923 114.303299458822 114.295375061035 114.519110616048 114.787464396159 114.998110453288 115.247893778483 115.512746683757 115.768174743652 116.067368570964 116.359516906738 116.633371480306 117.068775431315 117.463708496094 117.750574747721 117.863114420573 118.091598002116 118.24654897054 118.356308492025 118.280682881673 118.388518269857
105.654470825195 106.470421854655 106.900234476725 107.223270161947 107.215775044759 107.245853678385 107.229499308268 107.294196065267 107.378231811523 107.598407999674 107.836303710938 107.943200174967 108.148519388835 108.460837809245 108.879446919759 109.05140431722 109.314026387533 109.531986490885 109.825901285807 110.085651143392 110.410074869792 110.787303670247 111.182726542155 111.55909576416 111.910650126139 112.301198832194 112.562287394206 112.839529927572 113.139820861816 113.297952779134 113.486442565918 113.693446858724 113.965859985352 114.150881958008 114.411647542318 114.85090230306 114.819871520996 114.98036702474 115.217259724935 115.472016398112 115.668476359049 115.92392578125 116.197995503743 116.473705037435 116.724944051107 117.059413146973 117.408452351888 117.660152689616 117.409305826823 117.75386912028 118.386475118001 118.290957641602 118.25631052653 118.382047017415
106.061702982585 106.964211527507 107.520823669434 107.692473347982 107.625210571289 107.69126180013 107.716824849447 107.815498860677 107.93170522054 108.132574971517 108.321068827311 108.459981282552 108.675293477376 109.017949930827 109.287174987793 109.547107950846 109.830529785156 110.069697062174 110.354299926758 110.660069274902 110.928673299154 111.397393798828 111.673825073242 111.992585754395 112.345985412598 112.631392923991 112.847979227702 113.084192403158 113.421343994141 113.722953796387 113.884725952148 114.082123311361 114.360468037923 114.510033162435 114.725255330404 115.156402587891 115.148429361979 115.299039713542 115.46347249349 115.64669342041 115.850390625 116.064588928223 116.325314331055 116.577072143555 116.88518371582 117.152183532715 117.435909525553 117.734482828776 117.569746398926 117.860531616211 118.317055257161 118.361517333984 118.464014689128 118.611260477702
