ET0/medie/MEDIA_ET0_10.asc
NCOLS 177 
NROWS 174 
XLLCORNER 1436301.375 
YLLCORNER 4916704.5 
CELLSIZE 1500 
NODATA_value -9999 
[rows 96 to 119 of 174, columns 108 to 161 of 177]
42.5266278584798 42.6254288991292 42.6879422505697 42.7429875691732 42.7679084777832 42.7847108205159 42.8349924723307 42.8325984954834 42.8084636688232 42.8066953023275 42.7722993214925 42.709238688151 42.6529098510742 42.666823832194 42.7669460296631 42.9186189015706 42.982915242513 43.1030200958252 43.1813369750977 43.2987935384115 43.4258099873861 -9999 -9999 -9999 -9999 -9999 -9999 -9999 -9999 -9999 -9999 -9999 -9999 -9999 -9999 -9999 -9999 -9999 -9999 -9999 -9999 -9999 -9999 -9999 -9999 -9999 -9999 -9999 -9999 -9999 -9999 -9999 -9999 -9999
42.3854085286458 42.4506168365479 42.5209182739258 42.5567445119222 42.5620599110921 42.5751560211182 42.6060896555583 42.5494397481283 42.5571826934814 42.5694688161214 42.5375793457031 42.5159463246663 42.4396195729574 42.511131922404 42.5585741678874 42.6307657877604 42.6769323984782 42.7575803120931 42.8371770222982 42.8778659820557 42.9823060353597 43.1406206766764 43.355600865682 43.5172501881917 43.7236829121908 -9999 -9999 -9999 -9999 -9999 -9999 -9999 -9999 -9999 -9999 -9999 -9999 -9999 -9999 -9999 -9999 -9999 -9999 -9999 -9999 -9999 -9999 -9999 -9999 -9999 -9999 -9999 -9999 -9999
42.1860535939535 42.2249543507894 42.3143407185872 42.360564549764 42.3751319885254 42.3786861419678 42.3796183268229 42.3499594370524 42.3185072580973 42.328199005127 42.279026667277 42.2687847137451 42.2316973368327 42.1425420125326 42.2243153889974 42.2975817362467 42.4597630818685 42.5647333780924 42.5609870910645 42.6845864613851 42.7974292755127 42.8922784169515 43.084954961141 43.2633787790934 43.5003533681234 -9999 -9999 -9999 -9999 -9999 -9999 -9999 -9999 -9999 -9999 -9999 -9999 -9999 -9999 -9999 -9999 -9999 -9999 -9999 -9999 -9999 -9999 -9999 -9999 -9999 -9999 -9999 -9999 -9999
41.9931814829508 42.0360552469889 42.1226969401042 42.1406773885091 42.1622109731038 42.1448279062907 42.1454303741455 42.1228012084961 42.0840717315674 42.0837972005208 42.0634064992269 42.0606424967448 42.0007160186768 41.9494449615479 41.9752972920736 42.0171705881755 42.1674942016602 42.2725516001383 42.3105866750081 42.44260597229 42.547016398112 42.6522599538167 42.7783686319987 42.9966142018636 43.1793137868245 -9999 -9999 -9999 -9999 -9999 -9999 -9999 -9999 -9999 -9999 -9999 -9999 -9999 -9999 -9999 -9999 -9999 -9999 -9999 -9999 -9999 -9999 -9999 -9999 -9999 -9999 -9999 -9999 -9999
41.785529200236 41.8506495157878 41.8883412679036 41.9238568623861 41.9333838144938 41.926357014974 41.9064501444499 41.8784248352051 41.7799365997314 41.8801670074463 41.8559449513753 41.8434276580811 41.8630906422933 41.8082681020101 41.799732208252 41.7702845255534 41.8916534423828 42.0113885243734 42.0369812011719 42.1707960764567 42.2996223449707 42.3842236836751 42.4703940073649 42.8100783030192 42.8842952728271 -9999 -9999 -9999 -9999 -9999 -9999 -9999 -9999 -9999 -9999 -9999 -9999 -9999 -9999 -9999 -9999 -9999 -9999 -9999 -9999 -9999 -9999 -9999 -9999 -9999 -9999 -9999 -9999 -9999
41.6006771087646 41.6429514567057 41.6955921173096 41.7181727091471 41.7296104431152 41.6958123524984 41.7004404703776 41.6665514628092 41.6607223510742 41.6589997609456 41.6830192565918 41.64629834493 41.6755456288656 41.6902168273926 41.6323541005452 41.6536526997884 41.7075271606445 41.7442101796468 41.7772905985514 41.8578918457031 42.0709359486898 42.1523869832357 42.2140902201335 42.5391356150309 42.7767016092936 -9999 -9999 -9999 -9999 -9999 -9999 -9999 -9999 -9999 -9999 -9999 -9999 -9999 -9999 -9999 -9999 -9999 -9999 -9999 -9999 -9999 -9999 -9999 -9999 -9999 -9999 -9999 -9999 -9999
41.4166559855143 41.452928797404 41.4946753184001 41.5116795857747 41.5226188659668 41.4973571777344 41.4728904724121 41.4547486623128 41.4651559193929 41.4771898905436 41.4943181355794 41.4835333506266 41.5035474141439 41.5136597951253 41.5009131113688 41.4921766916911 41.5616598765055 41.5746187845866 41.5713756561279 41.6508850097656 41.8546300252279 42.0241998036702 42.1794724782308 42.3343872070312 -9999 -9999 -9999 -9999 -9999 -9999 -9999 -9999 -9999 -9999 -9999 -9999 -9999 -9999 -9999 -9999 -9999 -9999 -9999 -9999 -9999 -9999 -9999 -9999 -9999 -9999 -9999 -9999 -9999 -9999
41.254486211141 41.2682839711507 41.2904908498128 41.3265300750732 41.323596572876 41.305088297526 41.2956019083659 41.2878341674805 41.2802062988281 41.3030361175537 41.2883846282959 41.3269323984782 41.3502335866292 41.3640673319499 41.3597473144531 41.3831067403158 41.4285953521728 41.5080467224121 41.591410446167 41.6536373138428 41.7088441212972 41.9078804016113 42.0357549031576 42.1853975931803 42.4714378356934 -9999 -9999 -9999 -9999 -9999 -9999 -9999 -9999 -9999 -9999 -9999 -9999 -9999 -9999 -9999 -9999 -9999 -9999 -9999 -9999 -9999 -9999 -9999 -9999 -9999 -9999 -9999 -9999 -9999
41.0834639231364 41.1083967844645 41.1124337514242 41.1297988891602 41.1424084981283 41.1360357920329 41.1098421732585 41.1270580291748 41.1284132639567 41.1328603108724 41.1395530700684 41.1845741271973 41.2153612772624 41.2076073964437 41.2242731730143 41.276735941569 41.3181046803792 41.393924331665 41.4745862325033 41.5329668680827 41.6324178059896 41.6815793355306 41.8630949656169 42.1002251942952 42.308167775472 42.4678190867106 -9999 -9999 -9999 -9999 -9999 -9999 -9999 -9999 -9999 -9999 -9999 -9999 -9999 -9999 -9999 -9999 -9999 -9999 -9999 -9999 -9999 -9999 -9999 -9999 -9999 -9999 -9999 -9999
40.9365859985352 40.9597451527913 40.9676394144694 40.9642091115316 40.9887732187907 40.9802200317383 40.9772027333577 40.9934467315674 41.0068778991699 41.0083901723226 41.0260585784912 41.038532892863 41.0689491271973 41.0788027445475 41.1266891479492 41.1550930023193 41.1968111673991 41.272941716512 41.3572472890218 41.4280437469482 41.5334508260091 41.6562614440918 41.8008130391439 41.9909214019775 42.1801666259766 42.3303595225016 42.5525581359863 42.7850168863932 42.9926043192546 43.2196581522624 -9999 -9999 -9999 -9999 -9999 -9999 -9999 -9999 -9999 -9999 -9999 -9999 -9999 -9999 -9999 -9999 -9999 -9999 -9999 -9999 -9999 -9999 -9999 -9999
40.8352930704753 40.8497998555501 40.8378498077393 40.8335037231445 40.8188752492269 40.816814549764 40.8604428609212 40.8563721974691 40.8910360972087 40.8999422709147 40.8946722666423 40.91687596639 40.9426942189534 40.9746288299561 41.0056354522705 41.0438957214355 41.121641031901 41.2007354736328 41.2604943593343 41.3410561879476 41.4398680369059 41.5451259613037 41.6738313039144 41.8560916900635 42.0247656504313 42.1898052215576 42.4306293487549 42.6229564666748 42.8735692342122 43.0599349975586 43.2936982472738 -9999 -9999 -9999 -9999 -9999 -9999 -9999 -9999 -9999 -9999 -9999 -9999 -9999 -9999 -9999 -9999 -9999 -9999 -9999 -9999 -9999 -9999 -9999
40.7229274749756 40.7168629964193 40.7153401692708 40.721135075887 40.7273518880208 40.7195871988932 40.7584358215332 40.7550473531087 40.7771416982015 40.762646484375 40.7655935923258 40.7641447703044 40.8130758921305 40.8471735636393 40.9064211527507 40.9463240305583 41.0345026652018 41.0914109547933 41.1713001251221 41.2462243398031 41.3411176045736 41.449062983195 41.5804593404134 41.7092421213786 41.8635756174723 42.0325511932373 42.2756821950277 42.4819693247477 42.7130980173747 42.9191427866618 43.1353148142497 43.3729026794434 -9999 -9999 -9999 -9999 -9999 -9999 -9999 -9999 -9999 -9999 -9999 -9999 -9999 -9999 -9999 -9999 -9999 -9999 -9999 -9999 -9999 -9999
40.6423472086589 40.6311715443929 40.6538777669271 40.6435241699219 40.6474512736003 40.6218233744303 40.6243096669515 40.6526070912679 40.6647838592529 40.6429424285889 40.6566115061442 40.6880762736003 40.7330075581868 40.7699838002523 40.8242055257161 40.8623471577962 40.9244347890218 41.0039669036865 41.0611635843913 41.1500545501709 41.2415874481201 41.3836316426595 41.4965301513672 41.5974459330241 41.7577114105225 41.9200260162354 42.1452683766683 42.3299315134684 42.5434842427572 42.7577660878499 43.0080159505208 43.2157421112061 -9999 -9999 -9999 -9999 -9999 -9999 -9999 -9999 -9999 -9999 -9999 -9999 -9999 -9999 -9999 -9999 -9999 -9999 -9999 -9999 -9999 -9999
40.5684162139893 40.5856590270996 40.5864218393962 40.570959854126 40.5773059844971 40.549830754598 40.5490940093994 40.5464598337809 40.5584768931071 40.5827332814535 40.5810220082601 40.6156150817871 40.656542078654 40.7216186523438 40.7731937408447 40.8229939778646 40.8768522898356 40.927975209554 41.0212849934896 41.0813566843669 41.1779975891113 41.3098763783773 41.3857816060384 41.5013278961182 41.6537592569987 41.8574907938639 42.0051226298014 42.1755804697673 42.4234577178955 42.6130597432454 42.832336807251 43.0913375854492 43.3223878224691 43.5666927337646 43.8628921508789 -9999 -9999 -9999 -9999 -9999 -9999 -9999 -9999 -9999 -9999 -9999 -9999 -9999 -9999 -9999 -9999 -9999 -9999 -9999
40.5227741241455 40.5081298828125 40.5047190348307 40.5203505198161 40.5091112772624 40.5052565256755 40.4650959014893 40.4912581125895 40.5056133270264 40.513916905721 40.5526537577311 40.5689585367839 40.6062971750895 40.6638618469238 40.7267566680908 40.77897605896 40.8435935974121 40.9187066396077 41.0077498118083 41.0615662892659 41.1440096537272 41.2138493855794 41.3154089609782 41.448609161377 41.6129976908366 41.7569550832113 41.8965342203776 42.0882676442464 42.2754573822021 42.4716411590576 42.7221462249756 42.96257909139 43.2121453603109 43.4717491149902 43.7244489034017 44.0245971679688 44.3334851582845 -9999 -9999 -9999 -9999 -9999 -9999 -9999 -9999 -9999 -9999 -9999 -9999 -9999 -9999 -9999 -9999 -9999
40.4864203135173 40.4946847279867 40.5025844573975 40.4799809773763 40.4932343800863 40.4668048858643 40.4444544474284 40.4661334991455 40.469069035848 40.479248936971 40.5243782043457 40.5722770690918 40.5970699310303 40.6398941040039 40.7151532491048 40.7563855489095 40.808855565389 40.8996196746826 40.9853197733561 41.0593808492025 41.1218873341878 41.1682225545247 41.3109860738118 41.418631362915 41.5205060323079 41.6698197682699 41.7893463134766 41.976242574056 42.1428412119548 42.3816647847493 42.5732350667318 42.7892012278239 43.0934809366862 43.3619684855143 43.620266977946 43.9073795318604 44.241284942627 -9999 -9999 -9999 -9999 -9999 -9999 -9999 -9999 -9999 -9999 -9999 -9999 -9999 -9999 -9999 -9999 -9999
40.489836247762 40.5011730194092 40.4974044799805 40.4895188649495 40.4936545054118 40.4641315460205 40.4621442159017 40.4468251546224 40.4659823099772 40.4892379760742 40.5225555419922 40.5767765045166 40.6094099680583 40.6512310028076 40.7029547373454 40.7725891113281 40.8345743815104 40.9074628194173 40.9755565643311 41.0378142038981 41.1016427357992 41.2337776184082 41.3117032368978 41.3861347198486 41.487789662679 41.6037737528483 41.7577517191569 41.8724262237549 42.0784043629964 42.263809967041 42.5142314910889 42.7363352457682 43.0075265248617 43.2604549407959 43.5401077270508 43.8172065734863 44.1682154337565 44.4642834981283 44.7732869466146 -9999 -9999 -9999 -9999 -9999 -9999 -9999 -9999 -9999 -9999 -9999 -9999 -9999 -9999 -9999
40.5309024810791 40.522176361084 40.5240547180176 40.5245891571045 40.5283966064453 40.4990203857422 40.4756426493327 40.4551253000895 40.4846060434977 40.518009185791 40.5390721638997 40.5761203765869 40.6043231964111 40.6711755116781 40.7019274393717 40.8003355662028 40.8581049601237 40.9296211242676 41.0072378794352 41.0895510355632 41.1359461466471 41.2218817392985 41.2807058970133 41.3729053497314 41.441735458374 41.5820824940999 41.712243270874 41.8317059834798 42.0164742787679 42.2050608317057 42.4002021789551 42.6518871307373 42.9207764943441 43.1693367004395 43.478657913208 43.7586345672607 44.0769786834717 44.4107458750407 44.7113182067871 45.0381123860677 -9999 -9999 -9999 -9999 -9999 -9999 -9999 -9999 -9999 -9999 -9999 -9999 -9999 -9999
40.5723098754883 40.5664210001628 40.5493582407633 40.5629475911458 40.5560874938965 40.5441486358643 40.5406094868978 40.547838973999 40.5623704274495 40.5593544006348 40.5811368306478 40.6050589243571 40.6618783315023 40.7004758199056 40.7716817220052 40.8322095235189 40.9049508412679 40.9732340494792 41.050279490153 41.1218376159668 41.1766565958659 41.2131992340088 41.3144603729248 41.3544896443685 41.4292227427165 41.5823432922363 41.6564347585042 41.8079706827799 42.0251932779948 42.1998653411865 42.4204153696696 42.6210826873779 42.8697649637858 43.1172317504883 43.3896625518799 43.6953206380208 43.9961148579915 44.3690442403158 44.6842569986979 44.9961474100749 -9999 -9999 -9999 -9999 -9999 -9999 -9999 -9999 -9999 -9999 -9999 -9999 -9999 -9999
40.640438079834 40.6493986765544 40.6522190093994 40.6495532989502 40.6296087900798 40.6288632710775 40.6233258565267 40.653276570638 40.6206445058187 40.6311005910238 40.6498215993245 40.6786846160889 40.7390174865723 40.7943424224854 40.849858601888 40.9088199615478 40.9855047861735 41.0585080464681 41.1267021179199 41.1844711303711 41.2376107533773 41.2348079681396 41.3322231292725 41.3909739176432 41.4956718444824 41.6134419759115 41.6768811543783 41.8497194925944 42.0521701812744 42.1869499206543 42.4023546854655 42.6277806599935 42.8309710184733 43.0699288686117 43.34670753479 43.6609888712565 43.9829672495524 44.3288635253906 44.6406756083171 44.9605611165365 -9999 -9999 -9999 -9999 -9999 -9999 -9999 -9999 -9999 -9999 -9999 -9999 -9999 -9999
40.7322518666585 40.7347578684489 40.7601824442546 40.7568094889323 40.7584124247233 40.747841389974 40.7806474049886 40.7347962697347 40.7377951304118 40.7500298817952 40.7606802622477 40.8335030873617 40.8680438995361 40.9203137715658 40.9676376342773 41.0299956003825 41.0780961354574 41.1317380269369 41.1918519337972 41.2679457346598 41.3253337860107 41.3470965067546 41.3861677805583 41.4552253723145 41.5687110900879 41.684565226237 41.7551253000895 41.9026484171549 42.1944290161133 42.3474936167399 42.4247887929281 42.6395795186361 42.8329444885254 43.0743451436361 43.3213851928711 43.6439877827962 43.9638352711995 44.3491737365723 44.6697654724121 44.9398106892904 45.2460586547852 45.5361328125 45.8267425537109 -9999 -9999 -9999 -9999 -9999 -9999 -9999 -9999 -9999 -9999 -9999
40.8515134175618 40.8638397216797 40.8596035003662 40.8626267751058 40.8908103942871 40.9004627227783 40.8956518809001 40.8944764455159 40.8933113098145 40.9131092071533 40.9471827189128 40.9879936218262 41.0025716145833 41.0474493662516 41.0796100616455 41.1153957366943 41.158695602417 41.2117062886556 41.2679004669189 41.3288150787354 41.3960426330566 41.4403165181478 41.4910238901774 41.5173454284668 41.6568429311117 41.7648778279622 41.839010365804 41.934827931722 42.2050797780355 42.3799204508464 42.5200565338135 42.6797702789307 42.8856559753418 43.1062138875326 43.3887261708577 43.6982423146566 43.9572294871012 44.3354707082113 44.6634524027507 44.9543520609538 45.2349230448405 45.5127993265788 45.8015513102214 -9999 -9999 -9999 -9999 -9999 -9999 -9999 -9999 -9999 -9999 -9999
40.9812313079834 41.0131099700928 41.0080169677734 41.0468521118164 41.0639308929443 41.0456540425618 41.0431999206543 41.0357842763265 41.0724287668864 41.1087182362874 41.1074034372965 41.1183001200358 41.1355337778727 41.1500616709391 41.1775614420573 41.2106372833252 41.2518839518229 41.3062536875407 41.3576400756836 41.4228603363037 41.492512512207 41.562263361613 41.60155321757 41.6365332285563 41.7662223815918 41.8738611857096 41.9324553171794 42.0237892150879 42.1942944844564 42.3659463246663 42.5357387542725 42.7282950083415 42.961655553182 43.1937726338704 43.4315264383952 43.7294225056966 44.0600747426351 44.3820971171061 44.6873827616374 44.979665629069 45.2555239359538 45.5266916910807 45.7718152364095 -9999 -9999 -9999 -9999 47.1256406148275 47.4425488789876 -9999 -9999 -9999 -9999 -9999
41.155406443278 41.1697575887044 41.1834938049316 41.1921173095703 41.2140682220459 41.200905863444 41.2334735870361 41.2575441996256 41.2521579742432 41.2509746551514 41.2511821746826 41.2529352823893 41.2631154378255 41.2803705851237 41.3032356262207 41.3297664642334 41.3660128275553 41.4118686676025 41.4658292134603 41.5255593617757 41.600662612915 41.6584803263346 41.7040486653646 41.7558017730713 41.8527788798014 41.9787840525309 42.0543259938558 42.1702932993571 42.3084592183431 42.4668032328288 42.6441665649414 42.8418437957764 43.0620230356852 43.3027191162109 43.565550994873 43.8395525614421 44.1102297465007 44.4363875071208 44.7370890299479 45.0220593770345 45.2686869303385 45.519137318929 45.7665194193522 -9999 46.235981241862 46.4895128885905 46.7625783284505 47.0976760864258 47.3577364603678 47.6514587402344 47.9666898091634 -9999 -9999 -9999
