ET0/medie/MEDIA_ET0_03.asc
NCOLS 177 
NROWS 174 
XLLCORNER 1436301.375 
YLLCORNER 4916704.5 
CELLSIZE 1500 
NODATA_value -9999 
[rows 72 to 95 of 174, columns 54 to 107 of 177]
53.5979237874349 53.3076829274495 53.3322877248128 53.4641059875488 53.4236320495605 53.2387091318766 53.2361258188883 54.2022003173828 54.5980918884277 54.2339841206868 53.193049621582 53.3117218017578 53.5965764363607 53.8382024129232 53.6236976623535 53.0768305460612 52.9018025716146 52.7708635965983 52.5922131856283 52.8620839436849 52.9625511169434 53.2163177490234 53.0196446736654 51.8102427164714 51.9452288309733 51.8279792785645 52.0789009094238 52.3685605367025 51.6069384256999 53.1794499715169 53.3437622070312 53.4419573465983 51.9028091430664 52.0896385192871 51.8769465128581 53.5422327677409 54.3745063781738 54.4021031697591 51.1153010050456 50.3595003763835 51.7381774902344 52.0365186055501 55.6282712300618 56.7798428853353 56.9072952270508 53.6058362325033 54.2636558532715 50.7386296590169 48.0616490681966 46.6821063995361 49.7411984761556 50.3713343302409 52.6683128356934 56.0506891886393
53.8445648193359 53.3259152730306 53.4018475850423 53.2621007283529 53.3153266906738 53.552633412679 53.2877428690592 54.3931055704753 54.4507431030273 54.2638147989909 54.0897890726725 53.1879318237305 53.1761741638184 53.3539009094238 53.3728068033854 53.5155718485514 53.4123186747233 53.2698389689128 53.0224334716797 52.9913088480631 53.0324966430664 53.0830891927083 53.1064117431641 52.9301475524902 52.1759084065755 53.1373764038086 53.0743764241536 52.845029703776 53.1581954956055 53.3861096700033 53.5020815531413 53.4701942443848 53.7384290059408 53.7737047831217 52.5018397013346 54.1737622578939 54.3100738525391 50.9449984232585 51.5677894592285 50.5254597981771 52.3854848225911 52.5317804972331 52.1834116617839 56.577427927653 56.972482808431 56.5843757629395 56.0536626180013 53.8065928141276 49.8120943705241 47.2024386088053 48.2559688568115 48.6882781982422 54.259600575765 56.9497578938802
53.8982594807943 53.0969493865967 53.1068642934163 53.2097054799398 53.5764094034831 53.5947891235352 54.1502578735352 53.3936238606771 53.6831563313802 53.3017074584961 53.1948247273763 53.0163508097331 53.0898274739583 53.0390892028809 53.2962036132812 53.377500406901 53.2848627726237 53.1170102437337 53.0015625 52.9987454732259 53.0329897562663 53.0228856404622 53.0246808369954 53.091431427002 52.7561640421549 53.2228337605794 53.1806205749512 53.2635411580404 53.3650581359863 53.3908009847005 52.3080713907878 51.4545204162598 52.5649831136068 52.01912206014 51.3466150919596 52.7055058797201 53.8153193155924 51.5530782063802 51.4389116923014 52.9201052347819 51.5288230895996 51.9970471700033 53.9064188639323 56.3046045939128 56.9960159301758 57.171696472168 56.8298970540365 55.0604789733887 51.9562441507975 51.8717455546061 51.3644653320313 51.0761016845703 53.9905883789063 53.9809293111165
53.4977119445801 53.0008611043294 53.3421367645264 53.2940539042155 53.2596967061361 53.5859697977702 53.6337404886882 53.5044288635254 53.4683878580729 53.223592376709 53.0124003092448 53.0575519561768 52.9596955617269 53.7699465433757 53.6706298828125 53.0549921671549 52.920171101888 52.9429562886556 52.9474492390951 52.9761983235677 52.9830073038737 52.9635648091634 53.0000610351562 53.2195098876953 53.0235196431478 53.1329521179199 53.2243306477865 53.3345893859863 53.35509668986 53.5488296508789 52.7301060994466 53.2504114786784 52.9167549133301 53.2522099812826 53.3118199666341 54.474932607015 54.4638338724772 52.30025583903 52.0618143717448 54.5892420450846 53.1375531514486 53.6940470377604 52.4505864461263 56.5797355651855 56.9826212565104 57.1521125793457 57.1522649129232 55.1180887858073 50.8029568990072 53.4310768127441 51.541460164388 52.2675473531087 57.0792104085286 56.3746978759766
53.3879892985026 53.1353370666504 53.1807655334473 53.1918607076009 53.1621387481689 53.5676401774089 53.3056025187174 54.1349438985189 52.9409200032552 52.9387205759684 53.2211771647135 53.0431196848551 52.8235724131266 53.0727864583333 53.0266924540202 53.0256454467773 52.9006090799967 52.842155456543 52.9078872680664 53.5527163187663 52.9025174458822 52.9213562011719 53.2440444946289 53.001150004069 53.7115488688151 53.9977038065592 54.0708119710286 53.3077168782552 53.3862330118815 53.4864407857259 53.6312512715658 53.7564796447754 53.887087504069 54.0594614664714 54.2353159586589 54.3469988505046 54.6071596781413 53.0117719014486 54.8757423400879 53.5509056091309 50.6811368306478 54.1935831705729 56.0671185811361 56.7023452758789 56.9418968200684 56.4996688842773 57.4109909057617 56.5075126647949 52.4034823099772 53.320703125 56.6246594746908 56.962545522054 57.879541015625 54.0334238688151
53.7042516072591 53.0622201283773 53.0916455586751 53.2237134297689 53.5945518493652 53.1269120534261 52.9288782755534 52.8950925191243 52.7950750986735 52.8131050109863 52.8357885996501 52.9706292470296 52.7096547444661 52.9374834696452 52.8007568359375 52.7756462097168 52.7285766601562 52.7606857299805 53.4105005900065 53.6479400634766 53.2252916971842 52.836306254069 52.8714696248372 54.0249977111816 54.094457244873 54.2038495381673 54.1882428487142 53.460014851888 53.4051979064941 53.5523526509603 53.8032661437988 53.827183787028 54.0023274739583 54.1551424662272 54.303505452474 54.4478655497233 54.6701805114746 54.4077824910482 55.1088745117188 52.9313751220703 52.8506004333496 55.0073219299316 52.838759358724 56.4161954243978 56.9885012308756 57.0756685892741 57.2490259806315 54.4834309895833 54.2335477193197 57.1451258341471 57.9726717631022 56.1289571126302 57.377598063151 52.9278111775716
54.1145167032878 52.827076848348 52.9132359822591 52.9134279886881 52.8053991953532 52.9434464772542 52.7020362854004 52.71638768514 52.5630355834961 52.5670178731283 52.6313646952311 52.6590503692627 52.6401040395101 52.6637172698975 52.6367537180583 52.6605752309163 52.6171974182129 52.6523338317871 52.6828531901042 52.7202140808105 53.1960339864095 53.1956708272298 53.8317159016927 54.0496599833171 54.1142677307129 54.035560353597 53.8986068725586 53.5477292378743 53.4125396728516 53.5679183959961 53.6951263427734 53.8543195088704 53.9975499471029 54.1864814758301 54.386417388916 54.5645072937012 54.7054278055827 54.8572247823079 55.1438247680664 55.2112475077311 55.0105761210124 55.9544642130534 56.143834177653 56.7016660054525 56.9696057637533 57.1877405802409 57.0343172709147 55.347220102946 55.5564549763997 54.5374181111654 58.1773396809896 54.6755966186523 52.0867276509603 52.2302955627441
53.8913393656413 52.9793075561523 52.7464422861735 52.7845896402995 52.7293519337972 52.6281187693278 52.5803716023763 52.4504122416178 52.4436190287272 52.3760007222494 52.4034384409587 52.4918231964111 52.5515193939209 52.4724796295166 52.4574807484945 52.5367126464844 52.5345918019613 52.5443665822347 52.5911483764648 52.690045038859 52.7162684122721 52.7894856770833 53.5417307535807 53.519287109375 53.3514589945475 53.0756421407064 53.1752337137858 53.2903945922852 53.4733963012695 53.6313247680664 53.7376569112142 53.8783200581869 54.0962804158529 54.2768765767415 54.4318552652995 54.5684478759766 54.6974146525065 54.8964319864909 55.1553723653158 55.4844256083171 55.7369222005208 56.1150787353516 56.3965179443359 56.6984814961751 56.8692087809245 56.1578954060872 54.0603169759115 54.6508224487305 57.8334760030111 58.1017941792806 58.3110694885254 58.1406733194987 58.1892824808757 54.6492652893066
53.8147491455078 53.0224820454915 52.3838367462158 52.3612644195557 52.3807531992594 52.3928318023682 52.3935138702393 52.2809749603271 52.2216707865397 52.2571275075277 52.2947760264079 52.3229337056478 52.3502925872803 52.4297200520833 52.3578450520833 52.3886561075846 52.3925426483154 52.4300791422526 52.5065361022949 52.5872408548991 52.6039629618327 52.7213249206543 52.7952519734701 52.8363505045573 52.9032343546549 53.0330042521159 53.1860158284505 53.3035349527995 53.4528696695964 53.6130945841471 53.7329569498698 53.8659042358398 54.0625953674316 54.2840128580729 54.4922612508138 54.6171048482259 54.7661432902018 54.9311734517415 55.1814921061198 55.4790384928385 55.850483194987 56.0859565734863 56.350271097819 56.63084081014 56.8618751525879 56.226399230957 56.7187599182129 56.3277946472168 56.6644045511881 54.1186264038086 56.7595596313477 58.4400713602702 58.5471819559733 58.5608963012695
53.3093983968099 53.1457511901855 52.5458956400553 52.5211910247803 52.2339419047038 52.1125207265218 52.1181476593018 52.0585778554281 52.0685932159424 52.0862311045329 52.1046259562174 52.1739407857259 52.2096649169922 52.2402421315511 52.213742574056 52.2728640238444 52.2679851531982 52.324195988973 52.3963001251221 52.4596516927083 52.9242266337077 52.5718444824219 52.7276318868001 52.8212880452474 52.9415941874186 53.0508562723796 53.1878781636556 53.2866251627604 53.4389417012533 53.6089416503906 53.7415906270345 53.9194320678711 54.0595013936361 54.2614651997884 54.4223426818848 54.5929217020671 54.7593193054199 54.982492574056 55.2836138407389 54.9868899027507 55.7361317952474 56.0673263549805 56.3730936686198 56.7765698750814 57.0559196472168 57.3046442667643 57.5444038391113 57.8192474365234 56.8504358927409 55.0219403584798 58.0432133992513 58.5548876444499 54.0509730021159 56.9988744099935
53.3598392486572 53.0947279612223 52.8971829732259 52.1509324391683 51.9813915252686 51.95050684611 51.9171834309896 51.8942169189453 51.9467741648356 51.9521124521891 51.9768591562907 52.0253996531169 52.0717699686686 52.1083176930745 52.1368057250977 52.1536443074544 52.2011953989665 52.2180205027262 52.292396291097 52.5999315897624 52.776256052653 52.5406695048014 52.6829271952311 52.8123420715332 52.9134488423665 53.0297709147135 53.2049245198568 53.3282992045085 53.5094863891602 53.6700655619303 53.8302462259928 53.9813687642415 54.1095626831055 54.2769012451172 54.4173812866211 54.6009925842285 54.7936345418294 55.009418741862 55.2707310994466 55.6298634847005 55.8025192260742 56.0782577514648 56.3658299763997 56.6824732462565 57.095933787028 57.3160250345866 57.659531656901 57.7231374104818 57.124609375 56.1178031921387 58.0959297180176 58.6463658650716 57.5971972147624 54.4603012084961
53.4369831085205 53.3504341125488 53.2666765848796 51.8874062856038 51.8335728963216 51.7719839731852 51.7595675150553 51.7501883188883 51.7658912658691 51.7857044219971 51.8191153208415 51.8588714599609 51.911269124349 51.9139743804932 51.9522085825602 52.004597345988 52.060338973999 52.1212292989095 52.2291051228841 52.3039292653402 52.4036373138428 52.5151972452799 52.6539311726888 52.7866556803385 52.9569183349609 53.0668530782064 53.1873552958171 53.3543134053548 53.5140899658203 53.6840532938639 53.8562159220378 54.0430188496908 54.1359245300293 54.3135261535645 54.4773239135742 54.6629666646322 54.8313591003418 55.0515584309896 55.3085433959961 55.7256983439128 55.8066528320312 56.0858769734701 56.384977722168 56.8475255330404 56.9418902079264 57.2355918884277 57.4674954732259 57.993063100179 58.2326657613118 56.6989369710286 58.525325012207 58.4186668395996 58.849515024821 58.219729868571
53.1151537577311 53.1108331044515 53.2000273386637 52.4426152547201 51.6721726735433 51.6343191782633 51.6196517944336 51.5893702189128 51.6102217356364 51.6298987070719 51.6672897338867 51.6880573272705 51.7492853800456 51.7919690450033 51.824195098877 51.9054649353027 51.9772187550863 52.0424626668294 52.1509654998779 52.2270401000977 52.35432472229 52.4891034444173 52.6634465535482 52.8195264180501 52.9255266825358 53.0652582804362 53.2404950459798 53.4321815490723 53.5965199788411 53.7755470275879 53.9313550313314 54.1222010294596 54.261900583903 54.3627227783203 54.5252276102702 54.6957138061523 54.8805516560872 55.1002265930176 55.3204760233561 55.7045806884766 55.8844151814779 56.2895027160645 56.4259813944499 56.7574780782064 56.9763193766276 57.2002230326335 57.4865305582682 57.7229634602865 58.2956764221191 58.2820676167806 58.5312967936198 58.7888793945312 58.496159362793 58.9882184346517
53.1945098876953 52.8705716451009 53.0832508087158 53.0283391316732 52.5141492207845 51.9959425608317 51.5063279469808 51.5144907633464 51.5234619140625 51.5154200236003 51.5299638112386 51.5441501617432 51.6002455393473 51.651935450236 51.7225477854411 51.8181393941244 51.9180080413818 52.0250122070313 52.1366985321045 52.2090072631836 52.3707693735758 52.5248003641764 52.6596346537272 52.812451171875 52.9608133951823 53.1475702921549 53.307167561849 53.5021105448405 53.673264058431 53.8490384419759 54.0145449320475 54.1815022786458 54.3461545308431 54.4368741353353 54.580677541097 54.7382553100586 54.9260292053223 55.134925587972 55.6316543579102 55.6250752766927 55.8897649129232 56.1470031738281 56.442561340332 56.6981793721517 56.9423922220866 57.2294334411621 57.4892489115397 57.7557001749675 57.9375055948893 58.0949956258138 58.2939745585124 58.7038932800293 58.3925549825033 58.4774569193522
52.8287268320719 53.0595897674561 52.9767332712809 53.0048882802327 52.4702489217122 52.0764314015706 51.4048781077067 51.4196170806885 51.4223257700602 51.4271676381429 51.4354084014893 51.4430550893148 51.4884475708008 51.5486487070719 51.6473379770915 51.7346491495768 51.8571782430013 51.9986962636312 52.097297668457 52.227908706665 52.3905310312907 52.5284245808919 52.6745867411296 52.8552775065104 53.0155756632487 53.2201227823893 53.3929237365723 53.562567392985 53.7341890970866 53.9110438028971 54.0822217305501 54.2480008443197 54.435248819987 54.5399538675944 54.6381065368652 54.7892016092936 54.990231068929 55.213786315918 55.4196261088053 55.6414212544759 55.8984146118164 56.157216389974 56.4209228515625 56.6979141235352 56.9811670939128 57.2461463928223 57.5147549947103 57.7507306416829 57.9960131327311 58.1441797892253 58.4543116251628 58.7531321207682 58.3110623677572 58.4354515075684
52.9421173095703 52.9814002990723 52.9491400400798 52.9402971903483 52.471387608846 51.3934304555257 51.3105515797933 51.3167029062907 51.315278116862 51.3226168314616 51.327741877238 51.3645712534587 51.4358001708984 51.5004835764567 51.5987576802572 51.7101141611735 51.8441890716553 51.9657686869303 52.1046361287435 52.2431802113851 52.4137315114339 52.5830493927002 52.7367121378581 52.9072926839193 53.0863497416178 53.2991175333659 53.457036336263 53.6458231608073 53.8307469685872 53.995979309082 54.1646209716797 54.3461199442546 54.5029726664225 54.6081349690755 54.7131640116374 54.8858609517415 55.063584391276 55.2474713643392 55.4510739644369 55.6998364766439 55.9391075134277 56.174365234375 56.4155448913574 56.7118319193522 56.9912684122721 57.2536799112956 57.4982510884603 57.7380716959635 57.940993754069 58.0917360941569 58.0973218282064 58.2316139221191 58.1338686625163 58.320627339681
52.8294809977214 52.5809771219889 52.9186808268229 52.9455959320068 52.1174060821533 51.4720624287923 51.2678198496501 51.2561341603597 51.244065729777 51.2619759877523 51.3006687164307 51.3197460174561 51.3689085642497 51.4809978485107 51.5736236572266 51.6975242614746 51.8331137339274 51.9604470570882 52.1072397867839 52.2512912750244 52.4284952799479 52.6162320454915 52.8246757507324 52.998154703776 53.1986162821452 53.3849230448405 53.5382581075033 53.7480176289876 53.9355562845866 54.1098655700684 54.2518529256185 54.4307355244954 54.5453742980957 54.7074432373047 54.814072672526 54.9610715230306 55.131822458903 55.3096433003743 55.5176846822103 55.7462972005208 55.9712849934896 56.2055112202962 56.458629099528 56.704354095459 57.0090014139811 57.2374745686849 57.4802736918132 57.6981190999349 57.8981328328451 58.015266418457 58.1475593566895 57.8921119689941 57.8539568583171 59.0396993001302
52.3811342875163 52.3168879191081 52.392223739624 52.8783953348796 52.3006074269613 51.5479497273763 51.2298852284749 51.1787549336751 51.1809576670329 51.2095709482829 51.267013168335 51.3117787679036 51.357354482015 51.4507392883301 51.5703833262126 51.7060549418132 51.8326604207357 52.0058898925781 52.1569697062174 52.2984798431396 52.5059496561686 52.6924823760986 52.9183616638184 53.0875045776367 53.2943420410156 53.4851679484049 53.6581169128418 53.8556310017904 54.0509707132975 54.2192626953125 54.3714841206869 54.5568422953288 54.6661463419596 54.7725392659505 54.8991676330566 55.0300084431966 55.1988591512044 55.3737798055013 55.5762705485026 55.8049474080404 56.0317454020182 56.2361829121908 56.4636619567871 56.7074785868327 56.9728937784831 57.2171244303385 57.4614532470703 57.6508008321126 57.7838534037272 57.9749219258626 58.0638125101725 57.8945070902506 57.8695650736491 58.2039026896159
52.4864486694336 52.2649143218994 52.6791091918945 52.5265673319499 52.1129857381185 51.5995806376139 52.0468012491862 51.2004123687744 51.2007040659587 51.2267478942871 51.2629847208659 51.3111793518066 51.3763464609782 51.4735457102458 51.6033846537272 51.7197718302409 51.912580871582 52.0678106943766 52.1952621459961 52.375500869751 52.5848094940186 52.7726854960124 53.0123357137044 53.1939300537109 53.4082229614258 53.6070157368978 53.7902386983236 53.9806727091471 54.1566263834635 54.3304934183757 54.5101931254069 54.681374613444 54.7769635518392 54.8869293212891 54.9915301005046 55.1085311889648 55.2631764729818 55.4502746582031 55.6231229146322 55.876286315918 56.076043955485 56.29636815389 56.522513071696 56.7282684326172 56.9452105204264 57.2116971333822 57.4326749165853 57.5815373738607 57.7283195495605 57.9313847859701 58.0396509806315 58.0579475402832 58.0494832356771 58.1453989664714
52.1999691009521 52.4875764211019 52.7704486846924 52.330899810791 51.6157522837321 51.9544203440348 52.2739910125732 51.4022507985433 51.2300896962484 51.2547224680583 51.3101942698161 51.3830972035726 51.4394457499186 51.5311124165853 51.6664956410726 51.7842798868815 51.9726163228353 52.1260308583577 52.2713069915771 52.4631917317708 52.6780638376872 52.907194519043 53.1215522766113 53.3057744344076 53.5276529947917 53.737343343099 53.9164431254069 54.1031583150228 54.2798789978027 54.451210530599 54.645679473877 54.7964179992676 54.9017064412435 54.9884549458822 55.0736559549967 55.1919644673665 55.3560684204102 55.5465278625488 55.7395627339681 55.9332941691081 56.1257659912109 56.349099222819 56.5477432250977 56.7509511311849 56.9289156595866 57.1665789286296 57.3940238952637 57.5493067423503 57.6782544453939 57.8127337137858 57.8950055440267 57.9888664245605 58.0359255472819 58.1352798461914
52.2208362579346 52.5420321146647 52.5757685343425 51.9948922475179 51.551057434082 51.9067151387533 51.6137719472249 51.2736414591471 51.3030158996582 51.344269434611 51.3992067972819 51.4512976328532 51.5160461425781 51.6326327006022 51.709818649292 51.8706289927165 52.0642793019613 52.2195128122965 52.3875058492025 52.5837860107422 52.8056671142578 53.0111953735352 53.247535832723 53.4444707234701 53.6338116963704 53.8812637329102 54.0676282246908 54.2498883565267 54.4366383870443 54.610796101888 54.7734616597494 54.9164957682292 54.9900301615397 55.0783838907878 55.2194803873698 55.3183901468913 55.4801081339518 55.6402725219727 55.824151357015 55.9842821756999 56.1829833984375 56.3747446695964 56.564128112793 56.7378476460775 56.9196273803711 57.1025703430176 57.2704765319824 57.462846883138 57.5803062438965 57.7253868103027 57.862424214681 57.9234461466471 57.9710467020671 58.0289520263672
52.2566813151042 52.4420078277588 52.3895158131917 52.0012758890788 52.2047280629476 51.4847649892171 51.3478090922038 51.3526175181071 51.3889985402425 51.4426537831624 51.4842311859131 51.531707127889 51.6280740102132 51.7140752156576 51.8413984934489 51.9801319122314 52.1282988230387 52.3173091888428 52.4945044199626 52.7071421305339 52.9285790761312 53.1446956634521 53.3706489562988 53.5833862304687 53.7799374898275 54.0131324768066 54.2162801106771 54.414949798584 54.5944966634115 54.7494631449382 54.9077476501465 55.0140914916992 55.1312901814779 55.2327646891276 55.3381614685059 55.4562945048014 55.6093495686849 55.7363271077474 55.8889432271322 56.0714614868164 56.2155698140462 56.4054941813151 56.5574879964193 56.7342737833659 56.8797022501628 57.0831703186035 57.2263209025065 57.3670560201009 57.5095591227214 57.6544041951497 57.7353945414225 57.8390790303548 57.8738881429036 57.9409278869629
52.248052851359 52.6382680257161 52.1657451629639 51.4949693044027 51.4821664174398 51.4420698801676 51.4423629760742 51.4495517730713 51.4592887878418 51.5217203776042 51.5997370402018 51.6544353485107 51.7723178863525 51.8234696706136 51.9642742156982 52.105283610026 52.2519247690837 52.4482680002848 52.6085673014323 52.8337670644124 53.0470609029134 53.258331934611 53.5096197764079 53.7468133290609 53.9540855407715 54.1658599853516 54.3487543741862 54.5532254536947 54.7361518859863 54.8970448811849 55.04267578125 55.1264409383138 55.2252197265625 55.357103729248 55.4619588216146 55.565210723877 55.7024820963542 55.8330062866211 56.0147122701009 56.1331850687663 56.284188079834 56.4161618550619 56.5800631205241 56.7384544372559 56.8919637044271 57.0411153157552 57.1673899332682 57.2901044209798 57.377661895752 57.5444559733073 57.6642044067383 57.7254806518555 57.7693845113118 57.8653849283854
52.2857796986898 52.8003893534342 51.971715927124 51.5789817810059 51.561976369222 51.5707639058431 51.5608276367187 51.5728583017985 51.6095967610677 51.6595350901286 51.7239799499512 51.7920839945475 51.8702473958333 51.9824363708496 52.0863958994548 52.2459878285726 52.4082525889079 52.5723924001058 52.7605662027995 52.9950158437093 53.1946960449219 53.3964480082194 53.6352862040202 53.8891948699951 54.1093053181966 54.3537267049154 54.5301635742187 54.7032048543294 54.8786173502604 55.0337885538737 55.1376284281413 55.2546984354655 55.3719024658203 55.4753311157227 55.5894070943197 55.7102717081706 55.8112042744954 55.9498906453451 56.0546145121257 56.2010325113932 56.3314343770345 56.4595708211263 56.6049926757812 56.7295138041178 56.8631744384766 56.9884351094564 57.1113939921061 57.2292185465495 57.3286056518555 57.4161898295085 57.5347338358561 57.6257359822591 57.6700714111328 57.7611653645833
