ET0/medie/MEDIA_ET0_10.asc
NCOLS 177 
NROWS 174 
XLLCORNER 1436301.375 
YLLCORNER 4916704.5 
CELLSIZE 1500 
NODATA_value -9999 
[rows 96 to 119 of 174, columns 54 to 107 of 177]
34.838209660848 35.0449394226074 34.4104894002279 33.9942115783691 33.9489153544108 33.9120798746745 33.9123659769694 33.9097632090251 33.9508143107096 33.9749172210693 34.0332396189372 34.1417611440023 34.269037882487 34.4364980061849 34.5819115956624 34.7326543172201 34.9157220204671 35.1094353993734 35.3172016143799 35.54552637736 35.7535536448161 35.9865142822266 36.2378246307373 36.5226220448812 36.7745928446452 37.0191701253255 37.2934209187826 37.5680609385173 37.8258129119873 38.0577672322591 38.283815129598 38.5298099517822 38.7498807271322 38.987034479777 39.2420253753662 39.5191144307454 39.7415552775065 39.9685259501139 40.2097363789876 40.4272120157878 40.6479963938395 40.8711856842041 41.064731725057 41.2568885803223 41.4314272562663 41.6120627085368 41.803181330363 41.9843995412191 42.1109985351562 42.2453275044759 42.296453221639 42.3792339324951 42.4381266276042 42.4893925984701
34.7899920145671 34.8296952565511 34.5177483876546 34.0653831481934 34.0183736165365 34.0064769744873 33.9895730336507 33.9945348103841 34.0239596048991 34.0778909047445 34.1153085072835 34.2240751902262 34.3919727325439 34.530135345459 34.6741232554118 34.807439549764 34.9890609741211 35.1820858001709 35.3856937408447 35.6208520253499 35.8290050506592 36.0624950408936 36.3228988647461 36.5787326812744 36.8215892791748 37.0648628234863 37.3373975118001 37.5578610738118 37.7947881062826 38.0301217397054 38.2647202809652 38.5175599416097 38.7431587219238 38.990983581543 39.1998812357585 39.4819600423177 39.6795557657878 39.8958797454834 40.1263001759847 40.3476554870605 40.5318697611491 40.7509997049967 40.8995180765788 41.090966796875 41.2986803690592 41.4581949869792 41.6362993876139 41.7928419748942 41.8971430460612 42.0110886891683 42.0956736246745 42.1995780944824 42.2601774851481 42.3255330403646
34.3103717803955 34.2668427785238 34.4143998463949 34.3554167429606 34.1317150115967 34.1118798573812 34.0925484975179 34.0973097483317 34.124315516154 34.1562076568604 34.2397555033366 34.3441218058268 34.4889044443766 34.6580196380615 34.7979269663493 34.9377918243408 35.0952756245931 35.2936635335286 35.505345026652 35.7197017669678 35.9291955312093 36.1413931528727 36.3828216552734 36.6351132710775 36.8791020711263 37.0964266459147 37.3435022989909 37.5961373647054 37.8302998860677 38.0819838205973 38.319030380249 38.5219209035238 38.7536431630452 38.9788321177165 39.1778240203857 39.4807636260986 39.6597838083903 39.8448719024658 40.0642598470052 40.2658214569092 40.4375784556071 40.6307843526204 40.8218868255615 40.975723139445 41.1295843760173 41.3000308990479 41.4781625111898 41.5879722595215 41.7118160247803 41.8257209777832 41.9091420491536 42.0017480214437 42.085931523641 42.1397483825684
34.3733932495117 34.318630472819 34.4579864501953 34.2531848907471 34.2040311177572 34.2061205546061 34.2252632141113 34.2390434265137 34.2744941711426 34.3094877878825 34.4199122111003 34.5189492543538 34.6801746368408 34.7968359629313 34.9350457509359 35.0687470753988 35.2241645812988 35.4175584157308 35.612612024943 35.8355068206787 36.0475680033366 36.2644995371501 36.4787584940592 36.7147678375244 36.9442527770996 37.1774126688639 37.4233205159505 37.6449562072754 37.8934787750244 38.1244140625 38.3389695485433 38.5278484344482 38.7688101450602 38.9898361206055 39.1886628468831 39.454595820109 39.6176129659017 39.7919483184814 40.0067185719808 40.1938218434652 40.361157989502 40.5342792510986 40.7047335306803 40.8260345458984 40.9903203328451 41.1737637837728 41.2978720347087 41.4033433278402 41.4882546742757 41.5880738576253 41.6989958445231 41.7723283131917 41.8889807383219 41.9484193166097
34.4501276652018 34.390858968099 34.3844041188558 34.3603472391764 34.3369366963704 34.3504493713379 34.3666931152344 34.4065882364909 34.4423402150472 34.4797313690186 34.5510829925537 34.6740126291911 34.8181533813477 34.9352689107259 35.0755002339681 35.2310372670492 35.4129450480143 35.5756829579671 35.7678208669027 35.9517411549886 36.1781752268473 36.392729695638 36.6195915222168 36.833374786377 37.0463948567708 37.2803871154785 37.5000787099202 37.7183261871338 37.9626284281413 38.1810560862223 38.3656220753988 38.591733678182 38.7854309082031 38.9887166341146 39.2190831502279 39.444612121582 39.5988330841064 39.7383906046549 39.9462463378906 40.1083862304688 40.2845823923747 40.45642674764 40.6173898061117 40.767249806722 40.8901704152425 41.0168815612793 41.1361366271973 41.2396422068278 41.3141529083252 41.3917676289876 41.4814470926921 41.5477556864421 41.6924774169922 41.7465152740479
34.5073661804199 34.4924414316813 34.4751305898031 34.4522163391113 34.4536493937174 34.4457299550374 34.4814422607422 34.5472961425781 34.5819609324137 34.6381275177002 34.7096009572347 34.8157281239827 34.9416657765706 35.066553624471 35.1952462514242 35.3905216217041 35.5690483093262 35.7327686309814 35.9186210632324 36.0934776306152 36.3046314239502 36.5278114318848 36.7382293701172 36.9353313446045 37.1665042877197 37.3782396952311 37.5993597666423 37.7965928395589 38.0315537770589 38.2259904225667 38.4354008992513 38.6324100494385 38.8015853881836 38.9967648824056 39.2315293629964 39.4276688893636 39.5791116078695 39.7044757843018 39.8904702504476 40.0823858896891 40.2278048197428 40.4044844309489 40.5032459259033 40.6618429819743 40.7834336598714 40.8675608317057 40.9623271942139 41.06589012146 41.1461526234945 41.2098634084066 41.2585517883301 41.3668237050374 41.501421101888 41.5350784301758
34.5634970347087 34.5546330769857 34.5361810048421 34.5344104766846 34.544682820638 34.5720859527588 34.6200168609619 34.6807563781738 34.7527801513672 34.8036863962809 34.8885276794434 34.9652899424235 35.0661319732666 35.2296633402507 35.3786538441976 35.5340520222982 35.7167458852132 35.8697406768799 36.0576877593994 36.2528789520264 36.477777226766 36.6516151428223 36.864435450236 37.0548141479492 37.2487054189046 37.4756229400635 37.6569882710775 37.8695494333903 38.0757831573486 38.2710833231608 38.4903001149495 38.6835268656413 38.8384863535563 39.0324410756429 39.2658683776855 39.4221085866292 39.5786776224772 39.706356048584 39.8522711435954 40.0181650797526 40.1942540486654 40.3235525767008 40.4576447804769 40.5611433664958 40.6652927398682 40.7342727661133 40.823095703125 40.893453725179 40.9761623382568 41.0378569285075 41.0992219289144 41.2389518737793 41.3101703643799 41.3782005310059
34.6365468343099 34.6351473490397 34.647687403361 34.6547854105632 34.6718776702881 34.7160528818766 34.7729949951172 34.8317637125651 34.8670129140218 34.9678216298421 35.0372628529867 35.1230218251546 35.2594015757243 35.4200673421224 35.5627652486165 35.7032937367757 35.8618891398112 36.0461006164551 36.2316862742106 36.4280114491781 36.6327000935872 36.8074649810791 36.9669832865397 37.161989847819 37.3367073059082 37.5473425547282 37.7571950276693 37.9440886179606 38.1789021809896 38.3553000132243 38.5530544281006 38.7336348215739 38.8908953348796 39.0684928894043 39.2525676727295 39.4288916269938 39.5534694671631 39.7084827423096 39.8574803670247 39.9775382995605 40.1155431111654 40.2440357208252 40.3797794342041 40.4717961629232 40.5667599995931 40.6552459716797 40.713519414266 40.7555909474691 40.8330253601074 40.906932703654 40.9857182820638 41.0755770365397 41.155007425944 41.1956680297852
34.6985422770182 34.7231648763021 34.7580926259359 34.7958535512288 34.8034613291423 34.847621790568 34.908496983846 34.9990633646647 35.0415874481201 35.1532188415527 35.2229981740316 35.3086326599121 35.454193242391 35.5685216267904 35.7439996083577 35.8679916381836 36.0356327056885 36.2039658864339 36.3984259287516 36.6101402282715 36.7742899576823 36.9436806996663 37.1069629669189 37.2706986745199 37.44104347229 37.6589613596598 37.8426563262939 38.0478864034017 38.2755292256673 38.4463500976562 38.6292200724284 38.804988861084 38.9310342152913 39.1049812316895 39.2418207804362 39.3818085988363 39.5716645558675 39.7333920796712 39.8488843282064 39.9457903544108 40.0619832356771 40.1931845347087 40.2788646697998 40.3779790242513 40.4661012013753 40.5484163920085 40.583939743042 40.6543877919515 40.7268937428792 40.7952382405599 40.8705773671468 40.9489840189616 40.9896228790283 41.0501988728841
34.8035213470459 34.7996668497721 34.8506660461426 34.8753903706869 34.9317152659098 34.9775512695312 35.0445151011149 35.1532067616781 35.213818359375 35.3352750142415 35.3938765207926 35.5127595265706 35.6253757476807 35.7409394582113 35.8924508412679 36.0459177652995 36.2235234578451 36.4101696014404 36.5890813191732 36.7537787119548 36.9159083048503 37.0683133443197 37.2478384653727 37.4077763875326 37.5596894582113 37.7445362091064 37.952516301473 38.1444716135661 38.3190518697103 38.5093259175618 38.6793982187907 38.8107401529948 38.9753907521566 39.1222576141357 39.2570475260417 39.410572942098 39.556420135498 39.6833182017008 39.8305959065755 39.9363077799479 40.0331123352051 40.1432033538818 40.2343683878581 40.3178081512451 40.381761042277 40.4686513264974 40.5145942687988 40.6015111287435 40.646110534668 40.7173455556234 40.7717900594076 40.859397761027 40.8541052500407 40.9071038564046
34.8849610646566 34.9146434783936 34.9574202219645 34.9993541717529 35.0452945709228 35.1406452178955 35.2060006459554 35.295236714681 35.4005462646484 35.4943424224854 35.5748250325521 35.6925220489502 35.8128570556641 35.9322185516357 36.0487613677979 36.2382984161377 36.4079085032145 36.5803764343262 36.7568012237549 36.9072856903076 37.0686682383219 37.2371131896973 37.3961734771729 37.5576192220052 37.7026096343994 37.8723523457845 38.0576021830241 38.2593474070231 38.4110277811686 38.573740641276 38.7378434499105 38.8830183664958 39.0196113586426 39.1622590382894 39.3095344543457 39.4386975606283 39.550865427653 39.6773845672607 39.7760306040446 39.9211633046468 40.0368974049886 40.1297239939372 40.1913041432699 40.2845731099447 40.3283885955811 40.4045682271322 40.4645086924235 40.5484107971191 40.5877134958903 40.6409983317057 40.6859764099121 40.7339021046956 40.7608006795247 40.792759068807
34.987914276123 35.0131059010824 35.0658196767171 35.1396536509196 35.1773223876953 35.2486321767171 35.3423796335856 35.4475144704183 35.5440910339355 35.6586226145426 35.7748199462891 35.8763834635417 35.9944714864095 36.1375600179036 36.2688505808512 36.4116230010986 36.5673545837402 36.7267561594645 36.8980515797933 37.0631997426351 37.2495349884033 37.41669921875 37.5762980143229 37.7283092498779 37.8661684672038 38.0231043497721 38.199755859375 38.3358339945475 38.5146658579508 38.6620545705159 38.7887854258219 38.9383686065674 39.0701061248779 39.1933255513509 39.3286097208659 39.4520453135173 39.5435143788656 39.6557813008626 39.7849363962809 39.8828805287679 39.9951675415039 40.0817269643148 40.1621973673503 40.2336345672607 40.2988568623861 40.3465662638346 40.4401289621989 40.4758766174316 40.540031560262 40.5810757954915 40.6251839955648 40.6777740478516 40.6945187886556 40.7099074045817
35.0692189534505 35.119153213501 35.1862520853678 35.2291845957438 35.315641784668 35.4100898742676 35.5007205963135 35.6090061187744 35.7072633107503 35.8295719146729 35.9561772664388 36.0588087717692 36.1921543121338 36.3402900695801 36.4610575358073 36.6128178914388 36.7146357218424 36.8697018941243 37.0336058298747 37.2386030832926 37.3885349273682 37.5635106404622 37.7293249766032 37.8545207977295 38.0176630655925 38.1814268747965 38.3041660308838 38.458126449585 38.6172284444173 38.7475496927897 38.8852128346761 39.0124741872152 39.1152587890625 39.2280988057454 39.3503348032633 39.473872756958 39.5758936564128 39.705335744222 39.7853233337402 39.8760916392008 39.9724015553792 40.0359942118327 40.1407543182373 40.2205337524414 40.2603834788005 40.3301691691081 40.387494913737 40.4296287536621 40.4843012491862 40.5252680460612 40.5664892832438 40.6082380930583 40.6188748677572 40.6378982543945
35.1793746948242 35.2220417022705 35.2608881632487 35.3717633565267 35.4525946299235 35.5781791687012 35.6619908650716 35.7699704488118 35.8695344289144 35.9899341583252 36.1158014933268 36.2225228627523 36.357993443807 36.5180998484294 36.6463219960531 36.7595453898112 36.9037673950195 37.0508744557699 37.2181664784749 37.3915232340495 37.5136596679688 37.6858207702637 37.8551815032959 37.9975335439046 38.1530736287435 38.291499710083 38.4254552205404 38.5442202250163 38.6719626108805 38.8341696421305 38.9595208485921 39.0751022338867 39.173058573405 39.294785563151 39.4082274119059 39.5247421264648 39.6315280914307 39.7272883097331 39.8078828175863 39.8762521107992 39.9444779713949 39.9985992431641 40.1039708455404 40.1668432871501 40.2190335591634 40.3217491149902 40.3618384043376 40.4269856770833 40.4619337717692 40.5024997711182 40.5414573669434 40.5473626454671 40.5611508687337 40.5624089558919
35.2577196756999 35.344264348348 35.4010167439779 35.5059951782227 35.6411389668783 35.7470561981201 35.8046457926432 35.9272998809814 36.051368077596 36.1549329121908 36.3011548360189 36.4119174957275 36.5545043945312 36.6520451863607 36.7933015187581 36.9369358062744 37.0724280039469 37.2205463409424 37.3721496582031 37.514702351888 37.672248840332 37.82580909729 37.9903558095296 38.1311396280924 38.2736523946126 38.4075706481934 38.5367042541504 38.6809819539388 38.7708897908529 38.904786046346 39.0359437306722 39.1545987447103 39.2639297485352 39.3770553588867 39.4760059356689 39.5971209208171 39.6783715565999 39.7498950958252 39.8107097625732 39.9037560780843 39.9444555918376 40.0098861694336 40.0882119496663 40.1372174580892 40.227997080485 40.29611231486 40.346278889974 40.4236474355062 40.4655284881592 40.4960165659587 40.5069347381592 40.522238667806 40.5269996643066 40.5308217366536
35.3201655069987 35.4221956888835 35.5476721445719 35.6478613535563 35.7767782847087 35.9103913625081 36.0209570566813 36.1041069030762 36.2329886118571 36.3667821248372 36.4929321289062 36.615469233195 36.7072999318441 36.8157489776611 36.9625742594401 37.1012077331543 37.2588995615641 37.4008019765218 37.5465390523275 37.6691294352214 37.806714630127 37.9768730163574 38.1233778635661 38.2785181681315 38.4091573079427 38.5391132354736 38.6621934254964 38.8012209574382 38.9142939249674 39.026610438029 39.1406698862712 39.2410882314046 39.3682454427083 39.471497853597 39.5720637003581 39.6801244099935 39.7354465484619 39.8046347300212 39.8719542185465 39.9211261749268 39.9873305002848 40.0498561859131 40.128210957845 40.2143750508626 40.2503060658773 40.305824915568 40.3635401407878 40.406297938029 40.4762134552002 40.4857234954834 40.4883829752604 40.5101879119873 40.5216279347738 40.5018526713053
35.3963259379069 35.5357351938883 35.6714258829753 35.8124693552653 35.9166779836019 36.060938390096 36.1747716267904 36.2944529215495 36.4022722880046 36.5510462443034 36.6676175435384 36.7705900828044 36.8617515563965 36.9987103780111 37.1581033070882 37.293205388387 37.4222895304362 37.5623297373454 37.7185894012451 37.8232302347819 37.9724749247233 38.130152130127 38.287876256307 38.4097813924154 38.5536933898926 38.6845064798991 38.7789732615153 38.9163462320964 39.0416127522786 39.1388671875 39.258931350708 39.3684177398682 39.4650802612305 39.5570189158122 39.6504467010498 39.7473450978597 39.8255095163981 39.8580172220866 39.9271188100179 39.9789138793945 40.0337423960368 40.0930056254069 40.1788646697998 40.2274943033854 40.26680615743 40.3434043884277 40.3896116892497 40.414722442627 40.4541135152181 40.4739297231038 40.5113924662272 40.4923010508219 40.4952802022298 40.4888837178548
35.503710047404 35.6448827107747 35.8125531514486 35.9628173828125 36.0768205006917 36.191061147054 36.3292644500732 36.4511376698812 36.5861878712972 36.7173922220866 36.8570878346761 36.9496815999349 37.0452336629232 37.181670888265 37.3478799184163 37.4791678110758 37.6108765920003 37.7650998433431 37.8964566548665 38.0218223571777 38.1467231750488 38.2987042744954 38.4216916402181 38.5716213226318 38.6676596323649 38.7736958821615 38.8876534779867 39.0224994659424 39.1654384613037 39.2831174214681 39.3897240956624 39.4841729482015 39.5869490305583 39.6609177907308 39.7506436665853 39.8165533701579 39.8985126495361 39.9351296742757 39.9874986012777 40.0615323384603 40.1215220133464 40.1619510650635 40.234546661377 40.2702902475993 40.3408456166585 40.36915918986 40.4114902496338 40.4706512451172 40.5048987070719 40.5020183563232 40.5262310028076 40.5033275604248 40.4957308451335 40.5054205576579
35.6363224029541 35.792399597168 35.9678511301676 36.1277009328206 36.2774968465169 36.4449348449707 36.5293669382731 36.6725299835205 36.8166259765625 36.9361194610596 37.042916615804 37.1291886647542 37.2910655975342 37.4274866739909 37.5790861765544 37.691641998291 37.8197934468587 37.948207728068 38.0719121297201 38.2123411814372 38.3228656768799 38.4359077453613 38.5711044311523 38.7202270507812 38.7934130350749 38.9061467488607 39.017095820109 39.150966389974 39.2861560821533 39.4137349446615 39.528556950887 39.5996579488118 39.7001029968262 39.7870076497396 39.8475617726644 39.9180795033773 39.9674877166748 40.0360609690348 40.0892843882243 40.1368849436442 40.2109860738118 40.2573464711507 40.2843200683594 40.3499244689941 40.4016030629476 40.4121658325195 40.4654379526774 40.5123149871826 40.5511038462321 40.5512817382812 40.5564856211344 40.5432839711507 40.5616818745931 40.5683483123779
35.8063687642415 35.9632680257161 36.1411071777344 36.2709299723307 36.4614496866862 36.6214809417725 36.7739854176839 36.8760214487712 37.0394541422526 37.1766109466553 37.2913803100586 37.403929011027 37.4970389048258 37.6470057169596 37.8108806610107 37.9178756713867 38.0583442687988 38.182638168335 38.2675707499186 38.3832876841227 38.5127173105876 38.6253612518311 38.7329359690348 38.8534651438395 38.9553700764974 39.0787164052327 39.1948471069336 39.3037640889486 39.4452799479167 39.5621308644613 39.6551405588786 39.7469980875651 39.829497273763 39.8831204732259 39.9543179829915 40.0284464518229 40.0835446675618 40.1652947743734 40.2022310892741 40.2283164978027 40.291574605306 40.3487466176351 40.3647271474202 40.3967974344889 40.4423815409342 40.4910767873128 40.493755086263 40.5588582356771 40.6089579264323 40.6370165506999 40.6311525980632 40.6407552083333 40.6415950775147 40.6556346893311
36.0010968526204 36.1622881571452 36.3301228841146 36.4626917521159 36.6446262359619 36.8161642710368 36.9790178934733 37.1203372955322 37.268962097168 37.4162162780762 37.5412312825521 37.6755532582601 37.7654645284017 37.8433099110921 37.9247650146484 38.1278237660726 38.2980953216553 38.3989496866862 38.5129215240479 38.5964467366536 38.7253461201986 38.8479239145915 38.9706699371338 39.077595392863 39.1770816802979 39.2927712758382 39.3815554300944 39.4985282897949 39.6227542877197 39.7441566467285 39.8024941762288 39.8893885294596 39.9724165598551 40.0156374613444 40.0891802469889 40.1704816182454 40.2345092773437 40.2906723022461 40.3335091908773 40.3963740030924 40.4029004414876 40.4413804372152 40.4784066518148 40.5113051096598 40.5239059448242 40.5484307607015 40.5984484354655 40.6450475056966 40.7008870442708 40.7188510894775 40.7073521931966 40.7316673278809 40.7373504638672 40.7386624654134
36.2872639973958 36.4060846964518 36.5433508555094 36.7344781239827 36.8977518717448 37.0524997711182 37.2122545878092 37.3835330963135 37.5268254597982 37.6388488769531 37.7831858317057 37.9294520060221 38.0595540364583 38.1694897969564 38.2909731547038 38.3984521230062 38.5017921447754 38.6462055206299 38.7822212219238 38.9244130452474 38.9974620819092 39.0774702707926 39.1839511871338 39.2701269785563 39.3591567993164 39.5067640940348 39.6242572784424 39.7383856455485 39.8222220102946 39.9039970397949 39.9896663665771 40.0851830800374 40.1508790334066 40.2000834147135 40.2733521779378 40.3427434285482 40.4078053792318 40.4689451853434 40.5230762481689 40.5402317047119 40.5555151621501 40.5749331156413 40.6208826700846 40.6464197794596 40.639523824056 40.6604704538981 40.7159198760986 40.7693331400553 40.8073120117188 40.8268269856771 40.8171278635661 40.8376953125 40.8616481781006 40.8599021911621
36.5095041910807 36.6901644388835 36.821515528361 36.9667475382487 37.1464403788249 37.3300552368164 37.4886899312337 37.6145060221354 37.792840830485 37.9506666819255 38.0948271433512 38.2334679921468 38.3307993570964 38.4610490163167 38.5785762786865 38.7049531300863 38.8297322591146 38.9347385406494 39.0570242563883 39.1800273895264 39.2442584991455 39.3519551595052 39.4493403116862 39.5538642883301 39.6278007507324 39.7284339904785 39.8210990905762 39.947031656901 40.0742034912109 40.1156274159749 40.1928621927897 40.2699990590413 40.3631750742594 40.4079555511475 40.4745053609212 40.5453149159749 40.592840830485 40.6550034840902 40.6797309875488 40.7114465077718 40.7323989868164 40.8707550048828 40.8708527882894 40.9080207824707 40.8091644287109 40.8303633371989 40.8826232910156 40.8981774648031 40.9416413625081 40.9567323048909 40.9338489532471 40.9552949269613 40.9740708669027 40.9800510406494
36.7835423787435 36.9145525614421 37.1108271280924 37.2933017730713 37.4462312062581 37.6019435882568 37.7604258219401 37.9073926289876 38.0676314036051 38.2102816263835 38.3583374023438 38.4941342671712 38.6434996287028 38.7537106831868 38.8835875193278 38.9734382629395 39.0814398447673 39.2066135406494 39.2619337717692 39.4046190897624 39.5064819335937 39.6316062927246 39.7086732228597 39.815576171875 39.9029232025146 40.0049524943034 40.0842486063639 40.1927680969238 40.2739672342936 40.3659882863363 40.4297962188721 40.4825841267904 40.5688832600911 40.658842976888 40.7084002176921 40.7434071858724 40.8180507659912 40.8416343688965 40.874071375529 40.9060866038005 40.934409459432 41.0457288106283 41.0672314961751 41.048024113973 40.9776920318604 41.0020623524984 41.0308925628662 41.0714837392171 41.0981836954753 41.090663655599 41.0924995422363 41.1147366841634 41.1217863718669 41.1457223256429
