ET0/medie/MEDIA_ET0_09.asc
NCOLS 177 
NROWS 174 
XLLCORNER 1436301.375 
YLLCORNER 4916704.5 
CELLSIZE 1500 
NODATA_value -9999 
[rows 48 to 71 of 174, columns 54 to 107 of 177]
58.1169570922852 66.1823521931966 68.8466059366862 71.486252339681 71.0886512756348 67.0585619608561 65.5502110799154 59.8099253336589 61.2150774637858 52.6482292175293 51.8173683166504 55.5643852233887 57.7664464314779 53.8074193318685 55.491091410319 52.2414985656738 56.4855646769206 60.3784016927083 56.2248481750488 59.4431093851725 56.1301254272461 51.6717920939128 50.6117673238118 57.2067141215007 52.3432100931803 56.6647478739421 48.9093442281087 48.6973154703776 52.7591285705566 50.6577733357747 48.9973284403483 53.1570187886556 49.7121701558431 50.2127443949381 49.7056620279948 47.6407335917155 55.1122983296712 47.2365570068359 45.1343612670898 44.5890645345052 48.7802988688151 44.1808396657308 44.0660100301107 44.0802202860514 44.113857014974 43.9516792297363 45.7134363810221 50.6746622721354 43.9844278971354 43.8251976013184 44.6967549641927 43.91681543986 43.9369316101074 48.3743891398112
59.8831232706706 66.9183275858561 68.6874618530273 71.2603487650553 70.8834019978841 68.2311416625977 67.3096010843913 64.9334815979004 63.8415199279785 58.9086229960124 56.7600311279297 52.6723526000977 50.6963483174642 52.8210352579753 50.6978480021159 52.2851682027181 58.7160349527995 59.6913663228353 56.3294166564941 55.6685612996419 55.9292058308919 52.2085792541504 51.0383453369141 50.9373682657878 49.7628776550293 50.079557800293 50.7067995707194 48.2944684346517 51.687744140625 48.1948473612467 47.8859598795573 53.3567672729492 47.7246617635091 50.7927706400553 49.6806139628092 46.6535751342773 51.240030670166 47.265639368693 45.4938203175863 44.6851252237956 44.5616980234782 44.4650680541992 43.9804372151693 44.5079350789388 44.8389017740885 44.0790486653646 50.1633005777995 47.1207415262858 47.5561292012533 44.1705393473307 45.042812093099 44.1578816731771 47.9463582356771 53.6819836934408
64.485796101888 68.5779640197754 69.6595919291178 71.1220654805501 70.7745890299479 66.9153093973796 64.9403271993001 64.5776178995768 65.2258122762044 63.2831334431966 60.7716018676758 55.892770131429 57.9265652974447 52.8191126505534 51.6078252156575 49.9788263956706 55.8114397684733 58.579921468099 55.933132425944 51.7428522745768 57.1557332356771 50.4381685892741 49.8949101765951 48.8962089538574 49.9222997029622 48.1695131937663 49.6407869974772 47.6464716593424 48.9257853190104 47.7073738098145 47.9719029744466 51.5332466125488 47.0564966837565 48.1640357971191 49.58785349528 46.7633421579997 45.8217039744059 45.9154866536458 46.2571482340495 44.7955332438151 45.6790815989176 45.9255432128906 54.7539726257324 46.7519104003906 44.3236234029134 44.4006065368652 45.6007174173991 44.322865041097 44.7997566223145 44.4233927408854 46.8210945129395 48.5713251749674 51.201128133138 59.1485544840495
69.4485354105632 69.2027402242025 71.3142303466797 71.0933797200521 70.7536170959473 67.5434326171875 64.0962315877279 57.6393653869629 61.6544845581055 64.2944343566895 64.0652547200521 63.2616861979167 61.1410219828288 58.105162302653 53.5325881958008 51.4268816630046 52.0168401082357 57.7754432678223 51.2646405537923 52.8399322509766 51.219243367513 50.3566986083984 53.1750241597493 53.8564877827962 50.3736607869466 53.5350868225098 49.6293164571126 52.2510747273763 50.9778633117676 47.9120511372884 47.4017720540365 47.3969167073568 46.8035591125488 46.6165028889974 46.1235862731934 45.7239036560059 47.4620452880859 54.4985862731934 50.5994244893392 45.729042561849 46.4966930389404 59.420475769043 55.4462122599284 44.7474624633789 44.647667948405 45.254261525472 44.7404004414876 52.1219632466634 46.4110633850098 44.8969472249349 46.5100921630859 47.1997884114583 56.6722846984863 52.1020731608073
69.8918879191081 71.4651344299316 71.3277351379395 71.0238591512044 69.3389851888021 67.3522616068522 65.6628224690755 64.2895016988118 64.6367612202962 63.0910171508789 61.2667457580566 61.1829037984212 55.4609044392904 59.7976048787435 54.5894777933757 49.3458974202474 54.1087137858073 52.0564636230469 55.5722384134928 49.3837880452474 51.8058904012044 52.0970128377279 56.6742167154948 51.9293172200521 48.2105140686035 54.1476959228516 55.0844006856283 55.4402989705404 49.7151484171549 52.0181940714518 48.6560465494792 47.821425374349 50.2831321716309 48.0399780273438 47.9342936197917 46.400811513265 46.595947265625 55.2837849934896 53.8637598673503 60.781282043457 61.7988324483236 58.2986834208171 49.7840108235677 50.5658307393392 45.1860295613607 46.9689025878906 44.8912521362305 54.0626019795736 51.7784520467122 46.6724530537923 50.7356374104818 47.7500734965007 48.1406786600749 47.9094065348307
70.0654413859049 71.5615394592285 71.2709899902344 70.8949846903483 68.1375877380371 67.3883763631185 67.471644337972 66.993017578125 65.2841008504232 62.6104042053223 58.3265434265137 61.4263633728027 52.7405649820964 55.9582613627116 53.9587326049805 49.8393081665039 48.9991236368815 49.2249755859375 50.1358914693197 48.999845123291 50.9928380330404 56.2708875020345 53.5119827270508 56.9603998819987 50.6258150736491 49.146905263265 52.7413940429688 57.1510004679362 51.490790049235 57.7340446472168 54.3931243896484 53.5966781616211 52.3111122131348 49.0064468383789 48.3141713460286 47.5219741821289 54.8891395568848 54.867955271403 62.1054356892904 56.0382128397624 53.2894017537435 57.5042226155599 53.1658721923828 47.1979657491048 53.1451614379883 48.526133219401 49.7970982869466 56.9530176798503 53.8837689717611 55.0694157918294 59.9480934143066 59.0547709147135 54.5967119852702 48.1628606160482
69.9597956339518 71.3262715657552 71.2070307413737 70.8698651631673 67.9688387552897 64.8076548258464 61.9740135192871 65.9695475260417 66.6625180562337 64.2866277058919 61.1743316650391 57.6638926188151 54.8304916381836 54.1286633809408 51.8187235514323 49.8160237630208 48.6084442138672 50.7819213867188 53.4682131449382 52.4239568074544 56.0610799153646 57.8227650960286 55.5352007548014 58.1385459899902 57.4225446065267 53.646605682373 51.1036501566569 57.3859026590983 58.29833984375 53.0216255187988 49.655704498291 48.5074376424154 47.715406036377 47.3240758260091 47.0791580200195 50.0654469807943 53.7767873128255 60.7212849934896 58.3431884765625 49.0586255391439 49.4269788106283 49.6435185750326 54.7570782979329 55.1855270385742 60.4782101949056 56.4162536621094 61.9124277750651 63.1267272949219 62.0364354451497 60.2753189086914 52.0954602559408 48.5964670817057 56.175767771403 51.4225626627604
69.7995974222819 71.3094772338867 71.1184832255046 70.6516583760579 67.9666628519694 67.4716687520345 66.1839500427246 63.4479474385579 65.8301279703776 65.9930847167969 63.7729395548503 62.5282524108887 60.0401560465495 55.5105010986328 51.5811408996582 55.8481753031413 56.2999163309733 54.9952807108561 58.3730565388997 56.9140965779622 57.2782488505046 58.9480567932129 56.5676091512044 58.6941678365072 57.9577713012695 57.4736180623372 52.9690470377604 56.153951772054 57.413324991862 49.4566820780436 50.8427383422852 48.7030166625977 47.7256543477376 47.9066253662109 51.0472763061523 53.2195714314779 54.4417404174805 61.4543553670247 60.1932492574056 51.8092544555664 53.5933334350586 48.5581568400065 52.918012491862 60.6178550720215 61.4776926676432 62.8176691691081 61.7866391499837 52.922617594401 51.49533106486 52.6078290303548 47.0630521138509 59.1717043558757 64.991626739502 65.2312838236491
71.1812566121419 71.1904802958171 70.5485997517904 70.7182520548503 68.0764124552409 67.149745686849 65.4168718973796 62.8615038553874 65.0540687561035 64.8829788208008 65.4388097127279 64.853360748291 62.8923245747884 61.3805086771647 57.3097816467285 57.7953735351563 59.5247016906738 59.6089879353841 59.1388211568197 58.22156346639 58.5565770467122 59.4326240539551 58.7312080383301 60.0087608337402 58.2380266825358 54.872024790446 55.8944905598958 59.1495307922363 54.2784301757813 50.1156061808268 49.3705345153809 48.8109898885091 50.3261258443197 49.0908548990885 54.8878865559896 58.4440635681152 58.6742907206217 63.2778895060221 58.4198165893555 56.675333404541 52.5857897440592 47.7615519205729 49.1403162638346 54.8164571126302 60.1844161987305 62.7123390197754 63.3161056518555 57.349733988444 52.7986925760905 47.8300247192383 50.2260363260905 55.9535181681315 56.4174303690592 65.9890988667806
71.4192583719889 69.8406125386556 69.5442097981771 70.7022613525391 70.2432830810547 67.3497426350911 64.8539899190267 58.7514081319173 57.8042299906413 59.4397672017415 63.7525881449382 63.9369677225749 63.9764643351237 62.4706296284993 56.1368347167969 53.6429209391276 59.0223304748535 59.9493260701497 60.389575958252 59.0264859517415 60.4088221232096 60.7659690856934 61.2745943705241 59.1754432678223 57.9968912760417 55.285034942627 59.3519465128581 58.6069755554199 52.1233861287435 50.9767456054688 54.3349212646484 53.707926940918 51.5560218811035 55.1588030497233 57.5013282775879 55.4729769388835 61.7551239013672 61.7960688273112 59.1663744608561 54.668329111735 49.4594144185384 51.1330164591471 49.0458691914876 49.912440999349 54.0736569722493 57.6144159952799 63.6378728230794 53.0330378214518 50.9529546101888 50.0609275817871 56.5230074564616 59.423127746582 64.2352917989095 66.7835739135742
69.8001594543457 69.8212427775065 69.2977063496908 70.5948931376139 70.313060760498 67.7244837443034 63.8066881815592 64.8097620646159 54.9840766906738 53.0372695922852 60.8026700337728 64.1726659138997 64.070334370931 60.611408996582 55.0175104777018 52.2171002705892 53.1541867574056 58.8478665669759 59.0406855265299 58.2023612976074 60.5197799682617 58.3291236877441 58.6707321166992 61.6391545613607 59.55654296875 59.5799224853516 60.0397651672363 59.4879414876302 59.087196858724 58.4353274027507 51.9982612609863 55.9715296427409 59.1083498636882 59.4350886027018 59.5338226318359 59.5500801086426 62.2815198262533 57.5019515991211 54.3269030253092 55.1024637858073 53.4594584147135 57.739769744873 49.9148852030436 48.7307350158691 48.2231140136719 59.8004224141439 62.6483039855957 62.1360951741536 61.8612317403158 57.888934580485 62.2306770324707 65.3656392415365 64.9890500386556 68.7280535380046
70.2242579142253 69.9224741617839 69.3535186767578 70.4438379923503 70.3041152954102 67.791640218099 65.569891611735 66.3513745625814 59.4210428873698 56.0414540608724 62.1789611816406 64.1388854980469 64.5815226236979 62.9686131795247 59.7669008890788 55.3754994710286 54.0783447265625 54.3169626871745 53.6294085184733 55.8796147664388 59.6372512817383 58.003160349528 59.4730931599935 61.5904284159342 62.6695645650228 60.7972981770833 59.5863721211751 57.6156850179036 51.3761734008789 52.2050114949544 50.8104601542155 52.6020495096842 56.943815612793 56.4057622273763 55.8171684265137 58.5813044230143 62.5990000406901 63.4029635111491 60.245085144043 56.8999254862467 56.869527943929 55.4981595357259 56.5343767801921 53.1988176981608 56.9902069091797 60.8201337178548 65.5542419433594 62.0366434733073 59.4675443013509 62.5945327758789 64.001363881429 65.3259346008301 68.3785982767741 73.5620913187663
69.917972056071 69.6623072306315 69.404221089681 68.9944005330404 70.3604316711426 68.3006451924642 67.740966796875 66.631729888916 61.0972318013509 56.911518351237 64.4704996744792 64.5425938924154 64.4303235371908 63.7465975443522 62.8739934285482 59.9303479512533 56.9009880065918 58.8922055562337 56.1434242248535 59.9217147827148 54.5219823201497 58.6254249572754 59.8150507609049 63.5781354268392 59.783075205485 57.9063112894694 55.4993906656901 52.6021125793457 51.624311319987 56.9550272623698 51.9272346496582 52.6305989583333 51.952357228597 53.7419644673665 51.8383544921875 56.6861935933431 63.4622039794922 61.4927584330241 58.8250681559245 63.1594390869141 59.9561070760091 58.8226300557454 61.0816973368327 61.328564453125 62.0945638020833 57.0041867574056 63.8986312866211 63.7785586039225 60.3584668477376 59.065518951416 59.2568369547526 66.4768384297689 73.8335390726725 73.6209014892578
66.0681887308756 66.0769017537435 69.447230275472 68.9536735534668 70.2131207784017 69.8161509195964 67.5872970581055 64.2844294230143 64.1311393737793 60.7035082499186 62.8416104634603 65.1854583740234 63.7878829956055 62.5160898844401 62.5667739868164 56.7980331420898 59.4459320068359 61.582369740804 60.0006983439128 61.6685259501139 57.6235804239909 58.3679405212402 61.2216552734375 63.9330874125163 61.204370880127 61.3659100850423 59.9328674316406 55.1753827412923 56.8458740234375 60.0028645833333 58.2226582845052 52.9664830525716 56.3460136413574 59.6349227905273 54.4841323852539 54.9389714558919 62.748900604248 64.5627850850423 62.4141342163086 60.1510828653971 60.7216509501139 63.2664647420247 63.4316416422526 63.8784261067708 63.2816390991211 59.0482869466146 64.7449968973796 69.1155156453451 65.8333427429199 56.020058186849 65.8912913004557 73.209322865804 74.0071924845378 68.730465443929
66.8354072570801 68.3495849609375 69.528092956543 69.1091051737467 68.9858385721842 70.1010587056478 68.46710840861 66.8531066894531 65.7482401529948 65.2717493693034 65.6495259602865 64.5640012105306 62.1344342549642 62.9184860229492 62.6630638122559 62.7282890319824 62.1433336893717 62.4036000569661 62.3350980122884 61.1495964050293 58.089170328776 61.0317479451497 62.020081837972 62.1251322428385 61.2028409322103 60.7975697835286 61.7784215291341 60.5866266886393 61.5592989603678 61.2389678955078 58.9991635640462 54.0484672546387 54.472865041097 61.8032961527507 58.9826418558756 59.7950174967448 65.3514155069987 63.2564826965332 62.813924407959 64.227311706543 64.2598907470703 65.0142865498861 64.7025802612305 63.241539255778 63.263053894043 61.1719263712565 57.0555391947428 67.5075833638509 69.0517387390137 66.6700358072917 73.8279436747233 73.7147272745768 71.0358996073405 62.9221600850423
69.7856236775716 69.7548973083496 69.4483085632324 69.3284441630046 68.7193906148275 69.6609268188477 69.7833946228027 68.8898419698079 64.9942006429036 66.2438702901204 66.2537414550781 65.3978220621745 64.6200805664062 63.6562169392904 64.0539655049642 63.7572077433268 63.5920837402344 63.5112930297852 63.6427185058594 63.1871706644694 62.8361099243164 63.9996678670247 63.7427388509115 63.5763313293457 61.7829968770345 60.1192840576172 61.2392105102539 61.510927327474 60.5745829264323 61.3000434875488 61.0474273681641 58.4452857971191 58.8428535461426 62.4326477050781 62.0056274414062 63.3720542907715 66.3761995951335 65.7182792663574 66.2664464314779 66.2915293375651 64.9696782430013 65.9694496154785 64.5238726298014 62.4387346903483 60.1072174072266 57.443369547526 54.6163457234701 63.6708099365234 70.01591796875 72.2808715820313 73.9068791707357 71.4549128214518 60.4145418802897 63.3106249491374
69.5367388407389 69.8274342854818 69.4500330607096 69.3129330952962 68.9507202148438 68.2753918965658 67.9042078653971 69.4488596598307 67.6015375773112 67.0763575236003 66.748139444987 65.7955411275228 64.6178151448568 62.6550333658854 64.2382934570312 62.5765558878581 63.0822471618652 63.3385551452637 63.4905342102051 63.446639251709 60.4651870727539 62.3379135131836 64.8557861328125 63.3471923828125 62.6615432739258 62.6900240580241 62.6276830037435 61.3564119974772 55.6348706563314 55.9038279215495 62.1942573547363 62.8678520202637 62.1088811238607 63.2300127665202 65.6932100931803 67.0531407674154 66.4554018656413 65.784789276123 66.4693735758463 67.8165344238281 66.6579055786133 64.5147171020508 64.9182632446289 63.2632970174154 59.7590339660645 56.5356908162435 64.5891169230143 65.1211306254069 73.662508392334 74.1233553568522 71.9165730794271 65.9394866943359 56.6246213277181 61.2131266276042
69.9700253804525 69.8944109598796 69.5062586466471 69.1103342692057 68.9443819681803 67.1255790710449 68.1155133565267 67.7094645182292 69.3244105021159 68.2662658691406 67.078365834554 66.0394470214844 64.5955342610677 59.0019622802734 63.004419708252 64.1757700602214 62.768329111735 62.7453585306803 62.602773030599 63.3127484639486 59.9718844095866 62.2878845214844 63.7050196329753 64.1080032348633 63.2965761820475 61.4634440104167 63.2740430196126 59.7533785502116 58.6003288269043 55.0547035217285 60.7086474100749 63.2123359680176 65.3221018473307 65.8623166402181 66.9585993448893 63.2134256998698 64.1535474141439 63.0334917704264 63.1272585550944 64.0186292012533 68.8950645446777 65.7983640034993 62.4878484090169 62.043012491862 62.6128344217936 63.9148531595866 65.7361948649089 72.9621892293294 74.1693700154622 73.5133702596029 68.1088437398275 64.957640838623 64.9870788574219 56.1879216512044
70.0515185038249 69.9932558695475 69.0428698221842 69.1236203511556 68.8342582702637 67.2569465637207 67.9533126831055 68.9844034830729 68.7365684509277 69.5474894205729 67.2428726196289 66.2822672526042 64.2465647379557 63.4077275594076 64.8153223673503 65.6161051432292 64.6291104634603 64.2872421264648 64.5907023111979 64.1781400044759 62.9450859069824 62.9954144795736 63.7490674336751 66.3155008951823 63.6918914794922 63.4372360229492 64.4678550720215 63.5252545674642 60.1392735799154 61.7395960489909 59.2240422566732 63.9120981852214 63.057687886556 63.9070284525553 67.3065292358398 64.6234245300293 58.8398157755534 59.3508516947428 60.2641291300456 63.4082862854004 68.2857248942057 68.1331789652507 64.4949450174967 62.4760375976563 65.8235206604004 65.503843943278 73.780660756429 74.4031794230143 74.150558980306 70.3748041788737 67.1819007873535 63.6405553181966 55.7458610534668 54.0173716227214
69.320140838623 69.131911722819 69.5890736897786 69.2608436584473 68.4498107910156 68.2548123677572 68.450882212321 68.00007909139 67.6985567728678 69.1012517293294 68.2496515909831 66.5422841389974 66.1520090738932 63.5056409200033 65.4505872090658 65.5340929667155 66.0311971028646 64.7292961120606 64.4106513977051 65.9589207967122 63.7164271036784 63.0127688090007 64.7815717061361 66.3383211771647 64.5260688781738 63.5700879414876 65.8939483642578 63.4112228393555 59.9104103088379 64.2303354899089 62.834969329834 63.7687759399414 62.5588907877604 66.2896631876628 65.4369354248047 62.3343882242839 62.9516881306966 63.8484753926595 61.5626307169596 61.0445813496908 64.5483029683431 69.8309860229492 67.9437370300293 65.0785792032878 68.2806836446126 72.4939732869466 74.5325668334961 74.1287401835124 69.8077074686686 65.2258761088053 64.233339436849 65.15634765625 55.4888572692871 55.4206649780273
69.37340037028 69.2891176859538 69.1848314921061 69.2810928344727 68.7378557840983 68.9562586466471 69.2708312988281 68.9498151143392 67.9533404032389 68.566721089681 69.0412356058757 66.8478594462077 66.7834950764974 64.8280771891276 65.9642120361328 66.5795178731283 66.5715306599935 65.5613731384277 65.0959983825684 65.8525309244792 65.0062873840332 64.1948890686035 64.0339243570964 64.9619209289551 64.6946258544922 65.6138364156087 66.4067980448405 65.2701108296712 63.0963740030924 63.9285652160645 65.9831578572591 66.2692443847656 65.4810139973958 68.0463203430176 66.6487307230632 66.6451957702637 66.9659863789876 66.3439697265625 63.8019610087077 62.6229207356771 65.1898651123047 67.8400761922201 71.0956581115723 70.99763768514 73.7142735799154 74.7013361612956 74.7820424397786 68.9221857706706 66.8895576477051 66.3056187947591 61.8687952677409 57.0335413614909 57.6429194132487 63.4657684326172
69.604182434082 69.8163436889648 69.3654777526855 69.3076657613119 69.0352948506673 68.9308222452799 69.3091176350911 69.0705703735352 68.0217320760091 68.1714063008626 69.2356824239095 67.5500528971354 66.8891807556152 66.4661346435547 64.4697596232096 65.9375933329264 66.6759256998698 66.4347816467285 66.3509549458822 65.9069806416829 66.3062670389811 65.0618891398112 64.8675440470378 65.7143643697103 66.6178784688314 65.1588450113932 64.0688034057617 65.9725624084473 63.6144020080566 63.0015268961589 64.5656415303548 65.6708429972331 67.4721522013346 67.7990915934245 68.2988070170085 68.2331209818522 65.1723566691081 63.9762201944987 64.6650268554688 64.7536003112793 66.0363355000814 70.8324058532715 70.6254959106445 71.5619799296061 74.6215393066406 74.8125885009766 74.0298848470052 67.2899233500163 63.3884872436523 64.8273002624512 62.1716603597005 57.1683837890625 61.0861267089844 62.2385823567708
69.6823738098145 69.7350896199544 69.4116561889648 69.2468920389811 69.0652537027995 68.9390459696452 68.9035675048828 68.4880434672038 68.1514134724935 68.0457405090332 69.123415629069 68.9647280375163 67.1409573872884 66.7256823221842 65.7232579549154 65.3406575520833 65.8997856140137 66.3796274820964 66.853365834554 65.9776087443034 65.6462613423665 66.5396903991699 67.2887967427572 67.3580909729004 67.1387051900228 66.0781326293945 64.5980089823405 65.7670870463053 64.5135597229004 62.7398963928223 64.045386505127 67.4656234741211 67.3258003234863 67.6055170694987 67.8394378662109 67.9388526916504 65.5896954854329 68.7232083638509 70.6953010559082 70.6628145853678 70.8359163920085 70.8098162333171 69.3316317240397 72.9389368693034 74.9572026570638 74.9007909138997 68.3277254740397 69.585275777181 66.2152043660482 64.1485827128092 61.8721313476562 62.5347320556641 67.2351908365885 65.5993204752604
69.3765642801921 69.4554237365723 69.2882990519206 69.2686075846354 69.1340215047201 68.9668464660645 68.8628011067708 68.2667404174805 68.3070050557454 68.1443323771159 68.5456532796224 69.1598302205404 67.5899909973145 67.1393831888835 66.6526527404785 65.232899983724 65.5672922770182 66.015279897054 66.7392051696777 66.1658686319987 66.7947385152181 66.9982648213704 66.2563657124837 66.0530855814616 66.5199307759603 65.0672012329102 64.5809112548828 64.9444107055664 64.905327351888 66.8181177775065 65.2068771362305 68.4588607788086 67.5985951741536 67.6074556986491 67.9209551493327 65.8358782450358 66.2978886922201 70.5418098449707 67.3061172485352 68.6928024291992 69.9885185241699 70.2437591552734 71.8660758972168 74.7347696940104 74.9134592692057 69.3260627746582 67.5797838846842 63.4105527242025 63.7535789489746 63.1919166564941 63.4073776245117 68.9699440002441 70.6214958190918 70.0869995117187
