ET0/medie/MEDIA_ET0_02.asc
NCOLS 177 
NROWS 174 
XLLCORNER 1436301.375 
YLLCORNER 4916704.5 
CELLSIZE 1500 
NODATA_value -9999 
[rows 72 to 95 of 174, columns 54 to 107 of 177]
23.4917776743571 23.0148834864298 23.0808137257894 23.3235423405965 23.2353871663411 22.9222525278727 23.0780972162882 24.418042755127 25.9102180480957 24.9244585673014 23.0530705769857 22.5530958811442 23.957737604777 24.4330104827881 24.4057369232178 25.6373964945475 25.5257750193278 25.7583507537842 24.8966954549154 23.2479554494222 22.9937328338623 24.1114143371582 24.140716679891 25.20509668986 24.7438667297363 24.6442326863607 24.3808254241943 24.3147394816081 24.6405857086182 24.4661410013835 24.1679286956787 24.3535346984863 24.6025382995605 24.682879892985 24.751317469279 24.9974997202555 24.9978360493978 25.09559618632 24.9606810251872 25.1831878662109 25.1145537058512 25.2107903798421 26.1331827799479 25.7308479309082 25.7783855438232 25.5833077748617 25.8527135213216 25.2496953328451 25.1477155049642 24.8395365397135 25.151106262207 25.1253879547119 25.4233506520589 26.52585105896
23.8335795084635 23.1376847585042 23.2953910827637 23.0521147410075 23.1914753595988 23.5515234629313 23.2469140370687 24.7279563903809 25.5118916829427 25.3263388315837 24.4315563201904 22.4662457148234 22.463668568929 23.6314882914225 23.7905246734619 24.3603977203369 24.0682603200277 23.9358966827393 23.5530239105225 23.4025979359945 22.902629216512 23.6761391957601 23.7870223999023 24.1625938415527 24.6832251230876 23.9192841847738 24.3533610026042 24.410613377889 23.9769369761149 23.9934303283691 24.5974822998047 24.5764745076497 24.8373227437337 25.0122127532959 24.8561842600505 25.0570664723714 25.0876600901286 25.0634003957113 25.1500612894694 25.3184154510498 25.2381177266439 25.3423915863037 25.3451653798421 25.5656640370687 25.822076288859 26.4430704752604 26.4818267822266 25.6826496124268 25.1676657358805 24.9617485046387 25.0805468241374 24.9943021138509 25.7830861409505 26.8609981536865
23.8948458353678 22.7912886937459 22.8197300593058 23.077258682251 23.5706386566162 23.6459172566732 24.3142283121745 23.5026210784912 23.9018838246663 23.4258205413818 23.2266686757406 22.4950118382772 22.4199052174886 22.8241784413656 23.7324055989583 23.9411224365234 23.8073277791341 23.5822218577067 23.1442831675212 23.1128714243571 23.079887898763 23.3017730712891 23.42586962382 23.7262652079264 24.3609066009521 24.3716093699137 23.6861006418864 23.7018435160319 23.7684658050537 24.361673227946 24.6797181447347 25.2945487976074 24.862771097819 25.0009362538656 25.2471918741862 25.0292714436849 25.3363368988037 25.1950578053792 25.2707720438639 25.2447723388672 25.4165337880452 25.4054308573405 25.6833407084147 26.2383211771647 25.7555922190348 25.8775519053141 26.6913853963216 26.1113644917806 25.5148048400879 25.4599440256755 25.4066804250081 25.3165869394938 25.7933906555176 25.7518910725911
23.4352450052897 22.7248208999634 23.3196198145549 23.2324775060018 23.2328056335449 23.7149014790853 23.7804805755615 23.6509473164876 23.6355909983317 23.382735824585 22.764235051473 22.9793191274007 22.4033901850382 24.3766288757324 24.3428690592448 23.3976942698161 23.051587677002 22.9501166025798 23.0016593933105 22.9762646993001 23.0446360270182 23.219776280721 23.3295235951742 24.0960344950358 23.4831520080566 23.4872756958008 23.4426954905192 23.6538762410482 23.9323608398437 24.6608428955078 24.8078666687012 24.8386531829834 24.9496047973633 25.0166098276774 25.0486078898112 24.3291665395101 25.3416643778483 25.2122561136882 25.2813977559408 25.7397917429606 25.4611544291178 25.6104990641276 25.4699778238932 25.4753288269043 25.7305236816406 25.816379292806 26.0205935160319 26.0934276580811 25.4737177530924 25.7483769734701 25.4735530853271 25.5039700826009 26.901419321696 26.5825939178467
23.3025384267171 23.0207396825155 23.1236481984456 23.1413320541382 23.1616326014201 23.7188804626465 23.3755659739176 24.4207951863607 22.9157185872396 22.9097586313883 23.3739116668701 23.0804475148519 22.3981835047404 23.3015164693197 23.2814299265544 23.4117407480876 23.1680648803711 22.7711598714193 22.8334215799967 23.0592185974121 22.933148320516 23.0477659861247 24.3324160257975 23.1654858907064 23.5690385182699 23.8280612945557 23.8638821919759 23.6671279907227 23.7440556844076 24.0588057200114 24.4558987935384 24.345708211263 24.4460556030273 24.5061631520589 24.5475219726562 25.358694712321 25.379341506958 25.3292981465658 25.707007598877 25.41033299764 25.6531641642253 25.6444881439209 26.2175039927165 25.5077818552653 25.6558757781982 26.6502684275309 25.924267578125 26.6058441162109 25.6526655832926 25.745044708252 26.6774959564209 26.8409318288167 27.0713330586751 25.8008731842041
23.4351699193319 22.9475360234578 23.0513228734334 23.2759632746379 23.7246953328451 23.2004103342692 22.9369839350382 22.851381556193 22.6314463297526 22.7104859670003 22.7774079004923 23.0316678365072 22.378271484375 23.1319348653158 22.7019500732422 22.6933237711589 22.5635424296061 22.6095078786214 23.0450794219971 23.1962833404541 22.9943178812663 22.8021157582601 22.891070429484 23.7692438761393 23.7558965047201 23.850848642985 23.8583635965983 23.5172601064046 23.5274261474609 23.9071263631185 24.9067143758138 24.0381629943848 24.1664726257324 24.4885177612305 25.0869626363118 25.2132708231608 25.1139709472656 25.5290725708008 25.2433405558268 25.4496957143148 25.4551540374756 25.9489613850911 25.6854265848796 25.9262826283773 25.5704645792643 26.2654113769531 26.1643280029297 26.0055517832438 25.9661149342855 26.8028845469157 26.7805528004964 26.4593414306641 26.8135884602865 25.5455819447835
23.5469562530518 22.5123414357503 22.8800771077474 22.8482892990112 22.6914103190104 22.9473921457926 22.5954702377319 22.6416203180949 22.3005448023478 22.3449310938517 22.4008604049683 22.4371203104655 22.3734474182129 22.5057616551717 22.4152126312256 22.4960753122966 22.345255279541 22.4179542541504 22.4593777974447 22.3905451456706 22.8762972513835 22.8370777130127 23.3038859049479 23.5104330698649 23.6545186360677 23.6931003570557 23.6214785257975 23.4985708872477 23.4310675303141 23.6258954366048 23.6865280151367 23.9149251302083 24.0156829833984 24.2225933074951 24.6149022420247 25.2800942738851 25.0488034566243 25.5235708872477 24.8705028533936 25.7301728566488 25.7917158762614 25.5751220703125 25.2713288625081 25.3456682840983 25.5021242777506 25.638648223877 26.7140786488851 26.2638544718424 26.2722705841064 26.0240679423014 26.8249528249105 25.9828750610352 25.5870492299398 25.5135672251383
23.295254389445 22.6614765803019 22.6602090835571 22.7266709009806 22.6049318313599 22.5122445424398 22.4593966166178 22.2854179382324 22.2720635732015 22.1740275700887 22.1779982248942 22.2513655344645 22.3311672210693 22.1444042841593 22.1214914321899 22.2057940165202 22.1531248728434 22.2260711669922 22.2553337097168 22.0954120635986 22.4547663370768 22.4647724151611 22.9670785268148 23.1270763397217 23.0823588053385 22.9869453430176 23.0953470865885 23.2071679433187 23.3176587422689 23.8059270222982 23.5275877634684 23.7216648101807 24.3523194630941 24.8547442118327 25.0273080190023 25.3330959320068 24.5809562683105 24.4552391052246 24.5275840759277 24.5337697347005 24.7254071553548 24.8969484965007 25.075436147054 25.2430253346761 25.3972114562988 26.3768507639567 26.0431570688883 26.1342847188314 26.8533098856608 26.9706301371256 26.6498469034831 27.0689453125 27.0542016347249 25.9799355824788
23.2153221130371 22.6738149007161 22.1522185007731 22.1577529271444 22.2030318578084 22.2161699295044 22.2801925023397 22.0750178019206 22.024282391866 22.0942642847697 22.0204874038696 22.0510766347249 22.122339630127 22.107071240743 21.9757320404053 22.0497305552165 22.0190282185872 21.9927921295166 21.9562258402506 22.125129699707 22.2141204833984 22.2866770426432 22.4240144093831 22.5421582539876 22.6706433614095 22.8323935190837 22.9427379608154 23.0879847208659 23.1986938476563 23.2781522115072 23.4180740356445 23.5897527058919 23.9197476704915 24.4360075632731 24.9768586476644 25.1555297851563 24.8623766581217 24.3308069864909 24.4675510406494 25.2383186340332 25.2252143859863 24.8416617075602 25.0209209442139 25.1819616953532 26.474195988973 26.4642531077067 26.6226847330729 26.5477650960286 26.6236437479655 26.0734522501628 26.6102703094482 26.6337823232015 27.0446332295736 27.1660363515218
22.762059211731 22.6670851389567 22.2004686991374 22.2047665278117 22.0241361618042 21.831066830953 21.8296175638835 21.7728858947754 21.7745557785034 21.8085194269816 21.797201983134 21.8922604878743 21.8787337621053 21.8770493825277 21.446985244751 21.8660638809204 21.841123008728 21.8072717030843 21.7363819122314 21.9479092915853 22.2836919148763 22.1011694590251 22.210201772054 22.3691673278809 22.5298961639404 22.6527603149414 22.7673343658447 22.869252649943 23.0418534596761 23.11037012736 23.2851201375326 23.4057125091553 23.5690083821615 23.6914276123047 23.8943141937256 24.160878499349 24.0951207478841 24.1790877024333 24.8106460571289 25.7085749308268 24.7924165089925 24.8697823842367 24.9382340749105 26.0764048258464 26.2776479085286 26.5542551676432 26.7265853881836 26.776056543986 26.7256336212158 26.3148414611816 27.0572540283203 27.1415506998698 26.1418713887533 26.8370957692464
22.7660432179769 22.5533080418905 22.3834284464518 21.7387059529622 21.5197268168132 21.6319225311279 21.523677444458 21.5487622578939 21.5929609934489 21.5731134414673 21.6076210021973 21.6560075759888 21.6908976236979 21.7023294448853 21.7544876098633 21.7212725957235 21.7203501383464 21.5726251602173 21.6509209950765 21.8962067921956 22.0433216094971 21.8954043070475 22.0319679260254 22.1992404937744 22.3337814331055 22.4855824788411 22.6060204823812 22.6937238057454 22.8795101165771 23.0010632832845 23.1176418304443 23.3005411783854 23.4014373779297 23.5191240946452 23.7419625600179 23.9189619700114 23.9678131103516 24.1404425303141 24.4718855539958 24.9311580657959 24.7076169331868 24.8150421142578 25.0085342407227 25.3229270935059 25.8642990112305 25.8857652028402 26.3405512491862 26.0000595092773 26.8034723917643 26.5831830342611 27.0733384450277 26.6624193827311 26.9725816090902 26.2940144856771
22.7836900075277 22.6905914942424 22.6453856150309 21.5067242304484 21.3800518671672 21.3603043874105 21.3616923650106 21.329731241862 21.3428475697835 21.3544551849365 21.3909436543783 21.4086907704671 21.4272848765055 21.4230257034302 21.4492021560669 21.2253526051839 21.5028104146322 21.4571940104167 21.4811202367147 21.5691766738892 21.6691840489705 21.7390907923381 21.874378267924 22.012198638916 22.1280751546224 22.2778324127197 22.4737190246582 22.5930983225505 22.7378481547038 22.8427248636882 22.975289662679 23.0980312347412 23.2347871144613 23.3834924062093 23.5373919169108 23.6691820780436 23.8713554382324 24.0715680440267 24.374271774292 24.9516094207764 24.5725096384684 24.8503651936849 24.9853927612305 25.6575021107992 25.4191337585449 25.5803325653076 25.6545799255371 26.4710196177165 26.8107897440592 26.7302567799886 26.9254884084066 26.2741297403971 27.0310036977132 27.2163500467936
22.6532083511353 22.6633892695109 22.5658034642537 21.8834617614746 21.2152207692464 21.1843112945557 21.1829886754354 21.1657578150431 21.1765045166016 21.1394163767497 21.1842721303304 21.1644197463989 21.18551902771 21.2240212122599 21.2243670781453 21.1667719523112 21.17037525177 21.28301709493 21.2905627568563 21.419552675883 21.5045743942261 21.5705912272135 21.6861406962077 21.8306489308675 21.9850226084391 22.1450176239014 22.3371327718099 22.446657816569 22.576283899943 22.7191656748454 22.8441191355387 22.9520814259847 23.0969217936198 23.2725611368815 23.4191024780273 23.5628353118896 23.7346085866292 23.9516143798828 24.1779424031576 24.7336334228516 24.7318803151449 25.1213353474935 24.9280723571777 25.2984062194824 25.3075463612874 25.3211802164714 25.4141465504964 25.5214421590169 26.654311243693 26.3058361053467 26.4468605041504 26.9655638376872 26.236057027181 27.2833793640137
22.4754994074504 22.478982035319 22.5649760564168 22.3476756413778 21.8243631998698 21.3541929880778 20.9738150278727 20.9801216761271 20.9467485427856 20.9205290476481 20.927956644694 20.9535891850789 21.0248654683431 20.9888673782349 20.9786553064982 21.0216196060181 20.9574735005697 20.9203919092814 21.1083573659261 21.2402323404948 21.3192443847656 21.4017752965291 21.5299955368042 21.6743412653605 21.8224397023519 21.9798637390137 22.1303572336833 22.278258895874 22.4046690622965 22.5456415812174 22.6989226023356 22.8197039286296 22.9399449666341 23.0830799102783 23.2476607004801 23.4516699473063 23.6070145924886 23.754132715861 25.1756838480632 24.3190878550212 24.503275680542 24.6548975626628 24.7349391937256 24.8334122975667 25.0094482421875 25.1084926605225 25.2221552530924 25.3031640370687 25.4760679880778 25.5968196868896 25.9784984588623 26.6425404866536 26.0182959238688 26.0684464772542
22.1440746943156 22.4030396779378 22.4064517339071 22.3074440002441 21.7609591801961 21.3700178782145 20.8411953608195 20.786326789856 20.7970531463623 20.7677724202474 20.7982838312785 20.754097366333 20.7230358759562 20.7734928766886 20.8039339701335 20.8609205881755 20.8884243647257 20.8014322280884 20.9787741978963 21.0930959701538 21.180632909139 21.2513423919678 21.3690054575602 21.5237111409505 21.6789338429769 21.859545135498 21.9877529144287 22.1461367289225 22.2768236796061 22.4128490447998 22.574410756429 22.7254679361979 22.7795438130697 22.9669260660807 23.1671174367269 23.3203557332357 23.4897111256917 23.616747156779 23.7197519938151 24.0614315032959 24.2159767150879 24.3579297383626 24.5460773468018 24.7127072652181 24.800453821818 24.9187084197998 25.0224210103353 25.1292916615804 25.2277197519938 25.3476001739502 26.2156000773112 26.7348724365234 25.8462493896484 25.9392152150472
22.1458267847697 22.2912773768107 22.2178576787313 22.2476144154867 21.6739303588867 20.6940458933512 20.6638241449992 20.6155705769857 20.6000715255737 20.5834985733032 20.5641125361125 20.531151453654 20.5316788355509 20.5694800059001 20.6283048629761 20.7146972020467 20.627485148112 20.6592311223348 20.855983098348 20.954319190979 21.0297439575195 21.1323070526123 21.2708351771037 21.4116234461466 21.53794409434 21.7097199757894 21.859405263265 21.9948432922363 22.1199966430664 22.2650302886963 22.4385547637939 22.5908883412679 22.6877431233724 22.8923023223877 23.0448192596436 23.184902826945 23.3347885131836 23.4586615244548 23.6093334197998 23.7367781321208 23.9455066680908 24.1926325480143 24.3327644348145 24.4993137359619 24.6371897379557 24.757034556071 24.8422234853109 24.976322555542 25.0954390207926 25.2266690572103 25.5360205332438 25.6305185953776 25.6140502929687 25.7897724151611
22.1916606267293 22.0748481114705 22.1381642659505 22.0507233301798 21.2567876180013 20.6339542388916 20.478117497762 20.4741692860921 20.4408627192179 20.4298017501831 20.3805758794149 20.3694962183634 20.4062695821126 20.4367426554362 20.5068209966024 20.5872162501017 20.480509185791 20.5547982533773 20.7451564153035 20.8322807312012 20.9225032170614 21.0159999847412 21.1265665054321 21.2916486740112 21.4217716852824 21.5602935791016 21.7177661895752 21.8674766540527 22.0035163879395 22.1626304626465 22.3219137827555 22.4943897247314 22.6208629608154 22.7312915802002 22.9204048156738 23.0473454793294 23.2025990804036 23.3116545359294 23.4289887746175 23.550997543335 23.7549249013265 23.9903322855632 24.1751471201579 24.3387130737305 24.4745660146077 24.6193552652995 24.720735168457 24.81756884257 24.9395135243734 25.1117088317871 25.341544342041 25.2434448242187 25.2860235850016 27.0530199686686
21.9041395823161 21.8753681818644 21.87872727712 22.0004740397135 21.3262374242147 20.6170633951823 20.3065360387166 20.3049324035645 20.2950226465861 20.3000942230225 20.2489503860474 20.2536430358887 20.2587001800537 20.2993814468384 20.3799620946248 20.4234782536825 20.4857729593913 20.4520281473796 20.5498912811279 20.7311135609945 20.817649714152 20.9287591934204 21.0323390960693 21.1774054845174 21.3158618927002 21.4396511077881 21.6137776692708 21.7589138031006 21.8875859578451 22.047338104248 22.2237269083659 22.3934042612712 22.5225001017253 22.6407649993896 22.8232934315999 22.9319569905599 23.0436515808105 23.1636779785156 23.3278410593669 23.465452448527 23.6767501831055 23.8515308380127 24.0644629160563 24.2070943196615 24.3374407450358 24.4337037404378 24.5588284810384 24.651905186971 24.7954545338949 24.9879169464111 25.1122858683268 25.0753890991211 25.1757511138916 25.403782526652
21.8393102010091 21.7313539505005 21.8620301564535 21.4847407023112 21.0573272705078 20.5485240936279 20.9593017578125 20.1892079671224 20.1681335449219 20.1480037053426 20.1246634165446 20.1024736404419 20.1296559651693 20.1744618097941 20.2394957224528 20.3222730636597 20.2620752970378 20.3937299092611 20.4988384246826 20.6176787058512 20.726642036438 20.8240891774495 20.9438439687093 21.0931062698364 21.2133944193522 21.3428747812907 21.513714726766 21.6542910257975 21.8290835062663 21.9764953613281 22.1480575561523 22.3105349222819 22.4347025553385 22.4884802500407 22.6936840057373 22.8199100494385 22.9496331532796 23.0688385009766 23.1716199239095 23.3446472167969 23.4968903859456 23.6918986002604 23.8886056264242 24.0676813761393 24.1556015014648 24.2890160878499 24.3974020640055 24.5128023783366 24.6271774291992 24.818753306071 24.9255022684733 25.0889386494954 25.1543991088867 25.2284893035889
21.6452989578247 21.7427502950033 21.6225196838379 21.2335211435954 20.491887029012 20.7867046991984 21.1031354904175 20.2130416234334 20.028640683492 20.0295458475749 20.0230880101522 20.028075281779 20.0211636225382 20.077451578776 20.143855603536 20.2020540237427 20.2210760116577 20.3122909545898 20.4628391901652 20.5514231999715 20.6522539774577 20.7645886103312 20.8826510747274 21.0070206324259 21.1413180669149 21.2667375564575 21.4486428578695 21.5918651580811 21.7543806711833 21.9237450917562 22.0798486073812 22.2176148732503 22.3417275746663 22.3625837961833 22.5647075653076 22.7164501190186 22.8158153533936 22.9455565134684 23.0854969024658 23.2290228525798 23.397199122111 23.5722432454427 23.7475323994954 23.872503789266 23.992261505127 24.107817586263 24.2333939870199 24.3154588063558 24.4588569641113 24.6085702260335 24.7214059193929 24.8648292541504 24.9959448496501 25.1159669240316
21.569810740153 21.6753353118896 21.3944206237793 20.776195081075 20.3059759775798 20.635035832723 20.3346169789632 19.9859159469604 19.9656942367554 19.9526343663534 19.9582559585571 19.9666248957316 19.9708494186401 19.9886302312215 20.0555625915527 20.0504150390625 20.1480374018351 20.2405614852905 20.3691516876221 20.4981739044189 20.6049655914307 20.7069181442261 20.8336187362671 20.9530845006307 21.0744554519653 21.2446601867676 21.3694711049398 21.5270764668783 21.693114344279 21.8637221018473 21.9993117014567 22.144278717041 22.248276646932 22.3691018422445 22.355787785848 22.6179578145345 22.7204636891683 22.8466114044189 22.9839749654134 23.1386116027832 23.2924734751383 23.451279703776 23.6095714569092 23.7398171742757 23.8560124715169 23.9367071787516 24.0635096232096 24.1807423909505 24.3084804534912 24.4316483815511 24.5754461924235 24.6767041524251 24.8154822031657 24.9895149230957
21.5206010182699 21.5612162907918 21.0761079152425 20.6171225865682 20.8745134353638 20.0758723576864 19.9336675643921 19.9126201629639 19.9039806365967 19.8823307673136 19.8994418462118 19.9132645924886 19.8944490432739 19.919419670105 19.9311192830404 20.004925664266 20.1201241175334 20.2060749689738 20.2755610148112 20.4578367869059 20.570245997111 20.6717363993327 20.7738618214925 20.9281010945638 21.0740204493205 21.209744644165 21.3535538355509 21.5060450871785 21.6647132873535 21.8095649719238 21.9386118570964 22.0646704355876 22.1904313405355 22.2841365814209 22.2810983022054 22.5247950236003 22.6315183003743 22.7785470326742 22.8992515563965 23.0483773549398 23.1983030954997 23.3299119313558 23.4819110870361 23.602427927653 23.7127082824707 23.8011112213135 23.927668762207 24.0383425394694 24.1870380401611 24.310436630249 24.4288450876872 24.5630130767822 24.7002015431722 24.8564437866211
21.4386346181234 21.5499223709106 20.7432749430339 19.9663513183594 19.9146160125732 19.872541364034 19.8731629053752 19.8583490371704 19.8516607284546 19.8278697331746 19.8256333033244 19.8608710606893 19.8956697463989 19.9057728449504 19.9077257156372 20.0143927892049 20.087434832255 20.1966963450114 20.3057562510173 20.4398333867391 20.5567209879557 20.6652886072795 20.7823389053345 20.8990517298381 21.0457541147868 21.1512697219849 21.3168856302897 21.4781140645345 21.6017777125041 21.7813432057699 21.8997433980306 21.9959162394206 22.1058558146159 22.1879506429036 22.2960478464762 22.3280192057292 22.5634733835856 22.6902501424154 22.8301587422689 22.9629341125488 23.0963122049967 23.2106000264486 23.3295121510824 23.4614635467529 23.5753032684326 23.6863482157389 23.792356745402 23.9373093922933 24.2514765421549 24.2833503723145 24.2396561940511 24.4059679667155 24.559099706014 24.7474945068359
21.4011977513631 21.5208760579427 20.3459189097087 19.9293006896973 19.8975677490234 19.8666883468628 19.8333220799764 19.8196510314941 19.8209484100342 19.8059380849202 19.8132345835368 19.8429159164429 19.8659317016602 19.9029916763306 19.9291678110758 20.0130023956299 20.0921717961629 20.1924605051676 20.3039440155029 20.4357451756795 20.5451242446899 20.6385834376017 20.791982014974 20.8971227645874 21.0381072998047 21.1828531265259 21.3416018803914 21.4916480382284 21.5916269302368 21.7261608759562 21.8331275304159 21.9592801411947 22.0522276560466 22.1231842041016 22.2404858907064 22.2672505696615 22.4349581400553 22.6042574564616 22.741788482666 22.8486989339193 23.0104474385579 23.1327465057373 23.2396883646647 23.3567674001058 23.4693370819092 23.5633594512939 23.6771892547607 23.7729681650798 24.039187113444 24.0981834411621 24.0963799794515 24.255312093099 24.3896601359049 24.5508626302083
