ET0/medie/MEDIA_ET0_02.asc
NCOLS 177 
NROWS 174 
XLLCORNER 1436301.375 
YLLCORNER 4916704.5 
CELLSIZE 1500 
NODATA_value -9999 
[rows 48 to 71 of 174, columns 54 to 107 of 177]
25.7651290893555 27.6703774770101 27.41710840861 24.2373294194539 23.98249168396 26.2527725855509 25.8556960423787 25.7557992299398 25.708332379659 23.991551844279 23.7001911799113 25.2877055486043 25.2073983510335 25.1782203038534 25.5169138590495 24.9315313975016 25.1650521596273 23.1559506098429 25.2237652460734 22.7240571975708 24.7529216766357 25.1157718022664 24.6902150472005 24.0794798533122 25.2381697336833 24.3954215367635 23.6109149297078 23.2773059844971 24.6029843648275 23.8992130915324 23.0774606704712 24.0667888641357 23.2133679707845 23.3460098902384 23.2299747467041 22.4053084691366 23.5440062204997 22.045597966512 20.819251314799 20.3709547042847 22.2201119740804 19.9546977361043 19.7745065053304 19.7477113723755 19.6430995941162 19.4851235707601 20.5415604909261 22.0562277475993 19.7475121815999 19.5885107676188 20.091580581665 19.5255608240763 19.447739092509 20.8453253428141
26.4020978291829 27.7861221313477 27.3162596384684 24.1434160868327 23.8710945129395 24.95828444163 25.8166718800863 25.738002649943 25.5003757476807 25.3465028762817 25.2946654001872 24.4315567016602 23.3656976699829 24.9139118830363 23.9212498982747 24.9287528991699 23.9881340662638 22.957762336731 24.7861321131388 24.8343406041463 24.8223877588908 25.2860655466715 24.9411630630493 24.8010898590088 24.2375721613566 24.2272545496623 24.4507424036662 22.8614785512288 24.17761815389 22.4089378356934 22.0495937347412 23.6643107096354 21.8738603591919 23.2436447143555 22.999289894104 21.7036791483561 23.1149490992228 22.0625835418701 20.9568618774414 20.0882542292277 20.0496131896973 20.2140893936157 19.692650604248 20.1443859100342 20.2600234349569 19.5887334823608 21.892183303833 20.9919757207235 21.1634990056356 19.6576922098796 20.2509182612101 19.5735610326131 20.8215578079224 22.5479551951091
27.6044408162435 27.8504021962484 24.646510442098 24.0257284800212 23.7461146672567 26.0466632207235 26.1077410380046 25.758064142863 25.2420247395833 25.2671829223633 25.2766536076864 25.1336456934611 25.1352373758952 24.795375696818 24.5013100306193 23.7426420847575 24.6614204406738 23.3410718282064 24.4898198445638 25.0565481185913 23.5809395472209 24.6328145345052 24.3709189097087 23.5771953582764 24.1198248545329 22.7550006230672 23.7732159932454 22.024630355835 22.9761843363444 21.890762201945 21.9450105031331 23.1913821538289 20.9868621826172 21.9152783075968 22.6346793492635 21.5561707814534 20.9239866892497 21.2507605870565 21.4431936264038 20.0968783696493 21.0019237518311 21.1196413040161 23.0256999969482 21.1236522674561 19.7046040217082 19.7117310206095 20.6453821818034 19.767031733195 20.1245872497559 19.7586371739705 20.8057862599691 21.2221548080444 21.9427037556966 24.3196182250977
28.448168182373 27.8120360056559 24.1749476750692 24.0181051254272 23.7506826400757 25.827507019043 26.0595483779907 25.5546233495077 25.7574193318685 24.8980829238892 24.6056722005208 24.2813213348389 24.719367535909 24.995015780131 25.0151724497477 24.5820698420207 24.740590985616 23.5313302357992 24.6812644322713 24.8477333704631 24.6825185139974 24.4105492909749 24.659934870402 24.5306435267131 24.1625444412231 24.2830911636353 23.4755142847697 24.0135320027669 23.7387663523356 21.937517674764 21.221768951416 21.0991892496745 20.5301647822062 20.3667436599731 20.17041943868 20.1634606679281 21.8972297668457 23.2528623580933 22.8571207046509 20.9289035161336 21.3965073267619 23.3913214365641 23.1376578648885 20.0316556930542 19.9153624852498 20.4525312423706 20.0396603266398 22.6641621907552 20.8078284581502 20.0614433288574 20.7650361378988 20.7912099202474 23.7306598027547 22.0464904785156
28.0796873728434 24.2946332931519 24.1790089289347 23.9737243016561 23.9234684626261 26.0016729354858 26.1341403961182 25.693879699707 25.368417485555 25.4382886250814 25.2679663340251 25.0891333262126 25.0932189941406 24.6689152399699 24.8642916361491 23.1509039560954 24.7778945287069 24.4822160720825 24.23513768514 23.7041526794434 24.5944679896037 24.5697915395101 22.852014986674 24.2220223108927 22.5588440577189 23.6746564229329 23.4047992070516 23.0068104426066 23.1011845270793 23.4010185877482 22.1874488194784 21.380227915446 22.6211003621419 21.6323849995931 21.7055425008138 20.4815128962199 21.0473297754924 23.1346398671468 23.1525964101156 22.8799662907918 23.3006553649902 23.2551544189453 22.3436695098877 22.4744968414307 20.2226076761882 21.2160194396973 19.8990116755168 23.2690826416016 22.6338870366414 20.8513799667358 22.0952772776286 20.9435499827067 20.9291629155477 20.6850068410238
25.7427205403646 24.4032068888346 24.1655570983887 23.982220586141 26.4411429723104 26.111154238383 24.8413805007935 24.9112707773844 24.9027419408162 25.4672885894775 25.5251916249593 25.0537417093913 24.3998772303263 24.9373191197713 24.7137829462687 23.3171527862549 22.9469789505005 23.2128272374471 23.8274653116862 23.3497027715047 24.2501424153646 22.9863612492879 24.2568324406942 21.678212928772 23.5303124745687 22.9184327443441 23.5746616999308 21.5891170501709 23.5079239527384 21.341860071818 23.1455198287964 23.1293730417887 23.1000307718913 22.2254615783691 21.9151615778605 21.495409711202 23.0105691274007 23.203657023112 22.8206726074219 23.0245981852214 23.0222175598145 23.4288487116496 23.0167426427205 21.3936138788859 22.9515342712402 21.8128821690877 22.0837699890137 24.028218015035 23.2539554595947 23.4821839014689 24.7366379419963 24.5553598403931 23.074520111084 20.76900806427
28.3217714945475 24.3799488067627 24.2087106704712 23.931690343221 26.2130929946899 27.0838489532471 26.6174193064372 24.9591724395752 24.5703684488932 24.8440258661906 25.473677444458 25.3600982666016 24.8120206832886 24.6450448989868 23.9650536219279 23.0825176874797 22.1805459976196 23.7539986292521 24.1802298227946 24.2587571461995 23.1828720728556 21.6010680516561 23.4537164052327 20.3777760823568 21.0537452061971 23.479065322876 23.5579958597819 21.1690373738607 20.4724937438965 23.3782752990723 22.7517243703206 22.0750309626261 21.4231302261353 21.0602310180664 20.9204905192057 22.8525343577067 23.3138860066732 22.527786509196 22.9687533696493 22.2921449661255 22.4139057795207 22.3984798431396 23.5076237360636 23.4755180358887 24.1639806111654 23.8252910614014 24.7374665578206 25.2205418904622 25.1194203694661 24.7796267191569 22.5332907994588 21.3065654754639 23.6128966649373 21.8518495559692
26.5331398646037 24.2542465845744 24.1237564086914 23.8879742940267 26.9535703023275 26.4777473449707 26.7141446431478 26.5161529541016 24.7041567484538 24.3819540659587 24.5113175710042 24.4181447347005 24.6679801940918 24.4743223190308 23.6315427780151 24.1239761988322 23.5842633565267 23.8622724533081 22.301535987854 23.2599408467611 22.5744597752889 20.5759505589803 22.9195402145386 20.3120260238647 21.0572675704956 21.4863580703735 23.851665242513 22.7725720087687 21.6427036921183 22.78634446462 23.3636907577515 22.223072942098 21.3679780960083 21.6867454528809 23.3641302108765 23.6977987289429 23.6155519485474 22.6410143534342 22.9955596288045 23.2891621907552 23.5514181137085 22.0911948521932 23.2399072011312 24.0533013661702 24.3694014231364 24.7333343505859 24.7434010823568 23.1122012456258 22.6793926239014 22.8693487803141 20.9539609909058 24.4538516998291 26.0009709676107 25.9506202061971
24.3104331334432 24.119997215271 24.0123580932617 23.7797441482544 26.2566860198975 27.0788645426432 27.119561513265 26.8035419464111 25.5802923838298 24.5558221817017 23.8691244125366 23.3141871770223 23.2388317743937 23.4614470799764 24.2457000096639 23.8736480077108 22.6061902364095 21.6327993392944 21.9220552444458 22.6620086034139 21.5574178695679 20.5590312321981 20.6918869654338 20.3049765904744 21.0759477615356 23.7543718973796 23.0271416982015 20.5402702331543 23.6926804860433 23.2750703175863 22.7268753051758 22.4388261159261 23.3956289927165 22.7559034347534 23.7237979253133 23.0537317911784 23.0750433603923 23.1330973307292 23.4209547042847 23.8117201487223 23.4377815882365 21.649441464742 22.2895426432292 23.5771993637085 24.2194245656331 24.6725516001383 24.9831503550212 24.1707302093506 23.0789434432983 21.3918011347453 22.0637222925822 23.7926870981852 23.7612532933553 26.2066580454508
24.113802019755 24.3964197158813 24.3826751708984 23.7136487325033 23.485423151652 26.642166519165 27.1465431213379 26.3618117014567 25.8856480916341 25.7558512369792 24.9680299758911 23.8617213567098 22.6872063954671 22.6102761586507 24.2432201385498 23.9431489944458 23.1462224324544 22.205143292745 21.21409034729 22.5455639521281 20.7699729283651 20.6234727859497 20.7281265894572 21.0132071812948 22.3375067392985 23.8090909957886 20.5439638137817 21.2821577707926 23.9470820109049 23.6477289835612 24.1859348297119 24.1201507568359 23.8500431060791 23.7816202799479 23.4750424702962 24.0528047561646 22.7012943903605 22.8953683853149 23.481836382548 23.9111195246379 22.6055956522624 23.1679974238078 22.3437801996867 22.5530377070109 23.5990636825562 24.2179429372152 25.0149063110352 23.2315312067668 22.5896551132202 22.159369023641 24.0620086669922 24.7117762883504 25.8200536727905 26.442095820109
26.1372882843018 27.3965777079264 26.3002995808919 23.5870672225952 23.4674198150635 25.5193008422852 27.3050913492839 26.9628918965658 25.1921159744263 24.3386385599772 25.7500254313151 23.6431999842326 22.6193415959676 24.1568353017171 24.1072884877523 23.4722773234049 23.713375600179 23.269348080953 22.9738774617513 23.6134360631307 21.0526126225789 22.9766387939453 22.4270859400431 20.8837401707967 21.1293107350667 20.9103171666463 20.8137271245321 21.3647046407064 21.9375645319621 22.3637159983317 23.9349240620931 23.8469546000163 22.543594233195 22.6763373057048 22.9815680185954 23.1269251505534 22.9263283411662 23.954916826884 24.1754072825114 24.2017018636068 23.8849253336589 24.2137758890788 22.7017309824626 22.1666000366211 21.8022525787354 24.3517421086629 24.9070837020874 25.0344294865926 25.183922513326 24.551917330424 25.3436804453532 26.0520737965902 26.0086306254069 27.1319334665934
28.000005976359 27.3281597137451 27.5365230560303 23.3711203893026 23.2851451873779 25.5820276260376 27.2044230143229 26.7528355916341 26.4558378855387 25.653732808431 26.0109589894613 24.3278662999471 22.8207391738892 22.9378173828125 24.2041943232218 24.196451886495 24.0231189092 24.2205991744995 24.2808430989583 24.5538256327311 22.7836196263631 23.9615301767985 22.528274790446 20.9958446502686 21.2845184326172 20.8547049840291 21.5418062845866 22.9054309844971 23.4843238194784 23.9108091990153 23.2484914779663 24.0346988042196 23.5716504414876 24.0452972412109 24.3262394587199 23.6257603327433 23.0831195195516 23.4733640034993 23.7854897816976 24.3332621892293 24.4552314122518 24.4160979588826 24.2977032979329 23.746129544576 24.2393974304199 24.6625284830729 25.4101998647054 25.0328116734823 24.9185429255168 25.4006336212158 25.7402640660604 26.0536070505778 26.8503944396973 27.3189860026042
28.501397450765 28.0753676096598 27.2742772420247 23.6761729558309 23.1136763254801 23.697074063619 24.9085824966431 26.1341723124186 26.7281955718994 25.9254075368245 25.772678120931 24.6551935831706 23.2050521214803 22.8954027811686 22.981625811259 24.4955765406291 24.5852268854777 24.2907064437866 24.6666687011719 23.6706866582235 24.7772231419881 23.9743621826172 22.7451019922892 21.4611301422119 22.2423575083415 23.7846301396688 24.4736822764079 24.0332965215047 23.4964115778605 23.6704299290975 23.595613861084 24.0303021748861 23.8105463663737 24.5197923024495 24.0555104573568 24.2627902348836 23.4273239135742 23.701477432251 24.454593149821 23.9456066131592 24.4389465332031 24.5369260787964 24.5166592915853 24.5884779612223 24.7314940134684 24.4987508773804 25.1269788106283 25.2560131072998 25.0135920842489 24.8776335398356 24.8651899337769 26.0828800201416 27.2524265289307 27.3632471720378
28.2807306925456 28.0762382507324 26.8423020680745 26.5251762390137 22.8833121617635 22.7938229242961 24.8523996353149 27.1307830810547 27.0308439890544 26.6167411804199 26.396882502238 23.9298215866089 24.7879220326742 25.0952922821045 24.4444989522298 25.0233252207438 24.7889155069987 23.6580758412679 24.2880533218384 22.6468353907267 24.8943499247233 24.5268926620483 21.7632656733195 21.6540647506714 21.7263207753499 21.4363950093587 22.3573570887248 24.4151522954305 23.7811929066976 22.3917992273966 23.2514252344767 24.1645755132039 24.2901256561279 23.3369129180908 24.7437216440837 24.7803909301758 23.3774309794108 24.0382834116618 23.9331474304199 24.5546400705973 24.4938223520915 24.4039586385091 24.60568262736 24.7552958170573 24.8501394907633 24.8021919886271 25.1209471384684 26.8315282185872 25.6043404897054 24.2128684361776 25.7095973968506 27.098185857137 27.2335824330648 26.8567684173584
28.3331443786621 28.1211616516113 26.7015527089437 27.2321278889974 23.0109866460164 22.6927853266398 22.9345842997233 24.8508107503255 26.8332473754883 26.4712834676107 24.9099329630534 25.7910388946533 26.1703893025716 25.5565086364746 25.1560451507568 24.4153207143148 24.4998249053955 23.7706944783529 22.8348620732625 24.013788541158 24.9541514714559 22.9893375396729 22.0351455688477 21.799496905009 22.5169404347738 22.7722998301188 21.742241859436 22.518396059672 21.8054848988851 22.1101320266724 23.303496615092 24.3970324198405 24.5410609563192 22.9526593526204 24.2565651575724 24.0541111628215 24.1622681935628 23.8508304595947 24.2041102091471 24.3341159820557 24.5377415974935 24.7192774454753 24.7515251159668 24.8308970133464 24.9548704783122 24.9835713068644 24.5383181254069 26.0552588144938 26.8478141784668 25.9194382985433 26.9773038228353 27.1746913909912 27.2165219624837 25.4322647094727
28.3076797485352 27.7009606679281 25.9676392873128 26.9076107025146 25.5020865122477 22.5557273228963 22.5625069936117 22.3191349029541 26.9241129557292 25.6458030700684 24.3163856506348 25.5721928914388 25.7291180928548 25.7433985392253 24.6990942637126 24.2529113133748 23.4967758178711 22.9088384628296 22.5644525527954 22.4316024144491 22.4030473709106 22.195472017924 22.1328252156576 22.0787261962891 22.5958280563354 23.9320357640584 22.952369817098 22.6030991872152 22.9283076604207 22.5239329020182 22.8104814529419 24.0084726333618 24.0771817525228 23.1359197616577 23.602134068807 23.5155930836995 24.4793323516846 24.4049076080322 24.7992275238037 24.9576520284017 24.6926821390788 25.0219254811605 24.8875336964925 24.9653025945028 25.0153352101644 24.8087704340617 24.1366894404093 25.199792544047 27.0589083353678 26.9023952484131 27.0010350545247 27.041849899292 24.8947242736816 25.6089689254761
28.3642859141032 27.3295768737793 25.7641635894775 27.1005485534668 25.1103799184163 26.261270014445 25.509011332194 22.4582057952881 22.6311632792155 24.1514686584473 24.0759169896444 25.2319508870443 26.0385606129964 26.3280620574951 25.2835581461589 25.8452985127767 25.2526766459147 24.1505967458089 23.0309628804525 22.7303453445435 25.0819648742676 23.0207727432251 22.5026769002279 22.3510037740072 22.6852864583333 22.5775245666504 22.4171686808268 23.0734689712524 24.8976746241252 24.7463626225789 22.6028167088826 22.6448610305786 23.2161304473877 23.2591756184896 23.93126856486 24.5236782073975 24.4889460245768 24.4235998789469 24.8383286794027 25.453303527832 25.1367013295492 24.8346008300781 24.9600321451823 25.0851722717285 25.1190682093302 24.7205519358317 25.2091108957926 25.3635482788086 26.6842187245687 26.8888298034668 27.0110808054606 25.6469534556071 24.2373325983683 25.1842926025391
27.8877838134766 26.8314450581868 25.9836629231771 25.0572436014811 26.2642453511556 27.5488520304362 26.3027006785075 24.6360810597738 22.4145479838053 22.4843176523844 23.6611797968547 24.6094543457031 26.1458530426025 26.3273910522461 26.2121023813883 24.9774514516195 25.7914794921875 25.6068092346191 25.3042798360189 24.148771794637 25.7786294301351 24.3474400838216 22.7282890955607 22.6436812082926 22.7671761194865 24.3406190872192 22.6994064331055 24.6562468846639 24.9719219843547 24.9414324442546 23.7506965001424 23.0367606480916 23.5005187352498 23.8511451085409 24.345131556193 23.9981297810872 23.977108891805 24.3840395609538 24.555145517985 24.61535059611 25.9024846394857 24.9033749898275 25.1216054916382 25.2313277562459 25.2083097457886 25.2389565149943 25.3033120473226 26.4230084737142 26.7208080291748 26.7426343282064 26.2077679951986 25.6660254160563 25.6816979090373 23.9847152074178
26.7749036153158 27.2562494913737 24.1780736287435 24.8358472188314 25.7227792104085 27.4993712107341 24.5879224141439 22.5281803131104 22.7315518697103 22.7030085881551 23.3985717773438 24.2327840169271 26.793662516276 26.7387631734212 25.4281144460042 23.4885831832886 23.9112689971924 24.6838668823242 23.5262312571208 23.5004168192546 24.8678176879883 24.5406557718913 23.1892559051514 22.6538775761922 23.1957240422567 23.4106680552165 22.9504438400269 23.0182418823242 24.9748690287272 23.8966014862061 25.166543451945 23.3765956242879 23.8030001322428 23.7695053100586 24.4778868357341 23.8494356791178 25.1177600224813 25.2231180826823 25.1806275685628 24.7340014139811 25.555921681722 25.6356238047282 24.9894961039225 25.245140393575 25.2344771067301 25.1890780131022 26.2580858866374 26.5560834248861 26.6341177622477 26.9978042602539 25.8405490875244 25.3408696492513 23.9261521657308 23.3798355738322
24.8980270385742 24.5435148874919 26.0103187561035 25.816644414266 27.5903743743896 25.1791690826416 23.1032035191854 23.3538257598877 25.5222885131836 22.4549694697062 22.4611559549967 26.1474681854248 24.9738170623779 27.0323337554932 24.9271937052409 24.0586878458659 23.6029030481974 24.674867884318 24.5074592590332 23.3178431193034 24.4591373443604 25.1757294972738 23.1894824345907 22.9391181310018 23.256597773234 23.9818229675293 23.4760665893555 23.76262550354 25.49149462382 23.5563337961833 24.0722988128662 23.9042006174723 24.3937889099121 24.102038192749 23.9515543619792 24.606165822347 24.4574493408203 24.5348645528158 25.0925793965658 25.2288546244303 24.7663913726807 26.0903672536214 25.4813604990641 25.0843589782715 25.771392695109 26.2072392781576 26.3775892893473 26.4409464518229 26.6032717386882 25.458211517334 25.4171020507812 25.4659804026286 23.9128006617228 23.7639671325684
23.8076820373535 24.6235239664714 24.6632204691569 25.4924353281657 24.5747999827067 22.8251094818115 22.5830299377441 22.597850227356 24.5628749847412 22.6409740447998 22.4566181818644 25.2995165506999 24.3114037831624 26.9075453440348 24.2420248667399 23.6893107096354 23.4228026072184 23.7839126586914 24.088400777181 23.6274859746297 23.6284684499105 24.5123419443766 24.5960479736328 23.5586888631185 23.6709166208903 23.5985036214193 23.6691510518392 23.5964706420898 24.6105462392171 24.0532360076904 23.9504015604655 24.058936436971 23.8999960581462 24.3582827250163 24.3117277781169 24.3500602722168 24.5932413736979 24.5442287445068 24.7921028137207 25.049888865153 24.883472442627 25.2981400807699 26.0773971557617 26.2409595489502 26.0342032114665 26.2112272898356 26.2922356923421 26.0402188618978 25.5106177012126 25.5622807820638 25.1413185119629 24.3664562225342 24.3976479848226 25.0664540608724
23.7051188151042 23.6648275375366 23.2126775741577 22.9860990524292 23.0373634974162 22.9348234812419 22.6083474477132 22.5990272521973 24.1509288787842 23.0090092976888 22.5095760345459 23.0146816253662 24.9008051554362 25.0015314737956 27.09307568868 24.1755036671956 23.595260365804 23.8690673828125 23.787243270874 23.8664404551188 23.705690129598 24.0413387298584 24.0104825337728 23.7123933156331 23.5177010854085 23.7745313008626 24.6079610188802 23.9246868133545 24.6401054382324 24.9395776112874 24.2174137115479 24.060099029541 24.4724727630615 24.5884098052979 24.7877140045166 24.8551615397135 24.4172697703044 24.8037508010864 24.7217618306478 24.8179969787598 24.81970799764 25.9437061309814 26.2703681945801 26.2437405904134 25.9870367685954 26.1243055979411 26.1249448140462 25.420504506429 25.3042811075846 25.4212633768717 25.1457804361979 24.406404876709 24.7748191833496 24.9065674463908
23.3335060119629 23.3305858612061 23.0778177897135 23.0632680892944 23.0879731496175 22.9521279017131 22.9473403294881 23.075576210022 24.7964469909668 24.1389706929525 22.5856612523397 22.5896954218547 24.4014531453451 25.7747479756673 26.9108300526937 26.8012395222982 24.6552272796631 24.0410742441813 23.6026341756185 24.0927266438802 24.2564407348633 23.7094127655029 23.1521414438883 23.2052071889242 23.4408111572266 23.9425909678141 24.7725439707438 24.0703051249186 24.5790471394857 25.2031833648682 24.6778948465983 24.4410475413005 24.5426399230957 24.6186959584554 24.7427363077799 24.7871293385824 24.6303726196289 25.0899719238281 25.2377560933431 25.5267807006836 25.7541786193848 26.0609394073486 25.7920742034912 25.9436686197917 25.9138102213542 25.9461481730143 25.5705148061117 26.1326895395915 25.4489960988363 25.3160577138265 25.1270992279053 24.9110986709595 25.4279685974121 25.1570137659709
24.0993817647298 23.3071892420451 23.2553801218669 23.0216328938802 22.9632349650065 22.9699423472087 22.9697297414144 23.738739267985 25.2853950500488 24.6931476593018 22.7857089360555 22.5777290344238 23.5280625661214 24.6648026784261 25.1289398193359 27.1798763275146 26.8529727935791 25.3742876688639 24.0678628285726 24.3061710357666 23.9376823425293 23.6577788035075 24.1435484568278 24.0634064992269 24.0602422078451 24.7223180135091 25.1244861602783 24.7867165883382 24.7383888244629 24.2609124501546 24.5298427581787 24.1964609781901 24.6288294474284 24.6770796457926 24.7631965637207 24.6758516947428 24.585657119751 25.0656272888184 24.8955039978027 25.2648454030355 25.7541166941325 25.9544129689535 26.050482304891 25.777437210083 25.8592137654622 25.7538112640381 25.4065284729004 25.2502549489339 25.2340885162354 25.2204627990723 25.1735596974691 25.7884670257568 26.4868108113607 26.2283498128255
