ET0/medie/MEDIA_ET0_11.asc
NCOLS 177 
NROWS 174 
XLLCORNER 1436301.375 
YLLCORNER 4916704.5 
CELLSIZE 1500 
NODATA_value -9999 
[rows 96 to 119 of 174, columns 54 to 107 of 177]
11.2401524225871 11.1699857711792 10.3328520774841 9.90377372105916 9.88078872362773 9.85166296958923 9.83485573132833 9.82556851704915 9.7897394657135 9.79833265940348 9.79357050259908 9.78211536407471 9.78602809906006 9.76891558965047 9.80573453903198 9.87798763910929 9.93466116587321 10.0143135388692 10.0955121358236 10.1770475387573 10.2825395584106 10.3745115280151 10.5103187561035 10.619898223877 10.7700548171997 10.9189143180847 11.0751585642497 11.228432782491 11.3707989056905 11.5256867090861 11.705770111084 11.8602011680603 11.9965518633525 12.1931082089742 12.3317350387573 12.4116138458252 12.6460319201152 12.8279792149862 12.9975749651591 13.1636748313904 13.3227413813273 13.4578742663066 13.5948595364889 13.7634677886963 13.913136100769 14.0751576105754 14.1945373535156 14.3145598729451 14.4504270553589 14.5833595275879 14.7302122751872 14.8498421986898 15.0071435928345 15.1492644627889
10.7732446988424 10.7888873736064 10.4391841729482 9.85216975212097 9.82117624282837 9.79229458173116 9.77014347712199 9.77916119893392 9.74421321551005 9.74996563593547 9.75805122057597 9.76846733093262 9.76457832654317 9.7340664545695 9.78615315755208 9.84377447764079 9.91596021652222 9.97016277313232 10.0639489173889 10.1564831097921 10.2648240089417 10.365299987793 10.4651491483053 10.5827904701233 10.7188283284505 10.870761458079 10.9859044710795 11.1253218968709 11.2944684664408 11.4478315671285 11.6134300549825 11.7648694992065 11.9050070126851 12.0846231778463 12.2325717290243 12.3219109535217 12.5035878499349 12.7073948224386 12.8794978141785 13.0206474622091 13.2124588648478 13.2914104143778 13.4405585606893 13.5882069587708 13.7397046407064 13.8640425364176 14.0011706034342 14.1246967315674 14.2680564880371 14.3840539932251 14.5375453948975 14.6458505630493 14.8154295603434 14.9360389709473
9.99835556348165 9.9220044930776 10.1378042538961 10.0982296943665 9.79087371826172 9.73997484842936 9.73750519752502 9.72792236010234 9.70769972801208 9.74181315104167 9.73949317932129 9.7707026163737 9.77087513605754 9.73499175707499 9.77711324691773 9.85134073893229 9.92444985707601 9.96834850311279 10.0571801185608 10.1423854509989 10.2490961392721 10.3410937309265 10.4519148826599 10.523650487264 10.6436282475789 10.7796415964762 10.9200193723043 11.0621120770772 11.2293826421102 11.3749743143717 11.5384474118551 11.6985952377319 11.8405990918477 11.974035358429 12.1317316055298 12.201619275411 12.3972244580587 12.5997043291728 12.7414469401042 12.8825572649638 13.0495178858439 13.1511821111043 13.2505637486776 13.412317498525 13.5763454755147 13.6922329584757 13.7883922576904 13.9107173283895 14.0509460449219 14.1857142766317 14.3202360788981 14.4453104019165 14.5996364593506 14.7152833938599
9.96995731989543 9.90875585873922 10.0746282895406 9.80461150805155 9.77195893923442 9.75796162287394 9.73363064130147 9.72247165044149 9.73138081232707 9.74250510533651 9.73465924263001 9.76046676635742 9.70194915135701 9.75541753768921 9.79616254170736 9.86307862599691 9.93245379130046 9.98691562016805 10.0606911023458 10.1628270467122 10.2135654449463 10.3084593137105 10.436030292511 10.5282698631287 10.6377139091492 10.7643006960551 10.8790424029032 11.0305723508199 11.1849305152893 11.3392782529195 11.5565259297689 11.6999462127686 11.7543939272563 11.8870244344076 12.0679898579915 12.1251726786296 12.3231884320577 12.4967352549235 12.623553498586 12.7723107973735 12.9059223175049 13.0307362556458 13.1296306610107 13.2768992424011 13.4202525456746 13.5307303746541 13.6320114771525 13.723372332255 13.8595552762349 14.0126488367716 14.1111389795939 14.250080871582 14.3772748947144 14.4730174382528
9.95287607510885 9.8893967628479 9.83623073895772 9.80307954152425 9.77565301259359 9.7354145526886 9.71678600311279 9.72701373100281 9.71474843025208 9.73749985694885 9.7520432472229 9.75904604593913 9.72597109476725 9.77054379781087 9.82984628677368 9.88697675069173 9.95292622248332 10.0013840675354 10.0675196011861 10.1953917503357 10.2390884717306 10.3362026850382 10.4385984738668 10.5367019971212 10.6452248891195 10.7746596972148 10.8750979423523 11.0064507166545 11.1500076293945 11.3061856905619 11.5267319361369 11.6351452509562 11.692630926768 11.844980653127 11.9565052032471 12.0319041570028 12.2491716384888 12.3963001251221 12.5237437884013 12.6475537935893 12.8008644104004 12.920681254069 13.0024748802185 13.1043402036031 13.220583375295 13.3550402641296 13.477201684316 13.5806816101074 13.6936903317769 13.8162664095561 13.9177379608154 14.0581039428711 14.1725267410278 14.2559281667074
9.926327308019 9.89295150438945 9.82781190872192 9.80158149401347 9.78051439921061 9.75326660474141 9.72908078829447 9.72563565572103 9.73390398025513 9.76060392061869 9.7707624912262 9.78828638394674 9.77067588170369 9.81345672607422 9.87168219884237 9.9205940246582 9.96226237614949 10.0357854525248 10.0867848714193 10.2023252169291 10.2989007949829 10.3844972610474 10.4708113670349 10.5534907023112 10.657069905599 10.7586092313131 10.8814065933228 11.0224538167318 11.122367699941 11.275658194224 11.4162933031718 11.5750311215719 11.6576440175374 11.7877056439718 11.8550313949585 11.9840135892232 12.1505774497986 12.2944887797038 12.4148518562317 12.541965230306 12.6674085299174 12.7921710650126 12.921740881602 12.9819916089376 13.1166698455811 13.2219337145487 13.3144169807434 13.4315842310588 13.5368593851725 13.6507364908854 13.7558732668559 13.8740011533101 13.9785069783529 14.0385398864746
9.928196032842 9.86753298441569 9.8445346514384 9.81964241663615 9.79395060539246 9.75481100082397 9.74580984115601 9.76850088437398 9.77601826985677 9.78128309249878 9.81202831268311 9.85093431472778 9.86504360834757 9.83449970881144 9.88771988550822 9.97089837392171 10.0271363894145 10.0785586039225 10.1484988530477 10.211355304718 10.3258118311564 10.4534350395203 10.4528210639954 10.5617708524068 10.6893744150798 10.7654954274495 10.8981373469035 11.0117264111837 11.1476747512817 11.2601853688558 11.3690175056458 11.5333260854085 11.6272048632304 11.7567454020182 11.7846366882324 11.9205328305562 12.0841950098674 12.2104482650757 12.3350391070048 12.4238438288371 12.5357116699219 12.6666112263997 12.7860308329264 12.8780289967855 12.959525458018 13.1010301907857 13.2055104573568 13.3193957964579 13.3929268201192 13.4976507504781 13.5889581680298 13.6827898661296 13.7862570444743 13.8254585584005
9.93869676589966 9.86746389071147 9.83603884379069 9.82852818171183 9.8133069674174 9.80901958147685 9.77872179349263 9.80131068229675 9.81513172785441 9.82342688242594 9.8660829226176 9.90294106801351 9.90934298833211 9.88547290166219 9.94431943893433 10.0270359992981 10.0730415980021 10.1281673431396 10.1971345583598 10.2723492304484 10.3580882072449 10.4776320139567 10.5653569539388 10.6374455451965 10.7052800178528 10.7965834299723 10.8862077713013 11.0063002586365 11.1178210894267 11.2373181978861 11.3676362037659 11.4944930712382 11.6018719355265 11.7052414258321 11.7733441670736 11.8382071812948 12.0030477523804 12.1417898813883 12.2408044497172 12.3671320597331 12.4361289024353 12.5547064781189 12.6851177215576 12.7813518206278 12.8628323237101 12.9675690333048 13.0552121480306 13.1750731468201 13.2777611732483 13.3519653956095 13.4550848960876 13.5197078704834 13.614256477356 13.6819360097249
9.92503903706868 9.91127549807231 9.88058563868205 9.84647173881531 9.86012487411499 9.84960265159607 9.82681897481283 9.80481990178426 9.85845832824707 9.87118984858195 9.91098992029826 9.94459311167399 9.99156322479248 10.0327232678731 10.0087148666382 10.0640270551046 10.1197348276774 10.1828728040059 10.257194964091 10.2965429941813 10.4252802848816 10.5513550758362 10.6223526636759 10.6776270230611 10.7792726198832 10.790850575765 10.9276013374329 11.040272808075 11.1334961573283 11.2408456802368 11.345325088501 11.4533005396525 11.5687078475952 11.6742398579915 11.7937898953756 11.8645673116048 11.9122255007426 11.9787574132284 12.1850142161051 12.2934950828552 12.3957342147827 12.4680477460225 12.608368174235 12.6685307184855 12.7667594591777 12.8598684628805 12.9485037167867 13.073752117157 13.1446579297384 13.2472372690837 13.2953356424967 13.397227191925 13.4638177871704 13.4997476259867
9.93704586029053 9.95287834803263 9.93697086970011 9.90344168345134 9.88809585571289 9.88147961298625 9.88485733668009 9.87681887944539 9.91292587916056 9.94927946726481 9.98174915313721 10.0008834838867 10.0596703529358 10.1027831713359 10.0701464017232 10.1153153101603 10.1745950698853 10.2502840677897 10.3187522570292 10.3740905443827 10.4589988072713 10.5867128690084 10.674013710022 10.7475017547607 10.8372541427612 10.8949151992798 10.9657885869344 11.066230169932 11.16127354304 11.2676823298136 11.3707511266073 11.4703330039978 11.5813627243042 11.7115485827128 11.7954272588094 11.8912363052368 11.9462213198344 12.0045869509379 12.0400429407756 12.1366060574849 12.2933397293091 12.3843917210897 12.5159955024719 12.6095970789591 12.6765161832174 12.7516945838928 12.8422646204631 12.9524723688761 13.0223656018575 13.0925667762756 13.1906922022502 13.2001928965251 13.3088329633077 13.3901450475057
9.99155995051066 9.97615880966186 9.9545664469401 9.96615012486776 9.95062001546224 9.93769989013672 9.93548564910889 9.95251916249593 9.95437170664469 10.0136660257975 10.0716151555379 10.1128176053365 10.1544536908468 10.1685799598694 10.2151127497355 10.2046104113261 10.2586135864258 10.3044976870219 10.3933331489563 10.4403065363566 10.4910451571147 10.5449736913045 10.7072445551554 10.782372601827 10.8702503204346 10.9482660929362 10.9786423683167 11.0955762545268 11.1843046824137 11.2868086496989 11.3920724868774 11.4793623924255 11.6001771608988 11.6999102592468 11.7825389226278 11.8582135836283 11.9420912742615 12.0422724405924 12.0929738998413 12.108594640096 12.1429186820984 12.2538368860881 12.4031120618184 12.5090221405029 12.5899271329244 12.6731384595235 12.7689499855042 12.8414565086365 12.9302233695984 13.0039681752523 13.0641156832377 13.0475353240967 13.1517729123433 13.2393369674683
10.0481843948364 10.0023348490397 10.0164080619812 10.019780476888 9.99050296147664 10.0229721069336 10.0112588246663 10.0555622418722 10.0717299779256 10.1097382863363 10.1580181121826 10.2232963879903 10.2525756518046 10.2750289916992 10.311027654012 10.3336933771769 10.3889712969462 10.452960173289 10.4403870264689 10.5069275538127 10.5442831039429 10.602125453949 10.6585842132568 10.7391274770101 10.8240322113037 10.981981976827 11.0275051434835 11.1355185190837 11.1845209757487 11.2840956687927 11.425633207957 11.5208996772766 11.6239727020264 11.7282644907633 11.8097935994466 11.8768582661947 11.9388545036316 12.0371381123861 12.0825939496358 12.1520656267802 12.2278746287028 12.2756134033203 12.3573535919189 12.4065000534058 12.4601956049601 12.5714469909668 12.6505149841309 12.73342405955 12.8046382586161 12.8965929985046 12.9265393575033 12.9575682957967 13.0502236048381 13.1186856587728
10.0720738728841 10.0685850779215 10.0502477010091 10.0745809555054 10.0840717951457 10.0965477307638 10.0855973243713 10.1144799232483 10.1592055956523 10.2133943875631 10.2246937433879 10.2867788950602 10.3399115562439 10.3708260218302 10.4012099266052 10.42366065979 10.4771459261576 10.5207715352376 10.5764959335327 10.5850436846415 10.63662109375 10.6761012395223 10.7162840525309 10.7861889839172 10.8577470779419 10.9384606043498 11.0815013249715 11.2060019493103 11.2551875114441 11.3375546455383 11.4160132090251 11.5031318982442 11.6698473930359 11.7492685000102 11.808073202769 11.8809471448263 11.939146010081 12.0005540211995 12.0556714375814 12.1419925371806 12.1942018826803 12.2489809989929 12.1899703661601 12.2355328877767 12.335871664683 12.4583832422892 12.5695549647013 12.6378075281779 12.7041189193726 12.7910284996033 12.825311978658 12.8917385737101 12.9299959818522 13.0243042310079
10.1498369216919 10.1204244295756 10.1238691965739 10.130269018809 10.1635261535645 10.1587110201518 10.1841173489889 10.2132339795431 10.2667560577393 10.2680856068929 10.3151556015015 10.3621232668559 10.4076320966085 10.4348781267802 10.5003245035807 10.541193707784 10.5593611081441 10.6052749315898 10.6587737719218 10.7199917475382 10.7766809463501 10.7827994982402 10.7978382110596 10.8697414080302 10.9092996279399 10.9854265213013 11.0826019287109 11.251281897227 11.3553757667542 11.3762772242228 11.4655135154724 11.5653616905212 11.7738406181335 11.7672718048096 11.8066721280416 11.873739306132 11.9367681821187 11.9927554448446 12.0446598688761 12.152977403005 12.1659641901652 12.2022793769836 12.2647577285767 12.3203042984009 12.3493281682332 12.3911741892497 12.4570441563924 12.5345986366272 12.6333066940308 12.7074029604594 12.7595737139384 12.7737228393555 12.8417525291443 12.9355129877726
10.1672157923381 10.1767009417216 10.2083424886068 10.1882743517558 10.2332146962484 10.259370136261 10.2896142959595 10.2946257273356 10.3336675961812 10.3772326787313 10.3719949404399 10.4298388163249 10.4804890314738 10.5304891268412 10.5774313926697 10.5992749214172 10.6578059514364 10.6915403048197 10.7686845779419 10.8127047220866 10.866862487793 10.9145021120707 10.9037326176961 10.9701821327209 10.9897193272909 11.0499375025431 11.1552467346191 11.2417295138041 11.4154935201009 11.5140599250793 11.5435551643372 11.5749240557353 11.7389143308004 11.7977204322815 11.8372980753581 11.8932320276896 11.9367174784342 12.0024420420329 12.0602456410726 12.1313972473145 12.1480234146118 12.2048451423645 12.2416564623515 12.296911462148 12.3541453361511 12.4024309794108 12.4610312779744 12.4319305419922 12.5092507998149 12.5650748888652 12.6896586736043 12.7318121274312 12.7269464810689 12.8221426645915
10.2504546483358 10.2766098022461 10.2990764935811 10.2940595944722 10.3054537455241 10.2936794598897 10.3403953234355 10.3842642784119 10.4225864728292 10.4367477099101 10.434835211436 10.4783904711405 10.5529542605082 10.5996387481689 10.6503382364909 10.7095413843791 10.7487935066223 10.8018124898275 10.8477808952332 10.9027860323588 10.9648276646932 11.029820505778 11.0831286112467 11.1259800593058 11.1130393028259 11.1714357058207 11.2501290003459 11.3292576154073 11.4280952135722 11.5564681371053 11.6395230611165 11.6747370084127 11.7113277117411 11.8415888468424 11.8931186358134 11.9316191673279 11.9646226247152 12.0226917266846 12.0629192352295 12.1285751660665 12.1589423179626 12.1929581642151 12.2362929344177 12.2671332677205 12.321043586731 12.3743096351624 12.4229793866475 12.4680830001831 12.4768392880758 12.5136530240377 12.5710044225057 12.5802815437317 12.7314772923787 12.7247704823812
10.3161555290222 10.3163908640544 10.3778449376424 10.3965579986572 10.3989227612813 10.3883183161418 10.4331272125244 10.4772377649943 10.5222851117452 10.5416719754537 10.5768005371094 10.6017410914103 10.6538778940837 10.6957310040792 10.7725803693136 10.7995954195658 10.8477605183919 10.9103368441264 10.960827700297 11.0281403541565 11.0799575805664 11.1324381510417 11.1742992719014 11.2251537958781 11.2016330718994 11.2670125325521 11.3295740763346 11.3911392847697 11.472544670105 11.6114270846049 11.6709250768026 11.7179035504659 11.7910597483317 11.8686483065287 11.9304752031962 11.9892434120178 12.0434496243795 12.0714070638021 12.1056305249532 12.1893962860107 12.2002361615499 12.2207231203715 12.2378954569499 12.2779973347982 12.3065479596456 12.3434911727905 12.4128025690715 12.4615301767985 12.502676709493 12.5604544321696 12.569851843516 12.6203833897909 12.6205988566081 12.6601839701335
10.3859051704407 10.4181190808614 10.451535320282 10.4864309628805 10.4927009900411 10.5128124872843 10.5386820793152 10.5717896779378 10.6090503374736 10.6691081682841 10.7245995203654 10.7442542711894 10.7726035118103 10.813480536143 10.8637880007426 10.9045794169108 10.9971428871155 11.0461655298869 11.0753028233846 11.1319893836975 11.1907564798991 11.228174273173 11.281671555837 11.3304904619853 11.3917816797892 11.4656701723735 11.4846600850423 11.4881533940633 11.535777314504 11.58468653361 11.7156558672587 11.7733839035034 11.8890528043111 11.9213642756144 11.973112265269 12.045877011617 12.0803301811218 12.1171804745992 12.1521509806315 12.1851837476095 12.1974864323934 12.2202305793762 12.2484185218811 12.2767772356669 12.3248233159383 12.3587397257487 12.4212619781494 12.4547220547994 12.4963534673055 12.5518709182739 12.6264461835225 12.6374408404032 12.6530433019002 12.6882500012716
10.49519627889 10.5146806716919 10.5097684224447 10.5448029200236 10.5454906145732 10.5632036209106 10.6298164367676 10.6779030164083 10.7227672259013 10.8123880704244 10.897683874766 11.0328638076782 10.9271732966105 10.9337152798971 10.9601981798808 11.0525266329447 11.1137069384257 11.136737092336 11.2164381980896 11.269914150238 11.324654229482 11.359964021047 11.4209395090739 11.4674393335978 11.5276428540548 11.597019926707 11.6060667037964 11.6322945276896 11.6457489967346 11.6940661112467 11.7870727856954 11.8479614257812 11.955220635732 11.9773059527079 12.0128799120585 12.1094665845235 12.1474100112915 12.1625487327576 12.2119358062744 12.2257351239522 12.2494253794352 12.2810883839925 12.3014225641886 12.342991065979 12.3579238891602 12.3689895947774 12.3986470858256 12.449047088623 12.5079428354899 12.5591313362122 12.6125754356384 12.6591148376465 12.6655316670736 12.7244778951009
10.5892307281494 10.6038731257121 10.6210568110148 10.6614515304565 10.6778294563293 10.6941938400269 10.7294960657756 10.7902127583822 10.8792648951213 10.9265229860942 10.9970357259115 11.1528565088908 11.2596396446228 11.1239144007365 11.0824181874593 11.1790051460266 11.2483879089355 11.3031891504924 11.3391584396362 11.4142784118652 11.4719539006551 11.4810473442078 11.537229792277 11.5931230862935 11.6561250050863 11.7218148867289 11.7357313474019 11.7796233177185 11.7663724899292 11.8068681716919 11.8928693135579 11.9502348264058 12.0301183700562 12.1011747678121 12.1041613896688 12.1765880266825 12.2367599169413 12.2638127644857 12.2914263407389 12.266500155131 12.3049398422241 12.3338658332825 12.356939125061 12.3799777348836 12.4122535705566 12.4198235829671 12.4509726842244 12.4883825302124 12.544625822703 12.5851623853048 12.6544935862223 12.6504914601644 12.6987075487773 12.7177592595418
10.6498196601868 10.7278524080912 10.757036113739 10.7867228507996 10.8196577390035 10.8536159833272 10.885125541687 10.9158353487651 10.992550945282 11.0052937189738 11.0950827598572 11.1544892628988 11.2125160217285 11.5800741831462 11.8509199460347 11.367042128245 11.3388476371765 11.4373450279236 11.4675607045492 11.5432326952616 11.5971463521322 11.6364291826884 11.6769393285116 11.7358401616414 11.8099838574727 11.8389780680339 11.8796057383219 11.9219855944316 11.9452285130819 11.9143784205119 11.966269938151 12.050254535675 12.1411876678467 12.2174105326335 12.2265487670898 12.2387435277303 12.3036371548971 12.3157466252645 12.3602264722188 12.3633007685343 12.359729385376 12.3910859425863 12.4147064526876 12.4270165125529 12.4413643519084 12.4496033668518 12.4840151468913 12.5327251116435 12.5844801902771 12.6245278040568 12.6405678749084 12.6822744687398 12.7417604764303 12.7353507995605
10.8011541048686 10.8500421524048 10.8835907618205 10.9294548034668 10.9770668347677 11.016609287262 11.0612048784892 11.087588596344 11.1379555066427 11.16811987559 11.2217151959737 11.2798214276632 11.2327094395955 11.3565784136454 11.4116936365763 11.4534050305684 11.5093210220337 11.4991884549459 11.5669360796611 11.5697712262472 11.7269325892131 11.7683993021647 11.822389125824 11.8585391998291 11.9298943519592 11.9875925381978 12.0171833356222 12.0825044631958 12.1181778907776 12.1768561681112 12.1177776654561 12.1578239440918 12.2114782333374 12.2322384198507 12.2648814201355 12.3122562408447 12.3366506576538 12.4166811943054 12.4129481951396 12.4531792640686 12.471812025706 12.4806728045146 12.5045188903809 12.5048301378886 12.5198873519897 12.5428649266561 12.5707533836365 12.6174317042033 12.6278663953145 12.6713112513224 12.7004718144735 12.7230165163676 12.7317360242208 12.7648693402608
10.8768262227376 10.9128935178121 10.9709926923116 11.0795788447062 11.149466641744 11.1400142351786 11.1900859196981 11.2996017138163 11.2965127309163 11.3088571866353 11.3487478256226 11.3612833023071 11.4039021174113 11.5089252154032 11.4979332288106 11.5311679840088 11.5665154139201 11.6091309229533 11.6642552693685 11.7220043818156 11.877629216512 11.9322140057882 11.9612518628438 11.9592831929525 12.0887151082357 12.1170840581258 12.1746137619019 12.2104243914286 12.2532875378927 12.3131277084351 12.346316687266 12.3276793162028 12.3249088605245 12.3815642356873 12.4341144561768 12.4488772710164 12.4589244206746 12.4671007156372 12.4821955045064 12.5074995676676 12.4823391914368 12.6910742123922 12.7686234792074 12.6923635482788 12.612894376119 12.597385374705 12.6364590009054 12.6842855453491 12.7200591723124 12.7415282567342 12.7590681393941 12.7773214658101 12.7511998494466 12.8096461613973
11.0490569114685 11.0863875389099 11.1407375971476 11.204602209727 11.2596253077189 11.332674185435 11.3800013224284 11.4356979052226 11.48065366745 11.5124280293783 11.5621293067932 11.6036387125651 11.631501642863 11.6698877016703 11.6834321022034 11.7118342717489 11.7575307846069 11.7886951128642 11.8643279075623 11.9027581850688 11.9503525416056 11.9887845039368 12.0454475084941 12.1182435671488 12.1804370880127 12.1986943244934 12.2950842857361 12.340985584259 12.3710597038269 12.3925528208415 12.4723412831624 12.5306527455648 12.5591421763102 12.5410755793254 12.563076877594 12.5875387191772 12.5842867215474 12.5852074940999 12.628701432546 12.6417524973551 12.6358898480733 12.735818195343 12.8150819778442 12.7327712694804 12.711300945282 12.7100396474202 12.7455536524455 12.7778140703837 12.8085224151611 12.8148812294006 12.8312347730001 12.8180342356364 12.8384256362915 12.8644061088562
