ET0/medie/MEDIA_ET0_10.asc
NCOLS 177 
NROWS 174 
XLLCORNER 1436301.375 
YLLCORNER 4916704.5 
CELLSIZE 1500 
NODATA_value -9999 
[rows 48 to 71 of 174, columns 54 to 107 of 177]
37.8174743652344 39.4765982309977 38.1974927266439 37.669554011027 37.3435606638591 37.1066702524821 37.1430180867513 37.0969918568929 36.9899806976318 35.339405186971 35.2734573364258 35.5566650390625 35.3167107899984 35.0528564453125 35.1799559275309 34.6686189015706 34.5684033711751 32.6007853190104 34.4785803476969 32.1929718017578 33.9632601420085 34.1099592844645 33.9498695373535 33.7435892740885 34.1954990386963 34.0883734385173 33.334469350179 33.1363311767578 34.030286916097 33.3657725016276 32.9154046376546 33.7112074534098 32.6789129892985 32.5972241719564 32.2616931915283 31.4867668151855 33.5137004852295 31.0575542449951 30.7161610921224 30.5154975891113 31.3634969075521 31.257083384196 31.308293279012 31.3547182718913 31.4242065429688 31.1066097259521 30.3001136779785 32.2970502217611 29.8280497233073 30.2892603556315 29.8846917470296 30.7324690500895 29.7257186889648 30.777286529541
38.3636377970378 39.6284267425537 38.2280251820882 37.540248743693 37.250900777181 36.431255086263 36.4646251678467 36.9088595072428 36.6676456451416 36.2439990997314 35.7810148874919 35.0393035888672 35.005915705363 34.9333273569743 34.5721466064453 34.4111913045247 33.8232237497965 32.586069615682 34.1368970235189 33.9386316935221 34.0037844340007 34.0494651794434 33.8953564961751 33.7445407867432 33.5945526123047 33.5013281504313 33.6806128184001 33.1254108428955 33.7480857849121 32.8005756378174 32.514625676473 33.6830693562826 32.1218990325928 32.7084576924642 32.2286322275798 31.3837113698324 32.3667392730713 31.2010013580322 30.6469306945801 31.9038000742594 31.5551364898682 30.4489691416423 30.5760706583659 30.3104944864909 30.4258836110433 30.898707707723 32.1146331787109 30.6721190134684 30.8350783030192 30.582985051473 30.0501307169596 29.9901664733887 30.6975616455078 33.5079139709473
39.6150718688965 39.4044082641602 37.1100793202718 37.5191994984945 37.1388139088949 37.1235101064046 37.6951754252116 37.1411679585775 35.9916347503662 36.2290407816569 36.0965302785238 35.3375813802083 35.3496964772542 34.716171391805 34.4627646128337 34.1491608937581 34.1200215657552 33.1786664326986 33.7554623921712 33.8649930318197 33.1687099456787 33.5088027954102 33.5230503082275 33.3685554504395 33.6304448445638 33.2624993642171 33.4184286753337 33.0828388214111 33.0758888244629 32.6669617970785 32.4474957784017 33.0680408477783 31.9138547261556 31.881848971049 32.0853502909342 31.3109971364339 31.2644365946452 30.891695022583 31.04597752889 32.3429526011149 30.7564809163411 30.7035687764486 33.8642309824626 30.8723709106445 30.8551822662354 31.426182047526 30.4527206420898 30.6534083048503 30.2220816294352 30.4769732157389 30.4934271494548 31.163524500529 32.4175676981608 36.2633326212565
39.8621793111165 39.0824115753174 37.5962762196859 37.4142506917318 37.0816593170166 36.5632321675618 37.7072655995687 36.794053141276 37.0383092244466 35.7726977030436 35.1473836263021 34.712507502238 35.2981341044108 35.2008888244629 34.659992090861 34.096265411377 33.9375792185466 33.3627545674642 33.6523635864258 33.8442967732747 33.6589038848877 33.561355082194 33.7507503509521 33.8104602813721 33.638250986735 33.8874605814616 33.3302424112956 33.6448973337809 33.389754486084 32.4853500366211 32.3692977905273 32.0392585754395 31.9914522806803 32.0300327301025 32.3970840454102 32.3708922068278 31.3460885365804 33.4605784098307 32.5399055480957 30.7355616251628 31.03250096639 35.0557750701904 34.1744045257568 30.7112935384115 31.0817595163981 30.5508116404215 30.4230396270752 32.9261657714844 30.5282009124756 30.2780244191488 30.5847326914469 30.6211213429769 35.0140638987223 32.8652673085531
39.1874407450358 37.7563337961833 37.6230640411377 37.3544062296549 36.5200469970703 36.83262646993 37.5374025980632 37.102925491333 36.6237483978271 36.6804725646973 36.3409297943115 35.9230045318604 35.1514850616455 35.2399247487386 34.5353206634521 33.8560119628906 34.0255045572917 33.5970294952393 33.8126174926758 33.3239613850911 33.6365746815999 33.5945424397786 33.0476270039876 33.4729699452718 33.1853424072266 33.7645531972249 33.8721495310466 33.5912190755208 33.1479949951172 33.2233394622803 32.3569346110026 32.0711912790934 32.5145945866903 31.9973203023275 31.9206537882487 31.7680819193522 31.4020825703939 33.7991100311279 33.6598075866699 34.8897638956706 35.5205809275309 35.147209294637 32.4374857584635 32.7347006479899 30.703172938029 31.0901819864909 31.0698265075684 33.8543443044027 32.8739260355632 30.706254196167 32.303865814209 30.8562235514323 31.061864344279 30.9331015268962
37.7381085713704 37.7702604929606 37.4987777709961 37.2329095204671 37.2219839731852 36.9456623077393 35.93125928243 35.7219422658285 35.6870980580648 36.7377429962158 36.2794541676839 35.9416191101074 34.695686340332 35.0658916473389 34.5332851409912 33.6816530863444 33.3691378275553 33.274013264974 33.382239151001 33.1979844411214 33.3676882425944 33.1516241709391 33.8416849772135 32.4607102711995 33.3201295216878 33.395660273234 33.7750926971436 33.0447910308838 33.4153467814128 32.880680847168 33.5567169189453 33.5157023111979 33.1755252838135 32.3265078862508 32.1133391062419 31.8420248667399 33.6618680318197 34.0296761830648 35.1663196563721 34.4968022664388 33.8364608764648 35.1431671142578 33.8389915466309 31.5824068705241 33.6343718210856 31.7071024576823 32.0811045328776 35.1259362538656 33.8771058400472 34.2987930297852 36.4315380096436 36.0887187957764 34.1667087554932 31.0686728159587
39.4500551859538 37.5932543436686 37.4314876556396 37.1416418711344 36.9019856770833 38.7197779337565 38.138232421875 35.6187845865885 35.3790795008341 35.7523802439372 36.5463029225667 35.9183259328206 35.0231089274089 34.7726501464844 34.1462720235189 33.6318077087402 33.5435208638509 33.3591454823812 33.6824513753255 33.5809562683105 33.3650279998779 32.1979696909587 33.6607707977295 31.4947934468587 32.307307434082 33.8246461232503 33.8461616516113 32.7744379679362 32.1172817230225 33.5865730285645 33.0226249694824 32.6431365966797 32.3047885894775 32.3076435089111 32.1485201517741 32.7006056467692 33.683727645874 34.6201908111572 34.9516389211019 32.6471045176188 32.717541885376 32.6401841481527 34.5780751546224 34.5570288340251 36.2504514058431 34.9688190460205 36.7973454793294 37.288596979777 37.0704924265544 36.5155881245931 33.0197919209798 31.4593983968099 34.9152917226156 32.5491924285889
37.8034992218018 37.5761830647786 37.34700050354 36.9691914876302 37.8620578765869 37.3796586354574 37.9682889302572 37.9744631449381 35.3655536651611 35.0277593612671 35.5140630086263 35.4525402069092 35.6037694295247 34.9306629180908 34.2041437784831 34.577458190918 34.0934506734212 33.9554173787435 33.0102734883626 33.5739673614502 33.0755738576253 31.4615032831828 33.5630334218343 31.658883412679 32.7002906799316 33.2139550526937 34.2637097676595 34.0336793263753 33.3747060139974 33.3691822052002 33.7014923095703 32.9138304392497 32.726195526123 32.5916627248128 33.2527435302734 33.895355351766 34.1984798431397 34.8337238311768 35.2943406422933 33.7865147908529 34.4030560811361 32.5211873372396 33.9216183980306 36.2348785400391 36.5788515726725 37.0252756754557 36.8271269480387 33.657069905599 32.9629671732585 33.4204863230387 31.2643644968669 36.0938582102458 38.4443481445312 38.5796199798584
37.5542400360107 37.4946762084961 37.1528806050618 37.0115904490153 36.9142435709635 38.2825500488281 38.5949506123861 38.2329078674316 36.6580256144206 35.2754890441895 34.6956304550171 34.1786787668864 34.3783086140951 34.9234521230062 35.2435511271159 35.003121693929 34.0357508341471 33.014911142985 33.0497492472331 33.5172097524007 32.5303619384766 31.7266182581584 32.1420008341471 31.8641623814901 32.7909871419271 34.5468297322591 34.1068192799886 32.396494547526 34.2405221303304 33.8148582458496 33.5557370503743 33.2834056854248 33.5247004191081 33.0940073649089 34.4056138356527 34.8206239064534 34.8657600402832 35.5532019297282 35.4326325734456 35.3257026672363 34.1004679361979 32.4168712615967 32.6572044372559 34.5909695943197 36.3058052062988 37.0449526468913 37.2553039550781 35.4333852132161 33.6145024617513 31.7042879740397 32.4520244598389 35.0279289245605 35.1088586171468 38.9478249867757
37.5345128377279 36.9207941691081 36.7005428314209 36.9556030273437 36.5840545654297 37.4982301076253 38.5942250569661 37.4379770914714 36.7814973195394 36.8114990234375 36.1127292633057 34.9571083068848 33.8261995951335 34.0308601379395 35.0286778767904 34.561177444458 34.6280851999919 33.6716782887777 32.4371204376221 33.6918608347575 31.9461928049723 32.0159250259399 32.2606937408447 32.6692901611328 33.9612686157227 34.7436916351318 32.4907431284587 33.3570050557454 34.4864421844482 34.2851591746012 34.9080862681071 34.6594008127848 34.1774410247803 34.6990507761637 35.0037868499756 34.9985502878825 35.0152998606364 35.3015688578288 35.5891835530599 34.8975550333659 33.1687229156494 33.6247393290202 32.8923875172933 32.9385332743327 34.4629965464274 35.6835109710693 37.479184850057 33.8712985992432 32.9746918996175 32.517683283488 35.2650118509928 36.4470534006755 38.2157292683919 39.2088506062826
37.39464747111 38.3425793965658 37.2194669087728 36.8559574127197 36.6555037180583 36.2145048777262 38.7094702402751 38.34063428243 36.1244247436523 35.5534589131673 36.8613597869873 34.726490910848 33.9178204854329 35.5988553365072 35.0065559387207 34.4139870961507 34.4464505513509 34.7353942871094 34.331575012207 34.6066850026449 32.4009565989176 34.2135581970215 33.9843660990397 32.6653240203857 33.0321083068848 33.0050500233968 33.003745396932 33.6605361938477 34.297031656901 34.5413566589355 34.7138584136963 35.1440450032552 34.8138993581136 35.0494311014811 35.2096330006917 35.2828657786051 35.388719813029 35.4506843566895 35.0340043385824 35.2471665700277 34.6519964853923 35.8357063293457 33.1882740020752 32.8998090108236 32.4959503173828 36.3857048034668 37.3426387786865 37.2746685028076 37.2899491628011 35.9305320739746 37.486205291748 38.554482014974 38.5486999511719 40.0585096995036
39.1538551330566 38.3622011820475 38.5995301564534 36.6792154947917 36.580819829305 36.3649555206299 38.7001466115316 38.0626201629639 37.487486521403 36.4710158030192 37.3678436279297 35.6440882364909 34.1020292282104 34.3000728607178 35.67458152771 35.1392800649007 34.8652858734131 34.8599685668945 34.7031847635905 35.0012227376302 34.1411012013753 35.082760365804 34.1990353902181 32.7627853393555 33.3634348551432 32.9457327524821 33.7273620605469 34.7249689737956 34.5849447886149 34.9506846110026 34.574967956543 34.9168071746826 35.2986464182536 35.3801574707031 35.3610895792643 35.4562664031982 35.4685175577799 35.9164141337077 35.9342441558838 35.6335863749186 35.7514733632406 35.4495557149251 35.654984664917 34.5426399230957 35.709215037028 36.89847462972 38.2621671040853 37.3491669972738 36.6663341522217 37.6825967152913 38.1114538828532 38.5594092051188 39.6766262054443 42.3913422902425
40.155655670166 39.5454972585042 38.3968154907227 36.1077406565348 36.5718381245931 35.7754140218099 35.9328172047933 37.2224666595459 37.9924091339111 36.8125453948975 37.0896891276042 35.9418890635173 34.4905526479085 34.2794663747152 34.5090986887614 35.8462999979655 35.6112791697184 35.5098738352458 35.3491830190023 34.9761637369792 35.272701772054 35.2806563059489 34.4792367299398 33.5886023203532 34.3239562988281 35.4464785257975 35.5634321848551 35.0973662058512 34.8333075205485 35.4528424580892 34.8079312642415 35.0870712280273 34.8711558024089 35.2883694966634 34.6823331197103 35.3539302825928 35.8769153594971 35.9383598327637 36.1516735076904 36.4825428009033 36.3834506988525 36.2516427357992 36.7833360036214 36.9047355651855 37.2292694091797 35.9722970326742 37.7645715077718 37.8343493143717 36.9933961232503 36.5899608612061 36.6090161641439 38.7831258138021 42.4617122650146 42.5062843322754
40.5716270446777 40.2841360727946 38.0002924601237 37.6617487589518 36.4582243601481 36.2743031819661 35.9619687398275 38.7927614847819 38.5793488820394 37.8599023183187 37.816832224528 35.1131306966146 36.2087454477946 36.6735083262126 35.9493453979492 35.9992083231608 36.0459055582682 35.1247788747152 35.6173783620199 34.1796836853027 35.8639855702718 35.6726694742839 33.447114054362 33.8921028137207 33.9395387013753 33.7379779815674 34.5946033477783 35.5603972117106 35.4468114217122 35.1104607899984 35.3826904296875 35.2720656077067 35.7233418782552 35.5096822102865 35.4034075419108 35.4789721171061 35.6612705230713 36.5692618052165 36.3063730875651 36.5119954427083 36.6300084431966 36.9453472137451 37.2105979919434 37.4966040293376 37.50938428243 36.7031014760335 37.9553195953369 40.0651168823242 38.3871035257975 35.5619439442952 38.4048890431722 42.142622756958 42.6185134887695 39.9739621480306
40.7170399983724 40.2705286661784 37.9633742014567 38.7706343332926 35.9265800476074 36.3983832041423 35.643562189738 35.8657234191895 38.4374542236328 37.9563451131185 35.9554345448812 37.2083775838216 37.6081381479899 37.1115417480469 36.6721417744954 35.8713672637939 35.8789492289225 35.1691977183024 34.3969203948975 35.5339886983236 36.0236077626546 34.6298601786296 33.8647079467773 33.8545614878337 34.7347604115804 34.97853418986 34.2012741088867 35.0234489440918 34.4609256744385 34.8753649393717 35.6160321553548 35.5160741170247 35.5331122080485 35.3273455301921 35.9369714101156 35.889059193929 36.6364275614421 36.2922503153483 36.5365690867106 36.8263534545898 37.0660078684489 37.5136981964111 37.5570006052653 37.442887878418 37.5739424387614 37.2086933135986 35.969823328654 39.0936370849609 40.0214179992676 38.8219003041585 42.406317392985 42.4378042856852 41.0392214457194 37.9070175170898
40.3067625681559 39.2928155263265 37.3442848205566 38.3347365061442 36.9039890289307 36.1281677246094 36.2416007995605 35.6932228088379 38.6338106791178 36.8615249633789 35.5839730580648 36.9815466562907 37.2137550354004 37.2575352986654 36.0238573710124 35.5807567596436 34.9064786275228 34.4104260762533 34.1366110483805 34.0036188761393 34.0878267923991 34.0666988372803 34.033155186971 34.046470896403 34.679220199585 35.9043341318766 35.3233414967855 35.1408224741618 35.414182917277 35.2243839263916 35.5547466278076 35.9647061665853 35.9312135060628 35.6063278198242 35.861576461792 35.8853805541992 37.1372585296631 36.9986727396647 37.414965057373 37.5988203684489 37.3219088236491 37.8197813669841 37.5375359853109 37.3454699198405 36.9114570617676 36.2452245076497 35.2624458312988 37.7014587402344 40.5266223907471 41.6740868886312 42.5318099975586 41.2615371704102 36.9233665466309 38.2058531443278
40.4718569437663 38.6491263071696 37.1992259979248 38.72167040507 36.678195699056 37.6693860371908 36.7835344950358 36.1196820576986 35.2313596089681 35.5847371419271 35.5521490732829 36.4735107421875 37.6255624135335 37.8118419647217 36.6887790679932 37.3309883117676 36.6863194783529 35.5923547108968 34.5292128245036 34.2805660247803 36.4951285044352 34.6255886077881 34.511089070638 34.2777876536051 34.6722078959147 34.752691523234 34.7304378509521 35.4339623769124 36.1132513682048 36.0132439931234 35.3071149190267 35.4143446604411 35.8069320678711 35.8545871734619 36.5849522908529 37.3321149190267 37.1807295481364 37.0308499654134 37.4907010396322 38.2668786366781 37.9197985331217 37.4658247629801 37.6450586954753 37.4941970825195 36.8534612019857 36.0504337310791 37.8831720987956 38.1482209523519 42.2210048675537 42.4948623657227 41.5484124501546 38.5436484018962 35.874232228597 37.4786825815837
39.6578625996908 38.1373772939046 37.413737487793 36.6541923522949 37.7212818145752 39.7959390004476 37.7725364685059 36.1403409322103 36.1403186798096 35.7197655995687 35.4199231465658 35.9494172414144 37.7818210601807 37.6682472229004 37.809828821818 36.4082800547282 37.3589572906494 37.1676457722982 36.926741027832 35.7564338684082 37.0403495788574 35.90673828125 34.5304355621338 34.658118057251 34.7921165466309 36.3109483083089 35.052161916097 36.4317011515299 36.6040814717611 36.1631828308105 36.1027667999268 35.6749465942383 36.1976332346598 36.6402619679769 37.1898518880208 36.6004955291748 36.4994510650635 36.7574409484863 36.9246584574381 37.0817494710286 39.0179785410563 37.688870493571 37.3985860188802 37.4638520558675 37.5334241231283 37.8170576731364 38.2477801005046 41.7739738464355 42.5349554697673 42.2474117279053 39.4943981170654 38.5265309651693 38.5614851633708 35.683785756429
38.0757128397624 38.883337020874 36.3195423126221 36.573827234904 37.1476715087891 39.7932300567627 36.1310532887777 36.0765519460042 36.0615615844727 36.4615787506104 35.4706199645996 35.7016465504964 38.4707962036133 38.4751768747966 37.0460887908936 35.2910360972087 35.479966990153 36.274217859904 35.2049416859945 35.1687894185384 36.502679570516 36.2287798563639 34.976970799764 35.3025110880534 35.1309823354085 35.4275505065918 35.2320065816243 35.3042912801107 36.8437887827555 36.2138924916585 36.9214698791504 36.0110463460286 36.4111272176107 36.4129577636719 37.4595017751058 36.5466564178467 36.771923828125 36.9497833251953 36.9884662628174 37.1769521077474 38.5861146291097 38.7223485310872 37.6363070170085 37.5849377950033 38.1860192616781 38.1146912892659 41.9497132619222 42.5015538533529 42.3748853047689 40.6158538818359 39.1070357004801 38.0354555765788 35.5239107767741 35.000773747762
36.7433884938558 36.510212580363 37.4327264149984 37.2527988433838 39.8935115814209 36.6668839772542 35.8383407592773 35.7733125050863 36.9688884735107 36.1735065460205 35.7621199289958 37.6420318603516 36.3799012502035 38.8216504414876 36.4211371103923 35.6964645385742 35.4167625427246 36.2837760925293 36.1650671641032 35.3737889607747 36.1635325113932 36.9176438649495 35.1191600799561 35.5211722056071 35.3072617848714 36.0169013977051 35.8127101898193 35.9161858876546 37.1894068400065 36.0326915740967 36.5294141133626 36.581427637736 36.9153352101644 36.9559070587158 36.8635990142822 37.1267936706543 37.0729389190674 37.1989508310954 37.2612806955973 37.2416561126709 37.4769058227539 39.5433650970459 38.6731637318929 37.9574317932129 39.0579151153564 41.260706837972 42.3546536763509 42.1684210459391 40.1623120625814 38.4212062835693 38.2295077006022 38.4049321492513 35.6427666982015 35.6672922770182
36.4859591166178 36.5644185384115 36.5115918477376 37.0809118906657 36.3146874745687 36.0162320454915 36.1715539296468 36.0362883249919 36.2386145273844 35.9656215667725 36.1660378774007 36.6731432596842 35.9960192362467 38.8486143747965 35.9089267730713 35.7023893992106 35.6011571248372 35.6234223683675 35.857318242391 35.5630728403727 35.5054576873779 36.2850447336833 36.4222408294678 35.5722941080729 35.7118586222331 35.7647978464762 36.081444422404 35.89460105896 36.8931074778239 36.5162604014079 36.5946126302083 36.8247776031494 36.741130956014 37.820152537028 37.3923398335775 37.4680488586426 37.7265766143799 37.6190976460775 37.5206377665202 37.5392845153809 37.8258715311686 38.6045735677083 40.2507284800212 40.3228978474935 41.7095030466715 42.2326581319173 42.3532859802246 39.6123701731364 38.8032189687093 38.8059352874756 37.6181290944417 36.2418109893799 36.4684399922689 38.2017012278239
36.6284765879313 36.6846097310384 36.2804677327474 36.1962314605713 36.1312367757161 36.0754656473796 36.1574986775716 36.0967400868734 36.0792672475179 35.8647521972656 36.3270287831624 35.6466890970866 36.4912452697754 36.5513809204102 39.0634274800618 35.8774613698324 35.7151709238688 35.8151613871256 35.775032043457 35.8282728830973 35.8223979949951 35.9260402679443 35.9515576680501 35.8112763722738 36.0227535247803 35.9990931193034 36.7705401102702 36.3446006774902 37.018043645223 37.3706186930339 36.8526721954346 36.8773686726888 37.5562085469564 37.8173336029053 38.1521044413249 38.2034595489502 37.5383724212646 37.7267735799154 37.6994272867839 37.7309179941813 37.9691632588704 40.0146582285563 40.0899984995524 40.6203248341878 42.0872787475586 42.2679209391276 41.9797505696615 38.8607930501302 38.1374834696452 38.4168786366781 37.7516159057617 36.3862889607747 37.4335817972819 37.8530339558919
36.5183197021484 36.5253105163574 36.2764823913574 36.2032014211019 36.1699089050293 36.0928124745687 36.0695901234945 35.9531556447347 36.5346172332764 36.1339068094889 36.2542008717855 36.2468105316162 36.1159870147705 37.383771387736 38.8161548614502 38.7299149831136 36.4040761311849 35.982140604655 35.9114974975586 36.1098031361898 36.2576951344808 35.9628405253092 36.195779800415 36.2983193715413 36.330508295695 36.2622905731201 37.0817469278971 36.5680057525635 37.0848101298014 37.6385669708252 37.3248374938965 37.4694566090902 37.5814240773519 37.8139661153158 37.9991436004639 38.1619462331136 37.8874402364095 38.5560811360677 39.6371946970622 39.7361328125 39.9289112091064 40.0609742482503 39.4139545440674 41.1999512990316 42.0914585113525 42.1553281148275 39.2707817077637 40.000997543335 38.8044085184733 38.3255634307861 37.8524677276611 37.7512143452962 39.135891977946 38.8146311442057
36.5231105804443 36.3419656117757 36.2419985453288 36.1997898101807 36.1597248077393 36.0820022583008 36.0293631235758 36.0080547332764 36.9996260325114 36.5228556315104 36.0645441691081 36.3500559488932 35.8686225891113 36.4778573354085 36.8597935994466 39.247541809082 38.9061322530111 37.1670692443848 36.1488052368164 36.3597666422526 36.1299092610677 36.1840240478516 36.2977467854818 36.2861584981283 36.413786315918 37.0091473897298 37.5202943166097 37.3198780059814 37.3644170125325 37.0397523244222 37.2878213246663 37.819085820516 37.7457514444987 37.9172156016032 38.0779645284017 37.9449152628581 37.9324834187826 39.4682627360026 38.293452835083 38.8141427357992 39.5201235453288 39.7104406992594 40.6574295043945 41.9548268636068 42.1011192321777 39.616358311971 39.083219909668 38.2216939290365 38.3447607676188 38.17493019104 38.1876895904541 39.7648602803548 40.8054290771484 40.568567276001
