ET0/medie/MEDIA_ET0_09.asc
NCOLS 177 
NROWS 174 
XLLCORNER 1436301.375 
YLLCORNER 4916704.5 
CELLSIZE 1500 
NODATA_value -9999 
[rows 120 to 143 of 174, columns 108 to 161 of 177]
80.5380956013997 80.5363922119141 80.5002899169922 80.4545364379883 80.5101567586263 80.4801940917969 80.4547785441081 80.4530934651693 80.4000915527344 80.3862899780273 80.3710810343425 80.3519037882487 80.3885437011719 80.4031407674154 80.4065226236979 80.4149805704753 80.4409754435221 80.4166422526042 80.4790054321289 80.5301188151042 80.5912485758464 80.6092163085937 80.6578796386719 80.6580520629883 80.6345499674479 80.6589146931966 80.6893778483073 80.7202692667643 80.7161046346029 80.8784790039062 81.0045110066732 81.3239705403646 81.4992823282878 81.6264526367188 81.8851984659831 82.2000335693359 82.4596923828125 82.6711171468099 82.9026916503906 83.1101643880208 83.2991348266602 83.4940887451172 83.7278798421224 83.9759826660156 84.2154485066732 84.4667755126953 84.6771102905273 84.9679911295573 85.241232808431 85.5258331298828 85.8520884195964 -9999 -9999 -9999
80.844834391276 80.8258982340495 80.7929107666016 80.8088155110677 80.8059544881185 80.7917154947917 80.7504430135091 80.7180821736654 80.6838541666667 80.6542195638021 80.6483657836914 80.6257247924805 80.603049214681 80.5933614095052 80.6193181355794 80.7029149373372 80.7086634318034 80.7346720377604 80.7323989868164 80.7859339396159 80.8403020222982 80.8723693847656 80.916584777832 80.9400970458984 80.965441385905 81.0153991699219 80.9657572428385 81.0768193562826 81.1152384440104 81.2275838216146 81.3230224609375 81.4842147827148 81.7137415568034 81.8832026163737 82.1194966634115 82.5011683146159 82.6574356079102 82.8600016276042 83.0602462768555 83.2602961222331 83.4388051350911 83.6279525756836 83.8421127319336 84.0823318481445 84.3211334228516 84.5821177164714 84.8095779418945 85.0496429443359 85.317116800944 85.5746587117513 -9999 -9999 -9999 -9999
81.1348724365234 81.0875869750977 81.1284947713216 81.1288269042969 81.1306376139323 81.0789728800456 81.0255752563477 81.0090774536133 80.9889714558919 80.9530059814453 80.9346761067708 80.9038609822591 80.9011464436849 80.9102503458659 80.9129384358724 80.9466517130534 80.9757766723633 81.0028071085612 81.0482076009115 81.0791875203451 81.1248285929362 81.1609466552734 81.1610102335612 81.2111913045247 81.2554066975911 81.2412668863932 81.3083216349284 81.3896052042643 81.4794219970703 81.5952758789062 81.7039159138997 81.827067565918 81.9568496704102 82.2315231323242 82.4219411214193 82.6232432047526 82.8449620564779 83.037548828125 83.2155436197917 83.4239349365234 83.585422261556 83.7857162475586 83.9672856648763 84.2100708007813 84.4345738728841 84.6592346191406 84.9194274902344 85.1502751668294 85.4072835286458 85.6544647216797 -9999 -9999 -9999 -9999
81.5122695922852 81.4601888020833 81.477424621582 81.4531036376953 81.4039479573568 81.3824111938477 81.3524475097656 81.3009694417318 81.2850387573242 81.2574671427409 81.2358271280925 81.2332433064779 81.2036509195964 81.1989725748698 81.2234903971354 81.2284169514974 81.2430079142253 81.2892364501953 81.3482610066732 81.3712387084961 81.3931223551432 81.4415120442708 81.4537989298503 81.4759679158529 81.5486790974935 81.527853902181 81.5655069986979 81.6511439005534 81.7268000284831 81.8236089070638 81.9684982299805 82.0984217325846 82.2584116617839 82.5082041422526 82.6502248128255 82.9044840494792 83.0936391194661 83.2631790161133 83.4533070882161 83.621028137207 83.8192047119141 83.9622619628906 84.1338068644206 84.3382568359375 84.5588857014974 84.8106811523437 84.9976745605469 85.2802139282227 85.5001322428385 85.7666473388672 86.0422439575195 86.2860412597656 -9999 86.7131871541341
81.8020009358724 81.8190038045247 81.7883692423503 81.7534317016602 81.7191212972005 81.6729156494141 81.6492772420247 81.6098058064779 81.5875467936198 81.562733968099 81.5694880167643 81.5600697835286 81.5488672892253 81.544341023763 81.5453567504883 81.555810546875 81.5639673868815 81.5833908081055 81.6257120768229 81.6641199747721 81.7209508260091 81.7339167277018 81.7615091959635 81.789165242513 81.8036794026693 81.8359751383464 81.8812805175781 81.8787190755208 81.9737182617187 82.0803365071615 82.2122004191081 82.3937571207682 82.547932434082 82.7538096110026 82.9795227050781 83.1708429972331 83.3348225911458 83.5128819783529 83.683550008138 83.844655863444 84.0280583699544 84.1597661336263 84.3661880493164 84.5292368570964 84.8018061319987 85.015571085612 85.1695688883463 85.4182601928711 85.7137598673503 85.8983759562174 86.1137415568034 86.3143132527669 86.5211568196615 86.6958491007487
82.1419509887695 82.0997009277344 82.0693832397461 82.046641031901 82.019118754069 81.9740712483724 81.9466766357422 81.9244023640951 81.8917724609375 81.8824106852214 81.8728088378906 81.8825795491536 81.868935139974 81.8613489786784 81.8778839111328 81.8730946858724 81.8716298421224 81.896701558431 81.9397832234701 81.9747823079427 82.001301574707 82.0506418863932 82.0549341837565 82.0525355021159 82.0888580322266 82.1224772135417 82.1526702880859 82.1967997233073 82.2947525024414 82.3955210367838 82.530185953776 82.684477742513 82.8479853312174 83.0534800211588 83.2631958007812 83.4510564168294 83.5990951538086 83.7490163167318 83.9065231323242 84.0735265096029 84.2439870198568 84.4267283121745 84.6005264282227 84.7745188395182 84.9675903320312 85.1620625813802 85.3779881795247 85.6056248982747 85.8367874145508 86.0693552652995 86.2739974975586 86.4566309611003 86.5872690836589 86.7392501831055
82.4428146362305 82.4079121907552 82.3746821085612 82.3484029134115 82.324240620931 82.2959126790365 82.2606684366862 82.2300776163737 82.2077941894531 82.1951538085937 82.1897374471029 82.1999064127604 82.1828694661458 82.1971211751302 82.1985951741537 82.2007308959961 82.2209849039714 82.2260721842448 82.2537551879883 82.29066212972 82.2937189737956 82.3558904012044 82.3532638549805 82.3401275634766 82.3475107828776 82.3885416666667 82.4360651652018 82.5333969116211 82.6119964599609 82.7029281616211 82.8018620808919 82.969123840332 83.133669535319 83.3360438028971 83.5203125 83.7093053181966 83.8437672932943 83.987392171224 84.1374944051107 84.2947621663411 84.4730697631836 84.6424184163411 84.8351160685221 85.0038487752279 85.2152440388997 85.4058080037435 85.5736262003581 85.8148422241211 86.0124659220378 86.1932927449544 86.4247278849284 86.6050501505534 86.7280629475911 86.8749847412109
82.7751332600912 82.7255762736003 82.6847457885742 82.6526575724284 82.6257751464844 82.6113957722982 82.5780415852865 82.5463714599609 82.5402862548828 82.5224075317383 82.5196324666341 82.5306055704753 82.52265625 82.5321136474609 82.5321762084961 82.5310078938802 82.5360087076823 82.5467213948568 82.563449605306 82.5876073201497 82.6085566202799 82.6475270589193 82.6233800252279 82.6245564778646 82.6892094930013 82.7019729614258 82.7121978759766 82.7792994181315 82.8616205851237 82.9469955444336 83.058332824707 83.2928146362305 83.4593332926432 83.6504353841146 83.7976308186849 83.9803797403971 84.1070673624674 84.2468953450521 84.3818425496419 84.5427907307943 84.7082860310872 84.8801157633464 85.0651529947917 85.2391189575195 85.4332219441732 85.6350479125977 85.8165766398112 86.0215449015299 86.2121149698893 86.4070200602214 86.5893320719401 86.7813064575195 86.9021077473958 87.0254480997721
-9999 83.0603693644206 83.0238698323568 82.9721700032552 82.9458847045898 82.9278839111328 82.9134567260742 82.8898864746094 82.8599568684896 82.8260391235352 82.8435735066732 82.8678716023763 82.8696848551432 82.8695170084635 82.8567845662435 82.840678914388 82.8408767700195 82.8679946899414 82.8854975382487 82.9091395060221 82.9139317830404 82.9381159464518 82.8913945515951 82.9003982543945 82.9724487304688 82.9611292521159 83.0216120402018 83.0485834757487 83.1188969930013 83.2219991048177 83.3545354207357 83.5371541341146 83.7128529866536 83.9710332234701 84.1083679199219 84.2665990193685 84.3909545898437 84.5222371419271 84.6610005696615 84.8166346232096 84.96861521403 85.1288131713867 85.2904978434245 85.4580708821615 85.6551712036133 85.8486841837565 86.026328531901 86.2036437988281 86.4464157104492 86.598974609375 86.760188293457 86.9664133707682 87.1209279378255 87.2886144002279
-9999 -9999 -9999 83.3339925130208 83.2883661905924 83.2207936604818 83.2076009114583 83.1919459025065 83.206255086263 83.1674845377604 83.1803334554036 83.1588684082031 83.1576100667318 83.1776631673177 83.1729970296224 83.1636983235677 83.1636973063151 83.1761734008789 83.1836023966471 83.2100428263346 83.2454788208008 83.2539733886719 83.2167190551758 83.2629475911458 83.2777140299479 83.2854578653971 83.3098826090495 83.3666493733724 83.4403549194336 83.5221603393555 83.6619201660156 83.8294392903646 84.0588419596354 84.2660100301107 84.4273412068685 84.5591440836589 84.6773061116536 84.8051147460938 84.9401616414388 85.0889506022135 85.2329416910807 85.3837610880534 85.5406758626302 85.717100016276 85.9106074015299 86.0692255655924 86.2435953776042 86.4279774983724 86.628867594401 86.8273071289063 86.994184366862 87.2131500244141 87.3809478759766 87.571994527181
-9999 -9999 -9999 -9999 83.6265925089518 83.6358790079753 83.6031824747721 83.5685078938802 83.5537750244141 83.5280904134115 83.5170572916667 83.4995763142904 83.5038838704427 83.4904642740885 83.4945022583008 83.4721476236979 83.476567586263 83.4718332926432 83.5092814127604 83.5373865763346 83.5539932250977 83.6086842854818 83.6401056925456 83.5890543619792 83.5883097330729 -9999 83.6481450398763 83.6897608439128 83.7431660970052 83.839372253418 83.9963989257812 84.1415903727214 84.3604181925456 84.5705744425456 84.7350468953451 84.8467981974284 84.9651428222656 85.0887069702148 85.2376937866211 85.3629648844401 85.4966974894206 85.6544708251953 85.8211929321289 85.9734756469727 86.1574503580729 86.329990641276 86.4891031901042 86.6757746378581 86.8686258951823 87.0770462036133 87.2446797688802 87.4086888631185 87.6119450887044 87.7894765218099
-9999 -9999 -9999 -9999 -9999 83.9724538167318 83.9522003173828 83.8886850992838 -9999 83.8679875691732 83.8345886230469 83.8449473063151 83.7987269083659 83.8277872721354 83.8127278645833 83.7940093994141 83.803483581543 83.8302678426107 83.8335311889648 83.8680511474609 83.8957255045573 83.9187459309896 84.0102727254232 -9999 -9999 -9999 84.012250773112 84.0396657307943 84.1007893880208 84.2068496704102 84.3644058227539 84.4871236165365 84.6974680582682 84.9297032674154 85.0474965413411 85.159880065918 85.272998046875 85.3801996866862 85.523454284668 85.6497416178385 85.7939422607422 85.9459665934245 86.0949518839518 86.2485326131185 -9999 86.6066467285156 86.7627909342448 86.9323445638021 87.1258819580078 87.3108810424805 87.4991414388021 87.6937906901042 87.8490407307943 88.0188873291016
-9999 -9999 -9999 -9999 -9999 -9999 -9999 -9999 -9999 -9999 84.19544728597 84.1998051961263 84.1691986083984 84.1598347981771 84.127799987793 84.1307907104492 84.163921101888 84.1659978230794 84.1679524739583 84.2060480753581 84.238584391276 84.3137247721354 -9999 -9999 -9999 -9999 84.3773610432943 84.3937723795573 84.4951207478841 84.6223002115885 84.7256703694661 84.8992431640625 85.0652048746745 85.247966003418 85.3693908691406 85.463757832845 85.5731480916341 85.6864217122396 85.8175603230794 85.9516657511393 -9999 -9999 -9999 -9999 -9999 -9999 -9999 87.2090179443359 87.3758219401042 87.5565567016602 87.7422500610352 87.9372436523438 -9999 -9999
-9999 -9999 -9999 -9999 -9999 -9999 -9999 -9999 -9999 -9999 -9999 84.571327718099 84.5682749430339 84.5119791666667 84.4650400797526 84.4834976196289 84.4937235514323 84.5091008504232 84.5193751017253 84.5508702596029 84.6186696370443 84.645420328776 -9999 -9999 -9999 -9999 -9999 -9999 -9999 84.9676213582357 85.0905034383138 85.271098836263 85.4705861409505 85.5716445922852 85.6829828898112 85.7868764241536 85.8924718221029 86.0034606933594 -9999 -9999 -9999 -9999 -9999 -9999 -9999 -9999 -9999 -9999 -9999 -9999 -9999 -9999 -9999 -9999
-9999 -9999 -9999 -9999 -9999 -9999 -9999 -9999 -9999 -9999 -9999 -9999 -9999 84.8473281860352 84.864670308431 84.8675715128581 84.8451075236003 84.8490559895833 84.8982065836588 84.9473108927409 84.9509124755859 -9999 -9999 -9999 -9999 -9999 -9999 -9999 -9999 -9999 -9999 -9999 -9999 85.909819539388 86.0229288736979 86.1300435384115 -9999 -9999 -9999 -9999 -9999 -9999 -9999 -9999 -9999 -9999 -9999 -9999 -9999 -9999 -9999 -9999 -9999 -9999
-9999 -9999 -9999 -9999 -9999 -9999 -9999 -9999 -9999 -9999 -9999 -9999 -9999 -9999 -9999 -9999 85.2092971801758 85.2180038452148 -9999 -9999 -9999 -9999 -9999 -9999 -9999 -9999 -9999 -9999 -9999 -9999 -9999 -9999 -9999 -9999 -9999 -9999 -9999 -9999 -9999 -9999 -9999 -9999 -9999 -9999 -9999 -9999 -9999 -9999 -9999 -9999 -9999 -9999 -9999 -9999
-9999 -9999 -9999 -9999 -9999 -9999 -9999 -9999 -9999 -9999 -9999 -9999 -9999 -9999 -9999 -9999 -9999 -9999 -9999 -9999 -9999 -9999 -9999 -9999 -9999 -9999 -9999 -9999 -9999 -9999 -9999 -9999 -9999 -9999 -9999 -9999 -9999 -9999 -9999 -9999 -9999 -9999 -9999 -9999 -9999 -9999 -9999 -9999 -9999 -9999 -9999 -9999 -9999 -9999
-9999 -9999 -9999 -9999 -9999 -9999 -9999 -9999 -9999 -9999 -9999 -9999 -9999 -9999 -9999 -9999 -9999 -9999 -9999 -9999 -9999 -9999 -9999 -9999 -9999 -9999 -9999 -9999 -9999 -9999 -9999 -9999 -9999 -9999 -9999 -9999 -9999 -9999 -9999 -9999 -9999 -9999 -9999 -9999 -9999 -9999 -9999 -9999 -9999 -9999 -9999 -9999 -9999 -9999
-9999 -9999 -9999 -9999 -9999 -9999 -9999 -9999 -9999 -9999 -9999 -9999 -9999 -9999 -9999 -9999 -9999 -9999 -9999 -9999 -9999 -9999 -9999 -9999 -9999 -9999 -9999 -9999 -9999 -9999 -9999 -9999 -9999 -9999 -9999 -9999 -9999 -9999 -9999 -9999 -9999 -9999 -9999 -9999 -9999 -9999 -9999 -9999 -9999 -9999 -9999 -9999 -9999 -9999
-9999 -9999 -9999 -9999 -9999 -9999 -9999 -9999 -9999 -9999 -9999 -9999 -9999 -9999 -9999 -9999 -9999 -9999 -9999 -9999 -9999 -9999 -9999 -9999 -9999 -9999 -9999 -9999 -9999 -9999 -9999 -9999 -9999 -9999 -9999 -9999 -9999 -9999 -9999 -9999 -9999 -9999 -9999 -9999 -9999 -9999 -9999 -9999 -9999 -9999 -9999 -9999 -9999 -9999
-9999 -9999 -9999 -9999 -9999 -9999 -9999 -9999 -9999 -9999 -9999 -9999 -9999 -9999 -9999 -9999 -9999 -9999 -9999 -9999 -9999 -9999 -9999 -9999 -9999 -9999 -9999 -9999 -9999 -9999 -9999 -9999 -9999 -9999 -9999 -9999 -9999 -9999 -9999 -9999 -9999 -9999 -9999 -9999 -9999 -9999 -9999 -9999 -9999 -9999 -9999 -9999 -9999 -9999
-9999 -9999 -9999 -9999 -9999 -9999 -9999 -9999 -9999 -9999 -9999 -9999 -9999 -9999 -9999 -9999 -9999 -9999 -9999 -9999 -9999 -9999 -9999 -9999 -9999 -9999 -9999 -9999 -9999 -9999 -9999 -9999 -9999 -9999 -9999 -9999 -9999 -9999 -9999 -9999 -9999 -9999 -9999 -9999 -9999 -9999 -9999 -9999 -9999 -9999 -9999 -9999 -9999 -9999
-9999 -9999 -9999 -9999 -9999 -9999 -9999 -9999 -9999 -9999 -9999 -9999 -9999 -9999 -9999 -9999 -9999 -9999 -9999 -9999 -9999 -9999 -9999 -9999 -9999 -9999 -9999 -9999 -9999 -9999 -9999 -9999 -9999 -9999 -9999 -9999 -9999 -9999 -9999 -9999 -9999 -9999 -9999 -9999 -9999 -9999 -9999 -9999 -9999 -9999 -9999 -9999 -9999 -9999
-9999 -9999 -9999 -9999 -9999 -9999 -9999 -9999 -9999 -9999 -9999 -9999 -9999 -9999 -9999 -9999 -9999 -9999 -9999 -9999 -9999 -9999 -9999 -9999 -9999 -9999 -9999 -9999 -9999 -9999 -9999 -9999 -9999 -9999 -9999 -9999 -9999 -9999 -9999 -9999 -9999 -9999 -9999 -9999 -9999 -9999 -9999 -9999 -9999 -9999 -9999 -9999 -9999 -9999
