PREC/medie/CUMULATA_MEDIA_10.asc
NCOLS 177 
NROWS 174 
XLLCORNER 1436301.375 
YLLCORNER 4916704.5 
CELLSIZE 1500 
NODATA_value -9999 
[rows 140 to 159 of 174, columns 92 to 137 of 177]
104.029096715591 103.886481228997 103.604622560389 103.374530455645 102.860045264749 102.036935133093 101.217734617345 100.455549240112 99.9869576622458 99.5413340400247 99.1187257205739 98.6807395710665 98.2380879346062 97.7867358712589 97.404899372774 97.0896277708166 96.7447746501249 96.387326633229 95.9962356791777 95.5883226955638 95.1661389294793 94.3854972614962 93.5345731623032 92.6375887253705 91.0731817133286 88.9604332867791 86.855110168457 84.7491156634162 82.6371968774234 80.5548110288732 78.4962018517887 78.3839724484612 78.4942396388334 78.6442058226641 78.8144182878382 79.0016869937672 79.2054342382094 79.4179898430319 79.6541718314676 79.8702972636503 80.0729153577019 79.9522814470179 79.7968558143167 79.613151550293 79.1546297634349 78.517505533555
104.444272770601 104.419558693381 104.255704767564 104.163180407356 103.755990308874 102.989861320047 102.202787399292 101.449576770558 100.920580471263 100.41100434696 99.9220422856948 99.4668714859906 99.0169948129093 98.5556695601519 98.1830642924589 97.9002637302174 97.5960069544175 97.2968083549948 97.0380167119643 96.7611632627599 96.4689686719109 95.5523428075454 94.5134118024041 93.4305452458999 91.8147559446447 89.7308488733628 87.6498003566966 85.5833461424884 83.5695117501651 81.5823800143074 79.6179062338436 79.3567424661973 79.3296296736773 79.3401274961584 79.4372009950526 79.6051097196691 79.7839762743782 79.979497348561 80.2282011368695 80.4595449111041 80.6784267986522 80.5439270243925 80.364044638241 80.1533650790944 79.6593025431913 78.9638132207534
104.903288560755 104.98223473044 104.920228621539 104.935905680937 104.60774455351 103.867375654333 103.112169826732 102.377377453972 101.795407126932 101.222275565652 100.65870587966 100.176148358513 99.710672602934 99.2326110391056 98.8610075782327 98.6034956539378 98.3334402196548 98.0836349936093 97.9509247050566 97.8086618535659 97.6571825812845 96.6256360446706 95.4100468579461 94.1576309204102 92.4988819571102 90.4589930141673 88.4178329916561 86.4032402038574 84.5018032298369 82.6176790910609 80.7491911158842 80.3495395884794 80.1848204556633 80.0472975338207 80.0583655974444 80.1991779102999 80.3483112559599 80.5208110248341 80.777889251709 81.0244411019718 81.2629074208877 81.1194436129402 80.9173898135915 80.6791745354147 80.1504747727338 79.3962772593779
105.422738019158 105.57022969863 105.557508580825 105.614464030546 105.322815726785 104.604725108427 103.887769025915 103.183870876537 102.555516972261 101.926364562091 101.295669667861 100.789612826179 100.314682119033 99.8276998856488 99.4512832865995 99.1979649487664 98.9389346627628 98.7054082085104 98.6316804324879 98.5489749908447 98.4570451624253 97.3918936112348 96.1138570448932 94.8172034095315 93.1961987439324 91.2445412804099 89.2911052703857 87.3706449620864 85.5978577557732 83.8344486460966 82.0799246395335 81.5528755748973 81.2502527797923 80.9634224386776 80.8818340301514 80.9929477467256 81.1093581704532 81.2473710004021 81.4749853470746 81.6959189246683 81.9110413719626 81.7699229857501 81.5645604414098 81.3183627409094 80.7655470791985 79.9523429309621
106.462083143346 106.330583347994 105.948782752542 105.640087464276 105.203799191643 104.610590093276 104.031534980325 103.455268523272 102.845555810367 102.224334716797 101.588026271147 101.103122823379 100.659828522626 100.203726488001 99.8240345225615 99.5341629701502 99.2470862444709 98.9806910122142 98.850222531487 98.7169634875129 98.5810352774227 97.6433824651382 96.5122891594382 95.3703136444092 93.9091215694652 92.0990259507123 90.283358966603 88.4960582957548 86.8567722544951 85.2186830745024 83.5812656739179 82.9256546357099 82.4728599997128 82.0243579640108 81.8333759868846 81.9031018649831 81.9757043614107 82.065172812518 82.2378983778112 82.4100792828728 82.581384266124 82.4409785551183 82.2339208827299 81.978834881502 81.39939846712 80.5195866753073
107.481281729305 107.081489338594 106.33341553632 105.659062105067 105.065768971163 104.597219915951 104.155040404376 103.708959467271 103.117206124698 102.504316442153 101.862743826473 101.398313971127 100.98748700759 100.566789402681 100.190600900089 99.8692189384909 99.5494547451244 99.2438059414134 99.0489021750058 98.8582366494571 98.6735667060403 97.8522001154282 96.86263701495 95.8710904962876 94.5657613417682 92.8926626093247 91.2099240246941 89.5506330377915 88.0393968469956 86.5204840267406 84.9919154784259 84.209187002743 83.5999050701366 82.9940091301413 82.6934406056124 82.7264869914335 82.7690019046559 82.8273262697108 82.9634648491354 83.0948469498578 83.2210459428675 83.078350796419 82.8672570621266 82.5931671366972 81.9800329769359 81.0246599982767
108.471700443941 107.816644780776 106.707122802734 105.668021370383 104.90628231273 104.563055711634 104.257617277258 103.945167878095 103.37162029042 102.768344766953 102.122671351713 101.678792953491 101.301672206205 100.920268339269 100.553244534661 100.20378370846 99.8490765515496 99.5013934864717 99.2386851591222 98.9910429786233 98.759568382712 98.0456691068761 97.1896618113798 96.3368530273438 95.178799460916 93.6423409405877 92.0935171912698 90.5640186982996 89.1804238487692 87.7812872493968 86.3618587045109 85.4624510372386 84.6979036892162 83.9371629602769 83.50944591971 83.4714688132791 83.4445873148301 83.4337501525879 83.5324784447165 83.6234741210938 83.7055186664357 83.5324302000158 83.2826229544247 82.9515160953297 82.2971830929027 81.2915017745074
109.865798277013 109.078878290513 107.849259544821 106.694159788244 105.801695318783 105.311722923728 104.861634983736 104.418023165535 103.903432285084 103.352388830746 102.74590402491 102.321091034833 101.960730496575 101.601224338307 101.23607972089 100.861667072072 100.475435256958 100.086913501515 99.7235974704518 99.3779916202321 99.0585357441622 98.3337912840002 97.4794379963594 96.6384892183192 95.5711543139289 94.2036048664766 92.8200815986185 91.4488631977755 90.2034207512351 88.9349626653335 87.6345586215749 86.6364379209631 85.7239990234375 84.8155461479636 84.2262323042926 84.0414448345409 83.8735746495864 83.7356102887322 83.8216285705566 83.8964099884033 83.9572333167581 83.7380192139569 83.4267893398509 83.0179066377528 82.3347495022942 81.3266721613267
111.401285844691 110.507147620706 109.21837941338 108.002088995541 106.976571700152 106.258552663467 105.584533467012 104.93421049679 104.472880643957 103.969955444336 103.401703105253 102.988976198084 102.635561325971 102.284100700827 101.908987606273 101.49685904559 101.077173233032 100.652445176068 100.192052168005 99.7528811062083 99.3459590463077 98.6080477097455 97.7553323857925 96.9226296368767 95.9367286457735 94.7338792015524 93.5146153393914 92.30248484892 91.1951645121855 90.0584872750675 88.8781329884249 87.7925226548139 86.7338173810173 85.68174979266 84.9352077035343 84.6083201240091 84.2986002529369 84.0259960398954 84.0967071757597 84.1483836454504 84.1741408740773 83.8958953408634 83.5103612787583 83.0261698891135 82.3135614956126 81.3059434329762
112.948967765359 111.945991516113 110.602229959825 109.339021009557 108.198530982522 107.265982122982 106.344465704525 105.442289352417 104.997500700109 104.521147896262 103.992238100837 103.593611100141 103.247561286477 102.890366722556 102.493443208582 102.031079124002 101.591615340289 101.156099656049 100.62103843689 100.10239646014 99.6108028187471 98.8594913482666 98.0103714886834 97.1821714289048 96.26880421358 95.2273592107436 94.1730197457706 93.1228742038502 92.1556137309355 91.1535812826718 90.0958725424374 88.9352880365708 87.7327996422263 86.541171242209 85.6411218082204 85.175573573393 84.7242191539091 84.3093206742231 84.3574694465188 84.3775050219368 84.356468481176 84.0089082717896 83.5372198329252 82.9700945124907 82.2169985490687 81.2028332317577
114.506534913007 113.361176546882 111.95247111601 110.632054385017 109.417939354392 108.399269889383 107.366793239818 106.344662049237 105.937847810633 105.509632783778 105.043023165535 104.644811405855 104.273661445169 103.875815672033 103.446603101843 102.966067482443 102.538858974681 102.128561580882 101.535446840174 100.954690596637 100.395892648136 99.6088752746582 98.7267172196332 97.864330403945 96.9457432242001 95.9360119314755 94.9106708975399 93.8827730066636 92.9377466089585 91.9480578478645 90.8848355237175 89.6630481271183 88.3769541347728 87.1089155533734 86.0894379335291 85.4685717190013 84.8585320641013 84.2823210323558 84.3044936236213 84.2909259796143 84.2206807417028 83.7983927446253 83.2319279278026 82.5743932163014 81.7758828892427 80.7619351218729
116.077980826883 114.744649662691 113.259982052971 111.872028911815 110.628637874828 109.664750491872 108.656455881455 107.63557916529 107.266477360445 106.884749356438 106.478627597584 106.050979838652 105.610643947826 105.12973762961 104.643235487096 104.149581235998 103.737110025742 103.356952555039 102.697177213781 102.04528169071 101.409530078664 100.560824450325 99.6159326889936 98.6904766980339 97.7275226817411 96.7003642811495 95.6597048815559 94.6151267780977 93.6649892470416 92.6678461187026 91.5886163150563 90.3206099341897 88.9691610897289 87.6381466809441 86.511537103092 85.7411947811351 84.9748541888069 84.2308027604047 84.2207381304573 84.1735156564151 84.063723451951 83.5795850753784 82.9300571329453 82.1936770607443 81.3584282818963 80.3583955764771
117.667796303244 116.141936470481 114.585810044233 113.122384015252 111.838776981129 110.921489154591 109.957442900714 108.970724218032 108.67366364423 108.351222318761 107.974460040822 107.488914826337 106.94677958769 106.395965127384 105.863667880788 105.370870478013 104.963308670942 104.596002690932 103.848680047428 103.113562976613 102.40486313315 101.497882618624 100.493921728695 99.492447236005 98.4710635016946 97.4145055658677 96.3429830214557 95.2647172142478 94.2936404733097 93.2851556890151 92.2061240252327 90.9093750224394 89.5073908637552 88.1195651783663 86.8951501285329 85.9810725941378 85.055269129136 84.1308397405288 84.0816474241369 84.0036895976347 83.8732578053194 83.3470205980189 82.6307263654821 81.8288430045633 80.9651567234713 79.9901634104112
119.344868155087 117.641022065107 116.021531497731 114.484600067139 113.166822321275 112.322895723231 111.439261380364 110.536904166727 110.315520342659 110.060541265151 109.712189393885 109.146731432746 108.459423850564 107.794594596414 107.16833114624 106.633562088013 106.181543574614 105.770787743961 104.986040788538 104.218330495498 103.492564257453 102.546448988073 101.482438367956 100.403167500215 99.3361584158505 98.3018547506893 97.2549617991728 96.2028740153593 95.225451076732 94.2205583908979 93.1578917783849 91.85615977119 90.4295131458956 89.0113784565645 87.7171375050264 86.6782737058752 85.6133499145508 84.5315891714657 84.3659385232364 84.1818506577436 83.951197904699 83.3626251220703 82.5881583269905 81.7310549231137 80.8136771706974 79.7745064567117
121.843505971572 120.060036154354 118.315440234016 116.644577026367 115.276128095739 114.596489513622 113.8807813981 113.147028866936 112.945874382468 112.701682371252 112.324760773603 111.545596291037 110.533357732436 109.579816032858 108.701067195219 107.999169069178 107.382382561179 106.811347737032 106.088762058931 105.38677518508 104.737896414364 103.777289671056 102.638880673577 101.468453463386 100.360171710744 99.401258244234 98.4284767824061 97.4491381925695 96.4607129938462 95.4519373949836 94.3984605003806 93.0897389580222 91.6363858615651 90.1847650864545 88.8183220134062 87.6437784082749 86.4292742785286 85.1886902977438 84.8422731511733 84.504030788646 84.1311527700985 83.4615199145149 82.6234286813175 81.7083503498751 80.7279062271118 79.6041994655833
124.486592685475 122.615285200231 120.733473272885 118.902180391199 117.446750304278 116.90074079177 116.327774047852 115.740641089047 115.540417278514 115.29691471773 114.9107466305 113.946623297299 112.631011065315 111.392047321095 110.261027055628 109.395890291999 108.61714553833 107.888321259442 107.223461936502 106.583452000337 105.993415271535 105.004382750567 103.771840039422 102.513903112972 101.362909653608 100.483827366548 99.5870499330408 98.6805819343118 97.6843589333927 96.6650243646958 95.5992135440602 94.2624191957362 92.7590131198659 91.2623753267176 89.8161045523251 88.4939006356632 87.1435075647691 85.7741314383114 85.2791028864243 84.8123103871065 84.3115134519689 83.5712402568144 82.6825524498435 81.7231573217055 80.6939560946296 79.4981487498564
127.332380406997 125.351753795848 123.30891530654 121.278302024393 119.689730924719 119.240161783555 118.781464745017 118.318801094504 118.1023831087 117.850862727446 117.473818722893 116.350450066959 114.747868706198 113.225624869852 111.840531180887 110.813697702744 109.873614816105 108.987299414242 108.373354855706 107.784675485948 107.231970618753 106.201720854815 104.864328608793 103.52079930025 102.320412130917 101.497752021341 100.647046706256 99.7767906188965 98.7688125161564 97.7352087357465 96.6534386803122 95.2987001082476 93.7654656802907 92.2507207533892 90.7670461991254 89.3588575475356 87.9426718319164 86.5226955413818 85.9156355016372 85.356050715727 84.7660101722269 83.9773374445298 83.0533793954288 82.0649969437543 80.9981384838329 79.722604078405
133.238739911248 131.691717708812 129.827767989215 127.948731141932 126.284568113439 125.18162761015 124.061966615565 122.92386301826 122.287560070262 121.636601504158 120.865153256585 119.331454669728 117.281393275541 115.30992900624 113.494704414816 112.124336018282 110.835118574255 109.597675660077 108.940846835866 108.339861477123 107.766684139476 106.754226123585 105.439381206737 104.133108363432 102.931132821476 102.025580237893 101.087786394007 100.126264011159 99.1629229152904 98.1832920523251 97.1514682769775 95.8746924680822 94.4248119803036 92.9998468511245 91.5986708472757 90.2557828566607 88.9160069858327 87.5798821168787 86.9035522236544 86.280367121977 85.627529929666 84.790610369514 83.8171513501336 82.7851292105282 81.6624484342687 80.2699567570406
140.16593506757 139.178990756764 137.523557326373 135.81545122932 134.03259232465 132.019085827996 129.999761805815 127.968553767485 126.783321717206 125.632592032937 124.391512253705 122.405356575461 119.885132060331 117.441705815932 115.174882888794 113.447938133689 111.800662321203 110.207839180441 109.498933455523 108.883313122918 108.290998010074 107.296408148373 106.005758285522 104.738051358391 103.540667477776 102.554477242862 101.528962752398 100.472538779764 99.5446911980124 98.6173635370591 97.6418617472929 96.4486389160156 95.0894240211038 93.7631434272317 92.4553907057818 91.1883584190817 89.9317479975083 88.684388665592 87.9500036800609 87.2680812162511 86.5558136210722 85.6735599742216 84.6541810877183 83.5766961714801 82.3988501604866 80.8867223403033
147.330748389749 146.919955085306 145.469600453096 143.920564763686 142.032428292667 139.095534829532 136.135995303883 133.152771669276 131.351169137394 129.659490697524 127.958700067857 125.529669032377 122.548462587244 119.625834521125 116.895294862635 114.803311067469 112.786922903622 110.82602781408 110.042091594023 109.403883877923 108.796362484203 107.821997586419 106.559125788072 105.33290717181 104.147547216976 103.083873299991 101.97032401141 100.815304026884 99.9142879037296 99.037893631879 98.1250336590935 97.0199581595028 95.7567607655245 94.5346247729133 93.3266148286707 92.1401728461771 90.9684718636905 89.8070099774529 89.0074164446662 88.2564429114847 87.4767476250144 86.5521722681382 85.5069601395551 84.4139143999885 83.2252389122458 81.6463256162756
