PREC/medie/CUMULATA_MEDIA_08.asc
NCOLS 177 
NROWS 174 
XLLCORNER 1436301.375 
YLLCORNER 4916704.5 
CELLSIZE 1500 
NODATA_value -9999 
[rows 100 to 119 of 174, columns 46 to 91 of 177]
96.6649732589722 97.4861447951373 98.3140511232264 99.1110730451696 99.235224162831 99.3393816667445 99.4137605779311 99.203208137961 98.8652885661406 98.2485137266271 97.2543054468491 95.8302764892578 94.2804674260757 92.7183436225442 91.2330516366398 89.8686371410594 88.6101052901324 88.2769030963673 88.0961897793938 88.0282899632173 88.2976915696088 88.7922177034266 89.3671329722685 89.8810736712287 90.2561996684355 90.6489263983334 91.0557089973898 91.6957218787249 92.3275996937471 92.9445020170773 93.4968328756445 94.0252730986651 94.5478598370272 95.3267906413359 96.4338054095998 97.5699784054476 98.8572153764613 100.986035795773 103.190378413481 105.470642426435 105.996649686028 106.191421172198 106.272208718693 105.151697102715 103.106237299302 100.972134421853
95.2296098821303 96.2999779757331 97.3585080539479 98.3765621746288 98.6690847172457 98.9335510590497 99.1559447120218 98.8394417482264 98.3094523934757 97.4697192696964 96.1594844144933 94.3067532707663 92.4070428960464 90.5619179220761 89.0340791590073 87.6337373957914 86.3470790526446 85.9563808441162 85.7079381942749 85.5370766134823 85.621522061965 85.8799648565405 86.2248942992266 86.6357150638805 87.1957807540894 87.7753813126508 88.3685843523811 89.1934570424697 90.0133280193104 90.8231028108036 91.5355137095732 92.2094041599947 92.8664524134468 93.6980823909535 94.760335557601 95.8417463302612 97.0459144536187 98.9962334913366 101.046813291662 103.202149896061 103.433397349189 103.274218559265 102.980815438663 101.578935679267 99.284711893867 96.8770587584552
93.7822583142449 95.099487248589 96.3915836109835 97.6360833224128 98.1022848802454 98.5252122879028 98.8826599121094 98.4488746418672 97.7180270026712 96.6806580038632 95.0814239277559 92.8261107276468 90.5892716576071 88.4695172029383 86.9099148021025 85.4738441916073 84.1496382320628 83.6921461610233 83.3693788191851 83.0972298173343 82.9999616005841 83.0241531203775 83.1317724620595 83.426166786867 84.1628016303567 84.9160724247203 85.6797415508943 86.6730576122508 87.6609940248377 88.6379311505486 89.4847443805021 90.2774921024547 91.0465993320241 91.9110377816593 92.9049046740812 93.9027519506567 94.994877170114 96.73454506257 98.602814618279 100.611061993767 100.529456306906 100.002828373629 99.3616821064669 97.7029504776001 95.1881512473611 92.5236937018002
92.3204720441033 93.881817817688 95.4110826604507 96.8885633244234 97.5347876268275 98.1141211565803 98.5915594661937 98.0273282107185 97.0855742061839 95.8795999639175 94.0214310814353 91.3919616026037 88.8313800587374 86.4451506558587 84.8639454561121 83.391268898459 82.0185948820675 81.4838190078735 81.0790582825156 80.7062119315652 80.4292972228106 80.2197962929221 80.0826244073756 80.2473782791811 81.1526771152721 82.0682543165543 82.9902489325579 84.1383682980257 85.2799399880802 86.4061819244833 87.3710067692925 88.2665413127226 89.1356841255637 90.024712786955 90.9395651256337 91.8415319498848 92.8113155645483 94.3286992521847 96.0055256450877 97.8535737991333 97.4361430897432 96.5296860863181 95.5579837350284 93.6778649722829 91.0083217059865 88.17050521514
91.0688012067009 92.7581220514634 94.4081129747279 96.0056373371797 96.8052048963659 97.5143562204698 98.0847690806669 97.3258947484634 96.0935878192677 94.6389493381276 92.5484969195198 89.6978396247415 86.9672890831442 84.4714953478645 83.0482265809003 81.7206557217766 80.4830851835363 79.9843515508315 79.6013608259313 79.2328020684859 78.9310414791107 78.6781986741459 78.489611527499 78.590350263259 79.4149720528547 80.2400407931384 81.0642759238972 82.0962425540475 83.1167179836946 84.1128069232492 84.9120935552261 85.6211073258344 86.2956606360043 86.9454848906573 87.5592759917764 88.1393780427821 88.7488222402685 89.720381007475 90.8742183517007 92.2434415817261 91.8994925442864 91.1629619598389 90.4004198523129 89.0379698697258 87.1335054285386 85.0210582228268
89.8733158111572 91.6573103175444 93.3953175264246 95.081501680262 96.026634833392 96.8595394807703 97.5189369426054 96.5539792565738 95.0152580036837 93.3006500356338 90.9927079817828 87.9661081538481 85.1018242555506 82.5280909818761 81.299158152412 80.1512772055233 79.0809521394617 78.6349094054278 78.2865152499255 77.9362552165985 77.6308173572316 77.358865962309 77.138078212738 77.1726532543407 77.8670307047227 78.5555914991042 79.2396071798661 80.1159964589512 80.9811508795794 81.8194402947145 82.4312106721542 82.9364444648518 83.4110268144047 83.8258332504946 84.1491082976846 84.4335464028751 84.7215428773095 85.1872922953437 85.8380110684563 86.7136079002829 86.395518022425 85.7909088976243 85.1989350318909 84.3008351325989 83.1179023349986 81.7262614474577
88.6689446954166 90.5376910602345 92.3557621450985 94.1233459360459 95.2069895688225 96.1660304350011 96.9307907889871 95.7781395070693 93.9514663359698 92.0176460602704 89.5321107752183 86.3696401820463 83.3669935675228 80.6976688328911 79.6479395978591 78.6649926690494 77.7470610562493 77.3402821456685 77.0159556164461 76.6872055250056 76.3816699701197 76.0937191738802 75.8344724739299 75.7969492463505 76.3540400897755 76.8990258469301 77.4355847975787 78.149484017316 78.8555920544793 79.538905396181 79.9666653941659 80.2713646467994 80.5669699556687 80.7688566516427 80.8216216984917 80.8541170709273 80.8755211128908 80.8849113688749 81.0260128133437 81.3343059034909 80.9575366412892 80.4143730612362 79.9269852638245 79.4171458132127 78.8941970993491 78.2233961610233
87.4938274271348 89.427680015564 91.3060939452227 93.1332855785594 94.2882765601663 95.3058211382698 96.10747645883 94.7499546163222 92.6330377915326 90.4779805015115 87.9002095390769 84.7992552588968 81.8586244022145 79.2691987823038 78.4334630405202 77.6512485111461 76.9220859583686 76.5847913096933 76.3128759019515 76.0346851769616 75.7644208319047 75.5004288869746 75.2440314433154 75.1574900571038 75.5423342620625 75.9081542772405 76.2607005764456 76.740081801134 77.2117615166832 77.6628115177155 77.8792870465447 77.9797639285817 78.0929795153001 78.1303461439469 78.0456110168906 77.9626013250912 77.8836841162513 77.8540607340196 77.9176640230067 78.101627181558 77.8301291465759 77.4508923081791 77.174538528218 76.9382425055784 76.7430599296794 76.4483433050268
86.354206197402 88.3293583252851 90.2444350298713 92.1056607751285 93.2528701109045 94.250550550573 95.0113129896276 93.4310431199915 91.0245070737951 88.6493742325727 86.0758899800918 83.2551655488856 80.5923031919143 78.2675882648019 77.675125837326 77.1223985728096 76.6097231892978 76.3620015593136 76.1591616939096 75.9474263331469 75.7325825831469 75.5152323386248 75.2836185763864 75.1537902074702 75.3206418121562 75.4624662820031 75.5868629287271 75.762571180568 75.9306384815889 76.0823370007908 76.0576445355135 75.9425749778748 75.8625326998093 75.7548855192521 75.6038055980907 75.4721040304969 75.3655595639173 75.5018841799568 75.6825866839465 75.9226510664996 75.7911881559035 75.5741914160111 75.503755793852 75.446284756941 75.4019317907446 75.3128653133617
85.1612211676205 87.1716966068043 89.1286510018741 91.0345075831694 92.1844461665434 93.176869280198 93.9175907022813 92.1368782380048 89.4602503496058 86.8717654172112 84.306035714991 81.7721617642571 79.3799823312198 77.3094453250661 76.9493580705979 76.6168786918416 76.3127026698169 76.1479355868171 76.0061917725731 75.8531803243301 75.686153159422 75.5075177585377 75.3083369170918 75.1475218604593 75.1058467556448 75.0436646798078 74.9669197727652 74.8675394759459 74.761607282302 74.6482683630551 74.4159782634062 74.1203444424797 73.860576096703 73.6194930497338 73.4160860286039 73.2283025348888 73.0743484777563 73.3603822623982 73.6775815907647 74.0379480474136 74.104229702669 74.0966143187355 74.2016992709216 74.2943624748903 74.3714761734009 74.426400717567
83.7901458740234 85.8174516453463 87.8001567055197 89.7368980856503 90.923942229327 91.9472586126889 92.7064398597269 90.7676422455732 87.8631899777581 85.1021153506111 82.572556551765 80.3441990403568 78.2392186978284 76.433004323174 76.2728492582546 76.1271406271878 75.9963837721769 75.8975743125467 75.8013079867643 75.6907015898648 75.555252159343 75.3986393423641 75.2168903771569 75.0251462038826 74.8128584132475 74.5881203763625 74.3548868684208 74.050291187623 73.7442093596739 73.4442729108474 73.0785647841061 72.6778019316056 72.3159332836375 72.0154917801128 71.8292031849132 71.6577164565816 71.5227830269757 71.9219102999743 72.3371373204624 72.7761734934414 72.9791987222784 73.113203497494 73.320435145322 73.4890544554766 73.610987053198 73.7277304354836
81.2148333717795 83.1474961673512 85.0450993145213 86.9132924360387 88.382030543159 89.6802064110251 90.7008478501264 88.857377501095 85.9793574389289 83.2986682443058 80.9882757523481 79.1649406377007 77.445946412928 75.9659330283894 75.8320273721919 75.7012847697034 75.5737599975922 75.4636937660329 75.3531242538901 75.2259589573916 75.0670304859386 74.8804940896876 74.6652031014947 74.4437626109404 74.2154806782218 73.9802353241864 73.7400998928968 73.4497507039238 73.1623754922081 72.8903472984538 72.5793829244726 72.2472051452188 71.9519782767576 71.7403066999772 71.6893836189719 71.6486636470346 71.6305864698747 71.9969836403342 72.3679531041314 72.7459167732912 72.9185380655177 73.0238340041217 73.1668258975534 73.2557531945846 73.2765677606358 73.3134790308335
78.581019822289 80.3985239197226 82.189006581026 83.9646582322962 85.6918936336742 87.2730271395515 88.6150280447567 86.9286089504466 84.132659070632 81.5270022784962 79.4282123621772 78.0042754622067 76.660333591349 75.4965649597785 75.3760469555855 75.2536029780612 75.1291060132139 75.0077370194828 74.8830216141308 74.7410014236675 74.5604867374196 74.3458043126499 74.106088533121 73.8649932356442 73.6312264484518 73.3920102470061 73.1488086195553 72.8763146540698 72.6095784271465 72.3627224950229 72.1030416067909 71.8365494012833 71.6043973039178 71.476589791915 71.5571850047392 71.6443078938652 71.7434540776645 72.0744297644671 72.4062148683211 72.7397100364461 72.8982670587652 72.9951592753915 73.1146661954768 73.1667373110266 73.1297782098546 73.1099866839016
75.876649351681 77.554655271418 79.2122301213882 80.8678262934965 82.8272974350873 84.7017271378461 86.4359589184032 84.978128825917 82.328220872318 79.7910976970897 77.8953161239624 76.8642486824709 75.8833308500402 75.0249318550615 74.9044481340577 74.7835722390343 74.6623069854344 74.5300173198476 74.3917176793603 74.2369058833403 74.0369840369505 73.7961601509767 73.5402930904837 73.2883062713287 73.057807375403 72.8197636534186 72.576083372621 72.3236126408857 72.0784140053917 71.854075189899 71.6424367848565 71.4390933548703 71.2672087585225 71.2193162511377 71.4287489722757 71.6417711762821 71.859504608547 72.1535133053275 72.4484866366667 72.7450014142429 72.8944398094626 72.9891635389889 73.099240064621 73.1287329687792 73.0477436500437 72.9770412620376
71.2536695424248 72.2016331167782 73.133204684538 74.0690239457523 75.5651122822481 77.0319347381592 78.4529006621417 78.176001773161 77.2642236036413 76.3976981499616 75.6999754765454 75.2223551413592 74.7666073406444 74.3454868688303 74.1077940674389 73.8699287491686 73.6319600273581 73.3814515296151 73.1237368303187 72.848834696938 72.5741389779484 72.3003386820064 72.0210865876254 71.7681286194745 71.6140723158331 71.4514159945881 71.2824581090142 71.2097338648403 71.1562471319647 71.1274280267603 71.1600912809372 71.2334227071089 71.3392227256999 71.471271683188 71.6487494076 71.8239212316625 71.9978491628871 72.1983243227005 72.3987884240992 72.6005507497226 72.7237738861757 72.8162018271054 72.9166350224439 72.9394804589889 72.8510327689788 72.7653968544567
66.141076705035 66.2132503144881 66.2763511713813 66.3521061224096 67.2247707142549 68.1202649789698 69.0564735076007 70.2001937417423 71.4298174801995 72.6287888078129 73.3739539174473 73.4819621198318 73.5866281004513 73.6352743541493 73.2532227670445 72.8736257553101 72.4970739729264 72.1106279807932 71.7182075346217 71.3118937436272 70.9608722434324 70.662824308171 70.3669881049324 70.1211744126152 70.0617483503678 69.992708122029 69.9164558508817 70.0481715903563 70.2100149533328 70.3944343608968 70.6865576014799 71.0502678787007 71.4451367714826 71.7633664608002 71.8953952929553 72.02288999277 72.1474906206131 72.253106509938 72.3578988944783 72.462550927611 72.5544742976918 72.6417137314291 72.7358043193817 72.7554547786713 72.6632506777258 72.5698824034018
61.2424468853894 60.5071035553427 59.7734606406268 59.0615969826193 59.383574738222 59.7248789843391 60.1013403499828 62.5772868605221 65.8744879610398 69.0831099117503 71.2254365612479 71.8646187501795 72.5013157129288 73.0046949807335 72.4581459059435 71.9236581956639 71.4034470670364 70.8759953765308 70.3460265327902 69.8168984932058 69.3968055528753 69.0827944769579 68.769596064792 68.5273815814187 68.5604099666371 68.5863296564888 68.6068250431734 68.9451181818457 69.3228399823694 69.7113208700629 70.2526326039258 70.8978288173676 71.577498365851 72.0837886333466 72.1666281012928 72.2443063960356 72.3187306067523 72.3285107893102 72.3345206625321 72.3355048965005 72.3878389667062 72.4641874958487 72.5577262149138 72.5797233441297 72.4891480487936 72.3978175100158
57.3917130862965 56.397931505652 55.4202447393361 54.4732816710192 54.6113455435809 54.7697745281107 54.9628205720116 57.9340392281027 61.9878909167121 65.8797175323262 68.5810103977428 69.6002716948004 70.6154033085879 71.4504202393924 70.8337536769755 70.2399342410705 69.673324563924 69.0898569541819 68.5053411020952 67.9381671793321 67.5239348271314 67.261327420964 66.9996381927939 66.8206921184764 66.9706748794107 67.1165957030128 67.2595599679386 67.7715982409085 68.3268031232497 68.8796696312287 69.5795498385149 70.3804296325235 71.2155077808044 71.8306089709787 71.8965704581317 71.9577226638794 72.0161901151433 71.9736193558749 71.924983922173 71.8676629627452 71.8938144375296 71.959900449304 72.0538062628578 72.0857078117483 72.0157365939196 71.9460566745085
54.79966117354 54.1992977016112 53.6257091059404 53.0828780321514 53.4452427871087 53.824540867525 54.2328247357817 56.7131508939406 60.0036098816816 63.0734947989969 65.3907523435705 66.6330435977263 67.8720527957468 68.9185830845552 68.345872556462 67.8052387097303 67.3033998713774 66.7599627550911 66.2117767824846 65.6960114661385 65.3649525011287 65.2209816469866 65.0765679163091 65.016477858319 65.3063552099116 65.5945589752758 65.881712008925 66.5439558800529 67.2496344341951 67.9406865554697 68.7405657628003 69.6176157348296 70.5320583441678 71.215866783086 71.2978318999795 71.3743941503413 71.4478082446491 71.3873151190141 71.3166382733513 71.2321102128309 71.2462063396678 71.3093520473032 71.411021527122 71.4621988745297 71.4265338252573 71.3915992344127
52.2756238842712 52.0555043588666 51.8674378026934 51.708117160727 52.2735494988806 52.8559699917541 53.4678173713824 55.450562932912 57.9690240411197 60.2464233987472 62.2024072759292 63.6971520956825 65.1775271331563 66.45070234467 65.9358690065496 65.4551765778485 65.0163403539097 64.5114752124338 63.9959153848536 63.5175272436703 63.2546885294073 63.2149409686818 63.1802254284129 63.232347705785 63.6556681955562 64.082313004662 64.512229884372 65.323091755895 66.1822457874522 67.0286216876086 67.9469259837094 68.9179275877335 69.9052122971591 70.6502303025302 70.7394679714652 70.8231981782352 70.9035371682223 70.8176031463287 70.7177083492279 70.6006850915797 70.596927951364 70.6517266385696 70.7571009748122 70.8229983694413 70.8177591492148 70.8158838608686
