PREC/medie/CUMULATA_MEDIA_04.asc
NCOLS 177 
NROWS 174 
XLLCORNER 1436301.375 
YLLCORNER 4916704.5 
CELLSIZE 1500 
NODATA_value -9999 
[rows 100 to 119 of 174, columns 46 to 91 of 177]
110.143283900093 110.611471849329 111.091672055862 111.539615266463 111.24248456955 110.950557624593 110.666181003346 110.241976457484 109.774219260496 109.322586340063 108.29256105423 106.603856984307 104.896890135372 103.091279394486 100.862746687496 98.6277683762943 96.3870239538305 95.2404914182775 94.2355969092425 93.241036863888 93.0310958694009 93.3472086401547 93.5831575954662 94.0235728937037 94.9376345522263 95.8639946264379 96.8049523690168 98.2085707327899 99.637262877296 101.107825728024 102.072539077086 102.861455552718 103.784472746008 104.519837435554 105.012463205001 105.435077723335 105.746303277857 105.496850771063 105.192133005928 104.832078961765 103.442285762114 101.880554563859 100.341675309574 98.8134614439572 97.2953601163976 95.7821183485143
109.159554032718 109.791742885814 110.436292283675 111.050000499277 110.915976860944 110.786917910856 110.665112775915 110.117396999808 109.433030745562 108.764837321113 107.377751855289 105.161735141979 102.921369861154 100.669535777148 98.4034608392154 96.1321224605336 93.8559830328997 92.7697111298056 91.8453792684219 90.9347167856553 90.6630374964546 90.8294656416949 90.9319735695334 91.2961548917434 92.2802523444681 93.277221735786 94.2858478041256 95.7534856796265 97.2378690383014 98.7509789186365 99.8887971429264 100.894311091479 102.051958168254 103.03659472746 103.789149508757 104.488500426797 105.077403040493 105.043004120097 104.94030419518 104.766373073353 103.180117971757 101.336479439455 99.5143713390126 97.8145707074334 96.2153479071224 94.6218755104963
108.180774941164 108.977144998663 109.786221476162 110.565882430357 110.59516211117 110.628091054804 110.66632828993 109.994535530315 109.090754873612 108.199790730196 106.451411892386 103.701833584729 100.926396762624 98.2235991814557 95.9190007378073 93.6109694873585 91.2997402583852 90.27289463492 89.4281253534205 88.5963694348055 88.2605179618387 88.2721430273617 88.2451233863831 88.535264267641 89.594206052668 90.6659358809976 91.7461822453667 93.2817836649278 94.8285336494446 96.394924696754 97.7140545003554 98.9449425865622 100.315075706033 101.525752768797 102.514782709234 103.484129737405 104.350689130671 104.530088985668 104.635162774254 104.659792114707 102.899684092578 100.785964040195 98.6854539198034 96.814521929797 95.1392174328075 93.4692686024834
107.208071736728 108.168820409214 109.142624883091 110.088435173035 110.281209552989 110.475057321436 110.670351000393 109.873498355641 108.747120268205 107.626402265885 105.511904267704 102.222111365374 98.9100498592152 95.7518847689909 93.4081708683687 91.06355305279 88.7180352771983 87.7502628214219 86.984673724455 86.2276253139271 85.826182309319 85.6791524045608 85.5267822321724 85.7452528897454 86.8838086969712 88.0343302277958 89.1917526581708 90.7969498634338 92.4113667712492 94.0390246054705 95.5443498106564 97.0068873798146 98.5744537465713 99.9963150585399 101.208054710837 102.443796354182 103.589713601505 103.983427216025 104.300398770501 104.527695824118 102.606670828427 100.237800934735 97.8825522591086 95.8647972836214 94.1432478568133 92.4325502339531
106.395101014306 107.439459155588 108.496989278232 109.529257241417 109.842019389657 110.153068346136 110.461389205035 109.394389068379 107.862863260157 106.328346448786 103.861726732815 100.281172556036 96.6839933114893 93.3165942921358 91.1669705615324 89.0214362705455 86.8800431700314 86.0107354276321 85.335002338185 84.6635728723863 84.2716249578139 84.0850805535036 83.9279139322393 84.1205674059251 85.1971438351799 86.2828801239238 87.3731154273538 88.9871359151952 90.6099935699912 92.2386042090023 93.7768268865698 95.2789998334997 96.8479361253626 98.2773920788485 99.4996627078337 100.784489659702 102.008995925679 102.565134581398 103.041202545166 103.423304109012 101.820741232704 99.7707299905665 97.7219393674065 95.94732020883 94.4238562583923 92.9102167241714
105.625672003802 106.731783277848 107.851022439844 108.948106513304 109.36936675801 109.786439699285 110.196956045487 108.826034966637 106.845594658571 104.855525241179 102.04285512251 98.2344718259924 94.4138398450964 90.8922555867363 88.9888046489042 87.0918086276335 85.2012706644395 84.4362842195174 83.8488702213063 83.2619767469518 82.8902957018684 82.6803057894987 82.5261770136216 82.688532520743 83.6696371611427 84.6602515753578 85.655756150975 87.2619845165926 88.8791411624235 90.4956596879398 92.0462980270386 93.5686860365026 95.1297045315013 96.560968763688 97.792233691496 99.1072262034697 100.386899920071 101.08930458742 101.724553557003 102.279472799862 101.004394755644 99.286435323603 97.5564606049482 96.0405220985413 94.7290956553291 93.4107733894797
104.85551180559 106.026180491728 107.207006398369 108.367314563078 108.895611145917 109.417653476491 109.929848951452 108.257372154909 105.828221461352 103.386515925912 100.230181890375 96.1977233886719 92.1620813538046 88.4921059327967 86.8440844732172 85.2038279280943 83.5713842896854 82.9194808146533 82.4283990719739 81.9369894196005 81.5975862390855 81.3747927791932 81.2089574126636 81.3258589821703 82.1953274011612 83.0798449235804 83.9728174700457 85.56221148547 87.1668963853051 88.7658968673033 90.3230692078085 91.8616122217739 93.4302945557763 94.8782959264867 96.1333705677706 97.4439050590291 98.7263455951915 99.52605045543 100.305529566372 101.060596886803 100.136204719543 98.7759208679199 97.3869183203753 96.1534650746514 95.0747379134683 93.9477978033178
104.101404470556 105.322791520287 106.551311773412 107.75856144288 108.321609328775 108.875702296986 109.415882447187 107.41296117446 104.518169823815 101.607545992907 98.2040423224954 94.1916515686933 90.1887362704557 86.5797037517323 85.1822780721328 83.7939907733132 82.4149605035782 81.8894614401986 81.5096878023709 81.129173671498 80.8607351043645 80.6808222462149 80.5603390739245 80.685412173762 81.4794189123546 82.2948886121021 83.1235320708331 84.6992092132568 86.2949611439424 87.8800154293285 89.4369507957907 90.9804800257963 92.5452052004197 94.0069454838248 95.2986070969526 96.6184839220608 97.9141117544735 98.8126952507917 99.7359051143422 100.692593237933 100.097548709196 99.0711849717533 97.9981318642111 96.9929584334878 96.0556731504552 95.0269744816948
103.366787012886 104.622152328491 105.881710837869 107.116950455834 107.62953118717 108.131137511309 108.615506649017 106.250886243932 102.874649356393 99.4796250006732 95.9381066771115 92.2163284245659 88.5129205339095 85.1858681650723 84.025425511248 82.8753830615212 81.7360041912864 81.3405617159956 81.0768552387462 80.8115392607801 80.6385068683063 80.5400132869973 80.5020087378867 80.6673024577253 81.4000897915924 82.1596312312519 82.9361482753473 84.4817752347273 86.0519037527197 87.6060697190902 89.138487367069 90.6599147600286 92.1937584456276 93.6476352916044 94.9646830839269 96.2830490364748 97.577654838562 98.5563167824465 99.6024329522077 100.742514133453 100.447222765754 99.7255350000718 98.9398298824535 98.1266662653755 97.279673464158 96.3029489517212
102.627663948957 103.918253702276 105.208950519562 106.472004918491 106.933711753172 107.382115616518 107.809407907374 105.084027626935 101.226296480964 97.3574061954723 93.6833388945636 90.2625095844269 86.8648157119751 83.8255304098129 82.9074213224299 82.0010188502424 81.1067801994436 80.8481890664381 80.7067909240723 80.5651834081201 80.4965783287497 80.4882924118463 80.534178537481 80.7421713699313 81.4144568609841 82.1129928511732 82.8285708041752 84.3347786840271 85.8759015868692 87.4085584317937 88.9258619196275 90.4350003915675 91.938837037367 93.384766368305 94.7280989815207 96.0747645742753 97.4079834853902 98.5088732803569 99.6807347045225 100.953085969476 100.901991423439 100.437642546261 99.9250181142022 99.2942733764648 98.5239926225999 97.600912991692
101.738872247584 103.052520976347 104.361372330609 105.639850167667 106.071382915272 106.487621587865 106.879248170292 103.833221014808 99.5396026723525 95.2470124469084 91.4772250652313 88.3871514516718 85.3253210432389 82.6010130117921 81.9228642407586 81.2574598070453 80.6054634129738 80.4734166650211 80.4404474146226 80.4080553615794 80.4414730072021 80.5313879461849 80.6683497148402 80.9378784939558 81.5985979988952 82.2873919261619 82.996119967607 84.4810789981309 86.0110615737298 87.5424449093202 89.0543009814094 90.5550222537097 92.0315734077902 93.4647896009333 94.8179470511044 96.1760230204638 97.5237294225132 98.6483476863188 99.8397716494168 101.132440370672 101.232853777268 100.939053563511 100.608049560996 100.109670807334 99.411105520585 98.5374802421121
99.7572181365069 101.013838571661 102.26131251279 103.483794689178 104.051666119519 104.601880045498 105.123435946072 102.02739202275 97.6030129825368 93.1899874070111 89.558334645103 86.9542706854203 84.3820990744759 82.1001185389126 81.6216963932795 81.1572133188739 80.7076068847057 80.6233826244579 80.611683957717 80.6023031122544 80.7082775340361 80.9148016536937 81.1609360750984 81.5475644325728 82.3664807194077 83.2122270350947 84.0775303533849 85.5729273697909 87.1137396167306 88.6650876648286 90.1594992244945 91.6213478340822 93.0406856116127 94.4146433016833 95.7022196685567 96.9975978486678 98.2798032480128 99.1901950275197 100.169425782035 101.25746475949 101.338557720184 101.070022807402 100.780815292807 100.349944254931 99.7419294189004 98.9371992840486
97.7342284707462 98.9354550137239 100.124670757967 101.294318619896 102.002263489892 102.691631962271 103.350615164813 100.213485156789 95.6658076118021 91.1369291053099 87.6440388735603 85.5304166779799 83.4501626631793 81.6145607531071 81.3377490175121 81.0739289693096 80.8241274213309 80.7869019227869 80.7948898988612 80.8116646934958 80.9923471002018 81.3187196955961 81.6789509268368 82.187200239476 83.1695718692944 84.1754627464449 85.198976388749 86.7086869267856 88.2576235673007 89.8152045993244 91.2790179673363 92.6875316395479 94.0487631909988 95.3626194701475 96.5836034101598 97.8183856010437 99.0417539231917 99.7418770649854 100.510770657483 101.392959496554 101.448721969829 101.202782911413 100.943381954642 100.566570085638 100.036329521852 99.3052642766167
95.6613419196185 96.8093364378985 97.9442637387444 99.0652110716876 99.9179192430833 100.75276408476 101.558123251971 98.3901502104367 93.7277653077069 89.0881907378926 85.7351336689556 84.1166914350846 82.5306372134124 81.1453317969161 81.071802212035 81.0080975025673 80.9551513539627 80.9638211867389 80.9896094939288 81.0352558809168 81.2922301572912 81.7409832898308 82.2191520578721 82.8522190632408 84.0017316516708 85.1695867584032 86.351668242146 87.8781934415593 89.4324841639575 90.9854202551 92.409071669859 93.7541540510514 95.0565289188834 96.3098600191229 97.4637179374695 98.6391001308666 99.8086927217596 100.300676009234 100.860137729084 101.534727601444 101.557066019844 101.329505415524 101.091602605932 100.758921791525 100.296239880955 99.6342823084663
92.0262575570275 92.6025237055386 93.162491349613 93.7111988348119 94.1995325368993 94.667220620548 95.1024102323196 92.8985446481144 89.6996054368861 86.538148206823 84.2902619488099 83.2793832736857 82.3010539482622 81.4508085250854 81.4303457596723 81.4151969236486 81.4059375314151 81.4459589045933 81.5034134979634 81.592171053676 81.918236143887 82.4639871541192 83.0344807141844 83.7395718334352 84.909083343604 86.0896675954847 87.2786187932772 88.784578183118 90.3146392948487 91.8326005865546 93.2444466142093 94.5906147395863 95.8997053398806 97.1006754566641 98.0664185355691 99.0588664587806 100.054607110865 100.416469798369 100.846025663264 101.396211904638 101.40291149476 101.190191156724 100.970514634076 100.663838835324 100.232265219969 99.6040138917811
87.942092292449 87.8051545760211 87.6519131800708 87.4925981549656 87.4887895303614 87.4699979108923 87.4284077251659 86.4565470358905 85.1362972399768 83.8513449220096 82.9521374912823 82.5769790200626 82.2297284375219 81.9330598045798 81.9285355175243 81.9272394180298 81.9296427334056 81.9977290113183 82.0887951601078 82.2194507761913 82.6089319139719 83.2433196560425 83.8975666437079 84.6632945616456 85.8278973926516 86.9986105719033 88.1740091443062 89.6544746160507 91.1579239859301 92.6416878279518 94.0474409776575 95.4034150488236 96.7261111315559 97.8806874611798 98.6547977784101 99.4625230536741 100.284062595928 100.522244930267 100.827014586505 101.255803655176 101.244687416974 101.047105144052 100.841016909655 100.555142879486 100.149473667145 99.5523481649511
83.6638419628143 82.7814072580899 81.8913298494676 81.0039140056161 80.4886611910427 79.9988954908708 79.5548991595998 79.8768230045543 80.5047446980196 81.1236884383594 81.6085848212242 81.8967224482228 82.185649630778 82.4456924550674 82.4555969238281 82.4716689726886 82.4949123158174 82.5999168403008 82.7306715302608 82.8949612869936 83.339147746563 84.0540771484375 84.7823116016739 85.5998060712043 86.7497087997549 87.9014926903388 89.0547029481215 90.5013538248399 91.9731235153535 93.4266151119681 94.8294277611901 96.198971229441 97.5370574418236 98.6505399732029 99.2347938593696 99.8583632076488 100.501997905619 100.619571489446 100.80021350524 101.109231387868 101.07904846528 100.89774274826 100.697579047259 100.42483214771 100.037957275615 99.4692861613105
80.1070274324978 78.9371895369361 77.7713164020987 76.6177819055669 75.9584659408121 75.3688620539273 74.8987823093639 75.9941079195808 77.7031808600706 79.3490237909205 80.6739676173996 81.545981259907 82.3908864662928 83.133543277488 83.0991120811771 83.072737105629 83.055986598134 83.1489647206138 83.2729536312468 83.4233683189925 83.8530443205553 84.5581381320953 85.2679713350885 86.0526586455457 87.1366271972656 88.2170268437442 89.29409811076 90.6809241000344 92.0975173571531 93.4965924515444 94.8614320474512 96.2025964540594 97.512913942337 98.5862882417791 99.082440698848 99.6264285901014 100.197701664532 100.278280819164 100.419161361807 100.695445172927 100.672149896622 100.508054480833 100.314576934366 100.053911994485 99.6824276868035 99.1385287958033
77.4164515803842 76.5038321579204 75.6037668340346 74.7194344015683 74.3300355322221 74.0498856516445 73.9586456663468 75.2065702185911 76.9824424631455 78.6503338112551 80.1922987068401 81.5555324764813 82.8650786806555 84.0073248989442 83.8644679328975 83.7324925205287 83.6137236269081 83.6464085351018 83.7199451081893 83.8137063945041 84.1686906779514 84.7870939338908 85.4038678127177 86.0912677049637 87.0772379426395 88.055619979606 89.0272237448131 90.3482993630802 91.707545336555 93.0507488601348 94.3698491068447 95.6717098179985 96.9444905449362 97.9957926694085 98.4848849072176 99.0271560584798 99.6009651913362 99.7003673665664 99.8548473750844 100.14916917857 100.151623585645 100.010492240681 99.8289249083575 99.5845249119927 99.2315944783828 98.7156502779792
74.857586145401 74.2502563280218 73.6591489595525 73.0849061433007 73.0065590213327 73.029300254934 73.2277010609122 74.5401632645551 76.2998451485353 78.0140076665317 79.7943195034476 81.673205277499 83.4466844727011 84.9837306176915 84.7233308834188 84.4697447664597 84.2245212232365 84.1716879991924 84.1706110905199 84.1878347221543 84.448329922031 84.9596302369062 85.4724457018516 86.0533094826867 86.9318410859388 87.8057832297157 88.6755438341814 89.9338495310615 91.2407514838611 92.5377023921293 93.8205695923637 95.0930688661687 96.3388568934272 97.3783442833844 97.8713627983542 98.4159112537608 98.9921434065875 99.1100169490365 99.2777286277098 99.5895239325131 99.6172230944914 99.4988452406491 99.3221245513243 99.0869421397938 98.7458381933324 98.2556201990913
