PREC/medie/CUMULATA_MEDIA_AMGLAS.asc
NCOLS 177 
NROWS 174 
XLLCORNER 1436301.375 
YLLCORNER 4916704.5 
CELLSIZE 1500 
NODATA_value -9999 
[rows 20 to 39 of 174, columns 0 to 45 of 177]
-9999 -9999 -9999 -9999 -9999 -9999 -9999 823.801429748535 836.555862426758 849.369255065918 862.238006591797 866.571189880371 870.028121948242 873.609115600586 874.803504943848 874.850357055664 874.809761047363 875.212211608887 876.180610656738 876.650268554688 876.241622924805 873.099403381348 869.806228637695 866.419525146484 863.482276916504 860.460487365723 857.291595458984 850.325141906738 842.330238342285 834.886161804199 824.331268310547 811.15251159668 798.66096496582 788.640411376953 783.852165222168 778.768379211426 773.770286560059 770.927742004395 768.315086364746 765.956092834473 777.598190307617 791.332893371582 804.633209228516 821.792213439941 841.169120788574 860.766952514648
-9999 -9999 -9999 -9999 -9999 -9999 -9999 823.934394836426 836.563743591309 849.236602783203 861.949119567871 868.631446838379 874.761543273926 881.012535095215 884.131729125977 885.791999816895 887.325202941895 888.27547454834 888.555976867676 888.498634338379 887.63542175293 884.251808166504 880.608406066895 876.805099487305 872.670234680176 868.415519714355 863.96329498291 855.419006347656 845.812538146973 836.888168334961 825.131317138672 811.01488494873 797.583465576172 786.914237976074 782.05118560791 776.809448242188 771.66414642334 769.082046508789 766.747955322266 764.686378479004 776.880676269531 791.210395812988 805.153701782227 821.611587524414 839.516784667969 857.644004821777
-9999 -9999 -9999 -9999 -9999 -9999 822.070457458496 824.050010681152 836.565017700195 849.113265991211 861.691429138184 870.787498474121 879.59610748291 888.490814208984 893.494651794434 896.746070861816 899.863708496094 901.344230651855 900.948036193848 900.309455871582 898.927154541016 895.23616027832 891.246116638184 887.068145751953 881.781211853027 876.337501525879 870.643257141113 860.559234619141 849.367576599121 838.91138458252 825.904968261719 810.800476074219 796.451782226562 785.16520690918 780.254112243652 774.865173339844 769.578750610352 767.261528015137 765.204368591309 763.431686401367 776.170013427734 791.090454101562 805.685173034668 821.451477050781 837.894805908203 854.576194763184
-9999 -9999 -9999 -9999 -9999 -9999 821.898681640625 824.064811706543 836.532997131348 848.996406555176 861.456741333008 873.027008056641 884.51831817627 896.036666870117 902.889846801758 907.713920593262 912.425132751465 914.417358398438 913.355209350586 912.083145141602 910.118408203125 906.052459716797 901.717765808105 897.203948974609 890.812324523926 884.225402832031 877.333679199219 865.752449035645 853.004844665527 840.959495544434 826.648628234863 810.4970703125 795.257446289062 783.389343261719 778.461959838867 772.938705444336 767.518333435059 765.471603393555 763.689476013184 762.195388793945 775.467613220215 790.973564147949 806.230255126953 821.316482543945 836.309852600098 851.575645446777
-9999 -9999 -9999 -9999 814.537956237793 815.455635070801 816.725532531738 820.498458862305 836.246429443359 851.890495300293 867.442405700684 881.960960388184 896.37133026123 910.747901916504 919.00048828125 924.694061279297 930.30712890625 932.901779174805 932.168853759766 931.246322631836 929.400604248047 924.818008422852 920.000961303711 915.012786865234 907.633193969727 900.019515991211 892.048400878906 877.814079284668 862.022727966309 846.914794921875 830.417915344238 812.801498413086 796.257530212402 783.422309875488 778.136268615723 772.137916564941 766.328987121582 765.081451416016 764.101707458496 763.412887573242 775.551986694336 789.636329650879 803.548667907715 820.41951751709 838.998901367188 857.892822265625
-9999 -9999 -9999 -9999 812.307220458984 812.97632598877 813.215232849121 816.705001831055 835.996627807617 855.132019042969 874.135887145996 891.707626342773 909.125427246094 926.446838378906 936.06657409668 942.579467773438 949.039199829102 952.297500610352 952.113845825195 951.77702331543 950.235473632812 945.174423217773 939.913452148438 934.483016967773 926.201995849609 917.650466918945 908.694244384766 891.581062316895 872.435035705566 853.917694091797 835.031379699707 815.847274780273 797.867225646973 783.93864440918 778.173713684082 771.624618530273 765.395347595215 765.124839782715 765.108261108398 765.366966247559 775.897171020508 787.994720458984 800.011512756348 819.371887207031 842.961952209473 866.869804382324
-9999 -9999 -9999 -9999 811.42936706543 810.571395874023 809.555679321289 812.910285949707 835.810073852539 858.468925476074 880.934310913086 901.562637329102 921.985809326172 942.229843139648 953.164749145508 960.478469848633 967.793319702148 971.720077514648 972.094543457031 972.367645263672 971.144836425781 965.632400512695 959.973281860352 954.151748657227 945.02587890625 935.616989135742 925.792663574219 905.901031494141 883.490257263184 861.516777038574 840.204643249512 819.404090881348 799.75390625 784.489295959473 777.996803283691 770.988395690918 764.572639465332 765.508415222168 766.548049926758 767.700614929199 776.565162658691 786.662414550781 796.88680267334 818.836326599121 847.531723022461 876.305587768555
-9999 -9999 -9999 -9999 733.274810791016 758.836631774902 784.508438110352 810.517913818359 837.765419006348 864.664192199707 891.290145874023 914.184921264648 936.787857055664 959.152496337891 970.564605712891 977.882720947266 985.27473449707 989.435043334961 990.278274536133 991.074279785156 990.440521240234 985.780685424805 981.001495361328 976.059387207031 968.084991455078 959.780197143555 951.017868041992 929.892150878906 905.671607971191 881.682037353516 857.30012512207 832.644424438477 809.115692138672 790.994255065918 783.580436706543 775.924789428711 769.054618835449 770.139312744141 771.185157775879 772.18872833252 781.254867553711 791.666847229004 802.41446685791 826.041900634766 857.076484680176 887.946708679199
-9999 -9999 -9999 -9999 732.869247436523 757.515190124512 782.555862426758 809.107048034668 841.248947143555 872.952713012695 904.326553344727 928.929336547852 953.122192382812 976.997802734375 988.204010009766 994.846252441406 1001.61488342285 1005.59651184082 1006.78717041016 1007.98385620117 1008.1845703125 1005.640625 1003.03230285645 1000.31437683105 995.637664794922 990.617752075195 985.130020141602 964.612548828125 940.370376586914 916.171203613281 888.11833190918 857.156867980957 827.268058776855 804.579551696777 796.072158813477 787.593788146973 779.981994628906 779.958999633789 779.74585723877 779.329627990723 790.918319702148 804.515129089355 818.654884338379 842.830123901367 872.774185180664 902.314392089844
-9999 -9999 720.232231140137 721.0654296875 732.23169708252 756.36067199707 780.706260681152 807.727996826172 844.599258422852 881.04426574707 917.17448425293 943.445953369141 969.279296875 994.79362487793 1005.88928222656 1011.97131347656 1018.16035461426 1022.01834106445 1023.59855651855 1025.2230682373 1026.3010559082 1025.89624023438 1025.47846984863 1025.01153564453 1023.6484375 1021.95895385742 1019.83212280273 999.984405517578 975.807846069336 951.496597290039 919.833702087402 882.666015625 846.567123413086 819.487182617188 810.03547668457 800.543846130371 791.865921020508 790.413635253906 788.872848510742 787.236297607422 801.551391601562 818.435661315918 835.78865814209 860.335220336914 889.013710021973 917.104301452637
-9999 667.662628173828 687.321800231934 707.398307800293 729.747055053711 754.722702026367 779.79963684082 808.268974304199 849.012786865234 889.401382446289 929.545669555664 956.792678833008 983.670669555664 1010.27883911133 1021.23724365234 1026.9324798584 1032.69859313965 1036.66120910645 1038.89703369141 1041.19883728027 1043.31642150879 1044.95707702637 1046.64286804199 1048.34452819824 1049.98336791992 1051.33792114258 1052.31109619141 1033.77342224121 1010.50479125977 986.887786865234 952.814529418945 910.96558380127 870.136260986328 839.60319519043 829.107109069824 818.420791625977 808.439010620117 805.081253051758 801.82202911377 798.661666870117 814.690925598145 833.722297668457 853.076072692871 877.632820129395 905.173599243164 931.95906829834
-9999 665.530372619629 682.125274658203 699.272789001465 722.224906921387 751.805381774902 781.468963623047 813.992530822754 856.392135620117 898.455902099609 940.295425415039 966.267456054688 991.947235107422 1017.36614990234 1027.77743530273 1033.32626342773 1038.91804504395 1043.54220581055 1047.25584411621 1051.0724029541 1054.65141296387 1057.62236022949 1060.69076538086 1063.77949523926 1066.38980102539 1068.74047851562 1070.74905395508 1056.99549865723 1039.4496307373 1021.38377380371 992.861785888672 956.661804199219 921.491485595703 894.272239685059 882.361328125 870.097503662109 858.193695068359 850.410438537598 842.897621154785 835.663970947266 845.203674316406 857.314979553223 869.595138549805 891.727020263672 919.519760131836 946.388618469238
651.94465637207 662.823303222656 676.757659912109 690.970054626465 714.660415649414 748.836357116699 783.096778869629 819.637702941895 863.707565307617 907.47087097168 951.034393310547 975.715393066406 1000.21360778809 1024.43984985352 1034.31512451172 1039.7195892334 1045.17613220215 1050.5203704834 1055.74824523926 1061.06355285645 1066.08044433594 1070.36082458496 1074.73104858398 1079.09298706055 1082.56723022461 1085.8143157959 1088.76651000977 1079.74163818359 1067.85078430176 1055.37266540527 1032.43832397461 1001.92231750488 972.442749023438 948.537033081055 935.245262145996 921.478080749512 907.733856201172 895.615646362305 883.809288024902 872.325180053711 875.195854187012 880.271156311035 885.537406921387 905.300155639648 933.401077270508 960.439086914062
651.567741394043 660.353721618652 671.269332885742 682.540962219238 707.10440826416 745.866020202637 784.726211547852 825.239593505859 870.987045288086 916.46549987793 961.628356933594 985.139053344727 1008.46823120117 1031.49922180176 1040.85038757324 1046.11303710938 1051.46903991699 1057.58926391602 1064.36709594727 1071.16731262207 1077.60136413574 1083.17192077637 1088.76164245605 1094.27868652344 1098.50100708008 1102.53326416016 1106.32315063477 1101.95454406738 1095.63636779785 1088.77909851074 1071.4670715332 1046.66966247559 1022.9130859375 1002.32221984863 987.686172485352 972.502212524414 957.016212463379 940.671920776367 924.520690917969 908.566680908203 904.545761108398 902.440017700195 900.76505279541 918.228088378906 946.707557678223 974.021820068359
650.647048950195 660.468254089355 673.086494445801 686.043312072754 711.245185852051 749.180824279785 787.332458496094 827.794235229492 874.939506530762 921.859115600586 968.303680419922 991.90592956543 1015.28256225586 1038.31544494629 1048.0174407959 1053.89506530762 1059.89538574219 1066.86935424805 1074.67668151855 1082.44798278809 1089.56547546387 1095.18118286133 1100.75938415527 1106.17156982422 1109.29844665527 1112.29159545898 1115.11093139648 1110.96766662598 1105.22299194336 1099.0248260498 1084.47724914551 1064.01145935059 1044.59240722656 1027.48808288574 1014.67208862305 1001.21197509766 987.132873535156 969.996185302734 952.917640686035 935.899551391602 928.464645385742 922.666084289551 917.534942626953 930.449821472168 953.751014709473 975.775718688965
649.562469482422 660.558685302734 675.045532226562 689.852836608887 715.683479309082 752.556297302246 789.738349914551 829.926292419434 878.441429138184 926.784225463867 974.47477722168 998.315490722656 1021.90130615234 1045.11233520508 1055.32221984863 1061.95492553711 1068.71635437012 1076.56246948242 1085.31393432617 1093.96600341797 1101.61711120605 1107.02648925781 1112.28871154785 1117.24549865723 1118.79536437988 1120.28828430176 1121.70132446289 1116.70184326172 1110.25978088379 1103.39486694336 1090.80226135254 1074.19505310059 1058.62300109863 1044.92874145508 1034.67506408691 1023.72109985352 1011.86077880859 994.850402832031 977.780883789062 960.650680541992 950.78360748291 942.280799865723 934.665298461914 942.388175964355 958.938415527344 974.130233764648
648.176559448242 660.481597900391 676.878562927246 693.369255065918 719.60262298584 755.238372802734 791.476104736328 831.479873657227 881.414794921875 931.28044128418 980.323776245117 1004.53228759766 1028.44847106934 1051.94729614258 1062.78472900391 1070.25897216797 1077.73661804199 1086.41146850586 1096.06062316895 1105.55758666992 1113.6958770752 1118.8642578125 1123.58062744141 1127.75291442871 1127.40528869629 1127.27864074707 1127.41122436523 1121.68807983398 1114.65016174316 1107.11967468262 1096.51019287109 1083.76095581055 1071.92608642578 1061.52294921875 1053.71868896484 1045.28193664551 1035.69049072266 1018.86515808105 1001.88597106934 984.749053955078 972.553009033203 961.402481079102 951.208999633789 953.648559570312 963.359115600586 971.79035949707
656.559295654297 669.197761535645 685.601516723633 701.933883666992 726.58039855957 758.967544555664 792.31364440918 830.363342285156 880.180648803711 930.077117919922 979.148651123047 1006.14595031738 1032.74754333496 1058.8289642334 1071.48187255859 1080.68109130859 1089.73924255371 1099.18434143066 1108.9609375 1118.54963684082 1126.34423828125 1130.29187011719 1133.49809265137 1136.0114440918 1133.85961914062 1132.20945739746 1131.14994812012 1124.64465332031 1116.91702270508 1108.62840270996 1099.09066772461 1088.69813537598 1079.1138458252 1070.50135803223 1063.62377929688 1056.19033813477 1047.53671264648 1030.99432373047 1014.19619750977 997.137115478516 983.868057250977 971.491073608398 960.134185791016 959.514923095703 965.078964233398 969.447357177734
669.951019287109 682.565864562988 698.124580383301 713.395416259766 735.346794128418 763.298622131348 792.513526916504 827.413505554199 875.973182678223 924.720138549805 972.771484375 1004.25636291504 1035.3058013916 1065.7950592041 1081.23930358887 1092.95606994629 1104.41058349609 1114.61042785645 1123.86038208008 1132.86837768555 1139.533203125 1141.29516601562 1142.00218200684 1141.93775939941 1138.03778076172 1134.92770385742 1132.73658752441 1125.34844970703 1116.79339599609 1107.60906982422 1098.04217529297 1088.21301269531 1079.0700378418 1070.39491271973 1062.53950500488 1054.19671630859 1044.7868347168 1028.56753540039 1011.99703979492 995.069549560547 982.248580932617 970.385818481445 959.612609863281 958.693237304688 963.450637817383 967.091659545898
683.669609069824 696.074226379395 710.71452331543 725.169059753418 744.602882385254 768.356895446777 793.181457519531 824.676010131836 871.677619934082 919.124176025391 966.159744262695 1002.04756164551 1037.46900939941 1072.30383300781 1090.45252990723 1104.61500549316 1118.35403442383 1129.16229248047 1137.77810668945 1146.09112548828 1151.49613952637 1150.9616394043 1149.46115112305 1147.28729248047 1142.09368896484 1137.52647399902 1133.68251037598 1124.89765930176 1115.20367431641 1105.51568603516 1096.31680297852 1087.43591308594 1078.82759094238 1070.1711730957 1061.42578125 1052.13980102539 1041.90007019043 1025.92639160156 1009.60939025879 992.944549560547 980.702896118164 969.429336547852 959.152542114258 957.846481323242 961.713302612305 964.755569458008
