PREC/medie/CUMULATA_MEDIA_10.asc
NCOLS 177 
NROWS 174 
XLLCORNER 1436301.375 
YLLCORNER 4916704.5 
CELLSIZE 1500 
NODATA_value -9999 
[rows 72 to 95 of 174, columns 0 to 53 of 177]
-9999 -9999 -9999 -9999 -9999 -9999 -9999 -9999 -9999 -9999 -9999 -9999 -9999 -9999 -9999 -9999 -9999 -9999 -9999 -9999 121.834363432492 115.059047432507 108.890921410392 103.602130581351 100.090085183873 98.2102377975688 97.7761174230015 98.6362983899958 100.35264377033 102.559747275184 105.09752144533 107.202091329238 108.625739770777 109.297245053684 109.399310112 109.334812248454 108.698633670807 108.265586572535 107.749689803404 107.886717095095 108.122366344228 109.468833194059 111.730875435997 114.46000362845 116.88127599043 119.047567956588 120.575167936437 121.978040891535 123.209243017084 125.565388707554 128.012591137606 129.714408874512 130.214623479282 129.562187531415
-9999 -9999 -9999 -9999 -9999 -9999 -9999 -9999 -9999 -9999 -9999 -9999 -9999 -9999 -9999 -9999 -9999 -9999 -9999 -9999 121.363901895635 113.853232439827 107.543338340871 102.355314984041 98.9436737088596 97.2810029142043 97.123058795929 97.960710104774 99.2764133004581 101.032836928087 102.907271385193 104.375629929935 105.298147846671 105.42382888233 105.015487278209 104.505491200615 103.944898380953 103.641158805174 103.707732789657 104.433028445524 105.454600951251 107.530802109662 110.443328464732 113.633565930759 116.295070423799 118.367575477151 119.74633472106 120.458058216993 121.345171086928 122.785774259006 124.661335271948 125.947794184965 126.556649797103 126.953973433551
-9999 -9999 -9999 -9999 -9999 -9999 -9999 -9999 -9999 -9999 -9999 -9999 -9999 -9999 -9999 -9999 -9999 -9999 -9999 -9999 -9999 110.648966410581 104.804637263803 100.404858350754 97.5199200686287 96.4983101031359 96.7850813444923 97.8387827312245 99.1627698084887 100.610103901695 101.763956743128 102.515411012313 102.561139387243 102.238438998952 101.308789000792 100.560588303734 100.062538343317 99.914634662516 100.301752903882 101.355315601124 103.066764859592 105.641621533562 109.098170757294 112.275734312394 115.28739045648 117.198729627273 118.261818577262 118.72758324006 119.071046548731 119.286848741419 120.336925787084 122.044396737043 123.193900529076 123.780386363759
-9999 -9999 -9999 -9999 -9999 -9999 -9999 -9999 -9999 -9999 -9999 -9999 -9999 -9999 -9999 -9999 -9999 -9999 -9999 -9999 -9999 105.372804711847 100.25060227338 97.1966956503251 95.7381522374995 95.5348996134365 96.4303611446829 97.8853069333469 99.5496167715858 100.794204221052 101.457929849625 101.518623646568 100.980493433335 99.9129752972547 98.5241464446573 97.4246143453261 96.7086052053115 96.4257689784555 96.9496386892655 98.4078569692724 100.365783579209 103.663062852972 107.465117959415 110.670596038594 113.144923097947 114.722555861754 115.567844503066 115.838927886065 115.708470260396 115.664253571454 116.462682219113 117.893585429472 119.219745187198 120.343162480523
-9999 -9999 -9999 -9999 -9999 -9999 -9999 -9999 -9999 -9999 -9999 -9999 -9999 -9999 -9999 -9999 -9999 -9999 -9999 -9999 -9999 -9999 -9999 -9999 93.0255212363075 94.1976674164043 96.1516874537748 98.2594749927521 100.214726952945 101.272858030656 101.552843444488 101.145094787373 99.9144084032844 98.1838202055763 96.3328711425557 94.8891342527726 93.811952829361 93.4318988323212 93.9189323677736 95.2171315726112 97.6708808085498 101.166437289294 104.984119050643 108.130586511949 110.398317224839 111.887989492977 112.596788434421 112.69610859366 112.303419674144 112.065133319182 112.504321659313 113.789207346299 115.331503082724 116.839467918172
-9999 -9999 -9999 -9999 -9999 -9999 -9999 -9999 -9999 -9999 -9999 -9999 -9999 -9999 -9999 -9999 -9999 -9999 -9999 -9999 -9999 -9999 -9999 -9999 89.3701039763058 92.1700637340546 95.4691646239337 98.7518293717328 101.252821235096 102.611652752932 102.772580062642 101.881375284756 100.127232649747 97.7604473899393 95.3666383799385 93.2360306487364 91.7504254509421 90.4482560578515 90.8392751497381 92.1128260949079 94.6255258532131 98.1525820844314 101.925303879906 104.74080026851 107.038219283609 108.504487682791 109.140973147224 109.059481789084 108.340255681206 108.092074394226 108.255032034481 109.414642390083 111.15725923987 113.180585131926
-9999 -9999 -9999 -9999 -9999 -9999 -9999 -9999 -9999 -9999 -9999 -9999 -9999 -9999 -9999 -9999 -9999 -9999 -9999 -9999 -9999 -9999 -9999 -9999 85.105002171853 89.5904278194203 94.6735525551964 99.2414030327516 102.280368762858 104.09140829479 104.120703038047 103.026661522248 101.067075224484 98.2605048067429 94.883521641002 92.040414796156 89.4486235730788 88.2977223115809 87.8705484446357 88.8390748921563 91.2789106228772 94.375308527666 97.6440416504355 100.631004726186 102.852249958936 104.163797659032 104.800880347981 104.717194220599 104.097706345951 103.800234878764 103.84327324699 104.666282878203 106.462705668281 108.801945574143
-9999 -9999 -9999 -9999 -9999 -9999 -9999 -9999 -9999 -9999 -9999 -9999 -9999 -9999 -9999 -9999 -9999 -9999 -9999 -9999 -9999 -9999 -9999 -9999 80.7611807093901 87.0502255874522 93.6072711664088 99.2571274252499 103.354966696571 105.407328816021 105.829355295967 104.993586918887 101.900108688018 98.4240981410532 94.4152646205005 90.5747900289648 87.8977052323959 86.0494893999661 85.4441426080816 85.8555053823135 87.8579464659971 90.4151573742137 93.2102925917682 96.0738618514117 98.141482184915 99.4040770530701 99.8924409361447 99.7623821987825 99.4917617966147 99.4228269352632 99.5469519671272 100.345850046943 101.896988307728 103.857204493354
-9999 -9999 -9999 -9999 -9999 -9999 -9999 -9999 -9999 -9999 -9999 -9999 -9999 -9999 -9999 -9999 -9999 -9999 -9999 -9999 -9999 -9999 -9999 -9999 -9999 -9999 92.1907476537368 99.0849197331597 104.398677545435 107.241841260125 108.158846336253 106.933992904775 104.1467220082 100.044639475205 95.1718312291538 90.6792038889492 87.1377898524789 84.6297540945165 83.3134299446555 83.3173754776225 84.3955549913294 86.1540034518522 88.4941713389228 90.9178573944989 92.967218988082 94.3179699673372 94.7853527069092 94.9269089137807 94.9941893745871 95.2270581862506 95.6197255078484 96.2331901438096 97.6712657704073 99.3187269323012
-9999 -9999 -9999 -9999 -9999 -9999 -9999 -9999 -9999 -9999 -9999 -9999 -9999 -9999 -9999 -9999 -9999 -9999 -9999 -9999 -9999 -9999 -9999 -9999 -9999 -9999 90.5199149215923 98.5929849989274 104.836988603368 108.85992508776 110.489759697634 109.528771119959 106.407369291081 101.864814337562 96.4442352968104 91.0226250115563 86.4089537368101 83.3973251370823 81.4058556416455 80.3207150347093 80.7822599130518 82.0297795744503 83.7304032550139 85.5047606580398 87.4963651544907 88.6735919784097 89.4841639574836 90.109334637137 90.5899382479051 91.0389663191403 91.6138586997986 92.3175482469447 93.5177564620972 95.321011206683
-9999 -9999 -9999 -9999 -9999 -9999 -9999 -9999 -9999 -9999 -9999 -9999 -9999 -9999 -9999 -9999 -9999 -9999 -9999 -9999 -9999 -9999 -9999 -9999 -9999 78.7887899735395 88.5165627142962 97.4907994410571 104.479857360615 109.731819096734 111.848555256339 111.119105170755 108.067776259254 103.308661825517 97.4213181383469 91.3609695715063 86.1992184695076 81.8828273380504 78.9359692124759 77.6759016654071 77.1886715608485 77.7693402346443 78.8090224266052 80.2430656657499 81.6941919607275 82.9291506935568 84.0572283127729 85.0061037680682 85.842442372266 86.7324055783889 87.5409289528342 88.67942237854 89.9979903838214 91.989463189069
-9999 -9999 -9999 -9999 -9999 -9999 -9999 -9999 -9999 -9999 -9999 -9999 -9999 -9999 -9999 -9999 -9999 -9999 -9999 -9999 -9999 -9999 -9999 -9999 -9999 75.4866766929626 85.968321351444 95.6108081621282 103.583009691799 109.44778306344 111.667338034686 111.170534750995 108.534348151263 103.702230593737 97.4653805003447 91.2049634877373 85.3288515876321 80.3615337540122 76.8625804957222 74.6256595779868 73.4125008583069 73.0430119177874 73.7594082215253 74.9128067914177 76.3784448960248 77.7509214737836 79.0219370617586 80.1913753677817 81.4433606652652 82.7531507435967 84.3358496497659 85.686541445115 87.0693621915929 89.022679048426
-9999 -9999 -9999 -9999 -9999 -9999 -9999 -9999 -9999 -9999 -9999 -9999 -9999 -9999 -9999 -9999 -9999 -9999 -9999 -9999 -9999 -9999 -9999 -9999 -9999 -9999 83.0466666081372 93.0862543863409 102.05230996188 108.014442878611 110.602456036736 110.215333125171 107.116978168488 102.137540536768 96.3228990891401 90.2015128696666 84.0449425472933 78.6207670604481 74.4538699598873 71.6682182480307 69.5202018793891 68.5837277805104 68.7309548434089 69.9089271321016 71.3864658860599 72.9534586738138 74.5862404037924 76.1783397898954 77.7806805722854 79.4913321102367 81.1984856268939 82.7293015087352 84.5732356800753 86.7226674696978
-9999 -9999 -9999 -9999 -9999 -9999 -9999 -9999 -9999 -9999 -9999 -9999 -9999 -9999 -9999 -9999 -9999 -9999 -9999 -9999 -9999 -9999 -9999 -9999 -9999 -9999 -9999 89.9011073112488 98.9782711197348 105.13395466524 107.902733438155 107.480875660391 104.238128409666 99.640722134534 94.1566354527193 88.1418673851911 81.7931318002589 76.1956177318797 71.5961699485779 68.249654489405 65.6931639278636 64.4763593673706 64.2861277075375 65.09697599972 66.5952282793382 68.8289291998919 70.8928538490744 73.0290653284858 75.1998410505407 77.187154489405 79.0768066294053 80.8355236053467 82.7229971044204 85.1770981059355
-9999 -9999 -9999 -9999 -9999 -9999 -9999 -9999 -9999 -9999 -9999 -9999 -9999 -9999 -9999 -9999 -9999 -9999 -9999 -9999 -9999 -9999 -9999 -9999 -9999 -9999 -9999 85.6173143807579 94.1194450995501 100.114917194142 102.94330700706 102.467092261595 99.9755930900574 95.705718461205 90.5839592148276 84.7585751589607 78.6861151526956 73.1642426883473 68.3381779053632 64.542332649231 61.8867239952087 60.4805168544545 60.1968141163097 61.1185154634364 62.8747277259827 64.9988001374637 67.4566841966966 70.0485656682183 72.6794896967271 75.1207367111655 77.3534698205836 79.8561806959264 82.3952868966495 84.9872491499957
-9999 -9999 -9999 -9999 -9999 -9999 -9999 -9999 -9999 -9999 -9999 -9999 -9999 -9999 -9999 -9999 -9999 -9999 -9999 -9999 -9999 -9999 -9999 -9999 -9999 -9999 -9999 79.8217375418719 87.6455611200894 93.2233392631306 96.0424274697023 96.0088189629947 93.9522802969989 90.3059402634116 85.5012317545274 79.965013924767 74.477802921744 69.1770794531878 64.4341103890363 60.6366326107698 58.0662675184362 56.7550600837259 56.6626019477844 57.8678593074574 59.9171069369597 62.5316244574154 65.6863547773922 69.2079898329342 72.4904756826513 75.5100517272949 78.393172825084 81.3970654992496 84.3510891970466 86.5705306670245
-9999 -9999 -9999 -9999 -9999 -9999 -9999 -9999 -9999 -9999 -9999 -9999 -9999 -9999 -9999 -9999 -9999 -9999 -9999 -9999 -9999 -9999 -9999 -9999 -9999 -9999 -9999 72.6151868736043 79.7856816123514 85.0563845494214 87.2810652256012 87.6590908835916 85.9725554971134 82.9678711049697 78.6343623049119 73.8625611978419 69.0422405635609 64.2563824092641 59.9884273865644 56.4945777724771 54.1917603717131 53.3278813923106 53.6932923373054 55.1576707222882 57.7437037019169 61.0805905846988 65.0049584613127 69.3006333743825 73.0433732481564 76.7739723710453 80.3098502439611 83.6767651053036 86.4595390768612 88.2076022204231
-9999 -9999 -9999 -9999 -9999 -9999 -9999 -9999 -9999 -9999 -9999 -9999 -9999 -9999 -9999 -9999 -9999 -9999 -9999 -9999 -9999 -9999 -9999 -9999 -9999 -9999 -9999 64.0287468783996 70.2339179515839 75.0500571026522 77.2447057471556 77.5018507452572 76.2544983415043 73.9455857837901 70.5190015400157 66.524716461406 62.4496521669276 58.6181658857009 54.9977319661309 52.217656584347 50.4936605621787 50.1902810826021 51.0783737407011 53.1898642427781 56.3562673680923 60.3593889404746 65.065768774818 69.802590454326 74.4043471392463 78.7333643296186 82.5933890342712 86.0284022162942 88.3896606669706 89.741626402911
-9999 -9999 -9999 -9999 -9999 -9999 -9999 -9999 -9999 -9999 -9999 -9999 -9999 -9999 -9999 -9999 -9999 -9999 -9999 -9999 -9999 -9999 -9999 -9999 -9999 -9999 -9999 -9999 59.8896901467267 63.9736759382136 66.292268556707 66.8436218009276 66.0788413636825 64.3987867551691 61.7782145387986 58.7093449480393 55.6090538922478 52.5342346359702 49.714041373309 47.9122616543489 47.090508853688 47.4475593286402 48.9663636824664 51.6550355799058 55.5462216769948 60.3589623675627 65.6289054646212 71.3110412429361 76.5242970691008 81.166166305542 85.1658356610466 88.1436620319591 89.9448667975033 90.7284410140094
-9999 -9999 -9999 -9999 -9999 -9999 -9999 -9999 -9999 -9999 -9999 -9999 -9999 -9999 -9999 -9999 -9999 -9999 -9999 -9999 -9999 -9999 -9999 -9999 -9999 -9999 -9999 -9999 49.4720010547077 52.8560853986179 55.077809417949 55.9841020107269 55.9169495386236 55.0041358751409 53.2751225583694 51.1400580686681 48.8791610072641 46.6897995892693 44.9387727344737 44.1074740185457 44.1556572633631 45.2505244647755 47.3584343405331 50.8601307307973 55.5773156951456 60.892272977268 66.8429200789508 73.0377833142 78.7546118567972 83.4901876449585 87.3999013900757 89.6572519470664 90.8051202717949 90.8003736103282
-9999 -9999 -9999 -9999 -9999 -9999 -9999 -9999 -9999 -9999 -9999 -9999 -9999 -9999 -9999 -9999 -9999 -9999 -9999 -9999 -9999 -9999 -9999 -9999 -9999 -9999 -9999 -9999 39.7456716860042 42.5805825275533 44.5950448793523 45.9419090467341 46.4445942570181 46.3144170256222 45.437055124956 44.1713449253755 42.8163534052232 41.7471306464251 40.9397009120268 40.9085329841165 41.6437011887045 43.4678309945499 46.4050122709835 50.6346932579489 55.8715853691101 61.8529503485736 68.2828116977916 74.6874290073619 80.6069812213673 85.1825530669268 88.736520206227 90.4432992654688 90.6317227026995 89.7875262709225
-9999 -9999 -9999 -9999 -9999 -9999 -9999 -9999 -9999 -9999 -9999 -9999 -9999 -9999 -9999 -9999 -9999 -9999 -9999 -9999 -9999 -9999 -9999 -9999 -9999 -9999 -9999 -9999 -9999 -9999 35.8940365524853 37.3656692925621 38.3860380369074 38.8050185792586 38.6090502318214 38.2554672044866 37.9590716081507 37.7722799637738 37.757401340148 38.4522883190828 39.8669087746564 42.3934815350701 45.9924434213077 50.7907370399026 56.5790247075698 63.0229253488428 69.7619715578416 76.1717948352589 81.7019373669344 85.9914501414579 88.894454423119 89.8473720550537 89.3374733083388 87.5149521547205
-9999 -9999 -9999 -9999 -9999 -9999 -9999 -9999 -9999 -9999 -9999 -9999 -9999 -9999 -9999 -9999 -9999 -9999 -9999 -9999 -9999 -9999 -9999 -9999 -9999 -9999 -9999 -9999 -9999 -9999 -9999 -9999 31.9332124205197 32.7268716727986 33.3491705024944 34.059396126691 34.5817683163811 35.0909186952254 35.6909509827109 37.0081725260791 38.9266886570874 41.9314998458414 46.0332952667685 51.3229716805851 57.5083137119518 64.2930256619173 71.0543882426094 77.215310236987 82.1249987938825 85.4354563881369 87.4615690287422 87.6931954271653 86.4293937683105 84.2357836050146
-9999 -9999 -9999 -9999 -9999 -9999 -9999 -9999 -9999 -9999 -9999 -9999 -9999 -9999 -9999 -9999 -9999 -9999 -9999 -9999 -9999 -9999 -9999 -9999 -9999 -9999 -9999 -9999 -9999 -9999 -9999 -9999 27.5012772994883 28.8372485637665 30.3781371958116 31.6363280240227 32.7836353498347 33.8817300235524 34.9670661617728 36.603856086731 38.9138301400577 42.2147056635688 46.6328401285059 52.0860744364121 58.4983826525071 65.2557668966406 71.7837304227492 77.40736543431 81.6650928890004 84.0617369203006 84.597695350647 84.0052249852349 82.0538898075328 79.6251052267411
