PREC/medie/CUMULATA_MEDIA_09.asc
NCOLS 177 
NROWS 174 
XLLCORNER 1436301.375 
YLLCORNER 4916704.5 
CELLSIZE 1500 
NODATA_value -9999 
[rows 120 to 139 of 174, columns 46 to 91 of 177]
56.9561922409955 56.7369352228501 56.5207207062665 56.3178946551155 56.871236520655 57.5219528534833 58.3440404218786 60.8566575891831 64.1022724824793 68.0296233682071 71.6865364523495 74.9439475115608 77.547503751867 79.7022156434901 79.7243515463436 79.6050778557272 79.3089408874512 78.9746606490191 78.6207728666418 78.2063358531279 77.9434448690975 77.839147679946 77.7875222598805 77.7774960012997 77.9104559281293 78.016253303079 78.0970732745002 78.2613011528464 78.4463699565214 78.6680038676542 78.805334483876 78.8797356661628 79.0814511355232 79.1661761227776 78.8925839031444 78.6133589464075 78.3308784821454 78.2330966837266 78.1242619121776 77.9704456890331 77.9547906763413 78.0125747007482 78.2083263958202 78.4355777852676 78.7217181430143 79.0760276457843
56.6636867523193 56.5528341181138 56.4439403870526 56.3451685063979 56.8972864151001 57.5537315256455 58.3954044790829 60.9104810602525 64.1597223842845 68.1299101885627 71.818188050214 75.0844324897317 77.6925393272849 79.8695633832146 80.0390291774974 80.0388519062715 79.8228290782255 79.5306517657112 79.2068887598374 78.8106884675867 78.489564222448 78.2481072369744 78.0925282871022 77.9701869067024 77.9227342044606 77.8339645161348 77.7066065844368 77.6920381433823 77.7068878622616 77.7720939411837 77.8296045415542 77.8821082395666 78.0520368463853 78.1406946743236 77.9584410050336 77.7616675881778 77.55555489484 77.493862993577 77.4225458257339 77.3082755593692 77.289989751928 77.3248371236465 77.5134826547959 77.7192041453193 77.9545672921573 78.2584065269021
56.3767727122587 56.3723504683551 56.3673452489516 56.3687937680413 56.915519433863 57.5719626931583 58.4249337140252 60.9341742571662 64.1754452200497 68.1228313446045 71.7761574913474 74.9837162915398 77.5815217635211 79.7830535664278 80.1031359504251 80.2410520665786 80.1435457117417 79.9330290626077 79.6779248854693 79.3292956632726 78.9816320082721 78.6336741727941 78.3778716816622 78.1426360186409 77.9131200453814 77.6263490564683 77.2848842845244 77.0849284003763 76.9222068786621 76.8204949322869 76.7852399489459 76.8047018612132 76.9516057407155 77.0531690260943 76.9736417882583 76.8673283072079 76.7427708120907 76.7232996996711 76.6964462504667 76.6327749140122 76.6245398240931 76.6482267940746 76.8305992799647 77.0167593675501 77.2023637996 77.4535726939931
56.0966113595402 56.1962414909812 56.2910445157219 56.3881356295417 56.9246135038488 57.5745151744169 58.4293889438405 60.923573662253 64.1447044821347 67.9967208189123 71.5436506832347 74.621867460363 77.1964932610007 79.4291465983671 79.9076041053323 80.2069400338566 80.2705956627341 80.1841832329245 80.0379175298354 79.7667461844052 79.423589033239 78.9978400959688 78.6461307301241 78.298121845021 77.8856758790858 77.3988246917725 76.8392351935892 76.4495247111601 76.104736215928 75.8296689426198 75.6933530919692 75.6738608865177 75.8048571418313 75.9258193969727 75.957270229564 75.947452657363 75.908280877506 75.9354803421918 75.9571721694049 75.9515645644244 75.9633039586684 75.9837966806748 76.1623610328226 76.3312597835765 76.4658173112308 76.6604988715228
56.0446381288416 56.2359434576596 56.4182238859289 56.5999699199901 57.2282933627858 57.9742627985337 58.9343527625589 61.2979149537928 64.288516886094 67.8329135670381 71.0986347198486 73.9317465389476 76.3652841904584 78.5226624432732 79.1980074714212 79.6975221072926 79.9614337472355 80.0321409562055 80.0258904625388 79.8633158066693 79.5923779431511 79.1957547804889 78.8567614835851 78.504051769481 78.0014654047349 77.4092251272763 76.7272334379308 76.2319691601922 75.7887834661147 75.425640779383 75.2692148545209 75.2921190822826 75.4896237990435 75.671111275168 75.7170479718377 75.7059466418098 75.6520709991455 75.6531907249899 75.6507891486673 75.626329758588 75.6115852804745 75.6027286753935 75.7517138088451 75.8661389070399 75.8822972353767 75.9547332034391
56.0524596045999 56.3309206121108 56.597183788524 56.8607954137466 57.6076496348662 58.4748047099394 59.5627944048713 61.7648321039536 64.4703954808852 67.6589557423311 70.605650396908 73.1719351375804 75.4367821637322 77.4913055195528 78.3701189826517 79.0769940544577 79.5494761747472 79.7843586416806 79.9245430441464 79.8792007670683 79.6955431769876 79.3480205535889 79.0345757428338 78.6872698839973 78.0991776410271 77.4124658248004 76.6251488853903 76.0386731764849 75.5102927264045 75.0709805208094 74.9030357809628 74.9777190264534 75.2337110182818 75.4626406501321 75.5011436238008 75.4732774846694 75.3941141016343 75.3610597498277 75.328327515546 75.2846583198099 75.2458895514993 75.2101326549754 75.3296945796293 75.3917152180391 75.289602952845 75.2379795523251
56.0505552852855 56.4105110729442 56.7625296536614 57.1134430380429 57.9843471751494 58.9716739654541 60.174612606273 62.2043650010053 64.6140913121841 67.468651491053 70.11742625517 72.4383700875675 74.5204931146958 76.4437682207893 77.5004587734447 78.3953019310446 79.0654717613669 79.454377118279 79.7324353386374 79.8091832329245 79.7184008430032 79.4247978434843 79.1181934581083 78.7529249752269 78.0551148582907 77.2774749082677 76.4162760341869 75.769250757554 75.1855450798483 74.6978262733011 74.5435373642865 74.6965649548699 74.994525124045 75.2496236913344 75.2588071262135 75.2041702270508 75.0983756570255 75.0300383848302 74.9672212039723 74.9102465685676 74.8533697689281 74.796308966244 74.8878064997056 74.9004568212173 74.6811288104338 74.5036717162413
56.0803521661197 56.5464289048139 57.0089659971349 57.4718898324405 58.4526866464054 59.5459904390223 60.8495592229507 62.7138780706069 64.8415799982407 67.3759388643153 69.7349901760326 71.8109390034395 73.7100964714499 75.496425965253 76.6827390334185 77.7162963642794 78.5341786777272 79.0779040841495 79.5106400882497 79.7264555762796 79.7445334266214 79.517796235926 79.2319930581485 78.8716382419362 78.137243270874 77.3431204627542 76.484852959128 75.8361207176657 75.2534163979923 74.7752481348374 74.62690633886 74.7897878534654 75.0600048513974 75.2867130952723 75.2758201150333 75.2038646024816 75.0812076119816 74.9995525584501 74.9300971311681 74.8843897651224 74.8155057570514 74.728949546814 74.7840036504409 74.7444414811976 74.4139328563915 74.1170966204475
56.1479718264412 56.7492867638083 57.3512875052059 57.9549027611228 59.0281924079446 60.2101907169118 61.5971616857192 63.3026165681727 65.1629307690789 67.3913133284625 69.4684594098259 71.2982297785142 73.012565500596 74.6549680373248 75.9193498948041 77.0407108980067 77.9564560160917 78.6557006835938 79.2600888644948 79.6314490823185 79.7734123678768 79.6250525081859 79.3719829110538 79.0345469082103 78.3232021331787 77.5699382108801 76.7705197053797 76.1591796875 75.6115481432746 75.1755834467271 75.0195837581859 75.1360698026769 75.3248793658088 75.4805834153119 75.4494561588063 75.3597115909352 75.2195010465734 75.1297067754409 75.0586128234863 75.0289286445169 74.9441890716553 74.816938456367 74.8248176013722 74.7257850029889 74.279745017781 73.8592864625594
56.1972452051499 56.9337422987994 57.675381379969 58.4201751035802 59.5863006816191 60.8557502522188 62.3217368406408 63.8657098657945 65.4552219615263 67.3940286075368 69.2053956424489 70.8056106567383 72.3434186823228 73.8458549275118 75.1941462124095 76.3964834774242 77.3848817488726 78.2134186239804 78.9637982985553 79.4645427255069 79.7047529781566 79.6079320346608 79.4025903589585 79.1142925935633 78.4526284161736 77.7510315390194 77.0038401659797 76.4235076904297 75.901538624483 75.4847480549532 75.2990730510038 75.3453521728516 75.4658273809096 75.5689857707304 75.5375453724581 75.4507964639103 75.3147460713106 75.2387286915499 75.1846985536463 75.1779344222125 75.0852920307833 74.9240027034984 74.8885250091553 74.7348701252657 74.1765517346999 73.6341863379759
56.299786567688 57.1584527632769 58.0266081866096 58.8998767628389 60.1336912267348 61.4647870905259 62.982286677641 64.3664891860064 65.6988527634565 67.3670143800623 68.9333406336167 70.3286735310274 71.7132084790398 73.0971980375402 74.5424244824578 75.8369093502269 76.9061173831715 77.8493046480067 78.7234961565803 79.3305307276109 79.6483355129466 79.5840805278105 79.4133079753203 79.1649638905245 78.5699575087603 77.9353988871855 77.2543345058666 76.7199658786549 76.2391299079446 75.8567144730512 75.6650832681095 75.6714355244356 75.7584141001982 75.8454201642205 75.8555419024299 75.8155064302332 75.7293700049905 75.6886513653923 75.6694782481474 75.7039360719569 75.6166407641243 75.4278554355397 75.3556960610782 75.1651356921476 74.5439846375409 73.9319315938389
56.8182459438548 57.703358594109 58.6024542415843 59.509064618279 60.6406592200784 61.8640716777128 63.264575846055 64.5039180306827 65.676419987398 67.1705901202034 68.5973830503576 69.909854776719 71.261589050293 72.6416555292466 74.2383138993207 75.6789415022906 76.8820981418385 77.882048662971 78.7849349975586 79.4040563246783 79.7173304838293 79.6173969717587 79.4138775993796 79.1516298406264 78.6723617104923 78.1531466315774 77.585630865658 77.1431299097398 76.7479749567368 76.4433765411377 76.3056774139404 76.3466252719655 76.4726671331069 76.6144180297852 76.7427323285271 76.8237090391271 76.859494489782 76.8689115187701 76.888666826136 76.9678551169003 76.8774512795841 76.6402805552763 76.5107879077687 76.2782706092386 75.639690062579 75.0012816401089
57.3504472620347 58.2595776950612 59.1873198116527 60.1250700109145 61.1527382345761 62.2695430306827 63.5603467155905 64.6624147751752 65.6824488920324 67.0023591658648 68.288761251113 69.5180756064022 70.8153686523438 72.1600695217357 73.8774454453412 75.4430872973274 76.7740826326258 77.8255897970761 78.7508893854478 79.3742479436538 79.6754879670985 79.531655031092 79.2881870269775 79.0031902088839 78.6324444939108 78.225954504574 77.7752233393052 77.4282709009507 77.1239599340102 76.9131008596981 76.8463703604306 76.9387256397921 77.118324952967 77.3278748007382 77.5891597972197 77.8120579439051 77.997184641221 78.0865836423986 78.1699194066665 78.3000984191895 78.2149495517506 77.9360752105713 77.7472317639519 77.4682309206794 76.8084168995128 76.1474700675291
57.8990118363324 58.8292179107666 59.7828376994414 60.7490872775807 61.6707075904397 62.6820290509392 63.8713998233571 64.844596750596 65.7202323464786 66.865223940681 68.0099661210004 69.1554058299345 70.3752223744112 71.6516627143411 73.4585959490608 75.1285498001996 76.5827299005845 77.6823127970976 78.6257909886977 79.247958463781 79.5324626249426 79.339713825899 79.0525238934685 78.7397089565501 78.4744146010455 78.1814460754395 77.8532234640683 77.6078441844267 77.4010641434613 77.2983282874612 77.3172153024112 77.4745114270379 77.718962725471 78.0055108911851 78.4098510742188 78.7873244566076 79.1374105565688 79.3231875475715 79.4823366052964 79.6665230919333 79.593323875876 79.2794942855835 79.0364103878246 78.7158064281239 78.0403049412896 77.3661937713623
58.4938799914192 59.3828806035659 60.2998897328096 61.2319197935217 62.0560129951028 62.9704597697539 64.0670409483068 64.9306311887853 65.6862225252039 66.6806255789364 67.7113386041978 68.8079829496496 69.9856338500977 71.2217728109921 73.0011919806985 74.6568738151999 76.1146331113927 77.2201812968535 78.1679751452278 78.7746549494126 79.0727552526137 78.9257422054515 78.6906623840332 78.4359867993523 78.2720616284539 78.0882329379811 77.8782865860883 77.8421014897964 77.874257143806 78.0235908732695 78.2262937882367 78.4895394269158 78.8406112895292 79.2285904603846 79.6994597491096 80.153185451732 80.5888274697696 80.8496258679558 81.0742209939396 81.2985202564913 81.2733108296114 81.0063375585219 80.7894006616929 80.4958596229553 79.8370168910307 79.180964568082
59.1175387887394 59.9493366690243 60.8155617433436 61.7004280090332 62.4328751283533 63.2537247152889 64.2553703083712 65.0097269170425 65.6466997931985 66.4947178784539 67.415542714736 68.4693612491383 69.6030008652631 70.7916062298943 72.5044573615579 74.1098603641286 75.5409779268153 76.6379537021413 77.5823431576 78.1805056403665 78.5065462449018 78.430866465849 78.2730126100428 78.0991583431468 78.0464480904972 77.9812434701359 77.8988173989689 78.09214479783 78.3861725751091 78.7993930367862 79.1936745363123 79.5622751572553 80.0175841836368 80.5033650117762 81.0312607709099 81.552110896391 82.0652942657471 82.3955580767463 82.681069317986 82.9438453001135 82.9661363713882 82.7456633062924 82.5562802483054 82.2911590407876 81.6502466482275 81.0140812116511
59.8571246652042 60.6339260550106 61.4626869874842 62.31971505109 62.9798965454102 63.7087131949032 64.5813650243423 65.1926855199477 65.6777080087101 66.3659633187687 67.1629234762753 68.1606588924632 69.196444791906 70.26643001332 71.8421608419979 73.3416543848374 74.7155413908117 75.7735606922823 76.6889569899615 77.3204803466797 77.7150028453154 77.7515593136058 77.7125100528493 77.6606018963982 77.7600012386546 77.8505062776453 77.9282095292035 78.3811235988841 78.9650407678941 79.6408663357005 80.2279558742748 80.7006789936739 81.2563412610222 81.8361991433536 82.4166573917165 82.9986092062558 83.582374236163 83.9755333171171 84.3165320228128 84.6159543430104 84.6837786506204 84.5080439623664 84.3471254460952 84.1114357219023 83.4892617393942 82.8744680320515
60.3297264996697 61.0043458377614 61.7479833715102 62.5291061401367 63.0800191093894 63.6795202143052 64.3851215138155 64.9384576012106 65.4189529418945 66.0964621375589 66.8911072226132 67.9029022665585 68.9124695273007 69.9326670029584 71.3222640542423 72.6653161890366 73.9312504039091 74.9341379053452 75.8181913039264 76.481367447797 76.9511382159065 77.122418459724 77.2250772363999 77.3173018062816 77.5797955008114 77.8371681886561 78.0865613151999 78.7173648161047 79.4795326906092 80.3029078315286 80.9920711517334 81.5059416153852 82.0972936293658 82.7004300285788 83.2204530379351 83.7469410615809 84.2816744411693 84.688377716962 85.0533623414881 85.3566288667567 85.4980913050034 85.4652777279125 85.4345602147719 85.3440387389239 84.9196742562687 84.5108983376447
60.4860855551327 61.0042174844181 61.6087444529814 62.260513754452 62.6625921585981 63.0940436194925 63.5942165150362 64.1898565853343 64.8354917414048 65.6702381582821 66.5976507523481 67.6990789525649 68.7574009614832 69.7989954106948 70.9490019854377 72.0822484633502 73.1884054296157 74.1189925249885 74.9689586863798 75.6617454080021 76.2120264838724 76.5374337364645 76.8005934322582 77.0543178109562 77.4868498409496 77.9176445007324 78.3450919880587 79.0907219157499 79.9478438882267 80.8379795972039 81.570032007554 82.0890688054702 82.6819462495692 83.2746127633487 83.6770749933579 84.0938928267535 84.5290767445284 84.939426983104 85.332010381362 85.6430808796602 85.8882016574635 86.0611092062558 86.2204390694113 86.3337582980885 86.1862072664149 86.0563104573418
60.633742500754 61.0093747307273 61.4664096832275 61.9681108138141 62.2006250269273 62.458381877226 62.7786851770738 63.4404237410601 64.276891708374 65.2809153164134 66.3536773008459 67.5570238898782 68.7028514637667 69.8187832551844 70.7806514291202 71.740343654857 72.6974357156192 73.5654157750747 74.3903328390683 75.0931387508617 75.7027462230009 76.1622169719023 76.5721600476433 76.976105185116 77.5673683390898 78.1558275783763 78.7391410154455 79.5782375335693 80.5091565076043 81.4580731111414 82.2258911132812 82.7418883828556 83.3305995043586 83.9098378349753 84.1896923289579 84.4857665791231 84.8031976363238 85.1961613823386 85.5990201164694 85.9094155255486 86.2459064932431 86.6164246727438 86.9571386225083 87.2631612104528 87.3834798476275 87.5226670153001
