PREC/medie/CUMULATA_MEDIA_07.asc
NCOLS 177 
NROWS 174 
XLLCORNER 1436301.375 
YLLCORNER 4916704.5 
CELLSIZE 1500 
NODATA_value -9999 
[rows 24 to 47 of 174, columns 54 to 107 of 177]
-9999 -9999 101.439647225773 109.885129760293 116.830682193532 121.511671739466 122.074003724491 117.726242121528 108.993719100952 97.0948698380414 83.9131332285264 71.3456014745376 60.062459749334 -9999 -9999 -9999 -9999 -9999 -9999 -9999 -9999 -9999 -9999 -9999 -9999 -9999 -9999 -9999 -9999 -9999 -9999 -9999 -9999 -9999 -9999 -9999 -9999 -9999 -9999 -9999 -9999 -9999 -9999 -9999 -9999 -9999 -9999 -9999 70.2506757063024 80.7832782969755 92.6656213648179 104.7714472378 116.078599593219 125.108684764189
-9999 -9999 -9999 113.250061540043 120.076521312489 124.402198342716 124.524413725909 120.26337444081 111.975002288818 101.364546102636 89.9087494681863 77.8726243411793 66.8077647265266 -9999 -9999 -9999 -9999 -9999 -9999 -9999 -9999 -9999 -9999 -9999 -9999 -9999 -9999 -9999 -9999 -9999 -9999 -9999 -9999 -9999 -9999 -9999 -9999 -9999 -9999 -9999 -9999 -9999 -9999 -9999 -9999 -9999 -9999 -9999 67.219027631423 76.1518574882956 86.509744868559 97.6602969450109 108.056204290951 116.437848147224
-9999 -9999 -9999 115.88790287691 122.57238259035 126.603166131412 126.56889444239 122.487380196066 114.777663399191 105.196070278392 95.5114890827852 85.1437684227438 75.0976279763614 -9999 -9999 -9999 -9999 -9999 -9999 -9999 -9999 -9999 -9999 -9999 -9999 -9999 -9999 -9999 -9999 -9999 -9999 -9999 -9999 -9999 -9999 -9999 -9999 -9999 -9999 -9999 -9999 -9999 -9999 -9999 -9999 -9999 53.476858587826 57.9297568377327 64.2798258276547 72.253794557908 81.1389932071461 90.9855674294864 100.963613734526 108.787836523617
-9999 -9999 -9999 117.016813474543 123.617805256563 127.42656511419 127.562268481535 124.083633310655 117.607362522798 110.22709981133 101.904668359195 93.0815919988296 84.0702404695399 76.3926484725055 -9999 -9999 -9999 -9999 -9999 -9999 -9999 -9999 -9999 -9999 -9999 -9999 -9999 -9999 -9999 -9999 -9999 -9999 -9999 90.8313168918385 87.635970844942 83.1187492819393 77.849692625158 72.6255745046279 67.3706189884859 -9999 -9999 -9999 -9999 -9999 -9999 -9999 53.4663097718183 57.1611807767083 62.3750912722419 69.0555696487427 76.9654832166784 85.8091136707979 94.8221365984748 102.066794227151
-9999 -9999 -9999 116.092690075145 123.048643336577 127.680922283846 128.369441593395 125.846891851986 120.817184560439 115.282845777624 108.083696253159 100.783711377312 93.5281525780173 86.9443037369672 81.3429688004886 -9999 -9999 -9999 -9999 -9999 -9999 -9999 -9999 -9999 -9999 -9999 -9999 -9999 -9999 -9999 -9999 109.14953029857 107.944882336785 104.771301157334 99.6580966500675 93.5549360163072 87.1609379263485 80.7540727503159 73.9402149985818 67.874220904182 -9999 -9999 -9999 -9999 -9999 52.7214090683881 54.1682351617252 57.2774962817921 62.0392134049359 68.0982849457685 75.1320521971759 83.1577704934513 91.3555137409883 98.0355554468491
-9999 -9999 -9999 -9999 120.824094604043 125.746836213505 127.447278471554 126.269538206213 123.455063988181 119.263541726505 114.142417122336 108.488007938161 102.755397852729 97.5941417918486 92.6105989287881 87.9751290433547 -9999 -9999 -9999 -9999 -9999 -9999 -9999 -9999 -9999 -9999 101.38251506581 108.189528072582 114.552633397719 119.827590044807 123.575857947854 123.925139707678 121.524809220258 116.953543719123 110.628612518311 103.270228105433 95.8198046964758 88.1711903740378 80.1294697032255 72.8146237766042 -9999 -9999 -9999 -9999 -9999 53.6486638574039 55.0376891528859 58.0983828937306 62.5799012464635 68.3207637562471 74.8415327633128 82.0338653115665 89.4133512833539 95.8851170259364
-9999 -9999 -9999 -9999 116.39880623537 122.033948898315 124.979436201208 125.409127740299 124.686413933249 122.799800872803 119.561739753274 115.246402291691 111.180640501135 107.197601318359 102.71809796726 98.6344826361712 -9999 -9999 -9999 -9999 -9999 -9999 -9999 -9999 -9999 107.307097154505 114.600606132956 121.249411414651 127.566653307746 132.832099465763 135.606395721436 134.930493747487 131.54571017097 126.204458797679 119.236367169548 111.121164097505 102.801101796767 94.3503361870261 85.2189650255091 76.9662696613985 -9999 -9999 -9999 -9999 -9999 54.6109021691715 56.1964690264534 59.3125121733722 64.0578405155855 69.5590114032521 75.9027938842773 82.2712358586928 88.9132222568288 94.6600071402157
-9999 -9999 -9999 102.566232541028 110.686260279487 117.092061379377 121.535228336559 123.746737199671 125.055761786068 124.743549795712 123.457785886877 121.350069831399 118.744475476882 115.371032658745 111.393001612495 107.697106473586 104.473301270429 -9999 -9999 -9999 -9999 -9999 -9999 -9999 -9999 117.36031184477 124.220988105325 130.601709702436 136.899147706873 141.107555389404 143.20449402753 141.744213553036 138.019106696634 132.141745847814 124.710310094497 116.366274216596 107.64021357368 98.7350182252772 89.0672225952148 80.1491761488073 72.2147790123435 -9999 -9999 -9999 -9999 -9999 57.7941105786492 61.3594611672794 66.0350145452163 71.4233223410214 77.4039428935331 83.3924305859734 88.9877653682933 93.845131930183
-9999 -9999 -9999 96.2200468848733 104.561412642984 111.889424043543 117.518402884988 121.498874327716 123.610098670511 125.708773444681 126.21974586038 125.911623001099 124.746205778683 122.097150073332 118.400293742909 115.018148871029 112.198017120361 110.071389198303 108.067028774935 -9999 -9999 -9999 -9999 -9999 -9999 124.579044117647 130.134894427131 135.928608613856 141.18343667423 144.7525843452 145.53681048225 144.139469146729 140.203214981977 134.407884934369 126.959698845358 118.937728657442 110.219778621898 101.098874036004 91.5073791952694 82.369475813473 73.9251081803266 -9999 -9999 -9999 -9999 -9999 59.7543856676887 63.627914316514 68.1520136664896 73.534631504732 79.2853576435762 84.9433236963609 89.8788832496194 93.8607447007123
-9999 -9999 82.3318713132073 90.9939693282632 99.4954267389634 107.302389593685 113.504808762494 118.245009366204 121.864631765029 124.847510954913 127.160678863525 128.467955084408 128.44687091603 126.259455344256 123.933119156781 121.054895905887 118.084042997921 116.062394590939 114.768252541037 114.074817769668 114.745575063369 116.071996464449 118.430128658519 121.272342008703 124.238233902875 128.150265413172 132.486050549675 137.479692795697 141.748810712029 144.00081095976 144.155445323271 142.8825005924 139.323821348303 133.71851348877 126.673773597268 119.129512786865 110.824371786679 101.516798356 92.1354014452766 83.2022432439468 74.7267235587625 -9999 -9999 -9999 -9999 -9999 -9999 66.4568814670338 71.2961780323702 76.5665942921358 82.0785745732925 86.8912858402028 90.9343709384694 94.2092871946447
-9999 -9999 79.1425002322477 88.2037603995379 96.233380205491 103.814643411075 110.441167158239 115.534719018375 119.847660176894 123.518630532657 127.562397788553 129.818482679479 130.212876936969 129.268646352431 127.78641650256 125.357492615195 122.600640577428 120.39351272583 119.365461461684 119.317923601936 119.883461783914 120.639289070578 122.481722214643 124.373609655044 126.024712730857 128.639555538402 132.277801289278 135.78146721335 139.070098428165 140.757700527416 140.492800993078 138.968917173498 135.485152076272 130.04677290075 123.855501960306 116.957629035501 109.122659795425 100.337407056023 91.1419093188118 82.645292338203 74.4037563660566 67.7183191636029 63.229008842917 -9999 -9999 -9999 -9999 -9999 74.7051950342515 79.9400511348949 84.9127959083108 89.1346666672651 92.1914835537181 94.8140759187586
-9999 69.9923787677989 77.9967185749727 86.8498597986558 95.6650977976182 103.873811721802 110.112042931949 115.661296620088 119.686305775362 123.244597042308 126.984867095947 129.937131320729 131.086160771987 130.786107904771 130.165924801546 127.982524423038 125.607362017912 123.346148547004 122.295539070578 121.853874655331 122.156612845028 122.763837702134 123.555530548096 124.830488092759 125.850005654728 127.273236667409 129.634220796473 131.996398028205 134.681514066808 135.746310514562 135.185980852912 133.34856930901 130.044540629667 124.870688943302 119.324915044448 112.87667353013 105.613006703994 97.5025522568647 89.2863211351282 81.1203115126666 73.5766628489775 67.547976437737 64.0459957122803 62.8148007673376 -9999 -9999 -9999 -9999 -9999 83.4150824827306 87.8639484854306 91.3980765623205 93.8589513442096 95.7858094608083
-9999 70.6196229878594 79.2343846208909 88.4704718870275 96.9891015221091 104.862803290872 111.549336713903 117.156889747171 121.447442671832 125.074538511388 128.021250556497 129.0916409212 131.053978976081 131.307474472943 130.680217630723 129.025573618272 126.700010075289 124.545288534725 123.089782714844 122.892941531013 122.790874929989 122.847169315114 122.700501161463 122.871171390309 123.21506320729 123.863346099854 125.064789940329 126.816524281221 128.73228521908 129.713045905618 129.233981861788 127.143122953527 123.867019877714 119.831228144029 114.727492164163 108.283358517815 101.356839236091 94.2871400047751 86.8627994761747 79.3425483703613 72.5599180109361 67.3729121264289 64.8850783740773 64.2243501999799 -9999 -9999 -9999 -9999 81.7492879979751 86.3938292335062 90.3064025430118 93.1860503028421 95.028377420762 96.7508969026453
-9999 73.327594055849 82.5703110694885 91.8925537221572 100.459955327651 108.055190030266 114.391117656932 119.208462434656 123.292441199808 126.624789294075 128.990144617417 130.855688880472 130.664997213027 130.56324150983 129.967767378863 128.138783398797 126.027572519639 123.907963584451 122.574283151066 121.785415312823 121.120638005874 120.488024543313 119.630442899816 118.674300249885 118.362210666432 118.480849322151 119.637978048886 120.880604687859 122.226768044864 123.458407458137 123.14638115378 121.590220507453 118.570809757008 114.958845475141 110.105019513298 104.203951330746 97.870506735409 91.2924445657169 84.0808825773351 77.5669443467084 71.5122855130364 67.5363675285788 65.9276267219992 66.3689860175638 -9999 -9999 -9999 80.725798887365 85.4088009105009 89.5395024243523 92.7634946037741 94.9795655643239 96.6337790769689 98.0230418934542
69.2683125664206 77.9338283819311 87.605809211731 96.9960687300738 105.647628559786 113.036021288703 118.685692843269 122.913787841797 125.983300152947 128.633622113396 130.654863918529 132.11186913883 132.783020243925 131.12908374562 130.110715305104 128.047386506025 125.747248032514 123.220536961275 121.202107036815 119.728875552907 118.317367553711 116.998869952034 115.39975716086 113.836921467501 113.072801477769 113.007158840404 113.627372517305 114.79437345617 115.839526456945 117.259557163014 117.726125380572 116.80051242604 114.230215858011 110.362041024601 105.729304033167 100.542969423182 94.5680780971751 88.1619593676399 81.5978121477015 75.8850465101354 70.6380392523373 68.1602844350478 67.5279403574326 68.9171057308421 71.506596957936 75.6486055710736 80.4939087138456 85.183687434477 89.5054976519416 93.1168017667883 95.7904247957117 97.7719991347369 98.9233820298139 100.127662658691
75.0074480281157 84.3866485427408 93.9873712203082 102.978067678564 111.506210046656 118.566670810475 123.574300205006 126.805461210363 129.014332490809 130.866444307215 132.67103397145 134.02939156925 134.167257421157 132.53375154383 130.676736831665 128.50589168773 125.99005093294 122.702043308931 120.133205189424 117.691123738008 115.693499845617 113.37181225945 111.14852882834 109.340756135828 108.2422283397 108.210953656365 108.937040441176 110.276270698099 111.11769395716 112.16223413804 113.010423996869 112.20120082182 110.20476397346 106.765990088968 102.163320204791 96.8221675648409 91.0553979312672 85.480369904462 79.7522864622228 74.6845512390137 70.6529821508071 69.3601837158203 69.8739937053007 72.26713662989 76.180731380687 80.6231898139505 85.3938983468448 89.864595301011 93.7513012605555 96.812723496381 99.1058053409352 100.707965177648 102.335199917064 103.098433326272
82.1680859397439 91.7010754136478 100.881929846371 109.67465355817 117.369825363159 123.354565900915 127.467091728659 130.064173305736 131.77611990536 133.283807417926 134.697050206801 135.933557398179 135.766190697165 134.478710847742 131.558871661916 128.930271036485 125.498118681066 122.120699714212 119.083715102252 116.303245993222 113.446251813103 110.793963937198 108.165278266458 105.994057150448 104.818520265467 104.575495551614 105.543619043687 106.751983866972 107.976557787727 109.074952069451 109.650258456959 109.337046903722 107.65389027315 104.452164369471 100.190701652976 95.1340932285084 89.7525954527013 84.1888988719267 79.0356693267822 74.7021373299991 71.959950727575 71.5923605526195 73.2362358990838 76.5110942616182 80.7558028277229 85.6704557082232 90.568733215332 94.9622502046473 98.4658418543198 101.040946287267 102.96318099078 104.694195018095 105.808039048139 107.01061742446
90.0275597852819 98.796768356772 107.582605249742 115.432530795827 121.766690422507 126.750123080085 130.246139077579 132.677056929644 134.197153428022 135.47142791748 136.818769118365 137.551190993365 137.251800761503 136.094377854291 131.821107976577 128.746501361623 125.600028542911 122.258765276741 119.040125005385 115.72592050889 112.617599038517 109.546108021456 107.036945118624 105.133261961095 103.581045711742 102.964967166676 103.306230657241 104.675585354076 106.089902092429 107.112091064453 107.742182114545 107.554945328656 106.069361518411 103.340814702651 99.4124253216912 94.7371058744543 89.2926908380845 84.1568432976218 79.9961415459128 76.2434612722958 74.5637175616096 74.9017402424532 77.5242048151353 81.27866823533 85.9842150071088 91.4130201900707 96.6005869472728 101.010388767018 104.272826475256 106.568827909582 108.144090315875 109.391576654771 110.241929671344 111.41244170245
98.1675927498761 106.062793254852 113.141149520874 119.739854419933 124.832403182983 128.732807720409 131.505844677196 133.87390944537 135.562162511489 136.761673198027 138.181072459501 138.499518001781 138.119859583238 136.538263208726 132.619100234088 128.917445238899 125.497199787813 122.245697470272 119.027987087474 115.835697847254 112.836121727439 110.162582846249 107.840993769029 105.766128091251 104.219325794893 103.208088818718 103.192365085377 103.946337082807 105.290011910831 106.68831208173 107.08701728372 106.918397342457 105.801491008085 103.362655415254 99.9033366932589 95.7715427174288 91.0561613195083 86.520674200619 82.5137077780331 79.7004165649414 78.5333152097814 79.6460877586813 82.8330332251156 87.0243574030259 92.3088557299446 97.9415859895594 103.450645110186 108.078399882597 111.192882089054 113.168949351591 114.096558290369 115.073276519775 115.504460054285 116.748115090763
105.383504615111 112.142154861899 117.5651697832 122.468628602869 126.363636129043 129.496125613942 131.681076835184 133.591684453628 135.148306678323 136.761791678036 137.476612315458 137.649711384493 137.217713748707 135.624106014476 132.255885404699 129.596243465648 125.989521475399 122.293014077579 119.23886198156 116.471318188836 113.920801948099 111.619777455049 109.821678610409 108.099697561825 106.487266764921 105.476525699391 105.559133193072 105.495628581328 105.74687239703 106.909230624928 107.500327166389 107.516413744758 106.693750044879 104.877453523524 102.017980463365 98.3347022112678 94.1538366429946 89.9902276431813 86.5783387352438 84.5273631600773 84.3873913708855 86.2939748203053 89.6852856804343 94.4766008152681 99.9641877903658 105.746866001802 111.275424003601 115.630537706263 118.621055715224 120.190913032083 120.834839989157 121.639609392952 122.434417500215 123.926013048957
112.692039237303 117.192177211537 120.684981570524 124.138123904957 126.789361617144 129.108941919663 131.095874113195 132.692014806411 134.273160822251 135.588315627154 136.078275568345 136.048545388614 135.815214942483 133.893481310676 132.482886594885 130.396995095646 128.009762932273 124.90300952687 121.833478591021 118.197586957146 116.163132611443 114.651488135843 113.320195366355 112.184238209444 110.756246230182 109.97724757475 109.502081927131 108.798648609835 108.622903711656 108.696308809168 108.938172733082 108.856213064755 108.323294022504 107.093236362233 104.958181269029 101.856020759134 98.2768183315501 94.7109400805305 92.3698172849767 90.9384579378016 91.1350725959329 93.5231841592228 97.8434778101304 102.863237941966 108.695532854866 114.589777104995 119.570967001073 123.659902236041 126.332253119525 127.747642292696 128.393313463996 129.320669398588 130.302470151116 130.604058097391
118.721914880416 119.974334688748 122.388320530162 124.762787482318 126.699702543371 128.400952956256 129.946988049675 131.395670498119 132.652769874124 133.634912154254 134.196857676787 134.227608849021 134.244188420913 133.071717654957 132.683011447682 131.577422198127 129.621316573199 127.260881087359 124.661819458008 122.559047923369 120.24638635972 119.44388961792 118.760562896729 118.01698662253 117.009456634521 115.730694265927 114.755647322711 113.831061868107 112.962824204389 112.7986313315 112.493989832261 112.437026528751 112.336861554314 110.912517323213 109.029407950009 106.290023915908 103.105031518375 100.530694624957 98.844446070054 97.9186114142923 98.9826769548304 101.81216542861 106.171677280875 111.835240195779 117.378240613376 122.870547771454 127.388392672819 130.506271642797 132.53956155216 133.812997032614 135.121386135326 136.024213790894 136.551453309901 135.997267218197
122.320723084842 122.31144770454 122.245226635652 124.336576630087 126.180664960076 127.576229880838 128.720904855167 129.663107815911 130.298637838925 130.839118059944 130.946583916159 131.321427737965 131.498876683852 132.377161586986 132.78140370986 132.536517423742 131.44351645077 129.949094435748 128.323175318101 127.426005195169 126.544910655302 126.079457900103 125.460325353286 124.881443696864 124.108605328728 122.904213400448 121.812367158778 120.74939884859 119.411061006434 119.099032458137 119.012007320628 118.621729906868 118.195305992575 117.131182165707 114.66451846852 111.754277621999 108.738665749045 106.707075175117 105.413914680481 105.330521639656 106.788141699398 109.694453295539 114.190386547762 119.605375850902 125.012242205003 129.762635735904 133.744527339935 136.212312698364 137.480520136216 138.469567523283 139.503732064191 140.610538819257 140.577483850367 139.845977446612
123.976235011045 122.384061027976 121.122199815862 121.509193308213 122.832234943614 124.866062164307 126.067819034352 127.005873624016 127.340538810281 127.195557762595 126.92951000438 127.720926172593 130.100471272188 131.823006349451 133.358366349164 134.09450934915 134.595032411463 134.81797431497 134.294950597426 134.03205018885 133.477204939898 133.142298978918 132.870812584372 133.151288874009 132.501643012552 131.894168404972 129.939009049359 127.914318084717 126.393904068891 125.412298987893 125.330508961397 125.391605938182 125.225773418651 123.809691260843 121.182249630199 117.881791507497 114.514890109791 112.747643751257 112.032494152293 112.336059037377 114.17524506064 117.2806224823 121.428375496584 126.365616293514 131.187166887171 134.748736325432 137.582096857183 139.392141734853 140.13160461538 140.75041661543 141.925734015072 142.721581851735 142.569241187152 141.607122421265
