PREC/medie/CUMULATA_MEDIA_01.asc
NCOLS 177 
NROWS 174 
XLLCORNER 1436301.375 
YLLCORNER 4916704.5 
CELLSIZE 1500 
NODATA_value -9999 
[rows 120 to 143 of 174, columns 108 to 161 of 177]
19.2619376024779 16.806068540496 14.6932292002089 12.9630259284202 11.6522306392298 10.4942583437352 9.48504561273491 8.59219597017064 7.80482216442333 7.14279969474849 6.63975640956093 6.18262448556283 5.90629283294958 5.73322164048167 5.68350709098227 5.73329531708184 5.95864243893062 6.3158551857752 6.88628515601158 7.84218075959121 9.27595553152701 11.198999049909 13.8179580578033 17.1546871819917 21.1393723522916 25.5616798681371 30.1282542575808 33.9798830940443 36.4722175370244 37.0522754280006 35.6477289936122 32.6596352650839 28.8136411554673 24.3975339768564 20.1939124798073 16.4987959817928 13.4855627724353 11.1202224019696 9.23032611170236 8.02371476941249 7.23430739255512 7.05154060484732 7.13945229351521 7.45304771951016 7.62769489253269 7.87138451723491 8.2247807804276 8.51436486621113 8.747448918574 9.05791752653963 9.89274807756438 -9999 -9999 -9999
15.5883972907768 13.4815919907654 11.7279147681068 10.2148815971964 9.15053861500586 8.36565118283033 7.55288883999867 6.89732208497384 6.3141750180546 5.7938478028073 5.42770466383766 5.13730983348454 5.00129893685088 4.97873848501374 5.05701913290164 5.17025067701059 5.42893850189798 5.7677795764278 6.31406322910505 7.2663891446941 8.62680673686897 10.5180767423966 13.0133944539463 16.2316293050261 20.1056967710747 24.4616305354763 28.756771911593 32.360276018872 34.4898822535487 34.7580733123948 33.0665049745756 29.8941651933333 25.9392135844511 21.8247141873135 17.9832950216882 14.6442047366325 12.0516754266094 9.94891842060229 8.38444844589514 7.47562702175449 6.85075215820004 6.79896465119194 6.98396769165993 7.31349380621139 7.70729798385326 8.16861881666324 8.73444413875832 9.27471334969296 9.78855573429781 11.0821121716324 -9999 -9999 -9999 -9999
12.4430194672416 10.7458871401408 9.34147689447683 8.06132719008362 7.17588668798699 6.71352170363945 6.1278610676527 5.64565101616523 5.26294626514701 4.92297102773891 4.55300563836799 4.42486631957924 4.42889626499485 4.51013353379334 4.63853281122797 4.78946971542695 5.04768665485522 5.3734577131622 5.98347593843937 6.91949153034126 8.26634574287078 10.1929857888642 12.7267274453359 15.8932559227242 19.7026085397776 23.8643579868709 27.8576420089778 31.1386651642182 32.8992069644086 32.8090635082301 30.8211077942568 27.4890240080216 23.5319196178633 19.5544950225774 15.9860871995197 13.0394427548437 10.7410434466951 8.96793285187553 7.65452688669457 6.86312862704782 6.37718712494654 6.38943609244683 6.62755777204738 6.95290668221081 7.4305897249895 8.12831749810892 8.8916603664265 9.7007414006135 11.1671780474922 12.4020554042038 -9999 -9999 -9999 -9999
9.73981132840409 8.49865555763245 7.46420434380279 6.47674233115771 5.7289823149057 5.32652142731582 5.04783172204214 4.75438635971616 4.47966797167764 4.31374429253971 4.0491204402026 4.00950985007426 4.13420947772615 4.19856175780296 4.34842405512052 4.57023477379014 4.78398976431173 5.16054542450344 5.86575637319509 6.84532533323064 8.28369266495985 10.217663142611 12.8372436674202 16.0786251916605 19.9130622429006 24.0438779136714 27.9358935531448 30.9002141075976 32.2127350603833 31.5861894418212 29.2372562148992 25.6080357782981 21.6271597146988 17.7461936053108 14.3239932445919 11.667896407492 9.53931694171008 7.97137399193119 6.91514708627673 6.24202563219211 5.83066399307812 5.83469363959397 6.08122472640346 6.44463144681033 6.99150398636565 7.78148384523742 8.6967886142871 9.77612745981006 11.764981732649 13.3674750704976 15.1982125780162 17.1708146478323 -9999 20.36295367865
7.55069996854838 6.76885826535085 6.01265741008169 5.2839087427539 4.71914607417934 4.32791061085813 4.18915410558967 4.01192489836146 3.93365229227964 3.8964679863523 3.74845548500033 3.7084261441932 3.83566392256933 4.01276671097559 4.1928968622404 4.4324592386975 4.72061150652521 5.18927894269719 5.92625494038357 6.9203597324736 8.35570180240799 10.3752879202366 13.0597990751266 16.4078056707102 20.2965689581983 24.4634189290159 28.289442041341 31.0142813430113 31.9666923424777 30.9079601273817 28.1501151744057 24.3390461101251 20.2735767119071 16.4293383009293 13.2351032320191 10.6441992468694 8.6277129650116 7.24396616395782 6.27269068097367 5.654083925135 5.24893837553613 5.27838718978798 5.49556605780826 5.82577027994044 6.40713447902132 7.21594556990792 8.21401833260761 10.1263701455558 11.7977073306546 13.8340912864489 16.2361971985768 18.8962216548183 21.2941130276989 23.4887349583647
5.89308296012528 5.38492945450194 4.92980346478084 4.40290936652352 3.99832909159801 3.69596700720927 3.56364247641143 3.57407011924421 3.60335331015727 3.52338619880816 3.51750475255882 3.50540460646152 3.65327067936168 3.96620200749706 4.24169573275482 4.42215300745824 4.80436650795095 5.32902928660898 6.11291014446932 7.24396454060779 8.67419286510524 10.7121790682568 13.4718743878252 17.0467579399838 21.0388555912411 25.2867932459887 29.0378621886758 31.5279036199345 32.1385534300524 30.6198313867345 27.4440449476242 23.3337578212514 19.1040255813038 15.2912871487 12.1356827336199 9.69538283698699 7.87770821943003 6.61987673184451 5.76541486820754 5.16807857944685 4.74913077757639 4.73575787596843 4.8817350268364 5.1862580469426 5.76017605381853 6.53999785377699 7.85456476579694 9.56328001004808 11.4123101799804 13.7376341219334 16.5523058982456 19.6256006658077 22.7422198889887 25.4863344373948
4.68212789165623 4.34124051998643 4.0904305550982 3.78210185774985 3.47860774529331 3.2688082237454 3.18833277725122 3.2903887585682 3.33602126030361 3.36545862257481 3.36910946754848 3.46181012427106 3.76574547501171 4.1452620739446 4.34209848239141 4.62789250121397 5.1280684620142 5.74666549353039 6.5960511284716 7.7493023276329 9.31495868370813 11.4183055968846 14.233996540308 17.7530469105524 21.8885168292943 26.1466452900101 29.8970054388046 32.2589018625372 32.4988934853498 30.6210496285382 27.0484240475823 22.6283071531969 18.1957734823227 14.3684462028391 11.2345753347172 8.92455068405937 7.23653403801077 6.10301397653187 5.26434705976178 4.76056440262234 4.42199213627507 4.29085113721735 4.37386422823457 4.60705426861258 5.13162471266354 5.8602103910902 7.38692044554388 8.80581016663243 10.6824781899067 13.0978907771847 16.0752380095861 19.2707553746946 22.8042825526174 25.8174594877397
3.80383455358884 3.57679604782778 3.4700581185958 3.31441477686167 3.1105231945129 3.05597779330085 2.98550797998905 3.03892391744782 3.13598940477652 3.22429307155749 3.39125442504883 3.61027049843003 3.99943677905728 4.338190927225 4.63516066968441 5.08732408460449 5.61506168106023 6.37767298607265 7.3618186598315 8.66674162447453 10.3914261916104 12.6014576282571 15.5528563085724 19.202829024371 23.4697533600471 27.7263253120815 31.3006046659806 33.1821455464644 32.9888855359134 30.575986104853 26.5564249368275 21.8463917935596 17.3619425962953 13.5061530225417 10.5292061917922 8.30114276268903 6.71383093911059 5.6575928365483 4.89802104585311 4.3829464246245 4.10013387396055 3.88977636572193 3.93508161604404 4.10537269536187 4.55361378236729 5.50787383887698 6.61622278304661 7.9447207490311 9.71276711672544 12.016918153009 14.6634200999842 17.9901821582633 21.4097284630818 24.3793900271549
-9999 3.00865010829533 2.97015581674436 2.97846761039075 2.93762893492685 2.88383275884039 2.82613456030102 2.81931013131843 2.96759110075586 3.22609607787693 3.53273141997702 3.85865554739447 4.30073962579755 4.68602322392604 5.1733341532595 5.80023830603151 6.49174726009369 7.36121228424942 8.45705934131847 9.87918579753707 11.6925426055403 14.0756914247485 16.975218655432 20.7065294945941 24.9505905000603 29.0943122663919 32.5583015084267 34.3107507263913 33.7631921487696 30.9653158012558 26.5950524736853 21.6260819715612 16.9129222736639 12.9563048026141 9.92587777796914 7.72357743101961 6.1869448475978 5.15916029495351 4.53150040963117 4.06501375489375 3.79681650154731 3.72515812165597 3.6245565940352 3.74698557573206 4.24472530931234 5.03219529898728 5.87696343134431 7.04511952093419 8.61273708808072 10.6278896384379 12.9988425597548 15.9312214075642 18.9357729501584 21.560945043669
-9999 -9999 -9999 2.76933342656669 2.79059175971676 2.75403943570221 2.66406734200085 2.75140571068315 2.96493728809497 3.2727660580593 3.68117723745458 4.15338990881163 4.70627814969596 5.27720188393312 5.99469733851797 6.81023511115242 7.67523096501827 8.66935773895067 9.83430921768441 11.3539864035214 13.1755895711043 15.5114498357562 18.3712237792857 21.9321177128483 25.9397106328431 29.9298882957767 33.1150561132852 34.5527635637452 33.6880546107012 30.6359696388245 26.094661498771 21.066788990708 16.3653996253715 12.4501912295818 9.470808732159 7.31536861903527 5.82378859029097 4.79151735761586 4.21591027168667 3.87736862634911 3.54341073684833 3.48203129189856 3.41452563334914 3.46764201802366 3.86432096186806 4.48195295517935 5.19028149282231 6.17053691166289 7.47952686863787 8.9997039752848 11.0872469557559 13.4422645038542 15.8933803859879 18.0032685289488
-9999 -9999 -9999 -9999 2.64871761202812 2.57301640905002 2.62173936296912 2.76562829315662 3.05239184376071 3.44853061875876 4.04370092819719 4.52859318344032 5.24080285517608 6.10851784927004 7.06646072601571 8.08340735821163 9.16344321212348 10.2943530801465 11.5104513974751 12.9986203996574 14.7045053848449 16.8442792813568 19.5204761221128 22.5983740792555 26.0570287616814 -9999 32.4054416400545 33.4559355939136 32.3621288222425 29.2334605876137 24.796554979156 19.9484896554666 15.466198051677 11.7643669142443 8.9480476028779 6.90582141981405 5.46659030809122 4.49711385018685 3.91643352543606 3.5900070693563 3.33371109822217 3.24201282771195 3.17002227990066 3.16284555810339 3.58229545547682 3.98611570544103 4.56840881705284 5.35762995262356 6.33994252760621 7.5807357158731 9.16367575526237 10.9720296211102 12.7824787576409 14.3747610765345
-9999 -9999 -9999 -9999 -9999 2.48027492095442 2.66316120151211 2.80615030842669 -9999 3.6686045544989 4.30441051458611 4.97470664189142 5.94603077804341 7.07915657057482 8.30434804541223 9.57925116402261 10.8503441188265 12.0924802159562 13.2784735192271 14.5218163369333 16.0453475170276 17.7965198474772 19.9624676599222 -9999 -9999 -9999 30.2016935541349 30.8570787801462 29.6498339947532 26.691247838385 22.6221158311648 18.2364432548775 14.178929723361 10.8458220029578 8.30202460464309 6.44052570707658 5.1191530946423 4.21803510539672 3.65463641285896 3.35398351707879 3.16505180299282 3.03169575245941 3.01987990736961 2.91998847091899 -9999 3.56920033123563 4.02662731181173 4.63779056422851 5.30037347095854 6.27426158286193 7.45079106223934 8.7543536924264 10.029522310285 11.1500421635368
-9999 -9999 -9999 -9999 -9999 -9999 -9999 -9999 -9999 -9999 4.58685803676353 5.42944745368817 6.68006314687869 8.08044592510251 9.57622395806453 11.0999523085706 12.5413582982386 13.8013414170812 14.869442932746 15.8279996777282 16.9169506378034 18.1119521523223 -9999 -9999 -9999 -9999 26.7114880944 27.0172639752136 25.8023867431809 23.2253670008743 19.7550250502194 16.0175070639919 12.5859924852848 9.73401891133365 7.53424733701874 5.90906761148397 4.75076894199147 3.94265044612043 3.41477386039846 3.11111354477265 -9999 -9999 -9999 -9999 -9999 -9999 -9999 3.91778183509322 4.47493262194535 5.19345432782874 6.02371820237707 6.90000755997265 -9999 -9999
-9999 -9999 -9999 -9999 -9999 -9999 -9999 -9999 -9999 -9999 -9999 5.84640774919706 7.29009034616106 8.92210724511567 10.6580069766325 12.3678114764831 13.8832749636734 15.0637131771621 15.9076862808536 16.4704755728736 17.0416469188297 17.6221688153113 -9999 -9999 -9999 -9999 -9999 -9999 -9999 19.2831963896751 16.5380441038048 13.572988085887 10.8254577675286 8.51832342498443 6.70507343025769 5.34510393878993 4.36525212140644 3.66951955066008 -9999 -9999 -9999 -9999 -9999 -9999 -9999 -9999 -9999 -9999 -9999 -9999 -9999 -9999 -9999 -9999
-9999 -9999 -9999 -9999 -9999 -9999 -9999 -9999 -9999 -9999 -9999 -9999 -9999 9.4313894957304 11.2763065090951 13.0621079697328 14.5262469701907 15.5375426858664 16.0774759685292 16.24062832927 16.2169993581141 -9999 -9999 -9999 -9999 -9999 -9999 -9999 -9999 -9999 -9999 -9999 -9999 7.30197525725645 5.87549303735004 4.78180265777251 -9999 -9999 -9999 -9999 -9999 -9999 -9999 -9999 -9999 -9999 -9999 -9999 -9999 -9999 -9999 -9999 -9999 -9999
-9999 -9999 -9999 -9999 -9999 -9999 -9999 -9999 -9999 -9999 -9999 -9999 -9999 -9999 -9999 -9999 14.2594918968046 15.0308021534892 -9999 -9999 -9999 -9999 -9999 -9999 -9999 -9999 -9999 -9999 -9999 -9999 -9999 -9999 -9999 -9999 -9999 -9999 -9999 -9999 -9999 -9999 -9999 -9999 -9999 -9999 -9999 -9999 -9999 -9999 -9999 -9999 -9999 -9999 -9999 -9999
-9999 -9999 -9999 -9999 -9999 -9999 -9999 -9999 -9999 -9999 -9999 -9999 -9999 -9999 -9999 -9999 -9999 -9999 -9999 -9999 -9999 -9999 -9999 -9999 -9999 -9999 -9999 -9999 -9999 -9999 -9999 -9999 -9999 -9999 -9999 -9999 -9999 -9999 -9999 -9999 -9999 -9999 -9999 -9999 -9999 -9999 -9999 -9999 -9999 -9999 -9999 -9999 -9999 -9999
-9999 -9999 -9999 -9999 -9999 -9999 -9999 -9999 -9999 -9999 -9999 -9999 -9999 -9999 -9999 -9999 -9999 -9999 -9999 -9999 -9999 -9999 -9999 -9999 -9999 -9999 -9999 -9999 -9999 -9999 -9999 -9999 -9999 -9999 -9999 -9999 -9999 -9999 -9999 -9999 -9999 -9999 -9999 -9999 -9999 -9999 -9999 -9999 -9999 -9999 -9999 -9999 -9999 -9999
-9999 -9999 -9999 -9999 -9999 -9999 -9999 -9999 -9999 -9999 -9999 -9999 -9999 -9999 -9999 -9999 -9999 -9999 -9999 -9999 -9999 -9999 -9999 -9999 -9999 -9999 -9999 -9999 -9999 -9999 -9999 -9999 -9999 -9999 -9999 -9999 -9999 -9999 -9999 -9999 -9999 -9999 -9999 -9999 -9999 -9999 -9999 -9999 -9999 -9999 -9999 -9999 -9999 -9999
-9999 -9999 -9999 -9999 -9999 -9999 -9999 -9999 -9999 -9999 -9999 -9999 -9999 -9999 -9999 -9999 -9999 -9999 -9999 -9999 -9999 -9999 -9999 -9999 -9999 -9999 -9999 -9999 -9999 -9999 -9999 -9999 -9999 -9999 -9999 -9999 -9999 -9999 -9999 -9999 -9999 -9999 -9999 -9999 -9999 -9999 -9999 -9999 -9999 -9999 -9999 -9999 -9999 -9999
-9999 -9999 -9999 -9999 -9999 -9999 -9999 -9999 -9999 -9999 -9999 -9999 -9999 -9999 -9999 -9999 -9999 -9999 -9999 -9999 -9999 -9999 -9999 -9999 -9999 -9999 -9999 -9999 -9999 -9999 -9999 -9999 -9999 -9999 -9999 -9999 -9999 -9999 -9999 -9999 -9999 -9999 -9999 -9999 -9999 -9999 -9999 -9999 -9999 -9999 -9999 -9999 -9999 -9999
-9999 -9999 -9999 -9999 -9999 -9999 -9999 -9999 -9999 -9999 -9999 -9999 -9999 -9999 -9999 -9999 -9999 -9999 -9999 -9999 -9999 -9999 -9999 -9999 -9999 -9999 -9999 -9999 -9999 -9999 -9999 -9999 -9999 -9999 -9999 -9999 -9999 -9999 -9999 -9999 -9999 -9999 -9999 -9999 -9999 -9999 -9999 -9999 -9999 -9999 -9999 -9999 -9999 -9999
-9999 -9999 -9999 -9999 -9999 -9999 -9999 -9999 -9999 -9999 -9999 -9999 -9999 -9999 -9999 -9999 -9999 -9999 -9999 -9999 -9999 -9999 -9999 -9999 -9999 -9999 -9999 -9999 -9999 -9999 -9999 -9999 -9999 -9999 -9999 -9999 -9999 -9999 -9999 -9999 -9999 -9999 -9999 -9999 -9999 -9999 -9999 -9999 -9999 -9999 -9999 -9999 -9999 -9999
-9999 -9999 -9999 -9999 -9999 -9999 -9999 -9999 -9999 -9999 -9999 -9999 -9999 -9999 -9999 -9999 -9999 -9999 -9999 -9999 -9999 -9999 -9999 -9999 -9999 -9999 -9999 -9999 -9999 -9999 -9999 -9999 -9999 -9999 -9999 -9999 -9999 -9999 -9999 -9999 -9999 -9999 -9999 -9999 -9999 -9999 -9999 -9999 -9999 -9999 -9999 -9999 -9999 -9999
