PREC/medie/CUMULATA_MEDIA_10.asc
NCOLS 177 
NROWS 174 
XLLCORNER 1436301.375 
YLLCORNER 4916704.5 
CELLSIZE 1500 
NODATA_value -9999 
[rows 96 to 119 of 174, columns 54 to 107 of 177]
72.3994197564967 70.3332728638369 68.6008972841151 67.7750282287598 67.5587512184592 67.8568249029272 68.4180535709157 69.213616623598 70.2639146131628 71.8825224708108 73.0859378365909 74.0843747643863 74.8696902359233 74.9185595863006 74.1799356551731 72.7584549258737 69.8961368518717 65.8165956420057 60.7923219168887 55.4829812295297 50.1469096856959 45.6086429988637 41.5315976423376 38.2728546717588 35.6181287835626 34.0741918016883 33.517836395432 34.2601449559717 36.0390732288361 38.8367057828342 42.6859306587892 47.3278319625294 53.5732622917961 60.6516024645637 67.40553085243 72.9023451734992 76.7566283590653 79.3745130370645 80.1560761016958 79.8391081655727 78.9717778388192 77.2026804825839 76.1840359253042 74.9892770963557 73.4521577147876 71.7794956599965 69.5092201934141 66.838616399204 64.11358535991 60.8558462086846 56.706247736426 52.2127329181222 47.4480775664834 42.1849903218886
67.9983466513017 65.8948030471802 64.8134285842671 64.3662374019623 64.5297442604514 65.1141298237969 65.9733698788811 67.3775200843811 69.2681380159715 71.5124551688924 73.5229740002576 75.1567255328683 76.3433543373557 76.8849882378298 76.9215613252976 75.8549139990526 73.4410567564123 69.8743884142707 65.452098068069 60.545979773297 55.8615795373917 51.503217549885 47.6634136508493 44.5092962559532 41.8298619284349 40.339263179723 39.8667032227797 40.4275417468127 42.3612856233821 44.6107644473805 48.0708420346765 52.3439237650703 57.432073263561 63.1956763267517 68.67270498416 73.0156342422261 75.8804045214373 77.833455639727 78.3136785170611 78.1492500515545 77.9132374104332 77.5524722127353 76.8515548916424 76.0544783928815 75.3910909049651 73.6079702447443 71.2774234098547 68.4280405886033 65.0116604496451 60.7889962056104 55.8734996318817 50.722052602207 45.0233979505651 39.2150113021626
63.8785960253547 62.3463087502648 61.9752871990204 61.9202092956094 62.3135265182046 62.8138456765343 64.3048519386965 66.4840960502625 68.9015178960912 71.553455212537 74.1120568583993 76.0958638331469 77.6614309268839 78.6544270234949 78.8658589194803 78.0837635012234 76.2459803258672 73.1065638836692 69.365094984279 65.4833982692045 61.5029752745348 57.6429726446376 54.2747597203535 51.1129150530871 48.7523132352268 47.4844471356448 46.9329406023026 47.1518921992358 48.776388056138 50.5270305661594 53.0603072292664 56.6165348501766 60.3718609108644 64.8314249796026 68.9159888029099 72.1193407914218 74.0740099899909 75.4017228589338 75.7879480964997 75.888294542537 76.0269592930289 76.2042126725702 75.9680771827698 76.302270433482 75.7828715899411 74.5993770571316 72.7452331851511 70.124426463071 66.4671303314321 61.7070290130727 55.9922143150778 49.8631975300172 43.5421712468652 37.388039336485
60.6108758379431 59.8611998698291 59.6511915150811 60.1552096254685 60.7841743160697 62.2054577434764 64.1098878664129 66.4115634245031 68.9926559925079 71.6052630228155 74.3419107899946 76.610356926918 78.5599836321438 79.9888059111203 80.7508788950303 79.9830144293168 78.2463856164147 75.623800908818 72.7014996444478 69.6734449442695 66.5854186731226 63.5768957418554 60.6333045117995 57.9865402614369 56.1159614605062 54.8595154425677 54.0365803662468 53.7109957933426 54.6805965900421 55.5574444462271 56.8881823876325 59.2094943453284 61.7052970353295 64.7844082187204 67.5576938881594 69.4985276180155 70.7995872637805 71.9783047998653 72.338373338475 72.5586658926571 73.048751746907 73.9195863288992 74.1572471225963 74.9653250189389 75.2482446081498 74.9141153588015 73.7863021107281 71.6182250135085 67.9722733918358 62.7672661472769 56.763432579882 49.9646068460801 43.0433290074853 36.5653005908517
58.6600135424558 58.4660327925402 58.6951695820865 59.3037999097039 60.6468964674894 62.4340035775129 64.7892222614849 67.1909416563371 69.4227188054253 72.0560502795612 74.7345837004044 77.5877433734782 79.8132861291661 81.222662785474 81.7010307872997 81.103468095555 79.5912270545959 77.7151390243979 75.6827320772059 73.2280721664429 71.0681941088508 68.6059651795556 66.282904512742 64.3879619345945 62.7918569480672 61.4212758120369 60.2164390928605 59.1730007634443 58.9761937506059 58.9462630748749 58.9424450958476 59.9757018790526 61.2856663675869 62.9311904346242 64.5219291588839 65.7524572821224 66.6131087401334 67.1424598483478 68.0386202195111 68.6383170029696 69.5296678402845 70.7279959636576 71.8139012210509 72.999284975669 73.9802383184433 74.5012028287439 74.1616258621216 72.4546904213288 68.9809283789466 63.6851064036874 57.3332391451387 50.300031746135 43.1616189409705 36.4978942485417
57.7850212279488 58.1772511776756 58.8697362857706 59.9503909805242 61.4040727965972 63.3605957977912 65.619800770984 68.0871242705513 70.4676170208875 73.0279347300529 75.8778721094131 78.7670049947851 80.9689084642074 82.1449903880849 82.3757007963517 81.8207103504854 80.7080233798307 79.1006513483384 77.8785161270815 76.2290841691634 74.2497765176437 72.3619772406185 70.9613086195553 69.4248575182522 67.9610495006337 66.3684185813455 64.6334654443404 62.7619755548589 61.283565899905 60.3495467550614 59.2960576169631 58.8214221561656 59.1681612379411 59.5374949539409 60.4258091660107 61.3478370554307 61.9861127068015 62.5178795141332 63.3089865025352 64.6053298852023 65.6954817561542 67.2654082845239 68.8415738764931 70.5221884390887 72.137922707726 73.2775532708448 73.2462851159713 71.9515002334819 68.676996409893 63.9451732144636 57.8036854793044 50.7817433792002 43.6633804791114 37.0456209287924
58.0473320519223 58.9092397163896 60.058015795315 61.4930441379547 62.9502946033197 65.0658868866808 67.2881818168304 69.7510011897368 72.4593836209353 74.8998413506676 77.6587204512428 80.1217300330891 81.8967324845931 83.1763872819788 83.2630236148834 82.687670918072 81.7315118873821 80.1806789426243 79.0869685902315 77.7781806553111 76.4644748042612 75.0907347763286 73.9007921359118 72.6330983077779 71.1108960123623 69.2233451113981 66.7973672782674 64.1237979075488 61.4542536595288 59.6306157112122 57.6778378767126 56.213806902661 55.7031919956207 55.4066777369555 55.928354564835 56.7463059285108 57.5794241778991 58.4135944983538 59.3837868045358 60.5908459635342 62.1719311616 63.9739365297205 65.6540091598735 67.6669862340478 69.5779951600467 70.7482516975964 70.924669444561 70.1095921046594 67.5680363704176 63.359091148657 57.5827177237062 50.9495064791511 44.1630100152072 37.875264311538
59.2350327407613 60.6327774805181 62.1690801907988 63.7381566973294 65.3369613465141 67.4386422704248 69.6503517136854 72.2121029741624 74.8810313098571 77.4333012524773 79.9081868704628 82.1471739797031 83.6327738200917 84.2620338271646 84.1760338053984 83.5059042818406 82.6588140796213 81.3136187441209 80.3551266473882 79.1844742017634 78.1327948430005 76.7225020913517 75.226927911534 73.9228938327116 72.1867159254411 69.8548488476697 66.8650889256421 63.4392737360562 60.0067533324747 57.3556213519152 54.8314018109266 52.742372842396 51.724052807864 51.1843692695393 51.676175552256 52.7197387288598 54.1943609784631 55.4518448254641 56.8358678186641 58.248104298816 59.6807742188959 60.9768423893872 62.9428186767242 64.3720583424849 66.1136672847411 67.277361620875 67.9806995461969 67.3491373552996 65.2533870584824 61.5618314778104 56.5241839885712 50.6684902029879 44.6220737029524 39.1484729402206
61.3650551964255 63.0919553181704 64.7304425029194 66.2622089736602 67.8987561604556 70.1561906688354 72.304579706753 74.7021073173074 77.3700801134109 80.1784724067239 82.6274570857777 84.7853108434116 85.8584619550144 86.2754576767192 86.2489252090454 85.3525295397815 84.0491205243503 82.5247688153211 81.2962627971874 79.911799472921 78.6970682144165 77.4365379389595 75.7217997943654 73.7823791223414 71.5869085508234 68.7714604489944 65.3102306758656 61.3842914244708 57.5084354877472 53.9653867483139 51.3399799150579 49.1563725892235 47.9267963241128 47.5646194990943 48.5738484859467 49.8816217604805 51.5104772062863 53.2223865845624 54.9404463207021 56.464408587007 57.7319246530533 59.1895653149661 60.8691128702725 62.2333445794442 63.1347449246575 64.0986322094412 64.3822651926209 63.7045832802268 61.8351129942081 58.7617482332622 54.7135668887812 49.9954465767917 45.3277461108039 40.6513761702706
64.1425153087167 65.9097628523322 67.4122761628207 68.81203046967 70.5526665869881 72.5250858278836 74.4785828941009 76.8601874744191 79.6751397076775 82.4705249842475 85.1552045345306 87.3704719823949 88.57367904046 89.1177386396072 88.4596900098464 87.3475463951335 85.7744529107038 83.8659212168525 82.2453378088334 80.4880990561317 78.9744846400093 77.0803263327655 75.211206520305 73.4617776730481 70.5855347128475 67.1101518378538 63.1370422699872 58.8589575360803 54.6580457336762 50.8960088000578 47.7254481806475 45.920458429 44.8159438441781 45.0497484487646 46.0243812308592 47.6758957470165 49.6707873204175 51.8103689656538 53.8064992357703 55.2249974503237 56.5384865753791 57.8817816376686 59.2888338320396 60.3141722819384 61.0336484909058 61.0596356128945 60.8121808521888 59.8566639949294 58.1856282668955 55.7279576098218 52.6175516633426 49.2993088434724 45.6694956947775 42.0062522327199
67.3496153845507 68.9157931173549 70.0717778346118 71.2812571595697 72.4729100465775 74.1198337078094 76.1114174478194 78.5779472098631 81.6274696378147 84.6301957018235 87.548416039523 89.9010445089901 91.4543623643763 92.1047896076651 91.1388900420245 89.6785550818724 87.6806117366342 85.1241863895865 82.8120210731731 80.9546954070821 79.1568658071406 77.0165318741518 74.9005817665773 72.5698470648597 69.385298167958 65.8088721527773 61.5398818745333 56.8805249859305 52.1941923534169 48.2778535029467 45.08668788391 43.0735819234568 42.374220588628 42.9894261290045 44.3124351571588 46.3031742362415 48.7617374237846 50.8999120417763 53.1050094471258 55.0236358327024 56.4875372262562 57.5402204324217 58.3019395856296 58.9032364417525 58.9961113789502 58.6416305759374 57.5087594460039 56.2017609441982 54.5836378300891 52.623038537362 50.5773423489402 48.4281500612988 45.976474313175 43.5606542194591
70.8687121727887 71.6692379222197 72.0676424713696 72.7678690026788 73.4934668400708 74.7036434762618 76.8902916487526 79.6763545905843 82.9316429390627 86.0966055954204 89.6183131161858 92.4734487954308 94.6277046904844 95.1273385917439 94.2866935589734 92.270192861557 89.8066126178293 86.7307990999783 83.9124401036431 81.6637909272138 79.5238280576818 77.1704909520991 74.8222652042613 72.2042500832502 68.9239933911492 64.7203314023859 60.3039759607876 55.6124323676614 50.923671448932 46.4098910338738 43.3949117870892 41.439796991208 41.1123604774475 41.5800275381874 43.0794360602603 45.3052377981298 48.0294936614878 50.8559274428031 53.5433664427084 55.758855861776 57.1357148429927 57.949694072499 58.1152143548517 58.1906631483751 57.6617429747301 56.6600738939117 55.0577817629365 53.367976150092 51.6750782342518 50.1362238456221 48.9505502721843 47.6540930621764 46.3860346990473 45.0678291320801
74.0146127658732 73.8335860687144 73.3178561785642 73.2982146319221 73.3601128353792 74.2524147875169 76.476092857473 79.5861176602981 83.070759899476 86.6812784952276 91.0199351030238 94.3497734911302 96.9991910177119 97.7669500182657 96.9879477304571 94.6055707791272 91.591342533336 88.5717699387494 85.5846272636862 82.7306687130648 79.7396786072675 77.5157955253825 75.0403422888588 72.2588967856239 68.7522344308741 64.5362466082853 59.9193037958706 54.9863173400655 50.1908374744303 45.9968106115566 42.74195510149 41.0145373624914 40.6349545612055 41.234213320648 42.8946811591878 45.4459755876485 48.4443040595335 51.6260840331807 54.6070186215289 56.828818748979 58.2586715081159 58.8542439376607 58.8299008642926 58.1616287511938 57.2213803564801 55.7536086264779 53.7306977755883 51.5682167936774 49.8474542183035 48.4819738093544 47.6662439984434 47.132450131809 46.7296451260062 46.1632297600017
76.6866341759177 75.2371865791433 73.5936440019047 72.6002023360308 71.9668203381931 72.4861879348755 74.399111032486 77.7099121177898 81.1921719242545 85.9904238616719 90.7532594484441 95.0761390433592 98.4211529843948 99.5594174721662 99.0548916003283 96.6119942244361 93.8626390064464 90.3127816705143 87.1629014435936 83.886843288646 80.6382825234357 77.9475071850945 75.5757218809689 72.8069952515995 69.3944786997402 65.039911775028 60.3847299744101 55.4937006585738 50.7040745230282 46.5581570723478 43.1593966133454 41.462120070177 41.0693164362627 41.8274367521791 43.6212531538571 46.3250903031405 49.5613916551366 53.0879750427078 56.3141526755165 58.830817173509 60.3688438780168 60.964831197963 60.6337741192649 59.5789326850106 57.9570327786838 55.8614908316556 53.6667255268377 51.1342186366811 49.1974765412948 47.8387854484951 47.1817083534072 46.8280259861666 46.9281308580847 47.2790362273946
77.905066798715 75.2867085793439 72.4435082183165 70.3487538309658 69.0510997491724 69.1423740947948 70.8067085883197 73.5933708443361 77.7347977862639 83.1279028864468 88.5076195492464 93.287372785456 97.269801939235 98.9993144203635 99.217391575084 97.5226133430705 94.8293770621805 91.1583797791425 88.1594316678889 84.4318825357101 81.6587221482221 79.3889126497156 77.0981516277089 74.5049832989188 71.1491462763618 66.9599032261792 62.2239944934845 57.2738808954463 52.4129950859967 48.1911295862759 44.738180241164 42.9560064007254 42.549298286438 43.3028866473366 45.1322271578452 47.9064047196332 51.4041696015526 55.105349575772 58.5627348072389 61.333556673106 63.2022013804492 64.0348406539244 63.8472802288392 62.8556307343876 60.7803845019901 58.1809898930437 55.0199544499902 51.8419272759381 49.445619179922 47.9118454947191 47.2622348490883 47.2429393389646 47.6713143026128 48.5306743173038
77.6661981975331 73.4506411412183 69.6390983918134 66.5310080331915 64.3714958218967 63.91053072144 65.0586191065171 67.7391219980576 72.0547375679016 77.706583331613 83.3299402629628 88.6362993086086 92.9408507627599 96.2893584055059 97.4389579576604 96.4334951849545 94.265028813306 91.0660203835543 88.3261610620162 85.5446528406704 82.7051636331222 80.6348595058217 78.8457854775821 76.4965365774491 73.4786778057323 69.5550741307876 65.0024348146775 60.0195575040929 55.1223190672257 50.7550276307499 47.1205644852975 45.0597357644754 44.590944265618 45.2765068657258 47.1176356568056 50.1657494131257 53.842193905045 57.8286848979838 61.5231687321382 64.4838639638003 66.8231693155625 68.4744663028156 68.5647042779361 67.4015107084723 65.0690618332695 61.9624394739375 58.112322537338 54.4761801081545 51.5723666899344 49.3239692835247 48.4091352645089 48.3241308296428 48.7422380307141 49.5968709973728
74.4917916129617 69.379553233876 64.2449367046356 60.8395520939546 58.0207665948307 57.0047201409059 57.9661274797776 60.3683699720046 64.8766341419781 70.121507862035 75.8467742905897 81.6084611205494 86.6186304863761 90.744005315444 92.9179541293312 92.9808825324563 91.7164705080145 89.5351583326564 87.4876732125002 85.2279357910156 83.0809323226704 81.3588318824768 80.0775169064017 78.3225161748774 75.5216485893025 72.1244061413933 67.8618990533492 62.970470049802 58.0324065965765 53.4692659237806 49.6311466483509 47.5605177406002 46.7579962102806 47.6743983135504 49.5476574441966 52.5288755893707 56.2057048082352 60.2520943950204 64.239061313517 67.9120789906558 71.3056128726286 73.341076556374 73.9797914659276 73.1542398368611 70.7681644103106 67.0971807101194 62.4790589879541 58.2956388277166 54.77541708245 52.1199445514118 50.7026324973387 50.2019559635836 50.1419807742624 50.64853422782
69.5127796565785 63.6323872173534 58.0470456235549 53.7970597042757 50.9326001756331 49.4673865542692 49.939796538914 52.2121411281474 56.0454716612311 60.8562833561617 66.5546951013453 72.5649403614156 78.0643472671509 82.4364055044511 85.5861228669391 87.0975354173604 87.0513259452932 85.8844345106798 84.6202207032372 83.0617908028995 81.6908061925103 80.6089281334597 79.9177810725044 78.5286720079534 76.8413518456852 74.165980647592 70.3615186354693 65.7491355643553 60.7623167739195 56.0053222740398 52.0284982218462 49.7060550205848 49.0724619749714 49.756827101988 51.4893166002105 54.4038473753368 58.0715264783186 62.2301246208303 66.6078331891228 71.3587050648297 75.2532619939131 78.028925446903 79.4125937714296 78.9385445819182 76.7580448038438 72.7198422165478 68.0539976007798 63.1186974118738 58.9490972687216 55.8565160246456 53.7159611056833 52.5706099061405 51.9915675696205 51.8829427326427
62.6953871811137 56.3910562150619 50.7001818067887 46.4045858383179 43.3747534822015 41.7205122218413 41.654768502011 43.5769584389294 46.7063285462997 51.0926935252021 56.3600795058643 62.158446410123 67.6460284695906 72.327080488205 75.7664982396014 78.5035792028203 79.5216992988306 79.4175393090529 79.0003844499588 78.2666235040216 77.861348993638 77.8278822758619 77.634033834233 77.4722843310412 76.6831565043505 74.8279101287617 71.6568509690902 67.3868288362727 62.4776704101002 57.5168684300254 53.5487384690958 51.1410538378884 50.3911550956614 50.71712597854 52.4326248379315 55.3344222973375 59.0207103385645 63.3626211460899 68.2191317712559 73.3767093981014 77.8752443509943 81.5151694662431 83.760519841138 83.9842268579146 81.9812305955326 78.2447504296022 73.5856300522299 68.7400682813981 64.0819370185628 60.1010921422173 56.8465173665215 54.9377520925858 53.6438764964833 52.5024649255416
54.5811440804425 48.326032666599 42.801520929617 38.8088892908657 35.8224863585304 34.1789994660546 34.0937027370229 35.3350257803412 37.8563908058054 41.5633355869966 46.1410657237558 51.3068864135181 56.3823971537983 60.8010970319019 64.7741624607759 67.6268726762603 69.3320748420323 70.3733209687121 70.9475587396061 71.1975994180231 71.9972695883583 72.8582247846267 73.6359122079961 74.2946783514584 74.4123612852658 73.3893424763399 70.8569800292744 67.0487989888472 62.1347342589322 57.325190828127 53.5736105617355 51.2270428012399 50.2022676608142 50.5030022649204 51.8497022776043 54.7082072987276 58.4040153517443 63.0172558181426 68.300661963575 73.5454758756301 78.6393786458408 83.0373867820291 86.435210017597 87.2298663083245 86.1155767160303 83.0883087410646 78.8585092600654 74.1216355912826 68.9783668658313 64.2605522380156 60.4209520676557 57.165637549232 54.8484183199265 52.6916874717264
45.9853340176975 40.235654297997 35.2129009120605 31.5902106902179 28.9188772369834 27.3528390141094 27.2800588607788 28.0671364314416 29.987232523806 32.9552341068492 36.6923860767308 40.9062160218463 45.0803072487607 49.3475767338977 53.1151378259939 56.0489886823822 58.204437494278 59.6473284258562 60.8636323073331 62.4514528653201 64.3321941109265 65.8734415278715 67.3625609173494 68.8180929071763 69.7010779661291 69.3750552850611 67.501526797519 63.9828287853914 59.4424307206098 55.1496032546548 51.5584275757565 49.2215226888657 48.0978327428593 48.2283566629185 49.455968190642 52.0448215253213 55.7727868697223 60.1497503203504 65.8512028175242 71.208588698331 76.739018426222 81.7481336593628 85.7304023714627 88.0243733630461 87.7986745273366 85.6838091261247 82.3635718401741 77.7410028121051 72.8903002738953 67.7767572963939 63.0953398592332 58.9901088265812 55.3733482080347 51.8331311730778
37.7517378330231 32.7901557894314 28.4907372067956 25.3977504968643 23.1820061767803 21.6924880953396 21.5871750466964 21.9479331549476 23.3367255365147 25.5705150751507 28.4322643595583 31.5374394322143 35.0078402722583 38.6315762365566 41.8290104252451 44.631067388198 46.9694183293511 48.7943525174085 50.5403450376847 52.5669407844543 55.1171397742103 57.2775939632865 59.2476656577166 61.3939770670498 62.8625532108195 63.0472439387265 61.5137846680248 58.3757762137581 54.7437703364036 50.8596322396222 47.6188179920701 45.2802954807001 44.0532209697892 44.2025464878363 45.2068462862688 47.658325048054 51.1786836140296 55.6363054198377 60.8566947965061 66.3350103322197 72.1883624020745 77.686436919605 82.3915823207182 85.4979586601257 86.2057304382324 85.369344514959 82.8929348833421 79.0195059495814 74.5675777827992 69.7874563441557 64.2468777544358 59.4189267158508 54.7159955922295 49.9312406988705
30.520120066755 26.4077336437562 22.8819023791481 20.3041927744361 18.5411899370306 17.1555377209888 16.9337851299959 17.1237520680708 18.0990853204447 19.6072219645276 21.6027724339682 23.9118624688948 26.6707218210487 29.4767998158932 32.0828496340443 34.4262954434928 36.625201319947 38.5544192983824 40.5481899100191 42.9124624553849 45.4200485944748 48.1627779077081 50.4728355057099 52.9515204850365 54.658029254745 54.904863448704 53.6659302430994 51.3827230123913 48.2366677557721 44.7518904524691 41.9170530999408 39.8744342572549 38.5647400547476 38.6885119466221 39.5368500562275 41.7547399576973 44.8120680521516 49.05229445766 54.0636087936514 59.5725231731639 65.2086905731874 70.7824612505296 75.7886839193456 79.4432302362779 81.0437730059904 81.5310026617611 80.0236800418181 77.1259206603555 73.2993794609519 68.7203619620379 63.0546890988069 57.6716135529911 52.2122981127571 46.6340610700495
24.6163368856206 21.2829703302944 18.4655385438134 16.3604721462025 14.9524458296159 13.848994302399 13.5192301781739 13.4773187760045 14.0497934064444 15.0937209357234 16.446610757095 18.112842899035 20.0891951822183 22.1470075644114 24.1020186403218 25.9761779387208 27.8662584774634 29.6694638939465 31.7402350446757 34.1150956399301 36.6062164762441 39.1804337431403 41.6483232414021 44.1893052423702 45.9088281883913 46.3169599140392 45.5566950791022 43.6247823974665 40.8428416427444 37.7889365220771 35.3449275581276 33.5111371594317 32.359100164736 32.2265473516548 33.0605172953185 34.9497004589614 37.5828222842777 41.3782134126214 46.2379417419434 51.0680284500122 56.3502118026509 61.6451536206638 66.5809472869424 70.3703731929555 72.7333092689514 74.1494889539831 73.6728674383724 71.742795383229 68.5159085778629 64.3988069646499 58.8730483335607 53.3032893012552 47.4891560498406 41.6160675497616
