PREC/medie/CUMULATA_MEDIA_03.asc
NCOLS 177 
NROWS 174 
XLLCORNER 1436301.375 
YLLCORNER 4916704.5 
CELLSIZE 1500 
NODATA_value -9999 
[rows 96 to 119 of 174, columns 0 to 53 of 177]
-9999 -9999 -9999 -9999 -9999 -9999 -9999 -9999 -9999 -9999 -9999 -9999 -9999 -9999 -9999 -9999 -9999 -9999 -9999 -9999 -9999 -9999 -9999 -9999 -9999 -9999 -9999 -9999 -9999 -9999 -9999 -9999 22.7367583443137 24.6178829179091 26.4202429476906 28.0620506055215 29.4900539832957 30.9019842603627 32.3684896826744 34.1041642146952 36.1991449454251 38.4441735043245 41.3447303877157 44.8727219315136 48.9030162797255 52.9141883920221 56.441737427431 59.2561661355636 61.2236131780288 62.1779843358433 62.0147258534151 61.1923036294825 59.9815866806928 58.6271080690272
-9999 -9999 -9999 -9999 -9999 -9999 -9999 -9999 -9999 -9999 -9999 -9999 -9999 -9999 -9999 -9999 -9999 -9999 -9999 -9999 -9999 -9999 -9999 -9999 -9999 -9999 -9999 -9999 -9999 -9999 -9999 -9999 -9999 23.541144963573 25.8557608688579 28.1308684524368 30.224803033997 32.1846808791161 34.1418341257993 36.2107843686553 38.6764399794971 41.2535979186787 43.7482005147373 46.7528393759447 50.17436950347 53.5957766420701 56.4847681101631 58.4622408151627 59.5322869244744 59.8131900114172 59.3278750391567 58.1881412057316 56.9039032879998 55.5819621366613
-9999 -9999 -9999 -9999 -9999 -9999 -9999 -9999 -9999 -9999 -9999 -9999 -9999 -9999 -9999 -9999 -9999 -9999 -9999 -9999 -9999 -9999 -9999 -9999 -9999 -9999 -9999 -9999 -9999 -9999 -9999 -9999 -9999 23.5722369376351 26.4952228419921 29.3857799312648 32.1422346935553 34.6418895791559 36.993076236809 39.2598886454807 41.7449828070753 44.3067905552247 46.6854130941279 48.9447350291645 51.4569513727637 53.9188607580522 55.8770957904703 57.0562878426384 57.3159383114646 56.8840820789337 56.0695993199068 54.9090850353241 53.5707168859594 52.4280687780941
-9999 -9999 -9999 -9999 -9999 -9999 -9999 -9999 -9999 -9999 -9999 -9999 -9999 -9999 -9999 -9999 -9999 -9999 -9999 -9999 -9999 -9999 -9999 -9999 -9999 -9999 -9999 -9999 -9999 -9999 -9999 -9999 -9999 -9999 28.2421428911826 31.8233124613762 35.1598074155695 38.1446274168351 40.7619078755379 43.1256362550399 45.3607624909457 47.6741255662021 49.7508649685804 51.0825945138931 52.6398692060919 53.8739765637061 54.6458090473624 55.0061325606178 54.6314414108501 53.7602665564593 52.6701814427095 51.5222798515769 50.5265580485849 49.9560187844669
-9999 -9999 -9999 -9999 -9999 -9999 -9999 -9999 -9999 -9999 -9999 -9999 -9999 -9999 -9999 -9999 -9999 -9999 -9999 -9999 -9999 -9999 -9999 -9999 -9999 -9999 -9999 -9999 -9999 -9999 15.8523316926816 18.8698022558409 22.501409246641 26.5713118314743 30.9177776259534 35.2062680861529 39.1618305304471 42.5873627767843 45.3805046432159 47.590560306521 49.3784638608203 51.0865603194517 52.4380566933576 52.913775787634 53.4462350080995 53.5548653777908 53.2853380581912 52.7415572264615 51.798567533493 50.6402296879712 49.5057883192511 48.6507596829358 48.1001014288734 47.7331373411066
-9999 -9999 -9999 -9999 -9999 -9999 -9999 -9999 -9999 -9999 -9999 -9999 -9999 -9999 -9999 -9999 -9999 -9999 -9999 -9999 -9999 -9999 -9999 -9999 -9999 -9999 -9999 -9999 12.0326312745319 14.1669096298078 16.930809808128 20.3646879581844 24.5171759093509 29.2330198095125 34.2603361536475 39.2324487987687 43.7740502550321 47.5666982531548 50.3974427107502 52.3771959701005 53.548326366088 54.2719508549746 54.88165032513 54.7769791413756 53.779016901465 52.8970159642837 51.8579812716035 50.5345097219243 49.2086295099819 47.9855966778362 47.0330472974216 46.5185621345744 46.1094295417561 45.9522971686195
-9999 -9999 -9999 -9999 -9999 -9999 -9999 -9999 -9999 -9999 -9999 -9999 -9999 -9999 -9999 -9999 -9999 -9999 -9999 -9999 -9999 -9999 8.88672798696686 8.43034746366389 -9999 -9999 -9999 -9999 13.2976766894845 15.526222839075 18.572645166341 22.3938575351939 27.069165154415 32.3717194234624 38.0029740123188 43.5459538522889 48.5042318561498 52.4653526877656 55.2733722644694 56.9569546825746 57.5385754494106 57.3382742089384 56.7141290166799 55.7279829838697 53.8066470623016 52.1388599627158 50.3762565044796 48.6919787701438 47.1339516569586 45.9069297594183 45.3860375039718 44.9997442680247 44.8883633753833 45.0951711710762
-9999 -9999 -9999 -9999 -9999 -9999 -9999 -9999 -9999 -9999 -9999 -9999 -9999 -9999 -9999 -9999 -9999 -9999 17.5120130602051 14.0290711101364 11.8885510633974 10.7159551066511 9.78428894632003 9.32608725042904 -9999 -9999 -9999 -9999 -9999 17.6276867670171 20.7511377790395 24.8974014064845 29.9541043533998 35.6627317246269 41.6758832405595 47.5175486838116 52.6818278221523 56.6515697521322 59.3950702951235 60.6169451562797 60.5083019487998 59.4637687048491 57.8523745641989 55.8838295761277 53.2699261973886 51.2535065447583 49.0819824758698 47.2030786801787 45.7083285170443 44.7038192819147 44.3025632956449 44.0448304625118 44.3783087870654 45.1512888880337
-9999 -9999 -9999 -9999 -9999 -9999 -9999 -9999 -9999 -9999 -9999 -9999 -9999 -9999 -9999 -9999 -9999 -9999 18.2018294667496 14.9956114660291 13.2775541263468 11.9156249971951 11.0356044629041 10.5634120562497 10.8074318731532 -9999 -9999 -9999 17.2189149435829 20.0682599123786 23.6637798933422 27.7414248690886 32.9500236090492 38.7949950344422 44.8509270128082 50.6012849685024 55.5910161067458 59.5102643090136 61.8617411536329 62.5690161831239 61.993591270026 60.4524770273882 58.2792386219782 55.6280608948539 52.5451140123255 50.1189602157649 47.9080457161455 46.1196476992439 44.8526414352305 44.0931210097145 43.8175433663761 44.030235192355 44.8122573529973 45.9365070918027
-9999 -9999 -9999 -9999 -9999 -9999 -9999 -9999 -9999 -9999 -9999 -9999 -9999 -9999 -9999 -9999 -9999 -9999 18.9959934792098 16.5232281439445 14.6919816662284 13.4195645732038 12.6112728750004 12.4536391005797 12.8548152026008 13.7016074166578 -9999 -9999 20.0805170746411 23.0641063451767 26.7330005449407 31.0625602567897 35.757548142882 41.3164787643096 46.9712707961307 52.2210950045025 56.8680072777411 60.3082647218424 62.1541114940363 62.5666016708402 61.7740388740512 60.0624888328945 57.7445926245521 54.3909590980586 51.8090890102527 49.3664830204319 47.1408157523941 45.6000309621587 44.6700459683643 44.3569368825239 44.5232578200452 45.1176186870126 46.0777839352103 47.4850864480523
-9999 -9999 -9999 -9999 -9999 -9999 -9999 -9999 -9999 -9999 -9999 -9999 -9999 -9999 -9999 -9999 -9999 23.2839194729048 20.1043887488982 18.0484939357814 16.4459909200668 15.3113273943172 14.7030062114491 14.8289199857151 15.4884905885248 16.5707857959411 -9999 20.1038740031859 23.5082854944117 26.5908419314553 30.0997639333501 34.1582971320433 38.5035793641034 43.0447831644731 47.857048192445 52.2716485437225 56.1613630056381 58.8916887500707 60.3170684505911 60.5637746996739 59.7987473870025 58.2494479645701 56.1145874016425 53.0998349330005 50.8001570543822 48.6370735080803 46.7975431259941 45.9265446697964 45.3672880986158 45.4191786401412 45.9802063282798 46.9284124058836 48.2088814623216 49.720399646198
-9999 -9999 -9999 -9999 -9999 -9999 -9999 -9999 -9999 -9999 -9999 -9999 -9999 -9999 -9999 -9999 -9999 23.8476967636277 21.461095189347 19.7872973364942 18.5896490742179 17.5854611607159 17.4607878572801 17.9762604517095 19.0190938360551 20.4174066571628 22.1030340475195 24.1102673165938 26.9006166738622 30.4897978656432 33.6483683025136 37.0433714740417 40.6592101910535 43.9947077807258 47.5744624032694 50.8933791307842 53.7565779931405 55.6807330951971 56.6842034774668 56.846820340437 56.3005414079217 55.1598155533566 52.8932542415226 51.0621287787662 49.36518141452 47.8852806178962 47.0376088198494 46.6253764138502 46.6492604332812 47.1822094426436 48.3329513633952 49.5947066790917 51.1280819493182 52.4568233139375
-9999 -9999 -9999 -9999 -9999 -9999 -9999 -9999 -9999 -9999 -9999 -9999 -9999 -9999 -9999 -9999 -9999 24.4627962778596 22.972780203118 21.8353253357551 20.62873154528 20.6017347363865 20.9325723858441 21.8839192390442 23.3469306020176 25.0866113690769 26.9920161471647 28.992516447516 31.2858924164492 33.9558521018309 37.1496421168832 39.6535511157092 42.10770899408 44.442560514983 46.3967231021208 48.4572191694204 50.1700096691356 51.2781907179776 51.8692741814782 51.9870540201664 51.6975305834237 51.0370225450572 49.288447516806 48.3892277724603 47.649395649924 47.0880356956931 47.1885170410661 47.6298183553359 48.6248942613602 49.8500735812327 51.3782289589153 53.1991738045917 54.5465087504948 55.6932865696795
-9999 -9999 -9999 -9999 -9999 -9999 -9999 -9999 -9999 -9999 -9999 -9999 -9999 -9999 -9999 -9999 -9999 -9999 24.7367291310254 23.729886062005 23.6563526532229 24.1662723807728 24.9639072838952 26.416091077468 28.3157112598419 30.3828380528618 32.4462041013381 34.353801054113 36.1702931909 38.1252941243789 39.7117395681493 41.7431436987484 43.0268760568955 44.0561103820801 44.7012590801015 45.4022802394979 46.0061462661799 46.371490171727 46.5496334714048 46.6041330064044 46.5218117254622 45.5725323540323 45.3500138749095 45.4072394581402 45.6062549527954 46.2815155351863 47.4418519665213 48.9709742980845 50.8640378029907 52.758028153111 54.670580578201 56.7799883064102 58.2758940002497 58.9323992168202
-9999 -9999 -9999 -9999 -9999 -9999 -9999 -9999 -9999 -9999 -9999 -9999 -9999 -9999 -9999 -9999 -9999 -9999 26.4597984412137 26.5629247076371 27.087058207568 28.1595054374022 29.4907592745388 31.3468107195461 33.6400901429793 35.9632127285004 38.0734417999492 39.7676002137801 41.0414973287021 42.285991079667 42.6161469992469 42.8572251796722 43.1536743150038 43.2453293870477 42.5947851889274 42.2435527899686 41.8845570402987 41.5448603682658 41.321771190447 41.0926973293809 40.591205961564 40.755619382157 41.2973013940979 42.1145170260878 43.3339678294518 45.1618566618246 47.3796227907433 50.19156700548 52.9422082059524 55.4264739471323 57.8940208852291 59.9278912123512 61.3359702474931 61.42805106149
-9999 -9999 -9999 -9999 -9999 -9999 -9999 -9999 -9999 -9999 -9999 -9999 -9999 -9999 -9999 -9999 -9999 -9999 29.0450944199282 29.8782638802248 30.8775195935193 32.4127748433281 34.21668603841 36.3887321949005 38.8858815501718 41.3231075791752 43.3478905453401 44.7325505789589 45.5218230976778 45.9274095226737 45.2828210802639 44.1612987798803 43.0026165948195 41.7222253434798 39.9655573227826 38.7264935304137 37.9957929043209 36.6788775990991 36.0692794778768 35.7382236929501 35.8741975391612 36.3041680700639 37.3443646658869 38.7679134519661 41.0415492688908 43.6708529942176 47.1428750893649 50.6235296296723 54.0272176870528 57.3511856215842 60.3913305051187 62.4039706833222 63.0737604253432 62.6064497442806
-9999 -9999 -9999 -9999 -9999 -9999 -9999 -9999 -9999 -9999 -9999 -9999 -9999 -9999 -9999 -9999 -9999 -9999 31.9970255949918 33.5545564469169 35.090371335254 36.7888169428881 38.8404793599073 41.1785246764912 43.5826080967398 45.9029217467589 47.730710885104 48.8084101817187 49.1567366123199 48.8442787422853 47.4261077712564 45.433793110006 43.1036201715469 40.901698161574 38.4327980700661 36.3080475680968 34.5885953973321 33.2594753766761 32.1770343990887 31.7802065014839 31.9378459330867 32.5404836430269 33.6953207114164 35.7989574127337 38.4577739571824 42.1081383561387 45.9940412044525 50.1819910415832 54.1833473443985 58.3271286803133 61.5822000117863 63.3986570729929 63.5111398731961 61.905376723584
-9999 -9999 -9999 -9999 -9999 -9999 -9999 -9999 -9999 -9999 -9999 -9999 -9999 -9999 -9999 -9999 -9999 -9999 35.1373856663704 37.2778681727017 39.0384397997576 40.9571786768296 42.9666386492112 45.0800867501427 47.3689954140607 49.3992322472965 50.9599778932684 51.6903369146235 51.8432802873499 50.9853673682493 49.3385158146129 46.8505938894608 43.8656826790641 40.7182548116235 37.5646178862628 34.8838907445178 32.5491152370677 30.6867178099997 29.4553081743857 28.738422060714 28.685661023154 29.2237526739345 30.6885314408471 32.9987975499209 36.0082616718376 39.9387677662513 44.2340269413065 48.6216198872117 53.3049360995784 57.6871831767699 60.9160651774967 62.3931360595367 61.8491035787498 59.4317086689612
-9999 -9999 -9999 -9999 -9999 -9999 -9999 -9999 -9999 -9999 -9999 -9999 -9999 -9999 -9999 -9999 -9999 -9999 -9999 40.8045525340473 42.5715965523439 44.2732983266606 46.0665407461279 47.6102549889508 49.5678860159481 51.3206607874702 52.5876850801356 53.2178729001213 53.7122756733614 52.7232524086447 50.6623628349865 47.7679143793443 44.3768907715293 40.7316018483218 37.0276343191371 33.8804023581393 31.1819649934769 29.0846120837857 27.5634848054718 26.5206728332183 26.2710107337026 26.82054332074 28.2264783294762 30.5540770572775 33.6363149074947 37.5311594728161 41.739547420074 46.4027043020024 51.2844358814113 55.5167740522062 58.3805278942866 59.3096159679048 58.110820845646 55.0607602456037
-9999 -9999 -9999 -9999 -9999 -9999 -9999 -9999 -9999 -9999 -9999 -9999 -9999 -9999 -9999 -9999 -9999 -9999 -9999 43.1954051887288 45.2461926095626 46.4617301786647 47.6644237602458 48.8393766319051 49.9727055044735 51.3212294718798 52.4867969821481 53.7559493850259 54.0122821401147 53.0770111154107 51.1425601033603 48.3431347328074 44.9126458238153 40.8486891213585 37.0711437428699 33.47940947729 30.4798666834831 28.092013001442 26.4166331957368 25.2692328112967 24.8413056152708 25.1481710234109 26.421114565695 28.5353423181702 31.276218151345 34.9159612760824 39.0662001897307 43.6288383392727 48.1435008092838 51.8589083052733 54.0806810443892 54.3454656075029 52.5743517893202 49.1394639593713
-9999 -9999 -9999 -9999 -9999 -9999 -9999 -9999 -9999 -9999 -9999 -9999 -9999 -9999 -9999 -9999 -9999 -9999 -9999 44.9405085374327 46.4454644918442 47.1631010279936 47.6547264071072 48.2718582714305 48.8103234066683 49.8428881448858 51.180167464649 52.6365180225933 52.9824840882245 52.5079912438112 51.0786259384716 48.7042839036268 45.2477236705668 41.4200149178505 37.5546009996358 33.8208039332839 30.5901786562274 27.8950381594546 25.9142292983392 24.6837536201758 24.0020772271297 24.0821073072798 24.9939906754914 26.726869449896 29.3203307916136 32.6180557801443 36.36160808714 40.3941853940487 44.1952909564271 47.105466676109 48.5323881787412 48.1421093677773 45.9656732187552 42.4134047750164
-9999 -9999 -9999 -9999 -9999 -9999 -9999 -9999 -9999 -9999 -9999 -9999 -9999 -9999 -9999 -9999 -9999 -9999 -9999 45.0986808538437 45.5389183303889 45.9423159080393 46.0150438967873 46.0762435828938 46.3574092738769 47.1276182497249 48.9046611856012 50.1244120738086 50.9697098872241 51.1827672930325 50.5022254971897 48.4400720666437 45.5887037550702 42.145596584853 38.3625554933267 34.6605510729201 31.2699538311538 28.358984393232 26.2301699589281 24.7825318154167 23.8920211388784 23.6948424840675 24.3963004035108 25.7278703205726 27.7935046132873 30.6324251294136 33.7473645254093 36.9727428765858 39.8627432032543 41.8402292535586 42.4582886143642 41.5062742680311 39.1136041967308 35.6763251108282
-9999 -9999 -9999 -9999 -9999 -9999 -9999 -9999 -9999 -9999 -9999 -9999 -9999 -9999 -9999 -9999 -9999 -9999 -9999 -9999 43.3726242009331 43.0318142561352 42.4590322866159 42.5573181334664 42.8772127207588 43.7824441475027 45.3812296390533 46.8925044676837 48.3102037556031 49.0694079048493 48.8261908748571 47.8305464702494 45.9180535849403 43.0581492255716 39.6107417941093 36.0584082480739 32.6192603058675 29.68521299257 27.5930934250355 25.8593080447001 24.8062476480708 24.0179508083007 24.3333398366676 25.2899633365519 26.7518808683928 28.9765333340448 31.330935231903 33.6649134518469 35.5815921066438 36.64495781327 36.5392009659725 35.1733156872146 32.7239240644609 29.5528184315738
-9999 -9999 -9999 -9999 -9999 -9999 -9999 -9999 -9999 -9999 -9999 -9999 -9999 -9999 -9999 -9999 -9999 -9999 -9999 -9999 -9999 39.2241561798488 38.430280082366 37.9862860791823 38.1041574478149 39.3722258911413 40.9068665013594 42.700153056313 44.6792734195204 46.3220603921834 47.2180286330335 47.2404196087052 46.0892607324264 43.8656863517621 40.8983946056927 37.6874590445967 34.9073729672853 31.9896535698105 29.521433442831 27.5730882795418 26.1730576648432 25.374167808715 25.106300739681 25.4004156466793 26.3297908393776 27.6124958203119 29.2601824455401 30.7060725513627 31.7108884550193 31.9608802365906 31.2691924379152 29.6413164918914 27.2532800400958 24.4113623263205
