PREC/medie/CUMULATA_MEDIA_ANNUA.asc
NCOLS 177 
NROWS 174 
XLLCORNER 1436301.375 
YLLCORNER 4916704.5 
CELLSIZE 1500 
NODATA_value -9999 
[rows 72 to 95 of 174, columns 0 to 53 of 177]
-9999 -9999 -9999 -9999 -9999 -9999 -9999 -9999 -9999 -9999 -9999 -9999 -9999 -9999 -9999 -9999 -9999 -9999 -9999 -9999 1210.31098556519 1155.5816192627 1108.90241622925 1071.90518188477 1053.00750732422 1052.69653701782 1068.26953887939 1098.61386489868 1139.387840271 1192.68602371216 1246.86157608032 1291.34375 1321.9912147522 1336.36937713623 1333.88912582397 1322.20882415771 1300.43057250977 1281.75341796875 1263.16535949707 1253.51483917236 1252.27958297729 1265.13869094849 1292.82098770142 1326.53371429443 1363.45729064941 1400.93991851807 1435.98084259033 1470.44258880615 1500.78949737549 1535.16943359375 1561.98853302002 1576.4073638916 1574.36795043945 1563.63085174561
-9999 -9999 -9999 -9999 -9999 -9999 -9999 -9999 -9999 -9999 -9999 -9999 -9999 -9999 -9999 -9999 -9999 -9999 -9999 -9999 1198.03277206421 1137.12022781372 1088.62909317017 1053.01246261597 1035.45097732544 1037.71429443359 1055.53887176514 1085.87441253662 1124.354637146 1168.61620330811 1214.92369842529 1252.99390792847 1276.94561386108 1284.26102828979 1276.87850952148 1263.36407852173 1244.98930358887 1227.08699798584 1215.08554840088 1212.4254989624 1217.48474502563 1233.23355102539 1262.8994178772 1305.08071136475 1344.37591552734 1382.72052001953 1418.51142120361 1450.61327362061 1481.48310089111 1509.12390136719 1534.65406799316 1546.53702545166 1547.04502105713 1543.7522354126
-9999 -9999 -9999 -9999 -9999 -9999 -9999 -9999 -9999 -9999 -9999 -9999 -9999 -9999 -9999 -9999 -9999 -9999 -9999 -9999 -9999 1100.82099533081 1055.62061309814 1025.90725326538 1013.98864746094 1021.39468765259 1044.20551300049 1077.89882278442 1117.06575012207 1158.05248260498 1194.45584487915 1222.2282333374 1237.35275268555 1239.39475631714 1228.53638839722 1211.77110671997 1195.26150131226 1182.34183502197 1174.90863037109 1175.63265609741 1185.35747528076 1206.98728179932 1238.22190093994 1276.47092056274 1322.17863464355 1362.48450469971 1397.86379241943 1428.20751953125 1452.38353729248 1469.39696502686 1485.24603271484 1503.32601928711 1511.1262588501 1510.86079406738
-9999 -9999 -9999 -9999 -9999 -9999 -9999 -9999 -9999 -9999 -9999 -9999 -9999 -9999 -9999 -9999 -9999 -9999 -9999 -9999 -9999 1048.11430740356 1008.0830078125 990.860675811768 989.371128082275 1003.46020507812 1032.04875946045 1070.27766418457 1115.03861618042 1155.5910949707 1188.54494857788 1207.84231948853 1213.45320129395 1207.51996612549 1191.2419090271 1173.90851593018 1157.68769073486 1144.19450378418 1138.66450881958 1141.86236190796 1154.88120651245 1181.10963058472 1216.45286941528 1255.12161254883 1293.65755462646 1329.68997192383 1361.03304290771 1388.15075683594 1407.69090270996 1422.8099822998 1437.08170318604 1453.38133239746 1461.55023956299 1466.59014129639
-9999 -9999 -9999 -9999 -9999 -9999 -9999 -9999 -9999 -9999 -9999 -9999 -9999 -9999 -9999 -9999 -9999 -9999 -9999 -9999 -9999 -9999 -9999 -9999 959.488037109375 983.947311401367 1020.19249343872 1065.71905517578 1113.5189781189 1155.68134307861 1185.83292007446 1202.59211730957 1201.20714187622 1186.98126983643 1166.98083496094 1145.69009780884 1126.437915802 1112.63079452515 1107.41081237793 1111.79286956787 1127.65235137939 1156.17367553711 1193.17503738403 1230.68262481689 1267.64630126953 1300.1244430542 1328.03820800781 1350.04725646973 1363.92345428467 1375.19703674316 1385.89712524414 1397.88278198242 1408.13264465332 1415.78086853027
-9999 -9999 -9999 -9999 -9999 -9999 -9999 -9999 -9999 -9999 -9999 -9999 -9999 -9999 -9999 -9999 -9999 -9999 -9999 -9999 -9999 -9999 -9999 -9999 922.559951782227 960.423034667969 1008.98009490967 1065.22323226929 1119.17343902588 1163.45920562744 1194.16590499878 1208.01383590698 1202.74501419067 1181.99530792236 1155.75691604614 1128.39586639404 1105.72200393677 1086.93926239014 1079.64862442017 1082.48156356812 1098.41298294067 1127.5133895874 1163.93912124634 1200.4933013916 1234.71837615967 1265.67530059814 1290.64446258545 1307.31259155273 1315.04162597656 1323.89878082275 1330.7681427002 1339.61805725098 1351.09645843506 1364.67041015625
-9999 -9999 -9999 -9999 -9999 -9999 -9999 -9999 -9999 -9999 -9999 -9999 -9999 -9999 -9999 -9999 -9999 -9999 -9999 -9999 -9999 -9999 -9999 -9999 880.626712799072 934.965824127197 1000.19161987305 1068.03009796143 1127.68506240845 1175.86780548096 1206.90068817139 1219.1806602478 1214.05598449707 1190.95299911499 1155.14295959473 1120.07828903198 1088.82418823242 1066.43618392944 1052.33962631226 1052.31005477905 1067.98245239258 1092.81620788574 1127.03629302979 1162.5970954895 1195.4997177124 1223.44752502441 1245.73732757568 1258.72682189941 1263.95279693604 1269.87688446045 1274.10061645508 1280.07691955566 1290.00451660156 1308.36473846436
-9999 -9999 -9999 -9999 -9999 -9999 -9999 -9999 -9999 -9999 -9999 -9999 -9999 -9999 -9999 -9999 -9999 -9999 -9999 -9999 -9999 -9999 -9999 -9999 840.077671051025 911.634544372559 991.04708480835 1069.9218788147 1140.65935134888 1194.11166381836 1227.40872955322 1240.11106109619 1227.14726257324 1199.2117805481 1158.65591049194 1113.24904632568 1076.80782318115 1048.68175888062 1030.33531570435 1024.58220291138 1035.69729995728 1056.01184844971 1085.34157943726 1119.08701705933 1150.18148040771 1175.14458465576 1194.25194549561 1204.45442962646 1209.70626068115 1214.86016845703 1218.2112121582 1223.10382843018 1232.33227539062 1247.85764312744
-9999 -9999 -9999 -9999 -9999 -9999 -9999 -9999 -9999 -9999 -9999 -9999 -9999 -9999 -9999 -9999 -9999 -9999 -9999 -9999 -9999 -9999 -9999 -9999 -9999 -9999 981.631999969482 1073.53704452515 1155.98362350464 1217.61362075806 1256.103931427 1266.43520355225 1253.52731704712 1220.21010971069 1171.08101272583 1120.00604248047 1073.05206298828 1035.34750366211 1010.18117904663 998.702289581299 1002.07820129395 1016.124168396 1039.62470626831 1068.93499755859 1097.91311264038 1121.38501739502 1137.87880325317 1147.21532058716 1152.78638839722 1157.89736175537 1161.46905136108 1165.92252731323 1175.48891830444 1190.71625518799
-9999 -9999 -9999 -9999 -9999 -9999 -9999 -9999 -9999 -9999 -9999 -9999 -9999 -9999 -9999 -9999 -9999 -9999 -9999 -9999 -9999 -9999 -9999 -9999 -9999 -9999 970.789455413818 1075.52208328247 1168.75578308105 1242.12768173218 1286.58967971802 1298.82571411133 1282.29460525513 1243.40399932861 1188.16769790649 1127.16452789307 1069.54684066772 1023.49413299561 989.018772125244 969.015743255615 965.420215606689 973.159145355225 990.352237701416 1012.43675613403 1038.99683761597 1059.64790725708 1074.88076782227 1086.66572189331 1092.85703277588 1097.90870285034 1102.9368057251 1108.26364898682 1119.94236373901 1137.54208755493
-9999 -9999 -9999 -9999 -9999 -9999 -9999 -9999 -9999 -9999 -9999 -9999 -9999 -9999 -9999 -9999 -9999 -9999 -9999 -9999 -9999 -9999 -9999 -9999 -9999 841.747886657715 957.69522857666 1072.42702102661 1174.9619140625 1260.05892562866 1309.78582000732 1323.31695556641 1305.81168746948 1263.56936645508 1201.28945159912 1131.81420516968 1065.441822052 1005.7470664978 960.925304412842 935.13049697876 922.184547424316 923.084518432617 934.613391876221 953.327293395996 973.778526306152 992.558158874512 1008.24741744995 1020.37200927734 1029.56109237671 1037.91893005371 1046.31410598755 1057.65337753296 1072.10522460938 1092.84962463379
-9999 -9999 -9999 -9999 -9999 -9999 -9999 -9999 -9999 -9999 -9999 -9999 -9999 -9999 -9999 -9999 -9999 -9999 -9999 -9999 -9999 -9999 -9999 -9999 -9999 813.974151611328 939.107311248779 1062.70759963989 1175.04307174683 1265.57069396973 1315.47507858276 1331.86799240112 1316.8016166687 1270.85713577271 1202.91879653931 1128.40909957886 1051.50978088379 982.480667114258 930.162803649902 893.895404815674 874.015048980713 868.071731567383 874.403678894043 889.448089599609 908.633926391602 927.371105194092 944.013938903809 958.071784973145 970.884654998779 983.601898193359 999.044528961182 1015.78434371948 1032.96193313599 1055.19043731689
-9999 -9999 -9999 -9999 -9999 -9999 -9999 -9999 -9999 -9999 -9999 -9999 -9999 -9999 -9999 -9999 -9999 -9999 -9999 -9999 -9999 -9999 -9999 -9999 -9999 -9999 916.860359191895 1044.90244293213 1166.55332946777 1258.2590675354 1310.71559143066 1325.72945022583 1303.21343994141 1252.56062698364 1185.57606887817 1107.79607391357 1025.18643951416 949.475311279297 890.391284942627 848.416236877441 821.313163757324 809.330604553223 811.729320526123 824.933601379395 843.475513458252 864.165340423584 884.597332000732 903.272567749023 920.66870880127 938.579845428467 957.46895980835 977.239826202393 1000.56810760498 1026.27968597412
-9999 -9999 -9999 -9999 -9999 -9999 -9999 -9999 -9999 -9999 -9999 -9999 -9999 -9999 -9999 -9999 -9999 -9999 -9999 -9999 -9999 -9999 -9999 -9999 -9999 -9999 -9999 1019.61248397827 1139.58038330078 1231.36016082764 1284.22411727905 1295.89410018921 1268.52547836304 1217.986743927 1148.91896438599 1069.03078079224 982.865055084229 904.720478057861 841.065315246582 795.207759857178 764.593616485596 748.775863647461 748.660816192627 760.27961730957 780.235420227051 805.20002746582 830.842670440674 856.416152954102 881.06018447876 905.428703308105 927.507289886475 950.406391143799 977.082317352295 1004.80964660645
-9999 -9999 -9999 -9999 -9999 -9999 -9999 -9999 -9999 -9999 -9999 -9999 -9999 -9999 -9999 -9999 -9999 -9999 -9999 -9999 -9999 -9999 -9999 -9999 -9999 -9999 -9999 979.603500366211 1091.57967758179 1175.75907897949 1226.21445846558 1233.72658538818 1210.8939743042 1159.30815505981 1091.00270462036 1010.76540756226 925.196765899658 848.726593017578 783.880737304688 736.357704162598 705.243534088135 688.781734466553 687.667552947998 700.612789154053 723.343463897705 751.667625427246 783.342796325684 816.755504608154 850.043834686279 881.394905090332 910.310649871826 939.219886779785 968.917324066162 997.67752456665
-9999 -9999 -9999 -9999 -9999 -9999 -9999 -9999 -9999 -9999 -9999 -9999 -9999 -9999 -9999 -9999 -9999 -9999 -9999 -9999 -9999 -9999 -9999 -9999 -9999 -9999 -9999 920.641479492188 1021.35065078735 1097.68380737305 1139.38719940186 1147.29653167725 1125.1050567627 1077.00761413574 1010.89524841309 933.801357269287 854.504482269287 782.128791809082 720.904075622559 674.947635650635 645.581241607666 631.060218811035 632.735546112061 648.3049659729 674.723155975342 708.993591308594 747.824871063232 790.276462554932 831.851066589355 870.313041687012 906.954063415527 942.216606140137 975.897495269775 1003.89223861694
-9999 -9999 -9999 -9999 -9999 -9999 -9999 -9999 -9999 -9999 -9999 -9999 -9999 -9999 -9999 -9999 -9999 -9999 -9999 -9999 -9999 -9999 -9999 -9999 -9999 -9999 -9999 843.639453887939 931.585636138916 998.078174591064 1029.36328887939 1034.93510055542 1013.7883644104 971.853851318359 910.962162017822 842.238300323486 773.160884857178 708.65202331543 654.377243041992 613.575065612793 588.112417221069 578.61515045166 584.614110946655 604.264213562012 636.430931091309 677.936557769775 725.888843536377 776.305000305176 824.609760284424 871.400058746338 915.290412902832 956.413112640381 991.576278686523 1017.55330276489
-9999 -9999 -9999 -9999 -9999 -9999 -9999 -9999 -9999 -9999 -9999 -9999 -9999 -9999 -9999 -9999 -9999 -9999 -9999 -9999 -9999 -9999 -9999 -9999 -9999 -9999 -9999 747.978828430176 820.540519714355 876.562225341797 902.202522277832 903.629711151123 884.736930847168 849.675071716309 800.573253631592 743.534778594971 686.197654724121 633.277221679688 588.288135528564 555.255308151245 535.88081741333 532.844934463501 544.033754348755 570.034143447876 608.946376800537 658.206245422363 713.871780395508 771.903438568115 829.653102874756 883.657119750977 932.990947723389 974.976806640625 1007.2755355835 1030.17665863037
-9999 -9999 -9999 -9999 -9999 -9999 -9999 -9999 -9999 -9999 -9999 -9999 -9999 -9999 -9999 -9999 -9999 -9999 -9999 -9999 -9999 -9999 -9999 -9999 -9999 -9999 -9999 -9999 698.048370361328 741.780094146729 763.756244659424 766.070693969727 752.093444824219 725.363346099854 687.833946228027 644.35684967041 600.380924224854 559.602878570557 524.797702789307 502.025955200195 491.482381820679 495.409118652344 512.802001953125 545.566482543945 592.975173950195 650.516082763672 714.907550811768 782.62865447998 848.185390472412 906.532661437988 956.615737915039 994.939682006836 1022.38666915894 1040.34701919556
-9999 -9999 -9999 -9999 -9999 -9999 -9999 -9999 -9999 -9999 -9999 -9999 -9999 -9999 -9999 -9999 -9999 -9999 -9999 -9999 -9999 -9999 -9999 -9999 -9999 -9999 -9999 -9999 572.448574066162 606.466989517212 626.315214157104 631.1803855896 624.614767074585 608.200313568115 582.159145355225 552.077289581299 521.127559661865 492.336553573608 469.416328430176 456.217967987061 455.563182830811 467.166452407837 492.055973052979 532.802255630493 588.513914108276 653.935390472412 726.312976837158 801.885871887207 872.983299255371 933.565502166748 982.680667877197 1014.67379760742 1034.60436248779 1044.74319458008
-9999 -9999 -9999 -9999 -9999 -9999 -9999 -9999 -9999 -9999 -9999 -9999 -9999 -9999 -9999 -9999 -9999 -9999 -9999 -9999 -9999 -9999 -9999 -9999 -9999 -9999 -9999 -9999 454.997816085815 482.511804580688 499.757608413696 509.546472549438 510.141082763672 503.668828964233 489.260650634766 470.955677032471 452.141611099243 435.830827713013 423.76155090332 420.810884475708 427.949556350708 447.602502822876 480.692556381226 528.952924728394 592.033004760742 664.744842529297 743.987979888916 823.687206268311 898.026695251465 958.029727935791 1004.14603805542 1030.6731338501 1041.28987121582 1040.95476913452
-9999 -9999 -9999 -9999 -9999 -9999 -9999 -9999 -9999 -9999 -9999 -9999 -9999 -9999 -9999 -9999 -9999 -9999 -9999 -9999 -9999 -9999 -9999 -9999 -9999 -9999 -9999 -9999 -9999 -9999 395.422830581665 407.610807418823 414.813936233521 416.379384994507 411.274744033813 404.660520553589 397.678928375244 392.352504730225 390.171852111816 395.297380447388 409.661005020142 436.416236877441 477.352420806885 532.606248855591 602.718423843384 681.754920959473 765.234664916992 846.39905166626 918.333969116211 975.21932220459 1015.74571990967 1035.36136245728 1038.14304351807 1026.89438247681
-9999 -9999 -9999 -9999 -9999 -9999 -9999 -9999 -9999 -9999 -9999 -9999 -9999 -9999 -9999 -9999 -9999 -9999 -9999 -9999 -9999 -9999 -9999 -9999 -9999 -9999 -9999 -9999 -9999 -9999 -9999 -9999 341.882531166077 348.678408622742 353.248979568481 357.963882446289 361.117421150208 364.307893753052 368.690223693848 380.438374519348 400.537949562073 434.262006759644 481.880498886108 543.946577072144 619.114944458008 702.008335113525 786.709327697754 866.562442779541 933.553356170654 980.618011474609 1011.07019424438 1021.5417175293 1015.49312210083 998.246719360352
-9999 -9999 -9999 -9999 -9999 -9999 -9999 -9999 -9999 -9999 -9999 -9999 -9999 -9999 -9999 -9999 -9999 -9999 -9999 -9999 -9999 -9999 -9999 -9999 -9999 -9999 -9999 -9999 -9999 -9999 -9999 -9999 291.899062156677 304.904493331909 319.592348098755 331.325901985168 341.559635162354 351.066899299622 360.841679573059 378.250085830688 404.41087436676 442.319381713867 494.05933380127 559.376062393188 637.738245010376 722.002723693848 804.301933288574 878.10164642334 938.132553100586 975.369884490967 990.836376190186 990.720111846924 975.646301269531 953.007816314697
