PREC/medie/CUMULATA_MEDIA_02.asc
NCOLS 177 
NROWS 174 
XLLCORNER 1436301.375 
YLLCORNER 4916704.5 
CELLSIZE 1500 
NODATA_value -9999 
[rows 96 to 119 of 174, columns 54 to 107 of 177]
69.4936116162468 68.5379734600291 67.5463453741635 66.8404401330387 66.3111196405747 65.8944147334379 65.3355996187995 64.5485076904297 63.9075559167301 63.2376733400366 62.1956431624644 60.7716964093201 59.0551830416217 56.9449620939353 54.5757441108718 52.1506874613902 49.4440211653709 46.6957325944129 43.8862335857223 41.3300123977311 38.7426161139327 36.6617424027885 34.7619923283072 33.2049654866843 31.9125884606996 31.245641243151 31.154590446502 31.8367856495521 33.1191535865998 35.1341474998523 37.8171854634934 41.1994054234203 45.6953842933564 50.9129355948638 56.2340378472034 61.2492602300995 65.6259215141044 69.2042384831344 71.5895505196908 72.9722381409477 73.5710976649733 73.2833065075033 72.923634893754 72.0898832433364 70.841407011537 69.2746123846839 67.3095936775208 64.8792679485153 62.300902363132 59.3258798700922 55.5103795247919 51.3903629455496 46.8268822251874 41.9681360020357
65.6936005985036 64.6904516781078 64.1176086313584 63.7799104241764 63.6054376153385 63.3968421150656 63.2133332420798 63.2774858474731 63.1528576121611 62.9612737858997 62.3041728997932 61.26753911376 59.8358060840298 57.9899484269759 56.2138949422275 54.1650708826149 52.0347304887631 49.6771233239595 47.402407156194 45.2673841600909 43.3119435192031 41.4968036233502 39.8785348955323 38.4451344473397 37.2595995452036 36.6840652214254 36.5901138802223 37.1346182963427 38.3624587427167 39.9041695463307 42.2178678045816 45.1041010786944 48.7607585875427 53.0316417423241 57.4789379125132 61.7232365389081 65.459384583375 68.6279987780487 70.8795611823306 72.4315658912939 73.5579804743037 74.1447808041292 74.0919286082773 73.8366254147361 73.4126216243295 71.6915183417937 69.3311685218531 66.4822120596381 63.1947974474991 59.4058725202785 54.9055654248771 50.1196463186951 44.9383452858995 39.6956117854399
61.7523457022274 61.1162742165958 61.224409159492 61.3200277440688 61.4154016270357 61.556295114405 62.0817545722513 62.6339929805082 63.0817969827091 63.3604920550304 63.1378108788939 62.3561305565869 61.0793368750635 59.6246777772903 57.9862195945838 56.2425736521973 54.5191769442138 52.6659128744813 51.024106188732 49.5626183686888 48.1438269663383 46.790664610179 45.5791601551806 44.2927600224228 43.3734058961272 42.8297848622589 42.5946273082758 42.7963663293597 43.7517714934314 44.8084725961089 46.4084990195492 48.6890501046882 51.3348437556449 54.6472969563568 58.0942885240211 61.4653978374075 64.5661523622625 67.3100966320318 69.4643010111416 71.170482926509 72.5652670088936 73.6763818404254 74.1929727932986 74.8710122599321 74.2655503960217 72.8232986085555 70.6898061983726 67.8310067723779 64.1724076691796 59.7854419298032 54.6192571652286 49.1410101406714 43.5414117710555 38.133846396909
58.4628175286686 58.1850398007561 58.4238452911377 59.0546068303725 59.8018631093642 60.7610177993774 61.8886453965131 62.9029506234562 63.6351330701043 63.9587641323314 63.9468063186197 63.3185970331816 62.3621794147527 61.4461024675299 60.1811478549943 58.5911238947335 57.1348236851832 55.7559942059657 54.5998899752603 53.6549240534796 52.8791535264429 52.1120679264559 51.2673009103712 50.4116137422183 49.7530172883588 49.1670541995588 48.6598214489572 48.3964316678398 48.7713514580665 49.1423362007036 49.8305893104304 51.1857272528989 52.8953708765261 55.1352512209731 57.6702480885912 60.2038831719581 62.6651675017441 65.1222047402578 67.0491491065306 68.7892896813505 70.4289006836274 72.1223859576618 73.2643653329681 73.9397145544781 73.8428853294429 73.0369395929224 71.359595544198 68.7134108525865 64.9823955788332 60.1440924292102 54.7376807244385 48.8796122652643 42.8441426981898 37.2154118870111
55.4992774234099 55.8268723768346 56.4725255405202 57.4397421444164 58.8343118779799 60.4384683721206 62.198522792143 63.621301651001 64.3527386609246 64.848046022303 64.8406525398879 64.7721881160841 64.122894621509 63.1091812472133 61.989555624478 60.7495047796298 59.4403432072962 58.6301062685602 58.0819033559631 57.5916373734089 57.2960445600397 56.9553065089618 56.6174265198848 56.1763769449557 55.6341829571654 54.901994418572 54.0139345162932 53.1635059135802 52.688129456166 52.3602632619441 52.0507289313656 52.4738251733429 53.2153878420153 54.5292313155882 56.1916597586344 58.0023903496125 59.9810122751138 61.8485670650707 63.880418759935 65.6994119689745 67.6875506113557 69.5016762509066 71.0039595996632 71.9931604686905 72.5163157862775 72.3010413436329 71.1654476698707 68.8577956820235 65.2805801980636 60.384652117596 54.7955527033876 48.7322946905213 42.6605239528067 36.9966428766356
53.3447590715745 54.122404238757 55.2300567626953 56.685622327468 58.4503286586088 60.5904297548182 62.602107665118 64.2516755496754 65.373472999124 65.9775792290183 66.3719374712776 66.2059218870366 65.7190436624429 64.6862323718036 63.5513074599645 62.4940028580673 61.681546028046 60.9709108419278 61.005629759501 61.0458862597451 60.9730542459909 61.0194378092008 61.1347057267147 60.8882562018493 60.3538645470844 59.3482829222784 57.9513920221259 56.4008743495626 55.0185792095521 53.9682240744724 52.9245659656384 52.2880187376457 52.3062746884192 52.7022595190827 53.7641378636746 55.1285613376428 56.6922854395474 58.351625715985 60.2032509428613 62.354419415488 64.3100294155233 66.2536777065081 68.0501714453978 69.49412656181 70.4453124824692 70.7091534611057 70.027174409698 68.0453183037393 64.5989063259433 60.0577556999291 54.6197125780232 48.6898622626767 42.786760725081 37.2617748649243
51.9431082220638 53.2041544633753 54.740772191216 56.474416957182 58.4764401491951 60.9365263546214 63.1454933390898 65.0361532323501 66.506773668177 67.2896222507252 67.8562862171846 67.7045363257913 67.0104371239157 66.0609400688725 65.0111583133831 64.0369900666616 63.3420155591824 62.7550253789215 62.9620907999137 63.3070803451187 63.7386691692997 64.0327310299172 64.2748600113041 64.0215343780377 63.3131144511349 61.9553745261887 60.0647317394614 57.8369699773543 55.5697585357463 53.8485221937299 52.1522893344655 50.8107366134577 50.243747874437 50.1096979835454 50.7427664596368 51.8716567579438 53.2616296485066 54.9034949742696 56.7286862932584 58.7129234952085 60.8791290241129 62.9427939600804 64.897422015667 66.5781943587696 67.8306711403763 68.3446663162288 67.7310677170753 66.2007020668072 63.2777220457792 59.14590318501 54.0741942857995 48.4839253522017 42.9249786730198 37.7676091340973
51.2308295053594 52.8614898008459 54.7049689292908 56.7175101953394 58.8522108302397 61.4619446361766 63.8416194354787 65.859089346493 67.5040955263026 68.5039815341725 68.9332072314094 68.7759532928467 68.0189221326043 66.9752116483801 65.9158737466616 65.0298003308913 64.3603117834119 64.0371983954135 64.3730753476129 64.9291226828799 65.5435879958027 65.8867347284275 65.7964299426359 65.4032514989376 64.4087930321693 62.6549568640835 60.2515214181998 57.4899658253964 54.6364939765019 52.305162056404 50.1625949459917 48.4104563585099 47.4659030825338 47.0814505013473 47.5479369373883 48.6508588536697 50.2006239110933 51.9217440604287 53.8875674745616 55.9740503377774 57.9636454555918 59.8026614767664 61.9038685472573 63.5048047093784 64.8090596111382 65.3198902782272 65.0973339308711 63.7329828905709 61.1758361397421 57.5358603167183 52.9711381161914 47.9736096951015 43.0200493874795 38.6369430852287
51.2708026100607 53.0569059287801 55.0310713263119 57.1285427037407 59.3206651070539 61.9289765077479 64.2183362736422 66.2497370102826 67.8871664159438 69.0872166577507 69.5796413421631 69.4790864832261 68.6879931057201 67.6330165792914 66.6744269334218 65.8803186215022 65.1547376329408 64.8443911075592 65.0629758440396 65.4780924477998 66.0660397874958 66.3646922400769 66.0777551093522 65.1766837835312 63.8277128198568 61.6903874562944 58.923969171503 55.7579782438629 52.601237396107 49.7136784222196 47.4392796106198 45.6611992221545 44.5535352953217 44.1796006735633 44.8472986569738 46.0515276750221 47.5685956153799 49.3902612021741 51.4555639887557 53.5517822670586 55.5865148840582 57.6730926974731 59.7344761324279 61.1955377152737 62.0522427734207 62.5184815648724 62.1534304452293 60.8616039064877 58.5570803416126 55.3879942083183 51.4738838440355 47.2887096595677 43.3286789103466 39.5590525133645
51.8814802450292 53.6674740033991 55.5818815511816 57.5226375916425 59.6074430521797 61.9967738880831 64.0611202576581 65.9935752083273 67.624080657959 68.83469581604 69.4735150056727 69.4487175660975 68.9069946513456 68.0447194567498 67.1205226752688 66.23035494019 65.4831661801128 64.9691956954844 65.133004604017 65.3534506541841 65.6623854225173 65.614089766846 65.16409604602 64.1806710537742 62.3109792365747 59.7473259195685 56.7175710801693 53.3568642967764 50.0729268990895 47.0703090845662 44.5479385020102 42.9307994715431 41.9992784984848 41.964644523447 42.5942929485703 43.808174286476 45.4791522271493 47.4596860741868 49.6613845676184 51.7391949970933 53.853740907329 55.9465264340534 57.8509036644417 59.3003436738954 60.0689789569553 60.0647336963345 59.4118832621504 58.0060163569801 55.8752930256374 53.1066407973275 49.8655375233468 46.6598820107825 43.409654256833 40.4432033149197
53.1100139968535 54.6526479059282 56.2768129040213 57.8552545098697 59.4586240263546 61.5380904534284 63.4415061053108 65.2237114064834 66.7086723552031 67.9214617224301 68.706236222211 68.8958077150233 68.6324327675735 68.0411524755113 67.2261019252679 66.2993569961366 65.5478207346271 64.677903108737 64.5481557074715 64.7162023922976 64.725481683717 64.4177419078701 63.6574539840221 62.4086010894355 60.3110797089689 57.6271601389436 54.4230532107108 51.0332514849656 47.6139024106019 44.6150542778127 42.1710590764004 40.5859135678586 39.8615554645658 40.1048278127085 40.8933237622328 42.2894691719728 44.2038276423426 46.2911836535615 48.5393168071614 50.9190112396198 53.1868038037244 55.1649324981605 56.7679288720383 58.0026447957053 58.4797615479021 58.1601038443692 56.9823227963027 55.3324781568611 53.2891871026334 50.8493962371174 48.3465202406925 45.8800000955953 43.4918856213198 41.4655275761205
54.7070051536841 55.8174599558115 56.8487367673832 57.9217846674078 58.9804512753206 60.3114628511317 62.1646652782665 63.8901944440954 65.2672835518332 66.203314444598 67.4502574135275 68.0260693606208 68.1609411309747 67.8304827458718 67.217745109516 66.2756529958809 65.3214765804655 64.3689700067043 63.8978615841445 63.703110417899 63.5459023416042 62.9643021681729 61.9231401024496 60.4914815285627 58.3627506152672 55.5668829328874 52.4279361432966 49.0527731381795 45.8036062870832 42.723901827984 40.53643239421 38.9973000145572 38.5563625925604 38.7717905276838 39.7314759361393 41.2407093828215 43.3353744245627 45.7810458378757 48.4124227941913 50.952029196655 53.3170810394427 55.1743013569537 56.5419813052696 57.3760159848367 57.5081352346084 56.8359661119826 55.2957904461552 53.3204817307346 51.2218608479289 49.0445020058576 47.1098814015003 45.2439036014325 43.6940892890972 42.4892166993197
56.4725613681709 56.9044702535166 57.1285499185324 57.5117983371019 57.9855010158875 58.8764253784628 60.2552430208992 61.8793745040894 63.1430402082555 64.1825875674977 65.7530381258796 66.7996859830969 67.4088183597607 67.3457948135979 66.9306268297574 66.083913654089 64.9521097961594 64.1001188036274 63.4819267216851 62.9080566062647 62.2193542175433 61.5681354806704 60.4106323193101 58.8837925230756 56.7753707529867 54.097292201484 51.0743347419535 47.7400971953483 44.6177163785871 41.8296865588602 39.6984899697058 38.3706988411791 37.9569246389848 38.3303231237566 39.4033841705498 41.1536850039573 43.4641622642384 46.1748934616061 49.0588894197169 51.7486057614579 54.1015477548627 55.9272826594465 57.1213115094339 57.5483072855893 57.3157620798139 56.334351678105 54.5007829122684 52.3351431006894 50.0526549360331 47.9768022789675 46.3064870067379 44.9170563479557 43.9435502685168 43.2706683900426
58.5090803661767 57.9174605029471 57.2836532566477 56.8281500409631 56.6035039705389 56.8156835471883 57.6031357260311 58.9717225046719 59.9368034671335 61.763682309319 63.5402638491462 65.1697245441815 66.2922604268088 66.6680351162658 66.5742688862716 65.7950005671557 64.8496731554761 63.845614105463 63.0818539367003 62.3141022692708 61.4242201465018 60.366319722989 59.2104532148908 57.7475732012707 55.8395834302201 53.2784145141349 50.4536719243316 47.4878374561667 44.468325735015 41.8591524748241 39.7408508767977 38.580865229973 38.2934869694359 38.7259496121722 39.9278690503801 41.818771076553 44.2897695171482 47.2392848217312 50.33252033153 53.2356829950038 55.7905130281168 57.6010041280704 58.5792916241814 58.7356464643689 58.0698548984878 56.6579658038476 54.5768257475951 52.0987746198388 49.6907595851842 47.6260969340801 46.0100219311083 44.7943752561422 44.2721211081919 44.4013154134154
59.8138811255203 58.5691134210895 56.8934499603861 55.5196952986367 54.5639332375106 54.2659665556515 54.5624307814766 55.2397922347574 56.4458673701567 58.4871416372411 60.6172319861019 62.6340731522616 64.2270611480755 64.9365758685505 65.3384100242573 64.9698959571474 64.2252932348672 63.3158618930508 62.5011044723146 61.504678538617 60.6158728792387 59.7721944696763 58.7236383355716 57.5246779226205 55.7826700981926 53.688389580916 51.0329951411661 48.2646449124988 45.3883315267808 42.894155877478 40.8354073030984 39.7384826716255 39.4229316220564 39.9144183086122 41.1378362253308 43.119528087623 45.7417133156868 48.7552790343761 51.9585431621355 55.1292056704269 57.8201129506616 59.825604252079 60.9951345342047 61.2653627185261 60.2650480989148 58.5092777522171 55.8887913060539 52.876062472077 50.1835327718188 47.9206665219629 46.4312183304745 45.453820590149 45.2474003670847 45.8300063807298
60.0709786309915 57.6445012057529 55.3424794481081 53.0919588067952 51.3328635341981 50.5120756976745 50.3315561939688 50.9321298038258 52.2225195940803 54.4010403997758 56.5897236150854 58.7840676658294 60.648353753721 62.2780384719372 63.2807027180405 63.3456300567178 62.963233903927 62.1636613169137 61.5254258530981 60.7985769632985 60.0487375013969 59.4790892180275 58.8854134082794 58.0275494158268 56.8342867484864 54.8736284532968 52.532283005469 49.9233568968142 47.2770606616841 44.8372219993788 42.8370664527311 41.6136983054526 41.2201229154187 41.6856808414792 42.8861539089943 45.0515454639407 47.699150621891 50.8163871914148 54.1665276043555 57.4113853880588 60.4781622588634 63.0764164714252 64.5055601859794 64.7132061264094 63.7164380410138 61.6213671179379 58.4352943897247 55.2384199026753 52.2435336034088 49.4006222030696 47.793925571091 46.8362509669626 46.6773535929182 47.3394271670019
58.8130542653448 55.4414758945213 52.1296068587724 49.4424602512051 46.9692182216574 45.60148683278 45.2967469481861 45.8463446883594 47.2995153665543 49.2943317539552 51.5426693102893 54.1513061558499 56.5829032668296 58.5587632515851 59.8611786356744 60.6024408506997 60.7152611806112 60.3610137262765 60.1053873177837 59.7430933293174 59.407090642873 59.3172464169124 59.3190639755305 58.9587982069044 58.0431914373356 56.6427594581071 54.7230881373672 52.3231633708758 49.7682723508162 47.3079551874715 45.2525296561858 44.0263056667412 43.4766277258887 43.9396241673214 45.0873509636697 47.0458226458115 49.6840653984862 52.7928708563833 56.3514330229338 59.9944753269939 63.6601231028052 66.4914993380799 68.4808207364643 69.1236978453748 68.3746537513593 65.9958363929216 62.4165740503984 58.6730614269481 55.1341997840825 52.1399037636378 50.0238085608272 48.8950812080327 48.463421212838 48.9400999620557
56.0795498385149 52.1084763390176 48.1496042574153 44.8479128234527 42.2011897108134 40.4136371481068 39.7941100527258 40.3033278268926 41.4423073740566 43.3409739031511 45.8314209054498 48.5788813982816 51.3869171054924 53.5851239632158 55.4845069646835 56.6153574664803 57.2586489915848 57.4448784247917 57.666567223037 57.8610917224604 58.1651376801379 58.6543359923012 59.1423872113228 59.3874160051346 59.2702610632953 58.5594033677788 57.082518415416 54.9793060404413 52.4862102103584 50.0125201195478 47.7504396690604 46.3324857829686 45.9289731615606 46.0868123975747 47.0529093036757 48.8361440585817 51.4221985927399 54.5067991728292 58.2215359956026 62.3453081986483 66.3806455626207 69.9276739464087 72.6044972293517 73.8890814185143 73.4838157997412 71.010088464793 67.3222393884378 63.0436824104365 58.8774731579949 55.5575562242199 52.7605980529505 51.3304623444291 50.5422117008882 50.4247779749772
51.8127792039338 47.2508349909502 43.0328229332671 39.5358232312343 36.7736625688918 34.7725787793889 33.992888866102 34.305031748379 35.2742966413498 37.0830635533613 39.4448682981379 42.2568533898276 45.1280196076807 47.6156096116585 49.619810688145 51.3402545872857 52.405840845669 53.1794529425747 53.8993532350835 54.6380220099407 55.695826879319 56.9994149961892 58.1935116639909 59.3089336419807 60.0458766213235 60.0126832679791 59.1259695510654 57.3153952053365 54.8716277541483 52.2025348951711 49.8365731031141 48.2400882053463 47.6038578003645 47.5330796399537 48.3943242286058 50.0650344539215 52.5330773399157 55.6044735067031 59.4563902230824 63.8883271042038 68.2984869252233 72.624618723112 76.3677243520232 78.4824984389193 78.3010539552745 76.159984721857 72.3884029493612 67.8117062659825 63.3282579569256 59.1701241030413 55.6669318307849 53.5356943896588 52.2433146615239 51.3065386199776
46.2115490787169 41.4604229558917 37.1885431882213 33.8219022295054 31.0271598398685 29.2006542533636 28.3426632372772 28.379314233275 29.1949003654368 30.7895312519634 33.0006674668368 35.5728433289949 38.281005317674 40.7889508438461 43.0662093609571 44.8258252231514 46.2720308189883 47.6153090377064 48.9900788813829 50.4561564045794 52.4430622423396 54.3809629345641 56.3622005248771 58.3440845003899 59.851315891918 60.5576373496476 60.1332483059343 58.5561340871979 56.1333779473515 53.3457859947401 50.9029269753134 49.1841078992276 48.1453279296265 48.0387316389995 48.5791895056472 50.1603140278774 52.5119306155864 55.5588930985507 59.6187521657523 64.066468834877 68.8461837365347 73.863090161015 78.5883429716615 81.5408248200136 82.1509442504715 80.4373594627661 76.6756348084001 71.979990587515 66.9554321415284 62.3088058408569 58.3436719827792 55.2620361675234 53.1389342581525 51.4931403941968
39.889839368708 35.3439632776905 31.2751301264062 28.1187910542769 25.667811623391 23.928799316287 23.1821029536864 22.9990614617572 23.6167625329074 24.974318606012 26.8073478411226 29.0602084573577 31.4555605325629 33.8479176496758 36.0305728517911 37.9556947587168 39.6752630270579 41.3651120426024 43.2282055870575 45.4598749201087 48.0338902403327 50.6329100938404 53.3576897084713 56.0605760304367 58.2821711056373 59.5010252367048 59.4208970359143 58.0056936688283 55.595751150566 52.8532608988531 50.2623084139298 48.3208178277401 47.0888533653582 46.7735891719075 47.1820478789947 48.6088487348136 50.9381535114611 53.8294413291356 58.0682918429375 62.4486893993967 67.4085674145642 72.8024103361018 77.9264021130169 82.0116896664395 83.37786568263 82.1714858097189 78.9036229778739 74.1592512972215 69.1984792772461 64.3823371284148 60.0074404548196 56.1376475753153 53.0060071463094 50.2642959514085
33.5328701173558 29.4424954565132 25.8136845564141 23.0422802655136 20.9529227807241 19.3919838403954 18.7059343089076 18.4057726128136 18.8021381567506 19.8522106093519 21.3523249556037 23.1148101512124 25.1414484543835 27.2125564866206 29.2741241244709 31.200121351463 33.0435400368536 34.9119900061804 37.131947663777 39.6390824764967 42.638016032822 45.7698719860876 48.9973854203435 52.3221680618384 55.052203387022 56.6663767169504 56.7881285451791 55.4806436966447 53.1919237813529 50.3839609430117 47.7476404602913 45.6203546760713 44.1863644916345 43.8020705273923 44.0029178025091 45.3942204814623 47.5792615378604 50.565420131473 54.4425019499134 58.6802902134026 63.6102522821987 68.937817068661 74.4547704423175 78.899438020061 80.7940766285448 80.3320610277793 77.668606652933 73.5657418545555 69.0711864723879 64.4524842220194 59.7573765340973 55.5264648093897 51.6501209797228 47.8480360122288
27.7171341873267 24.2149652645868 21.1279286759741 18.7687423071441 17.014623871621 15.7063601060825 15.065896738978 14.7218883186579 14.9408153155271 15.6859596564489 16.7573400700794 18.1287321290549 19.7876567349714 21.519990824163 23.2770208396456 25.0068589435781 26.7184673153302 28.7147082546178 31.0179861599908 33.7674438427476 36.8219636818942 40.3337771235143 43.8286568119245 47.4359043678817 50.3756924368003 52.1551300716751 52.3473540982779 51.1754399844829 48.8744427991264 45.9942910741357 43.4579989945187 41.2910063301816 39.7348254301092 39.2727086859591 39.3695682900793 40.6610522848718 42.599345964544 45.4689653708654 49.0704930819133 53.1425346206216 57.5960822438493 62.6624874051879 67.8261677657857 72.0851137077107 74.2133941510144 74.5665258905467 72.8108731508255 69.7330273144385 65.9799822744201 61.8526120291037 57.137697025257 52.8958712334142 48.5603531178306 44.1218080376001
22.8246721020516 19.8847500278669 17.3359050286167 15.3752638022689 13.9231063837514 12.8924179971218 12.2999388956848 11.9140427897082 11.9592635169187 12.4322055841193 13.1766628570416 14.197747009642 15.457205391982 16.8343031827141 18.2495413400671 19.6785564317423 21.2085724937565 23.1185696786817 25.4443998792592 28.1060872257632 31.1060541938333 34.5318020126399 38.1370899721104 41.744759372052 44.7031968744362 46.4466149771915 46.6834720776362 45.4914484094171 43.2047231618096 40.3881532593685 37.8983201218002 35.7807022657465 34.2921984905706 33.6632025342654 33.7420133089318 34.8901985322728 36.6388309856548 39.1747465098605 42.5693670353469 46.0766266076004 50.0524332190261 54.4617842751391 58.8966932962922 62.6025168334737 64.8290422944462 65.7189140249701 64.9504534882658 62.9710158968673 60.0667869168169 56.5279988628976 52.0736805191811 47.8532380856135 43.4267927732538 38.7944638474899
