PREC/medie/CUMULATA_MEDIA_05.asc
NCOLS 177 
NROWS 174 
XLLCORNER 1436301.375 
YLLCORNER 4916704.5 
CELLSIZE 1500 
NODATA_value -9999 
[rows 100 to 119 of 174, columns 0 to 45 of 177]
114.654914182775 113.133288663976 111.683827119715 110.258012771606 108.833767947029 107.413749694824 105.999699424295 105.030427932739 104.135165495031 103.142488479614 102.572170706356 102.378710690667 101.983458126293 101.705519732307 101.889824979446 101.976665216334 101.997072780834 103.050500364865 104.167943786172 105.299822414623 106.619538868175 108.039568340077 109.658721026252 110.711011550006 110.788070286022 110.937408952152 111.052617241355 110.463260875029 109.859290796168 109.237025597516 108.727342100704 108.243812673232 107.737288755529 107.353685771718 107.093968054828 106.763055633096 106.669323528514 107.523668176988 108.344806502847 109.140154614168 111.091320430531 113.152156324948 115.231676718768 117.229240641874 119.178169811473 121.215499288896
112.670250051162 111.188117307775 109.751582987168 108.355053284589 107.148825028363 105.935805489035 104.716185513665 104.012991849114 103.389540952795 102.658230837654 102.256568067214 102.140369303086 101.882455545313 101.7046139661 101.829887502334 101.862113503849 101.83264502357 102.515308324028 103.219924141379 103.894099628224 104.883681241204 106.036912805894 107.395582647885 108.386858323041 108.756710332983 109.213707979988 109.629250414231 109.238997403313 108.822080780478 108.371581189773 107.946616958169 107.52591901667 107.0919156916 106.756389898412 106.519260743085 106.223182285533 106.130420909208 106.841367441065 107.517836458543 108.167655664332 110.029095593621 112.000209976645 113.979478331173 115.908835186678 117.808493333704 119.80387062185
110.681822271908 109.220422744751 107.789886699003 106.424015606151 105.43316785027 104.427024616915 103.405141718247 102.972587809843 102.623806448544 102.156865905313 101.923971737132 101.887956114376 101.751615412095 101.652490896337 101.700748107013 101.674546073465 101.600056479959 101.912604163675 102.215530676 102.458894336925 103.146649192361 104.058034448063 105.147288546843 106.073798460119 106.727583380306 107.479698405546 108.180762066561 107.975920901579 107.74164873011 107.470438845017 107.136980337255 106.786016632529 106.428331711713 106.144423148211 105.933614506441 105.672555867363 105.579785178689 106.146944382611 106.679999912486 107.18679041021 108.961058897131 110.846293337205 112.732836611131 114.601485869464 116.459398662343 118.409669146818
108.69135721992 107.240480759565 105.811605341294 104.478148740881 103.700291914098 102.900084327249 102.077269273646 101.918125152588 101.845265220193 101.6442638846 101.578994470484 101.624990407158 101.597088982077 101.557950805215 101.512933506685 101.423919902128 101.307104166816 101.248277271495 101.158852801603 100.99586054858 101.408802256865 102.102555892047 102.913886743433 103.771947075339 104.700557147755 105.734378478106 106.704809020547 106.669942126555 106.613044794868 106.528983060051 106.294365321889 106.020689291113 105.743498072905 105.515208188225 105.335002955268 105.109057314256 105.015121796552 105.437947385451 105.829036544351 106.195796461666 107.885949134827 109.689980619094 111.492984098547 113.310090233298 115.135397013496 117.036675873925
106.447918611414 105.283507851993 104.126594543457 103.065618963803 102.565222459681 102.034011055441 101.472462822409 101.478265425738 101.544338226318 101.474937775556 101.446832937353 101.452793233535 101.413711323458 101.34708886988 101.216772416059 101.073442459106 100.921979567584 100.783971281613 100.602035859052 100.328903534833 100.610082401949 101.154327729169 101.755904029397 102.503084743724 103.478465360754 104.568553980659 105.599987983704 105.679935735815 105.74593555226 105.794928101932 105.663299392251 105.48626983867 105.308844622444 105.148289960973 105.004364238066 104.819278043859 104.749617296107 105.127977315117 105.476806304034 105.803124539992 107.351317237405 109.002971312579 110.651451559628 112.363788885229 114.113812839284 115.923483736375
104.166627435123 103.280046238619 102.395388210521 101.61298235725 101.392940409043 101.141355177935 100.859028535731 101.033237681669 101.238851435044 101.299308215871 101.301703509162 101.261611321393 101.194797459771 101.084739236271 100.865976053126 100.661551251131 100.465955061071 100.28767787709 100.061553618487 99.7377156650319 99.9209318721996 100.337530248305 100.763878429637 101.412335227518 102.403834847843 103.511511970969 104.565001712126 104.753192228429 104.933633636026 105.10499533485 105.079535428215 105.005946103264 104.934210440692 104.845265051898 104.740028437446 104.598444714266 104.560891656315 104.922916973338 105.25760269165 105.571544422823 106.962269446429 108.442354482763 109.917153190164 111.51028621898 113.173396447126 114.880194159115
101.804322523229 101.168564067167 100.535257339478 100.011969959035 100.052246318144 100.076642204733 100.085718715892 100.438669092515 100.79680184757 101.001310909496 101.046113743502 100.974963861353 100.865946208729 100.694245001849 100.369484228246 100.068357972538 99.7812149945427 99.5146610035616 99.2107902414658 98.8323940950281 98.9130726982565 99.2005064347211 99.5089096742518 100.118414934944 101.184669494629 102.341658480027 103.440660701079 103.760041685665 104.070655934951 104.3710714789 104.458415311926 104.493979229647 104.527790237876 104.510034112369 104.443386919358 104.34728010963 104.343939781189 104.691952256595 105.013493425706 105.315041485955 106.548137216007 107.857368693632 109.160934840932 110.637271320119 112.21588157205 113.825019612032
100.281188403859 99.84783262365 99.4188249251422 99.0841569339528 99.2007835612578 99.3229732513428 99.4497423732982 99.8527093775132 100.245922425214 100.480429256664 100.517441244686 100.413676766788 100.260736465454 100.031619632945 99.621994972229 99.2449436748729 98.8863198336433 98.5340857225306 98.1551819408641 97.7244505040786 97.7262931150549 97.918306238511 98.1416841955746 98.7298167733585 99.8619487986845 101.059212291942 102.19676472159 102.647938728333 103.08925931594 103.519226747401 103.726999058443 103.881007755504 104.029524073881 104.10766584733 104.119391665739 104.108216790592 104.167145729065 104.490348311032 104.788023107192 105.066508461447 106.145910263062 107.289672514972 108.427388191223 109.788343036876 111.28154928544 112.792150273043
99.1920135722441 98.9541280970854 98.7211381126853 98.5476722717285 98.6444620805628 98.7635669708252 98.9015478246352 99.2707851634306 99.6168469821706 99.7961572759292 99.7842642840217 99.6403726689956 99.4358172697179 99.1467408572926 98.6638678382425 98.2232351864085 97.8058048697079 97.3653961069444 96.9096016042373 96.4243596581852 96.3666660084444 96.4930386823766 96.661751130048 97.2438410029692 98.4308503094841 99.6569806828218 100.823727663826 101.405438928043 101.97624167274 102.53460334329 102.86999797821 103.151750059689 103.424450313344 103.626762558432 103.763239804436 103.883749288671 104.038450353286 104.324097633362 104.585093105541 104.82763447481 105.758219438441 106.743072902455 107.721492094152 108.968775132123 110.375422028934 111.786336954902
97.9583339691162 97.9167675130508 97.864371916827 97.8299699110143 97.8892156376558 97.9842421026791 98.108834883746 98.4192801082835 98.7068317076739 98.85783217935 98.8236635993509 98.6655685200411 98.4270052068374 98.0947457481833 97.5554258683149 97.0392995722154 96.5357887043672 95.9804275737089 95.4263348298914 94.8732007531559 94.7425803016214 94.7927382413079 94.9351161507999 95.54010144402 96.809538897346 98.0998209785013 99.334397540373 100.083997782539 100.809841829188 101.508808416479 101.983930363375 102.404267423293 102.806263530956 103.137828097624 103.404108832864 103.655461086946 103.903708738439 104.150136779336 104.373045135947 104.578411158393 105.358828488518 106.184633255005 107.006353714887 108.142517202041 109.465167045593 110.779388539931
97.1147233177634 97.1809645821066 97.2247226378497 97.2567264332491 97.2555696824018 97.3045955545762 97.3939027786255 97.6206715527703 97.8279312358183 97.9326970156501 97.8548168855555 97.6593517976649 97.3643063937917 96.9748939065372 96.3814548043644 95.7877263461842 95.1935872470631 94.5273960337919 93.8795196869794 93.2631278318517 93.0631214590634 93.0410825504976 93.167942608104 93.8000217886532 95.1450435975019 96.495236901676 97.7991261201746 98.7412701775046 99.6434190413531 100.500773654265 101.100503304425 101.637792867773 102.147060506484 102.577807258157 102.936762697556 103.281289268942 103.592327398412 103.793413554921 103.971957318923 104.133675014271 104.766513151281 105.43669128418 106.105499435874 107.126539510839 108.35637625526 109.564756898319
97.0696433011223 97.0930777718039 97.0771618450389 97.0398768817677 96.9445782268749 96.9131833244772 96.9313226026647 97.0290253583123 97.1103935241699 97.1215174057904 96.9345438340131 96.6241065193625 96.1931960161995 95.6912851894603 95.0423462811638 94.3692208458395 93.6835562762092 92.9420874539544 92.2371106428259 91.5941144157858 91.3601696350995 91.3019696964937 91.4491265801822 92.1052024504718 93.4659532098209 94.8154263776891 96.1474901087144 97.3772586373722 98.5513808306526 99.6637484606575 100.276584681343 100.773450963637 101.231766308055 101.541520735797 101.716330584358 101.876220254337 102.020890516393 102.119732912849 102.197225458482 102.258851556217 102.758637147791 103.293937402613 103.830961620106 104.702966914457 105.773597941679 106.810230647816
97.011983422672 97.009152805104 96.9615100411808 96.8836077521829 96.7225998710184 96.6196639678057 96.5607435563031 96.5225770052742 96.4663415796616 96.3536821814144 96.0279511844411 95.5739838656257 95.0028887356029 94.3863215726965 93.6786708831787 92.9364845051485 92.1767441244686 91.3768445183249 90.6244320588953 89.9514932071461 89.6802054012523 89.5812689276303 89.7186635522281 90.3691910575418 91.7166942147648 93.0647273344152 94.4347156636855 95.9593568689683 97.4142894183888 98.7927032358506 99.4278549306533 99.8939247692333 100.305357933044 100.497570430531 100.492281240575 100.466184335596 100.442633965436 100.437111910652 100.411727119895 100.371626405155 100.736701404347 101.134972291834 101.536660474889 102.256075578577 103.163935549119 104.034473419189
96.9478515737197 96.9273802252377 96.8639597612269 96.7626844854916 96.5546650045058 96.3872592589434 96.2497577667236 96.0729579925537 95.8726383097031 95.6161717807545 95.1305331622853 94.5114486357745 93.7968940734863 93.0637454986572 92.2942297318402 91.4916675792021 90.6729638155769 89.8299375982846 89.0391714993645 88.3337718739229 88.022385372835 87.8782744688146 87.9760632234461 88.5905913745656 89.8939229179831 91.2390019472908 92.6560539357802 94.4824881834142 96.2272345599006 97.8834110708798 98.5510896233951 98.9970444510965 99.3661315020393 99.4448182162117 99.264116231133 99.0503564722398 98.8562725852518 98.7437910192153 98.6132652619306 98.4694208818323 98.6977301204906 98.9563208187328 99.2183310564827 99.7808381248923 100.521622377283 101.232949256897
97.2799449808457 97.2384494893691 97.1560038959279 97.0264301300049 96.7636931363274 96.523733475629 96.3002949882956 95.9061107074513 95.4809180428 95.0012900969561 94.288857347825 93.4456463421092 92.5299102558809 91.6521434222951 90.8468037773581 90.0095341626336 89.1621357412899 88.4353712306303 87.7636101666619 87.1809613283943 86.9105724446914 86.7758120368509 86.887923969942 87.4330415164723 88.5463370154886 89.7446363673491 91.0465786316816 92.8706397449269 94.60349223193 96.2382415322696 96.858818951775 97.2514006670784 97.5450164009543 97.5806879155776 97.3872847276575 97.1475708905388 96.8964720333324 96.6296753041885 96.3466833900003 96.0517354292028 96.0303396898157 96.0312505048864 96.0354191836189 96.2826069663553 96.6737028570736 97.0426119075102
97.6194587034338 97.562243125018 97.4659593245562 97.3123296288883 96.9994692521937 96.6906541375553 96.3852552526137 95.7697437510771 95.1153561087216 94.4045993019553 93.4573397355921 92.3817545946907 91.2596787845387 90.2367868984447 89.3998256010168 88.5385360717773 87.6783952152028 87.1029398301068 86.5832109451294 86.152270934161 85.9390070859124 85.8262601179235 85.9583096223719 86.4204895917107 87.3080693974214 88.3227234447704 89.4669988295611 91.2112785227158 92.8563793406767 94.3959246242748 94.9476609510534 95.2759924495921 95.4845186682308 95.4948719249052 95.3307129355038 95.1066106347477 94.8275676054113 94.3934020435109 93.9443622476914 93.4843888002283 93.1814207189223 92.8916745466344 92.6053968878353 92.4939857370713 92.4859858120189 92.4619371750776
97.9693922716029 97.8999011656817 97.79336345897 97.6186217700734 97.2593520108391 96.8846898359411 96.5008214501774 95.6651361128863 94.7822624094346 93.8344363605275 92.646242871004 91.3320450502283 90.0101241504445 88.8506583606496 87.9882425981409 87.1334076488719 86.3038672839894 85.9214524661793 85.5795109131757 85.3009679457721 85.1440918866326 85.0500778310439 85.1607217508204 85.4958811367259 86.1155170552871 86.9017578573788 87.8427616007188 89.4605054855347 90.994839331683 92.4415664672852 92.9270983303294 93.1952365987441 93.3304947684793 93.3279317407047 93.2049625060138 92.9997492958518 92.69446849823 92.0952667348525 91.478993471931 90.8502462050494 90.2618492911844 89.678445928237 89.1004340227912 88.6292081720689 88.2209206188426 87.7903381235459
98.268414553474 98.2687412149766 98.2316801407758 98.0937466340906 97.6946291643031 97.2599273569444 96.8037909339456 95.787852455588 94.7188248914831 93.5753480686861 92.1717645420748 90.6367064083324 89.1322222316966 87.8588822869693 86.9973410999074 86.175305927501 85.3987913131714 85.144471617306 84.9164291830624 84.7283177936778 84.5758599113016 84.4539807824527 84.4980094292585 84.6711964607239 85.0050804755267 85.5458357754876 86.2433583315681 87.5538898916806 88.7996015548706 89.977739053614 90.3722322688383 90.5832086450913 90.6480627059937 90.6368506936466 90.5595420949599 90.3773207383997 90.0812008240644 89.4572187872494 88.8130650239832 88.1542259665097 87.4517818338731 86.7484751308666 86.0524509654326 85.4185889187981 84.8215443667244 84.196860369514
98.5432095247156 98.6562114603379 98.7339478100047 98.6671479730045 98.2360832550946 97.7488762911628 97.2287619534661 96.0639875636381 94.8436868331012 93.5407925213084 91.947639465332 90.2135194890639 88.5480971616857 87.1884756088257 86.3586472342996 85.6014058730182 84.9060528138105 84.731375357684 84.5668014919057 84.4177245532765 84.2254195213318 84.0343493573806 83.9699374086717 83.9483991510728 83.9798773597269 84.2585450901705 84.6685748380773 85.4756193721996 86.2340491238762 86.9423793343937 87.2126014933867 87.3632634106804 87.3549173018512 87.3344284506405 87.3030741635491 87.1443444981295 86.896489423864 86.4126098296222 85.9063476113712 85.3838815689087 84.7745263155769 84.1618753882016 83.5584287082448 83.0003822551054 82.4691831925336 81.9041165183572
98.8451266008265 99.0783883824068 99.2647201313692 99.2593338910271 98.7895191417021 98.2557255801033 97.6855266795439 96.3842069962445 95.0323518865249 93.6027462342206 91.851575458751 89.9503236658433 88.1422642539529 86.7170385472915 85.9366306417129 85.2321271896362 84.5938129425049 84.4750031302957 84.3624572192921 84.2591577698203 84.0326026748209 83.779864170972 83.6252307330861 83.425280122196 83.1723467882942 83.1470115886015 83.2111578548656 83.4588821074542 83.6826819251565 83.8817690120024 83.9909266864552 84.0484966951258 83.9608893674963 83.9255739660824 83.9340681188247 83.8076660492841 83.6191551545087 83.2859928467694 82.9306338815128 82.5592517852783 82.0576151118559 81.5499350042904 81.0524557338041 80.5836195104262 80.1316715689266 79.6535752801334
