PREC/medie/CUMULATA_MEDIA_03.asc
NCOLS 177 
NROWS 174 
XLLCORNER 1436301.375 
YLLCORNER 4916704.5 
CELLSIZE 1500 
NODATA_value -9999 
[rows 60 to 79 of 174, columns 0 to 45 of 177]
73.8371729009292 75.2340009773479 76.6316064385807 78.0257564712973 79.5110724533305 81.033811120426 82.5995372954537 83.9535988008275 85.0766434459125 86.1771153772578 87.2246373821707 88.0904378680622 88.976287280812 89.8749668352744 91.5195182737182 93.1947053841808 94.864321186262 96.4392094331629 97.9721515879911 99.4585360358743 99.890308380127 98.9854507446289 98.0872513266171 97.3165366228889 97.1147116492776 96.9103437311509 96.7041235531078 96.3810363096349 96.0496673583984 95.7218641393325 95.4200543796315 95.1311582677505 94.8452173120835 94.4332985597498 93.8386357251336 93.2396855073817 92.5914842050303 91.6686379260877 90.750575251439 89.8370225920397 89.8203221699771 89.9277482874253 90.0734708098804 90.08390630694 90.015489487087 89.9430737425299
75.4139001649969 76.6681542256299 77.9296138426837 79.2005562782288 80.6553938809563 82.1785730894874 83.7471687583362 85.0669288074269 86.1242017956341 87.1169707003762 88.1057569630006 89.1115566632327 90.1744835727355 91.2748715246425 92.6832048191744 94.0978253553895 95.5001413320356 96.7686006882611 97.9782212201287 99.1226270339068 99.4615624371697 98.8005530413459 98.1577707178452 97.5793688157026 97.2693104463465 96.949727899888 96.6228199005127 96.3389691745534 96.0600026074578 95.7853419359993 95.5541780135211 95.3446451074937 95.1437800912296 94.7936291414149 94.2288884555592 93.6535153108485 93.0458802521667 92.2726948419038 91.5028938335531 90.7362972007078 90.5973178639131 90.551061223535 90.5494759082794 90.4458354711533 90.282678288572 90.1122791276259
76.998385219013 78.1193557627061 79.2517669761882 80.4005328627194 81.8281523480135 83.3514985056485 84.9140615323011 86.1897049370934 87.1728347610025 88.0963457892923 89.0758719794891 90.2658521638197 91.5061973052866 92.7794952778255 93.917317776119 95.0471810873817 96.1645611384336 97.1087220135857 97.9798637838925 98.7879943847656 99.0459199793198 98.6339441187241 98.2418782851275 97.8455498639275 97.4206928926356 96.9834592482623 96.5367382273954 96.2942397173713 96.068904652315 95.849640790154 95.6915116029627 95.5632934570312 95.4432121725643 95.1503443998449 94.6113509009866 94.0613193511963 93.4980451348512 92.8778681825189 92.2606620718451 91.6462704574361 91.3899576663971 91.192558891633 91.0381695873597 90.814941202893 90.5515370298834 90.2817486244089
78.5850978178136 79.5786656071158 80.5864499456742 81.6142961838666 83.0182413774378 84.542049814673 86.0934140261482 87.3183604408713 88.2217206043356 89.1050179285162 90.1144222441842 91.5248762930141 92.9446685314178 94.3702463051852 95.2099686019561 96.0359389624175 96.8538171429844 97.4580309250776 97.9772049398983 98.4545079399558 98.6432465945973 98.4857056561638 98.3396965475643 98.1151589786305 97.5686463748708 97.0111885070801 96.4455216351677 96.246514488669 96.0761644699994 95.9148611180923 95.8324968674604 95.7878539141487 95.7435646057129 95.5027052935432 94.9844046200023 94.4618339538574 93.947420222356 93.4843384693651 93.0250810419812 92.569408010034 92.2019925538231 91.8565881462658 91.5425873363719 91.1929297938066 90.8224426928688 90.4515180237153
80.7050236673916 81.4003558299121 82.1162409922656 82.8590665985556 84.1658242450041 85.640122273389 87.1314853920656 88.3761437780717 89.3830507292467 90.4069525704664 91.507012107793 92.8356751484029 94.1366802453995 95.4221134887022 96.3138314555673 97.1950200761066 98.0670789015644 98.3786573971019 98.4807007733513 98.5627351648667 98.5595647026511 98.4537315368652 98.3534339455997 98.1685221054975 97.6447433022892 97.1099276823156 96.5667417189654 96.3707082411822 96.2024195053998 96.0465978734634 95.9526869829963 95.8879910637351 95.8165837456198 95.5733833312988 95.0892894969267 94.6075742384967 94.1479929939789 93.8059194841806 93.4685555345872 93.1355279193205 92.6734047356774 92.2030108325622 91.7523090629017 91.1574868805268 90.4783559897367 89.8042914657032
82.8273876695072 83.2297299749711 83.6545277062584 84.1083006017348 85.3189915068009 86.7409359847798 88.172809621867 89.4486651420593 90.5783835439121 91.7488691315931 92.9300048000672 94.1318219269023 95.2788945155985 96.3938430547714 97.397328264573 98.3913305752418 99.371780062423 99.3934012020335 99.0686946195715 98.7468346988454 98.5342458837173 98.4411448310403 98.3462234945858 98.1735191345215 97.7034449857824 97.2238800946404 96.7371985491584 96.5356611364028 96.3578129936667 96.1947737301097 96.0670125624713 95.9552309372846 95.8298932243796 95.5701397166533 95.123587215648 94.6851981667911 94.2808784301228 94.0486003879239 93.8218742819393 93.6002200771781 93.0468021280625 92.4575782663682 91.8779122268452 91.0059426461949 89.9631415184806 88.9303237901014
84.9542079252355 85.0693908298717 85.2069456016316 85.3724568030413 86.4922477497774 87.8644472290488 89.2505608797073 90.5747518469306 91.8415286891601 93.1208444132524 94.3336146088208 95.3626595525181 96.3616397170459 97.3441433626063 98.5014328465742 99.6273099867737 100.701606037862 100.411981694839 99.6471988453585 98.9171625025132 98.4952462140252 98.4102789934944 98.3221119151396 98.1647134668687 97.7509940652286 97.3299109515022 96.9033730450798 96.699509788962 96.514238245347 96.3425858441521 96.1793327331543 96.0193521836225 95.8448335984174 95.5737001755658 95.1694380816291 94.7716508753159 94.4180017484023 94.290692876367 94.1695166756125 94.0539135582307 93.4036437763887 92.6943965449053 91.9958958695917 90.8570182113086 89.460786616101 88.0712891957339
86.1557932040271 86.1834804591011 86.2275056137758 86.2927703857422 87.5944650173187 89.1984248722301 90.812092016725 92.1543843816308 93.272141975515 94.3816025888219 95.4057758836185 96.1956108107286 96.9823546409607 97.7720971387975 98.9503443311243 100.077064326581 101.118019822328 100.681653415456 99.7446742338293 98.86786292581 98.3842371772317 98.3267965877757 98.2643589692957 98.1315428789924 97.7475783404182 97.3588645037483 96.9667392057531 96.7212961982278 96.4897057028378 96.2710441140567 96.0791403826545 95.8981915642233 95.7013352338005 95.4365052615895 95.0790786743164 94.7263241936179 94.4139947349973 94.30909762663 94.2112420902533 94.1196455464644 93.360251342549 92.5270157351213 91.705498008167 90.3774824142456 88.7534631981569 87.1330906924079
86.8830470197341 86.9091075308183 86.9513855401207 87.0139345702003 88.6598622237935 90.6719414206112 92.6975405917448 94.0371093609754 94.8152219688191 95.5557790994644 96.2263545218636 96.7176825649598 97.2317539663876 97.7681327006396 98.8423301577568 99.8408812337062 100.717288862256 100.27069495706 99.3958464229808 98.6122106664321 98.2030312033261 98.1910025652717 98.1725739871754 98.0726612315458 97.6898702733657 97.3045245899874 96.9173575008617 96.5849723815918 96.2610866322237 95.9489656336167 95.7339071386001 95.5610026191263 95.3712189618279 95.1317618874942 94.8252294203814 94.5216668072869 94.2378113839556 94.0534816296662 93.8767748475075 93.706824092304 92.8222162302803 91.8593412006603 90.9093751346364 89.4885871480493 87.7925272899516 86.0968755693997
87.6572268429924 87.6769382813398 87.7226081455455 87.7991664269391 89.8132616491879 92.2389916882795 94.6370503832312 95.9224330747829 96.3232117190081 96.6891202015035 97.0047784342485 97.1951503964032 97.4164524919846 97.6717495287166 98.61239830536 99.4814629344379 100.237138198579 99.8261804019704 99.0511582318474 98.3610875746783 98.0262251461253 98.0600204467773 98.0875194773954 98.0222901736989 97.642837748808 97.2601645974552 96.8752795948702 96.4525907179889 96.0335379207835 95.624537748449 95.3835112627815 95.2152788498822 95.0300250333898 94.8135903302361 94.5554129656623 94.3005229725557 94.0447814138058 93.7810859574991 93.5271597995478 93.2818631284377 92.2749910074122 91.185056272675 90.1079655464958 88.5957012176514 86.8289002600838 85.0613784018685
88.6470665370717 88.8086551778457 88.9971328202416 89.2182114264544 91.5209468112272 94.2352168419782 96.8859580054003 98.0501477297615 98.0663522692288 98.0528390267316 97.9761266287635 97.7511358611724 97.570187533603 97.444284733604 98.2242774858194 98.9424005799434 99.5641837869497 99.2355571073644 98.618231380687 98.0704018087948 97.828166737276 97.8989955677706 97.9644979589126 97.9296765046961 97.5612961264218 97.1879813250373 96.8112355400534 96.3136693169089 95.8150551739861 95.3238536610323 95.0596800411449 94.8931747885311 94.709810369155 94.5138729319853 94.3011642904843 94.0927146462833 93.8650548293748 93.5342718012193 93.215662959744 92.9078215851503 91.7997063748977 90.6046135776183 89.4220745493384 87.8554619831197 86.0644698072882 84.2730259474586
90.0875116656808 90.730715933968 91.4115354173324 92.1352874531465 94.5734933193992 97.313089763417 99.946994620211 100.872228930978 100.522838101668 100.148986150237 99.5863187453326 98.5923614081214 97.6485798288794 96.7871047223315 97.3044374585152 97.7684035213555 98.1513179091408 98.0408219730153 97.7874049018411 97.591308369356 97.5219499924604 97.5814186544979 97.6359997917624 97.6009178161621 97.2752934624167 96.9434100880342 96.6072656968061 96.1320825464585 95.6548702015596 95.1832338220933 94.9206659653608 94.7465892118566 94.5557096144732 94.3697157467113 94.1900073780733 94.0154308992274 93.8205989739474 93.517441845992 93.2290688262266 92.9537148335401 91.9038449315464 90.7704803102157 89.6492637536105 88.3134918563506 86.8524224267286 85.3903679286732
91.6051518776838 92.7325746031369 93.8988037950852 95.1077082157135 97.6558151245117 100.407367481905 103.026489229763 103.708865172723 102.995986454627 102.248272657394 101.179207079551 99.4027393355089 97.6916136531269 96.1010255462983 96.3549711213392 96.5676913331537 96.7189871861654 96.8409883835736 96.9570853289436 97.1131405549891 97.2132117327522 97.2618913089528 97.3035469055176 97.2663533827838 96.9811583126292 96.6877670288086 96.3889402501723 95.9327751608456 95.4747953975902 95.0225996129653 94.7613491731531 94.5797489390654 94.3836948170381 94.2101379843319 94.0656953699448 93.9258624806124 93.7643536877106 93.4893357911531 93.2315748193685 92.9889500246328 91.9975996368072 90.9263111212674 89.8671141161638 88.7627444477642 87.6321621151532 86.499081401264
93.1673849189983 94.7818944033454 96.4308610663694 98.1160543946659 100.756163870587 103.511980800068 106.118060069926 106.553505049032 105.47915928504 104.347988086588 102.755849235198 100.186326054966 97.7041583902696 95.3904928705272 95.3798692962703 95.3434887572246 95.2691032084472 95.636994081385 96.127504012164 96.6360343484317 96.9020150128533 96.9404274435604 96.9670313666849 96.9257107902976 96.6783756929285 96.4201561422909 96.1548753626206 95.7137733908261 95.2723372964298 94.8391452116125 94.5786271936753 94.3893197003533 94.1906127929688 94.0322200550753 93.9256033055923 93.8214351429659 93.6937700867215 93.4474269677611 93.2206852365942 93.0110545719371 92.0785205574597 91.0697276592255 90.0734137997908 89.201184609357 88.4018303226022 87.5972908735275
95.1057024282568 96.4717500490301 97.8823100959553 99.3369439419578 101.439167085816 103.600197546622 105.605585666264 105.908791275585 105.056885018068 104.115192644736 102.524526645156 99.618107473149 96.813800415572 94.2101318801151 94.1120109417859 94.0013532252873 93.8729755185983 94.3378722246955 94.9612691542682 95.5842408572926 95.9252781587489 96.0043308033663 96.0659967310288 96.0411071576562 95.7629015336142 95.4716722430552 95.1722986154697 94.8056587493595 94.4423595850959 94.0890587664702 93.8976179484059 93.7718843098949 93.6411848103299 93.5483856271295 93.5041966315578 93.4600918065099 93.3918273484006 93.2062614945804 93.042481482029 92.8976417814984 92.0932232562233 91.2202344922458 90.3600724374547 89.5805861318813 88.8484011537888 88.1079241037369
97.0055640024297 98.1036531364217 99.2433636469 100.422821023885 101.925966234768 103.43238771663 104.782690454932 104.956494857283 104.357006669044 103.641793131828 102.088140326388 98.8895494517158 95.8104049282915 92.9697176919264 92.8060417753809 92.6443433235673 92.4848995252567 93.019479414996 93.729388293098 94.4202032650218 94.8146312938017 94.9395406386432 95.0416419085334 95.0322921734632 94.7039799269508 94.3604629158097 94.0075734695967 93.7265977421228 93.4532990438097 93.1928453866173 93.0860288774266 93.0409773097319 92.9958545986344 92.9813960895819 93.0059698118883 93.0289445274016 93.0277751123204 92.9126389868119 92.8205468619571 92.7484315213035 92.0907803703757 91.3734910137513 90.6695987757515 89.9432495061089 89.2037947879118 88.453543957542
98.8258394213284 99.6291984950795 100.473148906932 101.354610611411 102.228420145371 103.070467282744 103.798018273185 103.890960405855 103.577484207995 103.115167982438 101.617823965409 98.1551570191103 94.8123643573593 91.7410937617807 91.5154240324217 91.2990413921721 91.0943224603201 91.6856049930348 92.4693154727711 93.2268575780532 93.6733171799604 93.8429700066062 93.9815011865952 93.9825576082529 93.5998352437335 93.2028155747582 92.7971388487255 92.6036116340581 92.4226854198119 92.2604786893901 92.2436634617693 92.2847881106769 92.3303081919165 92.3992302698248 92.4977070934632 92.5967651184867 92.6726527704912 92.6379324057523 92.6193379584481 92.6146784740336 92.0985948688844 91.5321860103046 90.9811440005022 90.3045925883686 89.5545233277713 88.7925954426036
99.7525694720885 100.401615689783 101.086028035949 101.801789227654 102.267118439955 102.678490947275 103.009355145342 102.860526877291 102.425419940668 101.819039316738 100.268963294871 96.9632912032745 93.7668596716488 90.8386518148815 90.5811096149332 90.3396951468552 90.1184770072646 90.6635502085966 91.3875588809743 92.0814087811638 92.4538089997299 92.5464520829127 92.6019531492801 92.520080318784 92.0607471913099 91.5882803815253 91.1080717058743 91.023761286455 90.9558637282428 90.912026012645 91.0111182928085 91.1663987917059 91.3300272787318 91.512453899664 91.7185659128077 91.9270297990126 92.1068988126867 92.1507424046011 92.2036700599334 92.2644178166109 91.848162447705 91.386429604362 90.9419183099971 90.3300488415886 89.6200670494753 88.8971208544339
100.218822914011 100.768525453175 101.352444739903 101.965609697735 102.145712144235 102.268780925695 102.351037909003 101.846214511815 101.003092366106 99.9545278549194 98.2668305635452 95.4239950951408 92.6908083663267 90.2051385956652 89.948734818136 89.7162082361824 89.5128346826224 89.9241308324477 90.4704430524041 90.9797230888815 91.1559048937086 91.0484820937409 90.8954213112593 90.6290445047266 90.0619771936361 89.4827083805028 88.8963879907832 88.9379249881296 88.9990957554649 89.090080724043 89.3292343616486 89.6261966649224 89.9359183171216 90.2640521526337 90.6151705489439 90.9708360784194 91.2853737859165 91.4041611867792 91.5250723782708 91.6478174153496 91.2791807791766 90.8646602209877 90.4693289223839 89.940690797918 89.333876357359 88.7130344615263
100.604506166542 101.071067347246 101.569153736619 102.093223392963 101.997707791188 101.832923805012 101.631042746937 100.732657579815 99.4467417843202 97.9989290938658 96.2293942255132 93.8901253588059 91.6381807151963 89.5982468654128 89.3526837860837 89.125372587758 88.9200764637002 89.1757825963637 89.5269364749684 89.8423331765567 89.8129394724965 89.4963680172668 89.1354233026505 88.6871970821829 88.0140407260727 87.3385339344249 86.6616503140506 86.846106150571 87.047954713597 87.2788540896247 87.6631746853099 88.1063776296728 88.5616332923665 89.0349198509665 89.5305023473852 90.0304293352015 90.4759346176596 90.6662276913138 90.856232881546 91.0459984050078 90.7299809455872 90.36533574497 90.0153667786542 89.56612535084 89.058644322788 88.5394236480489
