PREC/medie/CUMULATA_MEDIA_06.asc
NCOLS 177 
NROWS 174 
XLLCORNER 1436301.375 
YLLCORNER 4916704.5 
CELLSIZE 1500 
NODATA_value -9999 
[rows 60 to 79 of 174, columns 92 to 137 of 177]
156.428659439087 154.334136738497 152.212407504811 148.944247975069 144.479969585643 139.695384193869 134.812692866606 129.797628066119 124.65662204518 119.431069654577 116.311469919541 113.268352620742 110.230389202342 108.829650878906 108.118345709408 107.602520101211 107.878006766824 109.098218020271 110.504678165211 113.104667887968 120.46589122099 127.692749247831 134.808379453771 140.378755457261 145.819396523868 151.251112994026 154.161014781279 155.832182940315 157.097097509048 155.649214800666 150.35385647942 145.21424372056 140.160393434412 135.30604912253 130.659741345574 126.208242528579 125.747022965375 125.728755726534 125.614821714513 125.161013210521 124.518092660343 123.737998738008 122.56537919886 120.718878689934 118.918319926542 117.159615572761
155.7353961047 153.593432370354 151.41377471475 147.942474365234 143.054492389455 137.906078675214 132.727956547457 127.63403488608 122.411006703096 117.096370809218 114.821655722225 112.660641838523 110.429016001084 109.748293035171 109.769186244291 110.036832921645 110.935606115005 112.634262982537 114.548843832577 117.366850235883 124.103593714097 130.670616823084 137.092918844784 141.880181256463 146.513874278349 151.176636190975 153.803760752958 155.349573471967 156.397255392636 155.011384403004 149.887124903062 145.021001703599 140.298564462101 135.952034894158 131.813716888428 127.878748725442 127.068306193632 126.657896378461 126.096011442297 125.520370707792 124.947287391214 124.218803630156 123.064284829532 121.111094867482 119.210282606237 117.361677057603
155.049988241757 152.854228748995 150.702999339384 147.12714733797 141.907747268677 136.43503929587 130.985562380622 125.845284630271 120.530238207649 115.08275233998 113.578306422514 112.258507784675 110.79466752445 110.796367869658 111.507952746223 112.542403838214 114.056983050178 116.21639992209 118.568356906666 121.561121772317 127.595354641185 133.481397067799 139.233214434455 143.26413008746 147.091715644388 150.937953275793 153.213231703814 154.594641292796 155.583140204935 154.395946053898 149.586494445801 145.032852621639 140.644523844999 136.815289216883 133.125713797177 129.581419552074 128.339934853946 127.461892969468 126.489917306339 125.805902368882 125.335637709674 124.669073890237 123.547280255486 121.494586047004 119.506743599387 117.577977685367
154.397433112649 152.137175391702 150.03099677142 146.392969692455 140.903682484346 135.160839978386 129.499740600586 124.429820565616 119.150208529304 113.70722097509 112.93447786219 112.432954563814 111.706721922931 112.412669013528 113.862279667574 115.718574299532 117.916369269876 120.59639897066 123.45010398416 126.716395882999 132.071495280546 137.297523498535 142.399567996754 145.689940059886 148.720032187069 151.755530413459 153.613869162167 154.746553757611 155.594936595244 154.69702686983 150.684513316435 146.957224228803 143.351035398595 139.604170182172 135.90064867805 132.245734046487 130.476315442254 129.069342220531 127.624408048742 126.578479542452 125.836056653191 124.836222704719 123.470776726218 121.341873617733 119.291318444645 117.301133660709
154.069397870232 151.640490924611 149.480747110703 145.848258635577 140.341918945312 134.574310302734 128.97288311229 124.440576553345 119.649847255034 114.645047356101 114.404827230117 114.499569500194 114.292525684132 115.643200032851 117.849145440494 120.545072892133 123.448670555564 126.656173481661 130.016414642334 133.586750928093 138.183243471033 142.670001310461 147.045440673828 149.514014748966 151.661555121927 153.802941266228 155.095085368437 155.823793074664 156.38485807531 155.765852311078 152.875565472771 150.267728468951 147.686857335708 143.619929145364 139.538141587201 135.436744241153 133.043175865622 131.04568862915 129.069359947653 127.539077085607 126.379943847656 124.934811760398 123.253746481503 121.075127657722 118.985684675329 116.954648859361
153.838639091043 151.248189926147 148.990245594698 145.31502308565 139.741514093736 133.898221969604 128.287327934714 124.235776228063 119.882744733025 115.264763102812 115.497932658476 116.176427280202 116.587320327759 118.679643069997 121.748781204224 125.293853759766 128.923311794505 132.669078826904 136.556903390323 140.49800379136 144.362228169161 148.130211549647 151.794911552878 153.46358534869 154.749352399041 156.028475593118 156.76958286061 157.128678714528 157.383243336397 156.970676646513 155.182520698099 153.652340384091 152.101169810576 147.659440657672 143.199769188376 138.720571854535 135.778614268583 133.227489247042 130.629442551557 128.523074654972 126.864670697381 124.987840764663 122.995548248291 120.788300458123 118.675521401798 116.618940914378
153.742272320916 150.996710721184 148.577156852273 144.797549528234 139.09891465131 133.126922831816 127.44112183066 123.822911655202 119.87084904839 115.607963786406 116.280054541195 117.544007806217 118.661621991326 121.571479685166 125.586439469281 129.984988268684 134.35775644639 138.648862053366 143.050525665283 147.331073087804 150.415740742403 153.432586894316 156.370920293471 157.232374079087 157.653918098001 158.083228616153 158.263983558206 158.25644347247 158.201608994428 157.892436308019 157.010927985696 156.333887436811 155.627598706414 150.908059737262 146.1954684538 141.488751804127 137.919916040757 134.644820718204 131.234957077924 128.513549131506 126.504174849566 124.361093633315 122.211439244887 120.108430525836 118.118792926564 116.208584617166
153.252406625187 150.383057313807 147.834044175989 144.033441767973 138.374141693115 132.443654228659 126.898651796229 124.308301813462 121.373534370871 118.100027420942 119.294191360474 121.144584767959 122.974425147561 125.954152836519 129.660476347979 133.614288105684 137.554353826186 141.471450356876 145.487797007841 149.455476873061 152.410839080811 155.307235044592 158.130884955911 158.624935823328 158.56588453405 158.516049553366 158.388051874497 158.200140784769 158.01356753181 157.728284723618 157.20607398538 156.864905637853 156.571480694939 152.083084106445 147.60258214614 143.129149268655 138.904927422019 134.707938474767 130.301285014433 127.019767536837 124.985512452967 122.879059511072 120.825228635003 119.013658972347 117.319506476907 115.71414902631
152.622803968542 149.646521063412 146.983418632956 143.185164507698 137.609485626221 131.74176866868 126.327479979571 124.837648952709 122.999647813685 120.804617376889 122.532751419965 124.944039400886 127.431618073407 130.398478003109 133.676286024206 137.145992054659 140.657837811638 144.254837036133 147.937861947452 151.601816962747 154.445866304285 157.236665613511 159.956295911004 160.107249540441 159.577278137207 159.044177335851 158.591754015754 158.21806268131 157.898239135742 157.619340335622 157.457243751077 157.440959481632 157.515281228458 153.26385049259 148.9839479783 144.696575164795 139.814555448644 134.654862796559 129.288467182833 125.44448336433 123.426813462201 121.371443804573 119.415164274328 117.908403957591 116.523255292107 115.237644195557
151.89172262304 148.807284299065 146.028701557833 142.22643549302 136.733124228085 130.826083575978 125.379622627707 124.860104729148 124.11611141878 123.128589966718 125.531603757073 128.588974223417 131.702336367439 134.658793056712 137.479517992805 140.528529223274 143.671669903923 147.010242686552 150.400853774127 153.783327214858 156.544078378116 159.249212826 161.874784133014 161.704734353458 160.710060568417 159.681543462417 158.882135727826 158.311518725227 157.851588080911 157.556780422435 157.750939088709 158.048397512997 158.415749718161 154.446060405058 150.348769244026 146.223236532772 140.699325112736 134.551574258243 128.269744648653 123.870452880859 121.889003529268 119.890089259428 118.02483401579 116.842205272001 115.787037905525 114.845043182373
149.930385253009 146.795637467328 143.962153715246 140.302602206959 135.207226697136 129.599846335018 124.407513113583 124.814460530001 125.111577202292 125.282768922694 127.970011542825 131.170981351067 134.380850399242 137.129141639261 139.512693853939 142.162268919103 144.897732454188 147.797661276425 150.709782544304 153.606090994442 155.9967584049 158.317919114057 160.538628746481 160.243782267851 159.145604975083 158.000653659596 157.055604373707 156.313676497516 155.73946313297 155.383693919462 155.701841242173 156.074527291691 156.485073987175 152.998968685375 149.316251642564 145.594730601591 140.088620578541 133.746402964872 127.311814027674 122.715940587661 120.697756823371 118.684071484734 116.848256616031 116.038612029132 115.358644934262 114.803027770099
146.233702491311 143.21200987872 140.476651920992 137.199320624856 132.922501507927 128.021034016329 123.412978452795 124.703485601089 125.994567534503 127.286296171301 129.962974884931 132.943728951847 135.911558263442 138.372316023883 140.408252716064 142.743955499986 145.125731748693 147.561381844913 149.979071448831 152.374753615435 154.356851241168 156.267002330107 158.068560431985 157.794748418471 156.791340547449 155.713176278507 154.749009749469 153.907415502212 153.271678475773 152.885832393871 153.337934157428 153.81279889275 154.305557250977 151.361615798053 148.164397968965 144.918995576746 139.507976756376 132.99127444099 126.398311839384 121.594395132626 119.532007553998 117.503120758954 115.683519363403 115.250682269826 114.939727446612 114.753852283253
142.317931904512 139.36095383588 136.646915996776 133.653131933773 130.111643510706 126.061210183536 122.273423811969 124.697819878073 127.113525278428 129.507214602302 132.192766413969 134.942906996783 137.69849766002 139.905657936545 141.625703475055 143.614061019 145.606281729305 147.535375258502 149.410176221062 151.244199640611 152.76614559398 154.230113983154 155.607220818015 155.331141752355 154.42224704518 153.447378270766 152.505310058594 151.597583770752 150.863184760599 150.39179723403 150.931714001824 151.491630105411 152.068409414852 149.652171864229 146.954120187198 144.226100921631 138.97631185195 132.320557313807 125.55340755687 120.521564708037 118.400912453147 116.352975508746 114.53427213781 114.479449777042 114.530010784374 114.69726450303
138.111346076517 135.208976184621 132.508811277502 129.756575528313 126.87296295166 123.637431873995 120.637745127958 124.128297244801 127.559985665714 130.902293822345 133.591636208927 136.106981614057 138.658266179702 140.611490361831 141.998880274156 143.623636806712 145.215508853688 146.617142621209 147.934535307043 149.191448884852 150.178073434269 151.113838195801 151.982025370878 151.620253619026 150.748064377729 149.817961300121 148.92421318503 148.082698373234 147.396473379696 146.926396089442 147.316417694092 147.709124845617 148.102566887351 145.788396947524 143.139496971579 140.454723582548 135.519617417279 129.253227682675 122.878826141357 118.086673287784 116.165047140682 114.369644052842 112.801848692053 113.130850960227 113.55088671516 114.079147114473
131.469138538136 128.968328139361 126.62216388478 124.243640002082 121.768566804774 119.101316564223 116.646895576926 120.857286789838 124.974688249476 128.946751987233 131.811811334947 134.356134751264 136.960742726046 138.865693036248 140.06884541231 141.476081399357 142.808131274055 143.793106527889 144.66332469267 145.449178359088 145.892549851361 146.291039410759 146.646246068618 146.209829218247 145.41941541784 144.580676134895 143.866212283864 143.33006959803 142.919235229492 142.620357962216 142.731060028076 142.842000624713 142.952370363123 140.566358902875 137.815163107479 135.048598121194 130.608974905575 125.092076021082 119.440286972943 115.147699356079 113.565286411959 112.142360462862 110.921757754158 111.658626556396 112.468929627362 113.370363908656
124.805359447704 122.709251852597 120.747610092163 118.774293226354 116.742484036614 114.625635483686 112.676256965188 117.566337248858 122.353407354916 126.973411672256 130.050845763263 132.640205383301 135.288805568919 137.14282877305 138.151469062356 139.311985240263 140.355261634378 140.886639538933 141.3041453642 141.634790757123 141.554293239818 141.424658831428 141.26129285027 140.723531610825 140.009252211627 139.287340051988 138.771017411176 138.568092346191 138.440748326919 138.334117216222 138.165837904986 137.999564002542 137.83576337029 135.38024408677 132.521077324362 129.616532269646 125.580134447883 120.758053947898 115.88675700917 112.170502943151 110.985014747171 109.957399031695 109.092833126293 110.24649698594 111.439726212445 112.680849411908
118.115017722635 116.428709030151 114.889610290527 113.358587601606 111.806629405302 110.218963062062 108.728793536916 114.25715749404 119.696767133825 124.981499840232 128.304528404685 130.951519012451 133.635605980368 135.437932407155 136.244719785803 137.141952290254 137.883836185231 137.944521511302 137.902039247401 137.768067977008 137.176121431238 136.544624104219 135.903462802663 135.279795702766 134.671382679659 134.111924788531 133.810843748205 133.917498420267 134.035898769603 134.098947637221 133.684972875258 133.280324150534 132.886963339413 130.33310138478 127.324651157155 124.231773825253 120.59678290872 116.578156302957 112.604609321145 109.573080960442 108.776964748607 108.134190278895 107.608579747817 108.93230269937 110.241092345294 111.526576322668
113.810678257662 112.54460514293 111.437938017004 110.35151088939 109.265488007489 108.19014639013 107.138784857357 112.169839859009 117.087586122401 121.824299868415 124.691948610194 126.857752182904 129.020431069767 130.571129518397 131.408745709588 132.286149866441 132.99798449348 132.930492176729 132.795535592472 132.604494880227 132.08731101541 131.536397597369 130.979466157801 130.53493679271 130.159808663761 129.886013928582 129.766191819135 129.903547399184 130.002666922177 130.028653313132 129.47150331385 128.925468893612 128.394320992862 125.642185884364 122.354113186107 118.947996027329 115.722246843226 112.68857720319 109.778281941133 107.553294350119 107.08587287454 106.769808039946 106.548657249002 107.739436654484 108.898283565746 109.983713486615
110.334130231072 109.449176676133 108.731785044951 108.04432218215 107.375304053811 106.758213379804 106.177197512458 110.385259964887 114.547326817232 118.540032106287 120.862035639146 122.508310205796 124.136188955868 125.450739019057 126.386248420267 127.305344974293 128.041851043701 127.888328103458 127.687617358039 127.445858226103 127.005809783936 126.543241837445 126.080450843362 125.820508620318 125.690841899199 125.681675181669 125.731785718132 125.877637750962 125.970144608442 125.988565108355 125.315610549029 124.631019592285 123.929732378791 120.950126647949 117.356966579662 113.663106806138 110.820017421947 108.799550897935 106.948633530561 105.55763536341 105.414582757389 105.388840058271 105.441422406365 106.428753347958 107.397979399737 108.2840980081
107.197112588321 106.729986863978 106.395247291116 106.094394010656 105.830729765051 105.634590261123 105.485828736249 108.845197228824 112.203325383803 115.40365151798 117.12660149967 118.210702110739 119.293564740349 120.342925352209 121.36657221177 122.32316163007 123.082728666418 122.838228562299 122.57472857307 122.294263727525 121.938187543084 121.575068529914 121.219044853659 121.15025733499 121.276987188003 121.506040012135 121.71002556296 121.8407794728 121.937004986931 121.974325741039 121.206244076 120.385204315186 119.488121930291 116.263133553898 112.348030314726 108.38213707419 105.893378201653 104.94725709803 104.165373521693 103.623910903931 103.8041787989 104.052630368401 104.348422443166 105.163973639993 105.970337811638 106.698515162748
