PREC/medie/CUMULATA_MEDIA_03.asc
NCOLS 177 
NROWS 174 
XLLCORNER 1436301.375 
YLLCORNER 4916704.5 
CELLSIZE 1500 
NODATA_value -9999 
[rows 80 to 99 of 174, columns 0 to 45 of 177]
100.491082934772 100.923301218187 101.382072005202 101.861542594783 101.587967308129 101.234925911707 100.840096838334 99.6582602542989 98.0489741774166 96.3213685750961 94.5263130805072 92.618499882081 90.7776687460787 89.114387443837 88.8514093072975 88.6007613679942 88.3642817848526 88.437323820832 88.570701844552 88.6719836116056 88.4291421692161 87.9050862122984 87.339647726101 86.7195021720494 85.9630314602571 85.2149932033875 84.4732546595966 84.787214643815 85.1166864142698 85.4737385301029 85.9948121940388 86.577804663602 87.1711370944977 87.7797487062566 88.407166817609 89.0383844656103 89.6056351801928 89.8761177062988 90.1448530870325 90.4121154616861 90.1559330856099 89.8472950598773 89.5469320381389 89.1805888905245 88.7755471678341 88.3619996659896
99.3515898497666 99.8079435352017 100.288240034791 100.786448255181 100.544784607256 100.232572527493 99.8798575822045 98.7334931317498 97.1720397191889 95.5428983253591 93.8921111296205 92.2061868835898 90.5618615641313 89.0643438135876 88.6888258430888 88.3176981556941 87.9514262931531 87.7531103147742 87.5839180372217 87.3850583793486 86.8974777127013 86.179033258382 85.4224436212988 84.6754656504182 83.9585064930074 83.2621766889797 82.5827542683657 82.9327379114488 83.297193849788 83.6870325453141 84.2813014843885 84.9512771297904 85.6296054054709 86.3016954029308 86.9666794047636 87.6345945246079 88.2576314982246 88.6746220588684 89.0886888504028 89.5003041940577 89.3472214586594 89.1355043299058 88.9257421914269 88.6782058407279 88.4085163088406 88.1335348802454
98.2319083722199 98.7204924366053 99.2284596457201 99.7503304621753 99.5457630034755 99.2794324457645 98.9746158087955 97.8694419755655 96.3614679785336 94.8133377625662 93.2917368762633 91.8111105298295 90.3551847496453 89.0146516649162 88.5222404489622 88.026718295015 87.5276540632853 87.0529707192498 86.5789604449973 86.0797159549068 85.3482714120079 84.4351495995241 83.4972741112989 82.6360325112062 81.9687574050006 81.32906257405 80.7136581785539 81.1015318562003 81.5012869975146 81.9217130857355 82.5873357548433 83.3420424882103 84.1022623006035 84.8345579540028 85.5341022715849 86.2361249923706 86.9127951509812 87.4737834649927 88.0314794428208 88.5864108310026 88.5353562130648 88.419742640327 88.3002953529358 88.1712564861073 88.0366104069878 87.8881231195786
97.1228989239453 97.6485108787824 98.188126594965 98.7373290405992 98.5740858047434 98.357887435321 98.1059129263329 97.0471331873799 95.5977591487634 94.1194642657305 92.7172949535444 91.4298065563335 90.1562481163179 88.9648787735359 88.3519602827728 87.7285869320142 87.0939317487235 86.3379354165757 85.5567930323236 84.7566169202328 83.7818791410502 82.6734778600581 81.5641879965277 80.6014988632763 79.994700438836 79.4170698348214 78.8678871954189 79.2960607725031 79.7317858022802 80.1806552971111 80.9157611762776 81.7528248674729 82.5914961029501 83.3803164257723 84.1109302464653 84.8440298473134 85.5716991144068 86.2736669989193 86.9729228300207 87.6699160127079 87.7195849699133 87.6990684060489 87.6695966720581 87.6586952770458 87.6587327227873 87.6219764877768
93.9747486114502 94.3895557627958 94.8156262566062 95.2498723198386 95.2608081593233 95.2354624131147 95.1742069019991 94.4791069030762 93.4834552091711 92.4628502340878 91.4332028557272 90.3968485663919 89.3624063379624 88.3647842407227 87.630479924819 86.8781172808479 86.1068584217745 85.226271111299 84.322693461881 83.4036725514075 82.3977794997832 81.3257076950634 80.274174136274 79.3826583343394 78.8721050094156 78.3921473727507 77.9431969768861 78.373923329746 78.8083519374623 79.2490150788251 79.9532017707825 80.7501420413747 81.5457803501802 82.2909646595226 82.9773539655349 83.6666894239538 84.3772285966312 85.1784802324632 85.9777678601882 86.775398198296 86.9600256471073 87.076601785772 87.1791150990654 87.2388272285461 87.2733488643871 87.248033691855
90.7715279074276 91.0496321285472 91.336763494155 91.6301802466897 91.805357315961 91.9601655847886 92.0851051106172 91.7702003927792 91.2524566650391 90.7150798124426 90.0731430053711 89.2889826157514 88.4932477614459 87.6836673512178 86.8214382844813 85.9357898936552 85.026102402631 84.0462229129146 83.0525037225555 82.0500864667051 81.0583774973364 80.073165900567 79.1283968196196 78.3473830293207 77.9448151378071 77.5740093062906 77.2356335836298 77.6632515402401 78.0908588521621 78.5184785898994 79.1698633783004 79.8983224139494 80.6216838780571 81.2986136043773 81.9219017870286 82.5476595373715 83.2228583448073 84.111701965332 84.998107657713 85.8824992460363 86.209300994873 86.4722608117496 86.7159095371471 86.8303006677067 86.868623901816 86.8295392429127
87.4873628055348 87.6195843640496 87.765941844267 87.9215388578527 88.2699109245749 88.6131802727194 88.9425522299374 89.0314713646384 89.0097615859088 88.9584177802591 88.7035293579102 88.1746247235466 87.6126340978286 86.9790474386776 85.9819499745089 84.9648888531853 83.9278761919807 82.8605514799847 81.7893945697476 80.7204839937827 79.76188092372 78.8807714546428 78.0382868893006 77.361685963238 77.0609309953802 76.7899955861709 76.550393167664 76.9639132583843 77.3778403085821 77.7924382967107 78.390725219951 79.050778501174 79.7023857060601 80.3116101096658 80.8723166970646 81.4314889627344 82.0680236255421 83.0406173537759 84.0022126646603 84.9547473402584 85.4051485061646 85.7954335773692 86.1601200664745 86.3091964441187 86.3313635657815 86.299626602846
84.2484309252571 84.2910745284137 84.351432463702 84.4222060932833 84.7871287850773 85.1590642368092 85.5372171962962 85.8745193481445 86.1889640583712 86.4683050267837 86.5462177501005 86.3553466796875 86.1072737749885 85.7310968286851 84.7287274528952 83.7067242790671 82.6657013612635 81.6191956795314 80.5740979156073 79.5397630509208 78.6771759636262 77.9338307976723 77.2266675935072 76.6699995924445 76.4487125172335 76.2557590288274 76.0927865014357 76.4758795219309 76.8601277575773 77.2460063906277 77.7897142241983 78.3850477723514 78.9686461616965 79.5346887812895 80.0804717680987 80.6204268792096 81.2524320097531 82.2846807311563 83.2976363125969 84.2947734103483 84.8279478409711 85.3030965468463 85.746515975279 85.9034471511841 85.8916934798746 85.8495176539702
81.0328885246726 81.0174341762767 81.0251123764936 81.0458454805262 81.3338938320384 81.6346883212819 81.9568121293012 82.4317248849308 82.9595864239861 83.4426993201761 83.799295425415 83.991964115816 84.105131149292 84.0388008566464 83.1281095392564 82.2014384550207 81.2596330081715 80.3287956162411 79.4051201922052 78.5028182162958 77.7997070480795 77.2319001520381 76.6984185891993 76.2822868333143 76.1223788927583 75.9888065246975 75.8827788934988 76.2211287302129 76.5610662979238 76.9032772709342 77.393406124676 77.9305794940275 78.4527098711799 79.0068966360653 79.5966609225554 80.1765683959512 80.8471884166493 81.9120087904089 82.9489140510559 83.9630275333629 84.5295789943022 85.0377839032341 85.5079969798817 85.6396834710065 85.57198490816 85.4972981845631
77.8295687507181 77.7537940530216 77.7006598079906 77.6618194580078 77.8593921661377 78.0742138133329 78.3179846370921 78.9131259918213 79.6354778514189 80.334893619313 80.9852303897633 81.5734352784998 82.0588592080509 82.309840482824 81.50190633886 80.6830332138959 79.8539609348073 79.0523310706896 78.2611673263942 77.4947716348312 76.9554201259333 76.5669152631479 76.2044038737521 75.9248609016923 75.8234924148111 75.7435017158003 75.6865062994115 75.9731158719343 76.2630101582583 76.5576888252707 76.9903209770427 77.4657044270459 77.9242960705477 78.465016449199 79.096656070036 79.7076888364904 80.4067974090576 81.494101748747 82.5476441383362 83.5737305248485 84.1686636980842 84.7136329482584 85.2379623300889 85.371761490317 85.2754865814658 85.191086656907
75.1867730757769 75.0721368228688 74.9774642271154 74.8953607222613 74.9785824943991 75.0844216066248 75.2265687830308 75.8361600988052 76.618491453283 77.4098399667179 78.2374880173627 79.1065218308393 79.8564887327306 80.3504084418802 79.7194310356589 79.0786892386044 78.4287658018224 77.7950442634961 77.169495524729 76.5690294398981 76.1979747695081 75.9773086309433 75.7736290447852 75.6198757185656 75.5712702309384 75.5386023556485 75.5241218121613 75.7668011118384 76.0142768691568 76.2690243580762 76.6525474997128 77.074680370443 77.4783485777238 78.0099560513216 78.6824322868796 79.3218328532051 80.0451169855454 81.145239016589 82.2067765348098 83.2370825935812 83.851927392623 84.4277114868164 85.0069489759557 85.1520225581001 85.0412965942832 84.9601388538585
73.7044655294979 73.6511186711928 73.6169696134679 73.5917544645422 73.5706920623779 73.5770856071921 73.626215654261 74.0114904291489 74.5195589626537 75.0602544896743 75.709239062141 76.4829268735998 77.113613465253 77.5706076902502 77.3584905512193 77.1423243354349 76.9220251195571 76.606662798892 76.2870713507428 75.9947518408298 75.8193773416912 75.7191741045784 75.6261512286523 75.5576723147841 75.540794923025 75.5340548192754 75.5435076005319 75.8044057663749 76.0720893845839 76.3498904705048 76.7557315125185 77.1990155472475 77.6224784570582 78.1888528150671 78.9111607214984 79.5877382334541 80.3339007041034 81.4041892500485 82.4307710142697 83.422125563902 84.0061336685629 84.5610883376178 85.1434149461634 85.3110188876881 85.2341882200802 85.2044230909909
72.2978265425738 72.3116001802332 72.3382351819207 72.3646147110883 72.2371711730957 72.1346337935504 72.0697347977582 72.2071846232695 72.4201991137336 72.6779557396384 73.1192383485682 73.7669191921458 74.2939676396987 74.7467701855828 74.977835150326 75.2023062986486 75.4206453211167 75.430945467423 75.4230649471283 75.4361101529177 75.4517128993483 75.4693904694389 75.484401706387 75.4980079356362 75.5104636865504 75.5283033146578 75.5608796933118 75.8392374866149 76.1242505592458 76.4190868770375 76.8412862525267 77.2998981616076 77.7378244259778 78.3338070757249 79.1006807158975 79.8156962394714 80.5870951764724 81.6301013161154 82.634701981264 83.6084336112527 84.1828771759482 84.7337349723367 85.3237184075748 85.5184292793274 85.4801036049338 85.4951359804939
70.9310049169204 71.0167514576631 71.1059587142047 71.1814448412727 70.9482069576488 70.732172573314 70.5410453571993 70.4148081611185 70.3186109206256 70.2700887567857 70.481834748212 70.9783955742331 71.4132299984203 71.8883026347441 72.5818788865033 73.2600331025965 73.9247775358312 74.2672381751678 74.576422349495 74.8924850611126 75.094693951747 75.2278824062908 75.3484053471509 75.4409208157483 75.4802380099016 75.5212427938686 75.5760434515336 75.8709924782024 76.1700091362 76.4749849543852 76.9065638850717 77.3735342446495 77.8194183041068 78.4385849167319 79.2434255936567 79.9981096492094 80.7973563530866 81.8159317128799 82.8142533302307 83.7963511803571 84.3872949936811 84.9546029707965 85.5578780454748 85.7852960754843 85.7910371387706 85.8426828103907
70.5944892658907 70.6510962317972 70.7035341823802 70.7375463597915 70.4771204555736 70.2244140400606 69.9828981511733 69.7503269419951 69.5283401713652 69.3538331424489 69.4085125642664 69.7091969882741 70.0090283786549 70.3970171984504 71.1401589337517 71.8652417800006 72.5759245928596 73.1448042302885 73.6959173521575 74.2410820424557 74.6109116638408 74.8760357989984 75.1181780169992 75.33256158408 75.4951305108912 75.6546564452788 75.8221508965773 76.1560994036057 76.4913564990549 76.8286361834582 77.2807476520538 77.7639955773073 78.2257913421182 78.8387316535501 79.6124572753906 80.3381313155679 81.0948322801029 82.01165785509 82.9266812941607 83.84020875482 84.4438573893379 85.0306166761062 85.6501394720639 85.9459341554081 86.0507560056799 86.1940806893741
70.2687760521384 70.3019617866067 70.3253007776597 70.3260093015783 70.0521699120017 69.7794151306152 69.5081869574154 69.1963034798117 68.8807703466976 68.6117377561681 68.5310735702515 68.6466550827026 68.8109590306002 69.1001599816715 69.8355883430032 70.5489595637602 71.2448875202852 72.0250239990213 72.8041143531308 73.5653871587094 74.0985860123354 74.4987001138575 74.8644686867209 75.2090055521797 75.5151191529106 75.8144250336815 76.1152809928445 76.4945040450377 76.8729360524346 77.2503694085514 77.7280573985156 78.2318388434017 78.7136155857759 79.3142070209279 80.0401084563311 80.7221882203046 81.4210707440096 82.2187375741846 83.0306044185863 83.8537086879506 84.4685144704931 85.0746935115141 85.7096914684071 86.0822256873636 86.2998753154979 86.5490748181063
69.9504820879768 69.9541371289422 69.9512675790226 69.9258824516745 69.6456682541791 69.3649440092199 69.0835811390596 68.711337594425 68.3210023431217 67.966139793396 67.7575780644136 67.6970441481646 67.6961793899536 67.8503371967989 68.5394192863913 69.2199054605821 69.8936537574319 70.8804602392894 71.8825416030253 72.8626834487214 73.5612110986429 74.09921317942 74.5856375413782 75.0575942151687 75.5043079362196 75.9403854818905 76.3709147677702 76.7924631483415 77.214571461958 77.637554841883 78.1461586110732 78.6758488767287 79.1822072758394 79.7747988700867 80.4575688698713 81.1191460385042 81.7864993600284 82.4916196430431 83.2103604428908 83.9398416070377 84.5626776919645 85.1826446196612 85.8212511960198 86.2585922409506 86.5771349738626 86.9240373723647
69.6061990401324 69.5719994937672 69.5349420659682 69.4751062954173 69.170573795543 68.8643953659955 68.5559717066148 68.1797350715188 67.7891113056856 67.421106226304 67.177929092856 67.0565071666942 67.0029239093556 67.0980007508222 67.6891483419082 68.2867934844073 68.8893356323242 69.9251642788158 70.9847881092745 72.0220412086038 72.8651996062082 73.5978651537615 74.2604042782503 74.9080490434871 75.5309047979467 76.1386463081136 76.729443508036 77.1817749388078 77.6362428244422 78.0936285467709 78.5918193424449 79.098201751709 79.5804844744065 80.1242191651288 80.7315096013686 81.3405215599958 81.9524461241329 82.5738940799937 83.2082438468933 83.8526980175692 84.4795473042656 85.1078804240507 85.7445938446943 86.2242655473597 86.6111420182621 87.0229848973891
69.2479940302232 69.1708810469683 69.0944180769079 68.9941585765165 68.653213669272 68.3088932037354 67.9603028016932 67.6177184161018 67.2780397639555 66.9503654031192 66.7455472946167 66.6568864934585 66.6473669725306 66.7524697920855 67.2136165394503 67.695345990798 68.1920281017528 69.139342027552 70.1066418255077 71.0475883483887 72.0158042434384 72.9959001786569 73.8889636783039 74.7608795586754 75.5971787396599 76.4144523143768 77.1993987420026 77.6714813849505 78.1470899862402 78.6274411538068 79.0685445280636 79.495079461266 79.896207781399 80.3423507914824 80.8346471786499 81.351465028875 81.8781120917376 82.4253467391519 82.9849015965181 83.5540661250844 84.1794370202457 84.809181802413 85.4371567613938 85.9317648270551 86.3475302527933 86.7850719900692
68.8710667105282 68.7570397994098 68.6440266440896 68.5050342784208 68.1293007345761 67.7520764294793 67.372893782223 67.0749182420618 66.7970737008487 66.5300172917983 66.3833927827723 66.3471172557158 66.3747633765726 66.476853202371 66.7976353589226 67.1428702859317 67.5056560740751 68.3370062884162 69.1910578783821 70.0300824221443 71.1214134395123 72.3431310864056 73.4718997548608 74.5729629432454 75.6276804839864 76.6618785016677 77.647876402911 78.1480512619019 78.6538337539224 79.1670688741347 79.560335411745 79.9178628641016 80.2548495460959 80.6201811397777 81.0143451971166 81.4349655263564 81.8686683598687 82.3340304038104 82.8090384146746 83.2915384068209 83.9041688021492 84.5269480873557 85.1457660057965 85.6548731467303 86.0991031983319 86.5594452970168
