PREC/medie/CUMULATA_MEDIA_02.asc
NCOLS 177 
NROWS 174 
XLLCORNER 1436301.375 
YLLCORNER 4916704.5 
CELLSIZE 1500 
NODATA_value -9999 
[rows 40 to 59 of 174, columns 0 to 45 of 177]
72.5784612122704 74.1483404215644 76.0205423130709 77.8916499754962 79.8351919791278 81.8445526571835 83.8606601322398 86.354040482465 89.9294914638295 93.5129533655503 97.0421732453739 99.6291669116301 102.209896620582 104.784657758825 106.093878661885 107.121276490829 108.146298689001 108.850871282465 109.319855129018 109.788054073558 109.922411554 109.390167348525 108.859611960018 108.272730013903 107.103143720066 105.936375589932 104.772197442896 103.009059962104 101.139630654279 99.2720666492687 98.0594266162199 97.2739723990945 96.4879578422098 95.7229569098529 94.9953105589923 94.2670478540308 93.3917629859027 91.4324890585507 89.4731736183167 87.5138047162224 85.857390908634 84.2436014063218 82.6297103096457 83.032638760174 84.6016832239488 86.1710759471445
74.1367878633387 75.8375295610989 77.7875967025757 79.7365709192613 81.5185761732214 83.1739050079794 84.8359743847567 86.9495228879592 90.0459821364459 93.1504410014433 96.2542884770562 99.2475298993728 102.234508177813 105.215528572307 106.745724986581 107.968163265901 109.18822925231 110.024936227237 110.586832775789 111.147941869848 111.292688201456 110.625662102419 109.960318032433 109.219885966357 107.749196641585 106.281314036425 104.816026266883 102.757504855885 100.596925539129 98.4382102068733 97.154451454387 96.434473991394 95.7139349264257 95.034951097825 94.42880599639 93.8220477104187 93.0493382285623 91.0698678633746 89.0903584255892 87.1107946003185 85.4849375276005 83.9085393793443 82.3320412635803 82.9401454224306 84.8118516978096 86.683902908774
75.7006610842312 77.5282806789174 79.5561743063085 81.582977771759 83.1953721887925 84.4968456941492 85.8050472596112 87.5367936246535 90.154491592856 92.7801807347466 95.4727610419778 98.8720484901877 102.265085949617 105.65216962029 107.400244123795 108.817628523883 110.232643492082 111.200140784768 111.854899939369 112.50887708103 112.661519415238 111.859767801621 111.05970733306 110.16424445545 108.392592654509 106.623752902536 104.857495981104 102.503814220428 100.052227048313 97.6025015045615 96.2498576080098 95.5953258626601 94.9402367367464 94.3474779690013 93.8627767562866 93.3774624151342 92.7068523799672 90.7071966563954 88.7075033748851 86.7077537704916 85.1125194325167 83.5734949111938 82.0343710955452 82.8475037462571 85.0217213350184 87.1962888100568
77.2700749846066 79.2205924426808 81.326275993796 83.4308710939744 84.8655897869783 85.8133771279279 86.767887283774 88.1158595926621 90.2550330863279 92.4021853559157 94.6975855266347 98.5027225718779 102.301616612603 106.094564493965 108.057437616236 109.669669572045 111.279537341174 112.376480775721 113.124062005211 113.870858669281 114.028901072109 113.092499171986 112.157786313225 111.105806070216 109.033343511469 106.963686494266 104.896614299101 102.247985447154 99.5055334988762 96.7649361245772 95.3456488076378 94.7565312245313 94.1668550687678 93.660539486829 93.2972226002637 92.9332933145411 92.3643069267273 90.3444777376511 88.3246077369241 86.3046844145831 84.7401352489696 83.2384676933289 81.7366980945363 82.7547127218808 85.2312966795529 87.7082296259263
78.4709492851706 80.283204162822 82.1665616035461 84.054742308224 85.2556679809795 85.9712915701025 86.691246937303 87.8349418429767 89.7989406305201 91.7654357797959 93.9179102112265 97.8600619260003 101.800443144406 105.739129290861 107.935129726634 109.812831177431 111.686984090244 112.842025953181 113.521916361416 114.203059981851 114.326384291929 113.432935237885 112.538808177499 111.494150358088 109.222035940956 106.951533766354 104.682513545541 102.15681031171 99.5881935568417 97.0176618239459 95.6454103694243 95.0185244504143 94.3920823826509 93.8759737295263 93.5464101398692 93.2169133915621 92.7075087322908 90.9386803963605 89.1692616238314 87.3994883368997 85.9804755098679 84.6099246529972 83.239748618182 84.2974222127129 86.7610088516684 89.2249592612771
79.6751880926244 81.3316744636087 82.9787553338443 84.6306522032794 85.5830259884105 86.0604713594212 86.5422453354387 87.4865037833943 89.2929778660045 91.1019429599538 93.1389643164242 97.1872121306027 101.233685184928 105.278464850257 107.705260725582 109.852057989906 111.995310194352 113.186826593736 113.764918467578 114.344269135419 114.419189004337 113.596074777491 112.772274353925 111.763000965118 109.309907492469 106.858429768506 104.408434671514 102.107182727141 99.8267158480252 97.5443356598125 96.2509559322806 95.5649765379289 94.8794468430912 94.3318812426399 94.0154429043041 93.6990704536438 93.2404434540693 91.7992549784043 90.3574784222771 88.9153521481682 87.67543963825 86.4633922857397 85.251720456516 86.3021026218639 88.6629020747016 91.0240648213555
80.8845156501321 82.375408004312 83.7863276706022 85.2020581399693 85.9059591047904 86.1453437139006 86.3890516161919 87.1353676529492 88.7843929248698 90.435906718759 92.3616742807276 96.5159595152911 100.66847335591 104.819296668558 107.479069653679 109.894830198849 112.307049835429 113.530384288115 114.006730191848 114.484334132251 114.512755576302 113.759932770449 113.006429672241 112.03016985164 109.396195047042 106.763826790978 104.132938665502 102.059670111712 100.067210520015 98.0728391899782 96.8561579339645 96.1111147263471 95.3665215267855 94.7878454432768 94.4845265781178 94.1812717774335 93.7743404612822 92.6606371542987 91.5463409423828 90.4316985747393 89.3705622729133 88.3169433088864 87.263699054718 88.3068371380077 90.5648989396937 92.8233247364269
81.5104325799381 82.9443241147434 84.2643515292336 85.5848584946464 86.1541970424792 86.2519727848909 86.3512707707636 86.9984924775713 88.5958922119702 90.192838121863 92.0788006502039 96.1597541360294 100.243713743546 104.33053002638 107.133147099439 109.738716041341 112.342645560994 113.585860743242 113.994669493507 114.403908897849 114.357822768828 113.541178478914 112.726467945996 111.69473028183 109.099024660447 106.50087482789 103.900472220253 102.091248792761 100.393746319939 98.6942657162161 97.5803727402407 96.8169021886938 96.0534912558163 95.4682892631082 95.1765701911029 94.8850378148696 94.5184406953699 93.6462359428406 92.7739728759317 91.9017526121701 91.1556088784162 90.4264029054081 89.697531559888 90.7065819852492 92.7231945991516 94.7400068395278
81.838390378391 83.2606975751765 84.5597714325961 85.8593255421695 86.3577690930928 86.3729865866549 86.3897240389796 87.0085772661602 88.6338247201022 90.2586181584526 92.1635098176844 96.044175119961 99.9278393352733 103.814360730788 106.685043194715 109.408908198862 112.131130470949 113.37864892623 113.745541881112 114.112862657098 113.957516403759 112.937954047147 111.920326162787 110.736166673548 108.399070627549 106.059534072876 103.717742078445 102.210529341417 100.817044819103 99.4215903422412 98.442569844863 97.7097046796013 96.976890816408 96.416309300591 96.1366102835711 95.8570993367363 95.5181161656099 94.7835384537192 94.0489012493807 93.3143118690042 93.0522234299604 92.853305199567 92.6547222417944 93.5962378277498 95.1990241723902 96.8020104800954
82.1687909855562 83.5766511243932 84.8547803724513 86.1333902022418 86.5598106910201 86.4925113460597 86.4267282599912 87.019137128311 88.672216275159 90.3248451176812 92.2450873150545 95.9255589316873 99.6090288723216 103.295348616207 106.238551784964 109.080649852753 111.921113154467 113.170927356271 113.495923939873 113.821348611046 113.555028971504 112.332648165086 111.112195968628 109.779997811598 107.701387910282 105.620333250831 103.537032576168 102.332034363466 101.242425273446 100.15084510691 99.3049475445467 98.6026721000671 97.9004472844741 97.3643848475288 97.0967020988464 96.8292035215041 96.5181934412788 95.9211798836203 95.3241050944609 94.7270747914034 94.9493625584771 95.2804754201104 95.6119194591747 96.4861016834483 97.6752636853386 98.8646286515629
81.7865573518417 83.3577887871686 84.790087854161 86.2125478211571 86.6809697624515 86.6178649856764 86.5508585247923 87.1303181963808 88.7247583936243 90.3241955672993 92.195597746793 95.7095912765054 99.2245419726652 102.740393891054 105.749490822063 108.694754993214 111.639382895301 112.904664320104 113.217561918146 113.529064963846 113.186016531552 111.809519627515 110.432023960001 108.989716543871 107.143322636099 105.295951478622 103.447680122712 102.519100876415 101.708068567164 100.896306823282 100.189476826612 99.5422650505515 98.8941424033221 98.3918578484479 98.1242832296035 97.8573761266821 97.5579672420726 97.045591803158 96.5342262211968 96.023651824278 96.6637284054476 97.4557635643903 98.2478833759532 99.047656844644 99.8517788718729 100.655710921568
79.9470888867098 81.9988369520973 83.9245256045285 85.8403853107901 86.6090033562744 86.7640392832896 86.9151761045351 87.5200533200713 88.8145789889728 90.1140956317677 91.7342476844788 95.1762960097369 98.6192994117737 102.063205578748 105.09373664856 108.07572333953 111.05707987617 112.39028860541 112.813818202299 113.235954509062 112.988317139008 111.707130039439 110.42494280198 109.078929171843 107.350215631373 105.620517674614 103.889925479889 103.09538156846 102.415886822869 101.735665125005 101.221159963047 100.79988081315 100.377699936137 99.9856176656835 99.6426711082458 99.3003875508028 98.8928695005529 98.0663658590878 97.2408758051255 96.4161692787619 96.9462136661305 97.6539245212779 98.3617283596712 99.0332261814791 99.6835512834437 100.333684977363
78.1175893475028 80.6497357662986 83.0685752454926 85.4775964039214 86.5410742636989 86.9141442600419 87.2833192716627 87.9046741163029 88.899429408943 89.8991710228078 91.271762343014 94.6419011845308 98.0129970101749 101.384994029999 104.438475636875 107.457169729121 110.475233386545 111.877262339872 112.411367556628 112.944080380832 112.7916394402 111.605714643703 110.418790059931 109.169232606888 107.558138061972 105.946062368505 104.333089407753 103.672629412483 103.124604112962 102.575861846699 102.254162311554 102.058712426354 101.862363422618 101.579051606795 101.160764553968 100.743139968199 100.226855839 99.0863772280076 97.9469104374156 96.808230343987 97.2286134046667 97.8520466019125 98.47557034212 99.0188653889824 99.5154717669767 100.011888504028
76.2980507787536 79.3104763732237 82.2222249437781 85.1241680984111 86.4771812008146 87.0681789438514 87.6552865251022 88.2841793894768 88.9793112558477 89.6794244261349 90.8081507332185 94.1064165830612 97.4056363807005 100.705758767969 103.78371052181 106.839096686419 109.893850915572 111.365577164818 112.010207989637 112.65344877804 112.595986226026 111.505276932436 110.413567711325 109.260630355162 107.767094093211 106.272579193115 104.777173238642 104.250833539402 103.834222148446 103.416892163894 103.288488556357 103.318756720599 103.348127701703 103.172158914454 102.678568531485 102.185641218634 101.559926692177 100.105627705069 98.6523389255299 97.1998336174909 97.5109332589542 98.0501296940972 98.5894150733948 99.0045804416432 99.347542033476 99.6903118806727
73.9497956423198 76.8176955826142 79.6192569872912 82.4228575738037 84.3274032920599 85.7935165158089 87.2432575541384 88.2993065907675 88.8424507063978 89.3879168279031 90.381869224941 93.5350331278408 96.6903673410416 99.8477620938245 102.916735901552 105.977453694624 109.037973852719 110.599034267313 111.397399116965 112.193744210636 112.236586318297 111.194168231067 110.151275031707 109.070565153571 107.785371752346 106.498190010295 105.209180523367 104.896762132645 104.689651461209 104.481193598579 104.513501279494 104.67694459242 104.840136934729 104.692179609747 104.066285161411 103.441294487785 102.667577841703 100.976406630348 99.2859584022971 97.5960851837607 97.9423114271725 98.5499201381908 99.1576142591589 99.5017248882967 99.6926224371966 99.8834896648631
71.5926435730037 74.3037100539488 76.9674460782724 79.6332183743224 82.0964042228811 84.4533292247969 86.7938980688067 88.2843665340367 88.6848045254455 89.0875640564105 89.9573227798238 92.9573830331073 95.9596106515211 98.9638977752012 102.019420427435 105.078848446117 108.138079390806 109.791201353073 110.748766506419 111.704315564212 111.84593259587 110.841174644582 109.835947261137 108.821998722413 107.763212778989 106.702441608205 105.639843898661 105.560252343907 105.582001040964 105.602410695132 105.787392840666 106.060868922402 106.334092518863 106.192198024077 105.418426822214 104.645565243328 103.712743029875 101.805632745518 99.8992514610291 97.9934387207031 98.4158000665552 99.1349596977234 99.8542069547317 100.143334360684 100.182365333333 100.221362787135
69.2295775062898 71.786966716542 74.3129431570277 76.8409523052328 79.8818618655205 83.1291653969709 86.3601339634727 88.2669948041439 88.5247986518285 88.7849202077178 89.5303879599361 92.377420222058 95.2266193996458 98.0778687210644 101.122078804409 104.180222511292 107.238164635266 108.985303682439 110.101990335128 111.216667385662 111.455681464251 110.488571812125 109.52098847838 108.575529561323 107.74304151535 106.908567568835 106.0722712068 106.225413336473 106.475910902023 106.725072538151 107.061932816225 107.445387952468 107.828585084747 107.691569012754 106.769998985178 105.849332276513 104.757281864391 102.634341871037 100.512125548194 98.390479368322 98.889397873598 99.720056253321 100.550799734452 100.785023969762 100.672253636753 100.559454216677
67.22532388042 69.7950468694463 72.3517599281143 74.905415734824 78.2733092553475 81.9745731739437 85.6721141022794 87.9663576133111 88.5505166123895 89.1239832218956 90.084474503994 92.6847910775858 95.2898086309433 97.8993114373263 100.694450395949 103.50747783745 106.326244519037 107.99365847251 109.1237635332 110.255039025755 110.597596056321 109.871579366572 109.140909335193 108.441245808321 107.911073109683 107.377621145809 106.841173718957 107.115023627001 107.466614050024 107.818737955654 108.179361133014 108.545236082638 108.912198950263 108.752734387622 107.804554497494 106.856088413912 105.746460648144 103.683447276845 101.619793106528 99.5557838888729 100.131322664373 101.039157474742 101.947519049925 102.169336823856 101.991916936987 101.815104147967
65.3991806927849 68.0880837159998 70.782293473973 73.4734499875237 77.0291443151586 80.9228870447944 84.8129150937585 87.4831167389365 88.7166426462286 89.9394856831607 91.3736674505122 93.6781147788553 95.9872523546219 98.3008746329476 100.659546066733 103.026569282307 105.399324802791 106.829692630207 107.832750979592 108.836975693703 109.284580497181 108.993252642014 108.697276606279 108.424595257815 108.279230664758 108.130589849809 107.978956110337 108.252325240303 108.564817106023 108.877845497692 109.113941178602 109.31121878063 109.509585899465 109.292631065144 108.459005972918 107.625096335131 106.669618298026 105.003734378254 103.337203109966 101.67031658397 102.324090340558 103.268011177287 104.212452439701 104.474041069255 104.338384880739 104.203337052289
63.5633013739305 66.3838483375661 69.215490285088 72.0440824312322 75.7885207919513 79.8746499875013 83.9570669146145 87.0109139049754 88.8934899077696 90.7653957675485 92.6582616918227 94.6669786677641 96.6803874408498 98.6982669900445 100.618577830932 102.53980828734 104.466768012327 105.664181526969 106.540250231238 107.417484437718 107.976211477728 108.119357627981 108.257868163726 108.411501000909 108.650757901809 108.886740558288 109.11973695194 109.38934247634 109.662760538213 109.936710105223 110.047539065866 110.076307633344 110.106157541275 109.833028540892 109.113905696308 108.394497310414 107.59393957082 106.324986135258 105.055388422573 103.785437387579 104.516901156482 105.496885804569 106.477394356447 106.778731290032 106.684820006875 106.591518149656
