PREC/medie/CUMULATA_MEDIA_10.asc
NCOLS 177 
NROWS 174 
XLLCORNER 1436301.375 
YLLCORNER 4916704.5 
CELLSIZE 1500 
NODATA_value -9999 
[rows 100 to 119 of 174, columns 92 to 137 of 177]
103.915002261891 102.724887174719 101.569221720976 100.434903537526 99.1849461723776 97.9632267671473 96.796475017772 96.1188223221723 95.6618664685418 95.2396674436681 95.0124074150534 95.0711678897633 95.1065393335679 95.1516121135038 95.340685002944 95.5024710262523 95.6328526665183 95.8405167074765 96.0377594442929 96.1347584443934 95.9907836914062 95.6306479958927 95.1698929281796 94.4473742316751 92.9432135189281 91.492691488827 90.0818925745347 89.1830400579116 88.3718268450569 87.6814100602094 87.5793757719152 87.7855621786679 88.0487496993121 88.2673476724064 88.4107505573946 88.5588088316076 88.7040012584013 88.7698075911578 88.8511257171631 88.9513416290283 89.562193253461 90.3148727416992 91.0551940693575 91.553617253023 91.7995927474078 92.0377245510326
102.347892088049 101.266251956715 100.218872967888 99.1937442106359 98.1174964904785 97.0639172722312 96.0560863719267 95.5223822874181 95.2147341335521 94.9148428299848 94.7507250168744 94.7966178445255 94.800079794491 94.7960680793313 94.8677342358757 94.9032385209027 94.8947522780474 94.8292859021355 94.7252419415642 94.5266867244945 94.1054604474236 93.4715782614315 92.8299125222599 92.0419948802275 90.760071922751 89.5312193702249 88.3425929125618 87.7273870355943 87.1931662840002 86.7385710547952 86.6840395085952 86.855157291188 87.0838467093075 87.301030551686 87.4986379286822 87.7054999856388 87.9163497476017 88.1052909177892 88.3056793212891 88.5210234698127 89.1130289189956 89.8237899331485 90.5307124642765 91.0666325513054 91.408675698673 91.7412496454575
100.892810148351 99.9150177450741 98.9654682383818 98.0349686566521 97.1157159244313 96.2143239413991 95.3468192605411 94.938081965727 94.7609275369083 94.5758371914134 94.4709669000962 94.4960565006032 94.4683320662555 94.42064408695 94.3781122319839 94.3037478503059 94.1891236024744 93.8895833632525 93.5248622894287 93.1030098410214 92.4737130333395 91.6332543317009 90.7999807245591 89.9132805992575 88.8341116063735 87.784247342278 86.7581823012408 86.36638248668 86.0677691066966 85.8387396195356 85.8321210075827 85.959280238432 86.1480202394373 86.3556645337273 86.6030079336727 86.8633986080394 87.1322492711684 87.439500023337 87.7602817311006 88.1003040986903 88.6891705008114 89.3651957792394 90.0392833036535 90.6073839524213 91.0456774094526 91.4740761027617
99.5404798844281 98.6799999685849 97.8426702162799 97.0225091822007 96.2583588992848 95.5071412254782 94.7760237525491 94.4760166617001 94.4038048912497 94.3055160746855 94.2392094556023 94.2306845047895 94.158509534948 94.0544549156638 93.8866894665886 93.6903187246884 93.4562638226677 92.9756010840921 92.4200110715978 91.8541601966409 91.123976539163 90.2181917078355 89.3455560347613 88.4857241686653 87.6414558186251 86.8047701891731 85.9746635661406 85.7104001886704 85.5298807480756 85.3979839998133 85.3765053468592 85.4268270380357 85.5394858191995 85.6796499140122 85.8813262266271 86.0929752798641 86.3087734895594 86.6545313666849 87.0108354231891 87.3860451193417 87.9486200669233 88.585189594942 89.2219645556282 89.7980084138758 90.2931203281178 90.7762386097628
98.9423442167394 98.2626237308278 97.5990553463207 96.9482667586383 96.2712996987735 95.5965969983269 94.9293877096737 94.6131636675666 94.4934457891128 94.3344496558694 94.195634729722 94.0966237012078 93.9255080503576 93.7152755961699 93.389061535106 93.0385693942799 92.6546366074506 92.1004001393038 91.4945254606359 90.919740340289 90.2501652661492 89.4736686033361 88.7440685945399 88.0412293602438 87.4053962931913 86.7562466789694 86.0944245282341 85.8014027090634 85.571626663208 85.3792633729823 85.2553602106431 85.1788049585679 85.1681832706227 85.1859905579511 85.2698552187751 85.3670111824484 85.4698453230016 85.8163330414716 86.1788147758035 86.5664823195514 87.1105077406939 87.7235790701474 88.3393596200382 88.9332029679242 89.4966225343592 90.0464919595157
98.3882069307215 97.8773126041188 97.3767697951373 96.884962979485 96.2864259832046 95.6790637969971 95.0708784215591 94.7363091637106 94.5635742860682 94.3395256715662 94.1239592608284 93.92915243261 93.6625776851878 93.3551655937644 92.8783031912411 92.3877047370462 91.8786887000589 91.2738951514749 90.6410032160142 90.0586592730354 89.446465660544 88.8005771636963 88.1965973797966 87.626236298505 87.1753482818604 86.7032517825856 86.2101214913761 85.8965553956873 85.6189447290757 85.3680515289307 85.1462683958166 84.9449687284582 84.8099811217364 84.7040460249957 84.6688027101405 84.6581727757173 84.6616589041317 85.0148263258093 85.3996836718391 85.8269241557402 86.3798805685604 86.9937573040233 87.6050583895515 88.2283345390769 88.8744783962474 89.4951739591711
97.8986649232752 97.5372780070585 97.1834471085492 96.8363825854133 96.3048802544089 95.7542049183565 95.2002492792466 94.8458301319796 94.615868175731 94.3238589342903 94.0293963937198 93.7360659206615 93.3778715694652 92.9815051134895 92.3602331946878 91.7381813946892 91.1185162488152 90.4733606226304 89.8236779605641 89.2358459023868 88.6815037446864 88.1712712680592 87.6926663342644 87.2509551328771 86.9733320124009 86.6679935455322 86.3328745224897 86.007365843829 85.6865827897016 85.3819697884952 85.073938257554 84.7617591409122 84.5177098442526 84.3076511831845 84.1835892621209 84.0984311384313 84.0398875404807 84.3670400170719 84.7367217680987 85.1619033252492 85.68033953274 86.2460773692411 86.7986441780539 87.3804238263298 88.0215240366319 88.6186876857982
97.7546013102812 97.4620780944824 97.1717684128705 96.8833935681511 96.3910853442024 95.8731439253863 95.3485884946935 94.9487267662497 94.6300484152401 94.237886428833 93.8266742930693 93.3829040527344 92.8792658413158 92.3408921185662 91.6254897398107 90.9229458079619 90.2463659398696 89.664161121144 89.128371407004 88.6622231427361 88.2424668704762 87.8880620844224 87.5544515497544 87.243833990658 87.0384744756362 86.8027791415944 86.5319519042969 86.193489074707 85.8399802937227 85.4910270466524 85.1217062333051 84.7325634675867 84.4114276100607 84.1329588609583 83.9747080522425 83.8653649161844 83.7923719181734 84.009913893307 84.2764117297004 84.6176156436696 85.0287086262422 85.4783711152918 85.909647100112 86.3815152785357 86.9427503137027 87.4497002994313
97.7278342527502 97.4708545909208 97.2134761810303 96.9557837317972 96.4927310943604 95.9993857215433 95.4948847153608 95.0431582506965 94.6263001385857 94.1305473552031 93.601100248449 93.0041388343362 92.3586665882784 91.6848264582017 90.8956616345574 90.1258358674891 89.3962770349839 88.8745201335234 88.4513046040255 88.1031184476965 87.8127407747156 87.6096395604751 87.4179729012882 87.2375603844138 87.1008916742661 86.9323125727036 86.7240968592027 86.3743234522202 85.9877811880673 85.5995776232551 85.1756753360524 84.7154442282284 84.3263282214894 83.9881077373729 83.8065778507906 83.6849898170022 83.6119941823623 83.7390506407794 83.9126151028801 84.1671254775103 84.4692405251896 84.7995268877815 85.092651198892 85.4339895809398 85.8954484041999 86.2954476300408
97.7052328446332 97.4793596828685 97.2511564142564 97.0207966075224 96.5838812659769 96.109395756441 95.6097938313204 95.094705693862 94.5655679141774 93.9735920849968 93.3359785640941 92.5942700329949 91.8290751962101 91.0489035213695 90.2141329821418 89.3931069093592 88.6043564291561 88.1317347358255 87.814931196325 87.5748674729291 87.4033160490148 87.3425209942986 87.2867849013385 87.2337041742661 87.160748201258 87.0560414931353 86.9087982177734 86.5496302211986 86.1298655341653 85.7075310875388 85.2350228253533 84.7080692964442 84.2567873001099 83.8629952038036 83.6633140900556 83.5337209701538 83.4656056796803 83.5095877366907 83.5892092760871 83.7482770471012 83.9349775875316 84.1400853325339 84.287345717935 84.4890101937687 84.8446987937479 85.1343996384565
97.6701820597929 97.4652624691234 97.2556040146772 97.041280522066 96.6063939262839 96.1235914791332 95.5998043733485 94.9942436218262 94.321330575382 93.5996431462905 92.8373536502614 91.9811687469482 91.1271876166849 90.2745728212244 89.5093732721665 88.7639705433565 88.048812754014 87.6502751743092 87.4142934013815 87.25530871223 87.1696547339944 87.2118162267348 87.2509446985581 87.2852694567512 87.2474061180563 87.176690382116 87.0590511770809 86.6919835034539 86.2468082203585 85.7984850266401 85.3004061755012 84.7451313243193 84.2714539696188 83.8497631409589 83.5980818131391 83.4242089215447 83.3241073944989 83.2491758570952 83.1965945748722 83.2235569112441 83.2884292041554 83.3817363065832 83.3970465379603 83.4691457187428 83.7291935191435 83.918800017413
97.6181976093965 97.4213563133688 97.2180396809297 97.0080322938807 96.5504803377039 96.0334358215332 95.4605394251206 94.7445191776051 93.9065036773682 93.0348683525534 92.1424861234777 91.2069138919606 90.2963102004107 89.4026870727539 88.7848090003519 88.1943364984849 87.62530113669 87.3094088610481 87.1318750942455 87.0330669178682 87.0115660499124 87.1345604167265 87.248717139749 87.3544949924245 87.340711032643 87.2947309157428 87.1995076572194 86.8275102727553 86.3603404549991 85.8899907504811 85.3722453397863 84.7957097221823 84.306708391975 83.8644442838781 83.5631067612592 83.3441755631391 83.2090964597814 83.016837905435 82.8275876886704 82.7092236911549 82.6366306192735 82.6017819572897 82.4709445728975 82.3955111223109 82.5423220466165 82.6181593502269
97.5790997673483 97.4002520617317 97.211041394402 97.0104941199808 96.5364873549517 95.9910541983212 95.3742443533505 94.5562451306511 93.5586931565229 92.5516493180219 91.5439131119672 90.5461622125962 89.5787785473992 88.6328195684096 88.1444614634794 87.6981913622688 87.2665944940904 87.0271120632396 86.8997190138873 86.8442396276137 86.8705890879911 87.0593168595258 87.2412683823529 87.4162147746367 87.4227392533246 87.4011652329389 87.3332003425149 86.9625562780044 86.4781553605024 85.9935248879825 85.4634918886073 84.8727034400491 84.3793357400333 83.9300516913919 83.5903568828807 83.3268184661865 83.1473701701445 82.8327996871051 82.4961511948529 82.2090758155374 81.9763190886554 81.7930512708776 81.501485712388 81.2631479151109 81.2844213597915 81.2399516386144
97.5457920747645 97.3918753231273 97.2238899679745 97.0397081936107 96.5542792151956 95.9843527849983 95.327013352338 94.4115820492015 93.2536754608154 92.110517726225 90.9889168458826 89.947925231036 88.9423784368178 87.9641238941866 87.586565915276 87.2674165613511 86.9542955510757 86.7854379766128 86.7071214563706 86.6948187210981 86.759635925293 86.9855794345631 87.2040813670439 87.4164168413948 87.4430034861845 87.4454999811509 87.4048607770134 87.0654841030345 86.6062049865723 86.1529663310331 85.6323779611026 85.0096573549158 84.492275686825 84.0146321689381 83.5908104952644 83.2341522889979 82.9585443384507 82.588838408975 82.202943353092 81.8500291038962 81.5529481663423 81.3109108980964 80.9537658691406 80.6584882175221 80.7021087197696 80.6923379337086
97.5322522556081 97.4403254565071 97.329870448393 97.1970690558938 96.7107923171099 96.1203050052418 95.4256974388571 94.409470389871 93.0754898295683 91.7801275814281 90.5417607251336 89.5127342448515 88.5218509225284 87.5620853199678 87.2446332819322 86.998587103451 86.7517200918759 86.6313634760239 86.5957400378059 86.6205623851103 86.7043827281279 86.9174831614775 87.1250267028809 87.3293836257037 87.3824301326976 87.4141631406896 87.4060955047607 87.1321273130529 86.7419012855081 86.3609011033002 85.8679582932416 85.1946872262394 84.6354454264921 84.1147110882927 83.5778249291813 83.1023423811969 82.7076689776252 82.3142223358154 81.9220260171329 81.5381222332225 81.200553894043 80.9128590752097 80.5015200446634 80.1542411131017 80.2309520945829 80.2603882060331
97.5001890519086 97.47042240816 97.4177348193 97.3360145793242 96.8503901537727 96.2401434954475 95.5122779397403 94.4032453649184 92.8977399713853 91.4525238485897 90.0958258684944 89.0818062950583 88.1055910447065 87.1618523317225 86.9001961876364 86.7258259268368 86.546900805305 86.4775606043198 86.4864975424374 86.544677509981 86.6446315540987 86.840145111084 87.0361287734088 87.2324463339413 87.3151896981632 87.3778808818144 87.4036122490378 87.1950055290671 86.8751466414508 86.5727214813232 86.1186906029196 85.4018330293543 84.8048946156221 84.2480837878059 83.6022738849416 82.996174475726 82.4464010911829 81.9881821239696 81.5574620190789 81.1187067592845 80.718490263995 80.3636512756348 79.9038476382985 79.5116025139304 79.6320825464585 79.7148942386403
97.4424996095545 97.4762898613425 97.4827187482048 97.4527776381549 96.9703012354234 96.3419833463781 95.5860059401568 94.3928093629725 92.7205130633186 91.127737269682 89.6507380990421 88.6540572222541 87.6924723456888 86.7628278171315 86.5534381866455 86.449795218075 86.3398408328786 86.3232096503763 86.3775770523969 86.4640813715318 86.5757025550394 86.7490343206069 86.9311705196605 87.1192908567541 87.2293021258186 87.3215011147892 87.3797073364258 87.2306733972886 86.9738429574405 86.7427241381477 86.327127456665 85.5678661570829 84.9341999502743 84.347858877743 83.6308120278751 82.9387175616096 82.2828159332275 81.7964257632985 81.3684271644144 80.9190993589513 80.5125515881707 80.1614203733556 79.7290033452651 79.3568759245031 79.5031619352453 79.6172824186437
97.2489179723403 97.3278682933134 97.3747472202077 97.3770554486443 96.8872546027688 96.2309119280647 95.4363430247587 94.1723050510182 92.3670103409711 90.6609348970301 89.088737375596 88.1055838640998 87.1548198251163 86.2352742587819 86.0633491067325 86.0154646705179 85.9590047948501 85.9755498100729 86.0508882859174 86.1479124181411 86.2674385519589 86.4476258894976 86.6437069387997 86.850991080789 86.9977066937615 87.1286338357364 87.2284956539378 87.1289451823515 86.9169529185576 86.7393012327306 86.3624408946318 85.5814712748808 84.9305576997645 84.338088091682 83.655304852654 82.9788751041188 82.3108549679027 81.8543013404397 81.4779135760139 81.0623352948357 80.7002132640165 80.4132096907672 80.0619244295008 79.7464723026051 79.8543421801399 79.9383119695327
97.0001967935001 97.118335723877 97.2006959354176 97.2312507629395 96.7340940587661 96.0498902937945 95.2227999743293 93.9016915489645 91.9796392777387 90.168758392334 88.5033460504868 87.5336088292739 86.5928059746237 85.6813941282385 85.5426847794477 85.5480665319106 85.5444416719324 85.594705693862 85.6910067165599 85.8002401239732 85.9294362909654 86.1184099982767 86.3268878039192 86.549659055822 86.7285817090203 86.8965993769029 87.0440768073587 87.0004087335923 86.8404300914091 86.7229342741125 86.3953061945298 85.6008696836584 84.9190615485696 84.2929724525003 83.6170012530159 82.9360442442052 82.2459035761216 81.8060447468477 81.4717191808364 81.0929272595574 80.7773208618164 80.5581594354966 80.2912505654728 80.0422680798699 80.1165879193474 80.1740095475141
96.6522758708281 96.7944275351132 96.9029429940616 96.9601928486544 96.4557185453527 95.7457653494442 94.9204538008746 93.5779132843018 91.5714360405417 89.6586666107178 87.8926096523509 86.9321945414824 85.9952307308421 85.0834808349609 84.9685136009665 85.0203544392305 85.0673952663646 85.150379966287 85.2658390718348 85.3935845318963 85.5394965901094 85.7439240848317 85.9660868925207 86.2021458569695 86.410701863906 86.6165718751795 86.8216403512394 86.8431489607867 86.7440328037038 86.6941416123334 86.4257869720459 85.6245422363281 84.9032740873449 84.225035499124 83.5408491246841 82.846851124483 82.1334296955782 81.7152975867776 81.4399918948903 81.1242410996381 80.8801435582778 80.7496350232293 80.5854612238267 80.4260083366843 80.4857377444997 80.5339601180133
