PREC/medie/CUMULATA_MEDIA_AMGLAS.asc
NCOLS 177 
NROWS 174 
XLLCORNER 1436301.375 
YLLCORNER 4916704.5 
CELLSIZE 1500 
NODATA_value -9999 
[rows 40 to 59 of 174, columns 0 to 45 of 177]
696.712882995605 709.022438049316 722.906776428223 736.705131530762 753.56315612793 773.010162353516 793.311408996582 821.074905395508 865.617950439453 910.935348510742 956.327911376953 996.84733581543 1036.85610961914 1076.24122619629 1097.43937683105 1114.42964172363 1130.8065032959 1142.59700012207 1151.0191192627 1159.04568481445 1163.4880065918 1160.82025146484 1157.34826660156 1153.30024719238 1146.68814086914 1140.45001220703 1134.63421630859 1124.08810424805 1112.94204711914 1102.61415100098 1093.76835632324 1085.88249206543 1077.7816619873 1069.20393371582 1059.79092407227 1049.74392700195 1038.82920837402 1023.1491394043 1007.16081237793 990.862014770508 979.218215942383 968.524597167969 958.689514160156 957.101150512695 960.27507019043 962.978851318359
708.345672607422 720.797187805176 734.230606079102 747.684562683105 761.842918395996 776.624420166016 792.030799865723 815.015632629395 854.424446105957 894.885757446289 936.169509887695 981.672012329102 1026.63087463379 1070.94183349609 1096.23315429688 1117.28242492676 1137.55511474609 1151.92164611816 1162.05693054199 1171.73176574707 1176.82835388184 1173.04440307617 1168.63223266602 1163.55368041992 1154.44502258301 1145.44065856934 1136.55142211914 1122.80517578125 1108.70320129395 1096.21250915527 1086.85865783691 1079.52093505859 1071.47695922852 1063.17535400391 1054.44090270996 1044.98583984375 1034.65670776367 1019.78677368164 1004.64546203613 989.232040405273 978.044342041016 967.695495605469 958.066879272461 957.203674316406 961.409027099609 965.496231079102
720.48762512207 733.049499511719 746.034774780273 759.047454833984 770.331611633301 780.358367919922 790.894416809082 809.131927490234 843.44075012207 878.912445068359 916.030433654785 966.307540893555 1016.1075592041 1065.35084533691 1094.73043823242 1119.8610534668 1144.12287902832 1161.12976074219 1173.06806945801 1184.47235107422 1190.27345275879 1185.45288085938 1180.08485412598 1173.90589904785 1162.24789428711 1150.57691955566 1138.88688659668 1122.20799255371 1105.20698547363 1089.89959716797 1079.40856933594 1071.98052978516 1064.04228210449 1056.07786560059 1048.07893371582 1039.29272460938 1029.63359069824 1015.65641784668 1001.46266174316 987.052749633789 976.438201904297 966.564865112305 957.312896728516 957.344543457031 962.749038696289 968.222900390625
732.912353515625 745.552894592285 758.101272583008 770.628036499023 778.91024017334 784.134185791016 789.82300567627 803.339454650879 832.579406738281 862.968803405762 895.920852661133 950.809692382812 1005.36140441895 1059.53329467773 1092.98648071289 1122.21047973633 1150.53675842285 1170.23487854004 1184.05712890625 1197.26722717285 1203.82196044922 1198.04667663574 1191.70866394043 1184.36088562012 1170.10000610352 1155.87530517578 1141.6851348877 1122.37767028809 1102.54170227051 1083.6833190918 1071.3278503418 1063.05711364746 1055.27423095703 1047.70672607422 1040.50094604492 1032.46797180176 1023.57421875 1010.58528137207 997.458648681641 984.195343017578 974.297149658203 965.060577392578 956.395965576172 957.532958984375 964.344360351562 971.208480834961
739.132171630859 750.48469543457 761.493202209473 772.453773498535 779.197692871094 782.960014343262 787.078437805176 798.784729003906 825.234222412109 852.778839111328 883.235649108887 937.643661499023 991.944641113281 1046.11930847168 1082.77861022949 1115.96757507324 1148.23094177246 1170.35563659668 1185.75321960449 1200.46224975586 1207.97348022461 1202.44204711914 1196.3159942627 1189.03872680664 1174.13021850586 1159.28604125977 1144.5090637207 1125.0016784668 1104.81735229492 1084.8815612793 1071.18713378906 1061.37573242188 1053.06202697754 1045.28820800781 1038.40916442871 1030.66677856445 1022.16690063477 1010.40245056152 998.580215454102 986.701400756836 977.25407409668 968.322128295898 959.914505004883 961.155944824219 967.984817504883 974.848709106445
745.320068359375 755.256294250488 764.618110656738 773.923332214355 779.140327453613 781.577522277832 784.307250976562 794.403053283691 818.284072875977 843.243515014648 871.462448120117 924.885353088379 978.326141357422 1031.78370666504 1071.47964477539 1108.5082244873 1144.60606384277 1169.00701904297 1185.84565734863 1201.92134094238 1210.34692382812 1205.2279510498 1199.48977661133 1192.48382568359 1177.30946350098 1162.23565673828 1147.26678466797 1128.10673522949 1108.19509887695 1087.95303344727 1073.20233154297 1061.82301330566 1052.79524230957 1044.6466217041 1037.95417785645 1030.37547302246 1022.17204284668 1011.69700622559 1001.24609375 990.819671630859 981.746871948242 973.014465332031 964.730804443359 965.752838134766 972.165466308594 978.624816894531
751.502227783203 759.963813781738 767.677597045898 775.413871765137 779.198867797852 780.401718139648 781.793022155762 790.309951782227 811.675735473633 834.100036621094 860.156661987305 912.64453125 965.196685791016 1017.81480407715 1060.48503112793 1101.2498626709 1141.16227722168 1167.78999328613 1186.0502166748 1203.49597167969 1212.83012390137 1208.12860107422 1202.73612976074 1195.93658447266 1180.43721008301 1164.98599243164 1149.58445739746 1130.53358459473 1110.90492248535 1091.17042541504 1076.17596435547 1064.0544128418 1054.10014343262 1045.36120605469 1038.6340637207 1031.11450195312 1023.14503479004 1013.89245605469 1004.76141357422 995.750411987305 987.013824462891 978.371856689453 969.894027709961 970.378631591797 976.059371948242 982.022674560547
759.725227355957 766.322731018066 772.021018981934 777.829788208008 780.453285217285 781.057594299316 781.725868225098 789.222434997559 808.599746704102 829.000396728516 853.24382019043 903.80638885498 954.507606506348 1005.34764099121 1049.69413757324 1092.80065917969 1135.16555786133 1163.32110595703 1182.75003051758 1201.31729125977 1211.33525085449 1206.88940429688 1201.68202209473 1194.9557800293 1179.22274780273 1163.48156738281 1147.73266601562 1129.79104614258 1111.55587768555 1093.42051696777 1078.66607666016 1065.94427490234 1055.19496154785 1045.90510559082 1039.01498413086 1031.42781066895 1023.50088500977 1014.8207244873 1006.36270141602 998.121627807617 990.361938476562 982.623474121094 974.763336181641 974.812713623047 979.451538085938 984.607940673828
768.986015319824 773.54027557373 777.059242248535 780.763648986816 782.439491271973 782.874809265137 783.266143798828 790.17253112793 808.004608154297 826.83869934082 849.602813720703 897.579643249512 945.744247436523 994.093933105469 1039.05572509766 1083.29801940918 1126.87446594238 1155.87814331055 1176.1657409668 1195.54130554199 1205.94435119629 1201.5099029541 1196.24031066895 1189.36848449707 1173.4144744873 1157.39814758301 1141.32070922852 1125.54054260254 1109.89854431152 1094.57666015625 1080.59941101074 1067.43267822266 1056.04348754883 1046.24468994141 1039.03584289551 1031.22471618652 1023.10076904297 1014.19293212891 1005.60540771484 997.329452514648 991.335418701172 985.504531860352 979.268127441406 979.009155273438 982.222778320312 986.190093994141
778.51976776123 780.882926940918 782.12215423584 783.638229370117 784.31999206543 784.504280090332 784.650802612305 790.977615356445 807.296737670898 824.602783203125 845.912933349609 891.344711303711 936.995193481445 982.856796264648 1028.4854888916 1073.8572845459 1118.61483764648 1148.43240356445 1169.54412841797 1189.60537719727 1200.25987243652 1195.71377563477 1190.38444519043 1183.4089050293 1167.2765045166 1151.08068847656 1134.82307434082 1121.37217712402 1108.43299865723 1095.92597961426 1082.70825195312 1069.09741210938 1056.90504455566 1046.43635559082 1038.74714660645 1030.59634399414 1022.17361450195 1012.93673706055 1004.08404541016 995.603591918945 991.207656860352 987.210983276367 982.805557250977 982.446762084961 984.441268920898 987.169174194336
787.881103515625 787.743644714355 786.550682067871 785.732215881348 785.577102661133 785.762298583984 785.90625 791.715492248535 806.384239196777 822.034629821777 841.788208007812 884.776840209961 928.008346557617 971.468505859375 1017.86596679688 1064.41098022461 1110.38600158691 1141.10272216797 1163.1506652832 1183.9857635498 1194.92610168457 1190.24960327148 1184.86653137207 1177.75975036621 1161.18368530273 1144.5714263916 1127.92376708984 1116.28341674805 1105.48518371582 1095.23254394531 1082.69180297852 1068.83880615234 1055.99366760254 1044.96145629883 1036.83326721191 1028.39129638672 1019.72996520996 1010.30625915527 1001.31524658203 992.742492675781 989.829605102539 987.545791625977 984.927764892578 984.525283813477 985.412460327148 986.938720703125
796.847152709961 793.610702514648 789.596794128418 786.042289733887 785.329498291016 786.108306884766 786.857711791992 792.330718994141 804.935546875 818.507148742676 836.364135742188 877.177093505859 918.263732910156 959.601318359375 1006.98988342285 1054.87098693848 1102.22836303711 1134.25160217285 1157.78561401367 1179.95391845703 1191.55821228027 1186.86608886719 1181.54571533203 1174.20082092285 1155.74234008789 1137.25982666016 1118.75411987305 1105.34829711914 1092.80532836914 1080.8928527832 1068.23677062988 1055.158203125 1042.68955993652 1031.88140869141 1023.70791625977 1015.37411499023 1006.98080444336 998.54069519043 990.587829589844 983.103729248047 981.098876953125 979.720657348633 978.084564208984 977.624038696289 977.848937988281 978.620407104492
805.72599029541 799.45036315918 792.620719909668 786.259452819824 784.982009887695 786.289108276367 787.654502868652 792.755867004395 803.307914733887 814.751113891602 830.646003723145 869.22093963623 908.172050476074 947.456153869629 995.950256347656 1045.22297668457 1093.99229431152 1127.35231018066 1152.39653015137 1175.84403991699 1188.04501342773 1183.28605651855 1177.94374084473 1170.24807739258 1149.81530761719 1129.46189880371 1109.17918395996 1094.08804321289 1079.86685180664 1066.32489013672 1053.59767150879 1041.32157897949 1029.38145446777 1018.94586181641 1010.87634277344 1002.72698974609 994.656784057617 987.25244140625 980.291687011719 973.756484985352 972.520263671875 971.94221496582 971.277374267578 970.749008178711 970.30256652832 970.405609130859
814.519966125488 805.24967956543 795.607025146484 786.399032592773 784.57649230957 786.369956970215 788.353813171387 793.040809631348 801.544509887695 810.81827545166 824.697250366211 860.979911804199 897.798362731934 935.078468322754 984.7763671875 1035.48406982422 1085.68867492676 1120.41105651855 1146.98500061035 1171.6591796875 1184.38868713379 1179.5087890625 1174.05369567871 1165.88536071777 1143.37394714355 1121.14265441895 1099.16320800781 1082.46907043457 1066.63877868652 1051.4981842041 1038.74543762207 1027.30363464355 1016.06944274902 1006.18374633789 998.398834228516 990.528106689453 982.850402832031 976.548553466797 970.525314331055 964.768508911133 964.129638671875 964.221481323242 964.514938354492 963.906509399414 962.777160644531 962.318099975586
824.007110595703 814.951866149902 805.66650390625 796.720672607422 792.016021728516 789.40266418457 787.201812744141 788.767143249512 795.355728149414 802.58780670166 814.415542602539 847.596397399902 881.489761352539 915.981269836426 966.398818969727 1018.03741455078 1069.17965698242 1106.02711486816 1135.50788879395 1162.76965332031 1175.70434570312 1168.03088378906 1159.82141113281 1149.12530517578 1125.63327026367 1102.61083984375 1080.00466918945 1064.57092285156 1050.16342163086 1036.42942810059 1025.6266784668 1016.4118347168 1007.2685546875 999.07926940918 992.370788574219 985.568450927734 978.796997070312 972.409255981445 966.140151977539 959.983795166016 959.079971313477 959.02214050293 959.455169677734 958.651916503906 957.133880615234 956.407897949219
833.539535522461 824.845642089844 816.051811218262 807.498596191406 799.761558532715 792.50218963623 785.82576751709 784.087303161621 788.726715087891 793.905784606934 803.646385192871 833.615898132324 864.373718261719 895.78271484375 946.708602905273 999.021942138672 1050.85473632812 1089.8187713623 1122.30271911621 1152.41285705566 1165.44966125488 1154.46490478516 1143.00343322754 1129.40438842773 1105.19714355469 1081.62385559082 1058.60646057129 1045.10820007324 1032.8464050293 1021.24685668945 1012.89015197754 1006.26475524902 999.600952148438 993.437393188477 988.049072265625 982.548629760742 976.834091186523 970.043670654297 963.225830078125 956.381759643555 955.009094238281 954.588485717773 954.894775390625 953.828506469727 951.967956542969 951.029296875
843.191848754883 835.007385253906 826.738349914551 818.461463928223 807.478935241699 795.464645385742 784.306289672852 779.300354003906 781.982666015625 785.167694091797 792.882095336914 819.720809936523 847.105751037598 874.933158874512 925.910461425781 978.394119262695 1030.43644714355 1071.05746459961 1106.07850646973 1139.18907165527 1152.4175567627 1138.2829284668 1124.01461791992 1108.06015014648 1083.66688537598 1059.86711120605 1036.57881164551 1025.17655944824 1015.15034484863 1005.64273071289 999.692153930664 995.615707397461 991.507873535156 987.442016601562 983.452056884766 979.243927001953 974.545745849609 967.31787109375 960.071502685547 952.807388305664 951.234176635742 950.576995849609 950.477645874023 948.869537353516 946.388076782227 945.031158447266
851.485664367676 843.406372070312 835.13606262207 826.632385253906 814.596069335938 801.180213928223 788.790870666504 782.074592590332 782.300354003906 783.005096435547 787.836151123047 809.228973388672 830.980735778809 853.03157043457 897.886871337891 944.204277038574 990.270309448242 1028.0369720459 1061.85246276855 1094.2926940918 1107.93606567383 1096.1194152832 1084.39889526367 1071.2650604248 1051.3120880127 1031.82525634766 1012.72686767578 1004.23234558105 996.880447387695 989.898361206055 986.304412841797 984.476043701172 982.626556396484 980.466583251953 977.851165771484 974.910827636719 971.247222900391 963.885437011719 956.512084960938 949.127883911133 947.148391723633 945.985244750977 945.211181640625 942.961181640625 939.856689453125 938.079010009766
859.118446350098 850.851081848145 842.239967346191 833.161514282227 821.395347595215 808.68465423584 797.262542724609 789.969367980957 787.56999206543 785.610946655273 787.028167724609 801.319137573242 815.713729858398 830.212219238281 863.624671936035 898.107048034668 932.375762939453 962.766128540039 991.338516235352 1018.98742675781 1032.73944091797 1028.05436706543 1023.8172454834 1018.47059631348 1007.55967712402 997.073089599609 986.932144165039 982.166580200195 977.966873168945 973.996276855469 972.692276000977 972.758224487305 972.809921264648 972.321807861328 971.042678833008 969.331726074219 966.719543457031 959.588745117188 952.455352783203 945.319488525391 942.677505493164 940.674209594727 938.891326904297 935.875991821289 932.147567749023 929.948760986328
865.899337768555 857.225639343262 848.277275085449 838.97371673584 827.843376159668 816.144424438477 805.669906616211 797.719436645508 792.677673339844 788.086418151855 786.062210083008 793.293998718262 800.51057434082 807.7421875 829.934448242188 852.910820007324 875.808280944824 899.321899414062 923.058441162109 946.173690795898 960.416549682617 963.109512329102 966.207824707031 968.418258666992 966.308181762695 964.503448486328 962.941070556641 961.487609863281 960.115310668945 958.944076538086 959.713333129883 961.467178344727 963.258209228516 964.278671264648 964.176162719727 963.676055908203 962.135040283203 955.258117675781 948.358947753906 941.439178466797 938.101486206055 935.268188476562 932.605941772461 928.954437255859 924.730178833008 921.916549682617
