PREC/medie/CUMULATA_MEDIA_01.asc
NCOLS 177 
NROWS 174 
XLLCORNER 1436301.375 
YLLCORNER 4916704.5 
CELLSIZE 1500 
NODATA_value -9999 
[rows 40 to 59 of 174, columns 0 to 45 of 177]
68.5525246227489 68.8649912441478 69.1189986958223 69.3716088463278 69.8594549403471 70.5508529438692 71.2529032090131 73.3112999972175 78.4531104143928 83.6063395668479 88.6278531691607 91.4771825005026 94.3150532666375 97.141980788287 97.8667644051944 98.1224638995002 98.3730602825389 97.9460058773265 97.0208418229047 96.0940465366139 95.0084638595581 93.6069513208726 92.2050128263586 90.8874380728778 90.4269283519072 89.9684334923239 89.5117965586045 88.730410379522 87.8921943271861 87.0558208437527 86.7146165230695 86.6961360819199 86.6771415261661 86.6607522683985 86.6489942775053 86.6364156779121 86.5563023791594 85.9816425828373 85.407485036289 84.8336749637828 83.8384310217465 82.7835223254036 81.7284798201393 81.8638947711271 82.6876899775337 83.5118115088519
69.1837440378526 69.5571842754588 69.8921709621654 70.225760123309 70.4261106603286 70.5299165950102 70.6443617764641 72.1139810786528 76.5425207474652 80.9824623220107 85.3716729108025 88.9345191506778 92.4859080595129 96.0263761071598 97.1709292355706 97.8062679627362 98.4365087957943 98.2470612245448 97.4700943441952 96.6914937075447 95.7215580098769 94.3796897775987 93.037389979643 91.758321537691 91.0879298939424 90.419547810274 89.7530259525075 88.7010626652662 87.5834146247191 86.4676064322977 86.0606039972866 86.1101328905891 86.159146715613 86.2573387202095 86.4414446774651 86.6247336583979 86.6902621774112 85.9019262650434 85.1140917890212 84.3266054321738 83.3946933465845 82.4423266859616 81.489827338387 81.8359083568349 82.9331669807434 84.0307521539576
69.8148472729851 70.2510029287899 70.6669276742374 71.0814591576071 70.9818353091969 70.4983360627118 70.0254618700813 70.9044290991391 74.6200431374942 78.347045954536 82.1266565883861 86.402665643131 90.6672393013449 94.9208977082196 96.4802980983958 97.4950890821569 98.5047882865457 98.5499330408433 97.9210869284237 97.2906113792868 96.4352989196777 95.1530379688039 93.870356279261 92.6272548226749 91.7470806907205 90.8689195969526 89.992610987495 88.6696661780862 87.2727204210618 85.877613586538 85.4069881439209 85.5244930070989 85.6414888045367 85.8547881911783 86.2346634303822 86.6137202767765 86.8235956781051 85.8216846690458 84.8202790933497 83.8192193928887 82.951052609612 82.1011811845443 81.2511729352615 81.8077883720398 83.1783754965838 84.5492937705096
70.4458364598891 70.946447428535 71.4432720296523 71.9387039296767 71.5266391529756 70.4561212483574 69.3962149339564 69.6826546051923 72.685692282284 75.7001047134399 78.8927954505472 83.8816241096048 88.8590273576624 93.8255284814274 95.7948662813972 97.1889209747314 98.5778935376336 98.854614426108 98.3738222683177 97.8913968030144 97.1496835596421 95.9270067214966 94.7039113044739 93.4942390778485 92.4043898301966 91.316546496223 90.230556936825 88.6362165703493 86.9601127820856 85.2858402448542 84.7537694959079 84.9392183107488 85.1241589994992 85.4531007374034 86.0286469179041 86.6033778751598 86.9562998799717 85.7409228577333 84.5260477627025 83.3115187532761 82.507512288935 81.760082244873 81.0125184339635 81.7795340874616 83.4233207422144 85.0674342267654
70.3124673506793 70.5367240905762 70.7104305379531 70.8906912523157 70.4309206569896 69.5120771632475 68.5897999651292 68.8911032676697 71.5839294545791 74.2810159571031 77.186959547155 82.0920836504768 86.9992271311143 91.9082699383006 94.0774486766142 95.7475626328412 97.4139616349164 97.9572744930492 97.7530383502736 97.545207865098 97.0647626203649 96.0915463671965 95.1154551786535 94.1138509301578 92.9244545207304 91.7358517506543 90.5479890458724 88.990727074006 87.3737858744229 85.7560076573316 85.1804373404559 85.2533400198993 85.3272005389719 85.5683587158427 86.0923782937667 86.6168896590962 86.9487278601703 85.9295930161196 84.9097664075739 83.8894706052892 83.2167560352999 82.5919488317826 81.9673650124494 82.7857215264264 84.4396647565505 86.0938478638144
70.1752630682553 70.1035869261798 69.9327601264505 69.7684788142934 69.2636364768533 68.5210720791536 67.7750765856575 68.1282033359303 70.5497531329884 72.9755559248083 75.638663852916 80.3833678750431 85.1300807840684 89.8786896537332 92.2161429910099 94.1374671038459 96.0550793479471 96.860990524292 96.945927844328 97.0272790123435 96.828999042511 96.1370080779581 95.4421407475191 94.6801567778868 93.4138702504775 92.1483820887173 90.8836331227246 89.4391615110285 87.9661065690658 86.4922136068344 85.8808300565271 85.7993509068209 85.7188329556409 85.8208008092992 86.2283757995157 86.6364425911623 86.9034375863917 86.1938234918258 85.4835170437308 84.7727472501643 84.2509670397815 83.7551333062789 83.2595198154449 84.0841077355777 85.6735109160928 87.2631533847136
70.0377554613001 69.6635455243728 69.1483540254481 68.6396990944357 68.0996255874634 67.5332523654489 66.9634544919519 67.3606536598767 69.5110608549679 71.6657137590296 74.0878538804896 78.6722066542682 83.2585678661571 87.8468230752384 90.3582681207096 92.5306785246905 94.6993834551643 95.7682335236493 96.1422077908235 96.5126025816974 96.5962623708388 96.1853542047388 95.7715766570147 95.2457493333255 93.9026173283072 92.5602763119866 91.2186763987822 89.8886540637297 88.5594129352009 87.2293330080369 86.5803191872204 86.3445351193933 86.1097126147326 86.0727288863238 86.363918206271 86.655594405006 86.8590532190659 86.4588118160472 86.0578766009387 85.6564780123093 85.2853080525118 84.9183821397669 84.5516771568972 85.3825286696939 86.9074198778938 88.4325512717752
70.2794922660379 69.7376323307262 68.9978996445151 68.2610554975622 67.6731759660384 67.177479393342 66.6813960496117 67.1200591676375 69.1837194106158 71.2465002396527 73.5896468443029 78.0638227462769 82.5387597364538 87.0144180410049 89.5985562380622 91.894666447359 94.1903185563929 95.3508593334871 95.8154740333557 96.2810538516325 96.4446657966165 96.0965287404902 95.7499087277581 95.284682189717 93.96196233525 92.63815240299 91.3133336235495 90.1533597918118 89.0154915206573 87.876040115076 87.2546161974178 86.9431529956705 86.6317697833566 86.519122095669 86.7338016033173 86.9487429927377 87.1064714263467 86.8783609586604 86.6503836126889 86.422545671463 86.2482047080994 86.081002515905 85.9139455486746 86.6968023075777 88.03027974858 89.3636560720556
70.7217267541324 70.086727254531 69.2016615867615 68.3194812606363 67.6927078331218 67.2188506827635 66.744608262006 67.239776134491 69.3588634098277 71.4770734450396 73.881921824287 78.3099369161269 82.7387050179874 87.1682030733894 89.7649395325605 92.0995924332563 94.4337852141436 95.5472529916202 95.931923529681 96.317555511699 96.3690228742712 95.867271900177 95.367043130538 94.7776548722211 93.5682244300842 92.357705004075 91.1461751531152 90.2132475446252 89.317344995106 88.4198648368611 87.9006721973419 87.6050402487026 87.3094811159022 87.1977129824021 87.3857246707468 87.574003051309 87.7086882310755 87.4866067942451 87.2646572449628 87.0428506907295 87.1227190494537 87.2428818870993 87.3631927125594 88.0308172702789 89.0158129579881 90.0007081592784
71.1717896180994 70.4329181839438 69.4025877503788 68.3751410456265 67.7126440160415 67.2606179854449 66.8082056466271 67.3604378700256 69.5349257413079 71.7085380554199 74.173469880048 78.5553422254675 82.9379734151504 87.3213250777301 89.9318486381979 92.3050183688893 94.6777359457577 95.7426729202271 96.0474379483391 96.3531633264878 96.2917258879718 95.636442268596 94.9826727754929 94.2716738055734 93.1754818102893 92.0781937346739 90.9799030598472 90.2749037462122 89.6208535502939 88.9652257736991 88.5468247778275 88.2670114040375 87.9872746607837 87.8761869318345 88.0375492993523 88.1991700565114 88.3109185415156 88.0948670751908 87.8789473701926 87.6631661863888 87.997519717497 88.4049078155966 88.8124390069176 89.3650055632872 90.0016894621008 90.638275567223
70.4395225188311 69.8797876414131 69.0170159339905 68.1386262809529 67.5961027986863 67.2422337251551 66.8832890566658 67.4950776380651 69.6284537034876 71.7671478495878 74.2100757711074 78.4939535365385 82.7822064792409 87.0746114394244 89.7513321147245 92.2225174062392 94.6897474737728 95.7742881213917 96.0738437315997 96.3698007920209 96.2492502436918 95.4744204072391 94.6990594302907 93.8917052815942 92.8854776340372 91.8794586237739 90.873626814169 90.373845465043 89.9386390237247 89.5029740123188 89.1826981446322 88.9284904423882 88.6739509526421 88.5662659196293 88.6941638553844 88.8225500723895 88.902759327608 88.6695458328023 88.4368815281812 88.2046320859124 88.7544438277974 89.4074877710903 90.0605074938606 90.4994364205529 90.8140029205995 91.1283286319059
67.2750563341029 67.4128429188448 67.3294101883383 67.2303753460155 67.1463374250075 67.0714493078344 66.9914895786959 67.6632370107314 69.4737769295187 71.2896281971651 73.4287747214822 77.4055537055521 81.3867047253777 85.372002657722 88.253013049855 91.0019799400778 93.7469994601081 95.1098144755644 95.7088605656343 96.3043103498571 96.3819847106934 95.6637906467213 94.9450582055484 94.1830550572451 93.1613388552385 92.1398234297247 91.1184972174027 90.6912847196355 90.3370491827235 89.982360236785 89.7498309191536 89.5863199654747 89.4224835003124 89.3397530667922 89.3862109605004 89.4331546531004 89.4160133389866 88.9880085412194 88.5605563696693 88.1335122585297 88.5882972128251 89.1586788401884 89.7290456154767 90.0661674106822 90.2677645122304 90.4691177536459
64.1150098688462 64.9614627782036 65.6569912854363 66.3369370348313 66.7017357349396 66.9056927596822 67.1045843923793 67.8258906252244 69.3137497060439 70.8069139929379 72.6426692850449 76.3125011780683 79.9867028629079 83.6650446162504 86.7584728914149 89.7850909513586 92.8077664094813 94.4489917755127 95.3473767673268 96.2421767851886 96.5153304268332 95.8537344932556 95.191608653349 94.4742653159534 93.437061548233 92.4000602189232 91.3632476399927 91.00931939658 90.7360161683139 90.4622606529909 90.317492723465 90.2446368441862 90.1714599553276 90.1128864007838 90.0779394682716 90.0434774651247 89.9286991147434 89.3059966564178 88.6838458425858 88.0621072264279 88.4220654543708 88.9098312995013 89.3975778748007 89.6329508108251 89.7216338830836 89.8100769940545
60.959380682777 62.5256325777839 63.9997445835787 65.458289973876 66.2622940785745 66.7449607463444 67.2225691500832 67.9830369949341 69.1483722294078 70.3190080979291 71.8517742717967 75.2148063884062 78.582202462589 81.9537358564489 85.2677124808816 88.5718485888313 91.8720425437479 93.7918069502887 94.9893899805406 96.1833937027875 96.6492845871869 96.0442641482634 95.4387126529918 94.7653358613744 93.7126502008999 92.6601693279603 91.6078807886909 91.3279402957243 91.1355329190984 90.942674594767 90.8856843499576 90.9034403632669 90.920874932233 90.8856632989996 90.7693526183858 90.6535266848172 90.440815336564 89.6235136284548 88.8067617977367 87.9904205939349 88.2557538537418 88.6609437605914 89.0661133036894 89.1997876167297 89.1756130386801 89.1511930577895
58.7749424261205 60.4024387808407 61.9743967617259 63.5442397874944 64.7468158076791 65.7682891663383 66.7797462870093 67.7541167946423 68.6913647090688 69.6321931165807 70.9376633868498 73.993106729844 77.0529072705437 80.1168395210715 83.5666689592249 87.0485677719116 90.5279766812044 92.6939397138708 94.1909103393555 95.6842135822072 96.3249782674453 95.7395966193255 95.1540254564846 94.5205766663832 93.6268268262639 92.7313401278328 91.8342523995568 91.7175564345192 91.6850112466251 91.65138426949 91.7073721885681 91.8122246966642 91.9168456582462 91.886738132028 91.6500664879294 91.4141277846168 91.0717593221103 90.0724853768068 89.0737566667445 88.0754559460808 88.3316931444056 88.7489679280449 89.1662661608528 89.3005957603455 89.2704948256998 89.24048092786
56.5938210206873 58.2857374022989 59.9407822104061 61.5937166073743 63.1908603275523 64.754699882339 66.3085342470337 67.4921542511267 68.2058256163317 68.9230779339285 70.006210046656 72.7529839347391 75.50410898994 78.259363006143 81.8373645333683 85.4799737369313 89.1200922797708 91.5247825734756 93.3174084495096 95.1063733381384 95.9124956130981 95.3359300108517 94.7591766469619 94.1627264163073 93.4627578679253 92.7610520264682 92.0577512488646 92.1252372475231 92.2721706558676 92.4180269241333 92.5939124191509 92.7860383145949 92.9779332245097 92.9482174340416 92.5814701949849 92.2154580424814 91.7350650815403 90.5576378878425 89.3807645124548 88.2043115952436 88.4759333554436 88.9321482321795 89.388387595906 89.5521627874935 89.5459298807032 89.539782187518
54.4105717995588 56.170685487635 57.9087786113515 59.6447620111353 61.6449244443108 63.7508673247169 65.84681549493 67.2263822476654 67.7165906324106 68.2103732333464 69.0699461628409 71.5082006875206 73.9508037567139 76.3975253105164 80.1102367288926 83.9134807165931 87.7142336368561 90.3592176156886 92.4473543447607 94.5318376036251 95.5001073865329 94.9323562033036 94.3644139205708 93.8066694385865 93.3003856013803 92.7923706769943 92.2827570228016 92.5342311228023 92.8605539938983 93.1858005243189 93.4809686857111 93.7603243659524 94.0394455404843 94.0091296925264 93.5123699693119 93.016344869838 92.3978518878712 91.0423636296216 89.6874266792746 88.332907592549 88.6202135927537 89.1153479744406 89.6105065345764 89.8037221291486 89.8213401121252 89.8390451038585
53.171142353731 55.1121809342328 57.0447707737193 58.9718306204852 61.2477475895601 63.6660003381617 66.0808729704689 67.6424716360429 68.1674510731417 68.6888547224157 69.5075243360856 71.5707001265358 73.6400720231673 75.7153526193955 79.1575664211722 82.6972346866832 86.2447419096442 88.834319360116 90.9765254890218 93.1203356700785 94.2144669504727 93.8872949866687 93.5550785415313 93.2333839781144 92.9827266580918 92.729177012163 92.4729695881114 92.8575629627003 93.3029321782729 93.7480276191936 94.0834501070135 94.3622412260841 94.6416444217458 94.6029871632071 94.0876840563381 93.5719887088327 92.9388791533078 91.6120874180513 90.2847813437967 88.9571602765252 89.2947301023147 89.8418856508592 90.389349825242 90.5924921596751 90.5953967711505 90.5985751993516
52.4140901004567 54.624816754285 56.8391393773696 59.047939861522 61.5476534787346 64.1603246857138 66.7696230832268 68.5270805358887 69.2848707367392 70.0390860894147 70.9756033560809 72.6449867416831 74.3205546491286 76.0020289140589 78.8523194789886 81.7778642177582 84.7112349692513 86.9767774974599 88.9391375709982 90.9030965566635 92.0772662022535 92.2041896932265 92.3260740392348 92.4350351025076 92.5013932620778 92.5648605543024 92.6256719757529 93.0849037310656 93.5800083945779 94.0748472494238 94.3561738238615 94.5281563366161 94.7007520619561 94.6411103501039 94.2364653138553 93.8314287382014 93.3326379691853 92.2868445059832 91.240528976216 90.1938993510078 90.6255095986759 91.2418904584997 91.8585729038014 92.0471646925982 91.9866743929246 91.9264550209045
51.653664448682 54.1430557755863 56.6389760971069 59.1293814042035 61.8511413125431 64.6581388361314 67.4617665234734 69.4156508726232 70.4061349419986 71.3930503620821 72.4375623534708 73.7133399738985 74.9953020320219 76.2831541019328 78.5387218278997 80.850433903582 83.1699668379391 85.1170464263243 86.8996429092744 88.6838384375853 89.9449165218017 90.5257133946699 91.1014792638667 91.639616096721 92.0228341887979 92.403162984287 92.7808436646181 93.3126067694496 93.8574288312127 94.4019796848297 94.6282741181991 94.6935061987709 94.7593458820792 94.6797208645765 94.3856816432055 94.0912463384516 93.7272192870869 92.9622805258807 92.196825392106 91.4310556299546 91.9563611535465 92.6419296825633 93.3278032751644 93.5018717260922 93.378015237696 93.254434669719
