PREC/medie/CUMULATA_MEDIA_07.asc
NCOLS 177 
NROWS 174 
XLLCORNER 1436301.375 
YLLCORNER 4916704.5 
CELLSIZE 1500 
NODATA_value -9999 
[rows 120 to 139 of 174, columns 0 to 45 of 177]
54.5702691078186 54.4622495980824 54.3170413374901 54.1534227623659 53.9511067516664 53.7116825861089 53.4521469929639 52.7934243153123 52.1344979440465 51.4820119282779 50.7369125415297 49.951471703894 49.2501402970623 48.7152319760884 48.4546141837011 48.2278690548504 48.0265469557318 47.9855247752001 47.9441049225245 47.9019526211435 47.8154443910017 47.7154685990775 47.6124593194793 47.4991443393862 47.3737257771632 47.1979950070381 47.0661674141884 47.2384220011094 47.3831368825015 47.500610519858 47.9107019059798 48.37986573051 48.8768592441783 49.083368581884 49.0452068413005 49.0712312810561 49.0189943734337 48.6920569363762 48.3712457909304 48.0546603693682 47.6349254846573 47.2094995975494 46.7894589620478 46.4314611028222 46.1104284034056 45.7838191915961
54.8545445975135 54.7513529693379 54.6106044054031 54.4438133870854 54.2218004324857 53.9485950294663 53.6485605485299 52.9326810380992 52.2193386975457 51.5109685378916 50.7510565694641 49.9721076786518 49.2981599087224 48.7710331794532 48.478987372316 48.2300931868308 48.009195680148 47.9302878560608 47.8505167709116 47.769410662353 47.6218053751132 47.4554641404573 47.2926981571843 47.1135578225641 46.9155756831169 46.6778646567289 46.4628303892472 46.4161908135695 46.3207713575924 46.1777252449709 46.3924207827624 46.6751668873955 46.9809424316182 47.1250534618602 47.1338759029613 47.2246345211478 47.2487026102403 47.0307360256419 46.8232908459271 46.6231485184501 46.3631344893399 46.1004725063548 45.8428109183031 45.60837355782 45.3877722445656 45.1662736079272
55.0483143680236 54.9565004741444 54.8308891899445 54.6709803412942 54.4394933616414 54.1492286044009 53.8258222306476 53.0753495868515 52.3212576999384 51.5605112875209 50.7901211047874 50.0209873581634 49.3710746050758 48.8476618954583 48.5210345692056 48.2457965082653 48.0003964226446 47.8790211011382 47.7603627530968 47.6449543316575 47.4405165244551 47.2116018673953 46.9873453063123 46.7405672073364 46.4683660128537 46.1641915195128 45.8595588908476 45.5889986963833 45.2529984642478 44.8538728601792 44.8779778340284 44.9782208975624 45.095301992753 45.1805331566755 45.2387135589824 45.3946651290445 45.4953143526526 45.3864666293649 45.2921252881779 45.2078578612384 45.1070484133328 45.0067162864348 44.9113494859022 44.8004299332114 44.680224979625 44.5621544192819
55.1958254786099 55.1168356011896 55.01050343233 54.8614500410417 54.6252168872777 54.3272854931214 53.9920913752388 53.2204603675534 52.4348939254003 51.6247167622342 50.8478033980902 50.0915367910091 49.4636487224523 48.9410500784733 48.5776891569087 48.2729129816871 47.9989622235298 47.8312015401966 47.6734098156585 47.5281529067194 47.2711373848074 46.9835301216911 46.6963700897553 46.3803937715643 46.0324952041402 45.6572787761688 45.25641634885 44.7565007911009 44.1794971578261 43.5291658850277 43.3680392012877 43.2902764993555 43.2216539102442 43.2520255902234 43.362480338882 43.5842791585361 43.7619429195628 43.7624981683843 43.7810399953057 43.8120407847797 43.8698626967037 43.9313740590039 43.9982321753221 44.0107777118683 43.9909114977893 43.9742143084021
54.7823801741881 54.7411505194271 54.6786590604221 54.5817927402609 54.4171636946061 54.1864198937136 53.913574625464 53.2272202617982 52.5142869738971 51.7574487258406 50.9860210523886 50.2181222508935 49.5880017561071 49.0308004074237 48.5810581542113 48.1979415662148 47.8497146775617 47.6159667618134 47.3998622105402 47.2056022812338 46.9150612529586 46.5980324184193 46.2769171770881 45.9397140951718 45.5847567530239 45.2064822982339 44.8089312104618 44.3418738281026 43.7837778259726 43.1403758385602 42.9633615437676 42.8615198976853 42.7605235015645 42.7690091553856 42.8662374159869 43.0891334098928 43.2781262853566 43.3177665156477 43.3794347047806 43.4564297129126 43.5538426076665 43.6550195988487 43.7622343862758 43.8042006492615 43.8072212794248 43.8145047426224
54.3525110132554 54.346427636988 54.3238563397351 54.2767740417929 54.1831706832437 54.0195691585541 53.8105730729945 53.2144861922545 52.5827603340149 51.8934003815931 51.1327418790144 50.3553407051984 49.7195889564121 49.1214827877634 48.5776598102906 48.1099361970144 47.681466663585 47.3790024518967 47.1002269878107 46.8504119901096 46.527050411 46.1835034735063 45.8329124170191 45.483638272566 45.1354990706724 44.7664161710178 44.3926289782805 44.0167579089894 43.54102193608 42.9727597937864 42.8280325216406 42.7474514456356 42.6589221673853 42.6598386203542 42.73261375287 42.9431888916913 43.1289043601821 43.1909661222907 43.2784959077835 43.3836693623487 43.4888227757286 43.5965869637097 43.7110491079443 43.7566164311241 43.7610460169175 43.7709584586761
53.894978242762 53.9282313795651 53.9461380734163 53.9498172928305 53.9276628073524 53.8294429779053 53.68204461827 53.173519933925 52.6261671430924 52.0179956239812 51.2809418439865 50.5071496472639 49.8630186810213 49.2199934545685 48.579272841706 48.0319919463466 47.5308267114794 47.1671253267456 46.8269159793854 46.5147827162462 46.1520422065959 45.7758623431711 45.3949642602135 45.0330968744615 44.6909050660975 44.3170077380012 43.9507864924038 43.6491118879879 43.256420135498 42.7805304387037 42.6851581405191 42.6413221359253 42.5736079216003 42.5751843732946 42.6319473771488 42.8282052208396 43.007528739817 43.0887711749357 43.1983594193178 43.3275023839053 43.4361534679637 43.5470764216255 43.6673775490593 43.7151373905294 43.7195656790453 43.7320616876378
53.6047059788423 53.636613368988 53.6555398492252 53.6770612492281 53.7022982765647 53.6459537393907 53.539128668168 53.1218486673692 52.662345493541 52.1388508572298 51.408873165355 50.6170285729801 49.9435728297514 49.2239335284514 48.443257598316 47.7746433720869 47.1695203395451 46.7871626896017 46.4271193392137 46.0933624996858 45.721088030759 45.338742648854 44.9534579024595 44.6030667529387 44.2884012671078 43.9308128917918 43.5879595840678 43.3498733324163 43.0299153888927 42.6361240779652 42.5877754828509 42.579803424723 42.5321620492374 42.5373967815848 42.5843464486739 42.772464836345 42.9472857082591 43.0363273550482 43.1566862078274 43.2985636276357 43.4092648660435 43.5226026913699 43.6480074069079 43.6946640014648 43.6942643418032 43.7045116424561
53.3995354035321 53.4121527110829 53.4129592110129 53.435760049259 53.4950894187478 53.4665120629703 53.387464130626 53.0635234047385 52.6939659679637 52.2574442975661 51.5213345359353 50.6943933683283 49.9742071909063 49.1502334861194 48.1917663672391 47.3632520367117 46.6244833048652 46.2571343183517 45.9118824566112 45.5920572982115 45.2369219555574 44.8731772478889 44.5087667353013 44.1941482459798 43.929649367052 43.61126407455 43.3092492818832 43.124510659891 42.8669861134361 42.5446985539268 42.5415081697352 42.5689683521495 42.541056618971 42.5539504219504 42.5987556401421 42.7864371468039 42.9593183573555 43.0430089445675 43.1609161250732 43.3022268870298 43.4133463887607 43.5282471320208 43.6578852779725 43.6994661934236 43.6884078278261 43.6905732996324
53.1944316695718 53.1904383827658 53.1627108630012 53.1775331497192 53.2609045365277 53.2720193582423 53.242030283984 53.0311926112456 52.7664617089664 52.4253153520472 51.6895060959984 50.8340921261731 50.0609828303842 49.1248017058653 47.9826213612276 46.991576054517 46.119177180178 45.7647222631118 45.4313101768494 45.1215679785785 44.779817721423 44.4297496851753 44.0749599933624 43.7852545766269 43.5599057323792 43.2867364322438 43.0348364290069 42.9125103564823 42.7219238561742 42.4714691428577 42.5135902797475 42.5770067607655 42.5704616378335 42.5925527740927 42.6368570748497 42.8207580201766 42.987851970336 43.0623771022348 43.1742894509259 43.3116643358679 43.4198396907133 43.5337736536475 43.6672244913438 43.7033154193093 43.6811824055279 43.6797342160169
53.0423087793238 53.0311261064866 52.9836309376885 52.9893986197079 53.0793549032772 53.1150707918055 53.120227617376 52.9945000760695 52.8080746987287 52.5374442829805 51.7806288214291 50.8793358241811 50.0360574441798 48.9862783375908 47.6806795176338 46.5468942558064 45.5606208829319 45.230856516782 44.9202018204857 44.6306538020863 44.3153751597685 43.9916879008798 43.6572118506712 43.3992373697898 43.2158566012102 42.9941298383124 42.796938563971 42.7325877056402 42.6038763540633 42.4194908264805 42.5042162712883 42.6015634396497 42.6148052496069 42.6457708863651 42.6903380506179 42.869915415259 43.0302316721748 43.0937281776877 43.1978761869318 43.3295902785133 43.4308636539123 43.5399833567002 43.6739691005034 43.7029100656509 43.6690014390384 43.6645233070149
52.9993999986088 53.0063128751867 52.9652187964495 52.9652859463411 53.0280679253971 53.0541059830609 53.0561130187091 52.936272761401 52.7468603078057 52.4640469270594 51.6116317300236 50.5934345862445 49.6081834119909 48.4304415758918 47.0207801846897 45.8051036245683 44.7654158087338 44.5001604416791 44.2527096692254 44.0244666688582 43.7940814074348 43.5593292572919 43.3085373499814 43.1294833141215 43.0191028924549 42.8802061229944 42.7568273714689 42.7185855117791 42.6196154908222 42.4688243883498 42.5818949306712 42.7013596927418 42.7225866177503 42.7588796054616 42.8066314248478 42.9847849817837 43.1390891636119 43.186060961555 43.2769275272594 43.3974281619577 43.4699523448944 43.5513412391438 43.6629275364034 43.6735069190755 43.6236289459116 43.6119296410505
52.917396292967 52.9361546179828 52.9106707572937 52.9133722361396 52.9576912767747 52.9782755795647 52.9794232424568 52.8675514108994 52.6869941318736 52.4167964037727 51.4914001296548 50.3783224891214 49.2645680764142 47.9725266624899 46.47162659028 45.1612521760604 44.0508705587948 43.8314840513117 43.6297964629005 43.4466820043676 43.2856452465057 43.1259650552974 42.953492935966 42.8479962874861 42.8054420991855 42.7521919292562 42.7061351655489 42.6979156642714 42.6377021262751 42.5336165060015 42.6879435567295 42.8419573166791 42.8826278938967 42.9355939416324 42.9978269689223 43.1705512860242 43.3134372935576 43.3385885182549 43.4080386722789 43.5072820887846 43.5410520609687 43.5866220348022 43.6724231313257 43.6612614884096 43.5920424250995 43.5692659476224
52.8154028724222 52.8420705795288 52.8362820008222 52.8453520887038 52.8758229367873 52.8931837923387 52.8946654656354 52.7918681256911 52.6285442744984 52.3887466262369 51.4072701229769 50.2169402346892 48.9868890257443 47.5935940462 46.0142739520353 44.6002330920276 43.4064565546372 43.2179926493589 43.0474367913078 42.8952348723131 42.7892903036931 42.6915634800406 42.5920522677548 42.5545638422756 42.5742959551075 42.6094568246318 42.6442343612229 42.6700844566393 42.6584655188353 42.6156195315587 42.8258602619171 43.0288319026723 43.1024971709532 43.1857580016641 43.2761882613687 43.439320788664 43.5649389379165 43.5624037490172 43.6010460292592 43.6672640407787 43.6504372708938 43.6505626229679 43.706533705487 43.6695747094996 43.5769492878633 43.538459350081
52.1562306460212 52.2426287146176 52.3070980520809 52.3804777650272 52.4665493684656 52.5490796706256 52.6042458309847 52.4518297139336 52.2483891599319 51.9822410976186 50.905694176169 49.6053949804867 48.2274568782133 46.8202439336216 45.3772537147298 44.0706718669218 42.9734808276681 42.8318951831144 42.7082527805777 42.6025849142495 42.5451706455034 42.4986090011456 42.4613144500729 42.4598080130184 42.4910671570722 42.5646658224218 42.6420986224788 42.7099771279403 42.7550401534228 42.7812823044027 43.0318953359828 43.2655251797508 43.3541303802939 43.4568111475776 43.5698680036208 43.717729063595 43.8233776934007 43.7986337717842 43.811923938639 43.8505727824043 43.8036165938658 43.7797150050893 43.8272609430201 43.7717576938517 43.6545199506423 43.5991245508194
51.5224771780126 51.6625990587122 51.7893200762132 51.9203093472649 52.0573710834279 52.2033916080699 52.3091096036574 52.0990398911869 51.8497147840612 51.5533094967113 50.3772988599889 48.962784318363 47.4320690070882 46.0245626954471 44.7460440186893 43.5746886730194 42.5993290543556 42.50755670842 42.4330806364031 42.375601786901 42.3645780651885 42.366682019523 42.3900780211038 42.41807011997 42.450520066654 42.5531941582175 42.6660153333317 42.7785272368175 42.8819390246097 42.9779180831769 43.2638217140647 43.5231562502244 43.6242207218619 43.7455043792725 43.8815645610585 44.015022502226 44.1024573830997 44.0593726214241 44.049346222597 44.0613124791314 43.9891801441417 43.9457056382123 43.9872457139632 43.9118323887096 43.7663227950825 43.69076034602
50.9449097969953 51.1382666756125 51.3202627406401 51.5014408055474 51.682078445659 51.8872335938846 52.0374554465799 51.7657438446494 51.4751728562748 51.1623502619126 49.8998389524572 48.384486282573 46.7131870634416 45.3220808506012 44.2204403176027 43.184875235838 42.3290352646042 42.2856831305167 42.2549314823221 42.2362947797074 42.2621308917947 42.30475159099 42.3861195131972 42.4403080098769 42.471155054429 42.606990814209 42.7600781102391 42.9220337306752 43.0819442789344 43.2401372834164 43.5535157287822 43.8357509164249 43.9623252784505 44.1153582404642 44.2875591726864 44.4243470360251 44.5118948151084 44.4688194779789 44.4409119662117 44.4230842590332 44.3226227339576 44.2505478297963 44.2622896783492 44.1431537375731 43.9455465849708 43.8291424723232
49.620751100428 49.8654842657201 50.1009630595937 50.3402069035698 50.5839311936322 50.8675496718463 51.0895706345053 50.8543721086839 50.6187766019036 50.3824635112987 49.2670047423419 47.9111181848189 46.3536857296439 45.0987814314225 44.1533488526064 43.2328143961289 42.4637549484477 42.3815923578599 42.3091906379251 42.2459927306456 42.2515549940221 42.2829904836767 42.3714102015776 42.4369491983945 42.4824336520396 42.6677060911213 42.8771202233346 43.1052495539188 43.3382496097509 43.5749503128669 43.9117715078242 44.2110255886527 44.3573012632482 44.5294929111705 44.7203805025886 44.8430780803456 44.9324285843793 44.9437380678513 44.9520196073195 44.9583824943094 44.87502339307 44.8192910026102 44.84626789654 44.6752591273364 44.3855297705706 44.1882946421118
47.9160814565771 48.1944105204414 48.4654453221489 48.7506743879879 49.0522775369532 49.4100169294021 49.7064345584196 49.5579349293428 49.4308763111339 49.326449843014 48.5246597318088 47.5221558318419 46.2797986900105 45.2610417884939 44.4652153709356 43.6519222820506 42.9492044448853 42.7591389417648 42.5739187212551 42.393243116491 42.3276161306045 42.2994931305156 42.3453593534582 42.408013874391 42.4843238217427 42.7358126975596 43.0186627927948 43.3312753579196 43.6559833042762 43.9899278177935 44.3464609665029 44.6569283429314 44.8169926895815 44.9943731532377 45.1841531360851 45.2726979255676 45.3662297865924 45.4961061758154 45.6049488292021 45.7001056110158 45.6884174627416 45.7029952722437 45.7990861920749 45.5663341073429 45.1363016437082 44.8099870541516
46.3905042760512 46.6998789450702 47.005281756906 47.3357490371255 47.6940994262695 48.1145485429203 48.4715313350453 48.3960013389587 48.3350461230559 48.2895558862125 47.7331564987407 47.0258741939769 46.1059911671807 45.3283991988967 44.6893959588864 44.017448864439 43.4176788400201 43.1583850594128 42.8986410042819 42.6386153838214 42.5400189652162 42.4833476683673 42.4928381022285 42.5594067355508 42.6726284750244 42.959811642766 43.2810281033025 43.6432924866676 44.0316461184446 44.4397642121596 44.7926366890178 45.0921725946314 45.2456082736745 45.407805891598 45.5762689814848 45.6248946470373 45.7185692226186 45.9624543470495 46.1809960814083 46.3830545930301 46.4610811682308 46.5625662523157 46.7407571007224 46.4593349484836 45.9020854865803 45.4549161826863
