PREC/medie/CUMULATA_MEDIA_03.asc
NCOLS 177 
NROWS 174 
XLLCORNER 1436301.375 
YLLCORNER 4916704.5 
CELLSIZE 1500 
NODATA_value -9999 
[rows 96 to 119 of 174, columns 108 to 161 of 177]
28.7135967507082 25.1283110029557 22.0519781393163 19.5721891066607 17.5545153547736 16.4086930120693 15.6112873799661 15.2131620820831 15.3832366729484 16.0713812551078 17.39066872176 19.1343344590243 21.2776937923011 23.7359556853771 26.4448868316763 29.452960347428 32.3469678619329 34.9814015661969 37.4060214267058 38.7134932069217 38.6420673640335 -9999 -9999 -9999 -9999 -9999 -9999 -9999 -9999 -9999 -9999 -9999 -9999 -9999 -9999 -9999 -9999 -9999 -9999 -9999 -9999 -9999 -9999 -9999 -9999 -9999 -9999 -9999 -9999 -9999 -9999 -9999 -9999 -9999
26.6838532195372 23.4428078006296 20.5053644601037 18.11356512238 16.6189284955754 15.8167549862581 15.34510567609 15.5171065610998 16.2241983238389 17.5500033059541 19.4929329191937 21.9788394482697 24.9538931005141 28.3369857440977 32.0037177397924 35.9637385729481 39.856647265308 43.2713244574911 46.4791297334082 48.2307875208995 48.0797771092723 46.6437032836325 43.5980702182826 38.996456163771 33.3524561191306 -9999 -9999 -9999 -9999 -9999 -9999 -9999 -9999 -9999 -9999 -9999 -9999 -9999 -9999 -9999 -9999 -9999 -9999 -9999 -9999 -9999 -9999 -9999 -9999 -9999 -9999 -9999 -9999 -9999
25.2983797508128 22.0894778476042 19.4916337798623 17.5027349766563 16.2129574768684 15.6763806869002 15.6939761813949 16.2548885520767 17.4555144099628 19.3607928034137 22.0233956014409 25.3073574024088 29.1656581005629 33.4989437846576 38.1719885030214 43.0804895758629 47.9839038883939 52.1792341260349 55.9920545500867 58.0270888542428 57.8195884543307 55.7962125364472 51.827359742978 46.078931273783 39.1427537606043 -9999 -9999 -9999 -9999 -9999 -9999 -9999 -9999 -9999 -9999 -9999 -9999 -9999 -9999 -9999 -9999 -9999 -9999 -9999 -9999 -9999 -9999 -9999 -9999 -9999 -9999 -9999 -9999 -9999
24.5136323325774 21.4027404294294 19.0678498885211 17.3617423352073 16.3498257433667 16.1691877140718 16.3707382836763 17.3179100261015 18.9713127788375 21.4522634849829 24.7883277763339 28.8702262797776 33.6090830774868 38.8482998749789 44.4051910673871 50.1228658662123 55.6694114155629 60.7084330197643 64.7919365798726 66.8940079983543 66.4614475842784 63.9800044333234 59.0029259534443 52.1241140453254 44.0455149219317 -9999 -9999 -9999 -9999 -9999 -9999 -9999 -9999 -9999 -9999 -9999 -9999 -9999 -9999 -9999 -9999 -9999 -9999 -9999 -9999 -9999 -9999 -9999 -9999 -9999 -9999 -9999 -9999 -9999
24.34046923413 21.4002729864681 19.2723810988314 17.7198240581681 16.9204866886139 16.9341838990941 17.4550950772622 18.7113507319899 20.7695958158549 23.7486555856817 27.6569459718816 32.4009224106284 37.8240641302922 43.7583109526073 49.9763775117257 56.1741710357806 62.1967884196955 67.4400416139294 71.5800957802464 73.6382249348304 72.8435104314019 69.8139548722435 64.3157827661318 56.4846343275379 47.521103054285 -9999 -9999 -9999 -9999 -9999 -9999 -9999 -9999 -9999 -9999 -9999 -9999 -9999 -9999 -9999 -9999 -9999 -9999 -9999 -9999 -9999 -9999 -9999 -9999 -9999 -9999 -9999 -9999 -9999
24.5765133885776 21.8383775739109 19.8238996688057 18.4747938408571 17.8490471699659 18.0530930406907 18.9060037311386 20.5178696548238 22.9035935419447 26.2387306304539 30.529514197041 35.6868315233904 41.5235229274806 47.7885959867169 54.2215293803636 60.5905481015935 66.3789956166464 71.522498753141 75.2938439846039 77.3896079151069 76.3025227627333 72.8436990993864 66.9322260933764 58.890999785241 49.4907431041493 -9999 -9999 -9999 -9999 -9999 -9999 -9999 -9999 -9999 -9999 -9999 -9999 -9999 -9999 -9999 -9999 -9999 -9999 -9999 -9999 -9999 -9999 -9999 -9999 -9999 -9999 -9999 -9999 -9999
25.2249570103253 22.7905419889618 21.0397466876928 19.8872461844893 19.4892974425765 19.8483117187724 20.9080948777059 22.7395509200938 25.393559871351 29.0029251820901 33.4361161782461 38.7211287968299 44.5394920566503 50.7053348527235 56.8423965450595 62.7702637788127 68.1490930178586 72.6715565446545 76.0063614582314 77.6224311993403 76.5854461017777 73.0495911503539 67.1754548321752 59.2492097738911 -9999 -9999 -9999 -9999 -9999 -9999 -9999 -9999 -9999 -9999 -9999 -9999 -9999 -9999 -9999 -9999 -9999 -9999 -9999 -9999 -9999 -9999 -9999 -9999 -9999 -9999 -9999 -9999 -9999 -9999
26.342433291323 24.1520290655248 22.558942619492 21.5114897805102 21.3113103491418 22.0185816621079 23.4883140237892 25.4466651713147 28.2401883304119 31.9833779808353 36.4084953770918 41.4774247127421 46.9207133335226 52.4041469956146 57.7784566896803 62.9092394937487 67.5669390979935 71.4404457632233 74.279708576553 75.7578101491227 74.6752789809423 71.3783519092728 65.8742824126692 58.3987618702299 49.8166015709148 -9999 -9999 -9999 -9999 -9999 -9999 -9999 -9999 -9999 -9999 -9999 -9999 -9999 -9999 -9999 -9999 -9999 -9999 -9999 -9999 -9999 -9999 -9999 -9999 -9999 -9999 -9999 -9999 -9999
27.445532865384 25.6800252970527 24.3648777779411 23.6532589723082 23.8175259583137 24.6571513940306 26.3908577298417 28.7397082237636 31.504288990708 35.2528158286039 39.52067938447 44.0557752076317 48.6138266237343 53.2289558053017 57.5659471645075 61.6406780586523 65.2705580855117 68.4079663893756 70.6416520055603 71.3112408764222 70.3127178479643 67.5520854381954 62.5561343203573 55.9075204975465 48.1594060545459 40.1838930003783 -9999 -9999 -9999 -9999 -9999 -9999 -9999 -9999 -9999 -9999 -9999 -9999 -9999 -9999 -9999 -9999 -9999 -9999 -9999 -9999 -9999 -9999 -9999 -9999 -9999 -9999 -9999 -9999
28.6798665383283 27.4467607736588 26.4358189211172 26.389313473421 26.8668000066982 27.9570825345376 29.771557935897 32.4813955759301 35.4623177419691 38.8546519156765 42.6012387275696 46.3189510440125 49.848801837248 53.0291360564092 56.0291318875902 58.9148744625204 61.6220056624974 63.8300588709467 65.3429148512728 65.6475265569547 64.6750265859506 62.4363817975802 58.2879414216561 52.8813156525002 46.4189901378225 39.5316606724963 32.8189737183206 26.8236916109043 21.607043060748 17.0952470850419 -9999 -9999 -9999 -9999 -9999 -9999 -9999 -9999 -9999 -9999 -9999 -9999 -9999 -9999 -9999 -9999 -9999 -9999 -9999 -9999 -9999 -9999 -9999 -9999
30.0532239956014 29.2928459223579 29.0115290669834 29.4236768747077 30.2973583515953 31.895251593169 34.0564679748872 36.5471846023027 39.4032407490646 42.388640053132 45.4949977748534 48.2739768063321 50.6372586769216 52.4235335097593 53.8600465287181 55.3749558837975 57.0352201163769 58.2762882674442 59.02498347619 59.3566313473617 58.6248486611773 56.8108323948348 53.8041612593567 49.562222082387 44.3316831474795 38.9246760690037 33.1771556160906 27.8040202251252 22.9772136684726 18.7860670563053 15.5389100716395 -9999 -9999 -9999 -9999 -9999 -9999 -9999 -9999 -9999 -9999 -9999 -9999 -9999 -9999 -9999 -9999 -9999 -9999 -9999 -9999 -9999 -9999 -9999
31.3354855284971 31.2364145377103 31.7281986089314 32.7466691820061 34.38468147376 36.3281647124711 38.4551958844942 40.8936111804317 43.3156707164119 45.5521470045342 47.9052090697429 49.5592767754022 50.632302291253 51.16122963148 51.312617415891 51.5653270377832 51.9614293698002 52.1920436708366 52.6072988045566 52.7862812850405 52.4600065617877 51.4202007449725 49.3212896191022 46.5848481720861 42.9315482509487 38.6438117859995 34.0663518611999 29.4781246128328 25.1454355146955 21.3586802552728 18.0388030664009 15.06370942952 -9999 -9999 -9999 -9999 -9999 -9999 -9999 -9999 -9999 -9999 -9999 -9999 -9999 -9999 -9999 -9999 -9999 -9999 -9999 -9999 -9999 -9999
32.671991898733 33.4218588734374 34.5896395532524 36.3428338503136 38.4371374319581 40.5371263693361 42.8388532242354 45.1897732913494 47.2394797346171 48.6034971493132 49.6344963452395 50.030628526912 49.5939746183508 48.7316032209817 47.7006404294687 46.9938194856924 46.345955918817 46.1605677289121 46.1937557244126 46.3801363031654 46.4350706163575 46.0451925169019 45.4319403088268 44.061393406023 41.8276075256221 38.8701879285714 35.4162689723513 31.7452208272674 27.9998567319092 24.5478009384345 21.0960249462548 17.9916570826488 -9999 -9999 -9999 -9999 -9999 -9999 -9999 -9999 -9999 -9999 -9999 -9999 -9999 -9999 -9999 -9999 -9999 -9999 -9999 -9999 -9999 -9999
34.2404041430529 35.6351780610926 37.3198358995073 39.6130382155671 41.8865903282867 44.2348102383754 46.60652637657 48.76387632945 50.3434214662103 50.8392889113987 50.680223738446 49.6615977094454 48.0032759992515 45.858667796149 43.762095565305 42.3537757624598 40.9466957572628 40.2873462017845 40.2111219890854 40.421522446415 40.7976929974907 41.452035279835 41.7964777481907 41.57881538044 40.8110498803503 39.3012440230917 37.1285456787137 34.3880040316897 31.5440521573319 28.1361798030489 24.8354494146564 21.6983880365596 18.7334925006418 15.8585170301444 13.3570674101219 -9999 -9999 -9999 -9999 -9999 -9999 -9999 -9999 -9999 -9999 -9999 -9999 -9999 -9999 -9999 -9999 -9999 -9999 -9999
35.8645914214499 37.4575597643852 39.4583773490261 42.0450711706105 44.3963262280997 46.7984353654525 49.0607397258282 50.8903359104605 51.8676363369998 51.4788101315498 50.2876465250464 48.0711248113829 45.2101234180086 42.232921784415 39.4113535661908 37.4012231230736 35.8194965926163 34.7337879358846 34.5609238467672 34.8122688549406 35.793687756009 37.0239751181182 38.1977066489704 39.2549367454999 39.8545323890798 39.831197406001 38.9545217835728 37.3228253735339 35.1237644632073 32.2797640632181 29.1477033013807 25.9185152623583 22.6829468756914 19.4393885819351 16.3675698506482 13.678266343825 11.3460067370359 -9999 -9999 -9999 -9999 -9999 -9999 -9999 -9999 -9999 -9999 -9999 -9999 -9999 -9999 -9999 -9999 -9999
37.0660959552316 38.8152958540355 40.8065288084395 43.2792686784969 45.5194769519217 47.6992058508536 49.6205323566409 50.9596396614523 51.251286149025 50.0850058355752 48.0132656763582 44.9365770834334 41.3512818059501 37.8821053925682 34.732103070792 32.4059471737813 30.6991168799646 29.6683477053747 29.3266981612234 29.9167269253555 31.1721255717909 32.8639053562108 34.8394257470089 36.9179065648247 38.8475739241523 40.1776978211368 40.6904321106918 40.2344324374024 38.8419717480155 36.6352859910797 33.7254195099368 30.4747683064026 26.980321218424 23.2040708319229 19.7663441317923 16.4775716399445 13.6428797275704 -9999 -9999 -9999 -9999 -9999 -9999 -9999 -9999 -9999 -9999 -9999 -9999 -9999 -9999 -9999 -9999 -9999
38.126129609697 39.4946118260131 41.2468417602427 43.2309408310582 44.9906893302413 46.6534881416489 47.9867601026507 48.6883348349263 48.3086818298873 46.5054707421976 43.8564987042371 40.4265514647259 36.5963792257449 32.8843140286558 29.8043409756878 27.5420270316741 25.8872094215716 25.015210570658 24.7046069336288 25.5135358948918 26.9860142644714 29.0462606119759 31.6453179664472 34.6894281436415 37.6517863466459 40.3188023194671 42.0475938574356 42.6420603653087 42.3113489742665 40.618575821028 38.0872867234489 34.8765810636037 31.1644128442687 26.9870622175581 23.1320659535773 19.2810969663893 15.9594619580928 12.9123807264601 10.6371085639386 -9999 -9999 -9999 -9999 -9999 -9999 -9999 -9999 -9999 -9999 -9999 -9999 -9999 -9999 -9999
39.2514405233019 39.6966246401562 40.6520419944735 41.8504883471657 42.8320432007313 43.7146852594965 44.2898407105137 44.2754234969616 43.2880744951613 41.0798902669374 38.2212380731807 34.801309759126 31.1784198582172 27.7666746518191 24.903866614489 22.9491777411279 21.5359429191141 20.8797866053441 20.831173708772 21.6587914552759 23.3015136972946 25.6420896412695 28.7788794741911 32.3409680921365 36.2639851973337 39.8145726866582 42.6496936933083 44.5425816901466 45.0264690592885 44.104798873996 41.9752146413221 38.8132466353914 34.9054921129171 30.3979617247687 26.0635603350752 21.9205255574163 18.0504889264703 14.7559498079559 12.1790361338679 10.1782590405029 -9999 -9999 -9999 -9999 -9999 -9999 -9999 -9999 -9999 -9999 -9999 -9999 -9999 -9999
39.7301187673036 39.5297486571705 39.3603056493927 39.2740622969235 39.3048384697998 39.2899994517074 39.050744966549 38.3215187437394 36.8283751852372 34.5525950456367 31.8938400990823 28.8157480008462 25.6650559919722 22.7258651572115 20.3104474053663 18.7764650837463 17.73780887311 17.3039912511321 17.4749228616848 18.3606960475445 20.0948718619697 22.6360008769176 26.0129579752684 30.0557313592118 34.6037338266478 39.0234860137982 42.7994106815142 45.5789836425992 47.0460312997594 46.8003677278757 45.0334886224831 41.963295340538 37.5267843788161 33.0546316324788 28.3444958627224 23.9100125624853 19.7259415769402 16.2807365476209 13.5721725803964 11.5256401523948 -9999 -9999 -9999 -9999 -9999 -9999 -9999 -9999 -9999 -9999 -9999 -9999 -9999 -9999
39.385473640526 38.2328277633471 37.1364778736058 36.220186040682 34.862213909626 33.9658628947595 32.9443700243445 31.7762892737108 30.0272215026266 27.9249522212674 25.5853713207385 23.0381043974091 20.5306137782686 18.2078369820819 16.3349102766198 15.1193590181715 14.483657171621 14.3116412548458 14.6914979429806 15.6076761032729 17.3794819475973 20.0454210165669 23.6126897304374 27.9052827914848 32.7637801161584 37.6270495565499 42.2616603124668 45.8871617900098 48.1524177162963 48.4773571688463 47.0057219056522 43.9355717200567 39.4404111636036 34.7100907160955 29.7121205513968 25.1196703310398 20.9557060857906 17.3212699131931 14.7250882159261 12.7191019961063 -9999 -9999 -9999 -9999 -9999 -9999 -9999 -9999 -9999 -9999 -9999 -9999 -9999 -9999
38.1258680995773 35.9842784492409 33.9397027457462 32.2097023304771 30.3103922833415 28.3935075016583 26.9052497674437 25.3038713932037 23.6884579570854 21.8376106426996 19.9291747948703 17.9474655792994 16.0766850552138 14.3633479607456 12.9939308911562 12.1852989183629 11.8040346529554 11.9006386863835 12.3537177149864 13.3248301818967 15.206029142527 17.9810196481207 21.4665925309939 25.730114878977 30.7767815918607 36.1649452035918 41.3398506067255 45.5391056187013 48.3987632227295 49.1014023804489 47.7436728424886 44.4175438188455 40.1211264887277 35.2423162280637 30.1967084140462 25.4698918435503 21.3921274108922 18.0743186741191 15.4232012945063 13.6332165401648 12.2455900390359 11.4688907493563 10.8101506601362 -9999 -9999 -9999 -9999 -9999 -9999 -9999 -9999 -9999 -9999 -9999
35.8796805827057 32.8763882763246 30.0278664494262 27.6542994327405 25.4752627944245 23.2530432694099 21.2861332367448 19.802343047717 18.3233103506705 16.7516352534294 15.2538127706331 13.8010908750927 12.441260110806 11.2646299162332 10.3288289356758 9.82940091850126 9.65620967307511 9.93016743747627 10.4888374108602 11.5976695619962 13.577112092253 16.1011103312759 19.5234014939736 23.8771154214354 29.0713529363275 34.7774182146086 40.3281062560923 44.9163786593605 47.9971561414354 48.9383906020838 47.3328007766429 44.1493309035021 39.7011225994896 34.7054631907274 29.7224367313525 25.0566636266954 21.1586578181561 18.1243168071789 15.8863716774127 14.3012334467734 13.2187214309678 12.653769706102 12.5686769402202 -9999 -9999 -9999 -9999 -9999 -9999 -9999 -9999 -9999 -9999 -9999
32.6873054206371 29.2042989117258 25.9288515518693 23.1030945462339 20.8020390763002 18.7200068217867 16.8695329059573 15.2681758579086 14.0031489326673 12.7560925571357 11.6131552878548 10.5763735166367 9.64431917272946 8.86687226593494 8.2797769956729 8.04164875737008 8.06781996786594 8.37422012844506 9.01622055120328 10.2960361334331 12.0932636015555 14.6030975216452 17.9994523157092 22.3928179214982 27.711640512242 33.5937086694381 39.298887037179 44.1691135010299 47.1743774720851 47.9985593022669 46.5515520011677 43.127827933606 38.4739414602518 33.3687752213548 28.4191878398552 23.9519784897566 20.370362505755 17.6781999911456 15.7103366268908 14.3539784844307 13.7066527390305 13.6520149514956 14.1686992491869 -9999 -9999 -9999 -9999 14.837064180304 13.9927503939937 -9999 -9999 -9999 -9999 -9999
28.6712311453679 25.0337934511549 21.7365559847916 18.9400569323231 16.7753220305723 14.8587301636443 13.2933698980247 11.8583161059548 10.6905048401917 9.73795648532755 8.90246753657565 8.17397449253237 7.56845705123509 7.08907919114127 6.76416051782229 6.7032629124382 6.875501155415 7.26912183358389 7.9719234179048 9.198538506294 11.010634563425 13.492051152622 16.8843364566565 21.3021842469187 26.6731976367095 32.5979370211854 38.5002914185033 43.3618090687429 46.2068901324973 46.8444861769676 45.2889240480521 41.5958559109884 36.7052736107041 31.521196862354 26.624255982392 22.3931024618009 19.0827045905239 16.7086146197775 15.0738291490604 13.8651343281655 13.8019968819092 14.2313525816974 15.2228859382517 -9999 17.5052995085716 18.2522843677331 18.524071897654 18.372655451736 17.7194130578462 16.6905988621361 16.1209349351771 -9999 -9999 -9999
