PREC/medie/CUMULATA_MEDIA_04.asc
NCOLS 177 
NROWS 174 
XLLCORNER 1436301.375 
YLLCORNER 4916704.5 
CELLSIZE 1500 
NODATA_value -9999 
[rows 0 to 19 of 174, columns 92 to 137 of 177]
-9999 -9999 -9999 -9999 -9999 -9999 -9999 -9999 -9999 -9999 -9999 -9999 -9999 -9999 -9999 -9999 -9999 -9999 -9999 -9999 -9999 -9999 34.7361743309919 32.7091952211717 30.5020720537971 29.3951799448799 28.6775680640165 28.3355795530712 28.3476140209857 28.632072348805 28.9949624608545 30.1729830854079 32.8478435768801 35.5840648342581 38.781327752506 44.7170729637146 50.5909400827744 56.4079814518199 58.6535877620473 60.5568756496205 62.3461977453793 63.5074908873614 64.4092880978304 65.2638745868907 65.4053237297956 64.846462950987
-9999 -9999 -9999 -9999 -9999 -9999 -9999 -9999 -9999 -9999 -9999 -9999 -9999 -9999 -9999 -9999 -9999 -9999 -9999 -9999 37.7428048638737 37.3911481184118 35.4178831717547 33.4343702933368 31.5066244321711 30.3831467908971 29.5817344083506 29.1637039938394 29.0811892064179 29.277374625206 29.54501855724 30.5743769337149 33.1313136465409 35.7533049863927 38.7735794011284 44.5860625435324 50.3120849833769 55.9531323489021 58.1302617577945 59.9039924565484 61.5949224023258 62.6905423613156 63.5132268176359 64.2874744078692 64.5527496618383 64.2723211120157
-9999 -9999 -9999 -9999 -9999 -9999 -9999 -9999 -9999 -9999 -9999 -9999 -9999 -9999 -9999 -9999 -9999 -9999 -9999 -9999 37.7831365360933 37.4924741071813 35.876678943634 34.2247840376461 32.6151887108298 31.5255488227395 30.6603306181291 30.0871436157647 29.8347068516647 29.8706571564955 30.0253310221083 30.8944932818413 33.3218895968269 35.854092611986 38.7360380958108 44.4609640906839 50.0706344211803 55.5583661023308 57.6868886667139 59.3365563504836 60.9069779339959 61.9153997757856 62.6390903416802 63.3034910594716 63.6488136964686 63.6228507546818
-9999 -9999 -9999 -9999 -9999 -9999 -9999 -9999 -9999 -9999 -9999 -9999 -9999 -9999 -9999 -9999 -9999 -9999 39.1708850860596 38.8651949097128 38.4420085233801 37.9232471970951 36.6311302746043 35.3041897942038 34.0037831839393 32.9650337836322 32.0494403909234 31.3301775245106 30.9076024679577 30.7726285773165 30.8001003090073 31.4916983106557 33.7576759001788 36.1631431649713 38.8599392666536 44.3170805538402 49.6214793429655 54.7524747848511 56.7909819378572 58.3031806945801 59.739917418536 60.5745293392855 61.0690328934613 61.4864250631893 61.6936765839072 61.6332565756405
-9999 -9999 -9999 -9999 -9999 -9999 -9999 -9999 -9999 -9999 -9999 -9999 -9999 -9999 -9999 -9999 -9999 -9999 39.2078473147224 39.1391717686373 38.9890645251555 38.7682329346152 37.7860353694243 36.7464965932509 35.7184088370379 34.7226036857156 33.7470446404289 32.867838677238 32.2544823464225 31.9199545944438 31.7908978953081 32.2778002724928 34.3480346272973 36.592614847071 39.0777592238258 44.1737927829518 49.0911192052505 53.7927441316492 55.7278580946081 57.1120471112868 58.4329671859741 59.1030687724843 59.37294699164 59.5533100015977 59.623428737416 59.5440225601196
-9999 -9999 -9999 -9999 -9999 -9999 -9999 -9999 -9999 -9999 -9999 -9999 -9999 -9999 -9999 -9999 -9999 -9999 39.3779997264638 39.5105211314033 39.6031496384565 39.6575255814721 38.9614902103648 38.1748899151297 37.356817778419 36.3506109013277 35.2618863442365 34.2919927765341 33.5619183077532 33.1037049644134 32.8337765932083 33.1262302258435 35.0093148596147 37.0418500339284 39.2411062927807 43.8937006277197 48.3801196042229 52.6492900006911 54.4653274592231 55.7332185296451 57.0050485554863 57.5795086972854 57.6850816502291 57.6701613594504 57.6316536735086 57.5692605411305
-9999 -9999 -9999 -9999 -9999 -9999 -9999 -9999 -9999 -9999 -9999 -9999 -9999 -9999 -9999 -9999 -9999 -9999 43.6140629756538 42.6843116248355 41.7061383548905 40.6775376095491 40.0643374919891 39.4691575134502 38.7796859180226 37.7488635007073 36.5651109078351 35.5604088446673 34.7554808223949 34.185515908634 33.7802143026801 33.8735933303833 35.52048757497 37.2855018026689 39.1461292996126 43.1877216311062 47.0561418954064 50.6872556630303 52.2631429784438 53.3270776973051 54.4619936662562 54.8627039404476 54.7226269946379 54.4322049758014 54.2391889235553 54.2514315212474
-9999 -9999 -9999 -9999 -9999 -9999 -9999 -9999 -9999 -9999 -9999 -9999 -9999 -9999 -9999 -9999 -9999 -9999 43.702203995603 42.9003830359263 42.0470685853678 41.1360026738223 40.4564861269558 39.7609154757331 38.918726570466 37.9699340287377 36.9799979995279 36.2193743621602 35.5201573792626 34.8911580197951 34.4021919054144 34.3191833986956 35.6391524146585 37.0531022829168 38.5233437664369 41.677206067478 44.681571076898 47.4479982852936 48.7191923085381 49.5825945489547 50.5918268876917 50.8475600971895 50.4961478569928 49.9687027931213 49.6829801447251 49.9181080144994
-9999 -9999 -9999 -9999 -9999 -9999 -9999 44.9914087968714 45.0188270456651 44.7931460773244 -9999 -9999 -9999 -9999 -9999 -9999 -9999 44.1827205770156 44.0196941304294 43.1527904026649 42.3070691578528 41.4856421106002 40.7170107785393 39.9157247403089 38.9940844984616 38.1938532520743 37.4792079224306 36.926025390625 36.3047155632692 35.5742758863112 34.9896122357425 34.7344768538195 35.7218080899295 36.7737301237443 37.8664394406711 40.1050549114452 42.2427546977997 44.1738843637354 45.1431128698237 45.8215211699991 46.6422730053172 46.6905479571399 46.0578751984765 45.3087753408095 44.9310581824359 45.4127261498395
-9999 -9999 -9999 -9999 -9999 -9999 -9999 44.9910201465382 45.0184316635132 44.797890775344 -9999 -9999 -9999 -9999 -9999 -9999 -9999 44.1752092137056 44.0151282064617 43.2234899015988 42.4446119981654 41.6809047600802 40.8006742631688 39.8932063158821 38.9898692439584 38.4167160286623 38.0650656363543 37.6785085411633 37.1089756558923 36.2423545332516 35.5528426801457 35.1338533583809 35.7874649131999 36.4749449561624 37.1841104030609 38.6135649961584 40.0500694443198 41.3409392272725 42.1505879935096 42.7857647993985 43.5211562338997 43.4962076439577 42.7560368145213 41.9829851879793 41.6926833321066 42.6033874119029
-9999 -9999 -9999 -9999 -9999 -9999 45.0763618805829 44.9186588175157 44.7751456428977 44.530013813692 44.2407397101907 43.9285362047308 -9999 -9999 -9999 42.2759534891914 42.8298661288093 43.2878243923187 43.6545860151596 42.9774103252327 42.3074058960466 41.6451102845809 40.8861165116815 40.1456200936261 39.5527027214275 39.1597493676578 38.8986505760866 38.3948176047381 37.9904345203848 37.7916499726913 37.8351415325614 38.2008682840011 39.8612183122074 41.5827934321235 43.3619422632105 44.3455363441916 45.2098490490633 45.978209102855 46.2729127687566 46.3703550731435 46.5385617087869 46.191505838843 45.319619922077 44.4857130331152 44.1898350294899 45.3684161410612
-9999 -9999 -9999 -9999 -9999 -9999 44.9245875863468 44.5951084810145 44.2802042119643 44.0346531587489 43.8236279768102 43.5892686703626 -9999 -9999 -9999 42.2291559892542 42.6230396242703 42.9143824647455 43.1307901210042 42.5986860341886 42.0690675518092 41.5412599970313 40.9927231003256 40.5028499785592 40.2665216992883 40.0118025541306 39.7346049336826 39.0846891543444 38.8570910201353 39.4580618072959 40.3190817552454 41.5141258800731 44.2152566068313 46.951681137085 49.7229856042301 50.2949063357185 50.6051848074969 50.8483146499185 50.6241356344784 50.1810482530033 49.7956881102394 49.1208576174343 48.1314855042626 47.221080233069 46.8860466760748 48.3113109364229
-9999 -9999 -9999 -9999 45.4357561784632 45.3777068082024 44.8742670732386 44.3301809535307 43.8382380429436 43.5791072564967 43.4414431067074 43.3032464420094 43.0689599934746 42.7131869512446 42.3584053095649 42.1389205876519 42.3876687779146 42.5412310922847 42.6325318614733 42.2812628185048 41.9460309638697 41.6345636494019 41.3719007478041 41.1584107349901 41.0874268517775 40.8007590139613 40.3320800767225 39.657628641409 39.6978840407203 41.2196832825156 42.963103574865 45.0228971032535 48.8056462792789 52.5925846099854 56.3824852775125 56.6329281750847 56.3932689778945 56.0744653309093 55.2966657806845 54.2817231627072 53.3362945668838 52.307104138767 51.1927040043999 50.1718534862294 49.7484149371876 51.3882467606488
-9999 -9999 54.2147387616775 51.6428066141465 49.0969659580904 46.5774907504811 45.5679225360646 44.7653353074018 43.9710577235502 43.5576648431666 43.3445402874666 43.103483396418 42.8249077796936 42.5174512021682 42.210376739502 41.9885593582602 42.1005837216097 42.1424329070484 42.136351197958 41.9951093091684 41.883390026934 41.821234590867 41.8025516762453 41.8035632512149 41.8253581874511 41.6546153180739 41.3311717089485 40.9879711936502 41.3618306973401 43.2634017607745 45.3097320163951 47.62762855081 52.1010366327622 56.5257312550264 60.8940884646247 61.2274006675271 60.9287732629215 60.5712383494658 59.7482046239516 58.672452842488 57.708512951346 56.8160376548767 56.0278279360603 55.3700870906605 55.1308791777667 56.4044235453886
-9999 -9999 54.3821341290193 53.4840805951287 52.6220705929924 51.7966260349049 50.112879893359 48.2613959592931 46.3979099217583 45.1404381078832 44.2274181422065 43.2815673351288 42.5729967005113 42.2273124666775 41.8850422887241 41.6185350418091 41.6774582301869 41.6864237434724 41.6590060907252 41.7643866398755 41.9182203306871 42.1460402642979 42.3110364395029 42.4412564740461 42.4712494401371 42.560011288699 42.7169187629924 43.0080589687123 43.7651622435626 45.5574078279383 47.4596011217903 49.6216365589815 54.5888747046976 59.4815045525046 64.2807894875021 64.9742805817548 64.9063806533813 64.768445744234 64.1143840341007 63.1497410605935 62.3087955362657 61.6381553201114 61.2292137145996 60.9598634383258 60.9148695889641 61.6843361013076
-9999 -9999 54.5519210871528 55.3107365159427 56.1212557904861 56.9860803379732 54.7001545849968 51.7986912446864 48.8671178537257 46.7559096813202 45.1441601164201 43.4995623265996 42.3468407532748 41.9692308201509 41.5923789669486 41.2808704095728 41.2857071511886 41.2656311427846 41.2267759828007 41.5797185196596 41.9869222781237 42.4494314053479 42.7452202264 42.9688620286829 43.1255079016966 43.5802683830261 44.3470634572646 45.2217360384324 46.3214765717002 47.9315329159007 49.6220786150764 51.5334515852087 56.9224199407241 62.2542634851792 67.5093978433048 68.5996563855339 68.7972709992353 68.9255806979011 68.4898972791784 67.6800446229823 66.9796556584975 66.5371000065523 66.5239532134112 66.6380872165456 66.8190502278945 67.0751248527976
-9999 -9999 54.656043585609 57.1007697441999 59.5967006963842 62.1467762273901 59.3297105116003 55.3764544234556 51.3772719888126 48.4019972857307 46.0916872866013 43.7523459231152 42.1386621524306 41.7321583593593 41.3200739411747 40.962382737328 40.9114349028643 40.8674298174241 40.8529004910413 41.4656445419087 42.1259733929354 42.7929991273319 43.1812822959002 43.4452491928549 43.7058753686793 44.4609471489401 45.7614970207214 47.0890112484203 48.4896563922658 50.1080159580006 51.8258585649378 53.7275165670058 59.2336714127484 64.6559144749361 69.973466648775 71.3456119088566 71.7566990571864 72.098980959724 71.8801607244155 71.2601570241592 70.7419571596033 70.4627824110143 70.5913146523868 70.8156131295597 71.0439867692835 71.078569243936
-9999 -9999 81.0446253944846 78.1994973350974 75.4477230520809 72.7937449286966 68.2249532306896 63.1766322640812 58.063398473403 53.7612207496867 50.0000633912928 46.1875051330118 43.5040951826993 42.8429157523548 42.1620554994134 41.5941036589005 41.8000988749897 42.0428568615633 42.3208328695858 42.8232419490814 43.3315156067119 43.8097623656778 43.8975501200732 43.8072348622715 43.7961128319011 44.452475716086 45.8970090361202 47.3090287937837 48.9770721547744 51.5061401479384 54.1118981417488 56.7995246999404 61.5637951458202 66.2629295236924 70.8791373757755 72.4114580715404 73.0929609186509 73.7067165374756 73.8290736254524 73.5670842563405 73.3914893655216 73.3203203537885 73.4247678868911 73.6137580871582 73.8293207953958 73.9966176537906
-9999 -9999 81.2391110588522 81.6564107221716 82.1773249121273 82.8109797309427 77.9727685030769 71.736739803763 65.4252520168529 59.6702058736016 54.3052311785081 48.8910198772655 45.0155028806013 44.0616599952473 43.077135366552 42.25463170865 42.702216723386 43.2133325127994 43.7875717878342 44.1983922649832 44.562819999807 44.863641837064 44.669343401404 44.2315703279832 43.9038975519292 44.3975525743821 45.9334647515241 47.4127999474021 49.3026374368107 52.7279822966632 56.22710536508 59.788114716025 63.8260187261245 67.8143618527581 71.7311033361098 73.3849080029656 74.33798419728 75.2214120977065 75.6793884950526 75.7736101711498 75.9580212761374 76.1309044781853 76.2321066014907 76.496233996223 76.846757440006 77.3105177037856
-9999 -9999 81.2901719598209 84.9863411398495 88.7832853092867 92.6901238946354 87.6924290937536 80.2636639090145 72.7763008790858 65.6019307024339 58.6542514071745 51.6512193118825 46.5554676055908 45.3198366095038 44.0287715406979 42.9255794646109 43.6064088397166 44.3832629095106 45.2601029925487 45.5999304126291 45.8304768309874 45.9683835646685 45.5117145426133 44.7352018636816 44.0333397248212 44.2949964018429 45.8720511548659 47.4071717262268 49.4828453063965 53.801074813394 58.2048639409682 62.6810540591969 66.0551445343915 69.3454916336957 72.5681328493006 74.3050746917725 75.5199689304127 76.6525218066047 77.4055160073673 77.7968287748449 78.2688481947955 78.6316152460435 78.7048790875603 79.0325066061581 79.5054421144373 80.198289085837
