PREC/medie/CUMULATA_MEDIA_01.asc
NCOLS 177 
NROWS 174 
XLLCORNER 1436301.375 
YLLCORNER 4916704.5 
CELLSIZE 1500 
NODATA_value -9999 
[rows 80 to 99 of 174, columns 46 to 91 of 177]
95.7213205169229 95.9153088962331 96.1090798097498 96.2866164936739 96.2839078342213 96.2808364419376 96.2773510989021 96.1985691294951 96.1015369190889 96.0041229584638 95.8030769123751 95.5112566667445 95.2192744086771 94.8935960320865 94.4713522406185 94.0486983691945 93.6256003099329 93.028858128716 92.4294631060432 91.8302787892959 91.3476625891293 90.9134682487039 90.4801975699032 90.2047205532298 90.1334878697115 90.0625838672414 89.9974322599523 89.9608893674963 89.9247101054472 89.8889115838443 89.8967715992647 89.9103240966797 89.9239676980411 89.8630491144517 89.7542452531702 89.6449532789343 89.3872727786793 88.8377886379466 88.2884959613576 87.7375005273258 87.1576217202579 86.5778229096357 85.9981046003454 85.3909413954791 84.7788657581105 84.169716610628
95.8345301011029 95.935253423803 96.0357521842508 96.1215056251077 96.0401260151583 95.9583856358248 95.8762251349057 95.7459006590002 95.6036259707283 95.4609757030711 95.2370218950159 94.9409636890187 94.6447388705085 94.3085012996898 93.8551120197072 93.4013042449951 92.9470560410443 92.3833653506111 91.8175194123212 91.2518833945779 90.8382779850679 90.4893209793988 90.141287467059 89.9246910880594 89.8825657788445 89.8407768361709 89.8041601742015 89.7945677813362 89.7853323431576 89.776478879592 89.7933887593886 89.8139401043163 89.834586872774 89.7622795665965 89.6281855527092 89.493600172155 89.2268267238841 88.6887900969561 88.1509389877319 87.6113743501551 87.0364867378684 86.4616761488073 85.8869417975931 85.3787500718061 84.8923166499418 84.4088126350852
95.9479238285738 95.9554168476778 95.9626954583561 95.9566661610323 95.7966470718384 95.6362710279577 95.4754783405977 95.2934682509478 95.1059766096227 94.9181066961849 94.6709951512954 94.3707006678862 94.0702399646535 93.7236617032219 93.2391354616951 92.7541912303251 92.2688085892621 91.7375276228961 91.2052175297457 90.6731178059297 90.3279126672184 90.0641491833855 89.8013076782227 89.6442804897533 89.6312553181368 89.6185607349171 89.6105009527767 89.6278401543112 89.6455403496237 89.6636222951552 89.689891871284 89.71744111005 89.745080723482 89.6619647530948 89.5025872062234 89.3427216585945 89.0661613800946 88.5395622814403 88.0131533005658 87.4851474761963 86.9152433170992 86.3454167422126 85.7756688174079 85.3637164620792 85.002872691435 84.6449486788581
96.0614891052246 95.9758058435777 95.8899007124059 95.7920850865981 95.5534722384285 95.3144961525412 95.0751057793112 94.8412755517399 94.60858558206 94.3755204256843 94.104998588562 93.8004681082333 93.4957684348611 93.1390724182129 92.6234270544613 92.1073642057531 91.5908597497379 91.0913511725033 90.5925612730138 90.0939770866843 89.8165650648229 89.6379537582397 89.4602664498722 89.3634899924783 89.3795481289134 89.3959396586699 89.4164531932158 89.460713891422 89.5053333394668 89.5503361645867 89.586280149572 89.6208205503576 89.6554569917567 89.5620940152337 89.3774494844324 89.1923141479492 88.9052724277272 88.3901071548462 87.8751312704647 87.3599205578075 86.7996067720301 86.2408278970157 85.6836284749648 85.3688778035781 85.1339504578534 84.8999277002671
96.2395661297966 96.1140405991498 95.9884925169103 95.8520209368537 95.5808121737312 95.3095468633315 95.0382110371309 94.7635441387401 94.4878395865945 94.2118770374971 93.9092732036815 93.5820910509895 93.2546662162332 92.8755536920884 92.3353112164666 91.7947994680966 91.2540006637573 90.7024668525247 90.149751551011 89.5961721083697 89.3198785220875 89.1702496584724 89.0207385455861 88.9621649910422 89.035130220301 89.1088398765115 89.184868924758 89.2716597388772 89.3590707217946 89.447130427641 89.5171120587517 89.5844421386719 89.6523412816665 89.5880965625539 89.4266642963185 89.2656879986034 89.0114594627829 88.5373804989983 88.0641019484576 87.591243687798 87.0999687419218 86.6102161968456 86.1220480974983 85.8467477910659 85.6457875195672 85.4457260580624
96.4355201160207 96.2847207013298 96.1338997448192 95.9727156583001 95.6805768293493 95.3883810043335 95.0961148879107 94.7821318121517 94.4623498916626 94.1423062156229 93.8035830890431 93.4474068248973 93.0909930958467 92.6846551895142 92.1192404242123 91.553557508132 90.9875868068022 90.3654675764196 89.7402121038998 89.1140972586239 88.8256635104909 88.6954500534955 88.5653532252592 88.5419004103717 88.6767469293931 88.8123398949118 88.9480245253619 89.0794709149529 89.2115366879631 89.3442493326524 89.4504098892212 89.5521666582893 89.6544988295611 89.6209211910472 89.4837466408225 89.3470291810877 89.1242717294132 88.6890503378475 88.2546337352079 87.8211444405948 87.3988665412454 86.9781175501206 86.558941560633 86.3238554561839 86.1568388097427 85.9907283221974
96.6315201591043 96.4554589215447 96.2793804617489 96.0934811199413 95.7804220984964 95.467305688297 95.1541195476756 94.8009488161872 94.4371092179242 94.07301123002 93.6980868507834 93.3129351559807 92.9275408913107 92.4939563975615 91.9033838720883 91.3125408397001 90.7214134440703 90.029198366053 89.3314398036284 88.6328193440157 88.3312269659603 88.2204175275915 88.1097301034366 88.1208301992977 88.317533493042 88.5149821674123 88.7105368445901 88.8866156970753 89.0633123622221 89.2406616771922 89.3831423591165 89.5193166171803 89.6560600505156 89.6533171148861 89.5403920902925 89.4279191634234 89.2363342958338 88.8399584714104 88.4443839578067 88.0496335871079 87.6963103799259 87.3445257860072 86.9943191864911 86.8001945159015 86.667111565085 86.5349307340734
96.8319901859059 96.6183128356934 96.404543764451 96.1809680041145 95.8282240138334 95.4752437367159 95.1219780304853 94.7248886893777 94.3159462423886 93.9066894194659 93.5069923400879 93.1167854421279 92.7266799141379 92.2860347523409 91.6759274987613 91.0656474057366 90.4551863950842 89.722856128917 88.9839761958403 88.2449081645292 87.9148758158964 87.7855145510505 87.6554010054644 87.6671729929307 87.9016847610474 88.1363308289472 88.3736660901238 88.6324605380788 88.8928831324858 89.1550172356998 89.3349137586706 89.49807806576 89.6615979811724 89.6693391238942 89.5490013571347 89.4281775530647 89.2480206770055 88.9092311859131 88.5718203712912 88.235837094924 87.9300234177533 87.6253843307495 87.321642370785 87.1534210653866 87.0410012076883 86.9290766996496
97.0379463083604 96.7715980866376 96.5051610610064 96.2285253861371 95.8140027102302 95.3992367912741 94.9841894261977 94.5385994630701 94.0845658919391 93.6302196839276 93.2197251039393 92.8522038179285 92.4847864824183 92.0595739028033 91.4361630608054 90.812580613529 90.1888181462007 89.445863274967 88.6958642286413 87.9456794402179 87.5720567142262 87.387861476225 87.2029123306274 87.1855689778047 87.438315559836 87.6911959928625 87.9565195195815 88.3298166499418 88.7047441145953 89.0813780391917 89.3000921361587 89.4847319546868 89.6697283352123 89.6755533779369 89.5288874682258 89.3817392237046 89.2024014416863 88.933603959925 88.6661852668313 88.4001971974092 88.1335227629718 87.8676774081062 87.6027246363023 87.4568901062012 87.3627787197337 87.269167619593
97.2440041934743 96.9250087177052 96.6059299917782 96.2762865178725 95.8000102323644 95.3234964819516 94.8466959560619 94.3525478699628 93.8534462311689 93.3540307213278 92.9323037091423 92.5874613593606 92.2427192014806 91.833220762365 91.1965150272145 90.5596362282248 89.9225771286908 89.168984076556 88.4078702926636 87.6465714398552 87.2298684400671 86.9908624536851 86.7511068231919 86.7037330515244 86.9747018253102 87.2458076477051 87.5377254486084 88.0254744922414 88.5148503920611 89.0059329201193 89.2649247786578 89.4710298986996 89.6774906831629 89.6822326323565 89.5092572043924 89.3357967488906 89.1554360109217 88.9566013111788 88.7591426512774 88.5631117540247 88.3362081752104 88.1091317569508 87.8829538681928 87.7599498524385 87.6841400931863 87.6088281519273
97.4921481749591 97.1234631818884 96.7548286774579 96.3744576959049 95.8240670596852 95.2730942894431 94.7214287589578 94.1714626761044 93.621649461634 93.0712722329532 92.6358556747437 92.3158267526066 91.9960027582505 91.6039257610545 90.951943060931 90.2996724072625 89.6470987095552 88.8819272097419 88.1088338178747 87.3355037745307 86.8821699479047 86.5985000273761 86.31473384184 86.2497370944304 86.5563476506401 86.8642022749957 87.199079541599 87.7993271491107 88.4009810896481 89.0041186669294 89.2927151848288 89.5048881418565 89.7163469090181 89.7131634880515 89.5149595036226 89.3163150338566 89.1273481705609 88.9698371326222 88.8118824678309 88.6534654953901 88.4593082315781 88.2641539293177 88.0695635851692 87.9591775781968 87.8888945860021 87.8184730305391
98.057061363669 97.6572857464061 97.257557925056 96.8377076317282 96.1186423582189 95.3990049362183 94.6786711636712 94.0225219165578 93.384142370785 92.7451945473166 92.284044602338 92.0033334844253 91.7228314455818 91.3574964298922 90.6798635370591 90.0019483566284 89.3237276077271 88.5440254772411 87.7566040263456 86.9689465130077 86.5075280806598 86.2233899060418 85.9391539517571 85.9055648130529 86.3093921156491 86.7144626168644 87.1442529453951 87.8389543926015 88.53506416433 89.232653281268 89.5073175149805 89.6742966034833 89.8405567056992 89.8060323210324 89.58261941461 89.3587631618275 89.1448024020475 88.96475797541 88.7842677060296 88.6033207388485 88.4333899441887 88.2646125905654 88.0964005414177 87.989211138557 87.9125006058637 87.8356446658864
98.6220353070427 98.1911795560051 97.7603769302368 97.3015181036557 96.4138669406667 95.5256389730117 94.6367196475758 93.8740449793198 93.1471378663007 92.4196666268741 91.9319734012379 91.6905592750101 91.4493573132683 91.1112751680262 90.4080075656667 89.7044600879445 89.0006037319408 88.2062684507931 87.4045229799607 86.6025439150193 86.1328898317674 85.8482828981736 85.5635800922618 85.5601420683019 86.0611380969777 86.5633744632497 87.0880749365863 87.8771840544308 88.6677037968355 89.4596974989947 89.7226568951326 89.8444587763618 89.9655449530658 89.8993498016806 89.6507346209358 89.4016774682438 89.1626884236055 88.9601199206184 88.7571086883545 88.5536398046157 88.4069178525139 88.2645035351024 88.1226605808034 88.01939089158 87.9362496768727 87.8529698427986
99.1870687709135 98.7251529693604 98.2632853003109 97.7658971898696 96.709735141081 95.6530005511116 94.5955750521492 93.7260329863604 92.9106432970832 92.0946873496561 91.5796352274278 91.3775045731488 91.1755804735072 90.8652590583353 90.1363722857307 89.4071980644675 88.6777243894689 87.8686506046968 87.0525925019208 86.236297158634 85.7582563231973 85.4731808550218 85.1880087571986 85.2134604734533 85.8115810506484 86.4109410959132 87.0305416443769 87.9140193041633 88.7988972663879 89.6852537323447 89.9387345875011 90.0153797654545 90.0913139511557 89.9931116104126 89.7193070579978 89.4450633666095 89.1810048047234 88.9559237816755 88.7303992720211 88.5043621624217 88.3792634290807 88.2619934643016 88.1446369395536 88.0432246152092 87.9498715681188 87.8554619059843
99.5982842725866 99.2253168330473 98.852759810055 98.4377084619859 97.3272978838752 96.2169615801643 95.1066832261927 94.174599310931 93.2947197521434 92.4146216897403 91.8051349976484 91.4796025893267 91.1529381134931 90.7256066378425 89.9046275755938 89.0826740264893 88.2596691355986 87.4196481424219 86.5777680733625 85.7354796073016 85.2704993135789 85.026521542493 84.7830168219174 84.8599602755378 85.5433558576247 86.2278048010433 86.9348329375772 87.9792925610262 89.0262699688182 90.0758886898265 90.3091968368082 90.3031886325163 90.2957945991965 90.1427467290093 89.8381402071785 89.5329897263471 89.2356447051553 88.9704694747925 88.7044998898226 88.4377062180463 88.3051786422729 88.1847142612233 88.0641642738791 87.9331700942096 87.7952706954058 87.656312493717
99.9669268551995 99.7159650466021 99.4654110740213 99.1653110279756 98.0304563185748 96.8956793055815 95.7609625423656 94.7756939495311 93.8348019543816 92.8936879775103 92.1711353975184 91.6808045892154 91.1893409841201 90.6105902615715 89.6823994131649 88.7532352559707 87.8230189435622 86.9488408705767 86.0797710699194 85.210297388189 84.7624135017395 84.5673628414378 84.3727855962865 84.5045332067153 85.2715376685647 86.0395929673139 86.8321925331564 88.0455552269431 89.2614279915305 90.4799374131595 90.6943665672751 90.60136755775 90.5069932096145 90.2961235326879 89.9599114866818 89.6231539950651 89.2920428163865 88.9861257777495 88.6794150015887 88.3718840655159 88.231159658993 88.107505012961 87.9837613386266 87.8241137897267 87.6416891322416 87.4582099353566
100.335331468021 100.206319640664 100.077711610233 99.8929935343125 98.7337100646075 97.5745061425602 96.4153573653277 95.3771104251637 94.375231069677 93.3731328739839 92.53823409361 91.8831846573774 91.2270000682158 90.4964441411636 89.4610898915459 88.4247624733869 87.3873894354876 86.4783033202676 85.5820613748887 84.6854145947625 84.253763591542 84.1076147135566 83.9619416068582 84.1480267188128 84.9986007914824 85.8502251120175 86.7271386595333 88.1093193502987 89.4940077837776 90.8813327901504 91.0809471466962 90.9010067547069 90.7196859191446 90.4500596102546 90.0822552232181 89.7139044929953 89.3492210612578 89.0025805305032 88.6551496281343 88.306896686554 88.1572089756236 88.0303613999311 87.9034291996675 87.716051718768 87.4891248590806 87.2611439648797
100.258185442756 100.275008930879 100.292145224179 100.250506513259 99.1560937657076 98.0623663733987 96.969448594486 95.9192930670346 94.8821377473719 93.845069212072 92.8877905677347 92.0163413216086 91.1429500579834 90.2121208134819 89.0438247568467 87.8740327218 86.7026320906246 85.7969719662386 84.9206629921408 84.0448923671947 83.660931783564 83.5860558958615 83.5121541584239 83.7392571112689 84.5844684208141 85.4284988010631 86.2925319671631 87.6830196661108 89.0717158598058 90.4585411688861 90.71712920245 90.6039852815516 90.4938224343692 90.2868158677045 89.9658446031458 89.6466584205627 89.3264116118936 88.9936401423286 88.6617446787217 88.3307622180265 88.0906860407661 87.8591967750998 87.624433629653 87.3343551299151 87.0065206639907 86.6758752149694
99.6389060861924 99.8328325608197 100.027074701646 100.164229561301 99.2439684026382 98.3243891211117 97.4056183310116 96.3926790461821 95.3504062540391 94.3082153095919 93.2181665757123 92.0737581814037 90.9274100696339 89.7463679874645 88.4211097324596 87.0943523575278 85.7659912950852 84.9056261567508 84.0992905111874 83.2934938038097 82.9893087499282 83.007824420929 83.0273155885584 83.2867358432097 84.0528639905593 84.8178093012641 85.5979185665355 86.8802206656512 88.1607320448932 89.4393768591039 89.8223628156325 89.8981195337632 89.9768574939055 89.9211887191324 89.7022365682265 89.4850702005274 89.257605861215 88.9699838021222 88.6832373001996 88.3973989206202 88.0302802534664 87.6486306190491 87.2637145098518 86.8442998212927 86.4001323475557 85.953158715192
99.0192841361551 99.3902306837194 99.7614972170662 100.077371933881 99.3311731675092 98.5856628417969 97.8409567440257 96.8660949258243 95.8187019123751 94.7713954027961 93.5503651675056 92.1331247441909 90.7139466790592 89.2818850348978 87.7997341156006 86.3160923509037 84.8308445986579 84.0135749368107 83.2771799424115 82.541324671577 82.3166155534632 82.4284808495465 82.5413224837359 82.8352296492633 83.5223123606514 84.2082122073454 84.9048553074107 86.0790224636302 87.2513997695025 88.4219123054953 88.9245382477255 89.1891062680413 89.4566511266372 89.5537590419545 89.4367802844328 89.3215834112728 89.1879424768336 88.9454468839309 88.7038223883685 88.4631082871381 87.9730263597825 87.4412899858811 86.9062822005328 86.3568491094253 85.7964022580315 85.2331549700569
