PREC/medie/CUMULATA_MEDIA_10.asc
NCOLS 177 
NROWS 174 
XLLCORNER 1436301.375 
YLLCORNER 4916704.5 
CELLSIZE 1500 
NODATA_value -9999 
[rows 96 to 119 of 174, columns 0 to 53 of 177]
-9999 -9999 -9999 -9999 -9999 -9999 -9999 -9999 -9999 -9999 -9999 -9999 -9999 -9999 -9999 -9999 -9999 -9999 -9999 -9999 -9999 -9999 -9999 -9999 -9999 -9999 -9999 -9999 -9999 -9999 -9999 -9999 24.3419842439539 26.3676894272075 28.3069852941176 30.1389268847073 31.8130984586828 33.4142075566685 35.175078868866 37.4214505307815 40.1295504289515 43.5553168689503 47.7472621132346 53.0261171004351 59.2389404072481 65.678126447341 71.566038832945 76.453856159659 79.818528287551 81.3464658400592 81.0247421264648 79.5827864759109 77.458787651623 74.9667775630951
-9999 -9999 -9999 -9999 -9999 -9999 -9999 -9999 -9999 -9999 -9999 -9999 -9999 -9999 -9999 -9999 -9999 -9999 -9999 -9999 -9999 -9999 -9999 -9999 -9999 -9999 -9999 -9999 -9999 -9999 -9999 -9999 -9999 24.8412388773525 27.4200659779941 29.8321461537305 32.055066094679 34.1630937071408 36.3719951545491 39.01873867652 42.1210529383491 45.60781027289 49.5452105578254 54.1669706737294 59.6065459531896 65.2706718444824 70.3320453307208 74.1690857550677 76.5046022639555 77.2266386256498 76.6032539816464 74.5990059796502 72.4100209123948 70.2084343293134
-9999 -9999 -9999 -9999 -9999 -9999 -9999 -9999 -9999 -9999 -9999 -9999 -9999 -9999 -9999 -9999 -9999 -9999 -9999 -9999 -9999 -9999 -9999 -9999 -9999 -9999 -9999 -9999 -9999 -9999 -9999 -9999 -9999 24.6309785562403 27.6746466861052 30.7231898868785 33.5464080642251 36.2825145160451 38.8931251974667 41.6311777199016 44.7530136388891 48.1847237138187 51.6787738519556 55.4211283010595 59.7938761150136 64.3441275708816 68.2257411339704 70.9789437967188 72.3586612308727 72.4154330562143 71.4112642232109 69.6049134030062 67.4438679779277 65.4263162332423
-9999 -9999 -9999 -9999 -9999 -9999 -9999 -9999 -9999 -9999 -9999 -9999 -9999 -9999 -9999 -9999 -9999 -9999 -9999 -9999 -9999 -9999 -9999 -9999 -9999 -9999 -9999 -9999 -9999 -9999 -9999 -9999 -9999 -9999 29.0240416807287 32.7986470671261 36.3240556436427 39.450844596414 42.4007462894215 45.2113491086399 48.0654231800752 51.1038707564859 54.1735004817738 56.918131239274 59.8858146106496 62.8877263630138 65.4241568340975 67.1415487457724 67.743179026772 67.4326166405397 66.2772078794592 64.7709390275619 63.215877308565 62.0075436760398
-9999 -9999 -9999 -9999 -9999 -9999 -9999 -9999 -9999 -9999 -9999 -9999 -9999 -9999 -9999 -9999 -9999 -9999 -9999 -9999 -9999 -9999 -9999 -9999 -9999 -9999 -9999 -9999 -9999 -9999 15.9852420512368 19.0806318801992 22.790735875859 27.0159299794365 31.552409508649 35.9888681664186 40.1360739118913 43.7635492437026 46.881210565567 49.4466585551991 51.8404825434965 54.2388114929199 56.5397299317753 58.1553075734307 60.0521804865669 61.4877105320201 62.6297289904426 63.1935381188112 63.1805869551266 62.7714989746318 61.7559967602 60.9053292274475 60.0669207292445 59.3592965672998
-9999 -9999 -9999 -9999 -9999 -9999 -9999 -9999 -9999 -9999 -9999 -9999 -9999 -9999 -9999 -9999 -9999 -9999 -9999 -9999 -9999 -9999 -9999 -9999 -9999 -9999 -9999 -9999 12.0019419193268 14.1541193513309 16.9779384977677 20.437452176038 24.6348110156901 29.5428488254547 34.756285386927 39.9384871370652 44.5924542090472 48.6652449018815 51.9181934104246 54.300281903323 55.906567994286 57.364779696745 58.9599393115324 59.8229820027071 60.0316727301654 60.1436479933122 60.202531449935 59.8810745407553 59.4108891206629 58.8659610888537 58.3847122192383 58.1159954141168 57.8856432367774 57.6451611308491
-9999 -9999 -9999 -9999 -9999 -9999 -9999 -9999 -9999 -9999 -9999 -9999 -9999 -9999 -9999 -9999 -9999 -9999 -9999 -9999 -9999 -9999 8.75422527860193 8.39590163616573 -9999 -9999 -9999 -9999 13.3206831637551 15.49108450553 18.5361581549925 22.3832176993875 27.0418920516968 32.5140146928675 38.3520629826714 44.1026219059439 49.2749990996193 53.5598382809583 57.000948863871 59.1671362063464 60.2104544639587 60.7131729546715 60.8937884358799 60.8802693591398 60.1548107792349 59.2617153981153 58.4024859736947 57.4029050855076 56.6796654532937 56.2103316363166 56.3875622048097 56.4990143986309 56.7236474121318 57.299182155553
-9999 -9999 -9999 -9999 -9999 -9999 -9999 -9999 -9999 -9999 -9999 -9999 -9999 -9999 -9999 -9999 -9999 -9999 16.7468965193805 13.4355723612449 11.508487746996 10.4864091171938 9.68281559733784 9.34121572270113 -9999 -9999 -9999 -9999 -9999 17.6653170094771 20.7726725410013 24.8441283843097 29.9336358378915 35.7048655397752 41.8858964443207 47.9264660582823 53.4514338128707 57.934205938788 61.3641619542066 63.0695884227753 63.5704244866091 63.2594650913687 62.6242956413942 61.4841315886554 59.9223753564498 58.6557179338792 57.164052808986 56.0043632843915 55.0828684077543 55.0027132525164 55.3177796882742 55.7646429959465 56.6980856727151 57.9072613155141
-9999 -9999 -9999 -9999 -9999 -9999 -9999 -9999 -9999 -9999 -9999 -9999 -9999 -9999 -9999 -9999 -9999 -9999 17.4911911890787 14.4641488343477 12.9624739832738 11.7821350553456 10.9955506237114 10.6590590003659 11.0613055544741 -9999 -9999 -9999 17.5003374604618 20.2749215574825 23.7624830428292 27.7483163300683 32.9217283445246 38.8490233701818 45.0259280485265 50.9800036514507 56.3569099482368 61.141075667213 64.025785221773 65.361521061729 65.5683320410111 64.9076152128332 63.7661327053519 61.9949932098389 59.8689201158636 58.1589009621564 56.350646089105 55.1501481392804 54.6140517557369 54.6104005505057 55.2165343410829 56.2846970978905 57.8523991668926 59.5542476387585
-9999 -9999 -9999 -9999 -9999 -9999 -9999 -9999 -9999 -9999 -9999 -9999 -9999 -9999 -9999 -9999 -9999 -9999 18.4086303675876 16.156068759806 14.5061700273963 13.3721016592839 12.7574322767117 12.7776252066388 13.4182830873658 14.4032304181772 -9999 -9999 20.6736963776981 23.5201952457428 27.0522036201814 31.2554157761966 35.7547510090996 41.3337916065665 47.095775604248 52.5337327508365 57.7332535912009 62.034975528717 64.5386777344872 65.7113290113561 65.893483764985 65.2260725077461 64.035513232736 61.7350037097931 59.9083735381856 58.0896068460801 56.3289567162009 55.32424845415 55.0833064457949 55.510867469451 56.5912323769401 58.1609329546199 60.014736512128 62.1604400662815
-9999 -9999 -9999 -9999 -9999 -9999 -9999 -9999 -9999 -9999 -9999 -9999 -9999 -9999 -9999 -9999 -9999 22.7726666725734 19.7245333510287 17.8081518131144 16.4363861978054 15.4668952787624 15.1200659555547 15.5994827747345 16.5149373026455 17.8017405972761 -9999 21.4648947189836 24.6667603043949 27.4651350343929 30.7379148567424 34.5776070847231 38.6567929352031 43.0522531200858 47.8968014997594 52.4916042019339 57.081618827932 60.5739698410034 62.8141328587252 63.9999462155735 64.3563256263733 63.991083425634 63.1328165811651 61.1248146225424 59.6476363715004 58.1273249878603 56.6574217291439 56.4309562584933 56.5788519101984 57.4667031063753 59.113959291402 61.0898819530711 63.2643259833841 65.4593773729661
-9999 -9999 -9999 -9999 -9999 -9999 -9999 -9999 -9999 -9999 -9999 -9999 -9999 -9999 -9999 -9999 -9999 23.6206855773926 21.282637429588 19.7696823916014 18.7980512661092 18.0453430747285 18.3317823971019 19.2838827722213 20.7307406944387 22.4612949280178 24.2842490567881 26.2527173897799 28.9259549800087 32.0328991132624 34.7475032315535 37.779546919991 41.1002456300399 44.0943014761981 47.5787039784824 50.9843551271102 54.6087523348191 57.2990016095779 59.1735352347879 60.388572286157 61.0606211073258 61.1940116181093 60.2779054501477 59.5472824573517 58.6858995942508 57.8253539169536 57.5329484098098 57.8692970205756 58.7639398925445 60.211284679525 62.5272283904693 64.9360422036227 67.3817057539435 69.4474605181638
-9999 -9999 -9999 -9999 -9999 -9999 -9999 -9999 -9999 -9999 -9999 -9999 -9999 -9999 -9999 -9999 -9999 24.4207456269685 23.0477768515839 22.1013427744893 21.052594851045 21.5123140741797 22.393455908579 23.9487545770757 25.9842524107765 28.1860330946305 30.2921062567655 32.2176217051113 34.1814093730029 36.335757837576 38.8444908296361 40.7775422264548 42.771460575216 44.7198308776407 46.4684534563738 48.6838186348186 50.9650865021874 52.7518313211553 54.2028694152832 55.4365744170021 56.3371483438155 57.0187318745781 56.6141781105715 56.822184899274 57.039220347124 57.2223589981303 58.1378257134381 59.5398322133457 61.5366145021775 63.9123092398924 66.6298004458932 69.5857890493729 71.8951273946201 73.4033102708704
-9999 -9999 -9999 -9999 -9999 -9999 -9999 -9999 -9999 -9999 -9999 -9999 -9999 -9999 -9999 -9999 -9999 -9999 25.1433929134818 24.1821276265032 24.5414250983911 25.6505706450518 27.152271428529 29.3850109577179 32.0457606736351 34.688664429328 37.039289579672 38.8258708154454 40.1834507198895 41.2083070348291 42.1626313854666 43.2960448966307 43.893705683596 44.4269737285726 44.8030205333934 45.614977387821 46.6721892917857 47.6027170910555 48.5938704434563 49.6806844262516 50.8061817674076 51.1474340663237 52.1534985934987 53.3980005909415 54.7260802493376 56.3121591736289 58.6741229225607 61.3895952841815 64.533022515914 67.6027486464557 70.7388111703536 74.0931238987867 76.1892918558682 77.0536676014171
-9999 -9999 -9999 -9999 -9999 -9999 -9999 -9999 -9999 -9999 -9999 -9999 -9999 -9999 -9999 -9999 -9999 -9999 27.1920223551638 27.4880549416823 28.5466062917429 30.2837943434715 32.4569255779771 35.279037678943 38.4855568338843 41.5113678960239 43.913027770379 45.435528530794 46.1132791252697 46.1779498633216 45.3976180974175 44.9063870696461 44.2586605969597 43.6947372590794 42.6854556097704 42.3263420778162 42.4408930960823 42.5668349266052 43.0264543224784 43.6734599506154 44.2780280533959 45.5861463406507 47.3289467166452 49.3138088198269 51.5719809812658 54.941676532521 58.4816485012279 62.8394104452694 67.1548027711756 71.0204529622022 74.8356258588679 77.858202120837 79.896933148889 79.6077778058894
-9999 -9999 -9999 -9999 -9999 -9999 -9999 -9999 -9999 -9999 -9999 -9999 -9999 -9999 -9999 -9999 -9999 -9999 30.5224560060922 31.5601494960925 32.9819252981859 35.2546981643228 37.9552895847489 41.1491719344083 44.6884212283527 47.863055544741 50.1684152729371 51.2614153763827 51.3367401221219 50.3663081211202 48.4280248459648 46.1791969888351 44.1930322506849 42.3800188022501 40.1803432387464 38.7922500722549 38.325838285334 37.4995805445839 37.5207936833887 37.944212436676 38.8491546406465 40.2765360018786 42.3762415437137 44.8620814014884 48.5816056027132 52.655633687973 57.8779569092919 63.1331512787763 68.365210126428 73.2526378491346 77.6382078002481 80.4557164837332 81.2936794337104 80.5571115577922
-9999 -9999 -9999 -9999 -9999 -9999 -9999 -9999 -9999 -9999 -9999 -9999 -9999 -9999 -9999 -9999 -9999 -9999 34.2598654960885 36.2196195371011 38.2477597383892 40.4639320408597 43.3326336636263 46.6280229231891 49.9631329774857 52.9937883475248 55.0339622848174 55.7294382768519 55.233371685533 53.4156745812472 50.6508443495807 47.5097528205198 44.3281066347571 41.3534019694609 38.5799122487797 36.2931335112628 34.7331065991346 33.7900317767087 33.2068443368463 33.3343209519106 34.121864956968 35.5587686089908 37.6081052457585 40.9556635267594 45.0550919280333 50.3001140285941 56.0745232105255 62.2855885449578 68.2105927467346 74.1225854228525 78.7009506506078 81.196388651343 81.0978554557352 78.6016714292414
-9999 -9999 -9999 -9999 -9999 -9999 -9999 -9999 -9999 -9999 -9999 -9999 -9999 -9999 -9999 -9999 -9999 -9999 38.4772059514242 40.9994862710728 43.1739238921334 45.6224742987577 48.1131186309983 50.9853033809101 54.0311443875818 56.554485075614 58.1739065577002 58.4793188501807 57.5903643159305 55.4134628562366 52.7158461458543 48.9975890061435 45.0897382848403 41.1638098288985 37.5814375842319 34.7123325011309 32.477012220551 31.1217592639082 30.1674611428205 29.7987598426202 30.1067457619835 31.3537666797638 33.7572183468763 37.2207392664517 41.7140599769704 47.2486326834735 53.5297386225532 60.0071388412924 66.6636820961447 72.7773745761198 77.2860612869263 79.2398389788235 78.3034713689019 74.8091664174024
-9999 -9999 -9999 -9999 -9999 -9999 -9999 -9999 -9999 -9999 -9999 -9999 -9999 -9999 -9999 -9999 -9999 -9999 -9999 45.7608757299535 47.7648343303624 49.7534614065114 51.903662127607 53.6632486090941 56.0529091007569 58.0621643978007 59.2681518933352 59.4443454321693 59.0392197300406 56.9871291833765 53.7796321826823 49.7881220999886 45.5127967245439 41.1343100351446 36.9821754518677 33.6317123174667 30.9421697381665 29.1065077992047 27.9038412606015 27.117510676384 27.2211095655666 28.3956885407953 30.686149281614 34.092549962156 38.4997480125988 44.0304449586307 50.1215332956875 56.6534777809592 63.5222515218398 69.5446019733653 73.5757484155543 74.8003998784458 73.0028594381669 68.6309170582715
-9999 -9999 -9999 -9999 -9999 -9999 -9999 -9999 -9999 -9999 -9999 -9999 -9999 -9999 -9999 -9999 -9999 -9999 -9999 49.3475238803555 51.4661371742978 52.65013330123 53.8359867579797 54.9307727147551 56.0505615683163 57.3954833395341 58.2657923558179 59.1005906217238 58.6857128984788 56.8878859071171 53.9962012557422 50.2592184648794 46.03814052133 41.3340257546481 37.0539617328083 33.2794830641326 30.2494610758389 27.9139552624787 26.4899112301714 25.6476996050161 25.4578359617906 26.3071423698874 28.3353570524384 31.459984015016 35.4744706855101 40.4148218281129 46.2816070248099 52.6530175489538 59.0996662027696 64.4079826158636 67.5752004455118 67.9412789344788 65.4424716584823 60.656025984708
-9999 -9999 -9999 -9999 -9999 -9999 -9999 -9999 -9999 -9999 -9999 -9999 -9999 -9999 -9999 -9999 -9999 -9999 -9999 52.1573343837962 53.5257385513362 53.8373162886676 53.9449791732956 54.2530284383718 54.2826626511181 55.0330525741858 56.2154440879822 57.1916438060648 57.022562419667 55.8900717076133 53.7198091745377 50.5780683229951 46.4110295246629 42.0528866368182 37.71608246074 33.7059767456616 30.4335165006273 27.7237934820792 25.9139998099383 24.9163096757496 24.3886849424418 24.863460575833 26.5268049380359 29.1210569493911 32.7832902038799 37.33688602728 42.6051066342522 48.2370815697838 53.6610250893761 57.8478059908923 59.9484166538014 59.4819025853101 56.5330616025364 51.7207509349374
-9999 -9999 -9999 -9999 -9999 -9999 -9999 -9999 -9999 -9999 -9999 -9999 -9999 -9999 -9999 -9999 -9999 -9999 -9999 52.9443068556926 53.0156435177607 52.8116609524278 52.1600553182995 51.6250895051395 51.2908110793899 51.3832062588019 53.0313288043527 54.0110369535053 54.4869477994302 54.2520949735361 53.030177137431 50.3891881353715 46.9789949410102 42.9929442510885 38.8124192690148 34.7831125767792 31.3148715671371 28.3910937659881 26.3039368636468 25.039425453719 24.2803257616127 24.2981647498467 25.5861458322581 27.8021600807414 30.831823552356 34.7188009023666 39.0899554561166 43.640003751306 47.7750371624442 50.6667804858264 51.6724329695982 50.5084176203784 47.3668936981874 42.8497248958139
-9999 -9999 -9999 -9999 -9999 -9999 -9999 -9999 -9999 -9999 -9999 -9999 -9999 -9999 -9999 -9999 -9999 -9999 -9999 -9999 50.6580535734401 49.6056477164521 48.1610543815529 47.4950498587945 47.1880199172918 47.7198171685724 48.9048036301837 50.2066029730965 51.418405129629 51.9819578738774 51.4204444219084 50.0327146123437 47.6771037192906 44.3517543918946 40.4683477878571 36.6555386518731 33.0476733568837 29.9876591107425 29.9771938621998 28.3452332405483 27.2401610525215 24.7249234108364 25.562616311452 27.2532605073031 29.5463225631153 32.6446745465784 35.9693211807924 39.2708519977682 42.0414107547087 43.656722910264 43.6833728762234 42.0138465236215 38.897473896251 34.8617897594676
-9999 -9999 -9999 -9999 -9999 -9999 -9999 -9999 -9999 -9999 -9999 -9999 -9999 -9999 -9999 -9999 -9999 -9999 -9999 -9999 -9999 45.0711198641973 43.4404648735243 42.2420472572832 41.7892795836224 42.8674939625403 44.0668136582655 45.6753813098459 47.5861229966669 49.1433973102009 50.0130340492024 49.8527371076977 48.4412970753277 45.83468323946 42.4751890477012 39.0252953206792 38.7587194863488 35.962273862432 33.5492392322596 31.5048394238248 30.0341827229542 28.8653953794171 28.6530904243974 27.3727861204568 28.9800698020879 31.0245228094213 33.3823531094719 35.4067817505668 36.9461796774584 37.4293379152522 36.6682875647264 34.6797539696974 31.7202374654658 28.2191267714781
