PREC/medie/CUMULATA_MEDIA_02.asc
NCOLS 177 
NROWS 174 
XLLCORNER 1436301.375 
YLLCORNER 4916704.5 
CELLSIZE 1500 
NODATA_value -9999 
[rows 72 to 95 of 174, columns 54 to 107 of 177]
91.8928051170181 90.1580984732684 88.3392130627352 86.4054880983689 84.6945351081736 82.4727871768615 79.9545579727958 77.1442030037151 74.725631980335 72.7600913573714 71.3134464270928 70.4355274333673 70.2014971007319 70.5465282438432 71.4287051418248 72.7057002011467 74.3711822453667 75.8126973685096 77.2159053998835 78.4263220113866 79.1953478280236 79.487766195746 79.1929088620578 78.4856848716736 77.4663946348078 76.2890149144565 75.2813001240001 74.3599935629789 73.7482142167933 73.4023646326626 73.3414442469092 73.7822988664403 74.1847455711926 74.4475481860778 74.4484088265282 73.9662466423915 72.9487909411683 71.1319951044724 68.7802596668548 66.5276946226025 64.4614843502641 62.8483232605983 61.8681199156186 61.6201491728425 62.4174563472762 64.1863057078684 66.8763602573205 70.372874242418 74.5697154599954 78.687252271263 82.2989358774879 85.1081095171325 87.5680156225229 89.030940548462
91.8089035328697 90.4742191679337 88.7361372148289 86.768957621911 84.6619298598346 82.5239338383955 80.1655797467512 77.5988318955197 75.0513678473585 72.7434061660486 71.0076793502359 69.7585088137318 69.0771782836493 69.074591641917 69.8059965968132 71.0161148274646 72.7609391203698 74.6395901524845 76.6311148755691 78.2782662616057 79.4223486956428 79.8768819921157 79.6748095119701 78.8860516828649 77.6017032230602 76.0423428170821 74.4890620848712 73.0648227579453 71.9287008818458 71.1052877973108 70.4849597566268 70.4551190488479 70.6819491386414 71.0963795605828 71.3286832150291 71.3251937879797 70.632224146715 69.3487826857497 67.6341471119839 65.6759678390534 63.6497461399173 61.8878798800356 60.6004672970842 60.0791980168399 60.6467448621988 62.2257843596094 64.8755556941032 68.2757787384531 72.5708683755468 77.0688249573988 80.9945183483993 84.6611552014947 87.6144595860558 90.1250905171037
91.3814006132238 90.256559435059 88.8827178337995 87.2168945424697 85.4162116120843 83.3060098325505 80.9677417909398 78.3466291076997 75.5910608172417 73.1467189543388 71.2452203666463 69.8022732208757 68.9662163888707 68.964253872633 69.5746616317945 70.8678313704098 72.8006943126812 75.0012981409536 77.4537852060269 79.5223278999329 80.9631288191851 81.5883243504693 81.2429878290962 80.0448075743283 78.2458500862122 76.0190020449021 73.7115173620336 71.5973617890302 69.7562712360831 68.3673828209148 67.3015650580911 66.8043145432192 66.9705684185028 67.5053866470561 68.0549495991539 68.3676861040294 68.223412113812 67.4775938762023 66.2690117573913 64.5989099166849 62.6260823802475 60.8278747523094 59.2849339351935 58.4578262606964 58.7072973895599 60.0878466937472 62.5372810806422 65.7273139887873 69.6545065601959 74.5065049667131 79.1650107542382 83.4746375579168 87.1788697334773 90.4657533626784
90.712982822867 89.7808876598583 88.747957201565 87.5825431627386 86.1970747989767 84.2819433913511 81.887611950145 79.2175702838337 76.6049991390284 74.0875100984293 72.0185941142194 70.5346889022519 69.752813374295 69.7894166252192 70.5230037499877 71.8912163622239 74.0418019364862 76.6652369630687 79.5149582826039 81.8602983083795 83.4306765540558 84.0012555963853 83.3684808506685 81.6677432340734 79.137666758369 76.0677612529081 72.6929587195901 69.6908304831561 67.1712686594795 65.2142128523658 63.7070410391864 62.9030646857093 62.8976559849346 63.6372721896452 64.5062246673247 65.3110380074119 65.6429399815114 65.5765599991907 64.8465214163503 63.4614655121284 61.6158041872961 59.4954573426615 57.7714678255074 56.8314811153447 56.9500165695653 57.9823338152731 60.0717241956907 63.0192788565422 66.8879448973081 71.5751320945428 76.8239591768121 81.8995094319039 86.4143536016345 90.9472495021627
89.7948934541029 89.1183266569586 88.5342627062517 87.9552203416824 86.7680769106921 85.1372867822647 82.949527165469 80.3071177005768 77.7530050558202 75.3784270426806 73.5025815683253 71.9972597272957 71.2254235744476 71.3625494206653 72.2274444576572 73.9251572174184 76.3198962842717 79.2329595553524 82.4537826794035 85.1066646488274 86.6289462613709 86.8594357432688 85.7108177297256 83.2278159085442 79.6857991499059 75.5628390031702 71.1972064410939 67.2947804507087 64.0697441101074 61.5360571917366 59.7424110454672 58.7542806933908 58.7976264813367 59.5337948658887 60.6401614651961 61.8823828697205 62.9818027830299 63.5964596289046 63.327379804762 62.1365344701883 60.134638186325 57.963392707574 56.1653933389222 55.0791885844048 55.0250529096845 55.8204891037415 57.5809911888312 60.478917069514 64.305756937055 68.9228064115433 74.183706757996 79.7892874709385 85.7062328107217 90.5705266009797
88.8595103726667 88.4141069931142 88.1146441768198 87.8731073070975 87.1366347705617 85.7051014619715 83.546335311497 81.364824971732 79.0236716936616 76.9439159246052 75.1572098802118 73.8501715642564 73.2264589579666 73.7876911855796 75.0576226614854 76.852266232757 79.343871405896 82.4501966027652 85.928360322819 88.7415383817519 90.2377735016977 90.0792899745352 88.076151873259 84.3998059231569 79.7753000820384 74.4524165882784 69.1027646064758 64.4271260429831 60.4511930521797 57.4161135308883 55.430035310633 54.4702316873214 54.5210986628252 55.4568550095839 56.8509338463054 58.6976396476521 60.4359425793895 61.3656897766187 61.3127375928795 60.2602201890858 58.6106034387999 56.5529541877263 54.6607685505467 53.4980814860148 53.2392258446883 53.7978516100522 55.3846071846783 58.0441636850729 61.9728863653453 66.6731470586623 72.0595856365912 77.8908778564895 84.0639662032618 89.5045030189349
87.3867822464775 87.3221451534944 87.4159165340311 87.4350662231445 86.8464883636026 85.6451048290028 84.2334793174968 82.2585259500672 80.3629206734545 78.5796348522691 77.0504220618921 76.0776582991376 75.9475872499101 76.639121066998 78.0084746523815 80.0093530767104 82.5960345373434 86.0887810246033 89.2446937359431 91.74915846744 92.8520300011425 92.1338341762038 89.3767590820789 84.7395025241901 79.0324239888612 72.4740164183519 66.2357741524191 60.8601037193747 56.4671194413129 53.1642959538628 51.059246708365 50.0437923459446 50.2471544462092 51.3613367711797 53.2561910082312 55.5260608511813 57.4304529919344 58.7394382047522 59.2435102063943 58.7086540384985 57.3059567953734 55.4099767979454 53.4110522386344 52.1273095517912 51.621370094664 51.9566282213611 53.3568194898612 55.9132616721532 59.6969259381294 64.6158861934262 70.2583697028458 76.6816238263512 83.1716090207372 89.130601725815
85.8394933868857 86.009166868294 86.3141593933105 86.6561322036911 86.3763557041393 85.4899921136744 84.3662146820742 82.8590136521003 81.3140439110644 79.8299800613347 78.6453703466584 78.1444356336313 78.3365929091678 79.1708630507483 80.8396296676467 82.9333981626174 85.6740858449655 88.8692756014712 91.7445692630375 93.7443437821725 94.2691286504269 92.7991820828003 89.1163235061309 83.4812326242819 76.6650914825937 69.5190893981387 62.6659553515561 56.8019502583672 52.1357629719902 48.8042337193209 46.7385728218976 45.8281337092904 46.1506970279357 47.4760902488933 49.5669571091147 52.1691899580114 54.6901616699555 56.7422404845848 57.6042651247014 57.1605309285223 55.7251111652483 53.8305628382984 51.9850768350503 50.5602207157542 49.9069897635456 50.1138078587897 51.4449772486354 53.9805833743337 57.6195613478913 62.5817367209889 68.4526740298332 75.3144491420073 82.3802211284637 88.8096435490776
84.1222774140975 84.5381042887183 85.1574078517802 85.7302833444932 85.6747134573319 85.1681516170502 84.227082129787 82.9975522861761 81.690843462944 80.5409732075299 79.8717889820828 79.5522648937562 79.9939091871767 81.1076301897273 82.9063308957745 85.2035840767271 87.7607065474286 90.5932238733067 92.9486236852758 94.1715018170721 93.7820432116004 91.3937211229521 86.9661690750543 80.5129109077594 72.9120626699399 65.2663861210732 58.4069084174493 52.2755603113157 47.6195071411922 44.3770327568054 42.3942089361303 41.7085090454887 42.197916711078 43.814378324677 46.3912533802145 49.4683847392307 52.469325114699 54.8240520077593 55.9689196149873 55.7096139582641 54.310213845771 52.2794717819813 50.1870602512842 48.7624640905244 48.0914541443481 48.2391959573416 49.5058546244879 51.9859607793829 55.7412392181509 60.7365202763501 66.8786513454774 73.6166728384354 81.6008007736767 88.2513375282288
82.2057298754945 82.9213363405536 83.7065327763557 84.6251164394266 84.7763322802151 84.4658940013717 83.5548103521852 82.3891500690404 81.3193715354976 80.5205521338126 80.0019805852105 79.9752486733829 80.6807035979103 81.9421402864596 83.6227478612872 85.7004473542466 88.1691834838951 90.4454757816651 92.1378331377226 92.4876713244354 91.0410377768909 87.4823969970731 82.2908915474134 75.6346304854926 67.7459512344178 60.0724535084823 53.2831104853574 47.5515497475863 42.9813748815042 40.0065039372181 38.1557182564455 37.7322212668026 38.6852763189989 40.7928568755879 43.6476921614479 47.0457669391352 50.3646704168881 52.9026601139237 54.2351321683211 54.155136820148 52.8495665189317 50.7044932245113 48.4129147080376 46.8050542702789 46.2527352290995 46.4209827745662 47.665181517601 50.1762418185963 54.0681471894769 59.221138421227 65.5165558001574 72.3749267914716 80.1088077461018 87.3641307634466
80.2884409953566 81.165894061327 82.1288396663525 82.8724359116134 83.4969157225945 83.2506059355595 82.3707641222898 81.2132772540345 80.1750992729383 79.5725184451131 79.1727022309514 79.4510429440176 80.2093033422442 81.2531737772857 82.9307228274205 84.6081008946194 86.3974609024384 87.9989311309422 88.7585339441019 88.1336169365574 85.8211548486177 81.5480441643911 75.3912769836538 68.6929947856595 61.2476556038155 54.0060603329364 47.6586520031971 42.4067909345031 38.2646218249026 35.616319239797 34.2994018091875 34.4444500558517 35.7476744721918 38.0695646931143 41.3884871216381 45.0761962392751 48.5421464548391 51.2627968121977 52.7399006860659 52.7218762850937 51.366328909774 49.2331313074512 46.9017497476409 45.161695375162 44.4403749704361 44.7790916036157 46.1090353516971 48.7187626151478 52.6528897004969 57.884505776798 64.2200102665845 71.3814367406509 78.820327983183 86.0057540781358
78.6045980006456 79.5091433104347 80.495827387361 81.3146660731119 81.7861222677371 81.7435759095585 80.6801335969392 79.5974031879621 78.5180167818771 77.9138074710089 77.5134768591208 77.6676711194656 78.2707029510947 79.049404840259 80.3309818751672 81.7952921723618 82.8855572325342 83.4690930510268 83.187298993854 81.6460747157826 78.6091894524939 73.9393993896597 67.7814028368277 61.0054438605028 53.9989651949967 47.4151543501545 41.8789654488073 37.330926295589 33.9520643901299 31.7769823190482 30.9360355684424 31.6081933245501 33.2427386746687 36.0971073473201 39.7288643822951 43.6984213730868 47.4490604085081 50.3705694055294 51.9244397694574 51.9085523860858 50.5499267727137 48.3411952794036 46.0227070847417 44.1505039741888 43.2737029089647 43.5771902238621 44.9137061413597 47.5306091168348 51.5315118396983 56.7769855611465 63.2156860968646 70.4411388425266 77.5908177039203 84.2866765190573
77.002430441625 78.1358036521603 79.1887647719944 79.8956534143756 80.0530675781124 79.6621288148796 79.0640565367306 77.913140893859 76.7118368069915 75.8509165434276 75.1129300471614 74.7657922383617 75.0367481831242 75.3923768979662 76.3332184465493 77.198869971668 77.5690934728174 77.2376602116753 76.0546292627559 73.7848166753264 70.2543735100943 65.4053282720201 59.4184635693536 53.1148989367134 46.865440551849 41.1167276887333 36.3562471515992 32.6444801087765 30.0739514308379 28.4769070946118 28.1692739289035 29.3232253846877 31.503252644311 34.6182980046553 38.4464026514222 42.6190496856237 46.5682374668472 49.6347607109038 51.3065019830623 51.3835477874998 50.094276877668 47.9503431344295 45.5648544759435 43.572131371016 42.4740192414645 42.5136275992674 44.0069115232019 46.7590529077193 50.8557958182167 56.1457935922286 62.6048287223367 69.8485859702615 76.7901689024533 82.8854939516853
75.816856263315 76.9588527959936 78.0459068084464 78.7322428349186 78.8482676279895 78.3538055989672 77.3398541825659 75.9090312438853 74.5711226735045 73.3537133669152 72.1229110219899 71.1622539784978 71.0112536882653 70.9836020837812 71.0681014990105 71.4473796504385 70.9818803685553 69.8832636650871 67.9867387466571 65.1646725763293 61.376970433137 56.672548173105 51.1834930637304 45.5267824968871 40.1412370730849 35.3419772097293 31.4550084370901 28.5442577747299 26.6621661961955 25.6752178331508 26.0836251581855 27.4503957206274 29.9997022843317 33.4921334631303 37.6844292298398 42.1519285615753 46.3352903243812 49.5647706076065 51.2955372688525 51.382567651789 50.0619450527079 47.8947350043146 45.5276173031067 43.5350628843641 42.2520201896482 42.178891288007 43.6106490387636 46.3965517773348 50.5566072183497 55.8864424368914 62.2602306534262 69.0244883929982 75.8249776503619 81.3882515009712
75.294904949034 76.5631493207286 77.5664981480907 78.2215145694859 78.1687132190256 77.4385907089009 76.193864422686 74.5177756100893 72.4815339744091 70.8996931498542 69.2270902491668 67.8836663794868 66.8844885212534 66.3124662970795 65.5861844613272 65.1418128136326 64.1171371200505 62.2910537667134 59.8695112063604 56.6791312343934 52.8354135330986 48.4232445920215 43.5847451318713 38.7280960468685 34.2087820785887 30.3052924959099 27.260949507794 25.114909505362 23.8859240627464 23.5593788527391 24.3126053323641 26.0455850237871 28.8944352698677 32.7119324042955 37.3630909722518 42.2526427036261 46.7481666522868 50.2255202658913 52.0568443407469 52.151504551444 50.7139829686459 48.4077566117048 45.9558825264959 43.8903991729021 42.7510510512135 42.5582060533411 43.8481152557275 46.5078827353085 50.5272837246166 55.8260485705207 61.7740606981165 68.1178877213422 74.3211500504438 79.4721207899206
75.435969900559 76.7910360027762 77.653316932566 78.0779149558614 77.8977141485495 76.9747699525426 75.3339900952928 73.3766163149301 71.0199256811072 68.7456084735253 66.8126123398542 64.8922562064493 63.2554710708997 61.7808305103989 60.2837971291121 58.9783027557766 57.5433706500951 55.3156312037917 52.4401911444524 49.0591989098226 45.2934071500512 41.2381166570327 36.8892623510431 32.8915187734015 29.1632276405306 26.1388337993447 23.9085630169686 22.4517544968163 21.6954409232473 21.9151597391157 23.0596102653619 25.2368943671532 28.4537944259012 32.6121368480518 37.468732296544 42.632445322021 47.4140692489112 51.0490938219077 53.02517606318 53.1415291726589 51.6575910291251 49.2939777457539 46.77505709713 44.7078756562927 43.5315464682439 43.345698848805 44.6474958903649 47.0887804592357 50.9485857907463 55.9111156463623 61.6060553158031 67.4300797406365 72.868387558881 77.0743199516745
76.1857013272889 77.3362140655518 77.9797857044374 78.10897558051 77.7332857224871 76.7437223257387 74.9372347575777 72.5887389437241 70.0517027719932 67.40901435824 64.6273081364001 62.2798401538063 60.2124144110609 57.9419770530042 55.7193664443843 53.6705124325612 51.7417798331555 49.314899420037 46.2713682844358 42.8517025490018 39.1089576500304 35.1494283798863 31.4901069350102 28.1069246539298 25.2611762504367 22.9556230218971 21.3589015607448 20.4817688846413 20.1948590412298 20.7838092472623 22.3719515239491 24.8546138165847 28.4420604784699 33.0722739556256 38.4585649734911 44.1080369482584 49.2485220467343 53.1085048190811 55.1006454785957 55.1323441188125 53.5700060304473 51.2056453841574 48.5754814989427 46.3479118461118 45.1189707131947 44.8851372170098 45.992331272539 48.318690840374 51.9096254460952 56.4143423753626 61.4621793522554 66.4807751038495 70.7936850155101 73.8767563314999
77.141400398577 77.9323740697959 78.4832783183631 78.4390540385947 77.7651936929016 76.5067993945935 74.5401418507099 72.2246898176039 69.326446824214 66.4972700476646 63.4097964807468 60.3565338683479 57.5920020771377 54.8585309018107 52.3844917775954 49.8286585720146 47.1794675465892 44.5139379422454 41.4833976994543 38.0158264084774 34.3242566936156 30.8129903192029 27.6334361381391 24.8493540672695 22.5192616045037 20.7956887349925 19.6399040592506 19.047458084848 19.2607436243664 20.2085307205425 22.1186107004828 25.0730987059719 29.064482217545 34.1470236559125 39.9652460136396 45.9871675039039 51.4292713973452 55.5139756040538 57.6357566574041 57.6580222766189 56.0014764456188 53.4560087998124 50.8328783328042 48.5329659537357 47.2000149348203 46.9913899495321 47.88599260502 49.9206882443498 53.1674691263367 57.1249288671157 61.4159036524156 65.4303450864904 68.4976476781509 69.8853518542121
78.1434694177964 78.5478040076354 78.7082164287567 78.4695163754856 77.6486010989722 76.2295400535359 74.2071396607686 71.8033463954926 68.9603684185182 66.0034769799779 62.8270558903322 59.597785508808 56.3118120212765 53.1016023658654 50.2401790268281 47.2607378872002 44.1529105218018 40.950047076625 37.5652054565794 34.4235607552178 31.1838520370862 28.0836280444089 25.2425477119053 22.7726205951151 20.7903359633158 19.4433249664657 18.5612759747926 18.3783788676648 18.9769040284788 20.2887769998873 22.4736232205349 25.7549030403881 30.1581163969548 35.5456648105208 41.7248568999417 48.0726354082718 53.7855657799279 57.9852818548679 60.1386270724675 60.1959181831164 58.6932686786441 56.4183871886309 53.6164108532317 51.2960180833059 49.9112689144471 49.5428690401947 49.9881619022173 51.697741150856 54.4519285305458 57.7819379357731 61.1818110522102 64.0781945060281 65.9003839492798 66.0789514429429
78.7551095249022 78.879137241665 78.4487190378063 77.982153202681 77.093305687694 75.6109970036675 73.6406390057767 71.3772636314525 68.7303431042854 65.8217620498994 62.664661673062 59.4488536408719 56.0209539672908 52.6620748586514 49.2880847427775 45.9442267540623 42.6210186849622 39.2563013364287 35.8468898192925 32.4786306330386 29.2603091282003 26.3558344174834 23.8168067748056 21.6572074469398 19.92231423101 18.8162064416444 18.3352154006853 18.5439438903156 19.3798380198286 20.9937556542675 23.5276812407024 27.0916717383353 31.7697569449597 37.4373912289739 43.7791531327016 50.2649337171632 56.0593945550568 60.3773783760912 62.6679657811628 63.1376861614339 61.7952193056836 59.4690649474368 56.802637894364 54.4392632473918 52.9504638489555 52.2693566434524 52.5087950492606 53.6208756855305 55.749306781327 58.2421619927182 60.5365182652193 62.1924953460693 62.6994504928589 61.7103293362786
78.6369154628585 78.5793406621498 77.8984681210097 76.8871927331476 75.7466901308473 74.3995761498809 72.6932798439965 70.6250578024808 68.2471967628774 65.4899198202526 62.6185050036977 59.5110540705569 56.1598711469594 52.7944744658821 49.3308782568749 45.8463001978748 42.472484925214 38.9128354498569 35.4072692867588 32.0605829515878 28.8269800429835 25.9800061872777 23.5400128167342 21.6590849051581 20.1879874450319 19.3787217324271 19.1157455150695 19.4722939251977 20.5266381655546 22.3929379239459 25.1956751705969 29.1545062779504 34.1307829572436 40.0923659792718 46.6325242821785 53.1483162786154 58.5963495215949 62.7786496220266 65.3154067660079 65.7805749493487 64.6439799771589 62.5590369420893 60.1855554089827 57.9811955129399 56.3023055160747 55.1876378970988 55.3653229334775 55.9697446700405 56.9106430376277 58.4604418479344 59.4940449770759 59.8303179460413 59.0498596079209 56.9841197518741
77.6904615676578 77.3388989519547 76.4483342376702 75.267178643714 73.9512311150046 72.6584557364969 71.1599733689252 69.3988761340871 67.3302060295554 64.9687526927275 62.5388665694524 59.6550344916828 56.6414733458968 53.5651919973247 50.1860137923675 46.7730152554372 43.3126699705334 39.8408441999379 36.2734461523154 32.9673400490599 29.7534038801404 26.8986383339061 24.6022879902054 22.8848047622425 21.5743168631897 20.806133064277 20.674775339663 21.1716567742474 22.3243172260768 24.5488204344669 27.5274633272168 31.5552385642248 36.6547629331403 42.6466277579174 49.1616574784412 55.62172483609 61.2562919302898 65.2916382621316 67.5714240827981 68.1317976993673 67.3380242796505 65.7293395820786 63.7785671178032 61.8335787794169 59.9040401016965 58.6119523995063 58.274496614933 58.2248020908412 58.3207900681916 58.4290695681291 58.2683459906017 57.3070830176858 55.3046296624576 52.2778099845437
75.745472542065 75.14553467009 74.1167897117489 72.7788225061753 71.7157616895788 70.6446336297428 69.4442479189704 68.0085807688096 66.3176807515761 64.4399585732642 62.3965078202241 60.02442779392 57.4168119001038 54.5819853851024 51.4956217899042 48.3299095805954 44.9128417399 41.5339923772742 38.1583299575483 34.9007318230236 31.8049154084395 29.1606494709849 26.9625013808117 25.2374808030093 23.9545092742671 23.2463167436859 23.1416076114949 23.7488898685312 25.0315536966219 27.2446935843019 30.3955379106543 34.4870913429734 39.5587331017151 45.4193858280778 51.6784060172298 57.8236036028932 63.1500533608829 67.3101842175512 69.8387670236475 70.5218078178518 69.9696387122659 68.8604750878671 67.44414248186 65.5518050965141 63.7669067242566 62.3161723438431 61.0808688752791 60.314245223999 59.5341065350701 58.3143623050521 57.0202582557412 54.8881107910591 51.8030471240773 47.9699548272526
72.825400576872 72.0154333114624 70.9820379930384 69.9706361434039 69.1011625738705 68.3160380756154 67.4603421267341 66.3295878242044 64.9414625167847 63.766409504063 62.2779549504904 60.4336785459343 58.2135180454044 55.7627346813679 52.9936515531119 50.1921405958779 47.1114165940705 43.9346109435839 40.8148210329168 37.7141133424114 34.9370075486162 32.3765149734476 30.3435008595971 28.7575733486344 27.4747236022616 26.7429981781718 26.6998511381886 27.3011874129229 28.7265643775463 30.8414199058624 33.7188969730016 37.7630052676096 42.7671376948848 48.3381282910705 54.1571186535499 59.7811269926674 64.6750786076574 68.6073752606616 71.1200668461182 72.3079953754649 72.3989809996941 71.6920583037769 70.5447527100058 69.2517260313034 67.7475706689498 66.0201041172533 64.1699212999905 62.6237914106425 61.0630958676338 58.9349991696722 56.1260247651268 53.0125115557628 49.0071577184341 44.4745169807883
