PREC/medie/CUMULATA_MEDIA_12.asc
NCOLS 177 
NROWS 174 
XLLCORNER 1436301.375 
YLLCORNER 4916704.5 
CELLSIZE 1500 
NODATA_value -9999 
[rows 120 to 139 of 174, columns 46 to 91 of 177]
65.9592625674079 65.7488637251012 65.5415734964259 65.3406418071074 65.4487433714025 65.5257379587959 65.54813394827 65.8941132461323 66.3601285149069 66.6229907204123 67.0748668418211 67.8061315171859 68.7164487558253 69.5656260111753 69.3096859805724 69.0623634352404 68.8255928053575 68.8168740763384 68.8686018971836 68.9258302099564 69.3460659489912 70.1482785870047 70.9670289334129 71.8246015801149 72.8469835028929 73.8681182019851 74.8876234222861 76.1537125391119 77.455983989379 78.7653474106508 79.9154867144192 80.9454349209281 81.9821627981522 82.7509251482346 82.7694650257335 82.7969953522963 82.8313303134021 82.3777738248601 81.9180664875928 81.4913780969732 81.0478862874648 80.5940865348367 80.1039457601659 79.5960511039285 79.0544012855081 78.4830463072833
65.7282939658445 65.5457094557145 65.3672819698558 65.1943380131441 65.2661052731907 65.3094591252944 65.3025113133823 65.6032441223369 66.0187073174645 66.2147650578443 66.6119742673986 67.3104886026943 68.1895735404071 69.034843823489 68.9700761612724 68.918076452087 68.8820573792738 68.9204938551959 68.9784222701017 69.0340158799115 69.3857492769466 70.0559163654552 70.7442703036701 71.4579864880618 72.2778366874246 73.0928123838761 73.9028663074269 75.0268838686102 76.1991530586691 77.3769369966843 78.4486101795645 79.4377767478719 80.4534986720366 81.2589120303883 81.4423579748939 81.6340614066404 81.8322352241067 81.5459550829495 81.2476880129646 80.981696100796 80.5936187295353 80.135631238713 79.6354157924652 79.1077625471003 78.526238118901 77.9129385036581
65.4911692843718 65.3373457123251 65.1880826529335 65.0433179630953 65.0787564165452 65.0852480495677 65.0399843945223 65.2865058394039 65.6436273210189 65.7891232125899 66.1478905958288 66.8303142856149 67.6798869301291 68.5159892895642 68.6387450134053 68.7789618548225 68.9415050113902 69.0267846514197 69.0897906247307 69.149001955986 69.4390767321867 69.9827478212469 70.5419213140712 71.1130120684119 71.7306800379473 72.3408424573786 72.9435856622808 73.9265643288107 74.9715781071607 76.0225149042466 77.019120090148 77.9724546460544 78.9608856369467 79.7923844000872 80.1330920948702 80.4853040050058 80.846457453335 80.7266000298893 80.5875052283792 80.4762729616726 80.1408972740173 79.6724946639117 79.1599153630874 78.6107401567347 77.9868771468892 77.3323420216055
65.2466754352345 65.1227756808786 65.003067816005 64.8867098864387 64.8858627291287 64.8518560353447 64.7580301761627 64.9402988517986 65.2303863272947 65.3438668391284 65.6823040317087 66.3667288808262 67.1886137864169 68.0098251314724 68.3160947841756 68.6451710041832 69.0039682949291 69.1357271180433 69.2025633279015 69.2703001008314 69.5049863212249 69.9268952818478 70.3576786938836 70.786929509219 71.2022954856648 71.608310138478 72.0049886422999 72.8469514285817 73.7661641205058 74.6930476216709 75.6158038447885 76.5357989002677 77.4920199758866 78.3409725637997 78.8336322868572 79.343554019928 79.8667858488419 79.9124956130981 79.9311561724719 79.9716398295234 79.689032274134 79.207199194852 78.6810371735517 78.1092170547037 77.4395786593942 76.7406052982106
65.1512076153475 65.022881788366 64.8983171126422 64.7764758923474 64.75174556059 64.6897735595703 64.5599541103139 64.6988222739276 64.9460510646596 65.0520863813512 65.3809277871076 66.0567725125481 66.8406255315332 67.630503766677 68.0605826728484 68.5180990415461 69.0121821375454 69.1967192818137 69.2913361086565 69.3918941020966 69.5890174823649 69.8962158736061 70.2058586723664 70.5103490913615 70.7885481610018 71.0565974642249 71.3143962271073 72.112119885052 73.0104688896852 73.920082022162 74.8878418838277 75.9070430783664 76.9660223512088 77.8938610413495 78.3554460862104 78.8364767046536 79.3318209648132 79.409803909414 79.4558253288269 79.5144173818476 79.2321715214673 78.7312627399669 78.1859973598929 77.5768960083232 76.8236956245759 76.0433816979913
65.0965369589188 64.9544540433323 64.8146326822393 64.6765355222365 64.6292865416583 64.5417771058924 64.3803775591009 64.4822564265307 64.6934322749867 64.7965940727907 65.1169258285971 65.7800897500094 66.5238840509863 67.2786862780066 67.8207588476293 68.3946366169873 69.0115756147048 69.2508585453033 69.3776915143518 69.514460661832 69.6773157610613 69.869626178461 70.0589816219666 70.2410681458081 70.3907937302309 70.5296133406022 70.657279140809 71.4201374264324 72.307505607605 73.2073428350336 74.224971630994 75.3486747040468 76.5118099941927 77.5156988676857 77.9283821162056 78.3648096112644 78.8193489383249 78.9199441320756 78.9883458894842 79.0649196680854 78.7847676136914 78.2658231959623 77.7023869963253 77.0583723923739 76.2226417695775 75.3611632094664
65.0474352556116 64.8920535199782 64.7294279547299 64.5634664928212 64.4821199389065 64.3652202522053 64.1825025221881 64.2576403056874 64.4421386858996 64.5378182144726 64.8451345247381 65.4910883552888 66.2005162519567 66.9280042017207 67.590958553202 68.2856341179679 69.0240133229424 69.3175383595859 69.4747581762426 69.6424207266639 69.7674611035515 69.8397760110743 69.9082940957125 69.9685560324613 69.9902964269414 70.0038636922836 70.0088894787957 70.7425125767203 71.6255452492658 72.5198486272026 73.589663140914 74.8218573682448 76.0889631860396 77.1707602388718 77.5337896627538 77.9222136385301 78.3307777292588 78.4476801788106 78.535130108104 78.6308769618764 78.3546983774971 77.8188211637385 77.237979482202 76.5611565113068 75.6435704020893 74.7003154263777
65.0095428158255 64.8406489035662 64.6550544850967 64.4610764279085 64.3513448378619 64.2107650953181 64.0125562864191 64.0736207541297 64.2471306183759 64.3513373767628 64.6608805025325 65.303315373028 65.9924784478019 66.7021528272068 67.4513329057132 68.2315766390632 69.0555497758529 69.4127061787774 69.6234484139611 69.8456301128163 69.9757542610168 69.9915335879606 70.0041511058807 70.0127177028095 70.0011051542619 69.9863417429083 69.9682092947118 70.6759803295135 71.5391241662643 72.4119410094093 73.4500491899603 74.6433043339673 75.8629319387324 76.906787072911 77.2475920705234 77.6161637025721 78.0077947167789 78.1192361887764 78.1982816808364 78.2849093184752 78.0231862909654 77.5091341383317 76.9508559423334 76.2934578236412 75.3733129010481 74.430053970393
64.9850336523617 64.8023201297311 64.5934849206139 64.3711951760685 64.2396518623128 64.0818629545324 63.8746093581705 63.9355960032519 64.1152630693772 64.2450337690466 64.5725237131119 65.2249407137141 65.9072763078353 66.607866210096 67.4053474208888 68.2337971224504 69.1066344485563 69.53538396078 69.8212313581915 70.1190343464122 70.2915461484124 70.3051916080363 70.3148575530333 70.3257798447328 70.3525326111737 70.3787141547484 70.4042839653352 71.0769935706083 71.8948291470023 72.7210905832403 73.6580440437093 74.7018373994266 75.7676582476672 76.693276868147 77.0265612321741 77.3891213080462 77.7769038536969 77.8682738752926 77.9216019406038 77.9830276264864 77.7379310551812 77.2609080567079 76.7392088385189 76.1181984719108 75.2204814588322 74.2996683751836
64.9689369622399 64.7703254924101 64.5378402401419 64.2876356349272 64.1346964695874 63.966677904129 63.7701024307924 63.8507779345793 64.0558005992104 64.2100442928426 64.5545049765531 65.2158375908347 65.8830137708608 66.5625440303017 67.3967126572833 68.2626933280159 69.1751529854887 69.6659006862079 70.0192333880593 70.4030256692101 70.6293017723981 70.6515001689687 70.6672598894905 70.6886667293661 70.7625552275602 70.8356655695859 70.9078046504189 71.5496759765288 72.3258523660548 73.1125776487238 73.9571699955884 74.8588300312267 75.7795922756195 76.5934977250941 76.92843486281 77.2858838333803 77.6632441773134 77.7282661129447 77.7465540521285 77.7632459051469 77.5132677274592 77.0534223247977 76.5590345088173 75.966700259377 75.0835854586433 74.1787436288946
64.9617247160743 64.7470390235677 64.49121873519 64.2137358328875 64.0406497085796 63.8653564312879 63.685733795166 63.7865117016961 64.0142417374779 64.1849345599904 64.5426986988853 65.2169708925135 65.8718204358045 66.532336811809 67.4104700053439 68.3221004622824 69.2833412499989 69.8325563949697 70.245577749084 70.7106933032765 70.9915684952455 71.0290596905877 71.0575770069571 71.0952883748447 71.2198164743536 71.3430051032235 71.4645073273603 72.0831169100369 72.8251646967495 73.580598634832 74.3539727014654 75.145810211406 75.9557803238139 76.6856023844551 77.0254473826464 77.3808271043441 77.750401356641 77.800477588878 77.79693886813 77.7831220626831 77.5489792543299 77.1349573135376 76.697705002392 76.1727318272871 75.3676709147061 74.5455173534505
65.0017078063067 64.77323309113 64.4963742845199 64.1939008376178 64.0083708903369 63.8333907688365 63.6783851034501 63.7703577911153 63.9752230994842 64.1170592798906 64.4702223819845 65.1858152291354 65.8567668094355 66.5270122850642 67.5013552150306 68.5103015671758 69.5714298854856 70.1669087935896 70.6054861510501 71.1184055033852 71.443375377094 71.5143954052645 71.5736380044152 71.6433598995209 71.8232112351586 72.0010465734145 72.1763061916127 72.7881788506227 73.5138120370753 74.2552616175483 75.0066562259898 75.7685310980853 76.5456571438733 77.2510050184586 77.5854179017684 77.9285883482765 78.2799779667574 78.322242456324 78.3064279275782 78.2708108284894 78.071169684915 77.7323306588566 77.3799280419069 76.9591310585246 76.3038573054706 75.6327784201678
65.0682210501503 64.8177279865041 64.5231185520396 64.2050855300006 64.0165805536158 63.8438021575703 63.7006096419166 63.7711018394021 63.9402668195612 64.0472568554037 64.3892931727802 65.1400208227775 65.8329037182471 66.5227492583149 67.6040272572461 68.7196056588608 69.8877009162131 70.5374249938656 71.0079455866533 71.5660931958872 71.932703502038 72.0345840173609 72.1275113049675 72.2336805427776 72.4737244213329 72.710950977662 72.9444796057308 73.55527715122 74.2686337583205 74.9963153670816 75.7262097246507 76.4583589469685 77.2014126497156 77.8801239518558 78.2073703653672 78.5372897176182 78.8696992818047 78.9031839230481 78.8743275053361 78.8152640847599 78.646420731264 78.3809590199414 78.1122814907747 77.7934516878689 77.2871039194219 76.7714448606267
65.1663148964153 64.8839254940257 64.57524376757 64.2525340949788 64.0718043832218 63.9032012995552 63.7567573014428 63.791064935572 63.9098905114567 63.9753617398879 64.2992144928259 65.0785337616416 65.7995628767154 66.5195033621481 67.7187121868791 68.9501687953358 70.2318603922339 70.9430573959561 71.4510484600768 72.0511585999938 72.4563474444782 72.5859282928355 72.714244611123 72.859761076815 73.1630831185509 73.4624780486612 73.7566374890945 74.3696181072908 75.0724449017469 75.7850146153394 76.4923103556913 77.1933790795943 77.9000968933105 78.5491533559911 78.866731783923 79.1814561731675 79.4930782458361 79.5158298997318 79.4723562212551 79.3921680450439 79.2599797529333 79.0767958164215 78.9021634354311 78.6950656946968 78.3460678633522 77.9953960110159
65.7193328633028 65.3155397807851 64.9030452616074 64.4857390908634 64.3082427838269 64.1400626687442 63.9866043539608 63.9688262658961 64.0151010401109 64.0167671161539 64.2803286664626 65.0117754585603 65.6838261835715 66.3596581068397 67.7019183621468 69.0746325819808 70.495518866269 71.2681964697207 71.8027724238003 72.4338501832064 72.9038826682988 73.1418058100869 73.3871360876981 73.6462631716448 74.0060621850631 74.3607806738685 74.7086032979629 75.3987970913158 76.1901047229767 76.9881787019617 77.7333432365866 78.4144422166488 79.0962851748747 79.726093825172 80.0407502651215 80.3473955603207 80.645303291433 80.7522088078891 80.8101319565493 80.8180947163526 80.7886597128475 80.7235990552341 80.677385302151 80.5997757490943 80.3662444843965 80.1388227799359
66.3979542956633 65.8481029342203 65.3066858544069 64.7696731090546 64.5921552040998 64.4219295557807 64.2594222180984 64.1847826873555 64.1519830086652 64.0855261718526 64.2801517809139 64.9477076355149 65.5563644626561 66.1742220947464 67.6689931009622 69.1915629646357 70.758649717359 71.5956976624096 72.1565741160337 72.8140695480739 73.3496696738636 73.7057148148032 74.0762350418988 74.4554829597473 74.8647968208089 75.2678978022407 75.6624709578121 76.4310802431668 77.3136938459733 78.1992328026715 78.9805227868697 79.6331697492038 80.2844785522012 80.8893937223098 81.1954021313611 81.4914272813236 81.7765182046329 81.9677782900193 82.128622083103 82.2302204300375 82.3124575334437 82.3757111044491 82.4594129955067 82.5116745023166 82.3936770102557 82.2889741869534
67.109858526903 66.4112250945147 65.7344119689044 65.0693020259633 64.8829459302566 64.7040676509633 64.5294172623578 64.3951966622297 64.2803833063911 64.1554285638473 64.2906511671403 64.9037919815849 65.4631417113192 66.0373201861923 67.7003476575893 69.3840858655817 71.101347612984 72.0078372885199 72.5976692858864 73.2640168947332 73.8467904890285 74.3037742306204 74.7818394759122 75.2647202014923 75.7063922531464 76.1417166485506 76.5680697244756 77.3997583249036 78.3597718687619 79.3227707217721 80.1322666476755 80.747021745233 81.3671163671157 81.9484151391422 82.2474583177005 82.5418954737046 82.8311685954823 83.1211574217852 83.4018370964948 83.616640623878 83.8288573657765 84.0388239131254 84.2550013065338 84.4368549795712 84.43379648994 84.4505319735583
68.0743807904861 67.1941908387577 66.3490932688994 65.5229316318736 65.3126628819634 65.110659346861 64.9092984199524 64.8127841949463 64.7696224521188 64.7419516058529 64.9923793918946 65.7596156351707 66.4815095908502 67.2127497663502 68.8283554657417 70.4543934727416 72.0991422481397 72.9783948379404 73.5506066399462 74.1782011494917 74.7471553578096 75.225919548203 75.7305586408166 76.2421922052608 76.7257848907919 77.2031575932222 77.6713788930108 78.5222846900716 79.4976971850676 80.4745307950412 81.2819665880764 81.869641458287 82.4694922531352 83.0313406551585 83.2749220904182 83.517677896163 83.7597781910616 84.0641137010911 84.3725282164181 84.6055467269 84.8968323258793 85.2547457638909 85.6051025110133 85.9216764253729 86.0567706192241 86.2186570868773
69.3382844924927 68.2366167517269 67.1833101440878 66.1563365880181 65.9034028333776 65.6603650766261 65.4144426514121 65.4627495372997 65.6600798298331 65.8966650261599 66.4446531323826 67.5796331202283 68.6742679020938 69.7589196884073 71.0838409250273 72.4124289277722 73.748436422909 74.4918013460496 74.9913188569686 75.5256901418462 76.0162388016196 76.4379697056378 76.8919592184179 77.362140508259 77.8918781841502 78.4152785890243 78.9290733197156 79.7626964484944 80.7043426738066 81.647474008448 82.430208009832 82.9980966343599 83.584553157582 84.1303051499759 84.2887983602636 84.451439408695 84.6195944056791 84.896081980537 85.1900414579055 85.4016453518587 85.7539780280169 86.2697523902444 86.7644816005931 87.2266079958747 87.5175384633681 87.8406418912551
70.6248844371122 69.3081295350019 68.0538545496323 66.8338786854464 66.5455302911646 66.2647500318639 65.9680041144876 66.1533862562741 66.584586760577 67.0656379811904 67.8905758366865 69.3731570384082 70.8341181418475 72.2775591668016 73.3121918343446 74.3373360826689 75.3467897737727 75.9339074702824 76.3435681076611 76.7896606501411 77.2063858509064 77.5761017378639 77.9864031567293 78.4218702737023 79.0057452005499 79.5838616595549 80.1529166277717 80.9802423364976 81.8970638864181 82.8029298501856 83.5571139279534 84.1015140309053 84.6756243986242 85.2093506139867 85.2856359481812 85.3715625089758 85.4703115855946 85.7224368207595 86.0052822056939 86.1876200227176 86.5896351477679 87.2556928185856 87.8925186325522 88.4985116229338 88.9439626862021 89.4206799338846
