PREC/medie/CUMULATA_MEDIA_03.asc
NCOLS 177 
NROWS 174 
XLLCORNER 1436301.375 
YLLCORNER 4916704.5 
CELLSIZE 1500 
NODATA_value -9999 
[rows 72 to 95 of 174, columns 0 to 53 of 177]
-9999 -9999 -9999 -9999 -9999 -9999 -9999 -9999 -9999 -9999 -9999 -9999 -9999 -9999 -9999 -9999 -9999 -9999 -9999 -9999 81.9181901672307 77.7080252363401 73.8924343323006 70.8136308088022 68.9404004023356 68.3078291626538 68.5937454735532 69.7614861761822 71.5313318722388 73.9898284147768 76.5218956154935 78.7237746785669 80.3126999350155 81.2757538416806 81.4211729063707 81.1107597596505 80.1662391564425 79.2255947519751 78.1586356934379 77.0203377183746 75.9841562299167 75.7352398213218 76.3069491386414 77.0703382421942 78.1427384124083 79.2187327497146 80.121556225945 81.1017782127156 81.8132300376892 82.4630140977747 82.8105343369877 82.6351603900685 81.3780605933245 80.2606838731205
-9999 -9999 -9999 -9999 -9999 -9999 -9999 -9999 -9999 -9999 -9999 -9999 -9999 -9999 -9999 -9999 -9999 -9999 -9999 -9999 80.9677282115992 76.521709606928 72.6355330733692 69.5711509637973 67.6743122619741 67.1185553985484 67.6563500165939 68.8835827638121 70.6196252843913 72.8765954480452 75.1938457979875 77.2444920960595 78.7308155929341 79.4314101934433 79.3483993060449 79.0459722841487 78.4006055277937 77.4763268442715 76.4035815701765 75.6447632032282 75.0763121632969 74.9024151563644 75.3579264809104 76.7923930813284 77.8747591832105 78.8996500688441 79.8045997058644 80.5013795600218 81.0021125569063 81.3133498079636 81.5235295576208 81.1140022838817 80.0573428097893 79.4207909808439
-9999 -9999 -9999 -9999 -9999 -9999 -9999 -9999 -9999 -9999 -9999 -9999 -9999 -9999 -9999 -9999 -9999 -9999 -9999 -9999 -9999 74.2828558700926 70.7560997447547 68.05147858227 66.362990165458 65.9295290743603 66.6533117820235 68.1164408676765 69.952628493309 72.0021251159556 74.0175549633363 75.6811215106179 76.794746426975 77.4516539293177 77.4057412988999 77.0812318675658 76.3711599532296 75.6171681600458 74.8827524115057 74.4282177897061 74.0064176040537 74.2004560723024 74.860482026549 75.8143194773618 77.5843608239118 78.7373426942264 79.5538440451902 80.1318754869349 80.2445449268117 79.9607179585625 79.4896095780765 79.3947694441851 79.1825443155625 78.7073323305915
-9999 -9999 -9999 -9999 -9999 -9999 -9999 -9999 -9999 -9999 -9999 -9999 -9999 -9999 -9999 -9999 -9999 -9999 -9999 -9999 -9999 71.0218120392631 67.9257845527985 65.9273192637107 64.7680065316312 64.6516884740661 65.4333198000403 67.1883917205474 69.2556967595044 71.331878788331 73.1450596066082 74.5503131922554 75.4827049269396 75.8488771985559 75.6891702483682 75.22234573785 74.6524205838933 73.9538056079079 73.3867369574659 73.0531320712146 72.8423459740246 73.384246468544 74.432936556199 75.6126256269567 76.7132461631999 77.7458104526295 78.5296771245844 79.0376850717208 78.8905292118297 78.5642133600572 78.3058584437651 78.2017058765187 77.9395220700432 77.9271240234375
-9999 -9999 -9999 -9999 -9999 -9999 -9999 -9999 -9999 -9999 -9999 -9999 -9999 -9999 -9999 -9999 -9999 -9999 -9999 -9999 -9999 -9999 -9999 -9999 62.7842615281834 63.084228943376 64.3449213574914 66.2851137694191 68.4721611808328 70.6173611037871 72.3805220267352 73.6889092361226 74.418277705417 74.4067088646047 74.1993775087244 73.7282836857964 73.0552724249223 72.3887461984859 71.9274245500565 71.6401083539514 71.7396767419927 72.5880352469052 73.84315412886 75.1439251128365 76.4219149280997 77.389296391431 78.0753534681657 78.3930141505073 78.0411629396326 77.5666223133312 77.2088488971486 77.1441255176769 76.8722086513744 76.9985944523531
-9999 -9999 -9999 -9999 -9999 -9999 -9999 -9999 -9999 -9999 -9999 -9999 -9999 -9999 -9999 -9999 -9999 -9999 -9999 -9999 -9999 -9999 -9999 -9999 60.2427985492875 61.3902717127519 63.2695703927208 65.5567685015061 67.9879053199992 70.2636301657733 72.1277099006316 73.3107240059797 73.7047208337223 73.5806745431002 73.1871474841062 72.5760737587424 71.758675995995 70.9630378063987 70.4225795549505 70.1825160769855 70.5112453699112 71.556711007567 72.9208756615134 74.4066710401984 75.7172061836018 76.7461905058693 77.3581280147328 77.38699964916 76.8763401227839 76.4989000208238 75.9979689261493 75.6803408230052 75.5898640576531 75.9206044533673
-9999 -9999 -9999 -9999 -9999 -9999 -9999 -9999 -9999 -9999 -9999 -9999 -9999 -9999 -9999 -9999 -9999 -9999 -9999 -9999 -9999 -9999 -9999 -9999 57.3166832397966 59.4775642437093 62.3109776623109 65.2291254576515 67.8284159127404 70.07178049929 71.8927768398734 73.1322230591494 73.8349634899813 73.6546425538905 72.8252901750452 71.9371006629046 70.7680907810436 69.7343934564029 68.8799890700509 68.7111237189349 69.2143215642256 70.216251169934 71.5995210900026 73.1615594695596 74.5322395352756 75.4969932472005 76.018272413927 76.0249116701238 75.4415565238279 74.9308034952949 74.442617893219 73.9359316264882 73.8510631112491 74.4920248704798
-9999 -9999 -9999 -9999 -9999 -9999 -9999 -9999 -9999 -9999 -9999 -9999 -9999 -9999 -9999 -9999 -9999 -9999 -9999 -9999 -9999 -9999 -9999 -9999 54.7429516946568 57.8210250980714 61.3581331828061 65.0353413189159 68.1000041120193 70.5930067230673 72.3567703190972 73.7380015148836 73.9507450776942 73.6838110334733 72.47257660417 70.9973763718325 69.7887639578651 68.6218982794706 67.7259865157745 67.4202196598053 67.7532682629193 68.6726926144432 69.9614131661022 71.4768585948383 72.8181879450293 73.6635727882385 74.0692147647633 73.9956325082218 73.5420580050525 73.119559245951 72.5432524681091 72.2029485702515 72.1447145798627 72.6979668000165
-9999 -9999 -9999 -9999 -9999 -9999 -9999 -9999 -9999 -9999 -9999 -9999 -9999 -9999 -9999 -9999 -9999 -9999 -9999 -9999 -9999 -9999 -9999 -9999 -9999 -9999 60.8464675580754 65.1130949258804 68.7516408527599 71.5263557574328 73.6464135927312 74.6417202388539 74.849236053579 74.1470945302178 72.6382332829868 70.8873160726884 69.2300667482264 67.7123175649082 66.597876457607 66.1211579406963 66.2881344837301 66.8111172774259 67.9131460259943 69.2054964444217 70.4151093819562 71.2223376456429 71.4957781959982 71.4917941233691 71.178118242937 70.8241234807407 70.4365144056432 70.1650989756865 70.2978068520041 70.8497243208044
-9999 -9999 -9999 -9999 -9999 -9999 -9999 -9999 -9999 -9999 -9999 -9999 -9999 -9999 -9999 -9999 -9999 -9999 -9999 -9999 -9999 -9999 -9999 -9999 -9999 -9999 60.4341061746373 65.4161376812879 69.6832807484795 73.0566078494577 75.3485939783208 76.2989875849556 76.1044015323415 75.0004917874056 73.1305873674505 70.8408916277044 68.599766478819 66.7713777878705 65.3108383347006 64.4148317645578 64.3377702376422 64.5946316789178 65.3833041541717 66.3534849952249 67.4262089028078 68.0394288652084 68.3442443959853 68.4952129896949 68.3606015934664 68.1607152433956 67.9925645800198 67.8716783944298 68.2440657335169 68.9143363728243
-9999 -9999 -9999 -9999 -9999 -9999 -9999 -9999 -9999 -9999 -9999 -9999 -9999 -9999 -9999 -9999 -9999 -9999 -9999 -9999 -9999 -9999 -9999 -9999 -9999 54.1906004442888 60.1043998844483 65.7388140454012 70.6266359721913 74.6560548754299 77.0535574800828 77.8540862027337 77.4242928448845 75.9845492138582 73.6188695851494 70.7914315391989 68.0218039119945 65.4078951022204 63.492035038331 62.3516166911406 61.8795741095262 61.8205704057918 62.3298621949028 63.1594262754216 63.9636450094335 64.5447835291133 64.992337977185 65.1656437761643 65.2520870881922 65.3307391895967 65.473951774485 65.8612446223988 66.4961252633263 67.2829621819889
-9999 -9999 -9999 -9999 -9999 -9999 -9999 -9999 -9999 -9999 -9999 -9999 -9999 -9999 -9999 -9999 -9999 -9999 -9999 -9999 -9999 -9999 -9999 -9999 -9999 52.9698551893234 59.6237787639394 65.9083176781149 71.4685461801641 75.9013920110815 78.2837661013884 79.0050069865058 78.4533618758707 76.58231976453 73.7714860860039 70.5016827583313 67.002776482526 63.862380139968 61.4671256542206 59.8264133369221 59.0346812290304 58.778695751639 58.9669638661777 59.6691239371019 60.4333113151438 61.1020470717374 61.6315631235347 62.0558901394115 62.4247193476733 62.8981678766363 63.5160323030808 64.2814789239098 64.9137451648712 65.9257553605472
-9999 -9999 -9999 -9999 -9999 -9999 -9999 -9999 -9999 -9999 -9999 -9999 -9999 -9999 -9999 -9999 -9999 -9999 -9999 -9999 -9999 -9999 -9999 -9999 -9999 -9999 58.9788168388255 65.8911385886809 72.116384492201 76.8256150694454 79.2543491475722 79.8236040788538 78.6238631360671 76.2741936795852 73.1472105979919 69.4245400709264 65.4814938376932 61.8324255382313 58.9767488030826 57.072660446167 55.9079330949222 55.3709886915544 55.437136888504 56.1074621046291 56.9869389043135 57.8338457275839 58.707399613717 59.4403224271886 60.2016835072461 60.965504618252 61.8631522515241 62.7046053970561 63.6928088945501 64.9771145512076
-9999 -9999 -9999 -9999 -9999 -9999 -9999 -9999 -9999 -9999 -9999 -9999 -9999 -9999 -9999 -9999 -9999 -9999 -9999 -9999 -9999 -9999 -9999 -9999 -9999 -9999 -9999 65.313901718925 71.8945256401511 76.839289707296 79.3961542073418 79.6949956276838 78.1486852028791 75.4063357465407 71.8463603468502 67.7335913041059 63.3539419454687 59.3678438663483 56.1800928396337 53.9349509687985 52.5768207381753 51.9184173065073 51.9096970908782 52.6203665242476 53.6834801435471 54.9179420541315 56.1259828876047 57.4028278378879 58.5538819817936 59.6639351704541 60.547110080719 61.5157022896935 62.8228810394511 64.1217341563281
-9999 -9999 -9999 -9999 -9999 -9999 -9999 -9999 -9999 -9999 -9999 -9999 -9999 -9999 -9999 -9999 -9999 -9999 -9999 -9999 -9999 -9999 -9999 -9999 -9999 -9999 -9999 63.8045089946074 70.4210308579838 75.1973129581003 77.9615773593678 78.1401592142442 76.5676288043751 73.5526899169473 69.6611848157995 65.2427095525405 60.5678695229923 56.4653789997101 53.0796538661508 50.6612996914807 49.2104488961837 48.4545172242557 48.5300559085958 49.3680404144175 50.710823080119 52.2923379435259 53.9658248214161 55.6891439942753 57.3033557919895 58.6252775893492 59.9237650562735 61.1853041929357 62.5029382565442 63.7920207556556
-9999 -9999 -9999 -9999 -9999 -9999 -9999 -9999 -9999 -9999 -9999 -9999 -9999 -9999 -9999 -9999 -9999 -9999 -9999 -9999 -9999 -9999 -9999 -9999 -9999 -9999 -9999 61.0229814333074 67.4963357799193 72.1782667356379 74.838704067118 75.1402505706338 73.5295571158914 70.4381252457114 66.4020481390112 61.8315776656656 57.1909870820887 53.1077106279485 49.7209404777078 47.3373705920051 45.9092462764067 45.2068813828861 45.4838338178747 46.5082740012337 48.1913024888319 50.1809489025789 52.2809594518998 54.4603584513945 56.5150039196014 58.2603840547449 59.9125355832717 61.4002515007468 62.8762622580809 64.0801219519447
-9999 -9999 -9999 -9999 -9999 -9999 -9999 -9999 -9999 -9999 -9999 -9999 -9999 -9999 -9999 -9999 -9999 -9999 -9999 -9999 -9999 -9999 -9999 -9999 -9999 -9999 -9999 56.8575064084109 62.9350881506415 67.4849879461176 69.6640048027039 70.1723135218901 68.694083368077 65.8245437285479 61.8715459599214 57.4937042629018 53.2481299288133 49.4333685145659 46.3323988353505 44.0676561664133 42.8281951651854 42.4210072825937 42.8839437681086 44.1717985658085 46.1882538935717 48.6041447134579 51.3319718557246 53.9206289684071 56.353469582165 58.4729960665983 60.4937812300289 62.3021806969362 63.8000940014334 64.795713817372
-9999 -9999 -9999 -9999 -9999 -9999 -9999 -9999 -9999 -9999 -9999 -9999 -9999 -9999 -9999 -9999 -9999 -9999 -9999 -9999 -9999 -9999 -9999 -9999 -9999 -9999 -9999 51.2998315586763 56.7376826089971 61.0168588932823 63.1384712668026 63.4652816267575 62.3730288814096 59.9133416344138 56.5467223279616 52.6789337326499 48.9401003052207 45.6251162641189 42.955887892667 41.0151805036208 39.9151379781611 39.9169703231138 40.6943077339846 42.435303456643 44.8851061989279 47.7168374482323 50.7249252936419 53.7398855125203 56.7082485591664 59.2960127241471 61.5230268871083 63.3345344347112 64.5970913522384 65.4003230543698
-9999 -9999 -9999 -9999 -9999 -9999 -9999 -9999 -9999 -9999 -9999 -9999 -9999 -9999 -9999 -9999 -9999 -9999 -9999 -9999 -9999 -9999 -9999 -9999 -9999 -9999 -9999 -9999 49.399528482381 53.2314962709651 55.2595627167646 55.7913388224209 54.9894173706279 53.1185230086831 50.5691446276272 47.5119195124682 44.4363674276015 41.7918523620157 39.5636834817774 38.1657290318433 37.5920172859641 37.9256563326892 39.1032666178311 41.24127174125 44.0718467586181 47.3389444842058 50.8392185463625 54.4306506549611 57.7759941325468 60.550651550293 62.8106147822212 64.3752507321975 65.3396126242245 65.8740782176747
-9999 -9999 -9999 -9999 -9999 -9999 -9999 -9999 -9999 -9999 -9999 -9999 -9999 -9999 -9999 -9999 -9999 -9999 -9999 -9999 -9999 -9999 -9999 -9999 -9999 -9999 -9999 -9999 41.5141276541878 44.7770134771571 46.8143439433154 47.6472059698666 47.4114777200362 46.2926032683429 44.4144784702974 42.2535823934218 40.1035323844237 38.1418814729242 36.6325098346261 35.778174477465 35.6978576183319 36.4703978440341 38.08392505786 40.560302846572 43.8838492772158 47.6061029925066 51.5279246638803 55.4534791497623 59.0940101006452 62.009325167712 64.2096007851993 65.3663607204662 65.9081026806551 66.0345315933228
-9999 -9999 -9999 -9999 -9999 -9999 -9999 -9999 -9999 -9999 -9999 -9999 -9999 -9999 -9999 -9999 -9999 -9999 -9999 -9999 -9999 -9999 -9999 -9999 -9999 -9999 -9999 -9999 33.9817320564214 36.6680380105972 38.5594963817035 39.7707685442532 40.1013899200103 39.8003556307624 38.8350959525389 37.5101738537059 36.1831054407008 35.0537537336349 34.1818941200481 33.9534412902944 34.3797214171466 35.6029818058014 37.6387937349432 40.5318955463522 44.157337826841 48.2525303223554 52.5421560652116 56.6629178524017 60.3780174115125 63.2280856581295 65.1980839056127 66.1319450771107 66.1530561727636 65.7654345175799
-9999 -9999 -9999 -9999 -9999 -9999 -9999 -9999 -9999 -9999 -9999 -9999 -9999 -9999 -9999 -9999 -9999 -9999 -9999 -9999 -9999 -9999 -9999 -9999 -9999 -9999 -9999 -9999 -9999 -9999 31.4617489681524 32.8943579617669 33.7952707304674 34.1141432523727 33.920686525457 33.5035808156518 33.0321603662827 32.611365942394 32.4540711220573 32.7232536077499 33.5890921704909 35.332760495298 37.7192719824174 40.9805108168546 44.9296601449742 49.2734196747051 53.6903020704494 57.8323792429531 61.3851906411788 63.98500363967 65.6402893627391 66.2280445379369 65.9471482108621 64.9779463375316
-9999 -9999 -9999 -9999 -9999 -9999 -9999 -9999 -9999 -9999 -9999 -9999 -9999 -9999 -9999 -9999 -9999 -9999 -9999 -9999 -9999 -9999 -9999 -9999 -9999 -9999 -9999 -9999 -9999 -9999 -9999 -9999 28.667570345542 29.5014135837555 30.0178445191944 30.4309605605462 30.749083136811 31.06374479392 31.4089672810891 32.1443983842345 33.5071243082776 35.612602872007 38.3832783278297 41.9149926970987 46.0995117285672 50.5140090900309 54.8715762320687 58.8098740577698 62.0482394835528 64.1482912652633 65.2322670431698 65.3598137743333 64.6777369274813 63.5577717388377
-9999 -9999 -9999 -9999 -9999 -9999 -9999 -9999 -9999 -9999 -9999 -9999 -9999 -9999 -9999 -9999 -9999 -9999 -9999 -9999 -9999 -9999 -9999 -9999 -9999 -9999 -9999 -9999 -9999 -9999 -9999 -9999 25.0954202308374 26.4197733682745 27.8594233463792 28.9565694928169 29.8631022151779 30.6314705645337 31.4341506607392 32.6651380272473 34.2257829448756 36.6165760825662 39.6299029097838 43.2301798708299 47.4605853066725 51.7824563068502 55.8344486811582 59.3314759170308 62.0936801153071 63.6253439258127 63.9945805213031 63.6295522802016 62.6060833369984 61.317734970766
