PREC/medie/CUMULATA_MEDIA_12.asc
NCOLS 177 
NROWS 174 
XLLCORNER 1436301.375 
YLLCORNER 4916704.5 
CELLSIZE 1500 
NODATA_value -9999 
[rows 60 to 79 of 174, columns 0 to 45 of 177]
96.6167855990249 99.1496340246762 101.690580648534 104.240715643939 106.989412195542 109.793484800002 112.45014667511 114.350987069747 115.422756419462 116.347081380732 117.288326067083 118.382274234996 119.531703275793 120.721158560585 122.432671743281 124.144966658424 125.811438006513 126.638240309323 127.101419757394 127.505845350378 127.64766367744 127.457989860983 127.245717301088 127.040160655975 126.890600400812 126.717982151929 126.526994929594 126.457028445076 126.38693113888 126.291882851545 126.11497890248 125.896224358503 125.669095039368 125.395004384658 125.052510149339 124.720118550693 124.380346710355 123.98220512753 123.627258150017 123.312298706349 123.719117198797 124.196290871676 124.620140023968 124.569860514473 124.242704110987 123.675840994891
98.5830427618588 101.028149436502 103.461986710044 105.876140818876 108.47354518666 111.119000042186 113.639690090628 115.422888054567 116.424566072576 117.282048225403 118.164469354293 119.212698768167 120.260871129877 121.310337417266 122.828503552605 124.339212698095 125.800696639454 126.55149360264 127.008146875045 127.475781272439 127.695584353279 127.609332000508 127.507894011105 127.403193670161 127.301838874817 127.158551917357 126.982278571409 126.838006720823 126.701941546272 126.578211055082 126.462120729334 126.347271246069 126.182992149802 126.01011427711 125.824711014243 125.619015918059 125.40914700183 125.208176523447 125.069081415587 124.986988512032 125.216457360808 125.464108469732 125.654525162652 125.402463071487 124.892119463752 124.2036077275
100.631989086376 102.965538698084 105.272003903108 107.533967579112 109.96390320273 112.435158000273 114.799130355611 116.445653186125 117.357623184428 118.134936781491 118.946655077093 119.937307077296 120.89657794728 121.835836073932 123.188867625068 124.521851245095 125.793392588111 126.485219296287 126.948226395775 127.465972325381 127.751374356887 127.755979369668 127.754497415879 127.739582875196 127.676171414992 127.572048972635 127.435996869031 127.241811640122 127.053449125851 126.887885935166 126.820441161885 126.796772844651 126.691132489373 126.615711043863 126.583217003766 126.512554505292 126.444730119492 126.452743955395 126.529684963472 126.669928594547 126.711096641334 126.723201761132 126.686072783599 126.238096293281 125.550327301025 124.71818003935
102.720905023463 104.933231578154 107.102131114287 109.203441339381 111.45652773801 113.744007278891 115.937517755172 117.434150134816 118.241472440607 118.927490935606 119.657728615929 120.579401885762 121.457754724166 122.309154286104 123.519360037411 124.694326877594 125.789149831323 126.437911440344 126.919347202077 127.475379438961 127.814692413106 127.897747362361 127.985049317865 128.048121115741 128.011299666236 127.956716930165 127.888286730822 127.671304029577 127.445926638211 127.224098093369 127.191449473886 127.244378286249 127.192393920001 127.20981760586 127.325130126056 127.399587911718 127.488513367031 127.720013555386 128.013242410825 128.362936715486 128.202437814818 127.971516643103 127.714110714671 127.077461859759 126.219428567325 125.216495401719
104.783850389368 106.903977842892 108.962998838986 110.931563124937 112.996769316056 115.079349125133 117.081422048457 118.410494075102 119.096391958349 119.674905973322 120.321300029755 121.211759483113 122.046057588914 122.846144367667 123.946835293489 124.997009992599 125.948248624802 126.488860971787 126.884856827119 127.37645352588 127.685961597106 127.784159463995 127.897762943717 127.992656399222 128.001681902829 128.015945041881 128.033816561979 127.932479858398 127.815442562103 127.68168443792 127.687643303591 127.75378482482 127.692675927106 127.703194954816 127.81392995049 127.881788983065 127.996773271 128.431377018199 128.920385304619 129.458919581245 129.123081263374 128.681615941665 128.23618888855 127.180670682122 125.768706041224 124.210493929246
106.809463500977 108.836032671087 110.793606533724 112.652183841257 114.548337824204 116.440683196573 118.244161437539 119.399799543269 119.957337800194 120.414623092203 120.965429418227 121.817133398617 122.606584492852 123.35907422795 124.353556240306 125.286619705312 126.108325846055 126.538472540238 126.838211396161 127.250834759544 127.518602609634 127.621780143065 127.747967102948 127.863357656142 127.920405135435 128.000410640941 128.097444534302 128.134545915267 128.154294799356 128.1443066036 128.189475564396 128.252985056709 128.17022040311 128.150680373697 128.218859728645 128.241522228017 128.349634114434 128.983779851128 129.664471121395 130.387384414673 129.884848594666 129.242435006534 128.614729208105 127.072488840889 124.996015717002 122.780350068036
108.760419593138 110.686510955586 112.557983650881 114.353929379407 116.128308296204 117.869985917035 119.461658646079 120.431477771086 120.846710962408 121.146647621604 121.56348936698 122.336005813935 123.059285752914 123.75461990693 124.631770232145 125.450644815669 126.168862244662 126.515426930259 126.745167521869 127.097698884852 127.34376726431 127.471282902886 127.615480535171 127.754401192946 127.862205266953 127.976879568661 128.096623168272 128.215668369742 128.331163266126 128.439634435317 128.517977490145 128.5749372314 128.492174765643 128.4643127778 128.511906399446 128.513065001544 128.639244247885 129.497143745422 130.389693765079 131.313575744629 130.660575025222 129.822841756484 128.987063351799 126.932540276471 124.165982470793 121.326254059287
110.020083118888 111.879068066092 113.69760462817 115.46241569519 117.220478450551 118.9325057759 120.431244766011 121.297349116381 121.619571994333 121.809834396138 122.117989091312 122.775406010011 123.397842575522 124.003007201587 124.802086605745 125.546498452916 126.199802328559 126.496619939804 126.68774731019 127.010738695369 127.241394982618 127.372212536195 127.513753021465 127.655414413003 127.789953904993 127.915465789683 128.034724263584 128.171611673692 128.317326349371 128.479344718597 128.552225786097 128.576994980083 128.468709356645 128.393729097703 128.364238907309 128.287646798527 128.352469444275 129.227554433486 130.126049546634 131.045402975643 130.282247094547 129.318110802594 128.342525706572 125.979110493379 122.804782138151 119.623592264512
110.923469487359 112.717183758231 114.486295868369 116.223650595721 118.017307477839 119.764174321119 121.23933912726 122.050652728361 122.310674639309 122.423190691892 122.638621975394 123.152091587291 123.644218416775 124.129673607209 124.881577435662 125.583635063732 126.204888133442 126.482172096477 126.664168357849 126.987651516409 127.209639310837 127.324240936952 127.443089891883 127.566429418676 127.702491802328 127.812989080653 127.905752757016 127.987805184196 128.088028599234 128.226791522082 128.246544052573 128.205386049607 128.037649827845 127.865415404825 127.687264330247 127.461088404936 127.363265318029 127.999240370358 128.646636906792 129.304117651547 128.477730246151 127.470312455121 126.438730408164 124.018482488744 120.786525389727 117.613599384532
111.993318024804 113.755124484791 115.485848202425 117.179142110488 118.993555405561 120.753716244417 122.167353658115 122.885981756098 123.047258040484 123.052343789269 123.145660512588 123.487325556138 123.843082147486 124.21454819511 124.923828082926 125.590961456299 126.191547295626 126.460762262344 126.643342803506 126.966366950203 127.178568138796 127.276036472882 127.354000680587 127.438523180345 127.555577783024 127.642467400607 127.708655090893 127.735552984125 127.784564298742 127.882146947524 127.830714534311 127.705618353451 127.454899647657 127.161587939543 126.811475192799 126.450271157657 126.213717236238 126.634661730598 127.052443223841 127.46732302273 126.597129877876 125.572273534887 124.529461243573 122.097146539127 118.852367457222 115.643480861888
113.11710730721 114.886307127335 116.615415040184 118.298607405494 120.156322535347 121.945080616895 123.311425994424 123.922787049237 123.951562011943 123.817089010687 123.747119230383 123.856979103649 124.022883555468 124.232782434015 124.884005574619 125.502628242268 126.070456098108 126.358906914206 126.57892018206 126.934433544383 127.148975687868 127.222510379903 127.249328949872 127.284520962659 127.370879608042 127.425310401356 127.458305134493 127.426920413971 127.420743044685 127.47013519792 127.342091672561 127.12846848544 126.788586139679 126.377640219296 125.872198385351 125.402278114768 125.053649846245 125.279362285838 125.486523403841 125.677242896136 124.783222647274 123.762754272012 122.736051727744 120.358450665193 117.191176863278 114.012897912194
114.352093668545 116.213717236238 118.028336917653 119.791072032031 121.759288647596 123.63730060353 125.020037062028 125.512325258816 125.340724075542 124.996905537213 124.659675485948 124.361278099172 124.158168512232 124.028884649277 124.553019243128 125.053340491127 125.51729759048 125.918218837065 126.319163154153 126.852833193891 127.126114270266 127.1429304165 127.085107074064 127.03584347753 127.049830198288 127.029723125346 126.987124148537 126.875203805811 126.792435996673 126.772084558711 126.558058794807 126.252179847044 125.819471583647 125.35973888285 124.864136190975 124.451616483576 124.146880430334 124.282337469213 124.383982433992 124.455828105702 123.653375176822 122.753435247085 121.858810312608 119.956974534427 117.466226297266 114.916464300717
115.442684594323 117.314704193788 119.143033588634 120.924332590664 122.944517444162 124.883048842935 126.365845624138 126.81668362898 126.523839754217 126.02142569598 125.461887499865 124.802083898993 124.252860069275 123.797927926568 124.205013373319 124.596660319497 124.965170846266 125.490218807669 126.075283737744 126.762023287661 127.067014098167 127.003175153452 126.843704770593 126.694726544268 126.621176635518 126.516453967375 126.391494358287 126.192295649472 126.030681357664 125.946652833153 125.652444306542 125.262140484417 124.771478091969 124.297881799586 123.846196034375 123.492932712331 123.225283706889 123.264249156503 123.26535875657 123.233182514415 122.537337219014 121.767416000366 120.999944462496 119.568696667166 117.749302387238 115.832649343154
116.457605081446 118.292472699109 120.089136628544 121.846246074228 123.874461903292 125.848052389481 127.475160879247 127.927528269151 127.5624405917 126.932920483982 126.180512512431 125.193205005982 124.31427805564 123.544585031622 123.842528483447 124.133534291211 124.41397866782 125.074149033603 125.845960329561 126.662078983643 126.97205321929 126.802949239226 126.523456377142 126.257435798645 126.078628483941 125.876640558243 125.659920524148 125.363939790165 125.119009508806 124.976227844463 124.606773825253 124.139848793254 123.630924898035 123.183997546925 122.816620714524 122.524479473338 122.285694430856 122.220446418313 122.127086639404 122.009097688338 121.438341224895 120.810184731203 120.163806101855 119.196816528545 118.042447959676 116.764583699843
116.54643426222 118.063812929041 119.554244574379 121.017658598283 122.88397842295 124.741760422202 126.362554437974 126.984429275288 126.928912218879 126.546296905069 125.897345234366 124.736677660662 123.679459501715 122.741872661254 122.987889191684 123.234790535534 123.482510566711 124.175561785698 124.986146758584 125.786339879036 126.09905777258 125.957768496345 125.689433841144 125.38751011035 125.036824072109 124.671655991498 124.297649692087 123.935793960796 123.640391609248 123.471005615066 123.149843889124 122.766873527976 122.398764189552 122.076494315091 121.813362850862 121.602106683394 121.427627619575 121.372683300691 121.29911439559 121.209329633152 120.711628773633 120.154610465555 119.558874747332 118.785159812254 117.907255761764 116.879053704879
116.576710111955 117.76012841393 118.929743878982 120.085477941176 121.777306528652 123.497950105106 125.069105232463 125.845858742209 126.102009745205 125.999987097347 125.48175500421 124.169799972983 122.95213487569 121.865293671103 122.066277412807 122.271821646129 122.483686664525 123.181662370177 123.9935131073 124.7420589433 125.048687591272 124.952508309308 124.716772931464 124.390271656653 123.849721901557 123.311126112938 122.773470675244 122.361900441787 122.030073474435 121.844343164388 121.605913169244 121.35082378107 121.16151896645 120.986696804271 120.830796802745 120.705407535329 120.605176561019 120.592501584221 120.569328784943 120.537078520831 120.095290688907 119.587041546317 119.01984613082 118.360825875226 117.648049017962 116.760322570801
116.506274559919 117.34637484831 118.202167903676 119.071815560846 120.614083963282 122.207713884466 123.693215201883 124.594097249648 125.124139308929 125.340708339916 124.98757390415 123.566447594587 122.210008775487 120.989095463472 121.158712898984 121.316275428323 121.458518960897 122.12768471241 122.907454231206 123.582470395986 123.861889299224 123.788400292397 123.574589182349 123.212340127019 122.472851928543 121.79908048756 121.164965741775 120.772351257941 120.460564795662 120.292658416664 120.172169152428 120.075858649086 120.050635379903 120.008121630725 119.944539631114 119.904102788252 119.880516543108 119.912624499377 119.929283534779 119.932646246517 119.52478983823 119.044310036828 118.4874977785 117.924957079046 117.359089290395 116.605536404778
115.97099015292 116.622728445951 117.316152951297 118.045593177571 119.468895449358 120.95041455942 122.363802853753 123.272865042967 123.8774794831 124.219575601466 123.995690598207 122.728020050946 121.487919176326 120.364749789238 120.507170312545 120.620348930359 120.6970289034 121.230325719889 121.845812327722 122.318615250728 122.418789239491 122.194629683214 121.832730580779 121.318224828033 120.413394409067 119.638058301281 118.939434864942 118.682723816703 118.505888107945 118.468944644227 118.547580361366 118.677176636808 118.882300440003 119.030162593898 119.107953225865 119.201085974188 119.290830668281 119.349815284505 119.388538528891 119.409892811495 119.04264868007 118.599249082453 118.062196451075 117.571115549873 117.106992188622 116.442381157595
115.19640678518 115.732602540184 116.342188765021 117.013274220859 118.33406013601 119.713756140541 121.064755804398 121.901194193784 122.43822015033 122.758974874721 122.634396244498 121.712093942306 120.78651489931 119.947714405901 120.07227742672 120.149989471716 120.170591515653 120.473712563515 120.804756003268 120.952863058623 120.72228422235 120.169279184412 119.47776121953 118.681527213139 117.633480866166 116.780368415748 116.040905954207 116.04036004929 116.119661918458 116.33668886388 116.703602605006 117.134773720713 117.646704316139 118.053215258262 118.331076187246 118.616845972398 118.864890806815 118.929790945614 118.969452268937 118.987563049092 118.669456453884 118.274794718798 117.769148602205 117.318627020892 116.900446807637 116.269078535192
114.259557499605 114.804332284366 115.411693502875 116.070184497272 117.332308404586 118.641797696843 119.925940653857 120.685303070966 121.149750569287 121.412833157708 121.356118300382 120.742590104832 120.087267903721 119.48263025985 119.544464440907 119.538565144819 119.452067634639 119.472059937084 119.479548082632 119.31408428094 118.763643143808 117.892529643634 116.972078141044 116.004329258905 114.920285692986 114.050034518628 113.302429271971 113.592609430937 113.944252295529 114.40349406004 115.047361463308 115.766568830785 116.550351177945 117.180337299319 117.623832793797 118.078041462337 118.462104723734 118.511352048201 118.53405416713 118.534168467802 118.250518574434 117.890288016375 117.403009274427 116.979994493372 116.594661908991 116.009346204645
