PREC/medie/CUMULATA_MEDIA_11.asc
NCOLS 177 
NROWS 174 
XLLCORNER 1436301.375 
YLLCORNER 4916704.5 
CELLSIZE 1500 
NODATA_value -9999 
[rows 72 to 95 of 174, columns 54 to 107 of 177]
228.508511374978 217.606677167556 205.660298796261 193.417760568507 181.533581677605 170.355605686412 160.185593436746 151.463272571564 143.89781890196 137.786965903114 133.463224551257 130.9361242687 130.465936183929 131.507139233982 133.769263660207 136.914147012374 140.498982709997 143.773475338431 146.505011951222 148.446780429167 149.543838444878 149.597738041597 148.626546326806 146.746744744918 144.044998421389 140.697434004615 137.148650505964 133.944557077744 131.185147117166 129.598084169276 129.03547040154 130.190171914942 132.142675147337 134.609907963697 137.155457384446 139.018467594596 139.53199484769 138.607393208672 135.991973708658 133.062406147228 130.128631760092 127.68811786876 126.285685034359 126.003124012667 127.579928173738 130.972398393294 135.835422684165 141.969175114351 149.166534003089 156.124148705426 162.092990202062 166.694215886733 169.29830901763 169.38062768824
227.954293026644 218.59753816268 207.318003934972 195.560911178589 184.047027812285 172.837590105393 162.761476965512 153.194135665894 144.785258461447 137.739978958579 132.431821907268 128.951601336984 127.564242264804 127.763546466827 129.87377724928 133.115802568548 137.08232531828 141.147349413703 144.916945569655 148.258361479815 150.346779262318 151.178773262922 150.753544919631 148.85737435958 145.70172326705 141.591932128457 137.246083876666 132.736194498399 128.786969633663 126.024462195004 124.71856361277 124.849629682653 126.733972296995 129.697124789743 132.831025768729 135.597992336049 136.885054476121 136.281448476455 134.413100635304 131.336266742033 127.628363441018 124.198038101196 121.475153754739 120.033678223105 120.603832581464 123.34930972492 127.598780519822 133.320801117841 140.603417256299 148.238851322847 155.242573008818 161.015672319076 165.295217990875 167.695429044611
224.353931258706 216.880618656383 207.757261500639 197.192789919236 186.420164220473 175.837537821601 165.450524386238 155.531605103437 146.247385866502 138.55611408458 132.502270025366 128.284245294683 126.338077965905 126.580557710984 128.217847038718 131.657483633827 136.11643075943 141.04891575084 146.133377467885 150.509233334485 153.572352241067 155.079775473651 154.881894840914 152.78867373747 148.929171562195 143.553613943212 137.523427794961 131.448464393616 126.095883088953 122.050473858328 119.758812651915 119.21029736014 120.957321166992 124.05514386121 127.697356196011 131.072866664213 132.910904772141 132.93759912603 131.396724083844 128.232489417581 123.983026336221 119.723047649159 115.725253385656 113.250771466423 112.798727259916 114.549992645488 117.989152543685 123.209375044879 129.751172065735 138.153945894802 145.935442952549 153.109862720265 159.269766386817 163.841966264388
218.513351889218 213.323809118832 206.327543090372 197.957668921527 188.723783100353 178.888033025405 168.441691707162 158.128864512724 148.693068588481 140.432827612933 133.634252407972 129.112933832056 126.816131058861 126.874506389394 128.784908126382 132.30940024993 137.389954623054 143.276768600239 149.561682140126 154.763889537138 158.581374280593 160.612230357002 160.572490355548 157.904221646926 152.811166819404 145.697990361382 137.528502856984 129.750114328721 122.830503071056 117.525929310743 114.205912505879 112.955599672654 114.178804846371 117.446918010712 121.520083203035 125.270901567796 127.792049407959 128.771239196553 127.52489233017 124.287544587079 119.584670683917 114.203286227058 109.416529767654 106.14166024152 104.874621896183 105.567054411944 108.167429250829 112.919106259066 119.170634297764 126.989183341756 135.892985007342 144.357490118812 152.105134627398 158.880584352157
211.377681619981 208.608291794272 204.128119861378 198.203339296229 190.327870256761 181.486835143145 171.560598401462 161.126407146454 151.438213572783 142.842406693627 136.087502114913 131.188012319453 128.514448334189 128.540728821474 130.658043889438 134.807143435759 140.794813212226 147.585958116195 154.877345085144 161.087578549105 165.291534031139 167.499528716592 166.888412251192 163.142707039328 156.269094298868 146.963634883656 136.565975637997 126.588822533103 118.161720949061 111.827862571268 107.803714443656 105.968788455514 106.926932980033 109.920200207654 113.978928285487 118.108693599701 121.814521593206 123.624678162967 122.737513401929 119.384362613454 113.984203338623 107.866961170645 102.759365474477 98.965430764591 97.1007016686832 96.9651467379402 98.8631443135879 103.016073900111 109.163200715009 116.938406944275 125.780320784625 135.3321537691 144.815492854399 153.235767925487
204.648436658523 203.708771425135 201.28875839009 197.380872614243 191.596855948953 183.391549671397 173.909122775583 164.200965460609 154.737690392663 146.114792739644 139.182198917165 134.129481007071 131.398552894592 131.558661432827 134.314267719493 138.934479825637 145.163502468782 152.629614156835 160.481339286355 167.608688074 172.549817534054 174.487966537476 172.675344523262 167.043193256154 158.053210202385 146.494295008042 133.885580175063 122.228732613956 112.29198921428 104.758175008437 100.171749760123 98.1048384273753 98.874185926774 101.893915372736 106.123324225931 110.940883636475 115.16945810879 117.235654101652 116.351888291976 112.934049494126 107.811180423288 101.856671108919 96.4301959206076 92.2120814042933 89.7930806103875 89.163961354424 90.5301429804634 94.3751012858223 100.128853769863 107.636758776272 116.9010144402 126.714866441839 137.048370249131 146.790463335374
197.879275434157 198.631741018856 198.170149242177 196.158349990845 191.270647273344 184.218373523039 176.145895817701 166.956811512218 157.97543183495 149.735665854286 142.725702678456 137.5166108468 135.11239492192 135.409037057091 138.15683594872 143.071897675009 149.551170124727 157.617996776805 165.800402304705 172.747195019442 177.546142578125 178.904609343585 175.908651520224 168.328923898585 157.020842552185 143.28508012435 129.002202426686 115.947468757629 105.201169939602 97.1650758631089 92.0683546346777 89.7001397749957 90.405766992008 93.4331923653098 98.0726742463953 103.358405393713 107.706459578346 110.321178183836 110.325860023499 107.645965239581 102.760569207809 96.7375813652487 90.946818968829 86.4715293715982 83.5791602415197 82.5703597629771 83.5296817106359 86.9102933827568 92.3972771868986 99.9281834153568 109.228207728442 119.984897136688 130.929206427406 141.78617699006
191.057994674234 193.190108187058 194.206806407255 193.606293622185 190.457461357117 184.659122607287 177.590368158677 169.416692313026 160.807364856496 152.875408901888 145.872439075919 140.777190993814 138.51792829177 138.695853233337 141.581782116609 146.538659881143 153.079601063448 161.037478166468 168.959674947402 175.470248334548 179.341909296372 179.462386355681 174.848585409277 165.378328435561 152.169199045967 136.9292047725 121.555897151723 107.798236285939 96.7597354720621 88.7801385206335 83.791096238529 81.5663499551661 82.337180446176 85.5380842264961 90.3469289050383 95.9127284779268 101.125034724965 104.681223672979 105.126481028164 102.470637461718 97.4890438528622 91.6583558811861 85.7963139309603 81.1626956603106 78.0444804640377 76.7969273118412 77.5796949442695 80.72478092418 85.7999365750481 93.2454101618599 102.727638272678 113.711577415466 125.709092112149 137.838566667893
184.858217912562 187.999517160303 190.260893429027 190.887969970703 188.802781722125 184.601988343632 178.468244103824 170.812909266528 162.760384952321 154.947089868433 148.224066762363 143.077386379242 140.958603999194 141.089446909287 143.750757722294 148.193946894477 154.603808066424 162.097080174614 169.117281857659 174.539463435902 177.005192812751 175.200228522806 168.933687378378 157.813910652609 143.087308659273 127.248663790086 111.826040997225 98.1448407734142 87.5203923057107 80.0420313161962 75.2312285479377 73.415974224315 74.5197575793547 78.1240526928621 83.3268623913036 89.6531362253077 95.4176668559804 99.2994931445402 100.227018384372 97.8521036821253 92.9713778776281 86.9625469376059 80.9933874747332 76.2888933350058 73.1824582885293 71.798754271339 72.3977381201351 75.1351673743304 80.1309163991143 87.6785689522238 97.3381423950195 108.737573791953 121.599897721234 134.326931168051
178.856151075924 183.44675989712 186.539934214424 188.158793785993 187.047070391038 183.801452272079 178.289680593154 171.064527483547 163.244851533104 155.650642956004 148.923069477081 144.168331034043 141.999414528117 141.905291164623 144.071600016426 147.87519421297 153.611778259277 159.991383776945 165.60509188035 169.359388688031 169.706339443431 165.671749339384 157.87722716612 145.865440032061 130.859540434445 115.052794456482 100.372931480408 87.6753983217127 77.822531559888 71.0552167892456 66.6863657306222 65.7462495495291 67.6249305500704 71.6815023702734 77.4933682890499 84.1312167784747 90.2120394426234 94.4182143211365 95.6822878052207 93.6603755389943 89.0293815276202 82.8941273408778 76.7016390912673 71.964851323296 68.7951689607957 67.3929144073935 67.8049353711745 70.5301659527947 75.7671066452475 83.4329708604252 93.2151125739603 104.804653897005 118.011713140151 131.311983669505
174.019153090084 178.668345507453 182.552948222441 184.507205570445 184.665579571443 181.944199449876 176.761025625117 169.758103398716 161.984498416676 154.677621953628 148.390517515295 143.828239272623 141.35996392194 140.673810341779 142.101655511295 145.005693716161 149.407131307265 154.209505025078 158.057389091043 159.649359815261 158.023732578053 152.326924436233 142.517487021054 130.537414831274 116.074682684506 101.219515744378 87.864905722001 76.6712838060716 68.0087579278385 62.1725725706886 59.1227114901823 59.1470657797421 61.5677962583654 66.0892680392546 72.5358246074003 79.6236847428714 86.0988698286169 90.5301041883581 92.0308527385487 90.1916549065534 85.6731671165018 79.5603178248686 73.3464657278622 68.1492191763485 65.1015380410587 63.8413935829611 64.3120170200572 67.1478207532097 72.4696544478921 80.1501143960392 90.0340700149536 102.060859006994 115.157766903148 128.766743940466
170.245794969447 174.828717400046 178.40649099911 180.67265067381 181.098073033726 178.874448018916 173.721737553092 167.099503068363 159.761316636029 152.76241644691 146.454496243421 141.725262445562 138.90095576118 137.466532707214 137.77692935046 139.729138093836 142.417397274691 145.157700145946 147.052326595082 146.589331907385 143.127602689406 136.143054120681 125.802112579346 113.464519444634 100.036568669712 86.7854727296268 75.2954058086171 65.9003610610962 58.9122523419997 54.4510032148922 52.4790885027717 53.4580821570228 56.4185042661779 61.9249963479884 68.8559118158677 76.4072504043579 83.289268802194 88.188458442688 89.9040284998277 88.2525325101965 83.7559258236605 77.4751844406128 71.1151159510893 65.9328211055082 62.5970292371862 61.1581960285411 61.7941033980426 64.6810198671677 70.1958089435802 78.0081269881305 88.0405995986041 100.28855862337 113.47546005249 126.778076564564
167.094304309172 171.72423620785 175.604809143964 177.83562783634 177.585269002353 174.940169558806 170.738262260661 164.428431651172 157.066596564125 150.03950475244 143.344722411212 138.041599189534 134.69479673049 132.313628925997 131.802643495447 132.283096089083 133.298952439252 133.984153523165 133.747182509478 131.535039172453 126.668206663693 118.850241380579 108.42869461284 96.9047550594105 84.9582549824434 73.4795068011564 63.8559878573698 56.3147950312671 51.0671390224906 47.9367378178765 46.9478180268232 48.8994932595421 52.8925651381997 58.7722861907061 66.0838685035706 73.9935518152573 81.2222847938538 86.3728988591362 88.3564027056974 86.90181796691 82.5430971033433 76.4939341545105 70.1933538212496 64.6767084458295 60.9648657406078 59.2884856392356 60.1794404983521 63.3834151941187 69.0022733351764 77.0583412507001 87.3177267523373 99.5636707193711 112.914930175332 125.851703026715
164.856650576872 169.462451822617 173.12335951188 175.056557234596 174.946757092195 172.293207168579 167.490480871762 161.038311818067 153.524247842676 146.367427040549 139.127049586352 133.364193607779 129.329478600446 126.441474241369 124.635149450863 123.7265179578 122.973915604984 121.739845949061 119.464487412397 115.749284968657 109.951998991125 101.993930311764 92.1032138992758 81.6322055143469 71.2829782121322 61.7169958703658 53.9252091856564 48.1392332806307 44.3506372956669 42.3714227956884 42.8558364475475 45.221482220818 49.8561038409962 56.4060852948357 64.3257089222179 72.7412335171419 80.4001000348259 85.9094751582426 88.1454999867608 86.7143735324635 82.317307247835 76.3365417368272 70.1106207511004 64.5297826598672 60.3969409606036 58.7708919188556 59.7042015861062 63.0252022462733 68.9157390594482 77.0516626133638 87.4524368959315 99.4583654403687 112.557792102589 124.769806974074
163.936033024507 168.222370484296 171.477129431332 173.23471142264 172.842775120455 170.066145139582 164.977739698747 158.239712911494 150.368818647721 142.715363053715 135.32066078747 129.058433504666 124.052908420563 120.349508706261 117.279287506552 115.028952037587 112.627337006962 109.76085505766 105.972709599663 100.886480836307 94.4891619962804 86.5856618039748 77.5577914294075 68.4803495126612 59.6318711813758 51.9493411288542 45.8725115411422 41.5356507090961 38.9547695131863 38.3179025229286 39.3618843134712 42.4642882908092 47.6641971924726 54.8273375455071 63.5085202946382 72.6039432076847 80.8827661065494 86.8478203100317 89.2889034327339 87.8131907687468 83.2745254740995 77.0156710007611 70.6019538430607 65.1632164786844 61.4274535740123 59.5483141506419 60.4418328790104 63.6757804646211 69.4041208379409 77.7657678267535 87.9443184347714 99.6254372877233 111.901376219357 123.308095483219
163.889152751249 167.743095902836 170.398022763869 171.590707666734 170.96278740378 168.038361773771 162.58444668265 155.753115990583 147.733303687152 139.593577272752 132.200915168313 125.394356391009 119.562728937934 114.690835195429 110.577212389778 107.000589819515 103.421064096339 99.2683374741498 94.1862382888794 88.2193243924309 81.3284043985255 73.6625554982354 65.4333474495832 57.4661463709439 50.1384755723617 44.1611191665425 39.5316535234451 36.4816272258759 34.9296716030906 35.2045029892641 36.9020656557644 40.680481672287 46.4607233159682 54.1575229869169 63.2176447475658 72.8458258965436 81.6450614648707 88.0405360390158 90.7427642205182 89.4642351374907 84.9844447584713 78.7323288637049 72.2700087603401 66.8521166128271 63.1215652578017 61.3476423936732 62.2175000134636 65.2318138234756 70.9664290372063 79.173706110786 89.0495802935432 100.09274931515 111.390023063211 121.237069298239
164.255314602571 167.209748716915 169.165473601397 169.654273089241 168.62012313394 165.787072349997 160.566534855787 153.748626204098 145.930998213151 137.809398987714 129.93966587852 122.806098264806 116.359511571772 110.622436242945 105.198712348938 100.595336212831 96.0278589585248 90.8291717697592 84.9577365763047 78.2218651491053 70.9375886636622 63.1946523890776 55.8127275494968 48.9242380787345 43.0386424064636 38.3152663847979 34.8774102365269 32.8621419878567 32.2508902970482 32.9983273954952 35.4087285294252 39.7271316051483 46.0932036287644 54.4780334023868 64.3876300980063 74.8862479434294 84.4083891195409 91.292046659133 94.0764370946323 92.8183663873111 88.2566276438096 82.0208937981549 75.420307411867 69.7535607955035 65.9320416170008 64.1701886794146 64.76257834715 67.7111792844885 73.3371274611529 80.9990319644704 90.2650363585528 100.291707094978 109.89219306497 117.493399563958
164.320025668425 166.089134104112 167.289239939521 167.368727627923 166.153723380145 163.139892157386 158.391292936662 152.186745335074 144.662363108467 136.850920060102 128.923539217781 121.4540291674 114.640860389261 108.381702366997 102.364183790544 96.6702736405765 90.8957108890309 84.8200623007382 78.2518391609192 71.1044089653913 63.426459088045 55.9730439466589 49.201691234813 43.2764532706317 38.3296413561877 34.4584539637846 31.8270193899379 30.4209100919611 30.535859598833 31.8512011766434 34.8667995929718 39.8844187960905 46.815558012794 55.8335627107059 66.4896231258617 77.6304936689489 87.7153220457189 94.9168587011449 98.1066783596488 97.0460185443654 92.5562019067652 86.1875804452335 79.5116875872892 73.7188170657438 69.7184301825131 67.8203917110667 68.159322345958 70.797908670762 75.9777847738827 83.0579618005192 91.3331640467924 99.9101536694695 107.459125518799 112.386686661664
163.376195851494 163.993528590483 164.160724022809 163.974740533268 162.749974194695 160.107315456166 155.783138808082 150.571754988502 144.00308042414 136.729873741374 129.261762394625 121.756676772062 114.755424303167 107.933669987847 101.503503799438 94.9739513958202 88.2234817392686 81.1520099078908 73.5787883506102 66.1328929452335 58.7130868995891 51.7321313409244 45.3849289136774 39.8319045375375 35.5298587013693 32.3137632888906 30.2027666989495 29.3554826063268 29.9658606122522 31.8728565889246 35.4359990428476 40.9131820482366 48.4986453056335 57.9524380739997 69.1007715674008 80.7434127190534 91.2052677098443 98.6786115590264 102.20941564616 101.507483398213 97.3474093324998 91.4011496656081 84.6134673006394 78.6980266851537 74.5370727426865 72.2916662552777 72.0445020339068 74.1130457485423 78.6516058304731 84.7442624709185 91.5435308568618 98.2897239011877 103.505356339847 105.899181926952
160.922280199388 160.466795528636 159.764849382288 158.994363504298 157.966614695156 155.990289407618 152.759948870715 148.817129022935 143.592875705046 137.246115782682 130.402324592366 123.651661269805 116.620307221132 109.560830733355 102.507414523293 95.3945007183973 88.0198983164395 80.2272549657261 72.1175700075486 64.0739362660576 56.4413865734549 49.4830936403836 43.4121219831354 38.326142149813 34.3291184691822 31.5407325379989 29.9809580129736 29.6199694451164 30.6130902626935 33.0668112109689 37.0582356172449 43.0093089271994 51.0180900517632 60.990677132326 72.2980095358456 84.0490429822136 94.6753502453075 102.32202277464 106.166016045739 106.280263017206 102.611948349897 96.7417298765744 90.1747692332548 84.20051501779 79.8543196285472 77.15641375149 76.5297295065487 77.7136297225952 81.2082464554731 85.7858803692986 90.6918569452622 95.0541644937852 97.6988198336433 97.676947369295
156.71775896409 155.375110233531 154.032793437733 152.819889797884 151.799508824068 150.629588603973 149.048128268298 146.487957056831 142.802025318146 137.688963160795 132.237031600055 126.081973216113 119.484167393516 112.699861624662 105.521063944873 98.1173527521246 90.1609364397385 81.6316246144912 72.9409628475414 64.4334099993986 56.4335906225092 49.2985491752625 43.3814741583431 38.6243164469214 34.918386424289 32.4651435964248 31.2988117372288 31.1260163082796 32.4306806816774 35.3514032924876 39.7869218938491 46.3890296431149 54.8195086927975 65.1160821073196 76.6765810742098 88.3534510556389 98.2518405633814 105.713752339868 109.958909707911 110.259550585466 107.166496052462 101.877941159641 95.8048463148229 90.0855163405923 85.56036270366 82.1509530684527 81.197301864624 81.6569647508509 83.1341303096098 86.1105840907377 88.6826815885656 90.5194986567778 90.6060929578893 88.3855067982393
150.854824290556 148.73177539601 146.940797244801 145.494974893682 144.756930715898 144.613752617556 144.353553463431 143.335026180043 141.235839885824 137.860940161873 133.884852451437 128.803907745025 123.183083534241 116.867372849408 109.877458502265 102.375219022526 93.9746096414678 85.019853255328 75.8709091859705 66.984187560923 58.7582694502438 51.5101652846617 45.5543641483083 40.8546917017768 37.4270680371453 35.0255757359897 33.9457319904776 34.0949048715479 35.5849799548878 39.0962389777688 43.8387210509356 50.4304564419915 58.9782243335948 69.1925514726078 80.475936721353 91.8009736397687 101.795207219965 108.95351876932 112.901790913414 113.416758551317 110.969399844899 106.625111664043 101.36435508728 96.065776460311 91.0184694458457 87.4476762098425 85.8382893730612 85.1419971690458 85.1967769510606 85.5535323760089 86.0113624123966 85.2585400974049 83.0523465661442 78.9933656804702
143.716099093942 140.862521508161 138.670183798846 137.309190553777 137.272787795347 138.033261860118 139.019007262062 139.591881247128 139.031463272431 137.697594516418 135.098189606386 131.371169763453 126.861178650576 121.323457142886 114.779300675673 107.380712957943 98.8910407459035 89.8004065120921 80.5651003332699 71.6188836798948 63.2235979052151 56.0278382161084 49.9894788545721 45.3504214988035 41.8447382029365 39.4676111305461 38.3065227340249 38.7494825054617 40.3998189813951 43.7231116855846 48.7491438248578 55.3525611372555 63.7544731532826 73.5899837998783 84.2430937149945 94.7310044344734 103.929791618796 111.112585250069 115.401818808387 116.100242825115 114.039877386654 110.603028605966 106.352261627422 101.236748134389 96.6113932272967 92.8251885245828 90.1410478704116 88.30206192241 86.7468919754028 84.7571923312019 83.0027353062349 80.2366695965038 75.9766347548541 70.4989797928754
135.637406405281 132.393874701332 130.225684109856 129.256956465104 129.688049652997 131.242447207956 133.3085101913 134.945971685297 136.032285353717 136.539312839508 135.529121216606 133.240950079525 129.911750919679 125.336837740505 119.394098814796 112.426490391002 104.457604436313 95.5818736833685 86.3940020449021 77.5670941436992 69.4674181938171 62.2290322780609 56.4990858891431 52.0395660961375 48.4669911160189 45.8466897010803 44.8925461769104 45.0993640282575 46.9898493710686 50.2395230461569 54.5562780604643 60.7209198054145 69.093808482675 78.2283596992493 87.8788937961354 97.2307283177095 105.340541727403 111.773867607117 115.835044089486 117.20099792761 116.192328873803 113.454947359422 109.730026076822 105.892478578231 101.800911146052 97.9006796724656 94.2819555506987 91.445884143605 88.5183908799115 84.8275725981768 80.5297159868128 76.0171311883365 70.2091851514928 63.6415187050315
