PREC/medie/CUMULATA_MEDIA_12.asc
NCOLS 177 
NROWS 174 
XLLCORNER 1436301.375 
YLLCORNER 4916704.5 
CELLSIZE 1500 
NODATA_value -9999 
[rows 40 to 59 of 174, columns 0 to 45 of 177]
100.284235096153 100.812311132822 101.264787152848 101.651934233549 102.474433898926 103.665596569286 104.885105133057 107.240605410408 112.171582726871 117.172642651726 122.096364638385 125.277771220488 128.432386286118 131.556637259091 132.931257247925 133.88926932391 134.733938778148 135.01806382572 134.890259911032 134.671571282779 134.300636852489 133.634882983039 132.917828335482 132.153686523438 131.117169380188 130.065568980049 128.996541976929 127.732101272134 126.485865368563 125.420165174148 124.990033879 124.974642697503 124.891126688789 124.658338883344 124.164687942056 123.355031406178 122.213024700389 119.432452482336 116.722281063304 114.082934155184 111.850365470437 109.721205318675 107.726605864132 107.355543865877 107.923707905938 108.529786951402
101.639479882577 102.259813360432 102.776996595895 103.191225532223 103.686924766092 104.256627812105 104.842671450447 106.575860528385 110.809427597943 115.169764238245 119.559615303488 123.522435244392 127.466766245225 131.391541873707 133.140222549438 134.399122238159 135.543877657722 136.009445302627 135.988307504093 135.793722713695 135.363232893102 134.48709936703 133.5943589491 132.663987945108 131.430211628185 130.176067408393 128.898948501138 127.445470922133 126.027368545532 124.82919401281 124.429340923534 124.543989069322 124.614464198842 124.575906416949 124.348407352672 123.697573100819 122.633499033311 119.627834544462 116.710062980652 113.880380293902 111.608014723834 109.474839995889 107.519902285408 107.344717418446 108.198975787443 109.051908044254
102.973807075444 103.666790702764 104.237503515447 104.696792064782 104.871066486134 104.836562549367 104.819921381333 105.960683261647 109.526968675501 113.24811778349 117.113889806411 121.845662734088 126.55627935073 131.244757259593 133.324772890876 134.856454176061 136.298652312335 136.940706253052 137.02377835442 136.88216826495 136.419966529397 135.363252808066 134.304535080405 133.20899699716 131.779352917391 130.33143974753 128.863059773165 127.237308221705 125.651481516221 124.283461458543 123.878584637361 124.086769272299 124.266146603753 124.377431140226 124.371523801018 123.917347066543 122.996523296132 119.831804780399 116.748788160436 113.747522802914 111.454261050505 109.322514365701 107.374149210313 107.361669203814 108.469282542958 109.572858922622
104.298828451072 105.052392135648 105.66988372978 106.18341003709 106.033918492934 105.405750050264 104.806889702292 105.375916368821 108.297602148617 111.382389405194 114.739158630371 120.232067332548 125.691342297722 131.114297979018 133.488681681016 135.268714231603 137.004699258243 137.817167394301 138.000796598547 137.938891130335 137.471393473008 136.26377509622 135.049044496873 133.790133307962 132.166793486651 130.535417781157 128.894981833065 127.116578102112 125.368316145504 123.789087239434 123.338845252991 123.598087422988 123.832761932822 124.040156532736 124.201187919168 123.9888048172 123.290008096134 120.04667708453 116.850334784564 113.70082170823 111.410183289472 109.286719546599 107.303985034718 107.41310860129 108.733505192925 110.092434546527
104.380912647528 104.783820532701 105.015819717856 105.15964081489 104.980432959164 104.565105550429 104.175394731409 104.815685047823 107.469754836139 110.288624482996 113.411157720229 118.840574825511 124.237317253562 129.597136441399 132.165243148804 134.226025525261 136.286689646104 137.331801582785 137.70218742595 137.804543719572 137.464142406688 136.331640524023 135.183913118699 133.955429694232 132.116710887236 130.280505068162 128.446555081536 126.833538952996 125.291054220761 123.866230684168 123.474602755378 123.725486923667 123.956637719098 124.156128771165 124.302155214197 124.150955817279 123.567610179677 120.661904278923 117.767167371862 114.883716134464 112.709983376896 110.667892904843 108.724334716797 108.787590307348 110.013742895687 111.32095673505
104.456502909169 104.486382320523 104.307052018888 104.044429461527 103.835052153643 103.654642890481 103.521785623887 104.277216799119 106.705058490529 109.29402104546 112.211007735308 117.485214233398 122.717965518727 127.90487502603 130.647724263808 132.980995739208 135.351483962115 136.619703853832 137.174551178427 137.444659289192 137.245699489818 136.224086985869 135.182386398315 134.017935247982 131.955606404473 129.90432251201 127.864324794096 126.48877026053 125.23878512663 124.06611066706 123.765824486228 124.001057680915 124.220488716574 124.390708250158 124.47855236951 124.33765001858 123.836988785688 121.379418597502 118.903042681077 116.408367269179 114.389859367819 112.456553290872 110.581386902753 110.559476123137 111.612224522759 112.769123301787
104.53311517484 104.189614440808 103.603559908183 102.934136367513 102.706119088566 102.759914846981 102.910718861748 103.80060599832 106.030639311847 108.382526117213 111.074634215411 116.172574492062 121.233948595384 126.256078103009 129.187878889196 131.794206787558 134.447722266702 135.910274393418 136.622000918669 137.051190151888 136.984683709986 136.065510413226 135.122819507823 134.012883971719 131.720602540409 129.435728017022 127.158264721141 125.99224393508 125.017872529871 124.128581327551 123.949585465824 124.201055077945 124.439948979546 124.612039790434 124.67323622984 124.523160261266 124.06947147145 122.022805326125 119.966849102693 117.90202926187 116.079643193413 114.302273413714 112.559631852543 112.516774458044 113.458774117862 114.375214464524
105.143492020447 104.554916045245 103.679346757777 102.716792274924 102.402337354772 102.494883873883 102.740415124332 103.693844907424 105.874057096594 108.131846091327 110.723771824556 115.642265544218 120.529398413265 125.383860475877 128.409428708694 131.175485779257 134.001362183515 135.507570827709 136.205625141368 136.627235076007 136.546273568097 135.614513453315 134.658007397371 133.535108678481 131.27704188403 129.017887171577 126.757923406713 125.796387560227 125.051912307739 124.400969449212 124.280471128576 124.4778695387 124.666832419003 124.800269295188 124.841398407431 124.688738093657 124.273140402401 122.516421542448 120.760548703811 119.00557607763 117.472929674036 115.973880431231 114.485951199251 114.431115823634 115.205714786754 115.824803127962
106.03158948176 105.273760515101 104.18995475769 103.019155726713 102.595868896036 102.62379657521 102.855914508595 103.840363502502 106.083571265726 108.363288542804 110.961701785817 115.71714109533 120.446435423458 125.149320658515 128.205167489893 131.048363349017 133.960969924927 135.382199792301 135.913547628066 136.171423968147 135.932403788847 134.869483891655 133.778297368218 132.569858775419 130.616408516379 128.658121613895 126.69528243121 125.9337645699 125.37246429219 124.912312956417 124.780723740073 124.843910329482 124.901927723604 124.949104084688 124.977729516871 124.830210966222 124.440858167761 122.82581391054 121.221205991857 119.626843676848 118.499249402215 117.429663041059 116.347844797022 116.292214842404 116.829347049489 117.081129747279
106.920743003378 105.965910743265 104.66709058425 103.314109129064 102.810201869291 102.799583827748 102.931282211753 103.86366816128 106.086954509511 108.387364163118 111.015045334311 115.632493580089 120.228449765374 124.803360434139 127.915786182179 130.860872605268 133.889685518601 135.251884965336 135.643926844877 135.753427056705 135.370569846209 134.190201759338 132.956132383908 131.651273166432 129.987449589898 128.338860343484 126.704920151654 126.174038101645 125.81291922401 125.519113933339 125.350305781645 125.255417206708 125.15831711713 125.095729322994 125.087905995986 124.916263860815 124.522536614362 123.018193637624 121.540690814748 120.08924444984 119.349268632777 118.695712987114 118.019399699043 117.962625279146 118.262541714837 118.214431313907
106.888249883538 105.933351067936 104.64256477356 103.317548190846 102.866966079263 102.90464479783 103.011270354776 103.902925827924 106.024762097527 108.276232270633 110.870534616358 115.314680211684 119.745088577271 124.162445965935 127.362268784467 130.443046008839 133.621062278748 134.991739273071 135.332714249106 135.374867607565 134.905123261844 133.630450865802 132.270728055169 130.878163898692 129.445011138916 128.055899283465 126.708530818715 126.371921875898 126.1746041915 126.002875440261 125.795700858621 125.567507295048 125.338372398825 125.173056434183 125.110635533052 124.895420354955 124.478278496686 123.068421700421 121.703636169434 120.382348874036 119.996561919942 119.723690201254 119.420959276312 119.360898859361 119.438644184786 119.124294954188
104.960535331574 104.360516828649 103.505637112786 102.648655442631 102.538162119248 102.826537805445 103.117041868322 104.011320506825 105.820053156684 107.807233698228 110.156484267291 114.280508546268 118.396157489103 122.504176139832 125.850258995505 129.147597817814 132.55713187947 134.185830621158 134.824856870315 135.154066029717 134.859829229467 133.606617703157 132.237850581898 130.822284361895 129.33468094994 127.917198517743 126.565256679759 126.152416004854 125.849676637089 125.529322736404 125.301218201132 125.124707839068 124.949890697704 124.760488341836 124.548815278446 124.195165185367 123.663801866419 122.281964245965 120.963557187249 119.70609404059 119.446075439453 119.303847284878 119.124941264882 119.046789057115 119.023988611558 118.565308009877
103.050412343596 102.850128173828 102.456030957839 102.062255747178 102.283139789806 102.817987049327 103.329706977395 104.254393970265 105.78550417283 107.484377019546 109.54680779401 113.311158460729 117.087957213907 120.875514871934 124.364105841693 127.872701420504 131.521725486307 133.417079252355 134.3613838308 134.977060542387 134.854921172647 133.622747028575 132.25618760726 130.832230848425 129.304881488576 127.848780688118 126.458765086006 125.936121435726 125.502332631279 125.027973679935 124.774792615105 124.644724341 124.525417776669 124.312197292552 123.952498043285 123.476460176356 122.851787791533 121.518193862017 120.25007275974 119.04470132379 118.898825673496 118.877926882576 118.820365485023 118.72174577152 118.596263100119 118.021494893467
101.150492459426 101.378051757812 101.459189471077 101.527567078086 102.074644313139 102.855456071741 103.614371524138 104.588049103232 105.869853524601 107.265790939331 109.013433961307 112.390139804167 115.811148475198 119.270199719597 122.900050668155 126.616212227765 130.512212192311 132.682733704062 133.939657267402 134.842124434078 134.88954482359 133.67882380766 132.326981993283 130.910828029408 129.360537697287 127.855593288646 126.392112731934 125.723087871776 125.129801245297 124.494978063247 124.211365194882 124.121254696566 124.05840733472 123.821464875165 123.31485265844 122.735629895154 122.0428536359 120.782287233016 119.569259952096 118.401616909925 118.355540387771 118.444458148059 118.505180807675 118.383146875045 118.152283359976 117.496291637421
99.7379429902443 100.386232824887 100.929899496191 101.448359377244 102.223052585826 103.118592711056 103.995932354647 104.938194779789 105.973124952877 107.067385954015 108.508458474103 111.539720591377 114.647309359382 117.818678070517 121.433308096493 125.178297323339 129.14442988003 131.497274847592 133.014660947463 134.152720226961 134.303180806777 133.03235800126 131.614447761984 130.16330612407 128.750538882087 127.35492700689 125.974860471838 125.380829362308 124.855282951804 124.285347377553 124.050812945646 123.999746210435 123.992466589984 123.760834076825 123.184411974514 122.579072671778 121.874207777136 120.61252450943 119.380777359009 118.177476209753 118.230142144596 118.437094492071 118.624431469861 118.537848809186 118.289874413434 117.641230807585
98.3754648011013 99.4686807744643 100.494533146129 101.493917857899 102.514891400057 103.543549032772 104.538210027358 105.443038884331 106.235934930689 107.033645910375 108.174666124232 110.870836931116 113.672609946307 116.560455378364 120.139377706191 123.873264032252 127.841772135566 130.324977482066 132.056792427512 133.401805428898 133.621288075167 132.256125842824 130.744547843933 129.242379973916 127.993508563322 126.739879888647 125.481945037842 125.018839443431 124.619797257816 124.173358917236 124.010824540082 124.002128096188 124.051742273218 123.834325145273 123.210334890029 122.598256363588 121.893898571239 120.607878488653 119.335786314572 118.076822308933 118.22842909308 118.555112782647 118.868516220766 118.830960666432 118.587454178754 117.965697428759
97.1099885727471 98.6842703538782 100.233597418841 101.784412159639 103.117593821357 104.350132212919 105.493614701664 106.386920985054 106.970451859867 107.509297931896 108.390537822948 110.79281947192 113.317810787874 115.939907494713 119.504517891828 123.200966330136 127.042179107666 129.526365560644 131.341893757091 132.833501984091 133.057510544272 131.536057528327 129.903309822083 128.333922330071 127.230059006635 126.125795588774 125.02103693345 124.72023750754 124.474500319537 124.166426770827 124.090375731973 124.138859973234 124.248061544755 124.047080797308 123.378224372864 122.737617576824 122.004225506502 120.664310483372 119.337228382335 118.022193123313 118.272476280437 118.712508369895 119.128837697646 119.117234847125 118.855045571047 118.223633092992
96.5820910033619 98.4790111429551 100.386110698476 102.3267622555 104.052329960991 105.670710058773 107.140765077928 108.212557231679 108.805568190182 109.297369003296 110.07251773161 112.114941148197 114.299428659327 116.593429369085 119.864663853365 123.231988850762 126.663076092215 128.871630836936 130.497365671046 131.867373466492 132.060762405396 130.659610748291 129.177108091467 127.772154751946 126.861394489513 125.953938820783 125.049085224376 124.857362522798 124.703120960909 124.472792737624 124.406389348647 124.428146025714 124.514058702132 124.305036965538 123.653899052564 123.046943271861 122.360764320426 121.129204120268 119.908725554671 118.698816701551 119.021615943269 119.525469650788 119.995632363127 119.99461367551 119.718100659987 119.081730057211
96.4323298467789 98.5852745841531 100.771082036635 103.016755047966 105.195016692666 107.321484116947 109.246775795432 110.641842786004 111.419464391821 112.044430227841 112.854446972118 114.520944202647 116.347426133997 118.293614078971 121.061175570768 123.86883390651 126.653817092671 128.34365087397 129.526889688828 130.515721433303 130.644368339987 129.630960857167 128.572223270641 127.571475197287 126.911221335916 126.258768418256 125.612589162939 125.477690023534 125.352252118728 125.136096898247 124.994832824258 124.894959449768 124.861625278697 124.617338797625 124.059527284959 123.562385923722 123.018068981932 122.095114601557 121.182139270884 120.278660238666 120.643309002413 121.150946257526 121.614497607026 121.604651170618 121.318127968732 120.680780635161
96.1591556941652 98.5655156303854 100.992792858797 103.451982722563 105.997062009924 108.550103748546 110.92222999124 112.627692531137 113.581871425404 114.381732211393 115.270376233494 116.611793938805 118.067322310279 119.607287799611 121.811301596024 124.034674700569 126.220794509439 127.440837214975 128.228641902699 128.891184329987 129.017424723681 128.444773982553 127.838342077592 127.262098873363 126.874145507812 126.479628394632 126.0797105116 125.987686942605 125.896179816302 125.741406833424 125.571316719055 125.395147323608 125.252819706412 124.984407396878 124.529988092535 124.116059247185 123.677073191851 123.02566696046 122.398605230538 121.794257306001 122.193151976694 122.699159406345 123.155714940608 123.136633312001 122.839779068442 122.24207833234
