PREC/medie/CUMULATA_MEDIA_04.asc
NCOLS 177 
NROWS 174 
XLLCORNER 1436301.375 
YLLCORNER 4916704.5 
CELLSIZE 1500 
NODATA_value -9999 
[rows 40 to 59 of 174, columns 0 to 45 of 177]
118.467043652254 121.042942047119 124.180772332584 127.305080301621 130.864551992977 134.790161693797 138.762248319738 143.036225823795 147.983611162971 152.954116484698 157.873529770795 161.76371495864 165.620520647834 169.437015870038 171.379474976484 172.901975743911 174.414714813232 175.447343826294 176.126829932718 176.744769152473 176.900913126328 176.141963061164 175.249381121467 174.259099399342 172.819815242992 171.386590396657 169.959756514605 167.578340418199 164.843980003806 161.484388575834 158.169540405273 154.882683024687 152.432791205014 150.08830317329 147.904285206514 145.940628949334 143.96739656785 141.35434105817 138.585483775419 135.659499000101 133.860043469597 132.30784629373 131.013357050279 130.796886668486 131.202040279613 131.477706572589
120.972260475159 123.654432128457 126.795835382798 129.939503950231 133.2599215788 136.727687499102 140.235666162827 143.980268366197 148.2307472229 152.498083002427 156.783877092249 161.136017631082 165.460429359885 169.752510519589 172.072717330035 173.970896440394 175.855901942534 177.163917429307 178.058119717766 178.872141894172 179.08404193205 178.129435707541 177.048441157621 175.852071313297 174.021981519811 172.173267140108 170.303393195657 167.536368762746 164.463516235352 160.884954789106 157.559274561265 154.395631565767 151.953042984009 149.649868123672 147.57192959505 145.753642699298 143.931743958417 141.428684234619 138.767347784603 135.947084202486 134.081238241757 132.415629330803 130.943550446454 130.720042396994 131.218555113849 131.707969777724
123.499637940351 126.291819235858 129.444488413194 132.597038717831 135.659344280467 138.659626792459 141.699920205509 144.908163182876 148.458940954769 152.022886949427 155.694434895235 160.50900964176 165.301568648394 170.06937083076 172.766102398143 175.040261997896 177.298551335054 178.881022733801 179.990986319149 181.000552794513 181.263636869543 180.113207873176 178.824899785659 177.394657808192 175.148479910458 172.862614575554 170.532767015345 167.363980012781 163.908136704389 159.970669578103 156.497993132647 153.320762185489 150.973331114825 148.801820867202 146.91875558741 145.269228093764 143.599247427548 141.206774767707 138.67008377524 135.989125868853 134.090041328879 132.358884811401 130.79967139749 130.659419228049 131.340465096866 132.03783416748
126.042594853569 128.94333042818 132.111772425034 135.267904393813 138.057621675379 140.584745631498 143.155271305757 145.821202334236 148.670320398667 151.530684639426 154.606976789587 159.884141697603 165.145093356862 170.388562482946 173.460417018217 176.110674128813 178.743043787339 180.598860011381 181.925507938161 183.130045722513 183.439728007597 182.093290441176 180.57798239764 178.884701672722 176.194822760189 173.44731723561 170.637347165276 167.046934127808 163.154494117288 158.695954827701 154.914373734418 151.557925504797 149.404180190142 147.466276617611 145.880581687478 144.424690078287 142.905064695022 140.621936741997 138.229455499088 135.72806448095 133.836048126221 132.098298577701 130.56393847746 130.618835112628 131.592891580918 132.490749359131
128.121900895063 131.018597210155 134.086895101211 137.133261624505 139.563220641192 141.563600988949 143.611773434807 145.818692600026 148.320147794836 150.824503954719 153.597940557143 158.955474965713 164.309151256786 169.658463646384 173.018938849954 176.011336719289 178.984164630666 181.003137812895 182.390127742992 183.63491305183 183.988742828369 182.727118436028 181.261502322029 179.58781152613 176.824413075167 173.981109955732 171.053442898919 167.397942935719 163.420572729672 158.790755440207 154.651810477762 150.820026397705 148.567965675803 146.640123816097 145.244141915265 143.874407319462 142.436458755942 140.458834031049 138.406379363116 136.279898250804 134.529574001537 132.911996617037 131.529470555923 131.642824846155 132.620643054738 133.429589439841
130.213366227991 133.07654874465 136.02716513241 138.959026000079 141.015649234547 142.483166189755 143.997609531178 145.746847825892 147.923136206234 150.101126839133 152.606949076933 158.00357874702 163.400833017686 168.798914404476 172.428412717931 175.745054693783 179.036645440494 181.181004804723 182.58462378558 183.824376050164 184.206528046552 183.069280512193 181.693468879251 180.084200354183 177.316471773035 174.448699951172 171.477157480576 167.834099040312 163.868830175961 159.220728593714 154.773557550767 150.451102873858 148.017763530507 146.032823562622 144.788035673254 143.473554442911 142.100589247311 140.483920377844 138.827714807847 137.132653292488 135.563488791971 134.096558514763 132.875704821418 132.982628205243 133.856160219978 134.483631919412
132.325676188749 135.117755777696 137.931677537806 140.762328652775 142.451541788438 143.400435952579 144.384870753569 145.683594647576 147.538275213803 149.396204443539 151.647580539479 157.090697681203 162.533676259658 167.976618261898 171.874942330753 175.506882499246 179.093243206249 181.334909102496 182.730582181145 183.941015131333 184.328546860639 183.291009790757 181.963754990522 180.37136145199 177.552151062909 174.600336972405 171.513239916633 167.810914320104 163.895976234885 159.60927177878 155.233645046459 150.805740861332 148.124965162838 146.015695964589 144.852723570431 143.584763807409 142.28971155952 141.045673538657 139.797649832333 138.545874651741 137.169328465181 135.809203428381 134.545177571914 134.440860748291 135.006613226498 135.370919508093
133.765372556799 136.400235680973 139.036917181576 141.726208967321 143.186533423031 143.873812843772 144.577595766853 145.624768537634 147.266988866469 148.911007039687 150.99407341901 156.391369314755 161.790200738346 167.190498464248 171.255465114818 175.095758213716 178.872872184305 181.148770612829 182.504184498506 183.653402216294 183.997275520773 182.97745143666 181.617600160487 179.979903277229 177.173807817347 174.200668222764 171.06000698314 167.312004313749 163.456071741441 159.536167930154 155.344610438627 150.993703393375 148.238689983592 146.122028967913 145.057049919577 143.851559863371 142.639822679407 141.694515564862 140.781358999365 139.899723165175 138.81369119532 137.681430928847 136.495438968434 136.224919936236 136.483751072603 136.58595421735
134.856780781465 137.274265625898 139.693656696993 142.199310639325 143.498998641968 144.069910049438 144.645521051743 145.569708207074 147.076318740845 148.586344326244 150.568292729995 155.855667338652 161.143752154182 166.432495565975 170.578785503612 174.532986360438 178.404215083403 180.651371114394 181.928508534151 182.978186439065 183.221034498776 182.127597023459 180.641668095308 178.884070452522 176.146548046785 173.208368918475 170.072270898258 166.284796883078 162.489713556626 158.935747651493 155.053847817814 150.985157069038 148.361708921545 146.375585051144 145.429268107695 144.306831079371 143.185551418978 142.44958451215 141.781595734989 141.179894840016 140.505905824549 139.751640319824 138.794060314403 138.412970935597 138.365319195916 138.205700593836
135.924822190229 138.157884597778 140.382556129904 142.689632527968 143.815292134004 144.255503822775 144.705995447495 145.510208690868 146.884292265948 148.263395197251 150.147562251371 155.32792708453 160.503714729758 165.675137127147 169.900272144991 173.956748513614 177.895004160264 180.084621766034 181.255623424754 182.123523936552 182.183475157794 180.935264980092 179.34114372029 177.515364983503 174.895478416892 172.104177194483 169.145814559039 165.490034271689 161.876902468064 158.657272338867 155.053251771366 151.234128391041 148.584831069498 146.572762713713 145.58954519384 144.49823216831 143.449153170866 142.903780712801 142.43215897504 142.032198905945 141.692222258624 141.280009550207 140.637182628407 140.231989187353 139.963806264541 139.577890901005
137.323339911068 139.269236171947 141.202921811272 143.220168282004 144.141765706679 144.451230329626 144.77725612416 145.460485346177 146.69891985725 147.944271199843 149.72258534151 154.753521414364 159.776693007525 164.79270104801 169.108051973231 173.278133280137 177.291927449843 179.456039316514 180.565974516027 181.284180921667 181.173269832835 179.754311898175 178.056139272802 176.164238088271 173.601055874544 170.915353775024 168.111929837395 164.605345782112 161.187723440282 158.279220244464 154.964092142442 151.422376240001 148.741771697998 146.689120180467 145.642014783971 144.582076353185 143.608525893267 143.222225581898 142.9074864668 142.661838251002 142.612051571117 142.510262994205 142.185043054468 141.785092297722 141.340770945829 140.758619196275
139.397732566385 140.869300505694 142.317636489868 143.844986074111 144.496180590461 144.677819532507 144.882223129272 145.442677553962 146.53701580272 147.639994004193 149.283608268289 154.021376778098 158.745253506829 163.456692302928 167.882293364581 172.201389424941 176.327626508825 178.618018206428 179.885972864488 180.67780270296 180.542685957516 178.978085517883 177.202013408436 175.214419869816 172.333837228663 169.376450202044 166.346305678873 162.823580685784 159.463400616365 156.726022047155 153.789105134852 150.744378370397 148.255474539364 146.338453236748 145.328512528363 144.401979670805 143.565606229446 143.140322180355 142.78397100112 142.493876737707 142.561943895677 142.601553019355 142.425129273359 142.069611381082 141.609040035921 140.990662911359
141.461473801557 142.43456548803 143.382293476778 144.417508630192 144.802843093872 144.854767406688 144.942881976857 145.385369356941 146.340661217185 147.291722353767 148.7849668615 153.216690624461 157.630651249605 162.029156292186 166.563250822179 171.028999665204 175.282849704518 177.714939005235 179.153829686782 180.014852075016 179.848822874181 178.13440508001 176.307298548081 174.255787064047 171.09148423812 167.918143384597 164.735333442688 161.271142118117 158.003752091352 155.369438227485 152.745584824506 150.131458114175 147.871133018942 146.125600814819 145.189147276037 144.387964753544 143.665996832006 143.179858207703 142.767031276927 142.42429413515 142.602279270397 142.774721987107 142.737306707046 142.416556694928 141.930208879359 141.280561166651
143.51595844942 143.976169025197 144.41467666626 144.955587611479 145.079517588896 144.999702117022 144.973905675551 145.300555621876 146.11948742586 146.910537383136 148.240090875065 152.354523827048 156.448551514569 160.525426528033 165.165512645946 169.77401565103 174.166768803316 176.752824783325 178.372861301198 179.297682145063 179.092917049632 177.22323440103 175.371708252851 173.288586672615 169.876067273757 166.547697572147 163.294603740468 159.974205634173 156.841374397278 154.236454683192 151.852905329536 149.594736716327 147.60728376052 146.077208126293 145.259243516361 144.574778108036 143.940909890568 143.36809315401 142.881227549385 142.476190006032 142.754527484669 143.049362126519 143.138898064108 142.840891445384 142.316851335413 141.641860344831
145.208738214829 145.331573486328 145.448780508602 145.67915131064 145.679259692921 145.573274724624 145.536840775434 145.744510314044 146.285088370828 146.776231990141 147.811107747695 151.521806492525 155.210836747113 158.88246457717 163.533887189977 168.183634028715 172.615357118494 175.349476197187 177.189078948077 178.217002419864 177.869299383724 175.542268472559 173.369398117065 171.034542027642 167.578189793755 164.298221363741 161.174446442548 158.309606664321 155.629607873804 153.370661791633 151.401796733632 149.593503503238 147.972842833575 146.665898154764 145.844257354736 145.155092632069 144.48599804149 143.692361326779 142.997816029717 142.397116100087 142.732829037835 143.118361304788 143.303100249347 143.065386098974 142.581410015331 141.958912456737
146.887483708999 146.674451715806 146.462426578297 146.351025974049 146.205073637121 146.050986794864 146.013632942648 146.101463991053 146.355748008279 146.545864105225 147.284110013176 150.592533896951 153.876644358915 157.141745174632 161.804767496446 166.480025235344 170.916971318862 173.782967174754 175.832928040448 176.998466435601 176.507690934574 173.686633222243 171.155456038082 168.545402863446 165.107893046211 161.919299686656 158.94950316934 156.597477295819 154.432444572449 152.591318467084 151.076143096475 149.737550623277 148.513687245986 147.435709560619 146.58264726751 145.858212807599 145.120924781351 144.070367420421 143.129032247207 142.290753420661 142.66745410246 143.13212815453 143.406167871812 143.24249048794 142.823750495911 142.279411428115
148.549299801097 148.004045823041 147.435230255127 146.890859491685 146.510501412784 146.218725316665 146.162414775175 146.107251784381 146.056888692519 145.95712594425 146.41596513636 149.341483621036 152.242892097024 155.126167633954 159.832114500158 164.528773476096 168.899593128878 171.827703251558 174.02313636331 175.449653625488 174.934274224674 171.746394045213 169.003954214208 166.27320284002 163.007277488708 159.937194487628 157.036415604984 155.114255007576 153.389895495246 151.927045092863 150.826002625858 149.918201895321 149.114751984091 148.287598329432 147.427157963023 146.676822886747 145.875708972707 144.573333235348 143.370045437532 142.259835972505 142.643394694609 143.167962466969 143.555773903342 143.490619098439 143.16156426598 142.723605941324
149.644803215476 149.133095909567 148.56123194975 147.929209316478 147.445320353788 147.054804633645 147.015027214499 146.921325907988 146.762363209444 146.563654619105 146.839671527638 149.121814952177 151.387027291691 153.641606611364 157.741926642025 161.792883143705 165.44822659212 168.029386969174 170.071601867676 171.465234588174 171.005118033465 168.035014545216 165.655515109791 163.341476384331 160.642226275276 158.077760696411 155.627457450418 154.13860393973 152.819536209106 151.700878031114 150.871990652645 150.19802087896 149.620399587295 148.940962454852 148.108996503493 147.368150879355 146.558727657094 145.184386646046 143.898052944857 142.694248704349 143.022429971134 143.514372040244 143.9236387365 143.899999562432 143.624129800236 143.256047361037
150.454104479621 150.160596286549 149.778172661276 149.263845780317 148.762820524328 148.314141666188 148.330167097204 148.288032643935 148.177865308874 148.043333165786 148.227722055772 149.695639778586 151.146851034725 152.58827198253 155.539357914644 158.362398147583 160.705785414752 162.540311084074 164.109218934003 165.14222240448 164.778007563423 162.561161377851 161.094265825608 159.72953527114 158.002386934617 156.35526488809 154.774612482856 153.72602260814 152.780479206758 151.974181792315 151.257976475884 150.591695336735 150.011503948885 149.357986730688 148.595574042376 147.905602174647 147.155311191783 145.928687656627 144.779858813566 143.703673250535 143.900197365705 144.245644176708 144.562155162587 144.509284636554 144.241173968596 143.897569488077
150.907976711498 150.721216987161 150.447840522317 150.034102047191 149.495602327235 148.970632665298 148.985656962675 148.939150754143 148.822912889368 148.786405675551 148.914910260369 149.61754249124 150.270065644208 150.889888875625 152.678334965425 154.344254886403 155.614457467023 156.947746164658 158.274947390837 159.156472991495 159.106544550727 157.846386853386 157.18774543089 156.594847174252 155.664158428417 154.817099402933 154.037601302652 153.358001765083 152.736097840702 152.235967019025 151.624516767614 150.960371466244 150.384983511532 149.765024690067 149.07941829457 148.458345525405 147.788680020501 146.730839392718 145.740280319663 144.812304777258 144.897455047159 145.101516948027 145.286011415369 145.16462875815 144.864950516645 144.502660751343
