PREC/medie/CUMULATA_MEDIA_01.asc
NCOLS 177 
NROWS 174 
XLLCORNER 1436301.375 
YLLCORNER 4916704.5 
CELLSIZE 1500 
NODATA_value -9999 
[rows 100 to 119 of 174, columns 92 to 137 of 177]
83.7576403337366 83.0046101738425 82.2530109181124 81.5028858184814 80.8329834657557 80.1668380288517 79.5032123677871 79.1117762397317 78.8424085729262 78.575553894043 78.3655888052548 78.2375363742604 78.1098438150742 77.9843143575332 77.8723450829001 77.758440915276 77.6425537502064 77.6716289800756 77.7271890079274 77.7763409334071 77.6577108607573 77.3888838711907 77.1139519074384 76.7298489738913 76.0129928588867 75.2987696142758 74.5872409483966 74.0204232159783 73.4672384262085 72.9196237676284 72.6697440988877 72.5756701862111 72.4814800374648 72.4599979064044 72.5669760984533 72.6738148857565 72.7901450886446 73.0353373920216 73.2807225059061 73.5263141183292 73.3153422299553 72.9757011637968 72.6384722765754 72.2884980370017 71.9251182219561 71.564588097965
82.8381990544936 82.1523587282966 81.4679429671344 80.7850048962761 80.2140491149005 79.6488318162806 79.0861346861895 78.7848742989933 78.6082983577953 78.4342295141781 78.2841593237484 78.1690018036786 78.0541985455681 77.9340907826143 77.7594483599943 77.5828719980576 77.4043147423688 77.2627574976753 77.1248699076035 76.9805757859174 76.6842928493724 76.2430093428668 75.7956273135017 75.3028327156516 74.669729681576 74.0392568812651 73.4114761352539 72.992216054131 72.5945155199836 72.2023786096012 72.0015359766343 71.9085571625653 71.8154644124648 71.7909151526058 71.8984093385584 72.0057604733635 72.1201682371252 72.3738710179048 72.6277723873363 72.8818745332606 72.7296728807337 72.4484824012308 72.1696941151339 71.882080302519 71.5841109892901 71.2889804279103
81.9171563316794 81.2984708898208 80.6812111349667 80.0654248630299 79.5925185820636 79.1281812892241 78.6663634917315 78.455457462984 78.371625956367 78.2902979570277 78.2023595922134 78.1000890451319 77.9981753685895 77.8857438985039 77.6484585649827 77.4092413397396 77.1680461659151 76.8600530904882 76.5288082010606 76.1911668777466 75.7166198842666 75.1029594084796 74.4832054586972 73.8729022530948 73.3235142651726 72.7767530329087 72.2326757487129 71.958306761349 71.7160157035379 71.4792814254761 71.333285668317 71.2414041406968 71.1494062087115 71.12181596195 71.2298216539271 71.3376891753253 71.4498417798211 71.712051672094 71.9744617798749 72.2370716543759 72.1414989022648 71.9187257430133 71.6983561235316 71.4727651371675 71.2401691324571 71.0104145723231
81.0083382550408 80.4617144079769 79.9173183441162 79.3752162596759 79.0000111635994 78.6361404306748 78.2741847318761 78.141793643727 78.1303251490873 78.118074276868 78.0723217795877 77.9670964409323 77.8605377814349 77.7401542663574 77.4411987697377 77.1409956146689 76.8395146201639 76.4125954964582 75.9486830094281 75.4845249512616 74.9185691160314 74.2442739711088 73.5732485827278 72.9474272447474 72.5097248974968 72.0754862953635 71.6447813931633 71.4381168028888 71.2562237066381 71.0716987497666 70.9020209031947 70.739294388715 70.5710348802454 70.455600121442 70.4688943975112 70.4758964426377 70.4784363017363 70.711280486163 70.9424755994011 71.1719939287971 71.1267655316521 70.9748371348661 70.8265745499555 70.6723879084868 70.5083524479586 70.3477821911083
80.255236232982 79.8067715588738 79.3605317508473 78.9165848002714 78.6168047961067 78.3290777206421 78.0432640524472 77.9168976615457 77.8791926327874 77.8407007666195 77.764283657074 77.6162347232594 77.4668623138876 77.3067736625671 76.970409561606 76.6327927252826 76.2938977129319 75.8576544593362 75.3901094548843 74.9223123157726 74.4040095385383 73.8294630611644 73.2581840963925 72.728080553167 72.3895279379452 72.0544345799614 71.7228690315695 71.4626634261187 71.2101518406588 70.9550141446731 70.6733215836918 70.3693280500524 70.0598050285788 69.7961218777825 69.6568816128899 69.5113562976613 69.3594413645127 69.5547026465921 69.7526679319494 69.9489625481998 69.9643218096565 69.9028649610632 69.8450660144582 69.7784524244421 69.6963136336383 69.6176458807553
79.4997988869162 79.1494469362147 78.8013185052311 78.4554780511295 78.2316399742575 78.0200223922729 77.8103202932021 77.692715364344 77.6287794674144 77.564063352697 77.4574592253741 77.2666129504933 77.0744446866653 76.8745145797729 76.5007499807021 76.1257408085991 75.7494549190297 75.3028287607081 74.8316462180194 74.3602158602546 73.8861244987039 73.4112806881175 72.9397021461936 72.505294379066 72.2658429145813 72.0298443962546 71.7973721728605 71.4897942823522 71.1667003351099 70.8409810627208 70.4499932176927 70.0047970940085 69.5540796728695 69.1426596922033 68.8509579826804 68.5529783473295 68.2486164990593 68.3994935540592 68.5642497679766 68.7273299834307 68.798009816338 68.8269773932064 68.8595996183508 68.8808897242827 68.880617758807 68.8838064530317
78.7420276193058 78.4897418302648 78.2396782706766 77.9919007806217 77.8445248323328 77.7089801115148 77.5753458247465 77.4692427130307 77.3790901969461 77.2881574069752 77.1518563102273 76.9182334787705 76.6832893595976 76.4433696410235 76.0322283857009 75.6198418841642 75.2061803200666 74.748114641975 74.2733008721296 73.7982561167549 73.3698485598845 73.0003898003522 72.6364265049205 72.3065167314866 72.16548055761 72.0257161645328 71.8872543503256 71.5449114967795 71.1616946669186 70.7774886523976 70.293894627515 69.723496577319 69.1493951012106 68.6110377311707 68.1915406339309 67.7681112289429 67.3406792247997 67.4124931728139 67.5056934917674 67.5918507856481 67.6304012747372 67.6399195614983 67.642071499544 67.631812656627 67.6068522509407 67.577065411736
78.3533733592314 78.1188975502463 77.8839786753935 77.6486073662253 77.477946842418 77.31349215788 77.147528592278 76.9697748632992 76.7824885424446 76.5921682469985 76.3548604740816 76.0131118998808 75.6680375828463 75.3191795910106 74.905455420999 74.4918147816378 74.0782631986282 73.7637825573192 73.4955092317918 73.2339460709516 72.9972830940695 72.7921721514534 72.5925479776719 72.4083631459404 72.3026674214531 72.1982451887692 72.0951243288377 71.7409208522123 71.3299753525678 70.9180436695323 70.3744812572704 69.7079401296728 69.0376988859738 68.3998929192038 67.883691703572 67.3635621912339 66.8394347639645 66.7416261504678 66.671172506669 66.5936832988963 66.4702597786398 66.3166981023901 66.155777426327 66.0040096114664 65.8801538803998 65.7514771573684
78.0903829686782 77.8404401891372 77.5900606828577 77.3392296398387 77.1181579477647 76.8996950598324 76.6797239079195 76.418742796954 76.1271584454705 75.8325492073508 75.4922446643605 75.0435680501601 74.5915690590354 74.1361702189726 73.7338200176463 73.3320500990924 72.9303727991441 72.7654501129599 72.7106927703409 72.6626346251544 72.6192549817702 72.5784117474276 72.5430509342867 72.5089809754316 72.4386123208439 72.3695151665631 72.3017167764552 71.9379400365493 71.4992824161754 71.0596383880167 70.4587170376497 69.6960781602298 68.9297426448149 68.1925527348238 67.5796956174514 66.9629115216872 66.3421354013331 66.0775172850665 65.8434850468355 65.6024266972261 65.3170846209807 65.0005186305327 64.6766022233402 64.3805687287275 64.1578646267162 63.9303439645206
77.8277561524335 77.5623591927921 77.2965228136848 77.0302341124591 76.7597504223094 76.4873068753411 76.2133547278012 75.8705316992367 75.4746993008782 75.0758462793687 74.6326679902918 74.0771166296566 73.5182440140668 72.9559771593879 72.5618201424094 72.1719180275412 71.7821058385512 71.7603275355171 71.9189847216887 72.0843354673947 72.2357717962826 72.359119050643 72.4879437334397 72.6083781017977 72.5733187619378 72.5395294918734 72.5070367420421 72.135970732745 71.6696116503547 71.2022696943844 70.5465972283307 69.6879056201262 68.8255209642298 67.9890178792617 67.2795458681443 66.5661553495071 65.8487742648405 65.4205390705782 65.0217298058902 64.6137763752657 64.1644930278554 63.6857854338253 63.20083174986 62.7611241340637 62.4452095312231 62.1260134192074
77.5991064800936 77.3096658201779 77.0192504209631 76.7278422187356 76.3906313391293 76.0435126248528 75.6937598060159 75.2253750071806 74.6599406074075 74.0880741792567 73.4849699805765 72.8068558749031 72.1248766955207 71.4389452092788 71.1206888872034 70.8215033587287 70.5266036145827 70.6874951755299 71.086093341603 71.4927269991706 71.859294610865 72.1474377127255 72.4410716225119 72.7197922818801 72.6994232850916 72.6793640641605 72.6596226131215 72.2978989376741 71.830831078922 71.3640003484838 70.6956442664651 69.7938974604887 68.8907101294574 67.9961268481086 67.1485636655022 66.2952117078445 65.4359671368318 64.7965667949003 64.1835660373463 63.5614347738378 62.9426565170288 62.3267462674309 61.7045960987315 61.1430057076847 60.7625251096838 60.3787715014289
77.4187901721281 77.0914433423211 76.7631327685188 76.4338241745444 76.0096782516031 75.5658522213207 75.119395199944 74.4868148915908 73.6958653506111 72.8984948887545 72.0968779956593 71.2975560917574 70.4943744154537 69.6872464628781 69.498958307154 69.3500786108129 69.2054777706371 69.5739283281214 70.2279686366811 70.8900310011471 71.4827379058389 71.9354528258829 72.3936535049887 72.8352434214424 72.8228946854086 72.8108597362743 72.7991380691528 72.4516106773825 71.9899972747354 71.5286205516142 70.8544009994058 69.9143923591165 68.9729414547191 68.0234339377459 67.0312686246984 66.0333196976606 65.0294862915488 64.1814245336196 63.3543340739082 62.518123402315 61.7266672639286 60.9736181988436 60.214335974525 59.5277274636661 59.0827149503371 58.6344310255612
77.2393685789669 76.8741398979636 76.5079441631541 76.1407586546505 75.6311939183403 75.0907067972071 74.5475949680104 73.7543392181396 72.7379845450906 71.7152140000287 70.7122240347021 69.7917540213641 68.8674260307761 67.9391573457157 67.8726643674514 67.8740208569695 67.8796499476713 68.4522525282467 69.36161366631 70.2789869308472 71.1007248654085 71.717932953554 72.3406209104201 72.950417434468 72.9460873884313 72.9420678475324 72.9383651228512 72.6051215003519 72.1489582061768 71.6930330220391 71.0146044562845 70.0363513722139 69.0566580716301 68.0564230750589 66.9197220521815 65.7772453252007 64.6288901497336 63.5751025255989 62.5340223031886 61.4838333129883 60.5165181720958 59.6263973853167 58.730048235725 57.9152881117428 57.4057724896599 56.8929890464334
77.0648090418647 76.6729444896474 76.2829314119676 75.8948182218215 75.3136517019833 74.688540094039 74.0620478181278 73.118492491105 71.876101101146 70.6262120359084 69.4214439953075 68.4026316754958 67.3822145742529 66.3601611361784 66.4191322046168 66.5811511488522 66.7476462195901 67.4947284530191 68.6049995422363 69.7172543020809 70.7121408125933 71.44703949199 72.1832721093122 72.9123401361353 72.9302082061768 72.9499743966495 72.9716810338637 72.6659558520598 72.2271314508775 71.7896294593811 71.1079421884873 70.0686687020694 69.0265277694253 67.9572816456065 66.6801850935992 65.3978207251605 64.1100988388062 62.9757548220017 61.8799565539641 60.7845673280604 59.7801088164834 58.8653319302727 57.9500814886654 57.1339964586146 56.7210939211004 56.3126196160036
76.9348683357239 76.6200553669649 76.307085794561 75.9960188304677 75.3896757574642 74.7112756336437 74.0314960760229 72.9337585673613 71.4223569421207 69.9034638965831 68.4713609919828 67.4052394418155 66.3375153822057 65.2681573699502 65.4415939555449 65.7553053463207 66.0734854866477 66.9058524019578 68.0815692508922 69.2592712851132 70.3189264185288 71.0958528238184 71.8741086511051 72.6537229874555 72.730998431935 72.8063091951258 72.8835537293378 72.6281406739179 72.2251995311064 71.8235841919394 71.146110534668 70.0323200786815 68.9156670570374 67.7715305721059 66.3639188654282 64.9510452887591 63.5328160734738 62.3764917710248 61.2937704815584 60.2114537743961 59.206222337835 58.283656541039 57.3606179742252 56.5452273733476 56.2343754908618 55.9279482785393
76.8031054104076 76.5653024841757 76.3293465726516 76.0952882205739 75.4670633147745 74.7353974230149 74.002352882834 72.7562761867748 70.9759865929099 69.1882181448095 67.5226157973794 66.4092076525969 65.2941983727848 64.1775558135089 64.4594608755673 64.9247940568363 65.3945891716901 66.3149049141828 67.5560397540822 68.7991531035479 69.9243224648868 70.7432569615981 71.5635166448705 72.3851360433242 72.529845013338 72.6606731414795 72.7934326284072 72.5890152875115 72.2219448931077 71.8561947205487 71.1870912664077 69.9988221280715 68.8076916582444 67.5908996918622 66.0528321546667 64.5095078243929 62.9608381776249 61.7766863037558 60.7070341951707 59.6377868371851 58.6326612584731 57.7023101694444 56.7714857774622 55.9519645747016 55.7431151446174 55.5386875517228
76.6695218086243 76.5086959951064 76.3497107169207 76.1926240921021 75.545803827398 74.7609010584214 73.9746210995842 72.5860355040606 70.5369848083047 68.480464738958 66.5752049614401 65.4145325772903 64.252260909361 63.0883575327256 63.472739387961 64.0896221609677 64.7109623516307 65.7218883458306 67.0284099017873 68.3344124345218 69.5212558017057 70.3769460004919 71.2328987121582 72.0891174989588 72.3014673064737 72.4910764133229 72.6849394125097 72.5337231299456 72.2010846138 71.8698242692386 71.209514281329 69.9378091868232 68.6620290419635 67.36518127778 65.7253408432007 64.0847227713641 62.4433190682355 61.253912785474 60.2237048710094 59.1964323380414 58.2398570004631 57.3752774911768 56.5167652158176 55.7603653038249 55.6310951849994 55.5027218566221
76.37754128961 76.2781782150269 76.1801922461566 76.08361937018 75.4366592799916 74.6240147141849 73.8108591472401 72.3541570270763 70.1555778279024 67.9534266976749 65.9192393246819 64.7784276289098 63.6381311697118 62.49836360707 62.8631581138162 63.4792521420647 64.0947428030126 65.0906008552103 66.3952528729158 67.6997122484095 68.8959270084605 69.7636949034298 70.6317231234382 71.5000216540168 71.8398647027857 72.1516556739807 72.4676942264333 72.3945329049054 72.0998656609479 71.806573082419 71.1541880719802 69.7771225256078 68.3959899790147 67.0032433902516 65.3461814768174 63.6883447310504 62.0297233357149 60.8753528875463 59.9174123371349 58.9624059060041 58.1035130023956 57.3799688395332 56.6624900453231 56.0176932110506 55.9071193302379 55.7974433618433
76.0311734536115 75.9916338920593 75.953467761769 75.9167167719673 75.2797185953926 74.4491155007306 73.6180050793816 72.1124848758473 69.7868385875926 67.4576246598188 65.3032976879793 64.1851785323199 63.0675704058479 61.9504941211027 62.2799872230081 62.8809935625862 63.4813951324014 64.4586928592009 65.7619731285993 67.0650597740622 68.2702007854686 69.1500421972836 70.0301409609177 70.9105100631714 71.3739910125732 71.8079048044541 72.2460629519294 72.25395934722 71.9972447507522 71.7419053806978 71.1028371698716 69.6204621932086 68.1340222639196 66.6419710832484 64.967698097229 63.2926512045019 61.616820082945 60.4938157305998 59.6081118022694 58.7253338308895 57.9611679245444 57.3785947350895 56.8020792568431 56.2741963723127 56.182312783073 56.0913251568289
75.6833932259504 75.7036509794347 75.7252775360556 75.7483179709491 75.1232377781588 74.2746829145095 73.4256204997792 71.874228477478 69.4215708059423 66.965352899888 64.6867078893325 63.5912685113795 62.4963409760419 61.4019427019007 61.6972714872921 62.2831978236928 62.868518633001 63.8268347908469 65.1287411521463 66.4304540858549 67.6440782827489 68.5359849088332 69.4281515233657 70.3205860362333 70.903849882238 71.4598300877739 72.0200507500592 72.1120027654311 71.8932248564328 71.6758192847757 71.0554569188286 69.4678234773524 67.8761267101063 66.2802980647368 64.5898885726929 62.8976378721349 61.2046062525581 60.1156647906584 59.3174850519966 58.5281461827895 57.877680792528 57.4495889439302 57.0255401695476 56.6294853687286 56.5651219452129 56.4999188815846
