PREC/medie/CUMULATA_MEDIA_01.asc
NCOLS 177 
NROWS 174 
XLLCORNER 1436301.375 
YLLCORNER 4916704.5 
CELLSIZE 1500 
NODATA_value -9999 
[rows 48 to 71 of 174, columns 54 to 107 of 177]
62.6781932431109 63.1828465111115 63.5289761529249 64.0243433012682 64.9739577910479 65.7292159164653 66.3038676486296 66.7888915398542 67.2505575909334 67.8766473601846 68.7566954177969 69.6804890282014 70.5893977599985 70.3195978543338 69.9902304130442 70.9301374800065 71.0168972015381 70.7561729094561 70.3402015040903 69.9980694265927 69.6580310148351 69.0762191239525 68.3933908027761 67.4840918148265 67.511443621972 68.3214288318858 68.7927075414097 69.6489382736823 71.3036887558068 75.2495058100013 77.1768544421476 78.3028548745548 77.9569830052993 76.8457526038675 74.7100533317117 72.2829900068395 69.9331240653992 68.6234410790836 67.3201255377601 67.5812047649832 68.7678748305668 69.8854727957617 70.7266428613049 70.7067874621819 70.907302511089 70.1035353997174 69.2585735844777 68.1772595240789 66.9795487065087 65.6310545359464 64.8787352740765 64.9008735545418 65.1941159700646 64.8184566112126
62.4597376339576 63.0437254484962 63.1407404226415 63.6517090166316 64.2286766487009 65.0780315118677 65.9320811383865 66.7129290524651 67.5125515881707 68.6774886145311 69.9893923682325 71.2519548991147 72.7691715324626 73.3027774937013 74.8826386016958 75.136226050994 74.9320848829606 74.7904008556815 74.5225322947783 74.254140068503 73.9012013182921 73.4443303416757 72.9167150329141 72.7066115211038 72.8099915630677 73.2502066773527 72.9382971209638 73.548523315612 77.0253082443686 79.0377603760537 80.4222924288581 81.301817332997 80.7773155324599 79.8165291617898 77.8542458590339 75.9858069980846 73.7506252457114 72.6968042710248 72.5865163382362 71.7683585110833 73.1074116129209 74.1073548857342 74.5318608954549 74.2837086501805 72.9989224661361 71.737067947712 70.1422281839392 68.407795768012 66.9176382775254 65.4168360391084 64.3779697766637 64.2516226299545 63.7034625823007 63.760847252958
61.6350736057057 62.493181123453 62.705851225292 63.1842413930332 63.9778885490754 64.7354903291254 65.5268460021299 66.4618045179283 67.6274212213124 69.2053941628512 71.0464949081926 72.8593436795122 74.5653830836801 76.8118387600955 78.6863527999205 79.1389994481031 79.2795802144443 79.3913848400116 79.3216198893154 79.1962239742279 78.9652506183176 78.7945909920861 78.4836056022083 78.4407949026893 78.8680697714581 78.0191447594587 77.6533440316425 78.0576741414912 81.7836438382373 83.3604518227718 84.7143157510196 85.594461553237 85.5789713018081 84.0782568314496 82.2131118774414 80.4578667247997 78.0578021161697 76.7883156608133 76.6529955863953 75.8611130714417 76.6945934863213 77.5834908215877 77.7542233278646 76.9702673420748 75.3031289088814 72.9062611322631 70.5830212200389 68.5467590709381 66.8635562217849 64.9918135043014 63.4000425489948 62.0866724425817 62.598141556277 63.624823771198
60.3527057276053 61.2547513667275 61.8539194850361 62.6323614751591 63.4276980161667 64.2262580057277 65.1050697547548 66.1048610403257 67.5526267693323 69.3981381163878 71.5645884976667 74.1503097239663 76.2696150821798 79.8699533378377 81.8227240057553 82.6874576035668 83.339371919632 83.9150475894704 84.20569581144 84.4820635599249 84.6653155719533 84.2247864849427 84.253769180354 83.7981093280456 83.795899496359 82.7306353484883 82.4138000028975 84.5976917042452 86.278452761033 87.6469048024977 89.0757392164977 89.9932231342091 90.1581337311689 89.0747769299675 86.7178865881527 84.7021916333367 82.2837384448332 80.6368435410892 80.3212424446555 80.2764893261825 79.6339718986522 80.1836522309219 80.0598464183071 78.8141905590892 76.5700482504771 73.7135279456921 70.8794635841075 68.4111080421683 66.2584544902339 63.9711250522557 63.1036570885164 62.6966945649508 63.0858021389474 63.9596240570878
58.8675266013426 59.5185798126109 60.7217673974879 61.7565543822506 62.6678077219164 63.5471944879083 64.4000760956722 65.5258310700164 67.2083481357378 69.253822389771 71.9106192203129 74.6551096509485 77.7487706226461 81.8529945121092 84.3205650413738 85.8251059896806 86.9423548614278 87.8840447453891 88.5943070018993 89.4698723344242 89.4543450018939 89.2595840762643 89.2170978153453 88.716983546229 88.3419707382427 87.1720996078323 86.885253366302 89.5351069236503 90.5610189201201 91.8545396871426 92.9997026184026 93.9981625500847 94.3071390600766 93.3413022546207 91.136877116035 88.3946815378526 85.921316763934 84.0901784055373 83.4747022460489 83.0328898499994 81.7744792647221 81.9142270896803 81.2996703338097 79.1213253946865 77.1794124883326 74.9041393962415 72.1884849003571 69.6365696770303 67.3117418486406 65.3179697674863 64.0346195846796 63.4622939093148 63.5562509083573 64.1126310891088
57.2930241521886 58.1687931043699 59.2295403938521 60.5974360757014 61.7137501467677 62.6084356307983 63.566018279861 64.8694484268918 66.5656573141322 68.7358453904881 71.9055782135795 74.8128192985759 78.3749243021011 82.7637847451603 85.7398521759931 87.901218919193 89.7968076537637 91.13331953217 92.2612016481512 92.9652491317076 93.1776131882387 93.2076912627501 93.1310191855711 92.7104590500102 92.1395596546285 91.3656426229898 90.5817662915763 93.2853308074615 94.0264572606367 95.0396745546776 96.2495028472999 97.0968142747879 97.4177656173706 96.5862116533167 94.4310262904448 91.522624352399 88.6490883546717 86.8924002937753 85.996690524742 85.1404065998162 83.4165594796924 82.7734022447292 81.3552276649896 80.3492770304575 78.1422625280478 75.9279164816527 73.504857098355 71.1746224677738 68.2377326655037 66.2550489779781 64.9105746892884 64.3447439872167 63.9090074070675 64.0291438074235
56.0246424278354 56.9989097188501 58.1168112851241 59.4216409641154 60.4274764516774 61.4951276744113 62.4197997836506 63.7945402299657 65.4892802799449 67.8383963388555 71.2156775909312 74.2818926152061 77.8844516277313 83.0409644491532 86.6597142079297 89.2666983043446 91.4826970521141 93.085260811974 94.5168342870824 95.3724132706137 95.2802149968989 95.3709947642158 95.517459154129 95.1123914823813 94.70072717877 94.1407715310069 93.5732849836349 95.7344241229927 96.5091759764096 97.387551076272 98.2718235920457 98.9914143690292 99.279104919118 98.5759216196397 96.5684542936437 93.5758000087431 90.7489841707489 88.9671574309468 87.6859822720289 86.1600845425445 84.2247575109496 82.7197671550162 82.1890599420842 80.8067816522192 79.0277239478686 76.9666537063963 74.5541774805854 71.1305437280851 68.7376349112567 67.1314736140125 65.8054939341896 64.7545650255154 63.8274467990679 63.1712942309678
54.9132263601265 56.2975190880106 57.56566841988 58.6426484304316 59.7026221699574 60.5794605928309 61.6604780134033 62.9445544796831 64.6157785619006 67.6296289037256 70.5524675916223 73.9167981288012 77.4278301912196 82.8760493362651 86.9865728827084 90.0019286660587 92.3629155579735 94.0298999197343 95.4552923511056 96.2107188982122 96.4056653275209 96.2844448440215 96.7010009429034 96.5631200145273 96.067165174905 95.4361397694139 95.7324195241227 95.3594831342206 98.648240518044 99.0471879322739 99.5870140431558 100.043643517529 100.226358176154 99.558695982046 97.2304026642266 94.2637923316044 92.1740362105124 90.2356444684898 88.6705495737055 85.7749023700462 83.6597411264391 82.9422933060457 82.1068721672191 80.9235012785477 78.8211433041622 76.2947301724378 73.4951487249311 71.2397043095792 69.1307326419388 67.5406417951864 66.005032783922 64.535043375457 62.9991202073939 61.695052075912
54.6563623562893 56.0283917754012 57.4902722029125 58.5129613841281 59.4087972763707 60.2160845644334 61.0725736057057 62.1380297681865 63.6345072493834 66.6977038032868 69.6376455811893 73.1229960637934 76.8171261058134 81.7340682113872 86.5605624563554 89.8848421713885 92.5064200513503 94.430181349025 95.4467283136704 96.2520857278038 96.444841279703 96.4653821552501 97.0303569611381 97.1472832595601 96.3753089378862 96.1755922051037 96.6782393753529 96.9033071907128 99.902766900904 100.152186736465 100.373980349478 100.545817835366 100.493457577684 99.3071450713803 97.0255779676578 94.8060027834247 92.611428841072 90.4572127531557 88.3444308809498 84.3841619500343 82.9331169452737 81.803327806294 80.6413812431342 78.8481164272217 76.5004981764976 74.6969437086407 72.7712064034799 70.9522767492077 69.0021059486796 67.0863525648327 65.208787955782 63.3679301155841 61.5178014000549 59.6864692139275
54.9913774741923 56.4179785823559 57.701294767506 58.6977508716723 59.3248643103768 59.8361091648831 60.5603964924812 61.4716595060685 63.1302091864979 65.8582448678858 68.7352826735553 72.2035285865559 76.0557743521298 79.9581922923817 84.9780541027293 89.3738816766178 91.9276167364682 93.9060519583085 95.0654128579532 95.6634747280794 96.1626350739423 96.2382659070632 96.9248310047037 97.2538223371786 96.4778536137413 96.7460711352965 96.8732113119434 97.42988244225 97.7480831461794 100.615491622511 100.675006592098 100.664385232417 99.8689340063754 97.8728138252216 96.1062651644735 94.1634382723885 91.6634163952926 88.8932621588602 84.2554016292972 81.9010845335091 80.6560450985151 79.6075523478143 78.2652634697802 76.6914946366759 75.0122522632865 73.1973661648877 71.4004815019229 69.6441231036887 67.7242646489073 65.8880759162061 63.671809783315 61.515244072851 59.2321037466035 56.9135328614536
55.9561948837603 57.345986904686 58.5748301095822 59.273770639125 59.7374734510394 59.8819479486522 60.1721423128072 60.9754610412261 62.5628359458026 64.9573468601002 67.8640672038583 71.3161240325255 75.2871044663822 79.3140346302706 82.9648669747745 87.2345688202802 90.8711853027344 93.1804148169125 94.2517649846918 95.0471461380229 95.3851438269896 95.4226304432925 95.151522622389 95.5025195093716 96.108788052026 96.6489274396616 96.9318408755695 97.0970400063431 97.1119132602916 96.9483033401125 98.2825634970385 98.1517784911044 97.4745660244542 96.0993263738997 94.3769193677341 91.7219678987475 88.5938424687175 83.8143915823277 81.8234162484022 80.2119986173861 78.7635865877656 77.3963115539621 75.7448954862707 74.0193351033856 72.4328614788897 70.8560189683648 69.3508843542898 67.6362207812421 65.8388636427767 63.9599165548297 61.713189136456 59.2035251663012 56.5035674120573 53.9587003246826
57.4364412560621 58.810439602198 59.777991456144 60.2564084617531 60.4348301957635 60.3418333986226 60.3051403866095 60.844802849433 62.076159456197 63.9674022758708 67.0693513926338 70.45137461494 74.4029545783997 78.4748180333306 82.3038672278909 85.5774582975051 88.1095371246338 90.3456742903766 92.9052213220035 93.8703120315776 93.3803538154153 93.2988245697583 93.3302325641408 93.5136800864164 94.5139018612749 95.1519602221601 95.4535605101024 95.3939254283905 95.4601666874745 95.3581886694712 94.5343263745308 93.7281269058585 93.0103321101736 91.7882101527032 88.9718970945653 86.4186165551929 83.7064473747331 81.6381488512544 79.5212343729594 77.450793529258 75.6823187540559 73.8153813227135 72.1151923002566 70.3920003955855 69.0828073541908 67.7351240655955 66.3191185093978 64.8119468092918 63.2714723436271 61.6189796258422 59.3834602455882 56.8141702694051 53.9183789360173 51.3784078951268
59.0773247105672 60.3684942823123 61.133149204447 61.5843378954074 61.3672565186725 60.8889416736715 60.4719824510462 60.7354621676838 61.6269781589508 63.4307421936708 66.2492507626029 69.5050177153419 73.4073833718019 77.5762044121237 81.5011560496162 84.8123063480153 87.4623542673448 89.4558118651895 90.5120557196 90.9153469730826 91.1865952716154 90.9391856964897 90.8811116709429 91.0363697094076 91.1745250225067 91.883060855024 92.7409617602825 93.2757429463022 93.3707974763478 92.7211595370489 91.9372632012648 90.7378199902527 89.5531343673082 87.8731158248642 86.1207684672931 83.768276639721 81.0888300257571 78.6191471017459 75.9615848625407 73.5421875163036 71.3418482393026 69.520383646383 68.0184926311759 66.7772896061925 65.4861137726728 64.3590570039609 63.0342195191804 61.8184213375344 60.5271896535859 58.9001948465319 56.7480468583458 54.3959113008836 51.9188941498013 49.2245455287835
60.83941438575 62.297659780611 62.8604443007532 62.7021862654125 62.0649460659308 61.2500563404139 60.4564700582448 60.4449469201705 61.2365621889339 62.4973995545331 64.7636351304896 68.3967092037201 72.3487627506256 76.3899919005001 80.3335306223701 83.6400098800659 86.5317627962898 88.4304500467637 89.6821935176849 90.1397464696099 89.9239113190595 89.3197910014321 88.8687328240451 88.7514766805312 88.7573442914907 88.7416939805536 88.9977359982098 89.2187080400832 89.3116173340994 89.0592951090897 88.5426591187716 87.8598752964069 86.6360835152514 85.1015023852096 83.1445236311239 80.6845177258639 77.5617898430894 74.5873820413561 71.8943632657037 69.1269052423098 66.7046986493994 65.0066381859429 63.9891940530609 63.0123562882928 61.9539396114209 61.1884839587352 60.4053147680619 59.3827853921582 58.0977130146588 56.5722342641915 54.4056009904427 52.5508427953019 50.2225781968411 47.5974439759465
62.8269182312138 63.9365271934692 64.2698570060379 63.8210920108592 62.9110149355496 61.7158511596568 60.7075368972386 60.2230801862829 60.7885465131086 61.6320050183464 63.4858086670146 66.7359861486098 70.7224803251379 74.7193638016196 78.5123080926783 81.9356617927551 84.8197069448583 86.8498005867004 88.1692609226002 88.2474964085747 88.0018466921414 87.1529934125788 86.5088472716949 85.8571293634527 85.3189080497798 84.9723114108338 84.9937611380044 85.2873568797813 85.5608288873644 85.2462072582806 84.7429685654009 83.9651881110142 82.8407397278968 81.2139843711082 79.2157272429151 76.7680485572885 73.7333178152056 70.7765189873822 67.8961566590211 64.9420209237758 62.7303272205241 61.1160564825815 59.8836299216046 59.2402313614593 58.5685741200167 58.181524807916 57.9170168480452 57.6462480110281 56.8683723982643 55.0901800060973 53.4877909001182 51.5624275470481 49.2897082707461 46.6937065922162
64.5944864627193 65.3854944732259 65.5128726371947 64.8846130638438 63.7436233864111 62.3225965114201 60.8996813297272 60.0561659406213 60.3749825463576 60.978449344635 62.4944676090689 65.0226227255429 68.1632996446946 71.7838487625122 75.6874935206245 79.0321886960198 82.0839554842781 84.1156045969795 85.0408550150254 85.7939161412856 85.5811812456916 84.5657410621643 83.654988323941 82.6409659420743 81.7576772465425 81.1248433397097 80.870403177598 80.7694488921586 80.9001892559669 80.8805065181325 80.556314677 79.7863855015706 78.6291851361885 77.1124548824395 75.1490576828227 72.5290931340526 69.3222684272948 66.5408939096857 63.8793798956801 61.4105415195227 59.2380614193047 57.6937653667787 56.5966719722047 55.9932786015903 55.6759792846792 55.9229866266251 56.21449127618 56.294286654276 55.7457706525045 54.9986202155843 53.5957620827591 51.6666065209052 49.2943684511325 46.8738209736698
66.2973777910366 66.7494050825343 66.4936834245044 65.7026514446034 64.3779158180251 62.8170401243603 61.3004600300508 60.0072009002461 59.940716491026 60.3655823258793 61.7130114190719 63.5511460584753 66.0783617075752 69.1548234154196 72.5760529742521 75.8722384957706 78.950136942022 81.1356941952425 82.3991068250993 82.7578217562507 82.6020805625354 81.3550409288967 80.161981253063 78.9333680833087 77.7789069519323 76.7526011098834 76.3734443380552 76.1858474612236 76.3481821768424 76.2412995380514 75.9772408188266 75.2932927994167 74.3079423838679 72.941659151193 71.1231663542635 68.4213046554257 65.4909960259409 62.7321682160392 60.2071722474168 58.2458896391532 56.1590655077906 54.6915165133336 53.817651810015 53.6195247243432 53.8732643723488 54.4805854874499 55.2417813259013 55.350130898111 55.4663384732078 55.0622203525375 53.9712948203087 52.2723832673886 50.5846718374421 48.366750928409
67.8450095302918 67.9093780149432 67.5136419070118 66.4717403378557 65.0752275489709 63.3689690197215 61.5898602990543 60.0558309344684 59.4249511185814 59.4299851585837 60.5483726473416 62.1359393736895 64.253718810923 66.9686496678521 70.1080820139717 73.1549486552968 75.7981532040764 77.8241275619058 78.7549995113822 78.9341671326581 78.3218647381839 77.2000848195132 75.9125242478707 74.6143264349769 73.4219565987587 72.4033286255949 71.8025095638107 71.6676779512097 71.6974659877665 71.6198551891481 71.403986780959 70.9247582015746 70.144416070598 69.0410872816163 67.3298114498749 64.5699494770345 62.1546065728454 59.8338133736568 57.4591459833524 55.2980510750238 53.4352544458473 51.7926166267956 51.1009657453088 51.3362274064737 51.6543844622724 52.7645849830964 53.9283382541993 54.7535907450844 55.4742078991497 55.6476038729443 55.1151326824637 54.0770340544336 52.3795442774015 50.2618676213657
69.400308456491 69.1004272699356 68.2260638948749 66.9929051635896 65.3002938268816 63.4686054797734 61.7184599532801 59.8571548987837 58.6340255807428 58.5606538758558 59.0395229073132 60.3942943180309 62.1773694543278 64.6603721310111 67.3830175259534 69.999838997336 72.1990840294782 74.1734605256249 75.0691950461444 74.8957519320881 73.9680355436662 72.6875153183937 71.4668326027253 70.2268170889686 69.2481853155529 68.3542974293232 67.6811489918653 67.3551478403456 67.2499528632444 67.2656620486694 67.1625722677392 66.8611591274247 66.4528540272047 65.5593138183741 63.31722763619 61.6499596755294 59.7668658915688 57.618453006534 55.3645286963267 53.2340128912645 51.3381845688119 49.8872414091054 49.0795845178997 49.5962286311037 50.3512150014148 51.6487992931815 53.1450162494884 54.5710436316097 55.7233613168492 56.4029274407555 56.5796718264327 55.8710370782544 54.4741645017091 52.666495848228
70.7731299908722 70.0230788877782 68.8075921421542 67.1702027732835 65.3204199610388 63.2715726433431 61.2056167616564 59.3877452156123 58.1189841312521 57.8037908287609 57.8284834272721 58.5750134341857 59.6879361447166 61.6392940352945 63.8770508205189 66.1522935699014 68.2473493113237 69.8320704207701 70.7563891130335 70.7517163192525 70.1589859934414 69.2178996626069 67.853403999525 66.2187424021609 64.7927189153783 64.1516294391716 63.7829393165953 63.3908582803081 63.2412905202192 63.3405303867424 63.2784687569913 63.2903465878438 62.7790930849664 61.6003167068257 60.7033919420312 59.4933336377144 57.8315572019886 55.839618719676 53.6975672858603 51.6858170242871 49.8611420235213 48.35420678293 48.0132179821239 48.0921533423312 49.3020375265795 50.7423179359997 52.51906636182 54.2600123777109 55.7768098256167 57.2358952725635 57.731264838401 57.5244721016463 56.7553628104575 55.4481785858379
71.2086582569515 70.1899590877926 68.7230120643097 66.9316319113269 64.9844170291634 63.021510381909 60.8521373026511 58.920795601957 57.3980680563871 56.5753377535764 56.4948058759465 56.7175102444256 57.4331028180964 58.8428941824857 60.6941251544391 62.5927274647881 64.3642254296471 65.8967585072798 66.7755365652197 66.8610414617202 66.7216324385475 65.9001680332072 64.6335071149994 63.1766132501995 61.6222201743547 60.3900210471714 59.629269294879 59.1502275501981 59.1264917508644 59.198058500886 59.2122457492001 59.2877675873392 59.3859180702883 59.1251538908657 58.6046171740574 57.6763622716946 56.2466667215614 54.3978421241045 52.3571914083817 50.4322598804446 48.6221742331982 47.1903311925776 46.8702324769076 46.9221343959079 48.0168478383737 49.7484114135013 51.6091600831817 53.6034319926711 55.804017708582 57.4240330001887 58.5258539704716 59.0175047604477 59.030195572797 58.3614041393294
72.0575644926113 70.5717046944534 68.6913710376796 66.706926319529 64.7649941865136 62.7986439256107 60.6830302774906 58.5668850067784 56.8787841481321 55.757750973982 55.0819695626988 54.9374078827746 55.358978825457 56.4252823240617 57.8573976614896 59.430000964333 60.9022584873087 62.0393720935373 62.8911601655623 63.4410495091887 63.464739697821 62.8041555951623 61.8398599694757 60.508871951524 59.1149601410417 57.8090104443185 56.8118383121841 56.4052098595044 56.2370537493159 56.2680037608918 56.5084291652722 56.8982388868051 57.1932949379963 57.2288278630551 56.9106248696061 56.0814993793473 54.7701476601993 53.085948510205 51.2305194963427 49.3507260014029 47.3410195094698 46.1313056595185 45.7552338487962 45.7779095313128 46.7058155992452 48.2905569392092 50.3165372049107 52.5101738607182 55.0812670693678 57.2037169407396 58.8734742753646 60.0542802793138 60.8359704455909 60.8531460262397
72.1452039576629 70.8994024466066 69.0078429325539 66.9909806347945 64.903847987161 62.7695226204746 60.5178742917145 58.3854591583504 56.3648099916823 54.9043462276459 53.5710326959105 53.0763312437955 53.3087466604569 53.9764855994898 55.050381492166 56.3547072796261 57.6450646344353 59.0605530633646 60.0537259894259 60.7570030619116 60.8452386926202 60.5977532793494 59.7533727218123 58.5043433256009 57.233492686468 56.0699723590823 55.106219991165 54.3728646276628 54.1673055711914 54.214848797111 54.4706738933044 54.9919149910702 55.3377729592954 55.5647650247111 55.3540693468907 54.7306453094763 53.5646466568989 52.0641498960116 50.2914693863953 48.2440170821022 46.3459819292321 45.1371967687326 44.497466034749 44.5378238243215 45.1921193880193 46.5989758021691 48.6416870390668 50.9542021926712 53.7956871846143 56.2627759768682 58.5102202559219 60.3611904610606 61.8648646088207 62.9324703076307
72.4667995361721 70.6499209868557 69.1314231595572 67.5715473162777 65.3296651112683 63.0518803053042 60.535765237668 58.2036794555538 55.9893006980419 53.826367877862 52.5378570626764 51.7431454413077 51.631237429731 52.0087669176214 52.8557669485317 54.0687264554641 55.3956538263489 56.7798373944619 57.9291333170498 58.8352217674255 59.2603602023686 59.0187308104599 58.2866431299378 57.2679266543949 56.082665231298 54.9387751151534 53.8995439971195 53.0122436267488 52.5656702816486 52.6757080870516 52.9579235262731 53.3328396730563 53.6943881012061 53.9779576247229 53.9312060080907 53.5046190619469 52.5874927000088 51.1998425520518 49.2702155902105 47.1887269510942 45.5204658771262 44.1319131675888 43.2700271992122 43.12499842223 43.5536707955248 44.6437032748671 46.6171395568287 49.0873168812079 51.9459863673238 54.777494858293 57.4193417324739 59.9651418398408 62.2060169998337 63.9783120146569
