PREC/medie/CUMULATA_MEDIA_AMGLAS.asc
NCOLS 177 
NROWS 174 
XLLCORNER 1436301.375 
YLLCORNER 4916704.5 
CELLSIZE 1500 
NODATA_value -9999 
[rows 40 to 59 of 174, columns 46 to 91 of 177]
974.809555053711 1000.8595123291 1026.95703125 1052.98463439941 1078.49017333984 1103.89323425293 1129.20245361328 1128.38119506836 1124.75433349609 1120.92932128906 1116.29415893555 1111.19616699219 1104.82402038574 1082.65901184082 1038.68536376953 995.601181030273 953.579528808594 915.47533416748 878.438919067383 842.271713256836 842.859840393066 845.789985656738 848.226135253906 842.377624511719 832.682334899902 821.420616149902 800.644004821777 768.152801513672 735.93391418457 705.494438171387 682.026916503906 658.694305419922 635.463905334473 618.642951965332 601.99690246582 585.15299987793 572.668121337891 561.98218536377 552.06999206543 546.308044433594 545.101898193359 544.946685791016 550.193023681641 572.48917388916 594.410827636719 616.075813293457
979.16926574707 1007.83193969727 1036.4267578125 1064.31356811523 1088.15835571289 1111.86712646484 1135.45091247559 1133.96409606934 1129.76649475098 1125.52131652832 1121.10279846191 1116.54885864258 1110.71249389648 1089.23420715332 1045.7919921875 1002.73541259766 961.300140380859 927.195579528809 894.414596557617 862.729103088379 861.260917663574 861.922752380371 862.191017150879 852.882179260254 838.982559204102 822.784797668457 795.934722900391 755.585235595703 716.12858581543 680.219467163086 658.247573852539 636.390106201172 614.62264251709 601.454528808594 588.6435546875 575.653526306152 565.858581542969 557.420272827148 549.355934143066 545.201377868652 545.520011901855 547.326614379883 553.492340087891 573.838806152344 593.786842346191 613.451820373535
983.7392578125 1015.01760864258 1046.0550994873 1075.74229431152 1097.85488891602 1119.83210754395 1141.68426513672 1139.51963806152 1134.73492431641 1130.03265380859 1125.78668212891 1121.73896789551 1116.4207611084 1095.61122131348 1052.68202209473 1009.89085388184 969.306121826172 939.509536743164 911.06623840332 883.759986877441 880.210884094238 878.455291748047 876.301872253418 863.299095153809 844.965744018555 824.020683288574 791.333503723145 743.325798034668 696.601692199707 655.013084411621 634.459434509277 613.999320983887 593.615165710449 583.975288391113 574.927848815918 565.749664306641 558.631950378418 552.436103820801 546.560913085938 544.37264251709 546.579467773438 550.190422058105 557.109069824219 575.242736816406 593.055618286133 610.63013458252
988.569183349609 1022.46591186523 1055.87861633301 1087.29103088379 1107.58464050293 1127.78507995605 1147.89826965332 1145.04277038574 1139.65274047852 1134.45188903809 1130.33090209961 1126.74922180176 1121.9326171875 1101.7755279541 1059.34350585938 1017.06411743164 977.599075317383 952.411605834961 928.379425048828 905.339019775391 899.677528381348 895.359481811523 890.550430297852 873.652275085449 850.688331604004 825.159980773926 786.837760925293 731.327323913574 677.31282043457 629.85147857666 610.659385681152 591.543563842773 572.492073059082 566.289436340332 560.965538024902 555.58097076416 551.153984069824 547.200698852539 543.697036743164 543.976615905762 548.853492736816 554.861755371094 563.269218444824 580.179084777832 597.090301513672 614.049240112305
991.942337036133 1025.20811462402 1057.73606872559 1087.84567260742 1104.68199157715 1121.4549407959 1138.16539001465 1131.77882385254 1122.7882232666 1114.06591796875 1106.37954711914 1099.19876098633 1090.77336120605 1072.0245513916 1038.14030456543 1004.50321960449 972.764297485352 950.467269897461 929.106781005859 908.563278198242 902.240692138672 897.061012268066 891.317222595215 874.646667480469 852.400077819824 827.720962524414 793.502754211426 746.172698974609 700.817047119141 661.489067077637 648.001686096191 634.659141540527 621.457328796387 614.723152160645 608.447158813477 602.095031738281 598.890762329102 597.239219665527 596.172485351562 599.237411499023 607.688323974609 616.958953857422 628.905799865723 651.412002563477 674.037460327148 696.796203613281
994.850845336914 1026.57450866699 1057.35440063477 1085.39489746094 1098.40124511719 1111.37445068359 1124.31271362305 1113.74415588379 1100.47991943359 1087.56362915039 1075.51593017578 1063.89683532715 1051.12368774414 1034.09838867188 1010.79527282715 987.735778808594 965.307952880859 945.662261962891 926.753158569336 908.499351501465 901.929214477539 896.311149597168 890.050102233887 874.333755493164 853.66796875 830.788497924805 801.954574584961 764.7109375 729.544830322266 699.44263458252 691.573738098145 683.800392150879 676.124664306641 668.096145629883 660.022804260254 651.956298828125 649.339019775391 649.464973449707 650.235900878906 655.762359619141 667.75252532959 680.381240844727 695.937805175781 724.169250488281 752.525192260742 781.009376525879
997.292053222656 1027.38316345215 1056.59407043457 1082.83381652832 1092.27172851562 1101.61676025391 1110.87030029297 1096.20948791504 1078.68885803223 1061.40855407715 1044.83238220215 1028.61328125 1011.66520690918 996.410629272461 983.850875854492 971.424652099609 958.409530639648 941.442596435547 924.967590332031 908.939437866211 902.09008026123 896.001724243164 889.264106750488 874.51439666748 855.482643127441 835.074401855469 812.162483215332 785.64680480957 760.934776306152 740.292755126953 738.199172973633 736.042633056641 733.844818115234 724.605926513672 714.694351196289 704.89241027832 702.771263122559 704.64136505127 707.06063079834 714.826805114746 730.17301940918 746.205513000488 765.413063049316 799.457458496094 833.454330444336 867.432891845703
997.640823364258 1023.25691223145 1048.03796386719 1070.03005981445 1076.15115356445 1082.11723327637 1087.93237304688 1070.93263244629 1051.11474609375 1031.45098876953 1014.0119934082 997.847274780273 981.455841064453 968.890380859375 962.220748901367 955.489440917969 947.707824707031 933.775512695312 920.101760864258 906.668792724609 900.780487060547 895.558097839355 889.711540222168 877.227394104004 861.134735107422 844.548416137695 827.671661376953 810.353904724121 794.529899597168 781.458946228027 781.107749938965 780.424644470215 779.435890197754 771.211151123047 762.341339111328 753.774101257324 751.844917297363 753.431205749512 755.406028747559 762.629089355469 777.612602233887 793.211837768555 811.835922241211 846.130508422852 880.036911010742 913.589813232422
995.422286987305 1013.09355163574 1029.99284362793 1044.81823730469 1048.01577758789 1050.99952697754 1053.77490234375 1036.5855255127 1016.83453369141 997.128341674805 982.984085083008 972.042556762695 961.305191040039 952.384674072266 946.286376953125 940.019104003906 933.12287902832 922.656845092773 912.214492797852 901.795135498047 898.072402954102 894.968231201172 891.233520507812 882.111915588379 869.998947143555 858.252586364746 847.411758422852 837.977752685547 829.773887634277 822.916694641113 821.468086242676 819.539321899414 817.156303405762 811.516929626465 805.669898986816 800.233276367188 798.517723083496 798.839942932129 799.450828552246 804.984756469727 818.125938415527 831.916847229004 848.582633972168 881.390838623047 913.667694091797 945.45654296875
992.56330871582 1002.24212646484 1011.27815246582 1018.95994567871 1019.27140808105 1019.33555603027 1019.1575012207 1001.84828186035 982.275497436523 962.709686279297 952.008483886719 946.467132568359 941.218124389648 935.817443847656 930.124053955078 924.541137695312 918.846328735352 912.194839477539 905.293426513672 898.14990234375 896.869415283203 896.061813354492 894.353912353516 888.484504699707 880.249244689941 873.012351989746 867.827270507812 865.934471130371 864.925338745117 863.957069396973 860.942741394043 857.569633483887 853.851425170898 850.778427124023 847.977340698242 845.601150512695 844.113212585449 843.10311126709 842.352203369141 846.221305847168 857.546783447266 869.167701721191 883.394088745117 914.253768920898 944.852096557617 975.202987670898
988.660690307617 990.694320678711 992.239196777344 993.114395141602 990.67756652832 987.971221923828 985.000106811523 967.866226196289 948.821594238281 929.778594970703 922.425842285156 921.941024780273 921.734222412109 919.736907958984 914.806045532227 910.369270324707 906.259757995605 903.152267456055 899.491584777832 895.281784057617 896.44522857666 897.95970916748 898.254013061523 895.482543945312 890.914161682129 887.941192626953 887.489654541016 891.139450073242 895.201118469238 898.303184509277 893.841873168945 889.186378479004 884.340179443359 882.874931335449 882.020439147949 881.53849029541 879.873664855957 877.487327575684 875.339538574219 877.403366088867 886.552825927734 895.643447875977 907.150161743164 936.587203979492 966.06591796875 995.596176147461
978.024215698242 975.203582763672 972.041046142578 968.624984741211 964.325500488281 959.730041503906 954.841613769531 939.729354858398 923.199478149414 906.650131225586 901.700874328613 903.66130065918 905.905532836914 906.531120300293 904.457862854004 903.234489440918 902.234939575195 900.683547973633 898.303604125977 895.085273742676 898.386604309082 902.153244018555 904.375099182129 904.190185546875 902.557136535645 903.114730834961 904.529174804688 907.30924987793 910.165710449219 912.162033081055 907.580749511719 902.946792602539 898.261856079102 896.799964904785 895.961128234863 895.505821228027 893.561172485352 890.67236328125 887.989128112793 888.89192199707 896.099029541016 902.912979125977 912.092239379883 941.842193603516 971.879837036133 1002.23291015625
967.585861206055 960.000045776367 952.137405395508 944.401626586914 938.219284057617 931.667022705078 924.745391845703 911.513824462891 897.404647827148 883.333251953125 880.771881103516 885.161979675293 889.820106506348 893.028099060059 893.774322509766 895.343223571777 896.915405273438 896.354011535645 895.062568664551 893.028144836426 898.647758483887 904.902168273926 909.385734558105 912.116142272949 913.771148681641 917.485321044922 920.448837280273 921.969696044922 923.604507446289 924.589172363281 920.003829956055 915.43684387207 910.889663696289 909.409637451172 908.560150146484 908.099670410156 905.852767944336 902.428146362305 899.08528137207 898.725936889648 903.856811523438 908.400268554688 915.239547729492 945.351119995117 975.996307373047 1007.24630737305
957.388763427734 945.14533996582 932.589660644531 920.499221801758 912.407211303711 903.815574645996 894.721946716309 883.20970916748 871.412590026855 859.803680419922 859.615348815918 866.420532226562 873.456092834473 879.207359313965 882.737823486328 886.674537658691 890.283950805664 890.172966003418 889.808334350586 889.185249328613 897.330978393555 906.322845458984 913.397537231445 919.351440429688 924.607086181641 931.194274902344 935.484405517578 935.471557617188 935.899810791016 935.973114013672 931.49951171875 927.063537597656 922.669281005859 921.189422607422 920.34489440918 919.892669677734 917.368103027344 913.423202514648 909.393737792969 907.762893676758 910.814147949219 913.21549987793 917.839706420898 948.207244873047 979.235778808594 1011.06086730957
951.185546875 938.585845947266 925.654571533203 913.048278808594 903.47819519043 893.287094116211 882.467895507812 872.385803222656 862.528160095215 853.01229095459 854.231132507324 862.108444213867 870.170295715332 876.894607543945 881.26651763916 885.614799499512 889.47590637207 889.456535339355 889.646446228027 890.068664550781 898.974983215332 908.697563171387 916.326065063477 924.056777954102 931.88037109375 940.301483154297 946.341339111328 947.860748291016 950.193206787109 952.143371582031 947.067153930664 942.034591674805 937.053100585938 933.869720458984 931.106903076172 928.702026367188 925.143676757812 920.780609130859 916.172119140625 914.362258911133 918.266632080078 921.399368286133 925.993453979492 952.050720214844 978.991973876953 1007.0454864502
945.987823486328 934.190032958984 922.051940917969 909.959609985352 898.987197875977 887.277351379395 874.816535949707 866.03678894043 857.969696044922 850.372634887695 852.684211730957 861.226837158203 869.912445068359 877.171493530273 881.877563476562 886.192100524902 889.928367614746 889.940002441406 890.520751953125 891.722869873047 900.878959655762 910.819282531738 918.602806091309 927.805908203125 937.998794555664 948.223251342773 956.178527832031 959.706604003906 964.335372924805 968.509704589844 962.777572631836 957.085662841797 951.439605712891 946.459075927734 941.688247680664 937.287200927734 932.693054199219 927.971237182617 922.806671142578 920.786483764648 925.520095825195 929.455368041992 934.244522094727 956.114715576172 979.003463745117 1003.22506713867
939.963653564453 928.76286315918 917.418640136719 905.917007446289 893.612632751465 880.532836914062 866.656921386719 859.386817932129 853.279876708984 847.605834960938 851.022880554199 860.235641479492 869.523620605469 877.297889709473 882.31665802002 886.786308288574 890.654861450195 890.953239440918 891.696441650391 892.935188293457 901.614250183105 911.163375854492 918.906463623047 929.361282348633 941.73486328125 954.112487792969 964.337997436523 970.226715087891 977.390975952148 984.038375854492 977.847473144531 971.619705200195 965.345275878906 958.627349853516 951.888580322266 945.549560546875 939.944747924805 934.919021606445 929.176040649414 926.88557434082 932.418319702148 937.290222167969 942.588439941406 960.469573974609 979.363586425781 999.651504516602
932.957870483398 922.290069580078 911.673934936523 900.937149047852 889.186653137207 876.639724731445 863.270942687988 857.744720458984 853.585235595703 849.823265075684 853.466133117676 861.877479553223 870.275123596191 877.397331237793 882.187126159668 886.262237548828 889.878288269043 891.802803039551 894.078056335449 896.749885559082 906.163467407227 916.505996704102 925.427749633789 936.791320800781 949.887756347656 962.924652099609 973.670745849609 979.678817749023 987.072357177734 994.094543457031 988.208877563477 982.233871459961 976.139572143555 968.400161743164 960.373092651367 952.796859741211 946.480972290039 941.17561340332 934.885498046875 931.756042480469 936.187728881836 940.031997680664 944.008712768555 957.732818603516 972.45849609375 988.636108398438
924.744827270508 914.536972045898 904.576049804688 894.811431884766 885.887817382812 876.130493164062 865.505470275879 861.957397460938 859.665176391602 857.732810974121 860.55020904541 866.461761474609 872.29296875 877.474723815918 881.463119506836 884.583305358887 887.548812866211 892.467918395996 897.618804931641 903.035140991211 914.265312194824 926.39909362793 937.473739624023 949.352172851562 961.802871704102 974.167221069336 983.979888916016 988.341796875 994.255905151367 1000.15127563477 995.239395141602 990.166885375977 984.876846313477 976.655532836914 967.811141967773 959.448593139648 952.617965698242 947.063125610352 940.261184692383 936.063400268555 938.536849975586 940.554595947266 942.572326660156 952.23713684082 962.883728027344 975.018753051758
916.433975219727 906.491027832031 896.898574829102 887.78076171875 881.363159179688 874.291763305664 866.536277770996 865.097137451172 864.755493164062 864.587364196777 866.54256439209 869.889450073242 873.195281982422 876.465782165527 879.69580078125 881.981521606445 884.407432556152 892.470680236816 900.746047973633 909.270301818848 922.697525024414 936.952758789062 950.366409301758 962.9853515625 974.983673095703 986.797882080078 995.810562133789 998.648254394531 1002.74499511719 1006.92105102539 1002.41731262207 997.99333190918 993.682983398438 985.187652587891 975.632888793945 966.211669921875 958.578018188477 952.489974975586 945.310974121094 940.25 940.941925048828 941.238861083984 941.422210693359 947.100524902344 953.533889770508 961.181655883789
