PREC/medie/CUMULATA_MEDIA_09.asc
NCOLS 177 
NROWS 174 
XLLCORNER 1436301.375 
YLLCORNER 4916704.5 
CELLSIZE 1500 
NODATA_value -9999 
[rows 20 to 39 of 174, columns 0 to 45 of 177]
-9999 -9999 -9999 -9999 -9999 -9999 -9999 120.817013908835 123.738047431497 126.717634313247 129.751420189353 130.563287847182 131.125349381391 131.663198583266 131.450340046602 130.876925075755 130.284416871912 129.854180504294 129.626804351807 129.252040863037 128.810968286851 128.237032273236 127.687446369844 127.154046002556 126.64174898933 126.101613437428 125.514317456414 123.965165082146 122.140583711512 120.379468581256 118.180130678065 115.610155666576 113.103944329654 110.991330763873 109.720778184779 108.431801291073 107.247166801901 107.212489408605 107.284928602331 107.475518058328 109.130186641918 111.011461145738 112.870609732235 115.376461477841 118.252392712761 121.095666548785
-9999 -9999 -9999 -9999 -9999 -9999 -9999 120.817433525534 123.566664976232 126.392849417294 129.288111742805 130.525965297923 131.585420047536 132.611297607422 132.786108129165 132.561639449176 132.269385169534 131.949536716237 131.601408565746 131.144929549273 130.632996054257 130.000142714557 129.370329688577 128.742856193991 127.934462379007 127.108623953427 126.253072850844 124.437358631807 122.350226458381 120.310179990881 117.997187670539 115.455728082096 112.947628470028 110.843873192282 109.601506850299 108.385719972498 107.284672344432 107.22648227916 107.241756102618 107.337732539457 108.917493932387 110.744934979607 112.60854137645 114.949085908778 117.561732572668 120.109630135929
-9999 -9999 -9999 -9999 -9999 -9999 120.489015018239 120.901108910056 123.49962795482 126.177171146168 128.924008537741 130.588027954102 132.137872359332 133.651611328125 134.212062611299 134.337184232824 134.363418354708 134.166563146255 133.715301064884 133.171156714944 132.577981836656 131.87592382992 131.159010270063 130.431411069982 129.322844337015 128.195846333223 127.038479075712 124.923272749957 122.545934340533 120.225141861859 117.798511280733 115.283635756549 112.796676747939 110.726639242733 109.536929411047 108.395412669462 107.368737613454 107.278302697574 107.238395578721 107.25368084627 108.772469015682 110.552887636072 112.40626301485 114.566969478832 116.902447195614 119.169118544635
-9999 -9999 -9999 -9999 -9999 -9999 120.595594518325 121.040177289177 123.504736956428 126.03913340849 128.632884979248 130.727942074046 132.764924442067 134.768367318546 135.714417401482 136.191903507008 136.554706349092 136.494155883789 135.958873973173 135.324026444379 134.642392551198 133.863498014562 133.054910996381 132.223035924575 130.812026079963 129.36871584724 127.874456966625 125.42418311624 122.726236904369 120.122421713436 117.58168815164 115.090936997358 112.652234245749 110.645447001738 109.537993038402 108.472282409668 107.509320090799 107.376294977525 107.283950469073 107.235842985265 108.710990793565 110.452873678768 112.277908549589 114.240768208223 116.281794604133 118.284507751465
-9999 -9999 -9999 -9999 118.287904627183 118.636059929343 119.056987986845 119.930371003992 122.945520288804 126.008624806124 129.109624974868 131.60481598798 134.041816487032 136.449296390309 137.676281648524 138.397126590504 138.989460215849 139.077053294462 138.609004076789 138.032615886015 137.393402772791 136.615904190961 135.792846455294 134.932752048268 133.37657771391 131.772508284625 130.09593223123 127.041613634895 123.641915938433 120.377062404857 117.476917266846 114.866948408239 112.334249833051 110.323814728681 109.386196136475 108.4833650028 107.66716598062 107.54333339018 107.450147853178 107.390196183149 108.666587268605 110.182780995088 111.792368496166 113.992292291978 116.531580756692 119.064351923325
-9999 -9999 -9999 -9999 118.157251470229 118.078295988195 118.088643915513 118.753175623277 122.369849934297 126.02105959724 129.698243085076 132.594130347757 135.424116246841 138.22059765984 139.707765915815 140.651773340562 141.458877787871 141.696913550882 141.323859944063 140.842788247501 140.281652562758 139.532915900735 138.727207183838 137.872663161334 136.223635280834 134.507923575009 132.694071377025 128.977086459889 124.788652307847 120.760032205021 117.430949716007 114.653582516839 111.98539722667 109.950509912827 109.201798943912 108.485297932344 107.83992430743 107.74147493699 107.664215648876 107.609848134658 108.646686890546 109.886814005235 111.228397593779 113.787560406853 117.047317056095 120.327496921315
-9999 -9999 -9999 -9999 118.021058250876 117.51631860172 117.132790060604 117.626420638141 121.865111631506 126.11514304666 130.372301662669 133.669964509852 136.885009092443 140.038942000445 141.75185955272 142.889228596407 143.906879649443 144.289601943072 144.007273505716 143.650042814367 143.200023651123 142.514272577622 141.782603319953 141.002690034754 139.331630033605 137.554161520565 135.622842227711 131.258211472455 126.284996930291 121.419226478128 117.590697569006 114.571042677935 111.740878049065 109.65894463483 109.074803520651 108.548252778895 108.08814015108 108.030093697941 107.987503500546 107.961553910199 108.781397314633 109.762839822208 110.837084714104 113.75561949786 117.735345055075 121.734404620002
-9999 -9999 -9999 -9999 98.4684387655819 104.448563968434 110.582577200497 116.534996705897 121.543010936064 126.534356958726 131.510735904469 135.149597616757 138.684837341309 142.133702895221 143.929867239559 145.094761119169 146.160932653091 146.682288674747 146.641639933867 146.55621696921 146.371317470775 145.92917992087 145.448786118451 144.919950373033 143.521938772763 141.972036473891 140.208905388327 135.491138682646 130.033046722412 124.627047370462 120.161803750431 116.428020813886 112.970866035013 110.465128281537 109.834917629466 109.290056340835 108.819813784431 108.713014714858 108.616616753971 108.531191545374 109.435686896829 110.519725687364 111.688007354736 114.849965039422 119.159296821145 123.4864098044
-9999 -9999 -9999 -9999 98.3800481908462 103.93092548146 109.668967527502 115.474303526037 121.354689654182 127.193852817311 133.000615737017 136.939924576703 140.753292756922 144.453954584458 146.217537823845 147.269985423369 148.240393919103 148.895976571476 149.232979942771 149.559208140654 149.792082169477 149.778473124785 149.738015343161 149.656659070183 148.857625175925 147.865388982436 146.605914172004 141.889581792495 136.314550063189 130.740170198328 125.508183311014 120.54243143867 115.934448690975 112.575155370376 111.657500323127 110.850814707139 110.138985914343 109.877723806045 109.621086457196 109.369223762961 110.732644473805 112.36701112635 114.076985976275 117.338507259593 121.493394739488 125.664969275979
-9999 -9999 95.7296501608456 95.908971898696 98.2910995483398 103.440785127528 108.750057220459 114.384534723618 121.091949911679 127.746416204116 134.360961689669 138.570289611816 142.649122125962 146.606769786162 148.337812984691 149.285138522877 150.180322534898 150.996175653794 151.730494330911 152.45662577012 153.091450635125 153.490584429573 153.8586360707 154.186554852654 153.947190228631 153.52985943065 152.869681863224 148.24497088264 142.645859213436 136.992110532873 131.075439789716 124.966004091151 119.207555209889 114.994251812206 113.784587523516 112.696338653564 111.717512355131 111.276224360746 110.844662722419 110.423192641314 112.24315329159 114.423499836641 116.668038087733 120.022395863253 124.015754475313 128.001777200138
82.7011007421157 85.6213679594152 89.4146095724667 93.3479048785041 97.8099625531365 102.89091648775 108.079201642205 113.75649396111 121.138284122243 128.464503568762 135.752616209142 140.120064903708 144.36831777236 148.495267082663 150.199720943675 151.083670672248 151.944704392377 152.956291423124 154.107365103329 155.246357861687 156.295153673957 157.11965157004 157.904310338637 158.643671596751 158.868666480569 158.948688955868 158.832441217759 154.439603693345 149.00041737276 143.44380793852 137.03572250815 129.997185650994 123.272932950188 118.313578773947 116.77253184599 115.361492044785 114.072146696203 113.383645899156 112.715321148143 112.067599016077 114.161435295554 116.686751197366 119.265160953297 122.661648694207 126.528753841625 130.358198053697
82.6902968462776 85.2254037296071 88.4415044223561 91.8618408651913 96.3971144732307 102.208486893598 108.094880945542 114.393132378073 122.074628044577 129.688584944781 137.257897320916 141.450564889347 145.537524952608 149.497150196749 151.182008406695 152.129405975342 153.085092881147 154.388559678022 156.010489744299 157.617400674259 159.139939476462 160.45943922155 161.731216879452 162.927882026224 163.140862408806 163.237672469195 163.17977995031 159.721102995031 155.430040471694 150.967178344727 145.261628094841 138.646409651812 132.315952637616 127.45545836056 125.413049024694 123.506851420683 121.709934683407 120.382954092587 119.084147509407 117.814276975744 118.78406569537 120.103682574104 121.464131074793 124.521611606374 128.555777157054 132.521737491383
82.622267666985 84.7975705090691 87.4666105158189 90.3295723410214 94.918223212747 101.417606802548 108.006757848403 114.932299221263 122.926373201258 130.839099210851 138.699911229751 142.72115797155 146.660649243523 150.473105711095 152.161106558407 153.188310062184 154.23558066873 155.832563736859 157.922240537756 159.987887663 161.974886725931 163.779994067024 165.514880685245 167.133632659912 167.304806204403 167.385605307186 167.347888946533 164.793899760527 161.62450319178 158.276699066162 153.290638979744 147.119613535264 141.206945755902 136.46533203125 133.945678486544 131.560537899242 129.268734202665 127.316332199994 125.388086879955 123.484541275922 123.318191752714 123.422380559585 123.559656030992 126.272192786722 130.467847263112 134.589378356934
82.526003557093 84.3482259862563 86.4850914899041 88.7653506783878 93.4039232590619 100.56276141896 107.855699651382 115.407693077536 123.720809263342 131.937935099882 140.067674973432 143.945249445298 147.747073229621 151.427796980914 153.138030108284 154.258709178251 155.395118713379 157.287715687471 159.842365040499 162.357917561251 164.800217572381 167.081263598274 169.25402989107 171.257625804228 171.354081770953 171.38152290793 171.319867975572 169.634019963882 167.553871603573 165.341785655302 161.092323303223 155.387241812313 149.918557559743 145.318706288057 142.349368824678 139.503803926356 136.731879963594 134.169449301327 131.612508661607 129.060749951531 127.743149252499 126.619574378518 125.527035881491 127.887356702019 132.237792519962 136.538739372702
82.3099928463207 84.3979227402631 86.8867885365206 89.4520442065071 94.3928830763873 101.797368666705 109.389177210191 117.163286770091 125.406913757324 133.54661694695 141.566787719727 145.474152508904 149.304295708151 153.016515844008 154.884618422564 156.221142039579 157.567405251896 159.656267053941 162.383275200339 165.060072954963 167.592276404886 169.800203884349 171.867866291719 173.768324908088 174.108093486113 174.396927104277 174.622179592357 172.666942372042 170.231064964743 167.720733642578 163.794533449061 158.862125396729 154.140597623937 150.080545762006 147.250838560217 144.530119952034 141.838326398064 139.052540274227 136.251685647403 133.435127931483 131.565006256104 129.844107908361 128.151804082534 129.766665514778 133.288215637207 136.78346454396
82.0798171548282 84.4271641899558 87.2742261325612 90.1655155630673 95.4380918390611 103.088384516099 110.970096363741 118.942157745361 127.092081182143 135.139654047349 143.0402766957 147.017724878648 150.912625929889 154.686611624325 156.743687573601 158.323619169347 159.902594173656 162.174190970028 165.026183408849 167.815356759464 170.36670146269 172.391746296602 174.241093355067 175.936559564927 176.583152546602 177.19457469267 177.763578975902 175.246594821706 172.086709863999 168.904481551226 165.182833727668 161.079060049618 157.164754306569 153.732492110308 151.18783120548 148.738880157471 146.269882650936 143.360019010656 140.419332840863 137.44668489344 135.194535199334 133.056993596694 130.94571797988 131.707374123966 134.1263219048 136.545783547794
81.8220297869514 84.3885392581715 87.5473078559427 90.752098644481 96.3421193291159 104.225250692929 112.378500994514 120.521517136518 128.557239532471 136.543149387135 144.385786841897 148.493555854349 152.495141646441 156.345481648165 158.608953812543 160.441928863525 162.237862979665 164.674865498262 167.635667239918 170.532731224509 173.096570183249 174.935373194077 176.581781275132 178.102041356704 179.080200419706 180.003690831801 180.861768385943 177.719906750847 173.792051203111 169.933002696318 166.419832117417 163.139051998363 160.031818389893 157.225218828987 154.966091829188 152.771739959717 150.500825994155 147.443499396829 144.363081539378 141.258785472197 138.648891448975 136.118833205279 133.610964158002 133.542166765998 134.881495531868 136.264838274787
83.2909198087804 86.0941615385168 89.4950422399184 92.945634393131 98.3935530045453 105.707403743968 113.354121937471 121.097988353056 128.964571784524 136.836749132942 144.592643513399 149.316548515769 153.896868088666 158.284106310676 161.02856131161 163.334930195528 165.563492718865 168.250722772935 171.306819018196 174.298774719238 176.844910565545 178.440314349006 179.827836653766 181.078900729909 181.753771164838 182.365587571088 182.899908626781 179.376219805549 175.095303479363 170.967333625345 167.611521103803 164.781349855311 162.112850413603 159.642082214355 157.523100460277 155.438446269316 153.226401609533 149.932189492618 146.622287301456 143.29604362039 140.438055150649 137.653233472039 134.885531705969 134.334751802332 135.065293480368 135.884093565099
85.6441452923943 88.7297928754021 92.3752609701718 96.072125378777 101.119930828319 107.389107872458 114.031261219698 120.994458366843 128.629386901855 136.325130911434 143.958541870117 149.645922716926 155.16450881958 160.461346794577 163.920485103832 166.9035987854 169.774023617015 172.806834725773 175.969463348389 179.067013235653 181.587490979363 182.903765734504 183.995020810296 184.888726514928 184.605254229377 184.238509458654 183.772011925192 180.131403530345 175.95097395953 172.012946858126 168.746664608226 165.931895087747 163.262716181138 160.776087143842 158.611908183378 156.450829225428 154.118057699764 150.467470281264 146.808990478516 143.142178928151 140.166824116426 137.294731588925 134.43568981395 133.835156833424 134.541012259091 135.378671533921
88.1488184087417 91.5408570906695 95.450751360725 99.3876635607551 104.005202798282 109.224365458769 114.790044223561 120.9085150326 128.235527711756 135.702653772691 143.188611198874 149.797208898208 156.240895888385 162.473138248219 166.669252507827 170.351933198817 173.880331824808 177.268009185791 180.553031921387 183.751342997831 186.236115511726 187.267605837654 188.067600362441 188.607463612276 187.375482895795 186.049851810231 184.614224153406 180.89599384981 176.840506609748 173.091760074391 169.913306965547 167.113386490766 164.439914478975 161.933683731977 159.720810385311 157.480360592113 155.023540272432 151.014197630041 147.002674551571 142.988655090332 139.889567655676 136.924970963422 133.973790337058 133.322677387911 134.002884359921 134.852147943833
