PREC/medie/CUMULATA_MEDIA_07.asc
NCOLS 177 
NROWS 174 
XLLCORNER 1436301.375 
YLLCORNER 4916704.5 
CELLSIZE 1500 
NODATA_value -9999 
[rows 96 to 119 of 174, columns 54 to 107 of 177]
53.7258014678955 50.850999102873 48.3871562060188 45.927004701951 43.843755273258 42.3314323986278 41.162846733542 40.5688130995807 41.1469081990859 42.6865043079152 44.4584704006419 46.2535152996288 47.5937443901511 48.0679782699136 47.5498132986181 46.052906330894 43.1932498567245 39.3033876278821 34.8128224400913 30.4508156776428 26.4547319973216 23.2395108377232 20.5730300370385 18.5534467416651 16.8698308187373 15.8540321308024 15.538123235983 15.8407813205439 16.7495582384222 18.1247672999606 20.1547788591946 22.751014288734 26.6370270567782 31.5790521151879 37.2387900703094 42.9474100435481 48.3039501695072 53.6254504778806 57.499399192193 60.2071415536544 61.9955079275019 63.1012943106539 63.9986435210004 63.7346652570893 62.262957324 59.4347732873524 55.6128377283321 51.2200713438146 47.0686671242994 43.1729221554363 39.0099749354755 35.0787789541132 31.0295377408757 26.8391947465784
47.5349931997411 44.8947237519657 42.7210711871876 41.0263164744658 39.5185932832606 38.3647496840533 37.4560451507568 37.6279104457182 38.7523331922643 40.8239882974064 43.1513160256779 45.3874545097351 46.9770414408516 47.7284160501817 47.8010646876167 46.6448297220118 44.2296904956593 40.9103402530446 37.2229257751914 33.4578728675842 30.1037027976092 27.2164621493396 24.8050843126634 22.8393832304898 21.0897405287799 20.1616869183148 19.764632414369 20.0095884835019 20.8695911414483 22.0943569716285 23.8701435923576 26.324830328717 29.6783715626773 33.9469871871612 38.7786794059417 43.795859021299 48.4633936321034 53.2293867854511 56.9741601382985 59.9343339064542 62.4367051615435 64.3123064356692 65.4069263233858 65.6937919346725 64.7446669462849 61.880042868502 57.7923106305739 53.1392602885471 48.2942855919109 43.2903954912634 38.5395522538353 33.8534392749562 29.0742641266655 24.3215963770362
41.2856284029344 39.5667248333202 38.3680633657119 37.4449200349696 36.2956212268156 35.0759247892043 35.0022222014034 35.9058442957261 37.4234024777132 39.752582914689 42.5031508838429 44.7725405973547 46.5099782663233 47.5816638609942 47.6822228431702 46.6140222829931 44.7003546041601 41.9653694349177 39.0733690822826 36.2596160103293 33.694707589991 31.4134982333464 29.4771623330958 27.4980902461445 26.1065762183245 25.2581596023896 24.7273256708594 24.6208144391284 25.3322404272416 26.2336588817484 27.6546423435211 29.7525386950549 32.3604368251913 35.9622662067413 39.9864601492882 44.1154866218567 48.0787470095298 52.0191551762469 55.3045711061534 58.0699972089599 60.5885362099199 62.7122924678466 64.2245137411005 65.3362402021885 64.7185590197058 62.6021855929319 59.2355470762533 54.9961796508116 50.0513383640962 44.6078879202113 38.8822414875031 33.3539808497709 27.9055804575191 22.8709668341805
36.8772160866681 35.8740984411801 35.0000330139609 34.6197009647594 33.7730849770939 33.526768319747 33.9434022342458 34.9735749188591 36.8015018070445 39.2791217355167 42.1320264760186 44.5467077423544 46.5120610629811 47.5687593291788 47.6622319501989 46.5542262021233 44.7371939771316 42.5814657491796 40.4829143636367 38.5740611132453 36.9111580007216 35.415581296472 33.8276330863728 32.4543589143192 31.3769663572311 30.4683584816316 29.7131421075148 29.2338644546621 29.4736525942298 29.9301159732482 30.6930598195861 32.1694400976686 34.0356310956618 36.8174308433252 39.9239430953475 43.0510606239824 46.0706488560228 49.2530067668242 51.9410448319772 54.242464205798 56.5511448733947 58.8686183340409 60.5669299714706 62.2344660092803 62.5875801759608 61.7511024194605 59.670425976024 56.4529017139884 51.9441355817458 46.1227677639793 40.0938335306504 33.8037489512387 27.507880245938 22.0946091062882
33.8442187589758 33.5581776114071 33.2686572495629 32.7808539306416 32.5866958674263 32.9918602494633 33.6618426266838 35.0123560288373 36.6959388957304 39.0870000614839 41.7980410631965 44.7621923614951 46.7939389172722 47.7386592416202 47.5637884140015 46.5301948715659 44.8431011368247 43.2089224142187 41.7507503733915 40.491651282591 39.5945654897129 38.5050569702597 37.6554775378283 36.831011709045 35.9536303211661 34.909988080754 33.8367271773955 32.8554979071898 32.4239938083817 32.3827768529163 32.4385356587522 33.2184343022459 34.4431062305675 36.2422526058029 38.3768764418714 40.6654167911586 42.8124896708657 44.7701646545354 47.0589349304929 49.1384557064842 51.2801953203538 53.3835914275225 55.4705328099868 57.4588117459241 58.8062448782079 59.3254969120026 58.765319648911 56.6650758560966 52.9826660506866 47.3787820198957 41.0540318699444 34.22132396698 27.6486971658819 21.8266510051839
32.0271591018228 32.3494449503282 32.5749634854934 32.7834376447341 32.890988406013 33.2034809168647 33.8341721646926 35.1064581871033 36.8313852758969 39.2606856542475 42.1454731436337 44.8487558645361 46.8624478788937 47.6886347321903 47.4489936828613 46.4419127913082 45.2005297716926 43.8259979977327 42.8183265293346 42.197802810108 41.3004099060507 40.8399988833596 40.5528086704366 39.9299644652535 39.049317780663 37.7706781625748 36.2775837743984 34.7606026214712 33.5793185409378 33.08883748335 32.6508221240605 32.7483600483221 33.3075767439954 34.2308914205607 35.6800614385044 37.2514966410749 38.6818603066837 40.0294327876147 41.5500594289864 43.4820169876604 45.3195107193554 47.2110937377986 49.5465335390147 51.8764549423667 53.9156103099094 55.4218292867436 55.8749184888952 54.9652504570344 51.9576020030414 47.2761515519198 41.1746784027885 34.3236585645115 27.6825946429197 21.8828374147415
31.1703584755168 32.1657594231998 33.089878208497 33.5592632574194 33.794650330263 33.9828169486102 34.4060012452743 35.5847035155577 37.372335952871 39.4652231861563 42.1107949649586 44.4415655136108 46.1339487188003 47.0176484304316 46.8732054093305 46.2954578119166 45.2939359300277 44.1741584609537 43.3537086599013 42.9379220920451 42.6777224961449 42.3154075215845 41.9884334381889 41.2813536139096 40.1653346033657 38.5976582064348 36.6843629163854 34.7082803880467 32.935236993958 31.9006276761784 31.1322703045957 30.7596309395397 30.897438557709 31.2258758194306 32.2430886450936 33.3971967556897 34.4687882346265 35.4872607220622 36.5998872413355 37.9737842118039 39.6321090424762 41.1372425354579 43.4088550174937 45.8570852069294 48.2761365701171 50.0146283156732 51.0594746084774 51.2353279310114 49.4066123962402 45.5835733133204 39.9980063368292 33.5904997797573 27.2501704131856 21.834266038502
31.1018883901484 32.884115709978 34.1986933315501 34.9317999727586 35.1424751001246 35.2525159611421 35.5953834898332 36.5087568900164 37.9795762090122 39.7657689066494 41.7831245871151 43.4812745767481 44.8529198730693 45.5096552652471 45.7799036502838 45.4231895558974 44.740543849328 44.0671842589098 43.7116669907289 43.5416144553353 43.327644628637 42.7556166228126 42.0078701061361 40.8740103455151 39.3794907471713 37.4638534994686 35.2385600805283 32.9303762527073 30.8258215714903 29.4432988552486 28.4746044593699 27.8387164894272 27.6538385468371 27.8287429388832 28.596566666575 29.5960758538807 30.9057185334318 31.8515161451171 32.8748618557173 34.0072534645305 35.2103836589 36.2681041167063 38.3144710098996 40.0188821589246 42.0872151956839 44.1642295928562 45.8287594178144 46.374014377594 45.0786926395753 41.9935222864151 37.2909753603094 31.781107748256 26.3377513815375 21.7796237608966
31.3811222384958 33.5524619747611 35.0677418849047 35.9696561869453 36.2632382336785 36.654857859892 36.8969322232639 37.4963424065534 38.5931597036474 40.0163080411799 41.5547496431014 42.9245375464944 43.7325574089499 44.0595995818867 44.3113574280458 44.4248058234944 44.2718415681054 43.9268452700447 43.6142977616366 43.2346772516475 42.8115946615443 42.0209965705872 40.8006701469421 39.1418196453768 37.2023639258216 34.9916307856055 32.563873501385 30.1177828031428 27.9209429200958 26.2508322421242 25.1626387308626 24.5830932645237 24.3496101884281 24.5450940763249 25.5748497703496 26.6886429821744 27.8255262269693 28.8930552636876 29.9368338567369 30.9142798921641 31.8645750836414 32.8225655818687 34.2677291070714 35.7235644880463 37.1013223634047 38.7792866054703 40.0638881711399 40.4812976472518 39.5046645823647 37.1339237549726 33.5640660384122 29.287607550621 25.3338429191533 21.7130108966547
31.5360487909878 33.8627231541802 35.5927622318268 36.5122990327723 37.151667580885 37.5338720433852 37.8737435060389 38.3658794375027 39.193594680113 40.3295227499569 41.358298217549 42.4417717036079 43.0237909625558 43.3256519261528 43.3784478692447 43.3628254778245 43.2056375601712 42.968128842466 42.6965810411117 42.2196548125323 41.5031178278082 40.1236923933029 38.6093986034393 36.9336840475307 34.5466062461629 32.166326677098 29.5433508438223 27.088214095901 24.9068240312969 23.1241833252065 21.9711660286959 21.3977911612567 21.1426850452143 22.0306369206485 22.9562403664869 24.1137689702651 25.4010320796686 26.6663992860738 27.7975439885083 28.6208109960837 29.370721320019 30.1755099305335 31.1952557879336 32.2109034622417 33.1603173613548 33.7621834172922 34.4257376053754 34.5077510090435 33.6546718162649 31.9811932479634 29.4884970749126 26.7894105595701 24.0196626186371 21.4807034730911
31.7144331861945 33.8935569104026 35.5384669724633 36.6616010665894 37.3112251478083 37.7376172682818 38.3489523354699 38.9597176664016 39.7741327566259 40.6444970018723 41.4925938774558 42.2740204194013 42.7967617651995 43.1380751413458 42.7774424693164 42.5548179850859 42.135037576451 41.5322840213776 41.0512383895762 40.3596539287006 39.4501283379162 38.0292346337262 36.1788209957235 34.2477350936216 31.8244659409803 29.4285806768081 26.9444768639172 24.4552673872779 22.2123743506039 20.5120429606999 19.4096389938803 18.7637543187422 18.7221210949561 19.6500917287434 20.6735556230826 22.1458834655145 23.6644826689187 24.9957796896205 26.2091331376749 27.1791879429537 27.9770038864192 28.4193263614879 28.8040761973928 29.348402486128 29.6496022729313 29.8045189976692 29.4430344665752 29.1805842904484 28.4162358887055 27.2302960788502 25.7069147053887 24.2938334030264 22.6816540255266 21.3406731521382
31.787606512799 33.6521664787741 34.980256837957 36.0001979575438 36.7305320571451 37.3245492402245 38.1660393827102 39.3358607151929 40.3314673339619 40.9056281482472 41.9863982481115 42.7768004221075 43.2253216014189 43.1991533111123 42.80688235339 41.9259044703315 41.1447513804716 40.1279821115382 39.1245030375088 38.2066053713069 36.979576180963 35.4275259410634 33.8201693506802 31.805539839408 29.6244127540027 27.1732322187985 24.8055647261002 22.4818068602506 20.3140123767011 18.5891670584679 17.3847789378727 16.7866074968787 17.1664010636947 17.8172015144544 18.960738252191 20.3930464860271 22.1267124081359 23.8770967546631 25.4128743936034 26.6185598127982 27.2261337953455 27.3938382969183 27.2197755154441 27.1944702232585 26.9028825549518 26.5203782074592 25.6923767433447 24.9880089654642 24.2147033565185 23.3661731937352 22.7874095264603 22.1164036323042 21.5659420069526 21.234514795682
32.1307255240048 33.362592753242 34.1144384075614 34.9069746101604 35.625211168738 36.3966758812175 37.6380458018359 39.0668920208426 40.4960663739373 41.4202107541701 42.7444227302776 43.5762299229117 43.8531444773955 43.5484049320221 42.6825474009794 41.4557185453527 40.1117805032169 38.8058807288899 37.4560525557574 36.0521926389021 34.3847227797789 32.8552261240342 31.3765149607378 29.6992762790007 27.7275783033932 25.5924665927887 23.2898286510916 21.0456661687178 19.0047364340109 17.3246500246665 16.0738012264757 15.5406133585116 15.9053380787373 16.5388859352645 17.8179575783365 19.4588957113378 21.4032757702996 23.3416095428607 24.98714098159 26.0800872182145 26.5372576047392 26.3990404833766 26.0010477444705 25.3280309473767 24.7932473333443 24.0571625688497 23.0790043578428 21.9722057125148 21.1929884780856 20.606751903015 20.5422770784182 20.4629749305108 20.6296591881443 20.8616745647262
32.6389320597929 33.0940218673033 33.3267875979928 33.6998303637785 34.1283279306748 34.9986498776604 36.3921072483063 38.1677510177388 39.6124292541953 41.6383388463189 43.3290133195765 44.1709289130043 44.6674031930811 44.1344265937805 42.9277361000285 41.1091951903175 39.4923925820519 37.5398870215696 35.7450726172503 33.9587213291841 32.3601188589545 30.8304364611121 29.4727203355116 28.0824733621934 26.3423432251986 24.4519905553145 22.3820755972582 20.2116944299025 18.0834479437155 16.4346439312486 15.2997831281494 14.8776840409812 15.2501361177248 16.00981078779 17.2800413212355 19.0632222838262 21.134469964925 23.250657824909 25.0181619963225 26.1898061527925 26.6400477184969 26.3616955928943 25.6164244571153 24.5621435905204 23.4544757674722 22.4481530084329 21.4503346015425 20.1938477439039 19.3576526554192 18.9910329720553 19.0338373008896 19.2027040509617 19.7036191707148 20.832242238171
33.0684284883387 32.852972241009 32.3538448389839 32.1524138731115 32.2843060072731 33.087612025878 34.3912380022161 36.0240110790028 38.4323821628795 40.9698979013106 43.0437142708722 44.0932786604937 44.3786317600923 43.6408425078673 42.3672185224645 40.2794975953944 38.2479477629942 36.1780098746805 34.3321625905878 32.0563405401566 30.5034130180583 29.2937045027228 28.2559762562022 27.1375936199637 25.7783587259405 24.2025157844319 22.1591794070076 20.1873102678972 18.1074333331164 16.4791914995979 15.3655378222466 14.9345026191543 15.2106833685847 15.9467753785498 17.1962157347623 19.0564385477234 21.1485413786243 23.3055101124679 25.3367968394476 26.5921427169267 27.1774685593212 26.9334454974707 26.2226431983359 25.2067282287514 23.8411859151195 22.4626860951676 20.8299085112179 19.2988456382471 18.464354814852 18.0321286425871 18.1669454977793 18.5821828982409 19.5262440031066 20.9671595789054
33.1494002762963 31.9701913244584 30.9804648932289 30.1517449687509 29.6273688007804 29.9432273892795 31.1198534685023 33.3042788225062 35.9174914360046 38.8707470613367 41.1426281508277 42.5520652742947 43.052141343846 42.8106687068939 41.5364322241615 39.4300902871525 37.216684958514 34.7809798156514 32.9007369910969 31.0496260138119 29.3818196268643 28.3730665445328 27.6521456802593 26.7803659368964 25.9391198859495 24.4826451890609 22.7441430021735 20.7501870744369 18.8363310238894 17.1943328100092 15.9439075764488 15.2524430821924 15.4981404858477 16.1727596854462 17.4094699849101 19.3057116305127 21.6193680780775 23.8539624757626 25.7410156376222 26.9992643892765 27.7921033221133 27.939356577747 27.3034771137378 26.3155412025311 24.9358700005447 23.3979918825276 21.5804625381442 20.0302558103028 18.9047439790824 18.0691137524212 18.0833789828946 18.5409392591785 19.4394562884289 20.8814775452894
32.5177515394547 30.2696151032167 28.1004089748158 27.0045848453746 26.1448164266698 26.3187723019544 27.5125825966106 29.5331190894632 32.4143405381371 35.3293678760529 37.8136541703168 39.7027516645544 40.9300265312195 41.028696046156 39.8742150699391 38.0357152994941 35.8542144859538 33.5252924245947 31.7860374731176 30.1053199768066 28.8086230193867 27.9606418048634 27.5187676513896 27.170113009565 26.1420802509083 25.071510013412 23.6250309593537 21.7683245995465 19.8721284024856 18.0961103334146 16.7420955650947 16.0059066029156 15.8467507975943 16.802045087604 18.1307575685136 19.8743417543523 21.9882612543948 24.1871454452767 26.1802091282957 27.7892313161317 28.9094380990547 29.2600618846276 28.9172482937574 28.0479397554608 26.6683905887253 24.9435532040456 22.7151987859431 21.0586618491832 19.7237514476566 18.7816513478756 18.6508143772097 19.0449821922709 19.6860321549808 20.7133310516091
31.2580522649428 28.401269197464 25.5396428388708 23.9296091724845 22.7582651587094 22.5522532463074 23.2926900667303 25.1485415346482 27.7987511718974 30.5103275916156 33.3909999482772 35.7411320069257 37.2315029957715 37.5848649389604 37.0199050763074 35.8308166475857 34.0630218000973 32.0263281710008 30.548524239484 29.2032499032862 28.2287544783424 27.6005581687478 27.4162974217359 27.1501177619485 26.918044518022 26.295970601194 25.0539184177623 23.3069685206694 21.3023688652936 19.3829816264265 17.7776487820289 16.8695619632216 16.8456541738089 17.5221393441453 18.6865085135488 20.3577583993182 22.3315432168105 24.4877190072747 26.5073357469895 28.5092414144207 29.9483285388526 30.6237370801323 30.6151366093579 29.8735699259183 28.4936827175757 26.4159153235309 24.3744699411532 22.4819865682546 20.8716398319777 19.9526060442714 19.4647281082237 19.6667772294844 20.1583366332685 20.8400859271779
28.824456579545 25.4119378678939 22.4455609041102 20.3235602519091 19.0925247108235 18.4809791761286 18.8942087958841 20.4187460927402 22.6227370430441 25.1979890150182 28.0710010949303 30.6554928667405 32.4947735772413 33.184281075702 33.127669432584 32.4883349082049 31.233107510735 29.6888289171107 28.5442614695605 27.4747139846577 26.8865570601295 27.052156532512 27.285912471659 27.6666052060969 27.9422163472456 27.6831799324821 26.6609341747621 24.9647179912118 22.8746469371459 20.6967374016257 18.9032021655756 17.7982249154764 17.5702946747051 17.9019755160107 19.0458450966022 20.6233217979179 22.5164590951274 24.5937626712462 26.7178443547557 28.8776086165625 30.4873357082115 31.5641742471386 31.9701233313364 31.3992801492705 29.7436133886085 28.02404116883 26.0249957643888 24.1153044954819 22.4988529988948 21.1681184023619 20.3321899149348 20.3788477603127 20.6239900571458 20.8313840566313
25.3355551046484 21.7874287156498 18.7574302589192 16.5490750004263 15.2850302808425 14.5574622715221 14.8912525177002 15.9134943204768 17.6618369887857 19.8684098580304 22.4644420076819 24.9651518078411 26.885073297164 27.9064443321789 28.3508163900936 28.0314851648667 27.1871770690469 26.3638577952104 25.6130430978887 25.3616628787097 25.7258788767983 26.3226016409257 27.0741753297694 27.9523217537824 28.7332229614258 28.8255952807034 28.0618629245197 26.4402550739401 24.1307442538879 21.7268294867347 19.7121007512597 18.5227863998974 18.0791357720599 18.2184133108924 18.8137066136388 20.3728050414254 22.1219814770362 24.0906968739103 26.37352031557 28.4666772668853 30.3297279108973 31.6690744854072 32.5426800391253 31.9828985307147 31.0308916349621 29.5583761220469 27.7296513730989 25.9140124382342 24.1194334205459 22.6128196891616 21.6713650121408 21.1029306921889 21.1002667519976 20.9126065645148
21.2337591227363 17.9390651408364 15.1287600783741 13.2164169479819 11.8132711438572 11.0411275695352 11.3411659423043 12.0168344904395 13.3294062333948 15.0690235881244 17.2030624571969 19.3234652771669 20.8603511663044 22.190867283765 22.8795605196672 23.005190393504 22.7878847262439 22.4441229104996 22.2931885158314 22.7746123426101 23.7611865015591 24.8407730635475 26.0617308897131 27.5288970470428 28.7762359450845 29.2687406539917 28.7091949827531 26.9062681899351 24.6151686486076 22.1143446669859 20.0614145783817 18.6481057265226 17.9441956176477 17.8007573941175 18.1175667731201 19.141373129452 20.6857858843663 22.3390827862655 24.8292918354273 26.8666140174164 28.7017188466647 30.4359825525214 31.6459115331664 32.14984766876 31.5978371886646 30.4129670376287 28.9487034643398 27.1720136780949 25.5814643134089 24.1140222400427 23.0640569609754 22.2576097328873 21.5317388659014 20.6476802606793
17.0890463380253 14.2736773420783 11.90486480208 10.2374273047728 9.05727013419656 8.29738791549907 8.4330269168405 8.8465852877673 9.78303464721231 11.086163317456 12.5759481787682 13.9694889503367 15.5277165034238 16.7900539987228 17.6525445896037 18.0782401351368 18.2436907852397 18.3866863390979 18.7138028425329 19.5147404810962 20.933802261072 22.4538754084531 24.0892683267593 26.0612930620418 27.720980034155 28.5173779024797 28.0409392048331 26.52003503547 24.2238915527568 21.7119552458034 19.5897316336632 17.9910221380346 17.0017302351839 16.7109281175277 16.7008916420095 17.5074820238001 18.6761184720432 20.2114131766207 22.1515227564994 24.1889603847966 26.4546661578557 28.4748736164149 30.1887276873869 31.1154977153329 30.9620776641018 30.2618096795152 29.1187448238625 27.6403248424039 26.3155042949845 25.173838909058 23.9833263483118 23.0808923288303 21.9947744590395 20.4502106124864
13.3540646679261 11.0989556242438 9.21804866019417 7.85658594089396 6.95978418518515 6.19688870626337 6.20233234938453 6.4942921259824 7.08637534870821 7.86111701937283 8.8501654512742 9.9574519255582 11.1734958676731 12.2311296813628 13.0236247076708 13.5304922636817 13.9125349802129 14.3453427272684 14.9826767725103 16.153624310213 17.6387327769223 19.4301825691672 21.4466637793709 23.7010120504043 25.5586018702563 26.4274832220638 26.1441405660966 24.8320170711069 22.6354351043701 20.1125393720234 18.0058559144244 16.3660859640907 15.2491262520061 14.8113949649474 14.6144678312189 15.1704526859171 15.9263209437623 17.3030284187373 19.0162622323808 21.1574611102833 23.3437674001736 25.5985687664326 27.4831117470475 28.7488694760729 28.9385530273704 28.8104239412967 28.0143035781734 26.9485432312769 25.938722619239 25.0471802914844 24.0286583541071 22.9761210311862 21.7106597081703 19.7875459299368
10.278943587752 8.55065793850843 7.11437598747366 6.04023207285825 5.36132784801371 4.73201065554338 4.6778038038927 4.76478079487296 5.0862933958278 5.61780347543604 6.23638306645786 7.01993288362727 7.87509286403656 8.65082538127899 9.2687590823454 9.74672107486164 10.201630904394 10.7882067385842 11.6314874151174 12.8174471960348 14.306953163708 16.2217412766288 18.3207464358386 20.6347536619972 22.5000137230929 23.5211597540799 23.3495643980363 22.0990645008929 20.0224567651749 17.6275166308179 15.6225105524063 14.0396244420725 12.9228476005442 12.363593406537 12.0796194532338 12.4226723032839 12.9466252747704 14.0886306938003 15.8945067340837 17.7113601468942 19.7860011958024 21.9124481564059 23.7978256239611 25.1779459022424 25.6617995824884 25.9257198861417 25.5529220446068 24.9077100858969 24.2413167664233 23.5931916385889 22.6714516904424 21.6743012245964 20.2049376193215 18.150010385934
