PREC/medie/CUMULATA_MEDIA_01.asc
NCOLS 177 
NROWS 174 
XLLCORNER 1436301.375 
YLLCORNER 4916704.5 
CELLSIZE 1500 
NODATA_value -9999 
[rows 20 to 39 of 174, columns 46 to 91 of 177]
85.0157354018267 88.0445433223949 91.0736233206356 93.4261518366197 92.7337328966926 92.0404730404125 91.3462312361773 90.6622326794793 89.9819519940545 89.3054027557373 85.5922098720775 80.7480672948501 75.9077387417064 72.6571709688972 70.9849355361041 69.3136187721701 67.3608620026532 64.6615672392004 61.960964791915 59.4351288290585 60.4269374118132 61.4112541535321 62.3875858362983 -9999 -9999 -9999 -9999 -9999 -9999 -9999 -9999 -9999 -9999 -9999 -9999 -9999 -9999 -9999 -9999 -9999 -9999 -9999 -9999 -9999 -9999 -9999
84.4257946014404 87.6069390914019 90.788350834566 93.2379774205825 92.3565667096306 91.4743110432344 90.5910793753231 90.4799948299632 90.4105589249555 90.3448490816004 87.1376304626465 82.7407927793615 78.3477621639476 75.3231983745799 73.6792534098906 72.0362276189468 70.0590512331794 67.1740059011123 64.2876528571634 61.5351269665886 61.8657741266138 62.1889388421003 62.5041280914755 -9999 -9999 -9999 -9999 -9999 -9999 -9999 -9999 -9999 -9999 -9999 -9999 -9999 -9999 -9999 -9999 -9999 -9999 -9999 -9999 -9999 -9999 -9999
83.835553225349 87.1689566443948 90.5026236141429 93.0504561031566 91.9801420323989 90.9089883916518 89.8368595347685 90.2944372962503 90.8355420056511 91.3803688498104 88.6799543044146 84.7302010480095 80.7842492496266 77.9889901105095 76.3733253479004 74.7585748784682 72.7590823454015 69.6883742949542 66.6163627400118 63.6426444895127 63.3124563553754 62.9747943317189 62.629165761611 -9999 -9999 -9999 -9999 -9999 -9999 -9999 -9999 -9999 -9999 -9999 -9999 -9999 -9999 -9999 -9999 -9999 -9999 -9999 -9999 -9999 -9999 -9999
83.2450129565071 86.7305973277372 90.2164522058823 92.8635850794175 91.6044645870433 90.3445047490737 89.0835661046645 90.1055610881132 91.2569078557632 92.4119721580954 90.2191901487463 86.7162992814008 83.2172066183651 80.6545502157772 79.0671486574061 77.480663467856 75.4609484953039 72.2046720280367 68.9470911026001 65.7576748343075 64.7669769174912 63.7688118429745 62.762690151439 -9999 -9999 -9999 -9999 -9999 -9999 -9999 -9999 -9999 -9999 -9999 -9999 -9999 -9999 -9999 -9999 -9999 -9999 -9999 109.0169877445 109.057056314805 109.097123763141 109.221904081457
84.099235534668 86.9433582530302 89.7854479621438 91.9783060410443 91.1260850569781 90.275982912849 89.4284256205839 90.2941340278177 91.2571518841912 92.2178248237161 90.9563585169175 88.8200907987707 86.6961132498349 84.7444830501781 82.9643247267779 81.1829718421487 79.0220025006463 75.7564793755026 72.4920818104464 69.3347410314223 70.30971067092 71.2714651893167 72.2191338258631 -9999 -9999 -9999 64.7360055025886 65.4352802388808 66.1345515812145 67.1175665855408 68.6654159601997 70.2132544237025 -9999 -9999 -9999 -9999 -9999 -9999 -9999 -9999 -9999 -9999 109.016532000373 109.056590024163 109.096647599164 109.222805696375
85.3571235432344 87.3381149067598 89.3170715780819 90.9014116175034 90.6179777033189 90.3366633022533 90.0578875822179 90.5823136497946 91.1534908519072 91.7223216786104 91.4891614352956 90.9416682299446 90.4064531887279 89.1575858172248 87.1271743774414 85.095573088702 82.7590392617618 79.5128854863784 76.2678595711203 73.0829070035149 72.8889183156631 72.6817331875072 72.4604788387523 -9999 64.3411770427928 64.3411770427928 64.7308291827931 65.4299323418561 66.1290304520551 67.1049645087298 68.6524314880371 70.1998883696163 71.6000003253712 71.6000003253712 -9999 -9999 -9999 -9999 -9999 -9999 108.999998990227 108.999998990227 109.016076592838 109.056126875036 109.096173791324 109.222829818726
86.6167187410242 87.7350017323214 88.8512546314913 89.8225530736587 90.1076275320614 90.3948178010828 90.6845424876494 90.8726238923914 91.052147360409 91.2293269213508 92.0109945185044 93.0514970667222 94.1042663349825 93.5727920532227 91.2922543918385 89.0105277790743 86.4958901124842 83.2690967111026 80.0434303283691 76.8443415585686 75.4819721895106 74.1064161973841 72.7168134240543 -9999 64.3411770427928 64.3411770427928 64.7256576594184 65.4245886241688 66.1235132778392 67.0923738760107 68.6394569172579 70.1865326657015 71.6000003253712 71.6000003253712 -9999 -9999 -9999 -9999 -9999 -9999 108.999998990227 108.999998990227 109.015623317045 109.055662716136 109.095699646894 109.221971399644
87.8942997876336 88.3072753233068 88.719180948594 89.1377893335679 89.5948117200066 90.0504968306598 90.504617803237 90.7466192806468 90.9774392071892 91.2115997987635 92.6735139734605 94.6488073012408 96.6259093565099 96.2243588391472 93.1617662766401 90.0874119926901 87.0103873084573 83.9621782863841 80.9175566504983 77.8717342825497 74.196585038129 70.5269389433019 66.8631527844597 65.7478673598346 65.3729223924525 65.0018954557531 65.1674049321343 65.7805507323321 66.3913741953233 67.2248182577245 68.5538966795977 69.8766910048092 71.072043278638 70.8279143221238 70.5883847965914 70.353650597965 75.9002955380608 82.5089675117941 89.1175931481754 94.8004065120921 99.8893292370964 104.969671585981 108.155885696411 108.251458448522 108.348991618437 108.460221795475
89.1930872973274 89.0929213131175 88.9916855307186 88.931822271908 89.0820003958309 89.2308440488927 89.3781222175149 90.1311055351706 90.9289270288804 91.730084587546 93.5024245767032 95.6873508902157 97.8740849214442 96.9901351928711 92.6173948400161 88.2329064537497 84.2489938174977 81.6032056247487 78.9609995449291 76.3214018204633 73.1334023195155 69.9509006388047 66.7742509280934 65.9618850595811 65.8620663250194 65.7661618064432 65.9654265572043 66.416351963492 66.8649578094482 67.466643670026 68.4227088479435 69.3724946975708 70.2520985603333 70.2677550876842 70.2880047068876 70.3130457822014 75.8351707458496 82.4422156951007 89.0492125679465 94.5137416615206 99.2146007313448 103.906890308156 106.939208086799 107.131321233862 107.325394798728 107.446536849527
90.4928900774787 89.8798356897691 89.2657086989459 88.7269080666935 88.5703950769761 88.4125469432158 88.2531393836526 89.5125155729406 90.8770627414479 92.2449428333956 94.3298944585464 96.7243500877829 99.120610742008 97.7668841866886 92.084633771111 86.3906517028809 81.4836279925178 79.2400621526382 77.0000711328843 74.7639555089614 72.0644542469698 69.3688562617582 66.6791067684398 66.1722423890058 66.3474153630874 66.5265000287224 66.7658500671387 67.0546338137458 67.3411010854385 67.7145375363967 68.2977680318496 68.874729829676 69.4275434157428 69.7028583919301 69.9827627013711 70.2674505009371 75.7700931324678 82.3755117304185 88.9808823080624 94.2353131911334 98.5482964235194 102.852717792287 105.720340055578 106.0089450163 106.299510507023 106.445952976451
91.7980630538043 90.6931739133947 89.5877070707433 88.5917660208309 88.153440026676 87.7147424361285 87.2755858477424 89.0320302177878 90.9557058670942 92.8824881385355 95.1697162179386 97.6082811916576 100.039701798383 98.1894093681784 91.3308684405159 84.4685151717242 78.7380301531623 76.9021638982436 75.0702159545001 73.242504344267 71.1017775816076 68.968212183784 66.8453690023983 66.5982027614818 66.9517518772798 67.3025314106661 67.5604339487412 67.7356390672572 67.9117825452019 68.1064326342414 68.3422437836142 68.5732982859892 68.8032951074488 69.0979083846597 69.3811136133531 69.6524599299711 74.7279396618114 80.8646507824168 86.9727465124691 91.9384254006778 96.1005200778737 100.271312489229 103.214195307563 103.825820474064 104.454692896675 104.895035575418
93.1374859529383 91.6985461291145 90.2590265835033 88.9643279804903 88.4148534886977 87.8650002199061 87.3146968168371 89.5086985195384 91.9189173754524 94.3322457706227 96.0992856867173 97.5724915897145 99.0385726479923 96.5306776832132 89.2980826882755 82.0616710887236 76.1106178620282 74.7060264138614 73.3053496865665 71.9089032341452 70.6268909117755 69.3565522923189 68.0969217524809 67.8851685804479 68.0188696244184 68.1498044518863 68.326997756958 68.5506867801442 68.775315284729 68.9233613855698 68.8673975327436 68.8066813525032 68.7305502330556 68.408423872555 68.0749046662275 67.7295373467838 71.530650026658 76.3055713316974 81.0519097272088 85.7184711905087 90.3473199956557 94.9848538006053 98.5415510850794 99.9396850922528 101.355046216179 102.532304707695
94.4775715996237 92.7047413096708 90.931334102855 89.3372755611644 88.6766990212833 88.0157560460708 87.3543577194214 89.9827355777516 92.8792643827551 95.7788961073932 97.0355066411636 97.5438326667337 98.0450344085693 94.8750678791719 87.2685889075784 79.6583070755005 73.4789525200339 72.5054277532241 71.5358090120203 70.5704183017506 70.1418116513421 69.7342753690832 69.3374370687148 69.1750565697165 69.0890187656178 69.0002178865321 69.0928459728465 69.3649982003605 69.6380885068108 69.7450290567735 69.3974291857551 69.0450885997099 68.6687254064223 67.730162115658 66.7802175073063 65.8184414470897 68.3601575178259 71.773954223184 75.1592020707972 79.4886427486644 84.5840147803812 89.6880644629983 93.851102772881 96.0353602241067 98.2368234746596 100.168377034804
95.818312476663 93.7117596794577 91.6046304141774 89.7106036017923 88.9389875075396 88.1669995364021 87.3945617114796 90.4541457681095 93.8367467768052 97.2224477880141 97.9783675249885 97.5222836662741 97.0590857337503 93.2225707559025 85.2423956814934 77.2584206637214 70.8430436358732 70.3003699358772 69.7616012797636 69.2270539227654 69.6465490004596 70.1013946533203 70.5669247122372 70.467864373151 70.1621944203096 69.8537641974057 69.8579837574678 70.1785740571864 70.5001010333791 70.5714268403895 69.9323397804709 69.2885138006771 68.61780834198 67.0631085564108 65.4970441145055 63.9191576452816 65.2164351519416 67.2697725857005 69.294597233043 73.2573318481445 78.8104557710535 84.3462974884931 89.0625940210679 92.012871910544 94.9813339569989 97.6696600072524
94.3193636501537 92.7512275471407 91.1846512065214 89.9381205614875 90.3860069162705 90.8405277027803 91.3028467963724 94.1856600817512 97.2759283851175 100.364226285149 100.788529227762 99.9730432173785 99.1566415674546 94.9984038857853 86.6614321540384 78.3216822568108 71.5993592318367 71.1070753826815 70.6146196477553 70.1219564886654 70.5140396005967 70.9330502117381 71.3498580035041 71.2202003142413 70.8894077188828 70.5588777766508 70.4892814860624 70.6873789394603 70.8834505081177 70.7292275709264 69.5450745189891 68.3514552957871 67.1374920115751 65.2543754016652 63.3653812408447 61.4702893425437 62.1544046962962 63.5670804977417 64.9661382787368 68.210847714368 73.0309789040509 77.8338529923383 82.3214837242575 86.1214039185468 89.9394945817835 93.5117387771606
92.0264930725098 91.243338023915 90.461737464456 90.1210060680614 92.1466765123255 94.1789768443388 96.2190656661987 98.7621099808637 101.348177404965 103.932277006261 104.054511687335 103.013659308938 101.971897686229 97.5529795814963 88.8410351697136 80.1263116668252 73.056339376113 72.5140504556544 71.9715923982508 71.4289266922895 71.6240147983327 71.8457049201517 72.0651996836943 71.8910307042739 71.5673993054558 71.2440349354464 71.1061189314898 71.1636208365945 71.2190998862771 70.8322881810805 69.0884390999289 67.3351332159603 65.5691994498758 63.3880464329439 61.2010247847613 59.0079095503863 59.1062690510469 59.8878717422485 60.6558698766372 63.1798449404099 67.2673462418949 71.337604859296 75.5611676608815 80.2103216507856 84.8776185652789 89.3389613768634
89.732074064367 89.7335165809183 89.7365157183479 90.2984729093664 93.9011568181655 97.5104662390316 101.127551359289 103.341292549582 105.423409405877 107.503561132094 107.322046392104 106.055940852446 104.788928368512 100.110679514268 91.0239442376529 81.9344357322244 74.5138152907876 73.9215458701639 73.3291084626142 72.7364659028895 72.7363161199233 72.7607849345488 72.7830583347994 72.5617680830114 72.2452955245972 71.9290883120369 71.7250303941615 71.6420028349932 71.5569567399866 70.9444144192864 68.6411409939037 66.3284256879021 64.005854326136 61.5271235634299 59.0422173107372 56.5512263915118 56.0705216912662 56.221357682172 56.3586046555463 58.1643099504359 61.5195353171405 64.8575404111077 68.7816689435173 74.2796393001781 79.795732385972 85.1513377918917
88.1763815599329 89.3680155697991 90.564033648547 92.2804134312798 96.8437591440537 101.408978406121 105.976225404178 107.811864572413 109.385298560647 110.956651238834 110.679399153766 109.506336548749 108.337504274705 103.830729765051 94.9399366939769 86.057418458602 78.5491961310892 76.7853461994844 74.9984176299151 73.1866933598238 73.5450591480031 74.0274255976957 74.5232011009665 74.2096028608434 73.5562548917883 72.8944360508638 72.2789703817929 71.7153434192433 71.1403811959659 70.1179883620318 67.6313056945801 65.1459848740522 62.6621022504919 60.4246875538545 58.200291184818 55.9866823869593 55.2499417136697 55.0019388759837 54.7473644649281 55.9203083935906 58.4685125350952 60.9967286166023 64.1982802783742 69.2860529843499 74.3506611094755 79.29544134701
87.5285384514753 90.4028104333317 93.2814555168152 96.4507520339068 101.218780573677 105.988681568819 110.760609177982 112.155159501468 113.215879215914 114.274524127736 114.134254343369 113.4057412989 112.681451853584 108.793174911948 100.67982561448 92.5747381939608 85.2261509614832 81.1201018726125 76.9910087024464 72.8371476285598 74.0592162749347 75.6030328414019 77.1602451661054 76.7104395137114 75.407802918378 74.0967078489416 72.7885069566615 71.4836028603946 70.1673757889692 68.6060107736026 66.2217301761403 63.8388113695032 61.4573285719928 59.7874974643483 58.1422438902013 56.5077654333676 55.6614096585442 55.0858107454637 54.5036481408512 55.0323808333453 56.675417395199 58.2984898230609 60.5529153487262 64.6854324901805 68.7948105755974 72.8491583992453
86.8773942274206 91.4334827310899 95.9939386984881 100.620399699492 105.593009247499 110.567495963153 115.544004608603 116.501227042254 117.04948571149 117.595664753633 117.586067536298 117.301885268267 117.021921101738 113.749150107889 106.41286053377 99.0848271706525 91.9260805634891 85.4789802326876 79.0088594380547 72.5140007804422 74.5608853452346 77.1656372967888 79.7837681489832 79.2198709039127 77.2682652753942 75.3082126168644 73.308947170482 71.263123736662 69.2059934279498 67.092365657582 64.8104395024917 62.5298717162188 60.2507388732013 59.1397967619054 58.0734042840845 57.0177723660189 56.0793018060572 55.1762662214391 54.2666766222786 54.1635375303381 54.9018475027645 55.6202176037957 56.9290988305036 60.1068240334006 63.2614399966072 66.3908424938426
