PREC/medie/CUMULATA_MEDIA_08.asc
NCOLS 177 
NROWS 174 
XLLCORNER 1436301.375 
YLLCORNER 4916704.5 
CELLSIZE 1500 
NODATA_value -9999 
[rows 100 to 119 of 174, columns 92 to 137 of 177]
98.6478314680212 95.8626573226031 93.0866234723259 90.3204482583439 88.5661961331087 86.827013352338 85.0761400110581 84.3468802676481 84.0729310933281 83.7831366482903 83.8725112326005 84.5154115031747 85.0711481991936 85.6397827092339 86.5514474195593 87.3785875264336 88.1088234396542 88.7929413178388 89.4350297030281 89.995408226462 89.8768680235919 89.1493735593908 88.7209598877851 87.8253601298613 85.3612025765812 83.0817498038797 80.9392486460069 80.5316520578721 80.2024256762336 79.7874949960148 80.1507756289314 80.9207393421846 81.6367592531092 82.1939122817096 82.4690074920654 82.7527466381297 83.0309498169843 83.1552922865924 83.2948405041414 83.4524400374469 84.5729503070607 85.9626189961153 87.3404547747444 88.1845432169297 88.4707988290226 88.6727072210873
94.4768526413861 92.1522717756384 89.8342024578768 87.5243220609777 86.1398735046387 84.7839986296261 83.4210770831389 82.9852827296537 82.9894114943112 82.9783971730401 83.1877058113323 83.7334630068611 84.1769883211921 84.5956542772405 85.1325105779311 85.5638945803923 85.867413408616 85.8872411952299 85.8048419391408 85.6283779144287 84.8149964949664 83.3930667989394 82.3293836818022 81.1122378741994 79.2201866823084 77.5600694768569 76.0764934315401 76.3899273591883 76.8176142748664 77.1457237355849 77.8444629556992 78.749033871819 79.5566673278809 80.2237765368293 80.6215471940882 81.0285985610064 81.4368632260491 81.747592196745 82.0759468639598 82.427874396829 83.4909126337837 84.775867434109 86.0411499808816 86.9167003070607 87.3494448942297 87.7021107954137
90.0451671375948 88.1964974683874 86.3623583737542 84.5421566963196 83.563988124623 82.6185581263374 81.6530393712661 81.5235059962553 81.8154786334318 82.0729429020601 82.4023085552103 82.8401675504797 83.1473050608354 83.3927799884011 83.5230994224548 83.5690767063814 83.5098638534546 82.9409690464244 82.2142132871291 81.4463962106144 80.0776693400215 78.0968580526464 76.4372736706453 74.8815925542046 73.5840251305524 72.4811004189884 71.5366992950439 72.4520197195165 73.5414477236131 74.5624815996955 75.5717393650728 76.564998402315 77.4456236222211 78.2024421691895 78.7050610710593 79.2226019466625 79.7483384749469 80.2362268111285 80.7499774484073 81.3020663541906 82.3261144862455 83.5123246697818 84.6697158532984 85.5698313152089 86.1534212617313 86.6691100737628
85.6794949980343 84.3303256315344 83.0034388934865 81.6951412313125 81.1313613442814 80.5942134997424 80.0130559696871 80.1517923579496 80.6689089010744 81.1166443316375 81.5190433901461 81.844732569421 82.011399618843 82.0878253877163 81.8307808006511 81.5148006256889 81.1218410379746 80.1048042493708 78.9053347531487 77.7352494071512 76.0812023948221 73.9100716815275 72.0545947691974 70.4618128327762 69.7251363081091 69.1398515701294 68.6850152576671 69.9062352460973 71.3076383646797 72.6446760121514 73.7950986413395 74.8197215024163 75.7117978825289 76.4823804182165 76.9922101637896 77.5154264113482 78.0447656407076 78.611424109515 79.2052354812622 79.8470314811258 80.8477664835313 81.9886358485502 83.0945372861974 84.0215702898362 84.7050580697901 85.3297464987811
83.1511002989376 82.1740230111515 81.2288615002352 80.3097512301277 79.9602090050192 79.6288403342752 79.2342183309443 79.3467508203843 79.7409508561387 80.0430644487633 80.3157415075008 80.5385194151279 80.5752324488233 80.50201712987 79.9285563861623 79.3174349350088 78.6563087210936 77.4733464998357 76.1304261824664 74.8728144028608 73.3347671452691 71.4805954484379 69.9074171290678 68.5885507359224 68.1925586532144 67.9146163323346 67.7452279539669 68.8419098854065 70.1098704899059 71.3480999049018 72.4370995409348 73.4175900851979 74.2512653575224 74.965166905347 75.4068951887243 75.8669618999257 76.3364739698522 76.9368232278263 77.5721121395335 78.2708617939669 79.2656180437873 80.3877084395465 81.4650159723618 82.4210343080408 83.1977659674252 83.9253186618581
80.4863268347348 79.882487858043 79.3081364070668 78.7579778362723 78.6059980672948 78.4638076389537 78.2510292915737 78.34100439268 78.6072438885184 78.7647896093481 78.9068459719693 79.0272493738243 78.9643824144321 78.790911821758 77.9478261277956 77.0866495861727 76.2019580883138 74.8961372235242 73.4524243158453 72.1099913541008 70.6772351124707 69.1426324984607 67.8434000996982 66.7832011335036 66.7139609280755 66.7471877266379 66.8818632013657 67.8892015288858 69.0362931700314 70.1664953231812 71.1822797270382 72.1084028692807 72.8941974920385 73.5638707385344 73.9501808951883 74.3463871619281 74.7472990260405 75.3642168606029 76.0222266702091 76.7518265668084 77.7187505329356 78.7987540749942 79.8341210870182 80.8009847192203 81.6588805703556 82.4741825215957
77.6319949626923 77.4116708811592 77.2034165157991 77.0062339516247 77.0413620471954 77.0797614139669 77.0549429830383 77.1369272251339 77.2815789900282 77.3056185431778 77.3263261815163 77.3546308770721 77.2228915232289 76.9930593497942 75.9168108254671 74.8366688586333 73.7557609019911 72.348405303324 70.8243432325475 69.4233119557886 68.1141615825541 66.9263195921393 65.9240434310016 65.1364984372083 65.3828653167276 65.7102248528424 66.1233613771551 67.0618208716897 68.0977933827568 69.1255928909077 70.073101197972 70.9533525074229 71.7021609474631 72.3445220835069 72.7113440738005 73.0830284847933 73.4579126414131 74.0324223742765 74.6434337952558 75.3251988467048 76.1857017348794 77.1365187869352 78.0341154827791 78.8925230362836 79.6902812508976 80.440086925731
76.1942097860224 76.1780716952156 76.1512821281657 76.1154644489288 76.1930695141063 76.2634483751129 76.2732998167767 76.3334304339745 76.4262748395695 76.3891502776567 76.3252198363052 76.2155021586839 75.9664573178572 75.637416217257 74.5097107589245 73.3969889002688 72.3133135683396 71.0550560775925 69.736144248177 68.5140087814892 67.4132921625586 66.4852244924097 65.6963168593014 65.0660095214844 65.2893057991477 65.5843447096208 65.9610049163594 66.773959720836 67.6806144013124 68.5883567333221 69.4516642374151 70.2755527075599 70.9764231233036 71.593903611688 71.9905994499431 72.3840214785408 72.7748692456414 73.1567918272579 73.5635565308963 74.0499670365277 74.6776843351476 75.3834361188552 76.037872987635 76.6769009758444 77.2996858989491 77.8804954360513
75.2515030678581 75.3487196880228 75.4203652564217 75.4699059654685 75.5353193283081 75.5854457546683 75.5816703894559 75.6043572005104 75.6445995008244 75.5508593110477 75.402493573287 75.1416634759482 74.7672409380183 74.3281599037788 73.1717092605198 72.0324158808764 70.9389270473929 69.8111604031395 68.6768088060267 67.6261831732357 66.7239885891185 66.0477086866603 65.4720191394582 65.0069546278785 65.2074085544137 65.4714718706468 65.8133951916414 66.5061596000896 67.2854448907516 68.0777560262119 68.8593602881712 69.6320682273192 70.2939515534569 70.8938242687899 71.3313869308023 71.7619543215808 72.1871244206148 72.4049317836761 72.6201576204861 72.9027776858386 73.2907252872691 73.7415608518264 74.1451090644388 74.5535218855914 74.9925451278687 75.3908226630267
74.4943922091933 74.6408165553037 74.7706157109317 74.8854185833651 74.9218421262853 74.9312368981979 74.8900099361644 74.8531811377581 74.8185157214894 74.6785181199803 74.4608378515524 74.060996549971 73.5835193360553 73.058961233672 71.9042155321907 70.7538249632891 69.6445535771987 68.6352084875107 67.6798294432023 66.7840204589507 66.0616724000258 65.6219332779155 65.2564376522513 64.9636288250194 65.1405059309567 65.3740582325879 65.6822212864371 66.2591302394867 66.9116664073047 67.5915072665495 68.2916641375598 69.0155366729288 69.6426719497232 70.226391918519 70.7087623441921 71.1818659656188 71.6470166795394 71.7156177338432 71.7436449387494 71.8179665733786 71.9647414123311 72.1577302988838 72.3090930826524 72.484454126919 72.7435513384202 72.9642195982092
73.8479922764442 73.9994437659488 74.1401630254353 74.2706593906178 74.2790512337404 74.2543856256148 74.1829252243042 74.0865102375255 73.9687645295087 73.7731041557649 73.4961373806 73.0131182319978 72.4897826559403 71.9414957130656 70.9101254449171 69.8815187145682 68.8955046639723 68.0160153963987 67.1915512645946 66.3988260802101 65.781879046384 65.4724071025848 65.2066233438604 64.9847811530618 65.1428506514605 65.3511979299433 65.6307230837205 66.1156242314507 66.6668630768271 67.2613543482388 67.900864573086 68.5940954404719 69.2048032564275 69.7773067600587 70.2535310422673 70.7161331246881 71.1657164237078 71.1109245805179 70.9798834744622 70.8714612231535 70.792389757493 70.7315531898947 70.6341611778035 70.5805685940911 70.6771614411298 70.7364471659941
73.3606979408685 73.4500782437184 73.5368926980916 73.6213687342756 73.6018148169798 73.5522186686011 73.4593819309683 73.3048403543584 73.0972864136976 72.8388523424373 72.5105685135897 71.9897071123123 71.4613391511581 70.9286894517786 70.0910867031883 69.2550428965512 68.4563768190496 67.6968388417188 66.9588026299196 66.22755150234 65.6684672271504 65.433327071807 65.2182297706604 65.0286617138807 65.1679279383491 65.351328905891 65.6019554839415 66.0004541032455 66.4529557648827 66.9646148541394 67.5423774719238 68.2043972295873 68.7979038883658 69.357701939695 69.823914030019 70.2725434092914 70.7026194123661 70.5280433402342 70.2392078217338 69.955238181002 69.6612407880671 69.3551985516268 69.0123533220852 68.728932983735 68.6660129743464 68.5674801433788
73.1024133817238 73.1488202450906 73.193427436492 73.2360711553518 73.1923360964831 73.1226331240991 73.0163783185622 72.8137069028967 72.5247258999768 72.2072079321917 71.8309506598641 71.2762901712866 70.7248383620206 70.1756473288817 69.4930382966995 68.8154167077121 68.1688953357584 67.4960935326184 66.8072740891401 66.1127738672144 65.5867813334745 65.4024583311642 65.233733289382 65.0813719384811 65.2045692556045 65.3656512568979 65.5889718392316 65.9051575380213 66.2599135146422 66.6918417565963 67.2088515337776 67.8423990642323 68.4231771300821 68.9754918112474 69.4367719678318 69.871290382217 70.2756518335903 69.9808292388916 69.5321917253382 69.0816394721761 68.5840218628154 68.0403863822713 67.4522196124582 66.9340968552758 66.7104659080505 66.4532001860001
72.9183198073331 72.9271635027493 72.9334414846757 72.9367301183588 72.8626364250393 72.7641609819496 72.6356129137909 72.376318896518 71.9940655476907 71.6029726757723 71.1696344754275 70.5980889797211 70.0408558565028 69.4953519737019 68.9635887496612 68.4454150971244 67.9534130376928 67.3889603053822 66.7804241040174 66.158849253374 65.6845648288727 65.526098798303 65.376160846037 65.2326424121857 65.3242201664869 65.4462876319885 65.6236332304337 65.8868671866024 66.1918809133417 66.596152529997 67.0685262259315 67.6362807750702 68.1633585901821 68.6604829605888 69.0292907181908 69.357230221524 69.6367197176989 69.2754372779061 68.7575768162222 68.2362957140979 67.6703424944597 67.0603396612055 66.4079886464512 65.8380175478318 65.6346079742207 65.4083913634805
72.6915256626466 72.7094504692975 72.7229162524728 72.7310081369737 72.6072753106847 72.4466415599865 72.2636294470114 71.9170414559981 71.4087827205658 70.9118625276229 70.412886465297 69.9077358526342 69.4245380654055 68.9598406062407 68.5862397376229 68.2324272885042 67.8992148707895 67.4798543593463 67.0039486464332 66.5051510474261 66.0982319046469 65.90347162415 65.7131961513968 65.5246791559107 65.5536006618948 65.6087691082674 65.7134406286127 65.947208292344 66.2440063252169 66.6594000984641 67.0937863938949 67.5546053016887 67.9890803168802 68.3948699656655 68.6140711798387 68.7849041153403 68.8940306831809 68.494133458418 67.9518473148346 67.3983380724402 66.8070096058004 66.1752647652346 65.4958937308368 64.8982503484277 64.7298880394767 64.54111393059
72.4886748580372 72.524567470831 72.5555389628691 72.5802522547105 72.4210791276658 72.2102317573393 71.9799396255437 71.5554906340206 70.9290786420598 70.323843829772 69.7504482129041 69.3073187154882 68.8874539347256 68.4877328031203 68.252980148091 68.0482150526608 67.8643911726334 67.5810562302084 67.2274016492507 66.8496847012464 66.5138980781331 66.2813728416667 66.0498991012573 65.8183944926542 65.7816484815934 65.7694255043479 65.8004942361046 66.0014353780185 66.2885393395143 66.7244908529169 67.1352224770714 67.4994478646447 67.8387816934025 68.14864645986 68.2109758152681 68.2157745571698 68.1412489133723 67.6836297371808 67.1055122754153 66.5126603210674 65.8887349226896 65.2288773200091 64.5311999531353 63.9145109022365 63.7920753324733 63.6512604180504
72.3194728879368 72.3836651759989 72.4430886156419 72.4961050608579 72.3143104073756 72.0627121934119 71.7881526596406 71.2904629672275 70.5483088423224 69.8277982263004 69.1669794671676 68.7778852266424 68.4095099954044 68.0600905698888 67.9477914641885 67.8803209136514 67.8390971772811 67.6863162517548 67.4491290905896 67.1861996089711 66.9208793780383 66.6465898121104 66.3717720929314 66.0965785138747 65.9958844184875 65.91937585438 65.8812326543471 66.040451147977 66.3015981281505 66.7417132153231 67.121948410483 67.3935499051038 67.641458272934 67.8632635789759 67.7897232280058 67.6542478238835 67.4247015504276 66.9277841273476 66.3381467426524 65.7325390296824 65.1191322032143 64.4984084788491 63.8552739620209 63.2852215135799 63.207567737383 63.1120457649231
71.8914940024123 72.0220342672923 72.149229339817 72.2711715658798 72.0829933110405 71.7973713103463 71.4854217066484 70.9366305786021 70.1149529288797 69.3165520219242 68.5901045378517 68.2184832937577 67.8639597331776 67.5258703512304 67.4619534155902 67.4524502754211 67.4721712505116 67.4166426798877 67.3021030426025 67.1706159956315 67.0064174567952 66.7386176165412 66.4674378002391 66.193906994427 66.075591802597 65.9793648860034 65.9145412164576 66.0030997781192 66.1764908678391 66.5568296067855 66.8829629701727 67.0963329287136 67.2858825711643 67.4541319678812 67.3107097569634 67.0985426271663 66.7729971689336 66.2722020850462 65.704153194147 65.1163166060167 64.5595876819947 64.0489242707982 63.5247264819987 63.0506526126581 62.9831406544237 62.8995986352949
71.3726013407988 71.5865610119175 71.7973660616314 72.0028631091118 71.8173392555293 71.5018313492046 71.1580463227104 70.567445418414 69.6768314557917 68.8089178660337 68.0196329214994 67.6622571524452 67.3199666387895 66.9930694804472 66.9752343822928 67.0240356641657 67.1040941827438 67.1463326426113 67.1577549681944 67.1572878080256 67.0976218896754 66.8355541089002 66.5675798023448 66.2952441467958 66.1593862281126 66.0444524147931 65.9568753943724 65.9811898820541 66.0720690699185 66.3818825553445 66.643873130574 66.7881864659927 66.9027435639325 66.9973800603081 66.7623176294215 66.460749205421 66.042179219863 65.5359670344521 64.993161313674 64.4257829610039 63.92475790136 63.5273354894975 63.1201334420372 62.7436644031721 62.6830224780475 62.6105582196923
70.8305670654073 71.1272195823052 71.4215000166613 71.7112975716591 71.5320643957923 71.1884649290758 70.8239375633352 70.2033071658191 69.2541843021617 68.3214855474584 67.4701079621035 67.1299055464127 66.8033212353201 66.4914411797243 66.5219125747681 66.6304658721475 66.7633374999551 66.8940094639273 67.0244201491861 67.1520171586205 67.1989454101114 66.9406659322626 66.6745696909287 66.4022988010855 66.2484235202565 66.1153619710137 66.0091429598191 65.9752261638641 65.9871459287756 66.2167400612551 66.4055847841151 66.4725128762862 66.5012353167814 66.5067943404703 66.1732855965109 65.7779144679799 65.2719952499165 64.7611288603614 64.2541184074738 63.7231271056568 63.2907013612635 63.0151674466975 62.7303253727801 62.4599702077753 62.4103930557475 62.3523290718303
