PREC/medie/CUMULATA_MEDIA_01.asc
NCOLS 177 
NROWS 174 
XLLCORNER 1436301.375 
YLLCORNER 4916704.5 
CELLSIZE 1500 
NODATA_value -9999 
[rows 96 to 119 of 174, columns 0 to 53 of 177]
-9999 -9999 -9999 -9999 -9999 -9999 -9999 -9999 -9999 -9999 -9999 -9999 -9999 -9999 -9999 -9999 -9999 -9999 -9999 -9999 -9999 -9999 -9999 -9999 -9999 -9999 -9999 -9999 -9999 -9999 -9999 -9999 15.943459573914 17.2162725715076 18.4451989356209 19.6219737179139 20.7241565760444 21.7544381898992 22.9815376365886 24.5526591118644 26.5053274447427 28.9767276156036 31.9630179457805 35.8939622040181 40.5824934831437 45.5557754863711 50.4328521840713 54.7908818853252 58.222055195009 60.3614583523834 61.4099251996068 61.4262651222594 60.900478857405 59.8127101203975
-9999 -9999 -9999 -9999 -9999 -9999 -9999 -9999 -9999 -9999 -9999 -9999 -9999 -9999 -9999 -9999 -9999 -9999 -9999 -9999 -9999 -9999 -9999 -9999 -9999 -9999 -9999 -9999 -9999 -9999 -9999 -9999 -9999 17.0255772366243 18.6241519591388 20.2015327004825 21.6464092521107 23.0233066362493 24.4898919918958 26.2519650389166 28.4806210775586 31.0072079750107 33.8110983503215 37.3502079160774 41.5914239944781 46.2283962649458 50.6677056305549 54.3530362528913 57.1491733088213 58.787139868035 59.3874644023531 58.9959963717881 58.2106566990123 57.2017832503599
-9999 -9999 -9999 -9999 -9999 -9999 -9999 -9999 -9999 -9999 -9999 -9999 -9999 -9999 -9999 -9999 -9999 -9999 -9999 -9999 -9999 -9999 -9999 -9999 -9999 -9999 -9999 -9999 -9999 -9999 -9999 -9999 -9999 17.5219369466033 19.5809200583574 21.5430065463571 23.4139960513395 25.1260689356748 26.8106606427361 28.6556277134839 30.8058930532459 33.2843070545179 35.9028106018463 38.7695086431854 42.3736314514981 46.1712730693467 49.8752590338973 52.8965334664373 54.9568222936462 56.0171644223087 56.3227883892901 55.8678060489542 54.951327536036 54.0142247396357
-9999 -9999 -9999 -9999 -9999 -9999 -9999 -9999 -9999 -9999 -9999 -9999 -9999 -9999 -9999 -9999 -9999 -9999 -9999 -9999 -9999 -9999 -9999 -9999 -9999 -9999 -9999 -9999 -9999 -9999 -9999 -9999 -9999 -9999 21.2394371225553 23.7094994404298 25.9839853798861 28.0054754509645 29.8086338814567 31.664284587783 33.5029161061872 35.6289047309581 37.9688804636107 40.1533234066823 42.7486644115518 45.5282903436352 48.2379500033224 50.4179967010722 51.8023679826189 52.5555532504531 52.583450007088 52.2276784777641 51.6824127260376 51.398628611775
-9999 -9999 -9999 -9999 -9999 -9999 -9999 -9999 -9999 -9999 -9999 -9999 -9999 -9999 -9999 -9999 -9999 -9999 -9999 -9999 -9999 -9999 -9999 -9999 -9999 -9999 -9999 -9999 -9999 -9999 12.7646683375625 15.0661015291424 17.7440251126228 20.6156761394266 23.6413620598614 26.5705708116293 29.1922558314879 31.4467938109575 33.3004795877153 34.9352688885787 36.3360680328572 37.9088349570246 39.6603995644871 41.0368244251346 42.8919843531707 44.6309206919635 46.2226459007053 47.5277611906914 48.3059826239067 48.6876259069232 48.6933458806837 48.6056219619863 48.766704194686 48.8085878351155
-9999 -9999 -9999 -9999 -9999 -9999 -9999 -9999 -9999 -9999 -9999 -9999 -9999 -9999 -9999 -9999 -9999 -9999 -9999 -9999 -9999 -9999 -9999 -9999 -9999 -9999 -9999 -9999 9.97433476632132 11.6487083393423 13.8209503836492 16.4870756290415 19.6055953395279 22.9913257669438 26.4895505876664 29.8841048147091 32.8027649082463 35.169575044447 36.9628339369288 38.244882492239 39.1326314627248 39.9622524821145 40.9838625256191 41.8196381089442 42.5481921473847 43.3380371419822 44.1219076873625 44.6472798612188 44.9871728893589 45.1633128664073 45.3704680195626 45.9319397491567 46.1930346033152 46.4255837237134
-9999 -9999 -9999 -9999 -9999 -9999 -9999 -9999 -9999 -9999 -9999 -9999 -9999 -9999 -9999 -9999 -9999 -9999 -9999 -9999 -9999 -9999 6.82634785157793 6.64834803123684 -9999 -9999 -9999 -9999 11.0618796028635 12.9451464839718 15.3267103446757 18.3487766216345 21.8794738477206 25.7333948805052 29.5698595488554 33.273816189893 36.4052302104366 38.7245106954566 40.3697632198386 41.1614068180103 41.4701876482543 41.6536152196281 41.8374846104313 41.9760787749992 41.9032909217126 41.9754847117207 42.0303536938394 42.0743727609515 42.0416767185225 42.2388065729071 42.9050675279954 43.450722019462 43.9577586975168 44.686866965364
-9999 -9999 -9999 -9999 -9999 -9999 -9999 -9999 -9999 -9999 -9999 -9999 -9999 -9999 -9999 -9999 -9999 -9999 11.5122887259897 9.63014593830003 8.49298055009807 7.9126707013039 7.49394198463244 7.33065117303939 -9999 -9999 -9999 -9999 -9999 14.7417355313459 17.3753046647591 20.6096254302298 24.4476159186486 28.5571368100012 32.5726377979359 36.319611364099 39.4840618831051 41.7240793159341 43.0008525537217 43.3750573847005 43.1235687872943 42.5711416332599 42.0969782421256 41.5462922151474 40.9322525727398 40.5839773767135 40.1292381111313 39.8919055733611 39.7826452675988 40.0836967370089 40.8620517183753 41.4886305551319 42.3894353105741 43.6103297945331
-9999 -9999 -9999 -9999 -9999 -9999 -9999 -9999 -9999 -9999 -9999 -9999 -9999 -9999 -9999 -9999 -9999 -9999 12.0366485454142 10.2958962930476 9.44093663048218 8.76311798086938 8.4316389072029 8.26619254052639 8.66017312446938 -9999 -9999 -9999 14.6082674030434 16.9673981254592 19.8261389841928 23.1626112487386 27.1000405422905 31.2497715649798 35.2750181540409 38.7271321654758 41.5895289842259 43.5880740715519 44.5086835477063 44.4394265692681 43.8175720329232 42.9231670021134 41.9848410741371 40.7689638687846 39.7352196341928 39.04979307073 38.3613112551324 37.9851350056774 38.0697378169964 38.6513118678156 39.3177251574748 40.164386048913 41.4222489779486 43.0661662361201
-9999 -9999 -9999 -9999 -9999 -9999 -9999 -9999 -9999 -9999 -9999 -9999 -9999 -9999 -9999 -9999 -9999 -9999 12.6335334039348 11.2873932706083 10.4604883555542 9.92876037407447 9.6422519539209 9.7494655049899 10.2770926816499 11.1924621901091 -9999 -9999 17.1422756266068 19.6283962437335 22.5712816671414 25.93794909273 29.5320126039579 33.4169052512768 37.0585409039084 39.9721352440469 42.3127099339138 44.0126775924993 44.5169100910425 44.1917405418832 43.4298472473507 42.4164730884573 41.3767321565572 39.7520170974381 38.7493029306917 37.9486258709255 37.2550566715791 36.9660528968362 37.1023210497463 37.7852466233513 38.7551965669674 39.8741112386479 41.324816571439 42.9853471622748
-9999 -9999 -9999 -9999 -9999 -9999 -9999 -9999 -9999 -9999 -9999 -9999 -9999 -9999 -9999 -9999 -9999 15.0692563352778 13.3587493022137 12.3923655621269 11.7078034478952 11.3221561225022 11.1377847277943 11.5784819538102 12.4325535433257 13.5970665501321 -9999 16.9709090277114 19.8357138252434 22.7272869414266 25.5220782677917 28.6087248509421 31.885547121658 34.8962624018245 37.8040556160404 39.9989634530947 41.7479771864327 42.8605241360252 43.0768443186055 42.6948416764464 41.9701260641655 41.085900686243 40.178527860957 38.5898821283789 37.8239114183713 37.1512057351715 36.5119860202951 36.6099517853821 36.9494653576437 37.830168457154 39.0674906618455 40.3606087197276 41.9608293526313 43.5558752452626
-9999 -9999 -9999 -9999 -9999 -9999 -9999 -9999 -9999 -9999 -9999 -9999 -9999 -9999 -9999 -9999 -9999 15.4250435342684 14.2612369178849 13.6173085487064 13.2238526646705 12.9859509823077 13.1623296623721 14.0302739283618 15.2855056554956 16.7828610118698 18.4604876711965 20.3282868476475 22.9248909818776 25.8676507959471 28.6131716199658 31.1143264809952 33.6948289082331 35.7883570400231 37.6253559131394 39.0379742390531 40.0437053930672 40.5751271133914 40.525804601281 40.1687516517499 39.6514518620337 39.050555787871 37.8762672552291 37.2058041139561 36.6994943211184 36.3784899238278 36.3732686428463 36.7342929318547 37.3092708166908 38.4113634903641 40.0902114694609 41.6582131245557 43.2376415387673 44.6640185459572
-9999 -9999 -9999 -9999 -9999 -9999 -9999 -9999 -9999 -9999 -9999 -9999 -9999 -9999 -9999 -9999 -9999 15.9034983414937 15.2773459713687 14.9994354397058 14.6995487068506 15.0710378661752 15.6933778384153 17.006860474015 18.6815307788989 20.5490576186601 22.4989204625873 24.4341750153724 26.5782409831882 28.9226132223711 31.4136949900319 33.386166797403 34.8838617144262 36.1541608488735 36.8622327010859 37.4221764390959 37.596499976209 37.5430936151568 37.3151406118756 36.9976213544826 36.6965163581292 36.4345406560118 35.5516070708194 35.4309320598841 35.4830783653785 35.671722590485 36.402900831226 37.1700376776211 38.3926840573549 39.9908740406527 41.8690275431556 43.72308672351 45.0300176213769 46.0569695006399
-9999 -9999 -9999 -9999 -9999 -9999 -9999 -9999 -9999 -9999 -9999 -9999 -9999 -9999 -9999 -9999 -9999 -9999 16.4441353781697 16.3304783693131 16.6286058820346 17.507696632515 18.5467511437395 20.3466732545811 22.4657829193508 24.6973556674579 26.8900615555399 28.8547566401608 30.6262373328209 32.5071223763859 33.7375233988552 34.9787729597267 35.7106173134902 35.9759833348148 35.7399000236217 35.3819902951226 34.811556755839 34.2814172039575 33.8526248923119 33.5796948764473 33.4486364921665 32.9339975471444 33.0388358810588 33.50675162673 34.2069544739583 35.2255668293904 36.5879433602095 38.2847382207127 40.0995559223434 41.9771416266175 43.8283590205452 45.7409754605854 47.07140602785 47.6780298510019
-9999 -9999 -9999 -9999 -9999 -9999 -9999 -9999 -9999 -9999 -9999 -9999 -9999 -9999 -9999 -9999 -9999 -9999 17.6023319819394 18.0923874759499 18.7995490212651 20.1697542356218 21.6502759745892 23.8338048177607 26.3550553505912 28.9100480184836 31.2600909962374 33.1818228924976 34.6075747122659 35.9567836014663 36.1751947946408 36.3018223538118 35.7424084907945 35.5020191621254 34.383592215531 33.2534076805939 32.1598895590972 31.1979876967037 30.5720740335391 30.1699339935885 29.7030873880448 29.9886930781033 30.5572815298596 31.4983199107296 32.9282159612459 34.7875488409225 36.8980337622411 39.2778866010554 41.6610284272362 43.9495552773861 46.0356363470063 47.5983676261762 48.7414018678315 48.8406286677893
-9999 -9999 -9999 -9999 -9999 -9999 -9999 -9999 -9999 -9999 -9999 -9999 -9999 -9999 -9999 -9999 -9999 -9999 19.0643661458264 19.9841230941169 21.2014127492028 22.857314621701 24.6785361034905 27.1772526897052 29.9769163578749 32.7485726274112 35.1676163401674 36.9752054906943 38.1474753811079 38.9429641970817 38.4604250078692 37.3444865442374 36.1319328029366 34.5458729236441 32.7366314271794 31.1439881614026 29.6804007445188 28.3954719920807 27.4888876045451 26.8416390377371 26.8151159037781 27.2357861706439 28.2088086895426 29.7020918467246 31.8988941246096 34.1979076327646 37.0502004158847 39.9668555128224 42.8660903651925 45.5439591736478 47.8973416125073 49.2730390867766 49.649275316035 49.1463632811518
-9999 -9999 -9999 -9999 -9999 -9999 -9999 -9999 -9999 -9999 -9999 -9999 -9999 -9999 -9999 -9999 -9999 -9999 20.6294843931408 22.076239131391 23.6356533090858 25.463537953794 27.4647171514876 30.1434777764713 32.9515594489434 35.7724352496512 38.1791732854703 39.8704785240047 40.956656689153 41.2421576021349 40.2885999679565 38.6144549991278 36.6347650083549 34.5114882939002 32.0077418159036 29.6356136812007 27.6551154404879 26.0637607467087 25.0827288176207 24.6320538854993 24.6781885312761 25.2800905632184 26.2923749039936 28.2900196085958 30.5455276041346 33.5579769181855 36.7663075227071 40.2296438296052 43.5521000005743 46.7289422434919 49.0885649989633 50.2333621238084 50.0109162085197 48.4038274533608
-9999 -9999 -9999 -9999 -9999 -9999 -9999 -9999 -9999 -9999 -9999 -9999 -9999 -9999 -9999 -9999 -9999 -9999 22.3495532929459 24.140021910124 25.8399650791989 27.8341529592872 30.0466288893538 32.3071144468644 35.1147732261349 37.7674749239403 40.0952179388088 41.7748366366414 42.9553220456137 43.0644543705618 42.5682488868342 40.7842970569344 38.2127632980838 35.3420472684152 32.3272650934318 29.6143121478312 27.2823301211876 25.1878032552845 23.7407751528218 23.0297495182604 22.9150292849278 23.4300735671731 24.7096369097776 26.7574370478225 29.3101903857554 32.5238470882177 36.1275180946378 39.9115902457167 43.5892529557733 46.8914196162539 49.1968375707374 50.0619636270053 49.1700083902654 46.8511744360713
-9999 -9999 -9999 -9999 -9999 -9999 -9999 -9999 -9999 -9999 -9999 -9999 -9999 -9999 -9999 -9999 -9999 -9999 -9999 26.0050773695111 27.7055300526759 29.5290538006846 31.6068600332912 33.4856088915292 36.0124928960029 38.551483450567 40.7706425584414 42.6407734304667 44.7576022454921 45.2854469646426 44.2226384536308 42.0001427886241 39.1095360535033 35.8723213067826 32.5412186421454 29.5070533200222 26.8615424137782 24.7133974693716 23.2319557322737 22.0643142467255 21.6427152665222 22.19535031082 23.5109729847926 25.4653580034261 28.0540757810368 31.3698090770665 35.0928092016017 38.9418808278792 42.7754908826421 46.0143125482342 48.0917289581369 48.4548586839262 46.9967820964315 44.083540288841
-9999 -9999 -9999 -9999 -9999 -9999 -9999 -9999 -9999 -9999 -9999 -9999 -9999 -9999 -9999 -9999 -9999 -9999 -9999 27.2029746104689 29.0132807589629 30.4820513151148 32.1343171688564 34.0025300668443 35.6531558089397 37.917728901786 40.4203894050682 43.4899943953051 45.3427113408551 45.7217789989184 44.8792184543084 42.9168389334398 40.2346080037601 36.7110975947888 33.2414698887836 29.9039449580014 27.0059607004856 24.6081181236488 22.9751816704212 21.8229477119577 21.2728791372741 21.5019086930243 22.6124131689396 24.3651066234007 26.905359770007 30.0949361083262 33.6799870830248 37.4634756743908 41.130020365119 44.0189283972277 45.5628352020593 45.3984916543259 43.4676345521036 40.1931110620499
-9999 -9999 -9999 -9999 -9999 -9999 -9999 -9999 -9999 -9999 -9999 -9999 -9999 -9999 -9999 -9999 -9999 -9999 -9999 27.998416421168 29.4287381768227 30.5496204070309 31.6862756456522 33.0897716327625 34.6535078589531 36.8763609318172 39.785587518969 42.6553988513701 44.457071242087 45.3258033670923 45.0735929700382 43.7388100987848 41.1495197971954 37.8806207120857 34.2893721546759 30.8851057803806 27.7840357348323 25.1605464899365 23.2281814870589 21.9836843359996 21.3001615407274 21.3476450340275 22.0840331523077 23.5700282912482 25.8486326989882 28.767806247315 32.0344626758905 35.4776681871975 38.65123771394 40.9667586684227 41.8785445067812 41.1722483065198 38.9309925314258 35.5288192607901
-9999 -9999 -9999 -9999 -9999 -9999 -9999 -9999 -9999 -9999 -9999 -9999 -9999 -9999 -9999 -9999 -9999 -9999 -9999 27.8989598921993 28.7148066156489 29.5485429084476 30.3174481961657 31.3113803298158 33.231187559226 35.1613132756423 38.2169225145789 40.6526508546051 42.8332868941567 44.42081692771 44.9008577711442 44.0000035990687 42.0967265209731 39.1944605399142 35.7821032683201 32.2858667391188 28.9685314930975 26.0993550647708 23.9776619733037 22.506702876595 21.6882830705932 21.4876751538147 21.9909357853672 23.1643957750981 24.9972862507052 27.5647886084283 30.3275419175625 33.1579068000702 35.6031249134856 37.1729262760457 37.4546755341923 36.2936329482233 33.8863832503557 30.5829252911841
-9999 -9999 -9999 -9999 -9999 -9999 -9999 -9999 -9999 -9999 -9999 -9999 -9999 -9999 -9999 -9999 -9999 -9999 -9999 -9999 27.1544441232348 27.7067093816312 28.207801720237 29.4055655243642 30.7052788651165 32.8310407755129 35.6153937091722 38.2465782616945 40.8295390785617 42.895488059696 43.9051064634148 44.0115392291371 42.8473405531224 40.4199238741661 37.2187434605816 33.7950923784691 30.3974293463809 27.5315529759973 25.1651194457184 23.5123807687093 22.5148798786104 22.0626799924409 22.2889700487037 23.1605520367841 24.5298671348787 26.4695920589216 28.6480881672572 30.7405457470347 32.406624786994 33.1938644691425 32.8734424359658 31.3553314765587 28.9056040381684 25.8292575469788
-9999 -9999 -9999 -9999 -9999 -9999 -9999 -9999 -9999 -9999 -9999 -9999 -9999 -9999 -9999 -9999 -9999 -9999 -9999 -9999 -9999 25.6119490960503 25.9301355169976 26.4639710886952 27.5262374255587 29.8905431255698 32.4428003268207 35.1692315388252 38.0743203231079 40.7074602929985 42.7353328201262 43.5684239340617 43.0251121878186 41.2084689381368 38.4514991529286 35.2947503389681 32.1811138457235 29.3441467289539 26.8854368150453 25.0384963747552 23.8246925474309 23.069311004899 23.0074193213573 23.4467586856335 24.3800774959519 25.6088640952812 27.0392644422896 28.3325361377176 29.1960643341436 29.3017958179116 28.4981621630928 26.806472158169 24.4382818030084 21.6377521797138
