PREC/medie/CUMULATA_MEDIA_09.asc
NCOLS 177 
NROWS 174 
XLLCORNER 1436301.375 
YLLCORNER 4916704.5 
CELLSIZE 1500 
NODATA_value -9999 
[rows 20 to 39 of 174, columns 46 to 91 of 177]
123.922005148495 126.724997352151 129.548654219683 131.971896227668 132.566044526942 133.036751915427 133.413547291475 132.837348264806 132.20387470021 131.542924768784 128.569039513083 124.744348862592 120.998319513658 118.298490636489 116.635194217457 115.096414902631 113.316819808062 110.858537786147 108.320284226361 105.924159554874 107.206134347355 -9999 -9999 -9999 -9999 -9999 -9999 -9999 -9999 -9999 -9999 -9999 -9999 -9999 -9999 -9999 -9999 -9999 -9999 -9999 -9999 -9999 -9999 -9999 -9999 -9999
122.917760512408 126.104961844052 129.352292902329 132.118279849782 132.619347516228 132.986600988051 133.251208137063 133.441525851979 133.615097270292 133.759625154383 131.415537890266 128.135460124296 124.903673957376 122.394499161664 120.611859265496 118.942475711598 116.984957751106 114.205837698544 111.366032993092 108.632141337675 109.06319584566 -9999 -9999 -9999 -9999 -9999 -9999 -9999 -9999 -9999 -9999 -9999 -9999 -9999 -9999 -9999 -9999 -9999 -9999 -9999 -9999 -9999 -9999 -9999 -9999 -9999
121.971914852367 125.5573052799 129.209585077622 132.292880338781 132.673667683321 132.92422507791 133.074130338781 134.023420894847 134.998605167165 135.938330482034 134.215383417466 131.471516777487 128.760395050049 126.453709995045 124.558657029096 122.760376200956 120.627675000359 117.528680016013 114.367366790771 111.27146765765 110.821475197287 -9999 -9999 -9999 -9999 -9999 -9999 -9999 -9999 -9999 -9999 -9999 -9999 -9999 -9999 -9999 -9999 -9999 -9999 -9999 -9999 -9999 -9999 -9999 -9999 -9999
121.097827462589 125.098179985495 129.13245122573 132.501609577852 132.729315365062 132.847261765424 132.879639120663 134.580117618336 136.351038315717 138.07465542064 136.963476068833 134.747036204619 132.564447066363 130.473341549144 128.473856308881 126.549112656537 124.244547675638 120.827219794778 117.375918556662 113.972164602841 112.689016903148 -9999 -9999 -9999 -9999 -9999 -9999 -9999 -9999 -9999 -9999 -9999 -9999 -9999 -9999 -9999 -9999 -9999 -9999 -9999 -9999 -9999 120.728972042308 120.922013563268 121.200055290671 121.545921437881
121.995863073012 125.510445538689 129.023518506218 131.973957061768 132.28461748011 132.506861967199 132.660028794233 134.526890474207 136.461505441105 138.331834007712 138.455530952005 137.898760402904 137.387344135958 135.991954803467 133.643717821907 131.346072253059 128.684813555549 124.944272882798 121.197759179508 117.565101847929 118.539774277631 -9999 -9999 -9999 -9999 -9999 106.709012648639 106.224606906666 105.724608926212 105.425941579482 105.529694276697 105.619068706737 -9999 -9999 -9999 -9999 -9999 -9999 -9999 -9999 -9999 -9999 120.726779040168 120.919771755443 121.189540414249 121.539207458496
123.403790193446 126.177138833439 128.917723038617 131.25360623528 131.711030399098 132.099471372717 132.433564578786 134.314640045166 136.254179337445 138.120784310734 139.629921408261 141.010437909295 142.445514230167 141.875509598676 139.127529368681 136.401584849638 133.34170554666 129.275458391975 125.420445947086 121.760296092314 121.908400703879 121.891150194056 121.636215770946 -9999 106.938040340648 106.973995881922 106.719704010907 106.234894808601 105.726199767169 105.412645339966 105.505614785587 105.407001719755 105.223097857307 104.963974447811 -9999 -9999 -9999 -9999 -9999 -9999 120.868843639598 120.725333382102 120.714522305657 120.901677636539 121.167669745053 121.526565215167
124.929883395924 126.934236189898 128.886111764347 130.591010598575 131.181557599236 131.717667299158 132.21057285982 134.084811715519 136.01835677203 137.892689648797 140.785261266372 144.11815553553 147.561737509335 147.898197847254 144.812377256506 141.678848715389 138.232875599581 133.854205636417 129.642680112053 125.569375879624 124.497143240536 123.295536938836 121.904989242554 -9999 106.975982217228 107.008659362793 106.754939808565 106.266980900484 105.720690671135 105.361995584825 105.41459049898 105.328484479119 105.177003299489 104.949579126695 -9999 -9999 -9999 -9999 -9999 -9999 120.872077605304 120.714408537921 120.685680501601 120.85859635297 121.12818179411 121.505872277653
126.612934561337 127.956133449779 129.227950376623 130.369388131534 130.974158118753 131.538051829619 132.068925745347 134.152658350327 136.320811776554 138.446919609519 142.203471913057 146.656592649572 151.263689153335 151.825638490565 147.868180218865 143.783309936523 139.576994278852 135.087362177232 130.724767797133 126.434328976799 121.610903908225 116.713080686681 111.697415407966 109.929597854614 109.114238739014 108.342241848216 107.702279595768 107.167928134694 106.540262783275 106.054092519424 105.898687699262 105.651389065911 105.216474308687 103.055045520558 100.958475225112 98.9374499601476 100.847591961131 103.454622605268 105.974223866182 109.36107859892 113.290603301104 117.203116360833 119.731842377607 120.008966894711 120.404033212101 120.853939056396
128.488098144531 129.300993077895 130.022939794204 130.681356093463 131.153897229363 131.599877301384 132.024192136877 134.565504186294 137.2414894104 139.889378715964 143.927559572108 148.575808132396 153.435022915111 153.511437808766 148.158388474408 142.609705307904 137.314690309412 132.986603119794 128.742918463314 124.55097097509 120.283741782693 115.975985134349 111.601107765647 110.365286770989 110.081731347477 109.828887939453 109.374060462503 108.738346324247 107.976046842687 107.285862642176 106.787867826574 106.248378753662 105.571835686179 103.320882685044 101.11914915197 98.9769478966208 100.821645624497 103.429292117848 105.948818543378 109.062719120699 112.564101387473 116.035453347599 118.389951032751 118.840558108161 119.42419758965 119.992038951201
130.49223058364 130.744949565214 130.918013404397 131.101438410142 131.451106800753 131.761705510757 132.040020437802 134.995954176959 138.164576586555 141.373775482178 145.73573662253 150.604267344755 155.574706133674 155.037108926212 148.145492329317 141.158900317024 134.81512002384 130.704446231618 126.609650106991 122.524613773122 118.824546926162 115.112013872932 111.373931660372 110.667453092687 110.908956976498 111.151275634766 110.866353315466 110.10475136252 109.243314967436 108.393853916841 107.595504311954 106.746839635512 105.781075197108 103.395267037784 101.058687097886 98.784709706026 100.550774518181 103.155192319085 105.698717790491 108.576383029713 111.678174187155 114.764530069688 116.986315222347 117.664242127362 118.446977054372 119.142795450547
132.542649437399 132.256701076732 131.911588556626 131.651298298555 131.905412561753 132.101908291087 132.250843496884 135.561187519747 139.163594862994 142.887137469123 147.38917204913 152.218137404498 156.985542970545 155.74846424776 147.49385990816 139.29362005346 132.096792782054 128.30929666407 124.470492419075 120.600961236393 117.514517952414 114.449186325073 111.402188357185 111.125403460334 111.731143502628 112.294256210327 112.122796787935 111.280248754165 110.374082901899 109.39524381301 108.24213364545 107.021260317634 105.692040723913 103.054389729219 100.460233800551 97.9256217058967 99.3697780160343 101.690465590533 103.961482889512 106.560232947854 109.405860339894 112.261138579425 114.473653793335 115.470812180463 116.552298601936 117.512184479657
134.667045144474 134.068139244528 133.429760876824 132.939620747286 133.267308403464 133.517956901999 133.704480339499 137.022972780115 140.677166209501 144.53613056856 147.956766240737 151.156752193675 154.145101883832 151.958062115838 143.62422842138 135.480330074535 128.506927714628 125.535665960873 122.441249623018 119.267988765941 116.983877294204 114.750904083252 112.577696183149 112.296125972972 112.630404079662 112.889094408821 112.632588106043 111.892753825468 111.121629602769 110.101445366355 108.43389118419 106.685311710133 104.833472420188 101.682318967931 98.5760643902947 95.5339273564956 96.1877203548656 97.7157537796918 99.2229362936581 101.570112564984 104.56115027035 107.575764712165 110.100871703204 111.651659124038 113.260215422686 114.735715641695
136.715484619141 135.822941275204 134.895465626436 134.174155740177 134.575138316435 134.907020568848 135.181279799517 138.558750376982 142.280448913574 146.212175930248 148.499964545755 150.014073540183 151.237281911513 148.10016486224 139.700583514045 131.568491767435 124.755973815918 122.544099358951 120.209704679601 117.79661952748 116.378822887645 115.018281600055 113.714421216179 113.438667072969 113.501448238597 113.480340060066 113.158035502714 112.546654645134 111.887650994694 110.807487712187 108.595749574549 106.336355321548 104.004068038043 100.383227292229 96.7943411434398 93.2529032090131 93.1305649701287 93.8725440081428 94.6162746653837 96.6930230084588 99.8293794744155 102.979703791001 105.782945857329 107.860784979428 109.98324730817 111.970606635599
138.670363033519 137.508196886848 136.297132379868 135.343714545755 135.818147995893 136.263634849997 136.685023812687 140.180435405058 143.987922444063 147.919796887566 149.01502272662 148.779704486623 148.254461176255 144.169566771563 135.719701879165 127.555303910199 120.84217004215 119.336186016307 117.779559415929 116.191723318661 115.702588922837 115.253515580121 114.815547157736 114.55738550074 114.348932041841 114.068926642923 113.695093603695 113.231557172887 112.667544421028 111.516371109906 108.739989336799 105.980653314029 103.195796966553 99.1322675592759 95.0778988108915 91.0397925657385 90.1494638779584 90.1063653160544 90.0842930288876 91.8796546038459 95.1626920139088 98.4259305841782 101.468568465289 104.05616199269 106.680575202493 109.176177866319
138.612741133746 137.906598035027 137.139526142794 136.747077044319 138.434838463278 140.139596602496 141.861235450296 145.067484014175 148.416252585018 151.799819497501 152.219474343693 151.239786035874 149.981339398552 145.297681247487 136.331527261173 127.664652319515 120.5483936983 119.166386548211 117.797751931583 116.439522238339 116.238551083733 116.052729213939 115.822334065157 115.446303423713 115.006749882418 114.508788164924 113.875944698558 113.102152768303 112.168044707354 110.596235163072 107.227169373456 103.937442667344 100.679488574757 96.7485989963307 92.8161209330839 88.8792398116168 87.7591965619255 87.4516850639792 87.1957051894244 88.5637163274428 91.3158824023078 94.0293200997745 96.8388405968161 99.9100988051471 103.011401456945 106.016593484318
137.991527332979 137.951045765596 137.83807664759 138.229629516602 141.445089228013 144.707819994758 148.013147241929 150.810433556052 153.544898538028 156.241807152243 156.109795626472 154.623031952802 152.861719355864 147.648956411025 138.049092909869 128.744037628174 121.0776497336 119.666675006642 118.340242722455 117.075473897597 117.026477701524 116.976927476771 116.8341403288 116.312104842242 115.637893901152 114.924549663768 114.006151199341 112.868236541748 111.548343321856 109.567706725177 105.652215957642 101.846432517557 98.1010053298053 94.3312088461483 90.5480619318345 86.743605445413 85.4192347807043 84.8512867198271 84.3398821213666 85.2683385961196 87.4762339872472 89.6443415249095 92.2035064697266 95.7644361608169 99.3546978445614 102.880689957563
137.363253649543 138.027115316952 138.623271493351 139.855343762566 144.657335617963 149.468528747559 154.289551454432 156.621913685518 158.716924330767 160.797611909754 160.182592055377 158.25880836038 156.079057244694 150.421839321361 140.270931692684 130.286831687478 121.996348549338 120.488774580114 119.148534999174 117.932021533742 117.989522485172 118.031338074628 117.927787780762 117.216395434211 116.263404846191 115.318222831277 114.100305893842 112.582526487463 110.955358729643 108.660305023193 104.28828497494 99.9624707839068 95.6604516646441 91.9926350537468 88.3277728136848 84.6653022766113 83.1535973268397 82.3291241140927 81.5346856958726 82.0028547399184 83.6406500199262 85.2703190971823 87.5659583596622 91.6258877024931 95.722292395199 99.7855673397289
137.050917232738 138.75615086275 140.400635214413 142.685541040757 148.58885866053 154.459782768698 160.302867216222 162.311310936423 163.958801942713 165.617868086871 164.893156612621 162.999293720021 160.875930673936 155.271803911994 145.093204273897 134.965330348295 126.273239135742 123.554856132059 121.062501346364 118.733207253849 119.121205385994 119.558339287253 119.804355845732 118.912080091589 117.55491436229 116.250075396369 114.569199618171 112.462218565099 110.311421562644 107.653737797457 103.352079840267 99.0499921686509 94.749142702888 91.3216539270738 87.9239043067483 84.5573918959674 82.942408954396 81.9126793356503 80.8872303682215 80.968168034273 82.1182199365952 83.293342926923 85.2073769288905 89.1597742192886 93.1354288213393 97.0993571561926
137.126493341783 140.283937342027 143.385368571562 146.977276521571 153.38875692031 159.730411305147 166.010903975543 167.855887917911 169.278989455279 170.737254759845 170.31623245688 168.959900687723 167.392929301542 162.348279504215 152.656719768749 142.890757504631 133.986172507791 128.877925424015 124.075406467213 119.501016729018 120.405152264763 121.510782802806 122.371339461383 121.296272277832 119.410959355971 117.626305748435 115.341824475457 112.475435705746 109.635228774127 106.565919202917 102.705658968757 98.7848941578585 94.8253062753116 91.6937678841984 88.6124752269072 85.5875229555018 83.8750353420482 82.6191254784079 81.3397484947653 81.0209432489732 81.6702920128317 82.374283285702 83.8075819576488 87.3611087799072 90.9435105043299 94.5402941984289
137.170877793256 141.772520626293 146.311013165642 151.189694348504 158.086194206687 164.897643594181 171.63399438297 173.337666455437 174.549312367159 175.805398267858 175.681606741513 174.860323513255 173.835961397956 169.337424895343 160.118840049295 150.823723736931 141.872150308946 134.515871721155 127.434319215662 120.560585246367 121.891376495361 123.63982481115 125.153539994184 123.950079749612 121.568792230943 119.246369530173 116.303530075971 112.618051641128 109.016999637379 105.444691377528 101.950683144962 98.4050822538488 94.8264253279742 92.0319482017966 89.2839013267966 86.5739296183867 84.7478905846091 83.2453073613784 81.7427077573888 81.0610096875359 81.2411889468922 81.4619819416719 82.3954574360567 85.5329558428596 88.6966031018425 91.8736713633818
