PREC/medie/CUMULATA_MEDIA_07.asc
NCOLS 177 
NROWS 174 
XLLCORNER 1436301.375 
YLLCORNER 4916704.5 
CELLSIZE 1500 
NODATA_value -9999 
[rows 40 to 59 of 174, columns 0 to 45 of 177]
97.4348585465375 98.4291697109447 99.4023739309872 100.419957329245 101.976979984957 103.990907893461 105.900508992812 109.730680802289 117.949940625359 126.208543889663 134.419229844037 141.488846273983 148.571232964011 155.674667358398 158.82616334803 161.091668072869 163.340894362506 164.768009410185 165.59386399213 166.431328268612 166.892250958611 166.601326661951 166.288300906911 166.033023834229 166.441494436825 166.863805883071 167.301104152904 167.734544417437 168.247348336612 169.036069757798 169.919274049647 170.866500854492 171.713219810935 172.071212095373 171.567365982953 170.958073335535 170.503423354205 171.468090730555 172.303674136891 173.009111292222 172.478343739229 171.811906702378 171.259954564712 171.530485265395 172.27436020795 172.833287856158
98.6058696298038 99.6496067047119 100.594164343441 101.534813712625 102.582127851598 103.725850161384 104.798680361579 107.7600403954 114.858954934513 121.998950060676 129.225096983068 137.23728202371 145.265400606043 153.317408169017 157.343181610107 160.507613911348 163.652782664579 165.548010882209 166.549920025994 167.566130694221 168.097401338465 167.683060141171 167.207855000215 166.763995899874 166.83996851304 166.933984419879 167.047472112319 167.463167527143 168.015244203455 168.849474289838 169.470547395594 169.956185957965 170.346418717328 170.380205715404 169.791063196519 169.147929472082 168.692164252786 169.741465849035 170.647596920238 171.409985261805 171.239451240091 170.964695201201 170.768699645996 171.350395651425 172.380303326775 173.266080519732
99.744665482465 100.809246960808 101.713393267463 102.609518051147 103.163818359375 103.46825094784 103.714172587675 105.809521843405 111.795752244837 117.815369886511 124.083608290728 133.031870449291 141.993013718549 150.973456214456 155.853212468764 159.901432486141 163.942806243896 166.297577128691 167.476110794965 168.66681356991 169.260804344626 168.718894285314 168.099082049202 167.491420970244 167.260699777042 167.05048235725 166.862252179314 167.284611870261 167.88570022583 168.737004897174 169.064952401554 169.061598833869 169.006291333367 168.728743833654 168.065282933852 167.377844417796 166.903228310978 168.019209469066 169.003823673024 169.856951096479 170.080684437471 170.216619603774 170.353553771973 171.223471248851 172.516977646772 173.755286721622
100.869796640733 101.935731663423 102.792335510254 103.661060894237 103.725686353796 103.210227517521 102.636071373435 103.866609124576 108.746632744284 113.645576701445 118.985119426952 128.865248063031 138.749671487247 148.642428903019 154.358885147992 159.27763299381 164.21462541468 167.019563787124 168.374526079963 169.734867544735 170.383290683522 169.708838518928 168.96187097886 168.215648426729 167.705487643971 167.217294132008 166.752332350787 167.209301892449 167.871286055621 168.708783991197 168.709334878361 168.185581656063 167.698123931885 167.124552109662 166.400348438936 165.656167423024 165.141343060662 166.302189546473 167.375274658203 168.360883376178 169.021051294663 169.591364692239 170.032796074362 171.162495781394 172.691724440631 174.314194174374
100.974307565128 101.734078799977 102.293512119966 102.88959682689 102.875161227058 102.424135881312 101.897484723259 103.018591712503 107.363100388471 111.701707503375 116.519313587862 125.992246515611 135.483185936423 144.993293089025 151.076217426973 156.547771453857 162.066650390625 165.364674960866 167.18528769998 169.000048469095 170.041218477137 169.681224149816 169.248485565186 168.775220085593 168.20623218312 167.658351449405 167.132776372573 167.317152135512 167.64924958173 168.086126664106 167.927199868595 167.396176057703 166.986714980182 166.536580927232 166.016996495864 165.480524399701 165.142294491039 166.234316657571 167.28322242288 168.289196687586 169.22733037612 170.067042182474 170.648607590619 171.836195104262 173.377284779268 175.160010842716
101.115393694709 101.551677030676 101.791808296652 102.080739974976 101.985954396865 101.625803105971 101.192986544441 102.250889946433 106.115101309384 109.965088115019 114.327038708855 123.268501393935 132.221123639275 141.184852375704 147.577187482048 153.542404847987 159.569251340978 163.342486437629 165.655190411736 167.954914990593 169.43433380127 169.462453505572 169.425649755141 169.304539624382 168.723059710334 168.165258295396 167.631966085995 167.471017500933 167.380972020766 167.327691246481 167.060554280001 166.660189909094 166.457440095789 166.238922567929 165.993335948271 165.735881132238 165.632634331198 166.62415897145 167.612111259909 168.596424775965 169.756887099322 170.816825417911 171.516099368825 172.728209102855 174.241161570829 176.112491383272
101.34607965806 101.460295845481 101.379703409532 101.343166687909 101.156517477597 100.8676182242 100.515532100902 101.487018809599 104.857533959781 108.225110895493 112.144727594712 120.568956038531 129.006764019237 137.458127638873 144.208645988913 150.69037695492 157.209088269402 161.440932554357 164.229038462919 166.99445028866 168.891579571892 169.288089752197 169.637817607206 169.859066233915 169.259258270264 168.691377527574 168.156045577105 167.652606964111 167.157103370218 166.665864383473 166.346718058867 166.129572475658 166.096956140855 166.073037091423 166.063889896168 166.053472631118 166.153852574966 167.014720692354 167.876934724696 168.740371704102 170.02410439884 171.278103547938 172.281517926384 173.704671074362 175.373402763815 177.267644096823
102.471431619981 102.231327393476 101.775747972376 101.361146141501 101.017544017119 100.716087453506 100.363512151382 101.300540811875 104.479167265051 107.65801227794 111.394580841064 119.363880606259 127.347721660838 135.346056321088 142.276972153608 149.049784043256 155.841014862061 160.316403108485 163.369622398825 166.395149904139 168.497031716739 169.03609309477 169.551320244284 169.928846247056 169.378260668586 168.866649852079 168.394216200885 167.879946540384 167.346900042366 166.780791563146 166.51554219863 166.430947472067 166.518014571246 166.639753005084 166.81845406925 167.00728113511 167.271927777459 168.024344949161 168.783257877125 169.548474928912 170.817386851591 172.10591394761 173.254157571232 174.782058267032 176.530973097857 178.372310862822
104.05537964316 103.459488812615 102.619228587431 101.815417682423 101.295754937565 100.945502449484 100.553970336914 101.510099411011 104.722703372731 107.947332606596 111.718660018023 119.315666759715 126.929779052734 134.560691048117 141.556291916791 148.457677055808 155.353691325468 159.898493822883 163.037268245921 166.138509189381 168.243971207563 168.70306374045 169.156953699449 169.495778925279 169.056663737578 168.665053872501 168.320366578944 168.162654652315 168.007040360395 167.786498350256 167.703854953541 167.703868192785 167.861519084257 168.079233506147 168.394761926988 168.73111410702 169.117629107307 169.7927385218 170.47930504294 171.176985347972 172.261747921214 173.388066908892 174.483891206629 175.984660429113 177.720020518583 179.414804346421
105.629634296193 104.644209805657 103.402793323292 102.22096230002 101.542518166935 101.153741724351 100.722872116986 101.698534348432 104.944296331967 108.203273100011 111.987807554357 119.198016222785 126.425520840813 133.669720593621 140.717901117661 147.738909553079 154.7612100489 159.396367016961 162.641285167021 165.833430121927 167.955654817469 168.349519841811 168.749373492073 169.055611105526 168.732412450454 168.445347281063 168.193654677447 168.359972112319 168.567203072941 168.735503701603 168.876850801356 169.003840053783 169.236690072452 169.555261948529 170.012162376853 170.49092057172 170.990401324104 171.580116720761 172.226165322696 172.926667157341 173.897420995376 174.895438250373 175.867698669434 177.270231807933 178.921870960909 180.503680060892
107.006717569688 105.590244742001 103.937293781954 102.367989259608 101.592580683091 101.25201180402 100.862874535953 101.871475331924 105.065655540018 108.278646917904 111.998809141271 118.78388932172 125.588473488303 132.411520116469 139.558331882252 146.745576297536 153.942418715533 158.745637108298 162.18775917502 165.555919198429 167.740876590504 168.064682680018 168.404859655044 168.683638404397 168.537246255314 168.407560909496 168.294208751005 168.744431439568 169.268457524917 169.795600891113 170.151257234461 170.409021265367 170.71197756599 171.112409703872 171.669271132525 172.247790617101 172.822396446677 173.323664048139 173.937366485596 174.65944851146 175.523388357723 176.38870306576 177.2031992744 178.460003347958 179.972756329705 181.415021110983
107.971680136288 106.034063227036 103.923857857199 101.919783872717 101.16673189051 101.074850867776 100.93323617823 102.000891292796 104.893681245692 107.805420034072 111.210652295281 117.414534624885 123.637500650742 129.878239463357 137.241847767549 144.739810270422 152.258331298828 157.518546833712 161.527859407313 165.447658314424 167.914373061236 168.145300472484 168.402689316693 168.684626635383 169.061449836282 169.438639248119 169.816476485308 170.389292099897 171.001756780288 171.656858780805 172.123405007755 172.483022353228 172.827158984016 173.175637637868 173.53155113669 173.907512889189 174.292842191808 174.69411872415 175.264224332922 175.996438867906 176.652744293213 177.273031795726 177.817582074334 178.71464471256 179.815658120548 180.846164927763
108.92213641896 106.4588692609 103.885574116426 101.449248370002 100.733655817368 100.892520231359 101.001395730411 102.121620178223 104.716083638808 107.332011278938 110.423907672658 116.052542630364 121.699197993559 127.362402074477 134.959595399744 142.766004001393 150.58677852855 156.28803208295 160.846185347613 165.319332347197 168.062559688793 168.202530580408 168.381835713106 168.677787331974 169.582692763385 170.480510936064 171.37179071763 172.086049921372 172.79776023416 173.560310588163 174.117369034711 174.559082928826 174.957801594454 175.266546137193 175.434787750244 175.615931118236 175.818327511058 176.125596439137 176.605966231402 177.252129274256 177.604632658117 177.919234107522 178.233512654024 178.810476864085 179.539538215188 180.227772656609
109.857370039996 106.86890186983 103.829724480124 100.962303498212 100.298051946303 100.708637798534 101.069677801693 102.23486922769 104.533114938175 106.857276243322 109.636103798361 114.694406958187 119.769400428323 124.859538919785 132.707014757044 140.820148468018 148.926492354449 155.05464553833 160.14457433364 165.172078749713 168.185980179731 168.236414292279 168.342026878806 168.662685169893 170.100601420683 171.533972571878 172.963161244112 173.840625314152 174.664063846364 175.511601616355 176.136270859662 176.637627321131 177.106774049647 177.390700845157 177.387472938089 177.383482091567 177.41096608779 177.631908641142 177.965717988856 178.407205245074 178.336774265065 178.270324707031 178.403342078714 178.70937684003 179.115898356718 179.547909456141
111.110804613899 108.50342986163 105.908758948831 103.501725365134 102.288517895867 101.655475504258 100.997817544376 101.362146826351 103.092689065372 104.858395071591 107.147618910846 111.898195603315 116.659531649421 121.430292241714 129.376530142391 137.597378225888 145.793457928826 152.359905018526 158.091389375574 163.781000025132 167.439184974222 168.169360665714 168.961350833668 169.8633220897 171.297842362348 172.736259460449 174.17819258746 175.045610764447 175.849961673512 176.652843475342 177.460906084846 178.269531923182 179.054875317742 179.487641951617 179.380154553582 179.257856705609 179.116915085736 178.887141732609 178.710830464083 178.585082559025 178.081783294678 177.669777589686 177.656432432287 177.788290584789 178.004846685073 178.313189562629
112.403480080997 110.235317230225 108.128020567053 106.201131259694 104.379895378562 102.627002267277 100.887197943295 100.40233668159 101.540662204518 102.705889533548 104.470128452077 108.920654072481 113.381900226369 117.852343615364 125.867413352518 134.15404140248 142.399704877068 149.402570836684 155.785178465002 162.152979682474 166.526571610395 168.089825798483 169.727515725528 171.327170203714 172.649715423584 173.975772184484 175.305188122918 176.116372949937 176.864750581629 177.589615092558 178.611374798943 179.790350745706 180.955887738396 181.582549151252 181.390163870419 181.170332964729 180.864597096163 180.086131825167 179.308790319106 178.532179439769 177.611387365005 176.869192908792 176.688346189611 176.64278456744 176.676369162167 176.878092821907
113.77928610409 112.124983619241 110.522971433752 109.003000371596 106.468753814697 103.527321759392 100.72896676905 99.4274415408864 99.9980486701517 100.549344006707 101.770916658289 105.898413938635 110.039442511166 114.19172040154 122.262554617489 130.60316063376 138.903183432186 146.354676190545 153.394642325009 160.470419266645 165.591314203599 168.018215852625 170.51577983183 172.813961702235 174.034818761489 175.242033341352 176.437778697294 177.171855253332 177.852766373578 178.5145741631 179.767728468951 181.33193992166 182.887492235969 183.715895708869 183.44874864466 183.150331160601 182.700198454015 181.395008087158 180.102945215562 178.822914796717 177.632476133459 176.606723561006 176.017176459817 175.552928026985 175.162673950195 175.097094143138
115.46411446964 113.962996763342 112.473180434283 110.981558631448 108.214809642119 104.940031837015 101.911083221436 100.245311063879 100.247895184685 100.184089997235 100.76021194458 104.022674223956 107.315937939812 110.636151818668 117.856216094073 125.334919649012 132.795347662533 139.960958817426 146.993806278004 154.126419964959 159.706332262825 163.176451963537 166.708464454202 169.91997572955 171.519025914809 173.077139461742 174.600028767305 175.450189927045 176.227850521312 176.98733363432 178.521706525017 180.459227842443 182.391891255098 183.477121240952 183.296636918012 183.078570870792 182.629884832046 180.886931699865 179.167734482709 177.470516653622 176.054010279038 174.781608805937 173.819558760699 172.974277496338 172.198261934168 171.902826870189
117.315522810992 115.768321542179 114.167922524845 112.473000245936 109.764516942641 106.689554999856 103.985279756434 102.279440711526 101.757113737219 101.120359757367 101.006268893971 103.024130540736 105.075726340799 107.156165403478 112.753754896276 118.556785134708 124.341890110689 130.496139750761 136.826176138485 143.305285509895 148.976511562572 153.566735660329 158.214982201071 162.477946113138 164.880091723274 167.223621817196 169.517667658189 170.645442962646 171.660783206715 172.66227497774 174.498957914465 176.764506620519 179.029918895048 180.412502962 180.488888684441 180.523838716395 180.2382478153 178.153821159812 176.10524929271 174.089838364545 172.495961581959 171.019708072438 169.728993808522 168.55021241132 167.438234441421 166.963523415958
119.198705336627 117.549858990838 115.845832375919 114.055445951574 111.518151227166 108.728645549101 106.243686451631 104.379940706141 103.231594871072 102.013339659747 101.208611993229 101.991903417251 102.784054475672 103.587364308974 107.51979895199 111.630638122559 115.764576294843 120.943022559671 126.593734965605 132.440160414752 138.242201412425 143.971951652976 149.728733735926 155.026385139017 158.218014661004 161.348025826847 164.426619585823 165.841353921329 167.104499368107 168.350007898667 170.491508483887 173.086828568402 175.680490157183 177.355632108801 177.684478310978 177.96704527911 177.837184906006 175.405946170582 173.01240494672 170.653608658734 168.857343785903 167.186307794908 165.673558852252 164.267916511087 162.925941691679 162.174089992748
