PREC/medie/CUMULATA_MEDIA_02.asc
NCOLS 177 
NROWS 174 
XLLCORNER 1436301.375 
YLLCORNER 4916704.5 
CELLSIZE 1500 
NODATA_value -9999 
[rows 60 to 79 of 174, columns 92 to 137 of 177]
101.834342690075 100.893731085693 99.9537899283802 98.567950424026 96.7155474845101 94.8582992343342 93.0422513625201 91.3737978374257 89.6991501275231 88.01814605208 87.4293275300194 86.9853785879472 86.6592009207782 87.8079359321033 89.4316785896526 90.9489814411191 90.6090818520855 88.16842510858 85.7878452215125 84.9308993255391 90.2082046060001 95.4698518304264 100.715479289784 104.36407553799 107.888643457609 111.402790146716 113.135448680205 114.003118949778 114.868048702969 114.537224503124 112.497983041932 110.445098407128 108.396788604119 106.442253708839 104.482126327122 102.51629514554 102.082293783917 101.815671773518 101.528668003924 101.250896376722 100.986766380422 100.722614463638 99.8270399079603 97.8547807791654 95.878553954994 93.8835705588846
100.845432137742 99.9413085614934 99.0378545540221 97.599273916553 95.5725423658595 93.540960928973 91.5403304240283 89.6628855396719 87.7792471717386 85.8892647799324 89.0408570205464 92.527708530426 96.1321923452265 96.0263714790344 94.1877999305725 92.2429167733473 90.8151439375737 90.205698605846 89.6562532813233 90.0940293003531 94.877258384929 99.6448498052709 104.396442693823 107.74843058779 110.96221897532 114.165603318635 115.780154975022 116.557833208757 117.332768755801 116.859404865433 114.456719650942 112.04040870947 109.655140014256 107.55508436175 105.449437162455 103.338100594633 102.430040899445 101.681785085622 100.913169433089 100.448870336308 100.188592826619 99.928289995474 99.0441294417662 96.9885777515524 94.9290556697284 92.8923947495573
99.8556317704565 98.9879791193149 98.1209980722736 96.635072147145 94.434087935616 92.2282682516996 90.0440773122451 87.9577395495246 85.8652139551499 83.7663480674519 90.5380076099844 97.9537627696991 105.487015303443 104.350623789956 99.0514069304747 93.6460055533577 90.962582616245 92.1834602952003 93.4642674002577 95.2737242193783 99.5631166626425 103.83689103407 108.09468423619 111.143812177812 114.046971799696 116.939739448183 118.428187145906 119.115911364555 119.800898411695 119.195507554447 116.429554651765 113.64999042539 110.919271321858 108.67376213214 106.422672825701 104.165895539172 102.797882381608 101.568218210164 100.318225166377 99.6466725433574 99.3902455568314 99.1337916570551 98.2649279271855 96.1261155605316 93.9833391133477 91.8844718775328
99.042843598215 98.203531586072 97.3563795861076 95.8405572456472 93.5266728681677 91.2169059795492 88.9568602758295 86.9079746639027 84.8875133430257 82.8962046398836 91.834081733928 101.514216100468 111.097645338844 109.516652542002 102.485280864379 95.5620200493756 92.5499501368579 95.1601978785851 97.7791083647924 100.56868651334 104.322269495796 108.056027608759 111.769519020529 114.432908117771 116.93964136874 119.429327726364 120.714567485978 121.258137345314 121.795762980686 121.197906746584 118.564741884961 115.953529315836 113.374811467002 110.898505996255 108.40885458273 105.905616556897 104.176078586017 102.594292009578 100.998526531107 100.027355018784 99.5291823148727 99.0152346667121 97.9898083350238 95.8210819223348 93.6507015508764 91.5347374923089
100.204291461145 99.0396332355107 97.8671418060275 96.2545818265747 94.0926666119519 91.9348565830904 89.9758857979494 88.9375380347757 87.9275781827814 86.9467352839077 92.8279712620903 99.2569510235506 105.589340700823 105.403181412641 101.860507930026 98.4258090117398 97.4840198018972 100.322282482596 103.16919872866 106.061024693882 109.195850456462 112.310880212223 115.405669100144 117.579296437256 119.593044018921 121.589765683693 122.610668967752 122.983864542316 123.351129149689 122.886483707849 120.805122094996 118.745685920996 116.650888674399 113.825579005129 110.986947999281 108.134744020069 106.043924009099 104.122159179519 102.186432957649 100.838059600662 99.9759183911716 99.0980203642565 97.8373240232468 95.6329327050377 93.4268890058293 91.2545811498866
101.37362168817 99.8837673383601 98.3860940337181 96.6646998033804 94.6546770895229 92.6487597717958 90.9675001677345 90.9392042580773 90.939257032731 90.9683982764973 93.9163669698379 97.0957573161406 100.178669410593 101.183229404337 101.127567592789 101.179758478613 102.410824375994 105.476991015322 108.551797351416 111.574064549278 114.090431830462 116.587033187642 119.063408963821 120.743128963253 122.264131003881 123.76812243374 124.513050086358 124.715957420714 124.912936473594 124.55393496331 123.024115345057 121.516191657852 119.940819621086 116.766682407435 113.579235869295 110.378232759588 107.925928326214 105.664348195581 103.388829644989 101.664448057904 100.438519498881 99.1968447951709 97.6864121451097 95.4463754962472 93.2046902390087 90.9613257953349
102.550819484627 100.735930933672 98.9132276352714 97.0709161863607 95.2127113833147 93.3586130282458 91.9317354454714 92.913003949558 93.9225865812863 94.9612245138954 95.0991706988391 95.0305329350864 94.8655282329111 96.8569118696101 100.286586901721 103.823988129111 107.330365889213 110.624328536146 113.905000460498 117.017404761357 118.871331230381 120.724235388053 122.576089808457 123.739416599274 124.749483360964 125.747884525972 126.201818502563 126.241537773434 126.282972269198 126.000174529412 124.96028313216 123.934578573003 122.843084945398 119.425223476747 116.013279999004 112.607349578072 109.707517469631 106.930121947737 104.118962799802 101.919032159974 100.340936569607 98.7511675147449 97.0285256329705 94.9212249622625 92.8296819574693 90.7541499523555
103.404129638391 101.420256740907 99.4337509414729 97.8540173348259 96.9030349044239 95.9809650112601 95.2778361685136 95.7691326702342 96.2384720549864 96.685253311606 97.1630366830265 97.6751128505258 98.2176240331986 100.355241831611 103.497510769788 106.620271984269 109.691386510344 112.689581671182 115.679894671721 118.573458709261 120.386422641137 122.198362960973 124.009254235939 124.910659088808 125.589408706216 126.256503385656 126.60057298861 126.683481631034 126.768106409732 126.637776891975 125.957759948338 125.291911030517 124.605187661508 121.323123286752 118.046972036362 114.776827938416 111.29530999941 107.712037114536 104.095039374688 101.323047827272 99.4819118064993 97.629121093189 95.7874980954563 94.0347847938538 92.2978030671092 90.5768140212578
104.149721632986 102.052873688586 99.9533950318308 98.715133053415 98.8523922878153 99.0185329282985 99.1491496562958 98.8176077814663 98.4641303875867 98.0881241770352 99.3100394220913 100.827187131433 102.374731105917 104.494951178046 106.980223522467 109.446013885386 111.991466413526 114.731322926633 117.46330669347 120.130892811453 121.902908722267 123.673906253541 125.443856527591 126.093602489023 126.441194730646 126.777144684511 126.997740111149 127.123815910781 127.251607549541 127.261619489859 126.941310451311 126.635149482419 126.343392649118 123.215562610065 120.075139922254 116.940715123625 112.916616615127 108.527847269002 104.105399854043 100.738375726868 98.6343325446634 96.5186455740648 94.5306766103296 93.1323744514409 91.7497891362976 90.383176660713
104.898045311956 102.688273119576 100.475873752552 99.5483624865027 100.773348857375 102.027171815143 103.042752518373 101.88876210942 100.712864945917 99.5144637191997 101.427898757598 103.949633289786 106.501730568269 108.65468581985 110.483278379721 112.29241223195 114.299804764635 116.781441909425 119.255221864756 121.68969999692 123.420792048468 125.15086388588 126.879889354767 127.288241807152 127.304833889008 127.309802335851 127.393320150071 127.562546416624 127.733484915403 127.871730769382 127.910948053002 127.964301076005 128.032040830921 125.102541997152 122.09778192464 119.099015509381 114.559626263731 109.341311994721 104.106131721945 100.121529221535 97.7518518952762 95.3753967074787 93.2287342127632 92.2528761327267 91.313514670905 90.4112350081696
105.40599775402 103.314843000735 101.234791554072 100.427083800821 101.814215169233 103.177801805384 104.290897060843 103.288519031861 102.320443349726 101.387569918352 103.515683833291 106.26142316706 108.996335085701 110.987801004859 112.400644456639 113.808070172282 115.439506706069 117.614742394756 119.780747143661 121.924076476518 123.56823545519 125.210253261468 126.850085989517 127.249065090628 127.256633898791 127.268488940071 127.333499852349 127.448630921981 127.561419122359 127.661388795713 127.723865058492 127.786277751712 127.848631374976 125.077930850141 122.175943563966 119.27978321384 114.52946044417 108.91266012893 103.279014377033 98.9384179536034 96.4204412979238 93.895695567131 91.7127711071688 91.5521175458151 91.4279137025861 91.3407536887509
105.565180487931 103.918841319926 102.283601156052 101.403606914422 101.887789333568 102.348454489427 102.768540971419 103.013894515879 103.293511671178 103.608293589424 105.604672544143 107.969215056475 110.322945812169 112.06162696025 113.292241966023 114.517442811938 115.925259889925 117.81394078977 119.693406967556 121.560788855833 123.144651199965 124.726376227158 126.305922158062 126.808158818413 126.937668547911 127.071457161623 127.169948325438 127.22354779524 127.274807312909 127.326754471835 127.389754366349 127.45269594473 127.515575100394 124.937979188036 122.179629294311 119.427102688481 114.515821309651 108.500728305648 102.468805306098 97.7616716412937 95.0954638579313 92.4224970480975 90.1605714261532 90.8147336752976 91.5052978571724 92.232861981782
105.713621204829 104.511891944882 103.321244707002 102.403237092144 101.984901200323 101.543076571296 101.212448246339 102.704936939127 104.231649034164 105.793488250059 107.704717804404 109.688243515351 111.660975954112 113.141001224518 114.189477576929 115.232543766499 116.420149310547 118.022418268463 119.615478037911 121.199122709386 122.7231142648 124.24457637374 125.763860096717 126.362952232361 126.614346363965 126.870010936961 127.008658437168 127.000755422256 126.990513380836 126.992101323763 127.055627467987 127.119093593648 127.182497558787 124.79225667084 122.177479277639 119.568516054574 114.518698506496 108.105495600139 101.67548427161 96.5912764703526 93.7769097580629 90.9557922272121 88.5721772032626 90.0407586316852 91.545704389758 93.0876039439155
105.780586551217 104.98105140644 104.184013080071 103.252684095327 102.039430330781 100.827429890633 99.8297358470805 102.439812884611 105.060757903492 107.692854053834 109.581043194322 111.266444823321 112.953568311299 114.251197075143 115.18410107844 116.118995471036 117.162588456098 118.530319045572 119.893011654125 121.250543369966 122.646786128773 124.034483348622 125.412299885469 126.060764368843 126.409715989057 126.760538381689 126.909947900211 126.792131031261 126.668174855849 126.555772220387 126.527107687557 126.492070674896 126.450552940369 123.845679428648 120.918137511786 117.968337884721 112.688428994487 106.007234489217 99.3199866168639 94.1504931940752 91.7949941754341 89.4694602261571 87.5204026944497 89.4863763210528 91.4706341499353 93.4734772266272
105.04810456822 104.356119732646 103.666628885795 102.830669432002 101.668955590795 100.508499096422 99.5253976232865 102.529703732799 105.544860348982 108.571158864919 110.601364044582 112.336516783518 114.073386693702 115.434710176552 116.422395855188 117.412072834285 118.453084777383 119.656538290136 120.854962012347 122.048227422378 123.158863179824 124.256657263812 125.344585138209 125.956915238324 126.358624233919 126.762202487272 126.882417959325 126.600734318004 126.312918691074 126.03508534151 125.845781550688 125.650116499733 125.44797706604 122.409508762991 118.944746872958 115.457756547367 109.963877372882 103.154958134188 96.3399889679516 91.2256104279967 89.5723375117078 87.9489959232947 86.5908051365439 88.9669049842393 91.3612662290826 93.7741911365541
104.313024330062 103.728538037661 103.146547616405 102.407332990976 101.297139634981 100.188194075051 99.2104283097912 102.608769655228 106.017954577418 109.438263430315 111.620251704665 113.405131680124 115.191731824594 116.616559353821 117.659006072318 118.703437090358 119.748819070704 120.788073034847 121.822304389056 122.851384611691 123.680724368376 124.488755506628 125.286935020896 125.851212669821 126.305651552537 126.761956439299 126.860894203186 126.415420083439 125.96382522583 125.520516115076 125.170649921193 124.814430601457 124.451746127185 120.99482222252 116.993096169303 112.969165482942 107.244586396743 100.307996096856 93.3653685695985 88.2705824515399 87.3191950023174 86.3977058722692 85.6430189318078 88.429051758831 91.2333249454113 94.0561365625301
103.575349960353 103.098315941718 102.623769130722 101.982677220641 100.923975653727 99.866522370235 98.8848328995792 102.677024788716 106.48004900182 110.294179675334 112.637707464835 114.47228963695 116.308593398617 117.796758321552 118.893932318972 119.993090234149 121.049780228559 121.924916660084 122.79497572955 123.662720848532 124.222274107092 124.752388954163 125.277295954087 125.782897332135 126.275717454798 126.763067245483 126.841282620149 126.262761677013 125.68534598631 125.116052150726 124.600102256326 124.0751507703 123.54103901807 119.558914776124 114.857207755832 110.111327700317 104.22983562771 97.516880134011 90.8411116275717 86.015193827012 85.6793218219981 85.3608308118932 85.1059112268336 87.8220552276163 90.5105719566345 93.1710173101986
102.617966034833 102.295239168055 101.976567661061 101.633872424855 101.231407165527 100.850037967457 100.498025108786 104.184855909909 107.865540280062 111.539902911467 113.86446537691 115.688501975116 117.512207536136 118.978457002079 120.017331067254 121.05445878646 122.056150155909 122.90660313999 123.756714372074 124.606464385986 125.027123900021 125.400307879728 125.768286312328 126.118714500876 126.456783799564 126.78938332726 126.799097958733 126.250350391164 125.702699605156 125.138603995828 124.390600092271 123.63360749974 122.867458848392 118.046696072444 112.269415418672 106.448013394194 100.602383874576 94.7920833696776 89.0189299955416 84.8284657422234 84.8976421917186 84.9841806467842 85.0883712768555 87.177693086512 89.2533666947309 91.301000735339
101.583572499892 101.434476964614 101.289430449991 101.287613924812 101.692040162928 102.117536432603 102.564690085018 105.977253465091 109.418319421656 112.853068856632 115.120263267966 116.922840006211 118.725085258484 120.162264487323 121.135689511019 122.107369983897 123.054461703581 123.886922836304 124.71904519025 125.550810533411 125.837268043967 126.053595655105 126.264718728907 126.459972774281 126.643363559947 126.821289230795 126.755823415868 126.236832338221 125.718937312855 125.169979544247 124.190031865064 123.201106576359 122.20303998274 116.57743204081 109.725084468065 102.828674033284 96.9375142899945 92.0294451133951 87.1584781618405 83.6243760726031 84.0984094563652 84.5897818733664 85.0987868028529 86.5607811703401 88.0239041272332 89.4590205304763
100.545000861673 100.569450883304 100.597949364606 100.920776142794 102.131708313437 103.363686168895 104.617296611561 107.776241078096 110.97779863021 114.173053012175 116.376686769373 118.157817952773 119.938617145314 121.348065039691 122.256071539486 123.162331188426 124.05334371679 124.867826630087 125.681969025556 126.495757383459 126.652697675368 126.712239153245 126.766586135415 126.806665476631 126.835451350493 126.858777270598 126.711460450116 126.222208023071 125.734053611755 125.210169118993 123.99838627086 122.77764230616 121.547762141508 115.151074918504 107.224179791465 99.2532704936799 93.2413871428546 89.2672873525058 85.3205799074734 82.4716796033523 83.3236802325529 84.1690367810866 85.0076445411233 85.9398049186258 86.8714086027706 87.7969629624311
