PREC/medie/CUMULATA_MEDIA_09.asc
NCOLS 177 
NROWS 174 
XLLCORNER 1436301.375 
YLLCORNER 4916704.5 
CELLSIZE 1500 
NODATA_value -9999 
[rows 40 to 59 of 174, columns 46 to 91 of 177]
137.361036412856 143.285349004409 149.133728251738 155.177128286923 162.465024611529 169.655451381908 176.758108251235 178.315528645235 179.313845914953 180.361546796911 180.479150323307 180.115777520572 179.54995357289 175.500272526461 166.638382743387 157.71719753041 148.765941619873 139.754188761992 130.999919330373 122.454555735869 123.999312793507 126.143516764921 128.058093127082 126.664295196533 123.79304078046 120.925655140596 117.29548330868 112.723040749045 108.288191851448 104.122890023624 100.932146857767 97.7013944738052 94.4432755638571 92.038615619435 89.6830031451057 87.3489103878246 85.6090260673972 84.1106544943417 82.6528958713307 81.8732821520637 81.8322838053984 81.8326919780058 82.5109634399414 85.385939654182 88.2918986713185 91.2164623597089
138.754120321835 145.082840639002 151.325336680693 157.667771058924 164.736811245189 171.699361015769 178.565244338092 179.961839563706 180.792651681339 181.678513246424 181.804856468649 181.532347959631 181.06240754969 177.051953259636 168.06873848859 159.049876269172 150.256238825181 142.598005406997 135.144888485179 127.862105874454 128.742667927462 130.15299875596 131.355555590461 129.441555920769 126.089527354521 122.685396531049 118.28860540951 112.630995357738 107.167044695686 102.209474787993 99.1810727960923 96.1273643269258 93.0560584348791 91.2068567836986 89.4219021516688 87.637170679429 86.4313519421746 85.4738506429336 84.58209363152 84.1695211073932 84.2987706240486 84.4560589509852 85.1923590267406 87.9301025166231 90.6962495691636 93.4803421918084
140.121511347154 146.85340387681 153.475079704733 160.099355585435 166.930380652933 173.663672503303 180.307703130385 181.558136883904 182.232563243193 182.95742371503 183.091617808622 182.910792406868 182.542640461641 178.579191320083 169.480835634119 160.346083472757 151.671092987061 145.340338089887 139.189895629883 133.193134307861 133.457080392277 134.161200803869 134.686499876135 132.284788243911 128.491338168874 124.626674876494 119.549525765812 112.887333926033 106.415401234346 100.655120961806 97.7972994411693 94.9088286231546 91.9972305297852 90.6684348162483 89.4395626292509 88.2179185081931 87.5605088402243 87.155239722308 86.8098280289594 86.7523238799151 87.0310432209688 87.3624692804673 88.1886385188383 90.8153150782866 93.4418846579159 96.0665341545554
141.457468593822 148.591212553137 155.574153675753 162.459397708668 169.029919343836 175.532831528608 181.973475961124 183.095741271973 183.627402137308 184.192763833439 184.334581711713 184.246934554156 183.98763925889 180.079980064841 170.873477262609 161.604733635398 153.009712443632 147.98171413646 143.136474833769 138.449967103846 138.144579045913 138.168382981244 138.047593733844 135.185386657715 130.981743083281 126.716756708482 121.025494519402 113.415083716897 105.944454417509 99.3603287865134 96.6701311223647 93.9306350034826 91.1524055705351 90.3113394905539 89.6215582454906 88.9639498205746 88.8556956122903 89.0016841327443 89.1847281736486 89.4971731971292 89.9626813776353 90.5362865223604 91.54916825014 94.1933056326474 96.8272941813749 99.4603095896104
142.261760262882 149.383209901697 156.311850828283 163.053905935848 169.025139528162 174.95631610646 180.849816041834 181.314633088953 181.148890551399 180.994796079748 180.414804795209 179.596985536463 178.614241656135 175.002817041734 167.531908596263 159.99198105756 152.934811087216 148.491713131175 144.224390142104 140.110949796789 139.459264867446 139.096966462977 138.628570781035 135.896023245419 132.031039518469 128.126298343434 123.024107989143 116.269807591158 109.636788312127 103.83132238949 101.7749673058 99.6603736877441 97.5003411910113 96.5709384469425 95.7557807249181 94.9857843062457 94.9622211456299 95.2925684872796 95.6293182373047 96.3355308420518 97.5307602040908 98.8743344475241 100.692343375262 104.36616230011 107.993393393124 111.590308021097
142.913169412052 149.917320700253 156.685521069695 163.184182784137 168.475631713867 173.751375534955 179.011681500603 178.689497106216 177.696467455696 176.701857398538 175.245258106905 173.528991026037 171.671295166016 168.437222200281 163.158121894388 157.792273801916 152.629469254438 148.658070956959 144.844963746912 141.171654645134 140.227377947639 139.539203643799 138.792328554041 136.288914399988 132.882393107695 129.437379500445 125.055247587316 119.341899984023 113.709716123693 108.796360801248 107.351017559276 105.842511794146 104.283575057983 103.194924074061 102.170275632073 101.20138465657 101.188430561739 101.64658759622 102.09233749614 103.163568665 105.091738756965 107.174031313728 109.750961920794 114.411297405467 119.012426376343 123.571887184592
143.528710757985 150.483894123751 157.136895572438 163.431640176212 168.081127615536 172.699847950655 177.288816115435 176.142669902128 174.294147715849 172.456448723288 170.121086793787 167.504567987779 164.815397150376 161.976271685432 158.930092531092 155.816691454719 152.65307190839 149.241266362807 145.869350208956 142.532705643598 141.202857073616 140.108509961297 139.0591841305 136.751539342544 133.778873667997 130.738386266372 127.013543072869 122.287684047923 117.635110294118 113.606958277085 112.760121513815 111.881426194135 110.977485432344 109.797000436222 108.598381210776 107.426017200246 107.412810493918 107.995102601893 108.556413594414 109.985916193794 112.652869785533 115.420582154218 118.684242248535 124.266804078046 129.817778362947 135.347227096558
143.984128839829 150.443715936997 156.53241146312 162.232388889088 166.226465113023 170.173987220315 174.076456182143 172.380126728731 169.988040475284 167.622836393469 165.070743336397 162.418685913086 159.777080087101 157.503430310418 155.794430676629 154.021572337431 152.084636463838 149.273498086368 146.386942695169 143.429621752571 142.002453074736 140.813991097843 139.783393635469 137.825241762049 135.362381654627 132.803996591007 129.687240600586 125.722414689906 121.817025913912 118.416066338034 117.751143735998 117.072761311251 116.382809695076 115.369151059319 114.326951980591 113.290747810813 113.294071253608 113.847437578089 114.366349893458 115.822818756104 118.666706365698 121.541687797098 124.882118786083 130.727140819325 136.546192056992 142.343451892628
144.243844873765 149.661755281336 154.643060572007 159.280740401324 162.616099413703 165.890103059656 169.104511036592 167.193109400132 164.633690553553 162.113745745491 160.093620075899 158.364748562084 156.716054579791 155.183730181526 153.828158210306 152.427818971522 150.911951401654 148.754349876853 146.407716638902 143.881227156695 142.632452347699 141.638570673325 140.909633412081 139.427391501034 137.524210088393 135.495384440703 132.933662190157 129.537275089937 126.192745769725 123.230479072122 122.454939786126 121.695326075834 120.95122348561 120.285329145544 119.624658135807 118.938935672536 118.986289529239 119.437099120196 119.844547103433 121.183006062227 123.961590879104 126.721199708826 129.926002726835 135.830659529742 141.73650079615 147.645315731273
144.337513867547 148.599233290728 152.491454629337 156.125823301428 158.863026338465 161.493759828455 164.020583657657 161.891777711756 159.174138013054 156.534753687242 155.0748091305 154.303438972024 153.624294056612 152.815009846407 151.789338728961 150.685506484088 149.494685902315 147.896003274357 146.10290145874 144.122773563161 143.172642202938 142.419443467084 141.835850210751 140.667449951172 139.164873684154 137.712991826675 135.753820868099 132.974686903112 130.223624734318 127.738333309398 126.880453782923 126.034852196189 125.200903275434 124.838302724502 124.531293532428 124.192085490507 124.288244023043 124.63282809538 124.93833250158 126.171412524055 128.902105668012 131.572133232565 134.663369347067 140.653417923871 146.689565658569 152.772256402408
144.148275936351 147.264080047607 150.114715127384 152.804063011618 155.001807493322 157.041204340318 158.9255510218 156.641325109145 153.837258507224 151.16030031092 150.254750868853 150.39080990062 150.614172094008 150.499506108901 149.830345378203 149.041119519402 148.18084155812 147.089667151956 145.818213743322 144.369395536535 143.688194948084 143.125630547019 142.598148570341 141.644092559814 140.43811528823 139.48701802422 138.067302703857 135.871668422923 133.675876056447 131.641354392557 130.699428221759 129.763559117037 128.833567226634 128.637740303488 128.530981624828 128.377021789551 128.447664373061 128.653343649472 128.823723288143 129.901952294742 132.511602177339 135.017123390647 137.922658247106 144.01206891677 150.193036808687 156.468866684858
142.12625727934 144.430973277372 146.573963389677 148.648196725284 150.62342116412 152.387636296889 153.943728503059 151.935071608599 149.491762049058 147.221439585966 146.779285430908 147.426805608413 148.159740447998 148.56204066557 148.412434521843 148.099527022418 147.682507907643 146.8992581087 145.951776841108 144.83926301844 144.176817052505 143.548376644359 142.822407441981 141.809402914608 140.622279672062 139.897510079777 138.817185345818 137.12565018149 135.408629473518 133.775402181289 132.803850398344 131.832128973568 130.860044815961 130.565235025742 130.358078451718 130.097799525541 130.060587265912 130.163120157578 130.235547795015 131.173449908986 133.638707104851 135.960576786714 138.674223731546 145.003566293155 151.465235990637 158.069391026216
140.189601898193 141.69918755924 143.115172442268 144.542181800394 146.263886844411 147.741518357221 148.976759517894 147.247546027688 145.167049183565 143.291145100313 143.299301147461 144.445893455954 145.659646651324 146.54974230598 146.890079498291 147.043510437012 147.067285874311 146.587970509249 145.968688067268 145.206050199621 144.580401252298 143.915377672981 143.059739505543 142.055405111874 140.959717918845 140.415099648868 139.624738356646 138.390563852647 137.129671769984 135.891024421243 134.874939413632 133.86081717996 132.849003735711 132.458674486946 132.151693456313 131.778457865996 131.626488405115 131.618824790506 131.57644182093 132.357493456672 134.660340140848 136.833806767183 139.401139764225 146.027413760915 152.792852626127 159.712951547959
138.357561896829 139.091011496151 139.755956313189 140.496525259579 141.927034041461 143.103954763973 144.026984719669 142.582157583798 140.866840138155 139.37112494076 139.814802281997 141.446627448587 143.110314537497 144.457593356862 145.257856256822 145.86876857982 146.332962484921 146.155906004064 145.871116862578 145.47372638478 144.904151916504 144.230426339542 143.307722203872 142.370126948637 141.424941006829 141.021078782923 140.477816189037 139.663229886223 138.840408773983 137.993704515345 136.923067092896 135.862588545855 134.81357866175 134.331218158498 133.925903095919 133.43671316259 133.167131760541 133.046680450439 132.882399390726 133.503506043378 135.647442312802 137.70437150843 140.156786974739 147.065847845639 154.082584717694 161.227424509385
137.874709185432 138.600535897648 139.285897647633 139.997007706586 140.977699952967 141.695610046387 142.148107865277 140.855674519258 139.381140989416 138.141200121711 138.882113288431 140.853017246022 142.820069930133 144.398119084975 145.291574141558 145.989740483901 146.542578753303 146.481703589944 146.342538048239 146.119873720057 145.748325572294 145.263043347527 144.472494013169 143.889476776123 143.449022966273 143.546045191148 143.491538328283 143.118316986982 142.755608502556 142.307144389433 140.937710032744 139.582108778112 138.242984659532 137.414220361149 136.651194179759 135.781272215002 135.270219466266 135.015482734231 134.707590664134 135.229070663452 137.43917240816 139.598322251264 142.047887128942 148.238552542294 154.529406154857 160.946088286007
137.777401868035 138.705081266515 139.612738441019 140.461171094109 140.931354522705 141.135146197151 141.067963768454 139.882980795468 138.605931674733 137.568915198831 138.550343008602 140.802222981172 143.026352826287 144.77373975866 145.668465109432 146.364620881922 146.924106373506 146.936175402473 146.889157239129 146.776716120103 146.597318761489 146.31153196447 145.693649291992 145.512134888593 145.632997737211 146.271999920116 146.727675830617 146.785808563232 146.872004004086 146.820622275857 145.118460262523 143.429152881398 141.754844104542 140.539627075195 139.386873245239 138.126617656035 137.369232850916 136.985022713156 136.54334303912 136.974261339973 139.267948823817 141.53729764153 144.007930306827 149.486122916727 155.050128712374 160.727541867424
137.750642103307 138.869454327752 139.955299153047 140.888520633473 140.793738421272 140.471733317656 139.916682748234 138.866970511044 137.798396166633 136.911251292509 138.080023372875 140.560657950009 143.057331982781 144.992546081543 145.904933031868 146.609784294577 147.18365613152 147.277067521039 147.27417530733 147.16283416748 147.066895204432 146.914822073544 146.547480414895 146.839211520027 147.596889608047 148.812777911916 149.812834907981 150.334370332606 150.898255628698 151.284265854779 149.276838863597 147.255404640647 145.216759625603 143.587648728315 142.028125987333 140.404544269337 139.422119589413 138.933959287756 138.390899321612 138.758544024299 141.166488535264 143.558348150814 146.073700624354 150.844549403471 155.676114250632 160.593578114229
138.332400041468 139.326352063347 140.272872924805 141.042673671947 140.638826931224 140.048772475299 139.266502380371 138.491258284625 137.757082097671 137.147236992331 138.309808394488 140.613548054415 142.970602596507 144.814649694106 145.715123569264 146.398545657887 146.978455936207 147.37069679709 147.634686862721 147.751114789177 147.841355716481 147.902463800767 147.868909387028 148.452204311595 149.475211311789 150.887874715468 152.07541252585 152.759931003346 153.492540135103 154.060664345236 152.14411241868 150.198971131269 148.215232063742 146.239893744974 144.25600085539 142.252000359928 141.016891030704 140.397314408246 139.724560681511 139.909803727094 142.110653708963 144.293326546164 146.538469202378 150.447375017054 154.38840378032 158.381774902344
139.663954566507 140.142926384421 140.561608034022 140.864286310533 140.461086497587 139.910175099092 139.20556752822 138.863034192254 138.60023206823 138.402327593635 139.332902571734 140.998369104722 142.760259964887 144.209943659165 145.074431475471 145.713160122142 146.295936360079 147.21365737915 147.967623317943 148.529347139246 148.899938022389 149.239929760204 149.605640523574 150.319587483126 151.287064271815 152.585929534015 153.684991724351 154.318971072926 155.014707453111 155.601227479822 154.094680561739 152.53467054928 150.901894401102 148.645051507389 146.235421124627 143.851113824283 142.356302149156 141.601472854614 140.795946121216 140.757986405317 142.617367351756 144.465662787942 146.341937570011 149.362181214725 152.391959863551 155.445300382726
140.850820204791 140.746135262882 140.631097232594 140.480394026812 140.093139872831 139.575732736027 138.921629513011 138.98221543256 139.170230641085 139.386030758128 140.093464346493 141.122826744528 142.216219958137 143.190953871783 143.94232895795 144.542177536908 145.161582049202 146.644230562098 147.979059331557 149.137452967027 149.944050059599 150.686677259557 151.45699523477 152.313005447388 153.230722427368 154.411196091596 155.414666905123 155.991808162016 156.622584062464 157.182178160724 156.046469632317 154.877342785106 153.661474003511 151.204457226922 148.420097463271 145.623100392959 143.830810210284 142.906920264749 141.963066213271 141.702839009902 143.216347638298 144.702952553244 146.184161298415 148.2782757703 150.375976225909 152.490239760455
