PREC/medie/CUMULATA_MEDIA_06.asc
NCOLS 177 
NROWS 174 
XLLCORNER 1436301.375 
YLLCORNER 4916704.5 
CELLSIZE 1500 
NODATA_value -9999 
[rows 80 to 99 of 174, columns 92 to 137 of 177]
104.711758220897 104.527289783253 104.432404686423 104.360092275283 104.318717058967 104.349208495196 104.428227929508 107.082759520587 109.766366734224 112.311612073113 113.652926276712 114.447307811064 115.272261451272 116.214485168457 117.328701019287 118.326475031236 119.137437483844 118.983011806712 118.844162884881 118.722399543313 118.63952479643 118.575290679932 118.533894482781 118.655095717486 118.886175267837 119.193302603329 119.453213411219 119.598759595086 119.727701074937 119.814640942742 118.877244388356 117.844950058881 116.668785319609 113.664826112635 110.08589778227 106.535023745369 104.313236012178 103.525579340318 102.930894515094 102.550309573903 102.846240099739 103.172698974609 103.521694071153 104.257531334372 104.989978678086 105.643739924711
103.156263239243 103.027858285343 102.955732906566 102.897071501788 102.853555791518 102.896093144136 102.999870749081 105.097139246324 107.239114649156 109.255491368911 110.388239916633 111.09369614545 111.8479273179 112.762959424187 113.927535113166 114.929061889648 115.762789782356 115.755397123449 115.788738475126 115.86817707735 116.083323086009 116.337308322682 116.621285158045 116.875137777889 117.099417293773 117.381502039292 117.617530149572 117.732385074391 117.842165329877 117.930872973274 116.752749947941 115.45602461871 113.969943551456 111.173031302059 107.926862492281 104.743214999928 102.73595383588 102.105723998126 101.684716168572 101.452746335198 101.846950194415 102.251500971177 102.665494694429 103.340531405281 104.014781390919 104.615420958575
101.65764056935 101.583759868846 101.556695264928 101.538431728587 101.51984091366 101.579369825475 101.696826934814 103.241128360524 104.831419552074 106.314385133631 107.221147425034 107.831460840562 108.480724783505 109.329511530259 110.507804421818 111.539097954245 112.43712683285 112.624868280747 112.852689182057 113.125886580523 113.627857208252 114.190727009493 114.783568438362 115.16568441952 115.367851257324 115.60560428395 115.798255247228 115.863587098963 115.91506172629 115.957078821519 114.501156526453 112.936706542969 111.201351838953 108.64386883904 105.778877370498 102.958596846637 101.170829099767 100.694608800551 100.425809187048 100.32278621898 100.793818417717 101.277985853307 101.774710599114 102.411218530992 103.043320487527 103.609404507805
100.121858035817 100.08895851584 100.099300384521 100.117750167847 100.137934179867 100.226286271039 100.368780472699 101.439543443568 102.558159772088 103.602352366728 104.336381575641 104.900532890769 105.495438070858 106.299151476692 107.460132150089 108.488086251652 109.415842841653 109.859525119557 110.346381467931 110.884105009191 111.60344359454 112.367047478171 113.14946679508 113.661497228286 113.940981247846 114.242187948788 114.467924230239 114.447709700641 114.401489930994 114.336107590619 112.62076030058 110.780051287483 108.787105560303 106.487142226275 104.073190801284 101.689118441413 100.121803732479 99.6695364783792 99.4139978745404 99.3105684168198 99.8116814108456 100.325605504653 100.852549160228 101.508939743042 102.171923469095 102.780984205358
97.9575826981488 97.9397659301758 97.9627690034754 98.0240673738367 98.2180845597211 98.4672720292035 98.7625733543845 99.7276622547823 100.738855025348 101.69670306935 102.435592426973 103.04736552519 103.676403045654 104.430693233714 105.41169312421 106.278480978573 107.092849058263 107.87161097807 108.691873438218 109.56355936387 110.330273347742 111.070615431842 111.829720665427 112.434431412641 112.898889878217 113.364513621611 113.682047002456 113.501023909625 113.286265878116 113.046115202062 111.047891504624 108.901877908146 106.624941657571 104.562205370735 102.620498657227 100.689221999225 99.3323188108556 98.8219994937672 98.5058495016659 98.339983996223 98.8493200189927 99.3735516492058 99.9145516788258 100.600754906149 101.305304134593 101.968345305499
95.7788530237534 95.7777676301844 95.8186985464657 95.9251073949477 96.2995937571806 96.7192501741297 97.1787968803854 98.0576545490938 98.9694127475514 99.838238435633 100.575248493868 101.231642779182 101.889620612649 102.595137652229 103.390105976778 104.099330228918 104.794010835535 105.917345383588 107.072895947625 108.26882463343 109.084675059599 109.792321149041 110.525369531968 111.212569741642 111.858871235567 112.491917329676 112.916224984562 112.57789813771 112.202191072352 111.797187356388 109.532037174 107.08044276518 104.497353048886 102.618539922378 101.125912049237 99.6530509275549 98.5335643992704 97.9717657425824 97.5863834829891 97.3421234804041 97.847043542301 98.3727841096766 98.9238710964427 99.6351691975313 100.380525701186 101.113277323106
93.5797779980828 93.5986009485581 93.664831161499 93.8204176285688 94.3830937778249 94.9832047855153 95.6179974499871 96.4283809661865 97.2466708912569 98.0217045054716 98.7484068029067 99.4449895970962 100.126600153306 100.784318138571 101.388186510871 101.940311656279 102.504023832433 103.975561029771 105.467141992906 106.976044374354 107.840058046229 108.507247027229 109.211499606862 109.967804403866 110.782721575569 111.569434895235 112.096558065975 111.588419521556 111.038808710435 110.454592985265 108.005998499253 105.34985037411 102.577132056741 100.849132537842 99.7163631214815 98.60075748668 97.6819414250991 97.1141714208266 96.7115040386424 96.4356022442088 96.892162659589 97.3698337779326 97.8769631105311 98.4883723539465 99.1200985628016 99.7567513409783
91.6669270010556 91.7863110934987 91.9608548108269 92.2216560139376 92.8838172239416 93.5730042177088 94.2882291008444 95.1754455566406 96.0795050228343 96.9458088594324 97.7125861224006 98.4070941700655 99.0689874536851 99.7212423436782 100.358913197237 100.98454912971 101.62231131161 102.911063699161 104.189373016357 105.454389235553 106.279277801514 106.959611556109 107.687352124382 108.503544078154 109.424698549158 110.305957569795 110.897450839772 110.202935162713 109.464327419505 108.686783285702 106.379051208496 103.861966974595 101.225876976462 99.5804855122286 98.5490128012265 97.5454580643598 96.7192428813261 96.2375805237714 95.9046718373018 95.6709651386037 96.0065419814166 96.3678923775168 96.7685402701883 97.1584079966826 97.5429574181052 97.9646090339212
89.8495267419254 90.0885799632353 90.3873959709616 90.7605181301341 91.4880924224854 92.2364641077378 93.0061338088092 93.9925588719985 95.0074062347412 95.9836861105526 96.787924934836 97.4614031174604 98.0911625132841 98.7324526169721 99.4121232874253 100.101330925437 100.799542146571 101.864593730253 102.912262411679 103.935989155489 104.716004091151 105.411551756017 106.159110574161 107.028306175681 108.051348293529 109.026154013241 109.691307516659 108.809704275692 107.880477232092 106.906521741082 104.723771487965 102.343182058895 99.8446665371166 98.2843570709229 97.3553813485538 96.471056321088 95.7469875111299 95.3604476031135 95.1037305944106 94.9244974360746 95.1435673657586 95.388297810274 95.6757497787476 95.8434240116793 95.9653090869679 96.1032096638399
88.0438712624942 88.3984526465921 88.8147469688864 89.2945076437558 90.0805059320786 90.8875486710492 91.7172403896556 92.8067770565257 93.9369252148797 95.0247679317699 95.8717632293701 96.5257352941177 97.1386453965131 97.7822332943187 98.5187086217544 99.26009795245 100.004827162799 100.822972914752 101.628471374512 102.416602415197 103.148572585162 103.863512824563 104.62540323594 105.539544947007 106.659593245562 107.727480271283 108.476571924546 107.40823543773 106.288050932043 105.116113101735 103.044365377987 100.799471686868 98.4406794379739 96.9688866559197 96.1443375980153 95.3836995293112 94.7677141077378 94.4761829376221 94.2945859572467 94.1751300026389 94.2858026728911 94.4262373307172 94.6170148288502 94.5999786152559 94.5027437771068 94.4009108823888
86.9764187195722 87.3315051583683 87.7426972108729 88.2015284369974 88.9178755143109 89.6478876226089 90.3941267798929 91.4687059065875 92.5988537283505 93.6767728468951 94.549280054429 95.2539744657629 95.9242699567009 96.624090755687 97.4117124220904 98.1997364268583 98.9884181303136 99.6955355475931 100.398181915283 101.097298566033 101.802612304688 102.512384751264 103.262484157787 104.109554066378 105.092092401841 106.007880266975 106.621804405661 105.320684769574 103.962309444652 102.543108771829 100.794363582835 98.9722062279196 97.0533541511087 95.7471634359921 94.9141453013701 94.1586053511676 93.5636964124792 93.3774769726922 93.2821504929486 93.2406383402207 93.3694618449492 93.5280240844278 93.7386254142313 93.6977640039781 93.547448719249 93.3608361412497
86.9594184090109 87.1097064298742 87.317866044886 87.568083931418 88.0440980125876 88.5339540593764 89.0414749594296 89.9850351670209 91.0157159917495 91.9902350481819 92.8856168634751 93.7153154260972 94.5131344514735 95.3209524715648 96.1647899852079 97.004841299618 97.8427557103774 98.5203971862793 99.192512512207 99.868148579317 100.551188525032 101.238509458654 101.960484897389 102.703794367173 103.476375804228 104.1793421577 104.616466073429 103.090946421904 101.50282422234 99.8430543787339 98.4361622754265 97.077179852654 95.6346680136288 94.5217531989603 93.6790424795712 92.9323542538811 92.364883591147 92.2924953348496 92.2918659658993 92.3376336097717 92.4919108222513 92.6759232633254 92.9128817389993 92.8583069128149 92.6650717679192 92.4322289859547
86.9631989983951 86.9037320193122 86.8964209837072 86.9234936658074 87.1431579589844 87.378584020278 87.6356579275692 88.4323065140668 89.3539513980641 90.2307501400218 91.1483356251436 92.1090233746697 93.041794720818 93.9676780700684 94.8759848650764 95.776211458094 96.6711380902459 97.33001574348 97.9763798433192 98.6266241634593 99.285478255328 99.9487760207232 100.63944199506 101.282282436595 101.842079611386 102.334925932043 102.599854861989 100.854065390194 99.0312659319709 97.1142349243164 96.0065921334659 95.1000823974609 94.1517373253317 93.2684401904835 92.4323742810418 91.7094501607558 91.180238274967 91.2355996300192 91.3404447892133 91.4801156941582 91.6684894561768 91.8827547466054 92.1486339849584 92.0856312302982 91.8519298890058 91.6014430663165
86.9426726733937 86.6648375006283 86.4311308019302 86.2239402322208 86.1733328875373 86.1403437221751 86.1333001080681 86.751309226541 87.5291292527143 88.2727029463824 89.1657240250531 90.2121519200942 91.2300831289852 92.2381286621094 93.2329086976893 94.219736884622 95.2021719988655 95.8922933690688 96.5670688853544 97.252155752743 97.9444274902344 98.6422018163344 99.3652247260599 99.9595563551959 100.311904009651 100.600073421703 100.706378039192 98.8557346568388 96.9234742557301 94.8816303926356 93.9010406942929 93.2070120643167 92.4978171516867 91.7786591473748 91.0535242417279 90.4648928922765 90.0552418091718 90.2019886129043 90.3750626900617 90.5676326751709 90.8298308709089 91.1204957962036 91.4638805669897 91.4079469231998 91.1231628305772 90.8447898976943
86.5324723299812 86.0259695053101 85.5563243417179 85.105915742762 84.7637867086074 84.4418567208683 84.1513511433321 84.5035950155819 85.0375643337474 85.5522738064037 86.3207250482896 87.3615451139562 88.3775170270134 89.4290521285113 90.6463655583999 91.851619496065 93.0485281102798 93.9204635620117 94.7683350058163 95.6266158608829 96.4694651435403 97.3044447057387 98.1564313103171 98.7709790398093 98.9139628690832 98.9953112882726 98.9435734468348 97.0987454582663 95.1606369018555 93.0876304402071 92.0743219712201 91.3873117110308 90.730871481054 90.1287712209365 89.5894352408016 89.2019230337704 88.9594974517822 89.1786060894237 89.4042322775897 89.6353759485133 89.9847183227539 90.3667429475223 90.799477633308 90.7570819574244 90.4163748236264 90.1050308451933
86.1148595248952 85.3780501870548 84.6706456016092 83.9760765748865 83.3400274164536 82.7250879512114 82.1450105554917 82.2240680245792 82.5071233861587 82.7875803779153 83.4194324717802 84.4486431795008 85.4631876104018 86.5536552877987 87.9957618713379 89.4242812885958 90.8424233829274 91.9046474905575 92.931806676528 93.9657260670381 94.962932362276 95.93789470897 96.9105677885168 97.5478286743164 97.4718966764562 97.3234831866096 97.0758209228516 95.2052628012265 93.2611379062428 91.2051865072811 90.2084036434398 89.5762517592486 88.9998756296494 88.5380369074204 88.2140934327069 88.0117876950432 87.9159085890826 88.1790219475241 88.4469716128181 88.7193546856151 89.1559969677645 89.6310209386489 90.1515908521764 90.1277115204755 89.7297197790707 89.3817695168888
85.6845475926119 84.7160698946785 83.7694544511683 82.8303208070643 81.898736000061 80.9877382166245 80.1131981681375 79.9134968028349 79.9409893260283 79.9847528794233 80.4714257857379 81.4869868334602 82.5029862347771 83.6298904418945 85.3007599325741 86.957753013162 88.6030424903421 89.8623889474308 91.0728140438304 92.2669259239645 93.3994701609892 94.4872120127958 95.5435999702005 96.1780404483571 95.860429651597 95.4594457289752 94.9871507532456 93.116751053754 91.2106686760397 89.238758984734 88.2989310096292 87.7519371930291 87.2871235118193 86.9676431768081 86.8281556297751 86.7748279571533 86.7924334582161 87.0753297244801 87.3592309390797 87.6439914983862 88.0706865366767 88.5244442434872 89.0079380764681 88.9493295725654 88.4898172266343 88.1016409256879
84.6647716971005 83.5712920357199 82.4959536720725 81.4289942909689 80.3893243004294 79.3758681802189 78.406821643605 78.0588038949405 77.9380263721242 77.8563702527214 78.2023761412677 79.0831934984993 79.9748617060044 80.9695213542265 82.5228152555578 84.050568524529 85.5535412956687 86.8899558572208 88.200865240658 89.5035780738382 90.6650114620433 91.7203271529254 92.7222958733054 93.2985559351304 92.8367826798383 92.2792230493882 91.6653753168443 90.121935002944 88.5652048447553 86.9776773452759 86.2508375504438 85.8840137930477 85.6219717474545 85.4573304793414 85.4213489644668 85.4419619055355 85.5109420103185 85.783057717716 86.0547976774328 86.3260971798616 86.6329435460708 86.9483161253088 87.2875363406013 87.1765965573928 86.7021911845488 86.3177714067347
83.4437228371115 82.272175283993 81.1124821270213 79.9585929758408 78.8663017329048 77.7995013068704 76.7779841142542 76.304744496065 76.0469603819006 75.8443087970509 76.0365163578707 76.752282815821 77.4904184902416 78.3241696077235 79.7242128708783 81.1002036823946 82.452096378102 83.8641858942368 85.2848151711857 86.6884613037109 87.8752583896413 88.8894087847541 89.8369271895465 90.35814408695 89.7525486665614 89.0507297515869 88.2896384070901 87.1011760936064 85.9104465035831 84.7200091305901 84.2275785558364 84.0535269344554 83.9831895267262 83.9654235839844 84.0202652987312 84.1136745004093 84.2381725311279 84.5005012960995 84.7638851614559 85.0287414438584 85.228393722983 85.4147047155044 85.6243211521822 85.470744413488 84.9976162068984 84.5926216910867
82.1962367226096 80.9557909685023 79.7252149581909 78.4991824206184 77.3687068434323 76.2595534885631 75.1900237588321 74.5981764512904 74.205957552966 73.8682353636798 73.8942652870627 74.4318545846378 74.9970787833719 75.6499709522023 76.8775863647461 78.0894519581514 79.2850244185504 80.7594721177045 82.2846387975356 83.7807013567756 84.9896101110122 85.9552890553194 86.8545738669003 87.3307183209588 86.5880636327407 85.7615685182459 84.8795429678524 84.0526312659769 83.2455777560963 82.4632685605217 82.2231503654929 82.250750653884 82.3615617752075 82.484866030076 82.6216813255759 82.7866466746611 82.9699949937708 83.2249605515424 83.4862038668464 83.7547409394208 83.8709779627183 83.9547687979306 84.0691377415377 83.9057456745821 83.4757905847886 83.0919289869421
