PREC/medie/CUMULATA_MEDIA_ANNUA.asc
NCOLS 177 
NROWS 174 
XLLCORNER 1436301.375 
YLLCORNER 4916704.5 
CELLSIZE 1500 
NODATA_value -9999 
[rows 140 to 159 of 174, columns 46 to 91 of 177]
856.428413391113 848.494750976562 841.226108551025 834.321517944336 833.118824005127 832.530696868896 833.034488677979 843.052227020264 857.9680519104 873.320880889893 892.101871490479 917.519191741943 942.164680480957 966.156349182129 974.131546020508 981.822448730469 989.007694244385 992.054691314697 993.302764892578 994.775413513184 995.976039886475 996.745761871338 997.765937805176 999.159358978271 1005.2875328064 1011.53199386597 1017.94695663452 1026.04977798462 1034.75313949585 1043.28882980347 1050.25183486938 1054.95495605469 1059.53477478027 1063.82944488525 1065.73733520508 1067.52459716797 1069.15375518799 1073.23517990112 1077.97473907471 1082.01486206055 1086.74375534058 1092.33097457886 1098.0209312439 1103.29269790649 1105.39756011963 1107.72500228882
865.921352386475 854.648162841797 844.046192169189 833.813789367676 829.411571502686 825.703628540039 823.241455078125 834.834400177002 853.730911254883 873.026947021484 895.489940643311 924.167778015137 951.921295166016 978.945663452148 985.79256439209 992.349102020264 998.379264831543 999.870151519775 999.350524902344 999.311912536621 999.559978485107 1000.3168182373 1001.38454055786 1002.87720108032 1010.23223876953 1017.69603729248 1025.32278823853 1033.83913803101 1042.67012023926 1051.21436691284 1057.86553192139 1061.70907974243 1065.41481781006 1068.89385604858 1070.44482803345 1071.90531158447 1073.2435760498 1077.29206466675 1082.1333656311 1086.31758880615 1091.34053421021 1097.45125579834 1103.58072280884 1109.3278465271 1112.0149230957 1114.91990661621
875.539394378662 860.976264953613 847.029281616211 833.422740936279 825.773864746094 818.89826965332 813.422996520996 826.507831573486 849.333820343018 872.552513122559 898.681213378906 930.598915100098 961.465305328369 991.570587158203 997.306537628174 1002.82493591309 1007.94529342651 1008.1360206604 1006.09357452393 1004.51596832275 1003.76654434204 1004.48115539551 1005.55294418335 1007.08164978027 1015.61328125 1024.23878097534 1033.00742340088 1041.88133621216 1050.77294158936 1059.32299041748 1065.67319488525 1068.65459060669 1071.46613693237 1074.092918396 1075.2583694458 1076.3490447998 1077.33513641357 1081.28049850464 1086.15958786011 1090.44616317749 1095.71237182617 1102.30212783813 1108.90534210205 1115.1815032959 1118.50986099243 1121.99750137329
885.303703308105 867.508003234863 850.201496124268 833.165718078613 822.214809417725 812.116264343262 803.574211120605 818.06209564209 844.761764526367 871.882404327393 901.66121673584 936.799255371094 970.786296844482 1004.02431869507 1008.6699180603 1013.24652099609 1017.69964981079 1016.83422851562 1013.49675750732 1010.3411026001 1008.53883361816 1009.1724395752 1010.19837188721 1011.69575881958 1021.35171508789 1031.08307647705 1040.9303894043 1050.11588287354 1059.01237869263 1067.56198883057 1073.61888504028 1075.73253631592 1077.63368988037 1079.37868881226 1080.13866424561 1080.8327293396 1081.4316368103 1085.23328399658 1090.11808395386 1094.51943969727 1100.03409194946 1107.15675354004 1114.34717941284 1121.28708648682 1125.28366470337 1129.33568954468
901.647235870361 884.236999511719 867.203239440918 850.386749267578 842.426685333252 835.498973846436 830.326766967773 844.022148132324 867.78751373291 891.961990356445 919.419437408447 953.654243469238 986.606845855713 1018.82651901245 1021.36818313599 1023.97563171387 1026.72679519653 1027.26174926758 1026.78062438965 1026.24722671509 1026.47574615479 1028.04760742188 1030.06277084351 1032.55648422241 1044.03553009033 1055.58529281616 1067.23671340942 1076.2077331543 1084.02048873901 1091.46512985229 1096.97898864746 1099.3701171875 1101.52908706665 1103.39806365967 1101.78120040894 1100.07134246826 1098.23899841309 1099.40013885498 1101.59934234619 1103.31322479248 1107.85559082031 1116.62396240234 1125.48762512207 1133.9616355896 1137.35956573486 1140.73993682861
919.855770111084 903.835025787354 888.106884002686 872.551704406738 869.261165618896 867.124664306641 866.786800384521 879.049873352051 898.102001190186 917.504650115967 941.05052947998 973.271915435791 1004.17439651489 1034.3959312439 1034.62940216064 1035.02464675903 1035.83228302002 1038.14223098755 1041.21268463135 1044.0379447937 1046.8129119873 1049.44133377075 1052.49757003784 1055.98731231689 1069.23129653931 1082.53173446655 1095.91205215454 1104.48394012451 1110.93793106079 1116.98917388916 1121.73147964478 1124.29504394531 1126.57912826538 1128.44874191284 1124.13440322876 1119.75648117065 1115.30475997925 1113.67419815063 1113.07944869995 1112.08216094971 1115.56627655029 1125.98213195801 1136.51425552368 1146.56592941284 1149.35956573486 1152.06209564209
939.065925598145 924.934146881104 911.281818389893 897.910457611084 900.194591522217 903.42053604126 907.728050231934 918.418632507324 932.572643280029 946.505878448486 965.419845581055 994.928596496582 1023.44627761841 1051.44282913208 1049.30425643921 1047.31055831909 1045.94594955444 1049.75063323975 1056.15060043335 1062.54582977295 1068.10130310059 1071.99237442017 1076.08726501465 1080.46486663818 1095.37557601929 1110.34438323975 1125.39768600464 1133.55980682373 1138.59983062744 1143.11720657349 1146.92524337769 1149.52534484863 1151.7924041748 1153.56645202637 1146.41501617432 1139.2872505188 1132.22980880737 1127.82451248169 1124.44718551636 1120.75127792358 1123.10009384155 1135.17348098755 1147.37314605713 1159.04844284058 1161.23519515991 1163.25547027588
964.574066162109 959.504222869873 955.142776489258 951.224857330322 964.06628036499 977.638397216797 991.633411407471 1003.73977279663 1014.7851600647 1025.08338928223 1038.61064147949 1059.02522277832 1078.69622039795 1097.92295455933 1088.75331878662 1079.65384292603 1071.32500839233 1075.60488510132 1086.34680938721 1097.35116958618 1107.25231170654 1114.92630004883 1122.6441192627 1130.48583221436 1144.1284942627 1157.763671875 1171.41667175293 1178.06363677979 1181.45216369629 1184.1912612915 1186.35039138794 1187.4746055603 1188.17224121094 1188.36237335205 1178.81006240845 1169.37662887573 1160.17419052124 1155.03235244751 1151.63549804688 1148.08693695068 1149.72987747192 1159.91820526123 1170.13195037842 1179.84099960327 1180.22772979736 1180.33874511719
997.457710266113 1009.80143356323 1023.03870773315 1036.82888031006 1065.7333984375 1095.02501678467 1124.01466751099 1140.42141723633 1149.78741836548 1157.84189605713 1164.57197570801 1168.39266967773 1171.79039001465 1174.91063690186 1153.45935821533 1132.11252593994 1111.75846099854 1115.16477203369 1130.93256378174 1147.20399475098 1162.51723480225 1175.83378601074 1188.97804260254 1202.06204986572 1211.48249053955 1220.89710235596 1230.33436584473 1234.2205657959 1235.4409942627 1235.88876342773 1235.59101867676 1233.91405487061 1231.75979614258 1229.16502380371 1217.25491333008 1205.54246139526 1194.21328735352 1189.11657714844 1186.80935287476 1184.43790054321 1185.27546310425 1191.59680175781 1197.94998168945 1203.9608039856 1201.90977859497 1199.52109146118
1030.0524559021 1059.77550506592 1090.60975265503 1122.12644577026 1167.11870193481 1212.22494506836 1256.46523284912 1277.51535797119 1285.46899414062 1291.2082901001 1291.15081787109 1278.29988098145 1265.6229095459 1252.99430847168 1219.59117126465 1186.19059753418 1153.65113067627 1155.85564422607 1176.47814941406 1197.7029800415 1218.10793304443 1236.74675750732 1255.25798034668 1273.74604034424 1279.04843902588 1284.2541809082 1289.35684967041 1290.33206939697 1289.26323699951 1287.4136505127 1284.66089630127 1280.17681121826 1275.30312347412 1270.11406707764 1256.04921722412 1242.15669250488 1228.60974884033 1223.40406036377 1222.08850097656 1220.79219818115 1220.82699584961 1223.18506622314 1225.56161117554 1227.72043228149 1223.11143875122 1218.20481491089
1063.29716491699 1109.68026351929 1157.38719940186 1205.89524841309 1267.72018432617 1329.47501373291 1389.86245727539 1416.01074981689 1422.61808013916 1426.03343200684 1419.14009094238 1389.18685150146 1360.03952789307 1331.28245544434 1288.91497802734 1246.67392730713 1205.26079559326 1206.13553619385 1229.73025512695 1253.89428710938 1277.193359375 1298.69027709961 1320.00025177002 1341.17469024658 1342.57171630859 1343.67275238037 1344.53649902344 1342.262840271 1338.36212921143 1333.65986633301 1327.98390197754 1320.42073059082 1312.55091094971 1304.48275756836 1290.4561920166 1276.71114349365 1263.41229248047 1259.0799407959 1259.07707214355 1259.19863128662 1258.66150665283 1256.73407745361 1254.79076385498 1252.69260406494 1244.58888244629 1236.17065429688
1101.64583206177 1159.85057449341 1219.60356903076 1280.29396057129 1363.89052581787 1447.57409667969 1529.36034393311 1562.5085144043 1567.61930084229 1568.56532287598 1554.05857849121 1504.5020980835 1456.39530944824 1409.04900360107 1372.70916748047 1336.97119140625 1301.85317230225 1300.28025817871 1317.09464263916 1334.55341339111 1350.94352722168 1365.03370666504 1379.02223968506 1392.91951751709 1391.25656890869 1389.16777038574 1386.69528198242 1380.7218170166 1372.8797454834 1364.25190734863 1354.91645050049 1344.19048309326 1333.24964904785 1322.17562103271 1314.12216186523 1306.334815979 1298.94687652588 1297.69654846191 1299.53536224365 1301.5874710083 1300.66888427734 1293.70465087891 1286.71188354492 1279.62562561035 1266.49879455566 1253.09365844727
1140.37966918945 1210.23105239868 1281.81753540039 1354.45592498779 1459.5510635376 1564.95213317871 1667.98794555664 1708.10192871094 1711.57401275635 1710.280128479 1688.51012420654 1619.60027313232 1552.55966186523 1486.53035736084 1455.91184234619 1426.61420440674 1397.82448577881 1393.96543121338 1404.03980255127 1414.76377105713 1424.22138214111 1430.87289428711 1437.67766571045 1444.53614044189 1440.00291442871 1434.89294433594 1429.07319641113 1419.39723968506 1407.60241699219 1394.94366455078 1381.82676696777 1367.82489013672 1353.71257019043 1339.51861572266 1337.20774078369 1335.35000610352 1333.99573516846 1336.03147888184 1339.84492492676 1343.91996002197 1342.85974884033 1330.96215057373 1318.89916992188 1306.69673919678 1288.49339294434 1270.05738830566
1179.56768417358 1260.86116027832 1344.0350112915 1428.35264587402 1554.64231872559 1681.52575683594 1805.65116882324 1852.68965148926 1854.3770980835 1851.10251617432 1822.44800567627 1734.45748901367 1648.51882171631 1563.71515655518 1538.51786804199 1515.60541534424 1493.18719482422 1487.21204376221 1490.59453582764 1494.567237854 1497.08270263672 1496.27912902832 1496.02646636963 1496.05577850342 1488.80246734619 1480.81066894531 1471.63134002686 1458.24968719482 1442.49068450928 1425.725730896 1408.74002075195 1391.38957214355 1374.04483032227 1356.68158721924 1359.90754699707 1363.96825408936 1368.72507476807 1374.198097229 1380.05791473389 1386.00368499756 1384.73319244385 1367.87213134766 1350.79346466064 1333.61232757568 1310.45698547363 1287.17010498047
1262.75798797607 1346.00337219238 1431.25601959229 1517.71882629395 1650.86560821533 1784.66215515137 1915.22620391846 1960.57638549805 1955.27914428711 1944.77792358398 1907.94561767578 1808.78800964355 1711.92003631592 1616.37696838379 1596.29492950439 1579.33784484863 1562.85091400146 1555.59558868408 1553.68570709229 1552.31937408447 1548.37720489502 1538.35626220703 1529.24813079834 1520.62830352783 1522.82615661621 1524.85593414307 1525.4076461792 1513.6247177124 1494.63161468506 1474.50684356689 1453.59132385254 1430.95986175537 1408.41501617432 1385.88376617432 1385.7677154541 1386.64337921143 1388.24076080322 1392.0403137207 1397.11128997803 1402.43363189697 1401.55136108398 1386.50997924805 1371.06896209717 1355.41568756104 1330.40085601807 1305.17989349365
1357.65679931641 1440.34230041504 1525.09129333496 1611.08811950684 1747.3158416748 1884.32106018066 2017.79877471924 2059.52714538574 2046.162109375 2027.55928039551 1982.63222503662 1874.4676361084 1768.65201568604 1664.21388244629 1649.21463775635 1638.27072906494 1627.83873748779 1619.76153564453 1613.0357131958 1606.78491210938 1596.71900939941 1577.42265319824 1559.31244659424 1541.86093902588 1554.94048309326 1568.59309387207 1580.37225341797 1570.83344268799 1548.52156066895 1524.92957305908 1499.92663574219 1471.69289398193 1443.6932220459 1415.80045318604 1411.8783416748 1409.27523040771 1407.55769348145 1409.70595550537 1414.16544342041 1418.89770507812 1418.33753204346 1405.09624481201 1391.41979217529 1377.50841522217 1350.93957519531 1323.95177459717
1454.91505432129 1536.97399139404 1620.56857299805 1705.09817504883 1843.39505767822 1982.88449859619 2119.21299743652 2157.31307220459 2135.82375335693 2109.9962387085 2057.89393615723 1941.62940979004 1827.08653259277 1713.56195831299 1703.33131408691 1698.31506347656 1694.12408447266 1685.51429748535 1674.15819549561 1663.15018463135 1647.13094329834 1618.68021392822 1591.25316619873 1564.40500640869 1587.54210662842 1612.41361236572 1635.37585449219 1628.24643707275 1602.5793762207 1575.45621490479 1546.33283996582 1512.4328994751 1479.01116943359 1445.8533706665 1438.18727111816 1432.15629577637 1427.08786010742 1427.49840545654 1431.31108856201 1435.41764068604 1435.09668731689 1423.62143707275 1411.91186523438 1400.07909393311 1372.35974121094 1343.82318878174
1559.89209747314 1651.55200195312 1744.2820892334 1837.70766448975 1965.38185119629 2093.47900390625 2218.66541290283 2245.7046661377 2212.61488342285 2176.03471374512 2117.37103271484 2004.14615631104 1892.18155670166 1781.04367828369 1772.28427124023 1769.19584655762 1767.18231964111 1758.0445098877 1744.49369049072 1731.21616363525 1712.79306030273 1681.23719024658 1650.68253326416 1620.76889038086 1645.06102752686 1671.45975494385 1695.67864990234 1686.83226776123 1657.10354614258 1625.72744750977 1592.54273986816 1555.02634429932 1518.28163146973 1482.02249908447 1469.2935256958 1458.29582977295 1448.29479980469 1445.28851318359 1446.77769470215 1448.53162384033 1447.52558898926 1439.3416519165 1431.16439056396 1423.03054046631 1398.98519897461 1374.00238800049
1673.81380462646 1786.8715133667 1900.47610473633 2014.45930480957 2116.90773773193 2217.73762512207 2316.02734375 2323.71673583984 2275.33171081543 2224.34490203857 2159.85432434082 2061.63990783691 1964.07279205322 1866.9594039917 1856.23915863037 1850.86435699463 1846.88508605957 1837.01188659668 1823.41632080078 1809.96992492676 1792.04296112061 1762.37246704102 1733.54639434814 1705.27571868896 1723.00368499756 1742.72133636475 1760.22287750244 1746.32202148438 1711.9947052002 1675.84999847412 1638.60437011719 1598.8293762207 1560.05685424805 1521.93981170654 1503.30313110352 1486.35667419434 1470.4870223999 1463.1229019165 1461.44571685791 1460.07260131836 1457.95001983643 1453.84864807129 1449.94664001465 1446.21815490723 1427.65222167969 1407.96482849121
1786.24948883057 1920.64265441895 2055.22366333008 2189.96473693848 2267.56568145752 2341.33573913574 2412.90383911133 2401.360206604 2337.85127258301 2272.65795135498 2202.35865783691 2119.3514175415 2036.52658843994 1953.86737060547 1941.75742340088 1934.20264434814 1927.47940063477 1916.06535339355 1901.62844085693 1887.9320602417 1870.44170379639 1842.6185760498 1815.37506866455 1788.52352142334 1799.56819915771 1812.53076171875 1823.66207122803 1805.02855682373 1766.45933532715 1726.365234375 1685.88285827637 1644.72701263428 1604.31944274902 1564.41130828857 1540.00746154785 1517.11946105957 1495.20869445801 1483.25971984863 1478.23581695557 1473.89733123779 1470.69602203369 1470.85352325439 1471.39694976807 1472.24924468994 1459.31132507324 1445.00533294678
