PREC/medie/CUMULATA_MEDIA_ANNUA.asc
NCOLS 177 
NROWS 174 
XLLCORNER 1436301.375 
YLLCORNER 4916704.5 
CELLSIZE 1500 
NODATA_value -9999 
[rows 48 to 71 of 174, columns 54 to 107 of 177]
1373.06500244141 1348.17558288574 1324.31401824951 1309.80323028564 1303.84619140625 1302.62657165527 1304.1365814209 1305.88415527344 1310.72648620605 1318.44641876221 1328.26944732666 1346.71884918213 1371.69341278076 1389.86056518555 1403.67604827881 1431.15525817871 1452.69037628174 1468.01572418213 1474.01252746582 1472.18096923828 1465.87021636963 1456.07402038574 1444.99431610107 1428.04907989502 1420.78025054932 1417.47940063477 1414.94342803955 1415.62074279785 1426.79382324219 1458.2629699707 1478.10739898682 1493.50737762451 1504.66987609863 1513.73352813721 1506.2155456543 1493.3141708374 1482.68382263184 1474.48081970215 1463.0548324585 1468.35533905029 1481.17893218994 1500.50624084473 1524.08203887939 1547.86167907715 1570.72360992432 1574.69191741943 1577.95367431641 1566.91924285889 1539.55629730225 1503.40486907959 1467.93000793457 1433.0627822876 1400.81803894043 1367.29066467285
1342.55982589722 1317.04732513428 1290.36354064941 1274.83275604248 1268.17090606689 1269.13483428955 1274.1344909668 1283.69239044189 1296.73886108398 1316.6089553833 1340.45486450195 1372.54709625244 1411.18846893311 1448.30855560303 1500.21422576904 1542.54624176025 1571.16075897217 1589.37118530273 1595.81257629395 1593.75074005127 1583.93634033203 1569.72523498535 1552.80049133301 1539.95199584961 1523.13045501709 1518.91555023193 1510.15875244141 1508.43476104736 1536.21195983887 1558.58306121826 1578.63025665283 1594.24440765381 1601.59418487549 1612.85836791992 1606.55597686768 1590.6734085083 1573.58614349365 1561.79967498779 1551.58180236816 1544.02442169189 1557.06398773193 1573.89011383057 1592.21297454834 1610.80248260498 1618.42417907715 1616.63369750977 1613.12121582031 1594.20013427734 1561.49610137939 1520.89897155762 1479.66767883301 1442.97634887695 1402.63625335693 1371.9538192749
1299.65892410278 1277.82559204102 1255.13251113892 1241.31227874756 1236.27811431885 1238.83131408691 1247.39303588867 1262.42037963867 1285.6471786499 1316.50522613525 1357.0591583252 1403.8617401123 1460.11981964111 1531.41109466553 1604.52321624756 1656.6692199707 1696.61067199707 1721.78883361816 1731.6488494873 1727.84130859375 1712.03341674805 1691.32357025146 1670.6393737793 1651.81944274902 1634.35179138184 1616.43505859375 1606.51651000977 1604.59662628174 1634.48344421387 1657.46229553223 1681.91326141357 1701.78630828857 1711.07894897461 1719.39157104492 1707.84662628174 1685.98794555664 1658.33431243896 1637.0966796875 1622.84897613525 1606.07758331299 1614.55587768555 1629.7995223999 1644.69449615479 1655.39803314209 1657.87673187256 1646.17337799072 1634.01245117188 1608.75756072998 1573.40982818604 1527.26601409912 1481.42070388794 1441.42560195923 1410.63767623901 1382.48188781738
1252.55417633057 1233.72787475586 1218.95658111572 1210.76286315918 1209.66707611084 1214.13776397705 1225.70747375488 1245.57810211182 1277.19717407227 1320.13662719727 1374.45247650146 1441.13498687744 1521.80703735352 1623.29679107666 1704.733253479 1771.86944580078 1824.62609863281 1856.04051208496 1867.14018249512 1859.60432434082 1837.64753723145 1807.80606842041 1780.97537231445 1752.00788879395 1728.10025024414 1704.1831817627 1693.70001220703 1708.22003173828 1726.58690643311 1751.61496734619 1778.79571533203 1802.47578430176 1816.02011871338 1809.82536315918 1799.60417938232 1770.99992370605 1734.21971130371 1703.42711639404 1682.9072265625 1664.34579467773 1658.26484680176 1669.01135253906 1680.76266479492 1685.26194000244 1671.88870239258 1664.67749023438 1646.67353820801 1617.79023742676 1578.43394470215 1531.43721389771 1492.33298110962 1453.66207122803 1423.1139793396 1394.94828796387
1207.45386886597 1191.53079605103 1185.99480056763 1184.07456207275 1186.65526580811 1194.90158843994 1210.431640625 1235.58159637451 1274.66772460938 1330.32809448242 1397.54772186279 1479.39866638184 1586.02126312256 1703.72609710693 1800.9337387085 1880.84057617188 1939.3462600708 1974.67109680176 1984.06455230713 1973.66377258301 1944.90880584717 1904.75089263916 1869.46803283691 1834.2008895874 1804.27182769775 1778.2967376709 1767.60320281982 1786.39569091797 1804.83159637451 1830.57862091064 1859.55910491943 1886.03060150146 1902.92349243164 1895.80444335938 1868.96999359131 1841.5284576416 1797.29104614258 1760.99717712402 1734.25539398193 1708.59819793701 1693.60216522217 1696.69428253174 1698.98634338379 1684.54553985596 1681.14384460449 1671.77672576904 1652.62986755371 1623.07482910156 1584.29879760742 1542.45219421387 1500.76706695557 1460.80014801025 1430.87618255615 1400.1692199707
1169.82029342651 1161.61515045166 1157.94179153442 1163.96934509277 1170.48086166382 1181.59508514404 1200.51638031006 1232.2427520752 1279.99521636963 1339.84906005859 1420.62311553955 1519.2272644043 1634.86040496826 1764.42073059082 1871.85510253906 1960.99280548096 2029.15406036377 2062.76737213135 2070.6524887085 2053.22249603271 2019.12961578369 1976.17049407959 1932.78663635254 1893.64963531494 1861.0442199707 1835.33165740967 1823.19832611084 1842.17127990723 1860.95209503174 1888.31336212158 1920.95301055908 1948.80743408203 1965.98927307129 1960.38771057129 1931.16139221191 1888.10946655273 1845.50127410889 1806.38822174072 1774.57431030273 1742.35338592529 1719.17803955078 1710.20150756836 1696.06756591797 1690.88021850586 1681.04705047607 1668.28711700439 1648.13553619385 1618.6753692627 1580.21881103516 1539.98433685303 1500.24976348877 1463.70191955566 1429.67819595337 1395.93491363525
1146.04433441162 1143.94317626953 1144.1283531189 1151.88958358765 1160.27516937256 1173.72632980347 1194.83682250977 1232.71898651123 1282.33177947998 1348.78549194336 1441.09703826904 1545.97836303711 1661.99541473389 1800.60080718994 1915.69121551514 2009.88962554932 2080.46999359131 2116.67227935791 2118.37378692627 2100.60496520996 2057.78059387207 2009.60031890869 1963.04930114746 1920.74711608887 1888.87216186523 1865.25133514404 1857.09053039551 1875.53477478027 1893.48648834229 1925.47086334229 1957.59413909912 1984.52206420898 2002.85456848145 2000.13931274414 1973.84803009033 1929.38222503662 1879.71459197998 1835.53634643555 1797.93184661865 1758.06527709961 1727.41862487793 1712.11683654785 1702.02364349365 1690.39546203613 1674.42434692383 1655.62715148926 1631.94047546387 1592.5055847168 1559.18891906738 1526.40106964111 1489.39711761475 1451.42282867432 1413.71291351318 1376.23671722412
1136.5909538269 1139.76098251343 1145.00350570679 1152.4289932251 1162.21821594238 1176.30963134766 1202.59520721436 1238.44618606567 1288.05489349365 1362.5129699707 1454.32801818848 1560.2826385498 1676.1397857666 1812.24504852295 1934.6656036377 2028.40868377686 2096.4447555542 2130.62772369385 2131.99666595459 2109.11743927002 2064.0129776001 2010.74853515625 1963.69125366211 1924.21952056885 1892.03205871582 1870.2328414917 1867.85677337646 1876.86092376709 1913.78576660156 1942.28064727783 1972.54065704346 1999.4044418335 2019.05162811279 2019.43818664551 1994.70226287842 1953.18963623047 1911.10403442383 1865.82236480713 1819.1895980835 1766.37026977539 1736.35794067383 1714.06200408936 1696.89817810059 1676.30863189697 1648.3501663208 1621.71741485596 1588.10305023193 1557.46298980713 1527.14073181152 1495.41386413574 1459.70318603516 1421.11045074463 1379.44974136353 1340.67616271973
1142.71628952026 1150.31331253052 1159.45262908936 1167.68630218506 1175.7435760498 1189.72672653198 1212.4642906189 1244.85416412354 1293.29530334473 1368.46189117432 1459.90508270264 1565.47091674805 1678.48583221436 1802.75915527344 1927.33410644531 2019.03610229492 2082.8851776123 2115.92989349365 2115.86167907715 2090.74210357666 2043.61627960205 1992.76260375977 1948.88383483887 1910.55615997314 1875.95046234131 1859.4419708252 1859.15577697754 1871.10665893555 1912.06332397461 1939.73261260986 1971.54890441895 1999.22370147705 2019.57852172852 2021.16939544678 1997.65464782715 1965.63503265381 1924.99057769775 1878.76373291016 1821.1071472168 1765.94258880615 1728.09381103516 1698.31953430176 1669.84953308105 1635.83515167236 1599.97132110596 1569.03569030762 1539.50614929199 1512.10725402832 1483.67660522461 1449.28452301025 1413.7112121582 1375.32992935181 1332.94202041626 1294.12696075439
1159.9189453125 1173.15991592407 1182.77610778809 1190.96196365356 1197.90338516235 1206.40099716187 1227.26830673218 1255.61045455933 1298.9849395752 1372.02542877197 1459.38540649414 1560.72023010254 1669.89764404297 1780.58379364014 1893.86521148682 1992.01206970215 2052.80317687988 2081.5700302124 2082.53199768066 2055.93870544434 2013.61164093018 1965.00961303711 1923.78948974609 1886.135597229 1853.11533355713 1837.02843475342 1835.97155761719 1853.74082946777 1882.19525909424 1925.15167999268 1956.03070068359 1986.66464233398 2005.13370513916 2000.04286193848 1986.21785736084 1958.93086242676 1917.85124969482 1861.50616455078 1798.66398620605 1749.13846588135 1707.01421356201 1668.64562225342 1629.54637145996 1587.5510635376 1549.95078277588 1517.22064208984 1487.61171722412 1457.30718231201 1428.57621765137 1397.71354675293 1359.66186904907 1321.11201477051 1278.36870956421 1234.23110580444
1192.8381690979 1206.30489349365 1215.93127441406 1221.18860244751 1224.13453674316 1227.65853500366 1242.13031005859 1267.4998664856 1305.83554077148 1373.00575256348 1454.22872161865 1549.48069000244 1655.05486297607 1759.79161834717 1856.53620910645 1944.72902679443 2010.29919433594 2040.71936035156 2040.17163085938 2015.13863372803 1976.58550262451 1929.9969329834 1882.04972076416 1846.11095428467 1822.32165527344 1809.99855041504 1805.8077545166 1816.63910675049 1840.11772155762 1872.22310638428 1912.81088256836 1944.32316589355 1964.20066833496 1966.93448638916 1956.24537658691 1924.13616943359 1873.23355102539 1813.094581604 1766.6382522583 1719.21238708496 1672.49515533447 1627.94059753418 1577.97210693359 1532.20705413818 1494.85279846191 1462.11846923828 1431.42044830322 1401.97979736328 1373.62762451172 1344.72398376465 1307.95987701416 1267.87898635864 1223.14045333862 1175.14939880371
1235.84220123291 1252.37449645996 1260.77381896973 1261.39725494385 1258.89769744873 1256.35181427002 1263.33489608765 1281.4055557251 1315.92143630981 1373.10786056519 1448.54590606689 1536.1096572876 1636.77972412109 1736.48434448242 1828.92955780029 1903.5821762085 1953.99187469482 1981.99583435059 1989.77885437012 1969.11017608643 1928.00995635986 1880.44506835938 1838.09376525879 1801.64939880371 1778.76746368408 1765.40969848633 1759.95832061768 1767.52843475342 1789.20923614502 1821.19446563721 1850.70232391357 1880.96411132812 1902.10948181152 1905.91703796387 1887.04967498779 1853.4700088501 1812.22397613525 1767.41469573975 1720.49584197998 1668.3995513916 1618.63249206543 1567.82389068604 1517.33704376221 1474.97689819336 1437.79180145264 1406.13219451904 1376.50879669189 1347.90128326416 1321.44603347778 1295.51024627686 1260.67902374268 1220.97903442383 1174.35657119751 1125.33048629761
1285.49712371826 1302.53813552856 1309.09449005127 1307.13065719604 1296.98178100586 1288.66315841675 1286.48768997192 1297.59656143188 1324.2283744812 1372.67035675049 1440.21194458008 1519.29246520996 1612.93359375 1711.53418731689 1799.49526977539 1870.92475891113 1918.3918762207 1944.87281036377 1940.64874267578 1916.64352416992 1879.06067657471 1832.05738830566 1787.77969360352 1748.45819854736 1722.32935333252 1707.78536224365 1704.78549957275 1714.73235321045 1733.04235076904 1760.26820373535 1789.3807144165 1812.54836273193 1830.07961273193 1832.74454498291 1818.63189697266 1789.23837280273 1749.18222808838 1703.06024932861 1654.7533416748 1602.04768371582 1546.96404266357 1499.39224243164 1458.26539611816 1418.55236816406 1384.06376647949 1354.35138702393 1326.78597259521 1301.2677230835 1277.26539611816 1251.3868522644 1217.11164855957 1178.2234992981 1136.26486587524 1084.92183685303
1340.27619552612 1358.16400146484 1362.52008056641 1353.41299438477 1336.11419296265 1320.04742050171 1307.99547958374 1310.74478149414 1329.60225296021 1365.6808013916 1421.34413909912 1499.0915222168 1587.0959777832 1680.47148895264 1767.87404632568 1835.72142791748 1883.08249664307 1905.65432739258 1906.97380065918 1884.47409057617 1843.28095245361 1792.81345367432 1743.04985046387 1700.9729385376 1670.14788818359 1649.16024017334 1642.79899597168 1647.64929199219 1664.49743652344 1689.71997833252 1719.48805236816 1747.70638275146 1763.5179977417 1763.9829864502 1747.84268188477 1717.8635559082 1676.13321685791 1627.61203765869 1580.20686340332 1526.29976654053 1475.64330291748 1434.3373336792 1398.77255630493 1366.10551071167 1337.51826477051 1312.61889648438 1290.75444412231 1269.01441574097 1246.83730697632 1219.25433731079 1183.71187973022 1149.74939727783 1104.5061340332 1051.13974761963
1395.59774780273 1410.37771987915 1409.11476135254 1392.80361938477 1370.47326278687 1346.81871795654 1327.92377090454 1319.49993515015 1332.7134437561 1359.00624847412 1403.70999908447 1470.55103302002 1555.21145629883 1641.83800506592 1723.2483215332 1791.04788208008 1838.58094024658 1863.3376159668 1864.3461151123 1841.17207336426 1800.93240356445 1750.08415985107 1698.93782806396 1654.09883117676 1617.80634307861 1591.90602874756 1581.93236541748 1586.3617477417 1604.09887695312 1624.82106018066 1653.96760559082 1677.96828460693 1691.54807281494 1688.76454925537 1671.50180053711 1642.00287628174 1600.34552001953 1553.88528442383 1504.3479309082 1454.36532592773 1412.30264663696 1374.55045318604 1342.82330322266 1316.32765579224 1292.6072769165 1274.4084854126 1259.33079528809 1247.1534576416 1231.44364929199 1204.43724441528 1172.88322067261 1134.42742538452 1086.14720535278 1030.15636444092
1444.64189147949 1455.41761779785 1447.78073120117 1425.40606689453 1397.77571105957 1367.40614700317 1340.97097015381 1326.25523376465 1327.27383041382 1346.30811691284 1385.76034545898 1440.54936981201 1510.16424560547 1588.41919708252 1666.74311828613 1730.71574401855 1780.55680084229 1805.36231994629 1805.07507324219 1787.33300018311 1753.03898620605 1704.03115844727 1653.71544647217 1607.0404510498 1569.06678771973 1540.97103118896 1526.3991394043 1526.20574951172 1536.02616119385 1559.33148193359 1584.83779144287 1604.73359680176 1614.71353149414 1610.76461029053 1593.54006195068 1562.11877441406 1516.18887329102 1472.81935882568 1429.30023956299 1389.2889289856 1351.44342041016 1321.59139251709 1294.97927856445 1274.19079589844 1257.64126586914 1248.72425460815 1242.56774902344 1236.40397262573 1223.57656097412 1204.4520072937 1177.15794372559 1136.7575340271 1087.29756546021 1030.00814819336
1487.657371521 1490.68203735352 1475.96076965332 1448.9236907959 1414.11868286133 1378.72971343994 1348.15614318848 1326.12636566162 1320.05871200562 1333.33876419067 1366.03232574463 1409.76136779785 1466.92123413086 1532.11722564697 1601.78462219238 1664.34774017334 1713.00891113281 1741.42881011963 1745.87448120117 1729.59499359131 1695.99465179443 1650.04734039307 1602.2554473877 1556.9909362793 1519.0785369873 1488.45540618896 1471.43723297119 1467.31252288818 1479.10921478271 1495.82541656494 1514.31614685059 1530.33172607422 1536.26593780518 1530.48439788818 1512.76131439209 1480.22756958008 1440.13481140137 1399.13248443604 1361.80635452271 1328.68353271484 1299.56398773193 1275.43573379517 1256.51131057739 1245.26173019409 1239.71021652222 1239.15205001831 1239.56555175781 1233.42144393921 1225.40096282959 1211.50340652466 1188.28824615479 1150.68902206421 1106.63802337646 1051.57708358765
1519.26389312744 1514.24462127686 1494.01776123047 1461.3910446167 1422.86402893066 1383.54754257202 1348.32772064209 1323.58059692383 1308.68775939941 1313.31510925293 1337.20556259155 1375.50254058838 1424.68592071533 1483.93476104736 1546.33667755127 1601.46034240723 1646.55237579346 1674.52838134766 1678.66701507568 1662.5369720459 1628.63652038574 1587.05179595947 1542.56954956055 1498.43518829346 1460.88867950439 1432.56390380859 1415.31494903564 1414.23320770264 1424.14389038086 1436.90343475342 1451.19930267334 1464.58071899414 1469.37873077393 1463.24181365967 1444.70139312744 1411.47049713135 1374.15186691284 1338.64210128784 1304.57958221436 1274.44896697998 1251.15244674683 1231.16851806641 1220.94395446777 1220.51055145264 1223.84716415405 1230.82637405396 1234.4670715332 1234.86185073853 1234.27500152588 1226.81956100464 1209.48113250732 1182.89656066895 1139.29103851318 1084.51870727539
1541.2783203125 1528.96222686768 1500.30768585205 1461.90727996826 1419.44156646729 1377.7077255249 1342.44324493408 1311.14604187012 1291.72291564941 1288.1545791626 1301.6212272644 1329.55993652344 1373.21340942383 1425.98258972168 1480.05567169189 1530.61837768555 1567.58297729492 1594.24578857422 1598.54927825928 1584.46976470947 1557.25276184082 1520.69866943359 1479.58811187744 1440.85181427002 1407.50012207031 1382.49359893799 1368.04515838623 1364.1703338623 1369.93154907227 1382.51362609863 1396.32897186279 1407.74131011963 1413.95124816895 1409.2434387207 1385.62029647827 1356.84008407593 1325.66679763794 1291.83087158203 1258.1227684021 1231.58864212036 1208.65558242798 1193.40406417847 1187.50249099731 1195.98374557495 1210.37198638916 1222.9532585144 1236.41341781616 1246.43022155762 1252.38653564453 1250.88296127319 1243.88312149048 1222.15528106689 1182.28380966187 1131.39836502075
1555.02743530273 1535.9563369751 1501.60185241699 1456.96751403809 1409.58239746094 1363.68453598022 1324.88160324097 1292.70139694214 1270.06209945679 1261.76057815552 1266.52227020264 1282.82711791992 1313.15642547607 1355.23115921021 1400.41901397705 1442.64609527588 1476.00793457031 1496.65691375732 1506.00247192383 1499.4609375 1480.85443878174 1451.63773345947 1417.43244934082 1382.16062927246 1351.06249237061 1331.13561248779 1319.33008956909 1315.00258255005 1319.89597702026 1332.07698059082 1344.87125778198 1356.02308273315 1359.16079330444 1349.18021774292 1335.20579528809 1315.0525970459 1287.22147369385 1254.85606765747 1223.19902420044 1198.14210128784 1177.92263412476 1164.26319122314 1164.19125366211 1174.99027252197 1195.95513916016 1219.99962615967 1241.23156738281 1258.28065109253 1270.89400100708 1281.83628463745 1279.60137557983 1264.65808486938 1231.97472381592 1186.88802337646
1556.09094238281 1529.94523620605 1492.49802398682 1444.68740844727 1394.3384552002 1351.1058921814 1307.80778884888 1271.04620742798 1244.81977462769 1229.93451309204 1228.66790771484 1234.32118606567 1253.83115768433 1283.0521774292 1317.52214431763 1350.37176513672 1379.00148773193 1398.19737243652 1410.10278320312 1410.30680847168 1401.22114562988 1380.86932373047 1355.89251708984 1328.5718536377 1301.93821334839 1278.45272064209 1265.24546432495 1258.9951133728 1266.69724655151 1277.91919708252 1287.98061752319 1296.21842575073 1300.69613647461 1298.57959747314 1290.32330703735 1275.40456390381 1252.80749511719 1224.2506942749 1194.37872314453 1169.64373779297 1148.51917266846 1135.21632003784 1138.21904373169 1151.05112075806 1176.62716293335 1207.23767471313 1235.5968208313 1261.21952819824 1285.51919555664 1304.56730651855 1311.58501052856 1306.09903335571 1282.29037475586 1243.48252868652
1557.40139007568 1525.84385681152 1481.68892669678 1430.91915893555 1380.40267181396 1336.78176116943 1291.51226043701 1249.58318328857 1217.89418792725 1196.33102416992 1185.08831787109 1184.36939239502 1193.9434967041 1212.30792617798 1235.96485137939 1261.64515686035 1285.8863067627 1303.91286849976 1316.81520843506 1324.86212921143 1322.52853775024 1312.06318283081 1296.7844619751 1277.5438079834 1256.15640258789 1235.80952072144 1220.91650772095 1214.25790786743 1217.17611694336 1223.98779296875 1232.73815917969 1243.1703414917 1250.2195854187 1250.59812164307 1246.10015487671 1233.64567947388 1214.92901611328 1190.66702651978 1163.72161483765 1137.59544372559 1116.56873321533 1105.3744430542 1109.34619140625 1123.99572372437 1147.49987792969 1179.18824386597 1214.2459487915 1248.29375457764 1285.60995483398 1313.94246292114 1331.19453430176 1336.40480422974 1322.96723556519 1291.66718673706
1554.21924591064 1521.56818389893 1477.55267333984 1426.77942657471 1373.01993560791 1324.48239135742 1274.78617858887 1229.05679321289 1189.89451980591 1160.47788619995 1139.70366287231 1131.46710968018 1133.38638305664 1141.74473571777 1158.43088150024 1179.62497711182 1200.95468139648 1223.38665771484 1239.66107177734 1253.28025817871 1258.36721801758 1256.64741897583 1251.1524887085 1237.62128829956 1221.50277328491 1205.9690284729 1193.22107315063 1182.22758483887 1176.62075042725 1178.15790939331 1182.2967300415 1190.5835609436 1196.57787704468 1199.50180053711 1198.14584732056 1190.59971618652 1177.33543014526 1158.58903884888 1135.279712677 1108.52835083008 1085.98600006104 1073.91077804565 1073.25433349609 1085.2831993103 1106.56580352783 1137.38182830811 1176.96524429321 1218.92211914062 1265.05791091919 1304.71575546265 1333.25386428833 1348.28253936768 1349.96747207642 1331.76927566528
1550.71880340576 1515.87293243408 1475.23692321777 1427.00152587891 1371.23866271973 1317.79074859619 1261.46823120117 1209.53778457642 1163.88195419312 1123.44737243652 1096.2519493103 1078.21031188965 1074.51655197144 1078.67524719238 1090.62258911133 1110.56957244873 1134.49544525146 1159.05048370361 1180.42477035522 1200.15837860107 1215.27756500244 1221.9253692627 1222.20302581787 1214.89930343628 1202.73613739014 1188.42108917236 1172.28945922852 1155.58451080322 1141.81199264526 1134.40371322632 1133.1268157959 1137.14602661133 1141.09748840332 1145.2096786499 1147.65654754639 1147.17297744751 1140.7688293457 1126.83963775635 1103.4647102356 1075.43726348877 1053.80884552002 1038.48746871948 1032.61417770386 1039.56647109985 1057.46499633789 1087.18948745728 1127.66358184814 1176.38152313232 1230.91245269775 1280.26052093506 1319.46457672119 1347.49480438232 1360.32794189453 1349.06085586548
