PREC/medie/CUMULATA_MEDIA_ANNUA.asc
NCOLS 177 
NROWS 174 
XLLCORNER 1436301.375 
YLLCORNER 4916704.5 
CELLSIZE 1500 
NODATA_value -9999 
[rows 20 to 39 of 174, columns 0 to 45 of 177]
-9999 -9999 -9999 -9999 -9999 -9999 -9999 1345.00933837891 1380.31791687012 1415.63684463501 1450.96659851074 1470.180519104 1487.71929931641 1505.45195007324 1528.84741973877 1554.91941833496 1580.42331695557 1603.54823303223 1623.79296875 1643.56364440918 1658.61402130127 1657.50198364258 1655.96118927002 1654.14292144775 1650.93719482422 1647.01341247559 1641.93190765381 1618.41703796387 1589.29432678223 1559.68000793457 1524.34786224365 1484.20807647705 1446.16735839844 1415.62284088135 1400.94839477539 1386.56900024414 1372.05713653564 1354.89539337158 1338.40438461304 1322.65606307983 1346.73408508301 1377.03312683105 1406.9055480957 1438.68659210205 1471.58281707764 1505.43682098389
-9999 -9999 -9999 -9999 -9999 -9999 -9999 1345.18346786499 1378.06621170044 1410.94968414307 1443.83617401123 1467.35498046875 1489.94344329834 1512.5760345459 1538.10890197754 1564.96457672119 1591.42152404785 1614.29465484619 1632.92560577393 1651.06932067871 1665.18083953857 1665.94409942627 1666.13561248779 1665.96111297607 1661.36754608154 1655.97796630859 1649.32009887695 1624.32344055176 1593.92405700684 1563.34371185303 1525.60541534424 1481.92060852051 1440.35192871094 1406.88887023926 1390.44567871094 1374.36447906494 1358.5983581543 1344.45559310913 1330.97525024414 1318.22518539429 1343.79666137695 1375.29725646973 1406.32669067383 1436.89389038086 1467.21891021729 1498.65200042725
-9999 -9999 -9999 -9999 -9999 -9999 1339.51689910889 1345.0866394043 1375.64228439331 1406.14350128174 1436.60222244263 1464.55673980713 1492.20320892334 1519.74760437012 1547.37239074707 1575.01963043213 1602.34223937988 1624.84654998779 1641.78155517578 1658.25708007812 1671.43450164795 1674.0386428833 1676.02304077148 1677.57897186279 1671.72212982178 1664.98210144043 1656.86270904541 1630.49918365479 1598.90898132324 1567.30239105225 1527.08335113525 1479.79640960693 1434.73707580566 1398.4068069458 1380.23725128174 1362.4231338501 1345.355052948 1334.16780471802 1323.61143875122 1313.74759674072 1340.69909667969 1373.34492492676 1405.63868713379 1435.1011505127 1462.96026611328 1491.9026184082
-9999 -9999 -9999 -9999 -9999 -9999 1339.10831451416 1344.80977630615 1373.09258651733 1401.24084472656 1429.2816696167 1461.79782867432 1494.5064163208 1526.97113037109 1556.63961791992 1585.08327484131 1613.19416046143 1635.21858978271 1650.37754058838 1665.14095306396 1677.38348388672 1681.78736877441 1685.62093353271 1688.99720001221 1681.99911499023 1674.0311050415 1664.5760269165 1636.97498321533 1604.29251098633 1571.59664916992 1528.81758117676 1477.86492919922 1429.36156463623 1390.22573852539 1370.3829574585 1350.80016708374 1332.37113189697 1324.06368255615 1316.32601928711 1309.21123886108 1337.40340423584 1371.12505722046 1404.81575775146 1433.30795288086 1458.83097076416 1485.19619750977
-9999 -9999 -9999 -9999 1336.98588562012 1336.88179016113 1338.30667114258 1345.42921829224 1378.97692871094 1412.1727104187 1445.06974029541 1483.26804351807 1521.60471343994 1559.55284881592 1590.27199554443 1617.97755432129 1645.36962890625 1666.33293151855 1680.20056152344 1693.73475646973 1704.50217437744 1706.90082550049 1708.83020782471 1710.33400726318 1701.33911132812 1691.29718017578 1679.67286682129 1648.2392578125 1611.40897369385 1574.5948638916 1529.00921630859 1476.37786865234 1426.40526580811 1386.04865264893 1365.30355072021 1344.72010803223 1325.6509475708 1320.35835266113 1315.57560348511 1311.34815216064 1336.31743621826 1365.94300079346 1395.86064147949 1428.0040435791 1461.44332122803 1495.49872589111
-9999 -9999 -9999 -9999 1333.26909637451 1335.54020309448 1337.62995529175 1346.21688461304 1385.68111419678 1424.6845703125 1463.3122177124 1507.50997924805 1551.74783325195 1595.46991729736 1627.23887634277 1654.18781280518 1680.82434844971 1700.81350708008 1713.64866638184 1726.22334289551 1735.57223510742 1735.38311767578 1734.7971496582 1733.78938293457 1722.71647644043 1710.52472686768 1696.67253875732 1660.8952255249 1619.25651550293 1577.53520202637 1529.05244445801 1475.20370483398 1424.21868133545 1383.00929260254 1361.52350616455 1340.1720199585 1320.71955871582 1318.52747344971 1316.76736450195 1315.4766960144 1335.97124862671 1360.0486907959 1384.7262802124 1421.80481719971 1466.02294921875 1510.60667419434
-9999 -9999 -9999 -9999 1332.7759475708 1334.70641708374 1336.91479492188 1347.11390686035 1392.54196166992 1437.32764434814 1481.60870361328 1531.73069763184 1581.79920959473 1631.25208282471 1663.9367980957 1690.09166717529 1715.96907043457 1734.97705078125 1746.77632904053 1758.42315673828 1766.37191772461 1763.63260650635 1760.68314361572 1757.38344573975 1744.4507522583 1730.44588470459 1714.87770843506 1675.2540512085 1629.19114685059 1582.3147277832 1530.706199646 1475.38549041748 1422.98610687256 1380.51097869873 1357.86797714233 1335.82502746582 1316.27647018433 1317.45951843262 1318.87689590454 1320.54943466187 1336.58693313599 1355.11421203613 1374.45245361328 1416.35871887207 1471.2469329834 1526.1788482666
-9999 -9999 -9999 -9999 1262.46802139282 1291.62594985962 1321.46288299561 1355.74948501587 1408.19806671143 1459.78810119629 1510.72171783447 1564.65424346924 1618.36159515381 1671.41361999512 1703.00215911865 1726.55078125 1749.90071868896 1766.93163299561 1777.46760559082 1787.96518707275 1794.97340393066 1792.09456634521 1789.1460647583 1785.90489196777 1774.43880462646 1761.89105987549 1747.82372283936 1707.0883102417 1659.20867919922 1609.76133728027 1553.83281707764 1492.95069885254 1435.10350799561 1388.87892150879 1365.62689208984 1343.44388961792 1323.99699401855 1325.45707321167 1326.97469329834 1328.55095291138 1344.59564590454 1363.19493484497 1382.81663894653 1427.75290679932 1487.24779510498 1546.45686340332
-9999 -9999 -9999 -9999 1263.88496780396 1296.52781677246 1330.3293762207 1369.65223312378 1430.04038238525 1489.37838745117 1547.94149017334 1604.24732208252 1660.06151580811 1715.12526702881 1744.0193939209 1763.4539642334 1782.72357177734 1796.87261962891 1805.88479614258 1814.96949768066 1821.47101593018 1820.8049621582 1820.26180267334 1819.57711791992 1813.17668151855 1805.74382019043 1796.88600921631 1758.30849456787 1711.81929016113 1663.04456329346 1601.67330932617 1530.74922943115 1462.91812133789 1410.17428588867 1387.07975006104 1365.52444458008 1346.49314117432 1344.52583694458 1342.41680908203 1340.1541519165 1361.75 1387.38730239868 1414.25720596313 1459.9934387207 1516.57736968994 1572.55331420898
-9999 -9999 1245.25819396973 1247.41356658936 1265.00501251221 1301.89767456055 1339.58059692383 1383.73844528198 1451.80107879639 1518.78305053711 1584.98863983154 1643.59693145752 1701.56781005859 1758.76049041748 1784.99102783203 1800.43329620361 1815.77571105957 1827.22523498535 1834.86122131348 1842.59606933594 1848.68056488037 1850.27555847168 1852.11702728271 1853.95205688477 1852.5562210083 1850.28216552734 1846.81716918945 1810.55227661133 1765.74299621582 1718.4239654541 1652.32398223877 1572.13570404053 1494.45783233643 1435.34601593018 1412.51084136963 1391.04633331299 1371.6323928833 1365.45791625977 1359.4119682312 1353.49683380127 1380.84121704102 1413.56282806396 1447.32444763184 1493.50958251953 1546.83518981934 1599.40307617188
-9999 1197.54662704468 1216.1356086731 1236.01839828491 1265.95086288452 1307.89233016968 1350.35716629028 1399.82859802246 1474.33239746094 1547.81087493896 1620.59408569336 1679.82453155518 1738.45649719238 1796.39326477051 1820.29259490967 1832.70140838623 1845.02635192871 1854.58837890625 1861.51222991943 1868.51042938232 1874.64916992188 1878.54899597168 1882.80513763428 1887.18208312988 1890.35021972656 1892.84478759766 1894.43360900879 1861.49035644531 1819.68786621094 1775.21539306641 1706.6181640625 1620.07398986816 1535.18625640869 1471.26942443848 1448.2021484375 1426.19102478027 1405.68173980713 1394.44946670532 1383.7720413208 1373.669506073 1404.58211135864 1441.92984008789 1480.02539825439 1526.02763366699 1576.56993865967 1626.25656890869
-9999 1196.12342834473 1213.33557510376 1232.46090698242 1265.70555114746 1315.23165893555 1365.07420349121 1421.20838928223 1498.86794281006 1575.48123931885 1651.40814971924 1705.65284729004 1759.30937194824 1812.25380706787 1834.41701507568 1846.58325195312 1858.73566436768 1868.99739074707 1877.49350738525 1886.07724761963 1893.95882415771 1900.05606842041 1906.62228393555 1913.3353729248 1918.44029998779 1923.05560302734 1927.0245513916 1902.97819519043 1871.74527740479 1837.74448394775 1780.62767791748 1706.52958679199 1633.3356628418 1576.31085968018 1550.51696014404 1525.43248748779 1501.10502624512 1480.7523727417 1461.35479736328 1442.95018005371 1460.24383544922 1483.03711700439 1506.27213287354 1547.92784118652 1600.18134307861 1651.47779083252
1182.17364501953 1194.60052108765 1211.13171386719 1229.32674407959 1265.87166595459 1322.81552124023 1380.0006942749 1442.71809387207 1523.52786254883 1603.25597381592 1682.2982635498 1731.40628051758 1780.09650421143 1828.11077880859 1848.66373443604 1860.64976501465 1872.71517944336 1883.7816696167 1893.93076324463 1904.09381866455 1913.70988464355 1921.98984527588 1930.61614227295 1939.29920196533 1945.98574066162 1952.37814331055 1958.38715362549 1942.96364593506 1922.00881958008 1898.36958312988 1852.63527679443 1790.87306213379 1729.68055725098 1679.80842590332 1651.61536407471 1623.75838470459 1595.88711547852 1566.70654296875 1538.59898376465 1511.60564422607 1514.98830413818 1523.04834747314 1531.55226135254 1568.98218536377 1623.06758117676 1676.1056137085
1181.7310256958 1193.65126037598 1209.24739074707 1226.42705154419 1266.33779907227 1330.60015869141 1395.10852813721 1464.33293151855 1548.29051971436 1631.11965179443 1713.00493621826 1757.08417510986 1800.81761169434 1843.95304870605 1863.01409912109 1874.8773651123 1886.9359664917 1898.9107208252 1910.7960357666 1922.54022979736 1933.89219665527 1944.34870147705 1954.78374481201 1965.06089019775 1972.95050048828 1980.74075317383 1988.40325164795 1981.27149963379 1970.24546051025 1956.81478118896 1922.3212890625 1872.7400894165 1823.89042663574 1781.47332763672 1751.25815582275 1720.98115539551 1689.89608764648 1652.24011230469 1615.42978668213 1579.49217224121 1568.60165405273 1561.70420074463 1555.63481903076 1588.98919677734 1645.05742645264 1700.00177001953
1188.54351043701 1202.16101837158 1220.41165542603 1240.0959815979 1281.36022949219 1345.04364013672 1409.12797546387 1478.62725830078 1563.91246032715 1648.0532913208 1730.94086456299 1773.91324615479 1816.50978088379 1858.52130889893 1877.74599456787 1890.45012664795 1903.44921875 1916.96823120117 1930.92311096191 1944.57593536377 1957.26625061035 1967.80896759033 1977.98278045654 1987.67403411865 1992.57120513916 1997.61072540283 2002.81367492676 1995.72232818604 1985.47988891602 1973.17929077148 1944.11896514893 1903.18000030518 1863.14450836182 1827.83100128174 1801.34415435791 1774.35236358643 1745.93175506592 1707.49326324463 1669.63858795166 1632.39012145996 1614.22889709473 1599.28590393066 1585.54987335205 1610.26019287109 1657.12200164795 1702.76623535156
1195.59794616699 1211.14424514771 1232.24956893921 1254.58211517334 1297.10453033447 1359.82695007324 1422.96663665771 1492.21981048584 1578.53134155273 1663.75833129883 1747.42239379883 1789.69171142578 1831.60109710693 1872.97220611572 1892.63005828857 1906.33840179443 1920.38261413574 1935.52759552002 1951.58350372314 1967.20359802246 1981.13809967041 1991.35504150391 2000.83303070068 2009.43388366699 2010.3893661499 2011.67651367188 2013.35972595215 2004.22344970703 1992.38526916504 1978.80211639404 1953.56058502197 1920.14894866943 1887.74369049072 1859.18699645996 1837.74556732178 1815.44758605957 1791.20943450928 1754.05804443359 1717.27005767822 1680.85834503174 1657.414894104 1636.40032958984 1616.94518280029 1631.72354125977 1666.23094177246 1699.469581604
1203.12676239014 1220.79644012451 1244.81843566895 1269.57276153564 1313.05268096924 1374.57657623291 1436.54365539551 1505.35278320312 1592.45279693604 1678.8444519043 1763.50852966309 1805.33362579346 1846.76140594482 1887.61390686035 1907.8515625 1922.63182067871 1937.50331115723 1954.06578826904 1971.99749755859 1989.4568939209 2004.49047851562 2014.2610168457 2022.95527648926 2030.3713684082 2027.32053375244 2024.71689605713 2022.64342498779 2011.23725128174 1997.62940216064 1982.82718658447 1961.52102661133 1935.69779968262 1910.56917572021 1888.39038848877 1871.62703704834 1854.01685333252 1834.08087921143 1798.34878540039 1762.83631896973 1727.55068969727 1699.10850524902 1672.23645782471 1647.03879547119 1651.86553192139 1674.00208282471 1695.01852416992
1225.33783721924 1244.4222946167 1269.31185913086 1294.51026916504 1335.85931396484 1392.25035858154 1449.22536468506 1514.3969039917 1600.38066864014 1686.09503173828 1770.15319061279 1815.58057403564 1860.46421813965 1904.6340637207 1927.21446990967 1944.25835418701 1961.12453460693 1978.54766845703 1996.45458984375 2013.89567565918 2028.11393737793 2035.43171691895 2041.3715057373 2045.84276580811 2039.45596313477 2033.62036132812 2028.43421936035 2014.63980102539 1998.98566436768 1982.68531799316 1963.66967773438 1942.79345703125 1922.32515716553 1903.88550567627 1889.12886047363 1873.54993438721 1855.51001739502 1820.73067474365 1786.01753997803 1751.37273406982 1720.76902008057 1691.35012817383 1663.70757293701 1662.71206665039 1677.08949279785 1690.5032043457
1255.09546661377 1275.46500396729 1300.4087677002 1325.18868255615 1362.70240020752 1411.65990447998 1461.22794342041 1520.63634490967 1604.07323455811 1687.63617706299 1769.81909179688 1821.74380493164 1873.08531188965 1923.67846679688 1950.09513092041 1970.52908325195 1990.54869842529 2008.41695404053 2024.65702056885 2040.39373779297 2051.96960449219 2054.83994293213 2055.98551177979 2055.65167999268 2046.53350830078 2038.08631134033 2030.41830444336 2014.0336151123 1995.96398162842 1977.78872680664 1959.07557678223 1939.98695373535 1920.99131774902 1903.02820587158 1886.93377685547 1870.02693939209 1850.81835174561 1816.27822875977 1781.65934753418 1746.96094512939 1717.64495849609 1689.74198150635 1663.72989654541 1662.03308868408 1674.37054443359 1685.8932723999
1284.57103729248 1305.79225921631 1330.55647277832 1355.33668518066 1389.29493713379 1431.22492218018 1473.29075622559 1526.88131713867 1607.6333770752 1688.88444519043 1769.14070892334 1827.37760162354 1885.04904937744 1942.01248168945 1972.17225646973 1995.944480896 2019.08044433594 2037.29794311523 2051.83711242676 2065.69799804688 2074.42527008057 2072.674949646 2069.29975128174 2064.64200592041 2053.24684906006 2042.27407836914 2031.78802490234 2012.47939300537 1991.79769134521 1971.99633789062 1953.85372161865 1936.79552459717 1919.48303222656 1902.19425201416 1884.97255706787 1866.69589233398 1846.19253540039 1811.76065826416 1777.23344421387 1742.60960388184 1714.71085357666 1688.39234161377 1663.90793609619 1661.40884399414 1671.60778045654 1681.33603668213
