PREC/medie/CUMULATA_MEDIA_01.asc
NCOLS 177 
NROWS 174 
XLLCORNER 1436301.375 
YLLCORNER 4916704.5 
CELLSIZE 1500 
NODATA_value -9999 
[rows 24 to 47 of 174, columns 54 to 107 of 177]
-9999 -9999 47.7660263005425 50.762119903284 53.4354113901363 55.2660341613433 55.8633733637193 54.8764314230751 52.1336012728074 48.06881497888 42.8980418373557 37.400491770576 32.3144301246194 -9999 -9999 -9999 -9999 -9999 -9999 -9999 -9999 -9999 -9999 -9999 -9999 -9999 -9999 -9999 -9999 -9999 -9999 -9999 -9999 -9999 -9999 -9999 -9999 -9999 -9999 -9999 -9999 -9999 -9999 -9999 -9999 -9999 -9999 -9999 25.032846254461 28.7699174880981 33.1813116634593 37.9326390378615 43.0663990693934 47.6390861342935
-9999 -9999 -9999 55.8597379221636 58.7751961665995 60.8460797422072 61.6648903734544 60.7057647214216 57.9176613022299 53.7750269384945 48.5675920318155 42.6156824757071 37.1484878624187 -9999 -9999 -9999 -9999 -9999 -9999 -9999 -9999 -9999 -9999 -9999 -9999 -9999 -9999 -9999 -9999 -9999 -9999 -9999 -9999 -9999 -9999 -9999 -9999 -9999 -9999 -9999 -9999 -9999 -9999 -9999 -9999 -9999 -9999 -9999 25.5126433232251 29.1098728460424 33.2836346626282 37.6775737650254 42.2402036891264 46.4987897592432
-9999 -9999 -9999 59.6909296161988 63.2956071601195 65.8552646286347 66.8194799072602 65.9449396273669 63.1090449445388 59.0391191174002 53.9424842385685 48.1247471360599 42.551984871135 -9999 -9999 -9999 -9999 -9999 -9999 -9999 -9999 -9999 -9999 -9999 -9999 -9999 -9999 -9999 -9999 -9999 -9999 -9999 -9999 -9999 -9999 -9999 -9999 -9999 -9999 -9999 -9999 -9999 -9999 -9999 -9999 -9999 21.4852811168222 23.4634485945982 26.1377509481767 29.5959857632132 33.5267337350284 37.8853133706486 41.9287527028252 45.713698387146
-9999 -9999 -9999 62.3836743410896 66.3848735584932 69.2296067756765 70.4447135925293 69.7681010891409 67.4203464143417 63.8870047541226 58.9868905123542 53.3796351236456 47.6935887336731 42.3491837838117 -9999 -9999 -9999 -9999 -9999 -9999 -9999 -9999 -9999 -9999 -9999 -9999 -9999 -9999 -9999 -9999 -9999 -9999 -9999 40.3349340102252 38.7358296618742 36.5086488443262 34.0509569224189 31.3820238393896 28.8493755845463 -9999 -9999 -9999 -9999 -9999 -9999 -9999 22.7772754430771 24.7091488207088 27.2275325550753 30.4697074890137 34.0692534025978 38.2313546573415 42.039279867621 45.2382490775164
-9999 -9999 -9999 63.2715244152967 68.21253815118 71.610903599683 73.1880604379317 72.860912435195 70.9849980578703 67.7194167866426 62.8961652026457 57.816299943363 52.2670887217802 47.0365970835966 42.3635455019334 -9999 -9999 -9999 -9999 -9999 -9999 -9999 -9999 -9999 -9999 -9999 -9999 -9999 -9999 -9999 -9999 45.4209494310267 45.881408663357 45.2961859422572 43.7600737459519 41.4453282917247 38.6793773314532 35.7431612575755 32.7402789172004 29.9338072328007 -9999 -9999 -9999 -9999 -9999 23.0049404677223 24.2362452500007 26.2143999127781 28.7094637506148 31.6578347542707 35.1720045664731 39.1604260556838 42.7764317007626 45.7110921635347
-9999 -9999 -9999 -9999 67.3027994211982 71.3686748392442 73.4366088895237 73.9485607287463 72.4975265895619 69.8323649799123 65.7891994223875 60.885839658625 56.1784956875969 51.6042837535634 47.0109500324025 43.0163178163416 -9999 -9999 -9999 -9999 -9999 -9999 -9999 -9999 -9999 -9999 36.4452455043793 38.7598631381989 42.020392445957 45.067234768587 48.4771168933195 50.5598051407758 51.5025341370526 51.2501649295583 49.7672809713027 47.360268536736 44.1846001007978 40.8670071994557 37.3952016830444 33.9665612052469 -9999 -9999 -9999 -9999 -9999 24.2098487405216 25.5753307693145 27.5364313967088 30.2978947372997 33.591356642106 37.2162699909771 40.8631735058392 44.1654490232468 46.6589299300138
-9999 -9999 -9999 -9999 65.4453773638781 69.503053819432 71.9276863546933 72.8142383659587 72.0228555763469 70.0372918353361 66.8617477416992 62.7926126788644 58.8494116278256 54.9005054866566 50.6814898042118 46.7079340710359 -9999 -9999 -9999 -9999 -9999 -9999 -9999 -9999 -9999 36.4807567876928 38.8597818402683 41.7635208298178 45.5739041216233 49.511883651509 53.3401386597577 56.094833093531 57.5723893782672 57.6824436187744 56.4828696531408 53.8572634528665 50.5750285877901 46.7236758961397 42.6695640227374 38.4454698562622 -9999 -9999 -9999 -9999 -9999 25.8556032426217 27.1709609908216 29.2890807039597 32.0974100933355 35.5675307266852 39.3126208712073 42.8764291510862 45.7936968382667 48.2163151642855
-9999 -9999 -9999 57.3355881186093 62.7978150844574 67.2540211256813 70.2261151496102 71.486148371416 71.2488335160648 69.8054468771991 67.1097641271703 63.7338731709649 60.0460615999558 56.7556301846224 53.0832352638245 49.7101483625524 46.600845561308 -9999 -9999 -9999 -9999 -9999 -9999 -9999 -9999 38.5674377329209 41.3018441761241 44.6603410664727 49.171284310958 54.0177118076998 58.1992934170891 61.6270295311423 63.7075849981869 64.2829423231237 63.18740642772 60.8460800507489 57.3452349270091 52.9946317672729 48.1868366353652 43.2469309919021 38.3319439607508 -9999 -9999 -9999 -9999 -9999 29.0586970308248 31.3798832122017 34.3202523098272 37.9896024430499 41.7471188096439 45.2161908570458 48.0800635849728 49.9881734357161
-9999 -9999 -9999 53.6632442053627 59.2122093579348 63.8697468953974 67.2493398329791 69.0649723585914 69.1796944141388 68.3030500131495 66.0912302802591 63.4048989239861 60.5751886367798 57.4729363217073 54.6766483362983 51.8758940416224 49.6987505520091 47.3068549177226 45.1706258041017 -9999 -9999 -9999 -9999 -9999 -9999 40.7648480779984 43.6145867179422 47.4576151511248 52.9784267088946 58.0931255677167 62.7258384367999 66.7910306593951 69.3169054704554 70.4593802059398 69.8328369365019 67.4029963437249 63.6364862778608 58.9344635009766 53.6122332180248 48.0446587450364 42.2264977623435 -9999 -9999 -9999 -9999 -9999 31.1602821350098 33.6796361453393 36.9837804156191 40.6391567289829 44.4333257938133 47.6420313645812 50.2056974908885 52.0045367128709
-9999 -9999 45.0839438368292 50.7039677115048 56.0017850749633 60.6892394739039 64.1302565266104 66.1026642883525 66.7607644866495 66.0355437222649 64.6394396669724 62.6217126285329 60.0409246332505 57.7689322303323 55.3131470680237 53.9220864211812 51.9085440635681 50.2862330157967 48.7587456001955 47.2693645621047 45.9099238900577 44.6484710504027 43.4447501477073 42.3212497935576 42.6627509032979 43.6260977352367 46.2934617715723 50.3328501757453 56.192988171297 61.5978901246015 66.4247432035558 70.9762226553524 74.0633227965411 75.5130279204425 75.0879999609555 72.8637097302605 69.0801489773919 64.1295495874741 58.3510215983671 52.2277588844299 45.611921450671 -9999 -9999 -9999 -9999 -9999 -9999 36.4024031916085 39.8383578482796 43.6100288243855 47.1249638147214 50.1221803637112 52.5871938291718 54.2445866991492
-9999 -9999 43.0799083148732 48.579845456516 53.689451953944 58.1012008891386 61.3863437736736 63.3101097836214 63.8763956182143 63.7058370814604 62.8800832804512 61.2923709364498 59.4195498859181 57.5583852319156 56.3456547681023 54.9527278507457 53.79160527622 52.7444960404845 51.9504731630578 51.0447953904376 49.6323702335358 48.3162542055635 46.892945766449 45.9226110402276 45.918376936632 46.7804671455832 49.0282944510965 53.3399459614473 59.3190577450921 64.6667517493753 69.7224424586577 74.5207122914931 77.6465081046609 79.1589363883523 78.8180918974035 76.5683980268591 72.6024232191198 67.6544758291806 61.7345569274005 55.2916493696325 47.6303680924808 40.8622636093813 36.7822550605325 -9999 -9999 -9999 -9999 -9999 42.8382057354731 46.5684989375227 50.0165829886408 52.7099717084099 54.9088961937848 56.4298583759981
-9999 37.0185826245476 42.2212912405238 47.650236585561 52.6408006583943 56.7671553387361 59.7014582297381 61.5332376255709 62.0690592878005 61.7099083732156 61.0959681062137 60.3022593610427 58.8407297134399 57.3520827293396 57.0114986756269 56.094702762716 55.3097902326023 54.7550647539251 54.304001008763 53.9099226979648 52.8073601687656 51.4604570479954 49.9926389455795 49.0595961318297 48.9626352226033 49.8581589530496 51.5633823450874 55.5466789357802 61.526076485129 67.5517022749957 72.7262200748219 77.3501798966352 80.4253248326919 81.6578217674704 81.0467332391178 78.4747475455789 74.5429267322316 69.5582347196691 63.6724329555736 57.2000287560856 49.0563949416665 42.5908578003154 38.4953522822436 36.1436689601225 -9999 -9999 -9999 -9999 -9999 49.605593807557 52.838747471571 55.4401223379023 57.3441834590014 58.6184309405439
-9999 37.3087069918128 42.5277480658363 47.7598741335027 52.4889895074508 56.3843192773707 59.1188155342551 60.5281215555528 61.171068724464 61.0188159942627 60.4088091289296 59.2748302852406 58.3971765181598 57.4901088265812 57.5310900071088 56.9859474827262 56.5672943592072 56.6068477911108 56.3594692524742 56.0341412109487 55.2159386873245 53.9899123766843 52.5254992456997 51.3917239904404 51.5281394790201 52.6039082863752 54.2491384394029 57.9968437868006 63.8405775182387 70.3300659516278 75.2714862823486 79.3134113760556 82.2876992506139 83.0447133569156 81.9323637345258 79.0659214468563 74.9063795314116 69.9966810450834 64.1158905029297 57.5086365868064 49.8553441412309 44.0291547635022 39.9405645342434 38.2525578947628 -9999 -9999 -9999 -9999 49.5103575692457 52.6221600858604 55.4516582646791 57.6633708582205 59.3325130764176 60.3471357717234
-9999 38.5129457081065 43.9852419039782 49.0993170036989 53.4699022629682 56.8449734800002 59.2548285933102 60.4980113927056 60.8149518686182 60.6858594557818 60.1409719411065 59.268440583173 58.1361195620369 57.6224499590257 57.7258924035465 57.5855664505678 57.5985059878405 57.7250013070948 57.766790600384 57.6765682066188 57.1501494786319 56.0719861984253 54.9018566468183 53.909175676458 53.4435840354246 54.8700478778166 56.3850587957046 60.0043979532578 65.5042304992676 71.6893020517686 77.0041705299826 80.840965831981 83.4412704355576 83.8119308808271 82.1882079629337 78.8455064997953 74.3385087742525 69.2501216776231 63.1596388536341 55.9519606898813 49.9476419196409 44.6914690803079 41.5780728213927 40.682499117711 -9999 -9999 -9999 50.0629697705016 53.5217927992344 56.5747520835961 58.9886839267086 60.4063795980285 61.7987145676332 62.6876770468319
35.8816547463922 40.9083099014619 46.2148316607756 51.3272179575527 55.5637027095346 58.6576554915484 60.5472681943108 61.3926540262559 61.5385249362272 61.1781916337855 60.5904840020572 59.7080305323881 58.8510423267589 58.3026712641997 58.6354372080635 58.3762375887703 58.4111938476562 58.424565076828 58.6575313140364 58.7049738764763 58.3484252025099 57.6524832108442 56.4986412945916 55.5448940852109 55.0576473544626 56.2389965337865 58.1211723720326 61.6889699487125 66.4001635102665 72.2752295662375 77.6124069550458 81.7990582410027 83.8467022951912 84.0139616236967 81.9841972799862 78.290994756362 73.4138465769151 68.0724387729869 61.0475290242363 55.3187501150019 49.6893067219678 45.7016456898521 43.686064273119 43.3678087732371 45.0929803743082 47.8977350399775 50.9292647593162 54.1066965881516 57.1661331671126 59.8942748185466 62.4893654321923 64.141239937614 64.0862387699239 64.5325998032794
39.2265037929311 44.3042032999151 49.5908505776349 54.3962725050309 58.2216907950009 60.898055525387 62.2569740519804 62.6528879053452 62.4099774360657 61.9210767184987 61.3195889977848 60.6317758560181 59.5619389590095 58.9464492797852 59.422352734734 59.3458394443288 59.381229316487 59.2637881689212 59.4797158346457 59.5604431874612 59.215984989615 58.4070529236513 57.4111771723803 56.5544338086072 56.2702558040619 57.3694410744835 59.4099001042983 62.9868879879222 67.4067494448494 72.91091447718 78.2848137687234 82.0607965693754 84.1592712963329 84.2888381060432 81.7898018500384 77.3712417658638 72.0457603510688 65.7849322487326 59.6826835099389 54.1693160674151 49.8836816829794 47.1107083348667 46.1126540986931 46.6777579048101 48.880479090354 51.4767764438601 54.498373455861 57.5343960330767 60.3117053947028 62.653437211233 64.6036300133256 66.2471662426696 66.8798728620305 65.9708980777684
43.0569598604651 48.1989291836234 53.2589801199296 57.7267298978918 61.2785517748664 63.4604553334853 64.2603297514074 64.1965296408709 63.6360874456518 62.8444158049191 62.0525386193219 61.3027905295877 60.35864647697 59.6205364956575 59.9764614946702 60.1227843340705 60.0577153879053 59.8369042382521 59.8350361024632 59.7927901814966 59.5208187664256 58.9236628167769 58.0283639431 57.1850059523302 56.9429121718687 57.6186714452856 60.1272955782273 63.9632389966179 68.1528907383189 73.4054055213928 78.5222541304196 82.7645455528708 84.734160787919 83.9702064570259 81.0632335999433 76.3334741592407 70.291669957778 64.3072022830739 58.3343361195396 53.8174425083048 50.7696070302935 48.951427621 48.6977991505581 49.996878592407 52.0388461719541 54.9073045367704 57.9471918835359 60.8800276675645 63.3011691237197 65.1518202634419 66.539784126422 67.5627964401946 68.1536361084265 67.7480927302557
47.0134705725838 52.0498057393467 56.793468952179 60.9278375120724 63.9890586348141 65.8655350068036 66.3437025967766 65.7885464219486 64.6958192937514 63.6365974370171 62.7164102442124 61.8657001888051 61.1895095320309 60.6542510144851 60.1775691929985 60.3913064143237 60.2827695608139 60.2842086343204 60.0634276446174 59.9911115590264 59.705292021527 59.2171383605284 58.5660820778678 57.6135175859227 57.1910536219092 58.1233553605921 60.1324867781471 64.3275798208573 68.422989172094 73.350994124132 78.5211357369142 82.8244579820072 84.9403464653913 83.994455351549 80.4063755624435 74.7853050512426 68.8540993648417 62.7038624567144 57.6082005378078 54.1079778303118 51.7359210489427 50.6868955712108 51.3126218511778 52.8755269033067 54.907765663722 57.8717858484563 61.1576335324961 63.9585554555935 66.0219238943913 67.3682139743777 68.2069407578777 68.5403389089248 68.5307080675574 67.7300129147137
50.8077299033894 55.5227434494916 59.8753555381999 63.6847684243146 66.3095788815442 67.6471819456886 67.8739410568686 67.1868056129007 65.9473340651568 64.3374045315911 63.2446811339434 62.4619506948134 62.0992650985718 61.3721969267901 60.8484454996446 60.5808306862326 60.4800865860546 60.4033166731105 60.201334792025 59.9579221991932 59.6508799440721 59.2454318088644 58.6601229134728 57.8146842577878 57.561756512698 58.3597056304707 60.2947885218789 63.7960499174455 68.3930831937229 72.7736525605707 77.6504673677332 81.789385655347 83.7657641803517 82.5650627052083 78.7003711462021 73.1731507076937 66.8219777556027 61.4933484380736 57.473892672097 54.6219435614698 52.8300189419704 52.630899389877 53.6529025409152 55.241990078898 57.6133022729088 60.3853668079657 63.4158508900334 66.1387808533276 68.0221449610065 68.9621242801933 69.2597067917094 68.9093392175787 68.3903536533608 67.6135835700175
54.2868593580583 58.5335797492196 62.4649608415716 65.4281382139991 67.4467461249408 68.3227025200339 68.2998029203976 67.6428262486177 66.4828569748822 65.299387847676 64.3264336305506 63.3106033661786 62.695556640625 61.9387298471787 61.5426686090582 61.2565281250898 60.6419446117738 60.2089124216753 59.8472667231279 59.7052900089937 59.3832401668324 59.0927215604221 58.5603101393756 58.1509123689988 58.046308222939 58.7685525978313 60.5418220407823 63.4100454695085 67.2473452932694 71.8073541662272 76.4776953704217 79.9402107175659 81.4743599330678 80.1071224773631 75.9982857704163 70.7060777439791 65.2188220865586 61.0441086011774 57.5408869043869 55.2239014900783 54.3506891534609 54.7061829041032 56.1443684758509 58.0627028442481 60.4577978752992 62.9236697694835 65.1970184682047 67.3764158338308 68.819309660617 69.5783915440826 69.3892699059318 68.8575211526717 68.2293244267211 67.8914339594981
57.2148535952849 60.9247090395759 63.9854558916653 66.0979990538429 67.6229233321022 68.198859761743 68.1271884160883 67.531506874982 66.5613827424891 65.7146006191478 65.0838320395526 64.1363936592551 63.3147626203649 62.9889925507938 62.4464856245938 61.8936440734302 61.145062418545 60.5878692514756 60.1487967827741 59.7283716903013 59.3214604013106 58.9866305940291 58.6528537553899 58.5769849665025 58.4615554178462 59.2890077689115 60.7455316922244 63.7869907722754 67.1026248125469 70.6370074748993 73.9619939651559 77.0405003884259 78.0583764805513 76.9851295246797 73.3788578931023 68.7400365436778 64.4229257808012 60.8601813035853 58.140684824656 56.6081312443404 56.1687234583146 56.7221334037535 58.5992200392134 60.5416310052661 63.0318837608485 65.2841696804937 67.175874963841 68.3221252201235 69.1655661937069 69.4648379622137 69.0940774565234 68.6841264060315 68.012759994058 67.8553313428865
59.4367048179402 62.5327399828855 64.6457795395571 66.2774630574619 67.4647339231828 67.9886253020343 67.8728855497697 67.1990631047417 66.6316654822406 66.1777674170101 65.5641363087822 65.2142536219429 64.8546235701617 64.3357147749733 63.5694814780179 62.9628278928645 62.1598017496221 61.3337753800785 60.6703193608452 60.2602190550636 59.9322184113895 60.0337729454041 59.9196598950554 59.6485763297362 59.5778294661466 60.1628928394879 61.4666383546941 64.2386969713604 67.1654473963906 69.9856790163938 72.9705341843998 75.3567759289461 75.9876257111044 74.7310372801388 71.7477476737078 67.5800308900721 64.1231193822973 61.4554465798771 59.566317726584 58.4064903798349 58.2445328722105 59.1315762900254 60.8848897770924 62.9948712425197 65.0912976032671 66.8514824645484 68.4025373489541 68.9841426851995 68.9097092226148 68.7029996203149 68.3952362353311 67.8866501958931 67.4767525713233 67.2709212697604
60.7177659378332 63.1936515709933 64.8199826408835 65.9062592001522 66.8613788520589 67.5138673782349 67.619440204957 67.3815652903389 66.942838009666 66.401818892535 66.1389394928427 66.3356886190527 66.7017971557729 66.1202504494611 65.2100223232718 64.3400417776669 63.3334759123185 62.3220398005317 61.9047706267413 62.4470835152794 62.4462625419392 62.3788811178768 62.0292724581326 61.4244714484495 61.2632728604709 61.864730813924 63.3722790725091 65.1021210165585 67.9291660154567 70.5986581462271 73.5630540006301 74.6990647315979 74.9479878649992 73.9124519684735 71.1204534698935 67.7846246607163 65.074638114256 62.9028520023122 61.2847952842712 60.58660826087 61.0501761351 62.0688774642699 63.6193419458235 65.4727473280886 67.0080512722625 67.9691485613585 68.7338610585122 68.9760447416235 68.2823629195199 67.5978354141116 67.1270604102927 66.6379336798016 66.5427606298643 66.7558175053667
61.9608925195301 63.1335546830121 64.0529953662087 65.0428764820099 65.9135569123661 66.6071586468641 67.0409184764413 67.0973663750817 66.9239422714009 66.9419782582451 67.198783902561 67.7563709055676 68.4308007114074 68.1271682556938 67.2617609711254 66.1774719883414 66.2698448686039 67.0489408969879 66.8092783759622 66.6106249725117 66.3687877374537 65.6925668856677 64.5356521185707 63.7612421021742 63.7726093460532 64.5026057397618 65.6942666067797 66.940097787801 68.6170100411948 71.9189370239482 74.2667299158433 76.4491784151863 76.4817041509292 75.2202124034657 72.6950234805836 69.8574180322535 67.2426240303937 64.8579966040219 63.7928792168112 63.7804059888072 64.6101426087758 65.8251620233059 66.8132642435239 68.1746669212247 68.8835553314318 68.9535340055385 68.7721655482755 68.4765387383454 67.4559703127426 66.4182624312885 65.770322385518 65.566165484488 65.7376163387123 66.3328371420503
