PREC/medie/CUMULATA_MEDIA_03.asc
NCOLS 177 
NROWS 174 
XLLCORNER 1436301.375 
YLLCORNER 4916704.5 
CELLSIZE 1500 
NODATA_value -9999 
[rows 40 to 59 of 174, columns 0 to 45 of 177]
75.7397874383365 76.7452954194125 77.8973690762239 79.0503322797663 80.5412121976123 82.3211995047681 84.117830609574 87.0427309379858 92.5241617946064 98.0168053122128 103.365153368782 106.355431388406 109.338606567944 112.314802422243 112.561156932045 112.20103931427 111.842481739381 110.903074923684 109.534226459615 108.152232955484 106.696234408547 105.098118824117 103.482817018733 101.985045383958 101.756057542913 101.577882135616 101.457358816091 100.728566309985 99.9167390360552 99.1890029837103 98.621638732798 98.1584026533015 97.5433724768021 96.8204601231743 95.9114095323226 95.0080189214033 93.8823656790397 91.0982940985876 88.2312188744545 85.2805591330809 82.8700966037372 80.5814840635833 78.4266169397708 78.1479064313804 78.9527688648771 79.661525673726
77.4606657308691 78.5008705258369 79.6011432602125 80.7005277311101 81.7555878477938 82.7856309729464 83.8338594471707 86.0579710111898 90.8418208010056 95.6368719619863 100.342837838566 103.714237900341 107.077309327967 110.431922309539 110.966950654984 110.905070907929 110.844707517063 110.23472532104 109.228517139659 108.203368425369 107.052284675486 105.661288121167 104.2588475592 102.948625108775 102.573350696003 102.220502671073 101.892734394354 100.757701880792 99.5315748032402 98.4667080500547 97.7269469639834 97.196359129513 96.4824901749106 95.6828484184602 94.7375692760243 93.8072521931985 92.6841085833662 90.1172538241919 87.4666966655675 84.7322080819046 82.4833452254534 80.3321159889593 78.2675484830842 78.1718267745831 79.2146359945045 80.2349687393974
79.2097177856109 80.2729615078253 81.3184699959615 82.3633923162432 82.9688214799937 83.2484324872494 83.5471945983522 85.070296003538 89.1555016181048 93.2506041246302 97.328257041819 101.077499796362 104.818753733354 108.551931661718 109.374681865468 109.610968631857 109.847813409917 109.567082881927 108.922535784104 108.260455257752 107.419086750816 106.241546196096 105.052628699471 103.924999552615 103.402053987279 102.887062977342 102.380511788761 100.865578798687 99.2374379214119 97.7940458339803 96.8426609389922 96.2043005578658 95.4035087823868 94.5399597392363 93.5708440892837 92.6050572781002 91.4694591217181 89.1041195445201 86.664802808972 84.1515650889453 82.0692841134527 80.0641808952479 78.1095412975615 78.2163699339418 79.516306803507 80.8383850104669
80.9765317436746 82.0533023055862 83.0428646855495 84.0331731929499 84.1758481088807 83.705160405706 83.2541766797795 84.0767687874682 87.4628986646147 90.856589976479 94.3208936873604 98.4454501797171 102.56350608433 106.675274694667 107.784689566668 108.318983723136 108.852100947324 108.900453076643 108.616560921949 108.323517981698 107.796547328725 106.838973171571 105.864429284545 104.914689989651 104.242883443832 103.579867559321 102.926079357372 101.061532735825 99.0456376005621 97.17790295096 95.9700790713815 95.1768953940448 94.3033467320835 93.3909023298937 92.4127770977862 91.4010677162339 90.2346187510035 88.051488723825 85.8168507839608 83.5309942502748 81.6213945103809 79.7732386988423 77.9528526507647 78.28648379971 79.8673344219432 81.4789331169689
81.1341943659765 81.8821078363587 82.5045780793709 83.1351551553782 83.197352437412 82.8510962794809 82.5084719473825 83.2889370532597 86.2652387478772 89.2415983957403 92.3167731060701 96.3251362618278 100.336833575193 104.351883074817 105.803474047605 106.785527341506 107.76239010867 108.202310898725 108.284694924074 108.366323870771 108.175233553438 107.49235634944 106.786180180662 106.08315232922 105.486493131694 104.897184231702 104.315776782877 102.302892776097 100.098088783376 98.00385482171 96.6298244350097 95.7032637035146 94.7791094394291 93.8338576344883 92.8523859837476 91.8006921918953 90.6022110300906 88.5405781383024 86.4506616276853 84.3327227211831 82.5524988735423 80.8206913891961 79.094440572402 79.4690353239284 81.0605723086525 82.6913981227314
81.2855798150687 81.6786704661653 81.9075985279153 82.1449192376698 82.1286478358157 81.9337812600767 81.7426833010772 82.517362222952 85.110710729571 87.7034284647773 90.4252117872238 94.2725885685752 98.1233465741662 101.977622761446 103.782422283117 105.230409538045 106.672464777442 107.512448170606 107.961839248152 108.416575894636 108.562234338592 108.162784183727 107.736426472664 107.295349499759 106.82509327636 106.362462667858 105.907930076122 103.797759252436 101.458841187112 99.1978635402287 97.6913291426266 96.6474066762363 95.6769044469385 94.701157496256 93.7155013820704 92.6300222347764 91.4060275414411 89.4548517114976 87.4952798275387 85.5275172426858 83.8627714269302 82.2348227781408 80.5933431737563 80.9579181145219 82.4850281967836 84.0560565766166
81.4415443741223 81.4777194288395 81.3166132349083 81.1622023098171 81.0791280015427 81.0369601538953 80.9975618329995 81.7574455063133 83.9682360028519 86.1830895332729 88.56286045383 92.2571705159019 95.9501381481395 99.6415627002716 101.806011150865 103.71854707774 105.628056992503 106.869185177719 107.687940776348 108.506723631831 108.978777341983 108.853277444839 108.707565114779 108.531575097757 108.192387254799 107.857942234067 107.528499487568 105.317396290162 102.849307419623 100.44814410981 98.8361351875698 97.7017221748829 96.6300446952091 95.5683926028364 94.5226596593857 93.4022051201147 92.1703313799465 90.3467889603447 88.5140127960373 86.6722587377709 85.0987557803883 83.5601291656494 82.0168655619902 82.3849563896656 83.8608832184006 85.3543621652267
81.9637135832625 81.8178724289379 81.4310705913779 81.0443303493016 80.8623941961457 80.8096986062386 80.7634612030404 81.4932855477228 83.5692476104288 85.6471914789256 87.8958996674594 91.4385433407391 94.9750344192281 98.5051386917339 100.77847487085 102.863378282856 104.955307392513 106.415970683098 107.487276568132 108.55586163086 109.238375487573 109.268801072065 109.288115171825 109.257943128838 108.903753177208 108.553767293692 108.207911999787 106.136865542215 103.832959833391 101.580668413464 99.9571773900705 98.7112668200451 97.517380466356 96.3357375421945 95.173668633489 93.9624972133075 92.6701389691409 90.9380949279841 89.1960133945241 87.4441472500124 86.0818050378824 84.7730989758583 83.4684200790875 83.8851445720476 85.2998045472538 86.7056509466732
82.6788845277008 82.4481935249094 81.940379835227 81.4310244838981 81.1478006392717 81.0017242313308 80.8610611969934 81.5691298702184 83.6961730683551 85.8301086530966 88.1255501403528 91.5462362100096 94.95575828412 98.3541268460891 100.54807277988 102.573740370133 104.60922135325 106.134673143134 107.353427006918 108.564032314455 109.342513845686 109.407690491746 109.468632166877 109.452276405166 108.918944667367 108.386839074247 107.855862812961 106.182089047397 104.36151179496 102.581748759922 101.050640131621 99.6682544674944 98.3269248657367 96.9836629927158 95.6366654424106 94.2659014638732 92.8473363974515 91.1607944053762 89.463369869134 87.7553829842192 86.7518765247043 85.8468655409182 84.9547544858035 85.4760362050113 86.8168077749364 88.1223717717563
83.4061198597226 83.0766021578628 82.4441303216359 81.8132965231643 81.4304475915783 81.1920962964787 80.9585426020272 81.6488835734918 83.8284542113543 86.0116549432278 88.3416833491886 91.6313110204304 94.9145783957313 98.1914961688659 100.317154330366 102.290165943258 104.265901285059 105.855379925055 107.218244598192 108.572203969254 109.446807920166 109.548077516258 109.649334523608 109.64246957267 108.927881053265 108.219128192786 107.515891127727 106.257045066094 104.929646188284 103.625507422668 102.18630010547 100.670715539771 99.1814398620935 97.6758977279944 96.1435214140836 94.6073389509145 93.0554727561334 91.4067108368172 89.7524969420012 88.0930073242635 87.4533035474665 86.9505497094463 86.4525899045608 87.0602621611427 88.3092139187981 89.5251275371103
83.2478907888427 82.9925993321573 82.4441716460621 81.8883603898918 81.5356759762063 81.2965281404117 81.056010531152 81.7405196222312 83.8741304278374 86.0135978285004 88.3016935937545 91.4718328539063 94.6410828127581 97.8093636035919 99.9419813857359 101.939057420282 103.925716869971 105.600856696858 107.099803857944 108.590338475564 109.551804333049 109.678906911108 109.810352880836 109.800833309398 108.893740485696 107.999515982235 107.117417503806 106.194420085234 105.269829245175 104.353885875029 102.99695632037 101.385863584631 99.7836092780618 98.1483548984808 96.4609417038805 94.7870112026439 93.1261907623095 91.5240472344791 89.9231430274599 88.3234909976668 88.0316517230342 87.9093056075713 87.7786260843277 88.4399549680598 89.5605453252792 90.6575597594766
81.2624213309849 81.3910987114205 81.3236696579877 81.2519721844617 81.2107782889815 81.1860232090249 81.1593486999764 81.8591248813797 83.6585048559834 85.4595386350856 87.4495731504525 90.5071537705029 93.5700402961058 96.6376984610277 99.0240885790657 101.321973849745 103.601194297566 105.446320028866 107.052310621037 108.649934556554 109.658505438005 109.758986401207 109.867581873256 109.798022775089 108.63282102697 107.487007365507 106.359267515295 105.229578354779 104.096610574161 102.953486947452 101.575248942656 100.06260546516 98.5432400422938 96.9713635869763 95.3169278327156 93.6945981155424 92.0991435874911 90.612452349242 89.1342008061269 87.664110322209 87.5774175594835 87.6644507646561 87.7302815668723 88.2303440711078 88.9822163441602 89.7207439296386
79.2649121144239 79.7955113158506 80.2112689614296 80.6227883661495 80.887204934569 81.0761262283606 81.263239394216 81.9688739478588 83.4342288392432 84.9011238708216 86.6020506480161 89.5522384135162 92.5114168840296 95.478620848235 98.1244665594662 100.721532485064 103.288140381084 105.295942579999 107.004374374362 108.714321707978 109.77368474182 109.852618580355 109.941109733985 109.811309814453 108.390060873593 106.988545361687 105.605304493624 104.259545943316 102.912419487448 101.547357671401 100.154886806712 98.7456766016343 97.3213182337144 95.8246010831174 94.2150629171554 92.6452058737769 91.1126679637853 89.7388127095559 88.3794153087279 87.0339069717071 87.1474860731293 87.4411835986025 87.7072953757118 88.0501532484503 88.4373527835397 88.8171334406909
77.2590274004375 78.2076221984975 79.1075325608253 80.0016111486098 80.5659770124099 80.9680315396365 81.3687828183174 82.0707852279439 83.2022312476355 84.3381726671668 85.7576605379581 88.6046161739265 91.4624155882527 94.3296373767011 97.2409362021614 100.135956543333 102.98561889985 105.14938856223 106.956197647487 108.783435207956 109.897242879166 109.959884045755 110.031298675081 109.841451757094 108.166676465203 106.505235784194 104.855984856101 103.283798666561 101.716115614947 100.134941101074 98.7360400031595 97.436170017018 96.1211957370534 94.7139182421653 93.1639036680846 91.6478472658817 90.1755349793855 88.9115980477894 87.6665918371257 86.4396726699436 86.7475856051725 87.2446540594101 87.7157622856252 87.9063879531973 87.9338294057285 87.9543871739331
76.3245082953397 77.3605543375015 78.3687351521324 79.3769846593632 80.1029438691981 80.6937746090047 81.2842402528314 81.9697083234787 82.7906552658362 83.6186765853096 84.7743246046936 87.4910632336841 90.2209751956603 92.9620601429659 96.0763170649024 99.1980524378664 102.260824059739 104.654914305491 106.709265715936 108.800654523513 109.939611101852 109.710782030049 109.493202347966 109.012461269603 107.075200697955 105.144656910616 103.220200706931 101.776032391716 100.378120197969 98.9677791595459 97.7542566411636 96.6470229204963 95.524310055901 94.301109370392 92.9240743000718 91.5749322807088 90.2353895902634 88.9051398073926 87.5991043238079 86.3159740812638 86.6912214054781 87.2708653001224 87.82631687557 87.947915133308 87.8172674179077 87.6806468332515
75.3904003536 76.5235750745325 77.6377671466154 78.7477532484952 79.6278503502116 80.4024159487556 81.1799982084948 81.8389088827021 82.3502856457935 82.8745701733757 83.7731637639158 86.3589922400082 88.9555078569581 91.5612490492709 94.8679352087133 98.2023206090226 101.470526370932 104.111090895008 106.44208572016 108.821114604964 109.971140847487 109.393676608801 108.825994495083 107.999226962819 105.78960126989 103.581621282241 101.375109504251 100.14270546857 99.00737100489 97.8637439503389 96.8850039313821 95.9939397924087 95.0877022462733 94.0763307328829 92.9055021523553 91.7568905800581 90.5720358508475 89.1292555963292 87.713978248484 86.3246337806477 86.7302227721495 87.3572244644165 87.9631581867442 88.039392078624 87.8075651000528 87.5704845610787
74.4451775130104 75.6807306163451 76.9005818857866 78.1056754238465 79.1346193972756 80.0865347736022 81.0519848430858 81.6766726129195 81.8795440196991 82.1099736830767 82.7661506884238 85.2331947403796 87.6937679753584 90.1498206222759 93.6391222704859 97.1834899940911 100.683425507125 103.598044384052 106.231253805406 108.89102437391 110.038302113028 109.105395224165 108.176716758157 106.992599487305 104.498387280632 102.008723315071 99.5230392007267 98.5092739778406 97.6387000364416 96.762591642492 96.0191647024716 95.3451687307919 94.6581520753748 93.8613278298255 92.899491104133 91.9549045413733 90.9275869657012 89.3761988352327 87.846217390369 86.3363220130696 86.7580381211113 87.4220772631028 88.0799027751474 88.1122710143819 87.7807656035704 87.4461637524997
73.9780806513394 75.2838746169034 76.5759238285177 77.8439327688778 78.9962538130143 80.1012289594202 81.2307371321846 81.9662523900761 82.2216614484787 82.5095635301927 83.1618433770011 85.3091239859076 87.4377112774288 89.5536589920521 92.8065642767093 96.1324787863037 99.4456778845805 102.275791168213 104.882285622989 107.501223395852 108.55188481948 107.482422099394 106.406787199133 105.126215766458 102.847992167753 100.568220475141 98.2865851907169 97.4695577060475 96.7909459506764 96.1107858770034 95.5342614790973 95.0114770777085 94.4787157844095 93.8328166709227 93.0179825035088 92.2160033592406 91.3133636362412 89.792656232329 88.2865779960857 86.7943357579848 87.1646300624399 87.7724600399242 88.3891756254084 88.3998864959268 88.0580574624679 87.7156470803653
73.7552279304056 75.1267514088575 76.4825849392835 77.804451065905 79.0744273522321 80.325580442653 81.6113662859973 82.5698007064707 83.1425916307113 83.7631069702261 84.6075624297647 86.3128149824984 87.9813074259197 89.6243429744945 92.3013592914623 95.0459188389428 97.7986742554999 100.207917606129 102.461980707505 104.707535238827 105.547291026396 104.527931213379 103.496714423685 102.373093548943 100.824144026812 99.2766482409309 97.729715459487 97.0883339152617 96.5290924521054 95.9710083007812 95.4887709898107 95.0452603732838 94.5939025878906 94.0259549755822 93.2855484731057 92.5529906442937 91.7366823922185 90.4173693095937 89.1065382396474 87.803757835837 88.0398639160044 88.4766787080204 88.9371922436882 88.9535842643065 88.7115437984467 88.4710834166583
73.4969239375171 74.9198255398694 76.3347891499014 77.7287957808551 79.1360285212012 80.5503478260601 82.0020011102452 83.1955158289741 84.0948489694034 85.0062514403287 85.9798413515091 87.1933357294868 88.4002700097421 89.6035737035906 91.7357539446915 93.9201376902706 96.1092199092621 98.0969523261575 99.9951685737161 101.865519355325 102.497100605684 101.525843452005 100.551133772906 99.6061538247501 98.8013257419362 97.9928243300494 97.1806719162885 96.710511375876 96.2703992058249 95.8325851664824 95.442595537971 95.0767216401942 94.7080222859102 94.2192439147655 93.554510352147 92.8915974491221 92.1619754547582 91.0439504086971 89.9319819036652 88.8257614514407 88.934404352132 89.2051546293146 89.5078524771859 89.5281915524427 89.3841954469681 89.2397285699844
