PREC/medie/CUMULATA_MEDIA_02.asc
NCOLS 177 
NROWS 174 
XLLCORNER 1436301.375 
YLLCORNER 4916704.5 
CELLSIZE 1500 
NODATA_value -9999 
[rows 100 to 119 of 174, columns 0 to 45 of 177]
66.8173904331291 67.0766986853936 67.3362934777842 67.5891586051268 67.7850118314519 67.9795536574195 68.1728353921105 68.4967671001659 68.8483793945874 69.1987830821206 69.5073653599795 69.780627692447 70.0552169084549 70.3538800407858 70.7267037139219 71.1013844644322 71.4778190220104 72.6770150380976 73.9233854518217 75.1727631933549 77.1302268505096 79.4516386004055 81.7712301646962 83.9366335868835 85.8382329660303 87.7366986555212 89.546077559976 90.3441429979661 91.1421086928424 91.9399817971622 92.3995813481948 92.7690123389749 93.138978509342 93.4690257801729 93.7590289957383 94.0495680079741 94.4362928166109 95.1869976380292 95.9378718207864 96.688808777753 98.2496599309585 99.882290391361 101.514679459965 102.961935099433 104.299576254452 105.636941124411
66.62231670583 66.8644039122497 67.1067804426831 67.3523060013266 67.6183506250381 67.8830858118394 68.1465594137416 68.5473571454777 68.9755613803864 69.4025585721521 69.6986769578036 69.8839368399452 70.0705175680273 70.2682289446101 70.4977871810689 70.7292014781167 70.9623707322513 71.8881965244518 72.8495207674363 73.8138402910794 75.7832776798922 78.2580454209272 80.7309937196619 83.1221761983984 85.3761964405284 87.627089472378 89.7574715333826 90.5778759788064 91.398172490737 92.2183844061459 92.60484308355 92.8776500365313 93.1509918886073 93.3536276536829 93.4858878079583 93.6186827491312 93.8513549916885 94.4586860993329 95.0661796682021 95.6737463334027 97.1798740835751 98.7649193371043 100.349720450009 101.782823562622 103.126041300157 104.468987689299
66.4268953975509 66.6517742867856 66.8769380660618 67.1167560535319 67.4529578755884 67.7878504921408 68.1214865866829 68.5992222813999 69.103982946452 69.6075371433707 69.8886494005428 69.9859448671341 70.0845630659777 70.1805967513253 70.2669604105108 70.3551786366631 70.4451454036376 71.0959836314706 71.7723923150231 72.4517936145558 74.4379297845504 77.0659790319555 79.6922138438505 82.3108999308418 84.917176807628 87.520323416766 89.9690376730526 90.8117626975564 91.6543851179235 92.4969191831701 92.8095513512106 92.9857846428366 93.1625488505644 93.2375543818754 93.2121439541087 93.1872679766487 93.2660059648402 93.7300283768598 94.1942177940817 94.6584723416497 96.1100393183091 97.6475215799668 99.1847644132726 100.603701815886 101.952501689686 103.301028083352
66.2311317558359 66.43880601569 66.6467671284575 66.882505662301 67.2888319983202 67.6938519547967 68.0976147721796 68.6523628585479 69.2336424308665 69.8137171969694 70.0772814329933 70.0866580360076 70.097353851094 70.0909889024847 70.0342281145208 69.9793137662551 69.9261494384092 70.3003786872415 70.692007373361 71.0866258494994 73.0941769375521 75.8754384377423 78.6548854322995 81.5028065513162 84.4611664659837 87.4164094924927 90.1807701447431 91.0458118214327 91.91074590122 92.7755967869478 93.0137099097757 93.093412287095 93.1736427755917 93.1208050110761 92.9377982756671 92.7553261588602 92.6802463531494 93.0010295755723 93.3219791861141 93.6429956099566 95.0401544570923 96.5300989151001 98.0198004666497 99.424578666687 100.77895602058 102.133056304034
65.5319056020063 65.7310734496397 65.9303335512386 66.1655868782717 66.6077024095199 67.0491212185691 67.4898613480961 68.1401521318099 68.8246281497619 69.5073773510316 69.7830743579303 69.7412637051414 69.7001176371294 69.6165577804341 69.4163819130729 69.2180023543975 69.0213093827753 69.2483886550455 69.4881078145083 69.7290305249831 71.6628987368415 74.3917954248541 77.1212575295392 80.0496229564442 83.2902372304131 86.5282890656415 89.5445847230799 90.4440137638765 91.3430244782392 92.2416362201466 92.5318139581119 92.6700060227338 92.8075719160192 92.7822737413294 92.5991581748514 92.4158063215368 92.3249344545252 92.5738059773165 92.8227231081794 93.0716402951409 94.3792141185087 95.7773653479183 97.1754132439108 98.534639190225 99.8707767374375 101.206685683307
64.8289272644941 65.0146527851329 65.2004728597753 65.4312688462875 65.9027403382694 66.373513656504 66.843610609279 67.5863055762123 68.3707930130117 69.1535570901983 69.4375941963757 69.3443632055731 69.2517981459113 69.089563369751 68.7426442118252 68.3975181439344 68.0540786140105 68.1527349107406 68.2616724897833 68.3718108499751 70.2139829888063 72.8495420988868 75.4856658262365 78.4626075800727 81.9660543834462 85.4669405432308 88.714615316952 89.6465159584494 90.5779930002549 91.5090761745677 91.8795159283806 92.1125093908871 92.3448772991405 92.3861156912411 92.2437653261073 92.1011763740988 92.0316797705258 92.2285210665535 92.4254046047435 92.6222891527064 93.8309566273409 95.1253651450662 96.4196657853968 97.7246210995842 99.0357909483068 100.346736571368
64.125677838045 64.2979719708948 64.470356443349 64.69749333578 65.1983049687217 65.6984191151226 66.1978593153112 67.0341231051613 67.9185735548244 68.8013013390934 69.0913309419856 68.9467076764387 68.8027459102518 68.5605457319933 68.0669541569317 67.5751522428849 67.0850340198068 67.0555252327639 67.0337443421869 67.0131582582698 68.7640865129583 71.3063513250912 73.849180838641 76.8779576245476 80.64411314796 84.4077073265524 87.8848899953506 88.8492449592142 89.8131769965677 90.7767121932086 91.2277536953197 91.5555072672227 91.8826350604787 91.9901291903328 91.8885211383595 91.7866802776561 91.7382763694314 91.8831099341897 92.0279850118301 92.1728639602661 93.2825997857486 94.473310807172 95.6639157463522 96.914610526141 98.200826364405 99.4868201648488
63.3863869519795 63.5440486950033 63.7018386335934 63.8988128479789 64.2813755414065 64.6674656727735 65.0569381713867 65.8665549264235 66.7347729065839 67.6043940081316 67.8989128295113 67.7816892792197 67.6630415425581 67.4161394273534 66.8550894681145 66.2938443492441 65.7323900250828 65.5575534736409 65.3873062905143 65.2185537183986 66.7884804080514 69.1175466425279 71.449352348552 74.4336616852704 78.3883704858668 82.3414985993329 86.0034394544714 87.2045562968535 88.4019054525039 89.5958020827349 90.1556253994212 90.5663600809434 90.9764077242683 91.1520731869866 91.1063816407148 91.0601192362168 91.0590648651123 91.2207791945514 91.3820129843319 91.5428402844597 92.5791018429924 93.6880083645091 94.7967169705559 96.0019755643957 97.2643770330093 98.526509958155
62.6283478842062 62.7699118677308 62.9116048988174 63.0588098974789 63.2319815789952 63.4086816731621 63.5887563999961 64.2794500098509 65.0355787136975 65.7931101322174 66.0747702051611 66.0260965263142 65.9759953582988 65.769974210683 65.1940645189846 64.617960060344 64.0416471467299 63.696021416608 63.3523526682573 63.0101746250601 64.3016663859872 66.2885971349828 68.2782650414635 71.1053952890284 75.1555365394144 79.2040934282191 82.9889976838056 84.633687580333 86.2746095657349 87.9120783525355 88.6046755734612 89.0795644872329 89.5537651847391 89.7953775069293 89.8193013808307 89.8426580990062 89.9176483154297 90.1767736322739 90.4354207094978 90.6936552945305 91.6867872686947 92.7402818904203 93.7935760161456 94.9642250958611 96.2043731352862 97.4442517897662
61.8699859310599 61.9954610291649 62.1210650170551 62.2149282097816 62.178812083076 62.1462180263856 62.1169964320519 62.6904801060172 63.3345712353201 63.9800646164838 64.2516673873453 64.2715057976106 64.2899215151282 64.1235996484756 63.5328394875807 62.9418812359081 62.351052627844 61.8324302715414 61.3154187903685 60.799896997564 61.8112695988487 63.4562300654019 65.1039226195391 67.777978588553 71.9235040440279 76.0674468769747 79.9779164931353 82.0659632402308 84.1502491446102 86.2310863382676 87.0540907242719 87.5931004355936 88.1314231648165 88.4389761195463 88.5324868033914 88.625423599692 88.7765078825109 89.1329951005823 89.4890089035034 89.8446077458999 90.7944205789005 91.7925252353444 92.7904340519625 93.9264761419857 95.1443883110495 96.3620234657736
61.3630668170312 61.4499598005239 61.5380679684527 61.5653048648554 61.3510178117191 61.1381244273747 60.92656444802 61.3512841883828 61.8459903913386 62.3441679723123 62.5545874483445 62.5792782236548 62.6064021587372 62.4375473751741 61.8260695303188 61.2147902600905 60.6031024736517 59.939187484629 59.2752238617224 58.6111890393145 59.3478239774704 60.6512647726957 61.9574125093572 64.4578737371108 68.6413539437687 72.8263046601239 76.8228220939636 79.3834752475514 81.9389070062076 84.4895569857429 85.4791511647842 86.1220313801485 86.7626989589018 87.1475761076983 87.2986194947187 87.4495233086979 87.6598533181583 88.0776384578032 88.4956237568575 88.9136719984167 89.7977584390079 90.719261898714 91.6404011670281 92.7209004233865 93.8956512002384 95.0695864172543
61.3739704174154 61.3977268197957 61.422696239808 61.3802203045172 61.085215130273 60.7915981043788 60.4993161962313 60.7146999590537 60.9814046270707 61.2515788428924 61.2540306624244 61.0893400732209 60.9270758593784 60.6088695456 59.9488484789343 59.2890287252033 58.6286832760362 57.9285438201007 57.228355004507 56.528095080572 57.0247148625991 57.9934645260082 58.9649125337601 61.1705385376425 65.082837413339 68.9966041901532 72.8235087675207 76.0057991813211 79.1828712575576 82.3551696889541 83.7468192717608 84.7512366911944 85.7534430447747 86.3000192642212 86.4328304178574 86.5655103571275 86.7173556159524 86.936001328861 87.1548472011791 87.3737547257367 88.0227661693797 88.7059525882497 89.3887718986063 90.2580810995663 91.237793080947 92.2166892780977
61.3836181751069 61.344266186304 61.3061279636972 61.1936441703754 60.8179559935542 60.4436576795929 60.070688401075 60.0743323003545 60.1131442645017 60.155417605358 59.9506024630631 59.5966170114629 59.2450581228032 58.7795214688077 58.0709841426681 57.3626442902228 56.653815691962 55.9174672330127 55.181071842418 54.4446011694039 54.6981124246822 55.3323264647933 55.9692340598387 57.8807505018571 61.5219936511096 65.164705136243 68.8288957371431 72.6325280806598 76.4309487062342 80.2245999504538 82.016536544351 83.3823198430678 84.7458978540757 85.4523797876695 85.5669739667107 85.68143306059 85.7742942922256 85.7938930848066 85.8136919806985 85.8335501165951 86.2475460837869 86.6925233953139 87.1371390398811 87.7953490649953 88.5801105499268 89.3640615799848
61.3920106296719 61.2895827007425 61.1883639583008 61.0055807512801 60.5492473677184 60.0943033311735 59.6406871849014 59.4301856904674 59.2412118151346 59.0556961400982 58.6443026828415 58.1011138663572 57.5603461668772 56.949502397986 56.1924696950352 55.4356367395205 54.6784998783294 53.9059586849283 53.1333706913626 52.3607095094288 52.3680182353539 52.6678539567134 52.9703805096009 54.5885126380359 57.9588297114653 61.330613599104 64.838977392982 69.263660066268 73.6831372765934 78.097848667818 80.2883001215318 82.0152802747839 83.740060525782 84.6046616610359 84.7010449802174 84.7972910824944 84.8306617736816 84.651310079238 84.4721539441277 84.293057049022 84.4720986310173 84.6789778541116 84.8854984956629 85.3327025806203 85.9226088804357 86.511700630188
61.950457572937 61.8352794226478 61.7203536594615 61.5140372023863 61.0190443291384 60.5247069386875 60.0310036995832 59.509366792791 58.9912373458638 58.4783838496489 57.7681414774236 56.9472477585077 56.1302526540616 55.3271974763449 54.5454401592998 53.7635601609945 52.9862917170805 52.3367602684919 51.6850830807405 51.0313682836645 50.9674700077842 51.1180898897788 51.2694515059976 52.572239504141 55.3842021297006 58.2008157758152 61.2481718343847 65.7842212284312 70.3194723129272 74.8539278927971 77.3576813585618 79.4463596343994 81.5325009963092 82.6750190398272 82.9813429327572 83.286194969626 83.4424266254201 83.1024337095373 82.7624061247882 82.4222395840813 82.3248831244076 82.2461057550767 82.1668649561265 82.3039141823264 82.5690580255845 82.8330200980691
62.5123331126045 62.3907701408162 62.2694627677693 62.0473692136652 61.522568324033 60.9984218513264 60.4749102592468 59.6380232081694 58.7892012175392 57.9456485579996 56.9326684025719 55.8281714469194 54.7275683805346 53.7318444756024 52.9304934783893 52.1290215911234 51.3401063189787 50.8419867964352 50.3417249567368 49.8394265735851 49.7405578976168 49.7847731244915 49.8297273166039 50.8171130769393 53.0174482920591 55.2224309444427 57.7472069543951 62.2784397461835 66.8088755888097 71.3385129255407 74.1314978880041 76.5767549626968 79.0194790503558 80.4664245493272 81.0388771505917 81.6098688910989 81.935066167046 81.4438726761762 80.9526459750007 80.4612784666174 80.0758166593664 79.6982360727647 79.3201950858621 79.120156063753 79.0254767922794 78.9296204062069
63.074082627016 62.9461379471947 62.8184487959918 62.5801564945894 62.0255591027877 61.471616899266 60.9183075568255 59.761205182356 58.5818479902604 57.4077519669252 56.0929036760319 54.7049372900716 53.3208590158645 52.1362212230177 51.3152865607511 50.4942278085715 49.6957794638241 49.349001491771 49.0000832221087 48.6491298395045 48.5125353623401 48.4503943687853 48.3889952087227 49.0564859439345 50.6454826908953 52.2391182534835 54.2461955547333 58.772611505845 63.298233537113 67.8230569222394 70.9073278763715 73.7089982874253 76.5081366651198 78.2589583677404 79.0974212534287 79.9344198002535 80.4272716746611 79.7849489099839 79.1425934398875 78.5000961528105 77.8264560138478 77.1502178416533 76.473518483779 75.9365582185633 75.4822278303259 75.0267210567699
64.3819807277006 64.2671676716384 64.1519757894909 63.8727423163021 63.1503567923518 62.4325236914789 61.7190786337151 60.3198222491671 58.898397935664 57.479869092212 55.8963199525195 54.2305078041904 52.5684906421777 51.1992802058949 50.3510150348439 49.5029024236342 48.6878601242514 48.4494837873122 48.210035127752 47.9695747880375 47.8368118984679 47.7396129485877 47.6419328645091 48.0973220791887 49.2389427423477 50.3827035882894 51.9583172447541 56.1014417059281 60.2496540967156 64.4023994557998 67.5539806029376 70.5143216077019 73.4741787910461 75.3835307570065 76.3861754641813 77.3878226560705 78.0048401776482 77.3613896650427 76.7167379996356 76.071013731115 75.2935910505407 74.5055626139921 73.7168283462524 73.0373655768002 72.4227610756369 71.8076471440932
66.0741756067556 65.9999761967098 65.9253998328658 65.6049208711175 64.6488041246639 63.6972361101824 62.7500486689455 61.1729911951458 59.5815392767682 57.9929790181272 56.1781773497077 54.253729246995 52.3330735413029 50.7981627408196 49.9308681488037 49.0637279398301 48.2395710103652 48.0845708005569 47.9285028682036 47.7714224422679 47.6945299056961 47.6432897023418 47.5915705083924 47.9592801735682 48.8383642960997 49.7195859866984 50.9683696592555 54.3354528651518 57.7076138328103 61.084305118112 64.0523728482864 66.9436388296239 69.8344202602611 71.7281365394592 72.7690023814931 73.8088715777678 74.4932913780212 74.0225303593804 73.5505723672755 73.077543370864 72.4180466708015 71.7439850638895 71.0692184672636 70.4825905070585 69.9482585682589 69.4134170868818
67.7671784162521 67.7335765782525 67.699595430318 67.3328010334688 66.1430636994979 64.9578678713125 63.7770489033531 62.0233560695368 60.2619552699959 58.5034430500339 56.4561305729782 54.2731704869691 52.0939937003833 50.3967830714057 49.5104710074032 48.6243121764239 47.7923037024105 47.7206427349764 47.6479125864366 47.5741737590117 47.5527264217243 47.5474225006559 47.5416394892861 47.818881439812 48.4355528985753 49.0543567012338 49.972554767833 52.5639583223006 55.1604342741125 57.7614336013794 60.5503620540395 63.3725872320287 66.1943271861357 68.0728939841775 69.1519649730009 70.2300379977507 70.9822251656476 70.6840733359842 70.384726524353 70.0843077827902 69.5426048391006 68.9824556743397 68.4216032028198 67.9277697731467 67.4736730351168 67.0190675959868
