PREC/medie/CUMULATA_MEDIA_ANNUA.asc
NCOLS 177 
NROWS 174 
XLLCORNER 1436301.375 
YLLCORNER 4916704.5 
CELLSIZE 1500 
NODATA_value -9999 
[rows 20 to 39 of 174, columns 92 to 137 of 177]
-9999 -9999 1560.46327972412 1513.56253051758 1466.94996643066 1420.59957885742 1340.62658691406 1251.19002532959 1162.56952667236 1071.21053695679 977.282241821289 883.910587310791 812.789684295654 789.018060684204 764.989789962769 743.457361221313 749.402603149414 755.440380096436 761.587699890137 765.400648117065 768.728132247925 771.793354034424 767.488456726074 758.952007293701 750.422853469849 750.397159576416 762.833068847656 774.990789413452 791.609590530396 828.93692779541 866.151836395264 903.288272857666 932.272972106934 960.998630523682 989.999347686768 1003.14577102661 1010.24077987671 1017.62138366699 1024.11448287964 1029.59824752808 1035.43326950073 1039.71370697021 1039.67421722412 1039.87719345093 1040.45875167847 1047.08034896851
-9999 -9999 -9999 1527.07253265381 1492.28462219238 1457.23120117188 1387.54795074463 1307.3083114624 1227.9866027832 1137.5263633728 1036.9931602478 937.169986724854 857.294536590576 822.953693389893 788.36841583252 756.36888885498 759.306140899658 762.362117767334 765.568197250366 767.34428024292 768.754331588745 769.920475006104 764.411329269409 754.770547866821 744.999114990234 744.305463790894 757.969358444214 771.237470626831 788.25785446167 825.485637664795 862.733745574951 899.995449066162 930.598258972168 960.876930236816 991.47972869873 1006.70347595215 1015.41765213013 1024.42060852051 1031.21321487427 1035.42321014404 1039.99954605103 1043.90295028687 1045.66823196411 1047.6069984436 1049.7322807312 1056.29186248779
-9999 1564.16104125977 1562.98768615723 1539.96549224854 1516.5799331665 1493.23390197754 1434.32321929932 1363.65241241455 1293.58720397949 1204.44569015503 1097.27027893066 990.937797546387 902.379108428955 857.413131713867 812.214889526367 769.450037002563 769.317428588867 769.28731918335 769.406679153442 768.970699310303 768.358768463135 767.641359329224 760.915035247803 750.18656539917 739.257625579834 737.884162902832 752.8512134552 767.444805145264 785.155040740967 822.51448059082 859.822246551514 897.079765319824 929.11950302124 960.862270355225 993.058265686035 1010.34952545166 1020.66645050049 1031.16798782349 1038.26988983154 1041.10042953491 1044.37502288818 1047.73727035522 1051.28244018555 1054.98454284668 1058.81855392456 1065.33100128174
1554.44043731689 1559.22370147705 1563.72940063477 1551.077293396 1537.61965942383 1523.86558532715 1475.06845855713 1413.86026000977 1352.89157867432 1267.22707366943 1157.31700134277 1048.93420410156 955.496074676514 900.18546295166 844.642608642578 791.0104637146 785.21342086792 779.197982788086 773.016662597656 769.758272171021 767.201030731201 764.693586349487 757.948041915894 748.302045822144 738.567197799683 737.747329711914 753.123781204224 768.064453125 785.817810058594 825.347877502441 864.896923065186 904.466304779053 935.994995117188 966.603939056396 997.618011474609 1014.35773086548 1023.67891693115 1032.91487121582 1039.47129821777 1042.57699203491 1046.30431747437 1050.21774673462 1054.16549682617 1058.1800994873 1062.24443054199 1068.16731643677
1556.27987670898 1562.79849243164 1569.11957550049 1555.93125152588 1541.58937835693 1526.95911407471 1486.76142120361 1436.87280273438 1386.80574798584 1313.36428833008 1215.5906791687 1119.46685409546 1031.41959762573 964.81457901001 897.990303039551 832.241981506348 813.815578460693 795.157970428467 776.333408355713 769.047735214233 764.780527114868 760.713899612427 755.572547912598 749.740297317505 743.754949569702 744.631231307983 758.997127532959 772.948532104492 789.698173522949 832.809204101562 875.877830505371 918.892135620117 948.328670501709 975.83903503418 1003.89784240723 1018.64895248413 1025.84383392334 1032.82404708862 1038.58250808716 1042.70593261719 1047.51458740234 1052.36792755127 1056.43340301514 1060.55154418945 1064.7140083313 1070.13750076294
1559.11285400391 1566.56086730957 1574.508644104 1560.65525054932 1545.28970336914 1529.7897644043 1497.86017608643 1459.3317565918 1420.46004486084 1359.51583099365 1274.20547485352 1190.27872467041 1108.21655654907 1030.19387817383 951.997951507568 874.107460021973 842.978439331055 811.72278213501 780.489870071411 769.051786422729 763.291208267212 757.745307922363 754.100179672241 752.165103912354 750.005453109741 752.829061508179 766.26463508606 779.253192901611 794.825693130493 841.517219543457 888.222080230713 934.928443908691 962.795734405518 987.366889953613 1012.29508209229 1024.8219833374 1029.63784408569 1033.98449325562 1038.4388999939 1043.23147583008 1048.86976623535 1054.49784088135 1058.48270797729 1062.56549072266 1066.7360534668 1071.60342407227
1561.5379486084 1570.58905792236 1579.91555023193 1565.2310256958 1548.68710327148 1532.34130096436 1508.36492156982 1481.23888397217 1453.83652496338 1405.61085510254 1333.00343322754 1261.21102905273 1185.73463439941 1096.19227600098 1006.55168533325 916.718650817871 872.635799407959 828.791767120361 785.581634521484 770.100654602051 763.387697219849 756.917715072632 755.324728012085 758.278919219971 761.108821868896 767.43177986145 781.612030029297 795.524200439453 811.672142028809 861.19709777832 910.477642059326 959.498870849609 985.600173950195 1006.89229202271 1028.20798110962 1038.12961578369 1040.32619857788 1041.73765182495 1044.3168182373 1049.19896316528 1054.98596191406 1060.69069290161 1063.91076660156 1067.19013214111 1070.52376937866 1074.09825515747
1549.79009246826 1554.26384735107 1558.57420349121 1539.37223052979 1518.03865814209 1497.13597869873 1479.6579208374 1464.07903289795 1448.30839538574 1413.3528137207 1354.58177185059 1296.12548065186 1232.28214263916 1147.33432006836 1062.90678405762 978.906078338623 922.02339553833 865.886184692383 810.365314483643 791.701885223389 785.731250762939 779.948915481567 782.896717071533 794.374181747437 805.655414581299 819.156017303467 837.976474761963 856.488941192627 876.088066101074 920.576972961426 964.880706787109 1008.99800109863 1029.88195419312 1045.14468383789 1060.20564651489 1065.40325546265 1063.32787704468 1060.23881912231 1059.25332641602 1062.65982818604 1067.11119842529 1071.56768417358 1072.91331100464 1074.35536956787 1075.90341949463 1077.46291732788
1533.54439544678 1531.8840637207 1529.82852935791 1505.69322967529 1479.3405456543 1453.74883270264 1442.83341217041 1439.57356262207 1436.21926879883 1415.29768371582 1371.2248840332 1326.97930908203 1276.11456298828 1197.4974822998 1119.47732543945 1041.9561920166 972.690242767334 904.015830993652 836.204605102539 813.933799743652 808.729301452637 803.737821578979 811.058452606201 831.17234992981 850.856351852417 871.591365814209 894.961627960205 918.113094329834 941.647277832031 981.226222991943 1020.5786895752 1059.66882324219 1075.24429702759 1084.32675552368 1092.86742019653 1092.9739112854 1086.32299041748 1078.78200912476 1074.16479110718 1076.16331863403 1079.28053665161 1082.50331497192 1081.96033859253 1081.51282119751 1081.18528366089 1080.64695739746
1517.09697723389 1509.36238098145 1501.12205505371 1472.19765472412 1440.91851043701 1410.56324005127 1405.66938018799 1414.65172576904 1423.76058959961 1416.85162353516 1387.51907348633 1357.66775512695 1320.2085723877 1248.10705566406 1176.67063522339 1105.80387115479 1024.94188690186 943.811923980713 863.653289794922 837.275619506836 832.788951873779 828.665958404541 840.152488708496 868.962829589844 896.910717010498 924.845695495605 952.601879119873 980.35831451416 1008.23903656006 1042.94883346558 1077.31492233276 1111.22724914551 1121.39706802368 1124.17740631104 1126.02210235596 1120.87051010132 1110.00158691406 1098.33483886719 1090.06209182739 1090.40000534058 1091.61108779907 1092.83668518066 1090.73597335815 1088.85437393188 1087.23650741577 1085.16060638428
1494.86190032959 1484.55558776855 1473.83890533447 1441.33497619629 1406.03785705566 1371.88181304932 1369.4481048584 1385.0015411377 1400.59568023682 1402.00830078125 1382.52272796631 1361.94027709961 1333.25164794922 1265.21050262451 1197.80003356934 1130.93384933472 1057.14968490601 984.136066436768 913.249740600586 891.622066497803 891.571788787842 892.195873260498 907.280452728271 939.234073638916 969.620540618896 999.705986022949 1029.79363250732 1059.97784805298 1090.25992202759 1122.64928817749 1154.72177886963 1186.24240875244 1193.30462646484 1191.9215927124 1189.2642288208 1177.71072006226 1157.57619476318 1136.91086959839 1119.62975311279 1111.87669372559 1105.03844833374 1098.72653198242 1097.62397384644 1096.73346328735 1096.11795425415 1094.09146499634
1464.46293640137 1456.56131744385 1448.12812042236 1413.51832580566 1375.0661315918 1337.92833709717 1334.40299224854 1351.08338165283 1368.03897094727 1373.4065322876 1360.64545440674 1346.46855926514 1324.40045928955 1260.14070892334 1196.57118606567 1133.62528991699 1077.87414932251 1024.05813217163 972.508460998535 959.209564208984 964.001941680908 969.601268768311 987.011703491211 1019.18744659424 1049.47273635864 1079.66928100586 1111.07841110229 1142.7286491394 1174.56589508057 1204.63833236694 1234.21963500977 1263.06112670898 1266.65622711182 1260.61254119873 1252.97844696045 1234.745262146 1205.46298980713 1175.87065505981 1149.62852859497 1133.87858581543 1119.0527381897 1104.8526763916 1104.79833984375 1104.93388366699 1105.32862472534 1103.41519546509
1434.1827545166 1428.70494842529 1422.696434021 1386.2689666748 1344.78562164307 1304.71716308594 1300.03974151611 1317.89604187012 1336.07270812988 1345.09656524658 1338.90943145752 1331.04508209229 1315.58015441895 1255.00646209717 1195.55164718628 1137.16929244995 1099.61991119385 1065.37788391113 1032.72872924805 1027.82162094116 1037.03399276733 1046.9951171875 1066.30712509155 1098.13899230957 1128.47039031982 1159.00995635986 1192.01607513428 1225.11061859131 1258.28484344482 1285.98650741577 1312.94738006592 1339.0877456665 1339.27557373047 1328.59591674805 1316.25522613525 1291.77368164062 1253.58697509766 1215.20722198486 1180.092628479 1156.46329116821 1133.71153259277 1111.37939834595 1112.27350616455 1113.44135284424 1114.8221244812 1113.05437850952
1403.54297637939 1401.03598022461 1398.18772125244 1361.49800109863 1318.77178192139 1277.84177398682 1271.29921722412 1287.37657165527 1303.25202178955 1313.19836425781 1313.48001098633 1311.86328887939 1303.22365570068 1248.0479888916 1194.63680648804 1143.00466918945 1121.54135131836 1104.51858139038 1088.1700592041 1089.35352706909 1099.987159729 1111.0615196228 1129.77747344971 1159.69091033936 1188.39418792725 1217.48246002197 1250.287525177 1282.95226287842 1315.49230194092 1341.11974334717 1365.85040283203 1389.7569732666 1388.52050018311 1375.91466522217 1361.79471588135 1336.91699981689 1299.06259155273 1261.71547698975 1227.143699646 1201.9158782959 1177.86312103271 1154.62113189697 1151.83717346191 1149.46760559082 1146.97249603271 1142.03756713867
1368.99181365967 1374.93570709229 1380.57814788818 1352.55059814453 1317.87638092041 1285.08015441895 1270.68428039551 1268.87367248535 1266.86989593506 1267.86002349854 1275.44537353516 1280.90367889404 1280.42722320557 1236.14259338379 1194.01738357544 1154.17817306519 1144.69054412842 1140.05061721802 1135.37427902222 1138.83504104614 1146.8913192749 1155.32541275024 1171.15749359131 1198.66352462769 1225.31803512573 1252.58409881592 1284.98965835571 1317.12189483643 1349.00286483765 1374.46952056885 1398.92887115479 1422.47629547119 1422.46154022217 1410.80121612549 1397.55249023438 1375.84555053711 1343.05841064453 1310.90074920654 1280.29026794434 1254.93534851074 1230.69729614258 1207.29033660889 1198.91139984131 1191.13224029541 1183.19396209717 1173.98007202148
1334.53840637207 1349.046043396 1363.29698181152 1344.06684875488 1317.48459625244 1292.47505187988 1270.57462310791 1250.50101470947 1230.40249633789 1221.48931121826 1236.1370010376 1248.92594909668 1256.95804595947 1224.05409240723 1193.0189704895 1164.0104675293 1165.46081924438 1172.40100479126 1179.29606246948 1185.41372299194 1190.79996490479 1197.04518890381 1210.46922683716 1236.07671737671 1260.66895294189 1285.87780380249 1317.69909667969 1349.2568359375 1380.56324768066 1405.94361877441 1430.24938201904 1453.61073303223 1454.94815063477 1444.43482208252 1432.58499145508 1414.42481994629 1387.25836181641 1360.67456054688 1334.59348297119 1309.43272399902 1285.0864944458 1261.39930725098 1247.5493850708 1234.29861450195 1220.94340515137 1207.40134429932
1300.29411315918 1323.49489593506 1346.47413635254 1336.16558837891 1317.69912719727 1300.0657119751 1270.98529052734 1232.29149627686 1193.91697311401 1174.2183380127 1195.77454376221 1216.1097946167 1232.89547729492 1211.71053314209 1191.68337631226 1172.94411468506 1184.79285430908 1202.95541763306 1220.74374771118 1228.97411346436 1231.11243057251 1235.0195350647 1245.97741699219 1269.45185470581 1291.66110610962 1314.33206176758 1344.15449905396 1373.54703140259 1402.50051879883 1427.01349639893 1450.60240936279 1473.25330352783 1476.24163818359 1467.90367889404 1458.73597717285 1444.86425018311 1423.40544128418 1402.54909515381 1381.63880157471 1358.34233093262 1335.79154205322 1313.92324066162 1296.74459075928 1280.06775665283 1263.52827453613 1248.06855773926
1266.70040893555 1295.94688415527 1324.92151641846 1319.52084350586 1304.70273590088 1289.80667877197 1260.33850097656 1218.60099029541 1178.03879547119 1157.06121063232 1181.06554794312 1204.30381011963 1225.31086730957 1217.04238510132 1209.30150985718 1202.1008605957 1203.66343688965 1206.76127243042 1209.76170349121 1214.97862243652 1222.20329666138 1231.83055496216 1246.47116470337 1270.49964141846 1292.95880508423 1314.9991607666 1338.91939544678 1362.44925689697 1385.56722640991 1410.35591506958 1435.19062042236 1459.05200958252 1467.65097808838 1466.71925354004 1465.24833679199 1459.18054962158 1444.99722290039 1431.37345123291 1417.49548339844 1399.33123779297 1381.65200042725 1364.44150543213 1346.38182067871 1328.23095703125 1310.27863311768 1294.45848846436
1233.25835418701 1267.7201385498 1301.94454956055 1300.53368377686 1288.48184967041 1275.66700744629 1247.64302062988 1206.09749221802 1165.88948440552 1144.62645721436 1169.90952301025 1194.85055541992 1218.67594146729 1222.75254440308 1226.87601089478 1230.94695281982 1222.34614562988 1210.39838027954 1199.06782913208 1201.02039337158 1213.78032302856 1229.08519363403 1247.53670501709 1272.0587387085 1294.85308456421 1316.61693572998 1334.78059387207 1352.45766067505 1369.57381439209 1394.18405532837 1420.08932495117 1445.0611038208 1458.91409301758 1465.25945281982 1471.26037597656 1472.77236938477 1465.6088180542 1458.97594451904 1451.9743347168 1438.68371582031 1425.8374710083 1413.45880889893 1394.98143005371 1375.54917144775 1356.37619018555 1340.31965637207
1199.75568008423 1239.43237304688 1278.8695526123 1281.47356414795 1272.26909637451 1262.16863250732 1236.25452423096 1195.49376296997 1155.45490264893 1133.61873245239 1159.92640686035 1185.81620407104 1211.17636108398 1226.66828536987 1242.23784637451 1257.77192687988 1240.04941558838 1213.32419586182 1188.45634460449 1187.2301864624 1206.23137664795 1227.11986541748 1249.42015075684 1274.29840087891 1297.46786499023 1319.27454376221 1331.77486419678 1343.55963516235 1354.4613494873 1378.42157745361 1405.22281265259 1431.21223449707 1449.98529815674 1463.52716827393 1476.86673736572 1485.86157989502 1485.52115631104 1485.48180389404 1484.83094024658 1475.50430297852 1466.37686920166 1457.49519348145 1439.07036590576 1419.2038269043 1400.01731109619 1383.86728668213
