PREC/medie/CUMULATA_MEDIA_08.asc
NCOLS 177 
NROWS 174 
XLLCORNER 1436301.375 
YLLCORNER 4916704.5 
CELLSIZE 1500 
NODATA_value -9999 
[rows 40 to 59 of 174, columns 0 to 45 of 177]
112.513746822582 115.581067029168 119.057121501249 122.550470913158 126.506246454575 130.854932897231 135.453454859117 141.506721496582 150.8160943424 160.589819964241 170.504388697007 179.207129983341 187.730946709128 196.031849131865 200.920579798081 204.953066657571 208.599482816808 211.697377821978 214.3936363669 216.942228429458 219.110577302821 220.535019818474 221.811820535099 222.894296982709 222.615017610438 222.299212736242 221.941770665786 221.149704877068 220.366070466883 219.877039741067 218.854774475098 217.483816259048 216.137162601247 214.762761284323 213.33884564568 211.283720577464 208.799529580509 204.771185033462 200.825167487649 196.962512745577 195.289784599753 193.99545916389 192.903536628274 192.657856660731 192.898464427275 192.898646635168
114.343752019546 117.39859457577 120.740667006549 124.062396105598 127.438807543586 130.869955175063 134.536314122817 139.696967629825 148.079347049489 157.052534215591 166.32117731431 175.943294300753 185.385194217457 194.608796063591 200.257918413948 205.016880708582 209.267852783203 212.714095620548 215.584843803855 218.299242356244 220.511980842142 221.760347702924 222.911902483772 223.870453778435 223.34752924302 222.766626245835 222.120941162109 221.12347053079 220.177281099207 219.607293521657 218.49585499483 217.034902684829 215.633744183709 214.16688043931 212.583914364085 210.190161312328 207.418359195485 203.93506712072 200.584478041705 197.36748639275 195.739912145278 194.413396947524 193.314688289867 193.083273494945 193.350584591136 193.374153585995
116.267392551198 119.307687198415 122.519431843477 125.661937489229 128.437725515927 130.944534750546 133.687685349408 137.965814478257 145.430874544031 153.548011779785 162.111420126522 172.568921257468 182.87102912454 192.989073360668 199.368811214671 204.842505511116 209.75225201775 213.594478382784 216.691571403952 219.589564603918 221.859352111816 222.947793399586 223.98322430779 224.821929482853 224.060695423799 223.243702607996 222.364896886489 221.21701633229 220.138364006491 219.437620275161 218.187881020939 216.588502771714 215.043211993049 213.394026812385 211.563446044922 208.875450134277 205.90929143569 203.060403711656 200.355265897863 197.794560151942 196.222059362075 194.867583779728 193.746781741872 193.514305114746 193.79326764275 193.849703171674
118.242480558508 121.264666389017 124.349588057574 127.310844870175 129.469890818876 131.050257963293 132.878319684197 136.282980077407 142.83990613152 150.062009923598 157.883542677935 169.110494277057 180.224791582893 191.209746416877 198.289674646714 204.463673759909 210.074741139131 214.351568783031 217.720346338609 220.816459206974 223.154113320743 224.097658942727 225.025348887724 225.747931087718 224.753591649673 223.732062395881 222.680555904613 221.444287468405 220.267719044405 219.38171117446 217.938383214614 216.14470986759 214.349199631635 212.409829981187 210.223509395824 207.293841642492 204.244468688965 202.138569551356 200.1399195054 198.248712876264 196.743864620433 195.366694282083 194.204833984375 193.952318976907 194.224274130429 194.325288660386
119.963212405934 122.778439465691 125.579042546889 128.206006667193 129.946230271283 131.061885160558 132.428029228659 135.363528980928 141.331123352051 147.97153562658 155.273634069106 166.383968128878 177.440745634191 188.435636183795 196.282673106474 203.38858795166 209.929035411162 214.742967493394 218.412679784438 221.734865076402 224.072707232307 224.641303118537 225.23437724394 225.669769287109 224.723644480986 223.776224472943 222.827199150534 221.436151841108 220.04050804587 218.849821202895 217.31885842716 215.575022529153 213.771468667423 211.789159886977 209.504899417653 206.590806848863 203.612971137552 201.676432890051 199.812432681813 198.020451714011 196.386065763586 194.841199987075 193.493073407341 193.198156917796 193.511694066665 193.705613528981
121.653855716481 124.238116544836 126.740271624397 129.039413900936 130.377724591423 131.06492210837 132.007593940286 134.514802820542 139.93603515625 146.032457239488 152.848975237678 163.750095143038 174.641023074879 185.519589143641 194.137999590705 202.196583916159 209.704469119801 215.069019093233 219.048857296214 222.606348374311 224.929978763356 225.081772299374 225.286077162799 225.389645295985 224.540781357709 223.716985814712 222.919269337374 221.341974146226 219.68624159869 218.155154508703 216.559649299173 214.923167060403 213.179305132698 211.224756128648 208.917769039378 206.094434401568 203.234360189999 201.312311509076 199.427649105296 197.579970864689 195.765034843894 194.014863855699 192.439330157112 192.0958925135 192.465428969439 192.776603249943
123.283327439252 125.601921979119 127.791468452005 129.799963109633 130.772775537827 131.070832196404 131.614896886489 133.716817070456 138.61735534668 144.163486705107 150.481479420381 161.154478185317 171.852369869457 182.575587104349 191.940262738396 200.927431891946 209.432110954733 215.369128507726 219.689747529871 223.516813390395 225.854875452378 225.626278596766 225.428352804745 225.172747892492 224.388772852281 223.63570987477 222.914264005773 221.072180355296 219.089951010311 217.18427770278 215.49250793457 213.928675932043 212.270292843089 210.36946330351 208.066338034237 205.350231395048 202.620002297794 200.725041108973 198.845625933479 196.981568280388 195.025378058938 193.099304199219 191.296428456026 190.90442388198 191.330579421099 191.834588443532
125.307650397806 127.197660558364 128.924893996295 130.497032165527 131.209206973805 131.375517901252 131.770674761604 133.614523046157 137.979235929601 142.959561965045 148.746273713953 158.97542033476 169.271358265596 179.634679906508 189.384560977711 198.908033931957 208.025528851677 214.458172966452 219.23828349394 223.449959698845 225.96398117963 225.613041597254 225.265253852395 224.850724164177 223.956786211799 223.102745953728 222.288529788747 220.477050332462 218.527850880342 216.602409811581 214.85065056296 213.204651776482 211.479230544146 209.487249037799 207.055619183709 204.315913032083 201.575737897088 199.509431726792 197.437495063333 195.359821095186 193.405214646283 191.49124100629 189.648507510915 189.20969211354 189.586305954877 190.176494822783
127.53014014749 128.91070466883 130.098067788517 131.151281020221 131.674210492302 131.871971130371 132.288694942699 133.98102165671 137.816319185145 142.236000958611 147.480029835421 157.113702661851 166.851367726046 176.691897672765 186.520518134622 196.23161315918 205.602652605842 212.443264231962 217.766111934886 222.449349347283 225.278717041016 225.046247594497 224.794519761029 224.41692756204 223.226150063907 222.081301072065 220.98160014433 219.524940041935 218.008421056411 216.468503615435 214.698807211483 212.795593710507 210.826220344095 208.57200532801 205.852598751293 202.92944021786 200.006549162023 197.523058723001 195.01192743638 192.473641788258 190.695163053625 189.024634866153 187.374047223259 186.890994801241 187.087667128619 187.634259392233
129.873426100787 130.67452284869 131.275767606847 131.807017606847 132.147930369658 132.375467188218 132.800719766056 134.321102366728 137.616412443273 141.473206463982 146.175786186667 155.21544826732 164.393476598403 173.705052095301 183.615820492015 193.51064973719 203.13407090131 210.385037141688 216.245881024529 221.396984324736 224.531651665183 224.411667318905 224.261333241182 223.926355698529 222.44805504294 221.013856326832 219.622427098891 218.519754746381 217.435040642233 216.29766441794 214.523137260886 212.379711824305 210.168178782744 207.653321210076 204.647935306325 201.485472286449 198.304343728458 195.329307556152 192.341967414407 189.342281117159 187.739769430722 186.329273448271 184.938951380113 184.479919433594 184.563926696777 185.027104097254
132.464795280905 132.549276464126 132.449789608226 132.350482267492 132.486865324133 132.750589258531 133.189660465016 134.544290879193 137.330020680147 140.652501274558 144.846949857824 153.359112459071 162.040224860696 170.879990521599 180.882207085105 190.954895468319 200.824369093951 208.444038839901 214.777908325195 220.33577189726 223.744562485639 223.757597081801 223.730077855727 223.443397970761 221.613429798799 219.82771839815 218.084075030159 217.186910741469 216.376502990723 215.49615837546 213.685123667997 211.337099860696 208.913304048426 206.176717870376 202.939699509565 199.574172076057 196.171824735754 192.800100438735 189.438813153435 186.087795481962 184.681820588953 183.54409161736 182.441314697266 182.027798372156 182.016856474035 182.384110843434
135.560877182904 134.669079051298 133.62275426528 132.63797490737 132.492664112764 132.793757270364 133.248466491699 134.460430369658 136.81518868839 139.683256261489 143.472267150879 151.677357393153 160.087199940401 168.68390341366 178.814791511087 189.071195714614 199.191149543313 207.017467274385 213.561939912684 219.261178409352 222.819393831141 223.071215461282 223.27349763758 223.072725632611 220.528984518612 218.025892818675 215.560856987448 213.909055822036 212.326531354119 210.649674808278 208.481699326459 206.032475639792 203.501767326804 200.729579252355 197.574720494887 194.32250662411 191.08733771829 188.160955092486 185.270765416762 182.415554719813 181.361551621381 180.560377233169 179.809016508215 179.458199893727 179.342297722312 179.603663725012
138.611076803768 136.795985502355 134.834276535932 132.933810514562 132.494563383215 132.804558249081 133.269451814539 134.32582989861 136.244688146255 138.627676122329 141.977602341596 149.840360304889 157.985593907973 166.379901212804 176.684601278866 187.152523265165 197.518429475672 205.546571170582 212.295451444738 218.091940487132 221.757429235122 222.205666485955 222.573878119974 222.38123366412 219.056308521944 215.797426560346 212.598798864028 210.179907854866 207.832854327034 205.421217076919 202.961118361529 200.470227858599 197.894572987276 195.148826150333 192.136595333324 189.047628514907 186.026838414809 183.591597164378 181.180409150965 178.792680179372 178.062276952407 177.569000244141 177.138631932876 176.820294099696 176.569312600528 176.719087937299
141.630849501666 138.919107324937 136.059022791245 133.226778815774 132.493650548598 132.794904372271 133.265626795152 134.154295079848 135.632807563333 137.506454916561 140.390854779412 147.881281235639 155.76543785544 163.987349566291 174.502422557158 185.203809850356 195.810762293199 204.035306593951 210.98102165671 216.831398459042 220.560921612908 221.160363141228 221.62533120548 221.355608771829 217.172238069422 213.109995673685 209.157059613396 205.950005475213 202.84070856431 199.758080875172 197.074715109432 194.607551574707 192.056930093204 189.409191355986 186.610890107996 183.744822333841 180.995490579044 179.107683967142 177.185343574075 175.23052888758 174.788874906652 174.568060931037 174.421022751752 174.097743763643 173.674486496869 173.705923641429
143.974059161018 141.389558231129 138.674746793859 135.934724246754 134.440319285673 133.563025081859 132.891567454619 133.00238126867 134.150379405302 135.620968538172 138.084075927734 144.935619578642 152.299393148983 160.090687920065 170.794544444365 181.722730300006 192.56378622616 201.241353652057 208.768409729004 215.053603228401 218.667708901798 218.44235049977 218.03891619514 216.934134090648 212.255988625919 207.75032267851 203.397833880256 200.316620321835 197.412918988396 194.617965249454 192.326677658979 190.305787479176 188.200332192814 186.027403438793 183.752792807186 181.418694888844 179.142318276798 177.34032350428 175.447246775908 173.46787890266 173.027505762437 172.81441004136 172.686497407801 172.256695018095 171.653989006491 171.560201308307
146.285095214844 143.84585795683 141.310640671674 138.729063595043 136.464707318474 134.375801086426 132.501984988942 131.807372598087 132.631857030532 133.706761079676 135.748625811409 141.930008383358 148.680153790642 155.896672417136 166.689153783462 177.747258803424 188.739535163431 197.841343150419 205.949352937586 212.758690777947 216.228512034697 215.002159118652 213.569192325368 211.511390686035 206.448722839355 201.604497124167 196.951652526855 194.237216725069 191.790867524988 189.524163190056 187.786823497099 186.329708772547 184.790496826172 183.20424562342 181.548555710736 179.832826053395 178.082088246065 176.236486995921 174.247626809513 172.123343075023 171.609839944278 171.333077823415 171.146520726821 170.577774047852 169.78927118638 169.557672388413
148.543701620663 146.255174973432 143.906505360323 141.515790153952 138.489457523122 135.223234737621 132.17166631362 130.711735893698 131.237932093003 131.942333894617 133.586441937615 139.125673630658 145.079216452206 151.363942314597 161.891038782456 172.724736830767 183.543010038488 192.744505040786 201.116545733284 208.492289823644 211.845160540412 209.663481319652 207.396276586196 204.629199757296 199.422485351562 194.437943402459 189.644733204561 187.46415979722 185.594961278579 183.864370009478 182.689292458927 181.804535360897 180.850073870491 179.869506835938 178.851724512437 177.704004624311 176.405836666332 174.445762634277 172.342726763557 170.105146520278 169.550445556641 169.226523904239 168.95378741096 168.21881238152 167.217168471392 166.775856018066
150.051957523122 147.785626579733 145.474357829374 143.129781162038 140.021795833812 136.607811198515 133.378245858585 131.580162497128 131.538454841165 131.608783946318 132.560313056497 137.027572183048 141.761859669405 146.70737547033 155.741379681756 165.090340109432 174.503463296329 182.801606570973 190.544632406796 197.608759262983 200.824263180003 198.825514849494 196.839352327235 194.462669821347 190.197541180779 186.138234306784 182.251666798311 180.754341125488 179.519809498506 178.382461099064 177.768812291762 177.425663218779 177.025554432588 176.590350431554 176.105069328757 175.420506196863 174.495346966912 172.498273512896 170.358047485352 168.083774791044 167.383791755227 166.885974659639 166.400391522576 165.524596719181 164.423720864689 163.886729969698
151.179475672105 148.84188932531 146.463738160975 144.05637180104 141.27123597089 138.348179087919 135.609091141645 133.776597640094 133.024720135857 132.309717963724 132.376707862405 135.466336642995 138.660079956055 141.938576417811 148.422693140367 155.161606732537 162.013107299805 168.411021513097 174.582691865809 180.370290419635 183.320468229406 182.504919613109 181.826072692871 180.896694856531 178.659464667825 176.631871391745 174.776929967544 174.114969590131 173.580856323242 173.103707706227 173.052129408892 173.216985365924 173.337135314941 173.376166399787 173.297381232767 172.948795991785 172.299907459932 170.359133552102 168.275509553797 166.058705946978 165.084193958956 164.25530871223 163.399738087374 162.414731193991 161.356094584746 160.864770103903
152.160289315616 149.784966188319 147.392676409553 145.001978032729 142.627796173096 140.269319197711 138.069657269646 136.23040412454 134.816149094526 133.396532170913 132.65754924101 134.455919377944 136.279821508071 138.127786299762 142.281784057617 146.618455999038 151.064374362721 155.727982913747 160.475791931152 165.017886442297 167.760042751537 168.15751692828 168.684009327608 169.074797237621 168.733493580538 168.566181856043 168.539844737333 168.502870447495 168.480120041791 168.499033759622 168.845955343807 169.358471141142 169.863659578211 170.242095498478 170.436296350816 170.377420313218 169.983281303855 168.078201742733 166.04485724954 163.892398609835 162.649800917682 161.513854307287 160.360750983743 159.338773166432 158.394391676959 157.931027356316
