PREC/medie/CUMULATA_MEDIA_05.asc
NCOLS 177 
NROWS 174 
XLLCORNER 1436301.375 
YLLCORNER 4916704.5 
CELLSIZE 1500 
NODATA_value -9999 
[rows 40 to 59 of 174, columns 46 to 91 of 177]
184.070745804731 189.245656181784 194.350746154785 199.510862462661 205.094912360696 210.688843446619 216.291094611673 215.790674994974 214.668655844296 213.583937476663 212.08252918019 210.367923287784 208.610125597785 203.929133471321 195.208932988784 186.469620199764 177.778940313003 169.355099173153 161.001330656164 152.708178800695 155.57960173663 159.229456060073 162.877373639275 163.22511919807 162.087656806497 160.838193781236 157.224741094253 150.697403178496 144.287238625919 138.338337393368 134.151848736931 129.828507367302 125.407354467055 121.638639113482 117.935398550595 114.296586204978 111.408813700956 108.821694093592 106.254281436696 104.69329474954 104.235218721278 103.814095216639 104.646838805255 109.5486387365 114.526829887839 119.549023684333
185.248968685375 191.164713242475 197.044639811796 202.79647916906 207.853052924661 212.914042977726 217.978473214542 217.396650202134 216.216722376206 215.056641298182 213.573892705581 211.925026164335 210.271022796631 205.553985820097 196.533437392291 187.438136830049 178.674923840691 171.618086870979 164.67420353609 157.826878715964 160.015581691966 162.895671395695 165.782187966739 165.407459034639 163.517183864818 161.451513178208 156.644063612994 148.358603533577 140.193887149586 132.809519375072 128.564230974983 124.198160956888 119.742745118983 116.825955559226 114.021498511819 111.278842252844 109.131257225485 107.234016642851 105.353060105268 104.374216865091 104.425304525039 104.530895120957 105.578126009773 109.854958478142 114.241685755113 118.697636323817
186.375722997329 193.048690795898 199.712630103616 206.067852693446 210.604802524342 215.131594265209 219.648442436667 218.972693275003 217.729747547823 216.501992169548 215.044708251953 213.468015558579 211.893741607666 207.119540495031 197.773919273825 188.354132483987 179.547889933867 173.904650071088 168.386791229248 162.976849275477 164.50030338063 166.596971399644 168.694558985093 167.568990819594 164.899299397188 162.013188306023 156.021191092098 145.973567065071 136.050022125244 127.19851101146 122.889121336095 118.482352986055 114.001307992374 111.928399703082 110.024956871482 108.166707431569 106.75124538646 105.5341796875 104.360504374785 103.989042057711 104.571575389189 105.224225773531 106.533006555894 110.207152198343 113.994211645687 117.855615840239
187.43943270515 194.890036639045 202.349533754237 209.321564842673 213.348403930664 217.339644263772 221.297456629136 220.513826931224 219.202153149773 217.915971531588 216.492353663725 214.995695562924 213.47509283178 208.621430340935 198.925730873557 189.214791802799 180.39697265625 176.214013941148 172.138003405403 168.156173257267 169.031320235308 170.331591213451 171.615238414091 169.714329663445 166.243223751293 162.534634982838 155.369996687945 143.558897579418 131.875257828656 121.528250301585 117.153054517858 112.708649354822 108.209684259751 106.971184450037 105.972100987154 104.992834764368 104.308440264534 103.767529319314 103.313885520486 103.654678681317 104.944808062385 106.322834351484 108.116850796868 111.480387294994 114.999692355885 118.64435745688
188.813434825224 195.990233926212 203.190273060518 209.869102253633 213.348520615522 216.76609398337 220.125526877011 218.821159362793 216.983258191277 215.176805271822 213.133313347312 210.956672444063 208.721156176399 204.156925089219 196.176003736608 188.259424321792 181.018439349006 177.213410994586 173.483563367058 169.819194569307 170.222592970904 171.004197962144 171.754760966581 169.763136246625 166.388320922852 162.768629635082 156.618449716007 146.993234297808 137.566783231847 129.380952722886 126.745482500862 124.1026133369 121.461492875043 120.119791143081 118.863900577321 117.580138935762 117.259385052849 117.410542432 117.694757124957 118.663630766027 120.518606073716 122.474614536061 124.994493596694 129.817905874813 134.788507349351 139.882044848274
190.265447953168 196.875701231115 203.522956623751 209.658488105325 212.582391626695 215.425443088307 218.192381914924 216.278657576617 213.817460901597 211.394504771513 208.595587113324 205.58552495171 202.497824724983 198.332034054924 192.568972082699 186.913659712848 181.602429558249 177.951961741728 174.36067424101 170.822109895594 170.810634388643 171.142195084516 171.424732881434 169.455157784855 166.317947387695 162.959845599006 158.106965682086 151.14755563175 144.368354797363 138.630758173325 137.77757061229 136.929665733786 136.091919842888 134.436289843391 132.687416749842 130.900923336253 130.770024019129 131.470569161808 132.326762704288 133.845261517693 136.25748982149 138.792542177088 142.022372975069 148.309091904584 154.724028194652 161.249740151798
191.642126644359 197.682362051571 203.743376339183 209.293016545913 211.619006437414 213.88992062737 216.108446233413 213.629388921401 210.579298580394 207.548881867353 204.005018122056 200.171656328089 196.288660834817 192.552189546473 189.061307794908 185.641959246467 182.233554727891 178.691564896527 175.204456778134 171.76727698831 171.323534572826 171.182781780467 170.97733149809 169.000930561739 166.086508021635 163.143778857063 159.704056234921 155.557403115665 151.491486717673 148.258498247932 149.229304594152 150.175063413732 151.103657890769 149.139099121094 146.879377028521 144.613064261044 144.673524968764 145.941642536837 147.338094823501 149.375408845789 152.314452900606 155.415169884177 159.327049030977 167.068419961368 174.90368270874 182.824174768784
192.443706961239 197.466776903938 202.491497488583 207.055816874785 208.725779140697 210.364741605871 211.973674549776 209.121194054099 205.707680421717 202.297274196849 198.682774038876 194.95942362617 191.229243334602 188.146269629983 186.060664906221 183.995211432962 181.787351159488 178.683071473066 175.636069802677 172.643227969899 172.212086621453 172.05831191119 171.834915946512 170.108480453491 167.567300459918 165.197185179766 163.122108010685 161.505303999957 159.864179274615 158.704021453857 160.190447639017 161.585011874928 162.895018184886 161.130980996525 159.054449418012 157.024264616125 157.100449730368 158.292808532715 159.565739126766 161.556941312902 164.619046603932 167.868170121137 171.782813352697 179.016829097972 186.249140346751 193.475178886862
192.538568833295 195.999961853027 199.446912204518 202.551791022806 203.51255125158 204.467658099006 205.416828379912 202.437649446375 198.945508059333 195.437626558192 192.525535583496 189.959812500898 187.415630901561 185.2319168764 183.609557432287 181.972014819874 180.237706913668 177.92167932847 175.658781163833 173.447092617259 173.444733787985 173.688969107235 173.847404928768 172.568922603832 170.491359710693 168.78271372178 167.991135092343 168.640827627743 169.170667760512 169.764084759881 170.827657811782 171.771051070269 172.600704417509 171.400936575497 169.992732104133 168.663462694953 168.713142843807 169.520980610567 170.380930059096 172.10748425652 175.181643990909 178.477861965404 182.229985854205 188.281842400046 194.301324058981 200.288353863884
192.6322221195 194.530561783734 196.413268818575 198.074001985438 198.343489029828 198.612282472498 198.879773308249 195.748675851261 192.16349253935 188.566369673785 186.356412887573 184.955715067246 183.589490441715 182.302921407363 181.135959625244 179.996522005867 178.827610464657 177.396292293773 175.979833939496 174.577962538775 175.037948159611 175.714094947366 176.299683963551 175.514155443977 173.942732418285 172.758657118853 173.088035134708 175.862138411578 178.472578609691 180.783768597771 181.347287795123 181.828801996568 182.231542250689 181.629947213566 180.923279930564 180.268961738138 180.286822823917 180.684469784007 181.131961598116 182.58624088063 185.674280952005 188.961507909438 192.507240744198 197.307586669922 202.087284312529 206.845668343937
192.511545966653 192.898047278909 193.272591759177 193.540147444781 193.143160539515 192.745501237757 192.346727707807 189.104789733887 185.478668325088 181.852916605332 180.310180551866 179.991892758538 179.712885127348 179.275272144991 178.576686410343 177.965301177081 177.37982637742 176.754810221055 176.09320158117 175.395039502312 176.370058845071 177.553282120649 178.647371853099 178.45104598999 177.495342479033 176.927546332864 178.148511550006 182.303600984461 186.211671492633 189.563398473403 189.677680744844 189.759776171516 189.8107845082 189.586668126723 189.326975654153 189.075634675867 189.061957639806 189.197167340447 189.393257589901 190.576927633847 193.408055024988 196.402298422421 199.492917229148 202.918704762178 206.331511104808 209.731095706715
190.728589001824 190.010502085966 189.283344717587 188.527582280776 187.616716497085 186.704620810116 185.79088233499 182.774886860567 179.4715274362 176.178275501027 175.089799993178 175.315282709458 175.589383069207 175.712147432215 175.58141820571 175.59596342199 175.618310928345 175.329382391537 174.959408255184 174.507255778593 176.264903685626 178.321430655087 180.285166796516 181.076903848087 181.159439760096 181.619356940774 183.073913125431 186.194238326129 189.033266404096 191.45913180183 191.584778505213 191.720143037684 191.866634144503 191.728176341337 191.539550332462 191.328416936538 191.533427070169 192.005540286793 192.535824046415 193.710871079389 196.003644606646 198.437817293055 200.877715615665 202.995209189022 205.11038387523 207.224528368782
188.970761916217 187.143554238712 185.321391610538 183.550747142119 182.136243034812 180.705775990206 179.25886816137 176.445939568912 173.451783124138 170.494094175451 169.861538157744 170.633912254782 171.457877888399 172.137715171365 172.571610170252 173.139070510864 173.67471593969 173.622492173139 173.507256788366 173.328620910645 175.889606251436 178.851014193367 181.726880690631 183.547936832204 184.713849235983 186.158885731417 187.832981109619 189.874119702507 191.652795230641 193.162831025965 193.327710768756 193.518598668716 193.737218071433 193.660646102008 193.523067474365 193.344233344583 193.754007676068 194.55450259938 195.415544397691 196.596830929027 198.348157097312 200.218313778148 202.019014695111 202.823296490838 203.638977050781 204.470552556655
187.243368261001 184.301251804127 181.39194241692 178.616747463451 176.710556703455 174.756723291734 172.754669862635 170.118558210485 167.41775153665 164.799290713142 164.624846851124 165.947636323817 167.318055433386 168.551520403694 169.546754051657 170.592771081363 171.546929415535 171.635759353638 171.742947634529 171.870834126192 175.26029362398 179.160894730512 182.991805132698 185.881850523107 188.17188577091 190.571487651152 192.463112326229 193.395106371711 194.124131370993 194.726205489215 194.954497617834 195.207077026367 195.486384223489 195.461196899414 195.367374868954 195.221660838408 195.831483279957 196.961503421559 198.157276377958 199.357098298914 200.542505600873 201.814688738655 202.951839671415 202.442485136144 201.97369519402 201.555117663215
186.174734676585 182.910888671875 179.710416008444 176.646611606374 174.395509158864 172.067019630881 169.660060994765 167.287661384134 164.963367462158 162.769244250129 162.872018814087 164.399174746345 165.967692543479 167.383572297938 168.53051443661 169.642562193029 170.63353471195 170.745474647073 170.954168992884 171.26801962011 174.688443688785 178.61282898398 182.470378539141 185.445672652301 187.836723103243 190.153541116153 191.950366973877 192.779024460736 193.479494207046 194.120164983413 194.652493869557 195.211594525506 195.800741981058 195.985766242532 196.079047932344 196.112284716438 196.78780409869 197.917292426614 199.110806184656 199.992687000948 200.224159240723 200.520569296444 200.721206216251 199.572275498334 198.477614010082 197.453077877269
185.318556392894 181.943206562715 178.659589206471 175.489991356345 172.916946859921 170.243062299841 167.466628916123 165.372013204238 163.4351904252 161.666050181669 161.981605305391 163.607723236084 165.272262685439 166.766794092515 167.956524119658 169.043536242317 169.995718002319 170.114791084738 170.395002477309 170.851664150462 174.144949408139 177.923942341524 181.654569850248 184.567569732666 186.924190745634 189.068206787109 190.784419789034 191.688953399658 192.509416916791 193.304153891171 194.178778928869 195.077787511489 196.004828284769 196.42015838623 196.717932532815 196.958593031939 197.72252071605 198.871025085449 200.084147285013 200.687554303338 199.97528704475 199.303397234748 198.565226386575 196.782187069164 195.065634559183 193.438852422378
184.682711657356 181.127121420468 177.698823143454 174.365412095014 171.411903044757 168.390916038962 165.300749610452 163.535349677591 162.02142681795 160.652228860294 161.157912198235 162.858438716215 164.601502474617 166.157872368308 167.373332865098 168.489085926729 169.480325137868 169.683926638435 170.041754217709 170.572030123542 173.673266130335 177.242830949671 180.796390870038 183.596518123851 185.870182934929 187.894245596493 189.580169004553 190.613483653349 191.560596690458 192.49514613432 193.701248842127 194.92820335837 196.179654962876 196.81455746819 197.312212102553 197.789642333984 198.674235175638 199.869606915642 201.118741203757 201.479033526252 199.838143741383 198.206381853889 196.525965971105 194.112637688132 191.775645760929 189.546740139232
183.958470288445 180.325547274421 176.855901269352 173.483289830825 170.418778812184 167.322425617891 164.193520265467 162.763321259443 161.640014087453 160.638368718764 161.183109956629 162.724318672629 164.308762269862 165.74372437421 166.90474801905 167.967633303474 168.946042341345 169.488122940063 170.182928534115 171.051730660831 174.142138425042 177.665834875668 181.210446862613 184.024817747228 186.315221449908 188.322320152731 189.966063779943 190.881671681124 191.702443739947 192.493535883286 193.471534729004 194.451019287109 195.434663211598 196.383393680348 197.338687447941 198.319291507497 199.173237071318 199.907865187701 200.669949251063 200.374171088724 197.611302992877 194.821423250086 192.007259144503 189.2608647066 186.610017215504 184.096572875977
183.125065523035 179.541249331306 176.155991498162 172.892956341014 170.038880404304 167.185738058651 164.333923900829 163.236219069537 162.452319650089 161.766797570621 162.167312734267 163.276317933026 164.432611016666 165.54034390169 166.558597115909 167.481663535623 168.388824238497 169.523486193489 170.80419551625 172.25465853074 175.489392448874 179.095915738274 182.756686603322 185.668008916518 188.027198791504 190.067208009608 191.627953922047 192.197166891659 192.669560151942 193.090483721565 193.427396662095 193.762526568244 194.098059710334 195.422960169175 197.011685090906 198.664271410774 199.43039523854 199.442818585564 199.472297219669 198.355031181784 194.427362778608 190.445121316349 186.458336325253 183.562500448788 180.769030402688 178.126338509952
182.339590072632 178.896526561064 175.622582155115 172.473712023567 169.835059783038 167.215509302476 164.616262099322 163.826040716732 163.359411912806 162.975923874799 163.223118725945 163.88600506502 164.595809038948 165.355365304386 166.211918662576 167.031767452464 167.920068516451 169.707192925846 171.620670991785 173.683552349315 177.099725835464 180.801296009737 184.512943043428 187.455630358528 189.816433850457 191.882362590117 193.36179823034 193.580968071433 193.712043986601 193.779594870175 193.487923341639 193.195821649888 192.906416275922 194.608210844152 196.849354463465 199.175851260915 199.88321910185 199.176142075483 198.49704024371 196.591763664694 191.520858315861 186.411030488856 181.313227933996 178.350426169003 175.434183681712 172.589641122257
