PREC/medie/CUMULATA_MEDIA_10.asc
NCOLS 177 
NROWS 174 
XLLCORNER 1436301.375 
YLLCORNER 4916704.5 
CELLSIZE 1500 
NODATA_value -9999 
[rows 24 to 47 of 174, columns 54 to 107 of 177]
-9999 -9999 108.462079693289 114.830192509819 120.018567365759 123.202414849225 123.141892377068 118.848495315103 110.419029404135 98.8589889862958 85.7592851694892 72.6861654169419 61.1875739097595 -9999 -9999 -9999 -9999 -9999 -9999 -9999 -9999 -9999 -9999 -9999 -9999 -9999 -9999 -9999 -9999 -9999 -9999 -9999 -9999 -9999 -9999 -9999 -9999 -9999 -9999 -9999 -9999 -9999 -9999 -9999 -9999 -9999 -9999 -9999 84.1059565824621 91.399827003479 100.202905206119 109.47648194257 118.288678786334 125.165931365069
-9999 -9999 -9999 115.807693425347 121.342615548302 124.927788622239 125.388684833751 121.840936380274 114.318580038407 103.826323901906 91.6155477411607 79.3144238976871 67.9339922736673 -9999 -9999 -9999 -9999 -9999 -9999 -9999 -9999 -9999 -9999 -9999 -9999 -9999 -9999 -9999 -9999 -9999 -9999 -9999 -9999 -9999 -9999 -9999 -9999 -9999 -9999 -9999 -9999 -9999 -9999 -9999 -9999 -9999 -9999 -9999 81.215170804192 87.7596859090469 95.3742574803969 103.64306045981 111.255871492274 116.207061150495
-9999 -9999 -9999 115.089640757617 121.33415668151 125.587521244498 126.714233903324 124.032849480124 117.528892909779 108.233286577113 97.4687897738288 86.2257713149576 75.7948355955236 -9999 -9999 -9999 -9999 -9999 -9999 -9999 -9999 -9999 -9999 -9999 -9999 -9999 -9999 -9999 -9999 -9999 -9999 -9999 -9999 -9999 -9999 -9999 -9999 -9999 -9999 -9999 -9999 -9999 -9999 -9999 -9999 -9999 70.9115188823027 73.5761296889361 78.0069437587962 83.4719122157377 90.0441523720236 97.1682993383969 103.893144158756 109.027212199043
-9999 -9999 -9999 113.449930695926 119.984131532557 124.798994344823 126.738494059619 125.260720028597 120.208059086519 112.607622651493 103.419643317952 93.6733011918909 84.0336623191833 75.9300837516785 -9999 -9999 -9999 -9999 -9999 -9999 -9999 -9999 -9999 -9999 -9999 -9999 -9999 -9999 -9999 -9999 -9999 -9999 -9999 107.009739314809 107.058866781347 105.065745073206 101.064686663011 95.8810687065125 89.9946299160228 -9999 -9999 -9999 -9999 -9999 -9999 -9999 68.7438132061678 70.859617654015 74.4868719437543 79.660340533537 85.5827086392571 91.840861937579 97.7326083463781 102.294191753163
-9999 -9999 -9999 110.189449871288 117.678262514227 123.560441381791 126.479783338659 126.123462929445 122.618596189162 116.681055012871 108.646941409392 100.198396205902 92.5212282853968 85.6401087536531 80.6321940141566 -9999 -9999 -9999 -9999 -9999 -9999 -9999 -9999 -9999 -9999 -9999 -9999 -9999 -9999 -9999 -9999 115.972616756664 118.287812513464 119.080745416529 117.979730774375 114.641427881577 109.523556092206 102.883760788861 95.6633872424855 88.5382146554835 -9999 -9999 -9999 -9999 -9999 66.4829191320083 67.0035154679242 69.0693926811218 72.5138294837054 77.2285584281473 82.8631426867317 89.0276009054745 94.5058925853056 98.5612498451682
-9999 -9999 -9999 -9999 114.429288471446 120.958565655877 124.768355874454 125.589308598462 123.339009874007 118.893383755403 113.102430960711 106.464181535384 100.520388462964 95.6753615211038 91.4936541389017 88.7259935771718 -9999 -9999 -9999 -9999 -9999 -9999 -9999 -9999 -9999 -9999 105.349264761981 110.169649965623 115.320262796739 120.373588786406 127.185319788316 130.211373834049 131.541894015144 131.09903717041 128.425322027767 123.662769710316 117.108238669003 109.237944659065 100.571693981395 92.0538932295407 -9999 -9999 -9999 -9999 -9999 65.7134549758014 66.4902971772587 68.644370247336 72.1550171235028 76.9424398646635 82.3597569185145 88.3053533890668 93.5959907980526 97.4545099595014
-9999 -9999 -9999 -9999 111.152372388279 117.89807583304 122.454610880683 124.141102678636 123.435061510871 120.744821267969 116.536113682915 111.758339545306 107.739831082961 104.603955212761 101.692756989423 99.9117473994984 -9999 -9999 -9999 -9999 -9999 -9999 -9999 -9999 -9999 113.616643344655 118.799217168023 123.637379029218 129.330753775204 134.24587429271 140.753792706658 143.219426659977 143.397078458001 141.411753037397 137.360854092766 131.131366505342 123.307499661165 114.261178633746 104.464908319361 94.8507874993717 -9999 -9999 -9999 -9999 -9999 65.6252558091108 66.6206412315369 69.1210275257335 73.0220251363866 78.1201411696041 83.7299907347735 89.2070908265955 93.9601129644057 97.7264000387753
-9999 -9999 -9999 99.6139933642219 107.895490674412 115.016732215881 120.200514569002 122.648282555973 122.778701726128 121.258463186376 118.556947764228 115.673548417933 113.25109425713 111.247523251702 109.789773267858 109.062713034013 108.283759902505 -9999 -9999 -9999 -9999 -9999 -9999 -9999 -9999 125.236446773305 130.389118418974 135.310580421897 141.146936753217 145.830128725837 151.820475858801 153.125628751867 152.199239618638 149.06921117446 143.585475472843 136.164355334114 127.344488592709 117.48672692916 107.105183096493 96.8944865956026 87.7827267366297 -9999 -9999 -9999 -9999 -9999 67.6692519748912 70.7288737858043 75.0541417738971 80.2891325950623 85.9432913275326 91.3326319526224 95.8225501004387 98.7758008732515
-9999 -9999 -9999 96.8634387745577 105.128095346339 112.289815425873 117.324115921469 120.198718631969 120.863846498377 120.228454589844 118.714181563433 117.356440824621 116.474836181192 115.780635777642 115.230367884916 115.12954975577 115.76353931427 116.216392741484 116.609827294069 -9999 -9999 -9999 -9999 -9999 -9999 134.0878497853 138.76608096852 143.695884367999 149.303694332347 153.57947214912 155.994413824642 158.998020059922 157.351234211641 153.245904137106 146.789589601405 138.596200606402 129.167502908146 118.991379176869 108.472259016598 98.3615374845617 88.8937143998988 -9999 -9999 -9999 -9999 -9999 69.6111811469583 73.1051122441011 77.6705480182872 83.1398497749777 88.8477834813735 94.1754921744852 98.269390779383 100.915409032036
-9999 -9999 87.4454823241514 95.8636231141932 103.355171624352 110.172959860633 115.000670096454 117.626100259669 118.628958365496 118.201306006488 117.583535699283 117.134608998018 116.961446088903 117.047393574434 117.660699676065 118.441477803623 119.497328926535 121.189903399524 122.508410089156 123.906651496887 125.332845239078 127.156519665438 129.679995256312 132.431432163014 135.26151488809 139.080238398384 142.9268394919 147.762208826402 152.860778247609 156.353387832642 158.048452489516 160.055991789874 158.285685034359 153.670639038086 146.811371017905 138.503101685468 129.002193170435 118.778548801647 108.421081542969 98.6405052297256 89.5037890041576 -9999 -9999 -9999 -9999 -9999 -9999 75.9282146622153 80.7244853692896 86.4195737558253 92.251755770515 97.2947361890007 101.096289466409 103.378059387207
-9999 -9999 87.7108785124386 96.142983492683 103.059434329762 109.142314209658 113.33559625289 115.649318134083 116.259430436527 116.079966545105 115.836994732127 115.581268703236 115.506561223198 115.938779045554 117.115405531491 118.570219096015 120.193632770987 122.120496188893 124.582290621365 126.720138297361 128.648468578563 130.353373920216 132.727442460902 134.762116095599 136.720550929799 139.347649069393 143.381455645842 147.493266722735 152.125560592203 155.043455236098 156.287322324865 155.749896554386 153.57540399888 150.764718953301 144.110328842612 136.135247679318 126.992498846615 117.108276198892 107.233047204859 96.8085166145773 88.1370553970337 81.3467981114107 75.8205400074229 -9999 -9999 -9999 -9999 -9999 84.2402975138496 89.9246638522429 95.6700500600478 100.64272925433 104.18886902753 106.200563150294
-9999 81.821723615422 89.9630832952612 98.0300432373496 104.514234991635 109.914218874539 113.115988478941 114.667001079111 114.838775410372 114.373872280121 113.710735573488 113.349410505856 113.056222186369 113.409630635205 114.600958627813 116.221778112299 118.181216520422 120.52180517421 123.131189710954 125.639563560486 127.936332674587 129.665067728828 131.489422601812 133.097979040707 135.031394229216 137.171278168173 140.108407637652 143.765689120573 147.697518965777 150.274070627549 151.465814422159 150.921685443205 148.601633015801 144.110732134651 137.883130466237 130.319339920493 121.699564260595 112.602363923017 103.722720090081 95.7798746333403 88.4475579542272 81.8360836926629 77.6269865877488 75.2024116796606 -9999 -9999 -9999 -9999 -9999 93.6590670417337 99.2243201311897 103.931783788344 107.466036908767 109.547836023218
-9999 85.7709218894734 94.1122944495257 101.762377430411 107.526698729571 111.941569216111 114.294598270865 115.04945269753 114.6170278437 113.460450004129 112.062405249652 110.819812438067 110.173639634076 110.157619139727 110.899181365967 112.287943699781 114.273899919846 116.77595764048 119.574992965249 122.437193954692 124.739745841307 126.447342395782 127.946733362534 129.29411910562 130.65731643228 132.430614190943 134.255652259378 137.504517499138 140.708297168507 143.522446520188 144.836106749142 144.335175906911 142.263026237488 138.582628250122 132.975495731129 125.912749795353 118.028520920697 109.912820030661 102.166368035709 95.1868996339686 88.4441424538107 82.8811055071214 79.6331150672015 77.9457255251267 -9999 -9999 -9999 -9999 92.2650393317728 97.4421829896815 102.719580313739 107.247506927041 110.650838908027 112.841247782988
-9999 91.5555853703443 99.8813618211185 107.332542840172 112.223598059486 115.601778479183 116.882334905512 116.535749884213 115.316694259644 113.481921476476 111.391416942372 109.328064638026 107.643905443304 106.821965105393 106.95425196255 107.926502480226 109.632909999174 112.079296757193 114.892365848317 117.630712873795 120.017629034379 121.638019561768 122.73814310747 123.837071811452 124.572204141056 126.074363428004 127.792543803944 129.884705711814 132.801063537598 136.10132598877 137.67239559398 137.747133142808 135.918844054727 132.574293697582 128.015110857346 121.331626275006 114.439791342791 107.337506911334 100.500632173875 94.069325278787 88.7747447911431 84.124433966244 81.8818879407995 81.2527453198152 -9999 -9999 -9999 92.6771272210514 97.69444510516 102.479857500862 106.930647457347 111.16626144858 114.608651553883 116.961612533121
90.3745196146124 99.0606692678788 107.332308937522 114.284173572765 118.360030314502 120.586638478672 120.637830902548 119.330687943627 117.246918397791 114.747405753416 112.06196120206 109.19768484901 106.807661813848 105.023680771098 104.278306708616 104.684368189643 105.9026742262 107.954021089217 110.3967535636 112.888618272894 114.933453419629 116.514836171094 117.365223015056 117.98143975875 118.493170289432 119.507221053628 121.269490185906 123.075308743645 125.647287873661 128.435073964736 130.44469721177 131.15409823025 129.826527427225 126.638914500966 122.469448313994 117.177869235768 111.048918106977 104.760738260606 98.3803832110237 93.2156993080588 88.7284982344683 85.6513837926528 84.4534555322984 85.0135514034944 86.9169951046214 90.3794438979205 94.2372370888205 98.5410298740163 103.189185198616 107.889888651231 112.394919675939 116.158003863166 118.903224945068 121.088718526504
99.2470285331502 108.070925432093 115.89242626639 121.349937354817 124.991362179027 125.982577548308 124.949903852799 122.488171128666 119.537859748392 116.383757394903 113.294601608725 110.236971574671 107.167327740613 104.762670573066 103.494949088377 103.046911548166 103.767751216888 105.122738782097 106.934573734508 108.978029195 110.840052660774 112.092909476336 112.607763374553 112.893837059245 113.275130945093 114.263929871952 115.772918476778 117.511730586781 119.731564241297 121.934741300695 124.257603645325 124.914943975561 124.067437957315 121.675408868229 118.083245613996 113.178645190071 107.455044185414 101.988353112165 96.8365129583022 92.5037392728469 89.5434799474828 88.1448153888478 87.8528728485107 89.6369814592249 92.7161933674532 96.3511298123528 100.361561663011 104.684984655941 108.968235184165 113.23166735032 117.267087487613 121.061911358553 123.885101542753 125.292747946347
108.932292405297 117.578747973723 124.786897519056 129.298832360436 131.559760149787 131.279714948991 128.974126338959 125.60934602513 122.054849680732 118.558827512404 115.127876001246 111.888794225805 108.564146602855 105.828830158009 104.041713209713 103.034698822919 102.939063408796 103.685462418725 104.977804716896 106.571793219622 107.868200414321 108.656975016874 108.972639504601 109.005281953251 109.352741409751 110.003222774057 111.706096873564 113.340299213634 115.394716767704 117.59909545674 119.304244602428 120.201475760516 119.504349371966 117.16175253251 113.878858846777 109.621949420256 104.74296244453 100.007057526532 95.7755162295173 92.8430691045873 91.0691271108739 91.0146313835593 92.028678894043 95.0224001828362 98.5904850679285 102.846911710851 107.286246636335 111.724172143375 115.74255808662 119.368958192713 122.754219503964 125.928726308486 128.358718535479 129.855092721827
118.931778655333 126.764981662526 132.515192312353 136.227629689609 136.98460780873 135.551584215725 132.52766755048 128.728544010836 124.73175794938 120.961000891293 117.330098488752 113.99018646689 110.606918952044 108.017691556145 105.561420272378 104.145097676445 103.458544338451 103.713717460632 104.483125237858 105.355190136853 106.136683183558 106.60658084645 106.760120868683 106.873483181 106.964355608996 107.368216514587 108.904749954448 110.594481356004 112.712601100697 114.748302459717 116.311154533835 116.934878573698 116.206075219547 114.087331603555 111.340919550727 107.434207186979 103.206947382759 99.4461778191959 97.4072976392858 95.3915123098037 94.0738987642176 94.6616176717422 97.1553319482242 100.531777606291 104.950024212108 110.16448172401 115.368694754208 119.920657999375 123.668656293084 126.683509602266 129.255185856539 131.408331702737 132.956710591036 134.180146553937
127.662588652442 134.295409202576 139.184755325317 141.54647173601 141.280278879053 138.576699481291 134.855517303242 130.965881656198 126.905554434832 122.990579829496 119.456696117626 116.15809025484 112.987260033103 110.372799873352 107.870060696321 105.969559501199 104.971654948066 104.633484784295 104.845096083248 105.291434400222 105.720843287075 106.003272252924 105.927657043233 106.01204625298 106.073485570795 106.333531996783 107.486958672019 109.279560650096 111.365930725546 113.41152381897 114.81102141212 115.354098712697 114.774443233714 112.835972281063 110.625381077037 108.374484791475 105.30604390537 102.495349771836 100.265978588777 99.1397641686832 99.1359155318316 100.762081931619 103.927550820743 107.642536948709 112.38097858429 118.229668112362 124.02913497476 128.968427770278 132.660333521226 135.077323352589 136.586283403284 137.53455027412 138.051549462711 138.437065461103
135.431304286508 140.550364213831 143.709293730119 144.408200123731 142.882543171153 139.548027880052 135.508689852322 131.46510107377 127.656064818887 124.131401679095 120.953448463889 117.756129657521 114.987375427695 112.458783542409 110.147684602176 108.398303873399 107.284462760477 106.676170573515 106.438632011414 106.521148401148 106.709464886609 106.763957528507 106.594872334424 106.547663604512 106.517629399019 106.914550528807 107.926270541023 109.708389366374 111.702921306386 113.64018574883 115.205464924083 115.875101201675 115.409661573522 114.463090560016 113.438219855813 111.210521080915 109.004599010243 107.006753584918 105.620222540463 105.02067565918 105.814839194803 107.96647122327 111.925313669093 116.728702376871 121.418978971594 127.645754477557 133.776426820194 138.812758726232 142.066514520084 143.877858105828 144.493873708388 144.190654081457 143.616857304293 143.221601934994
140.897965880001 144.208403166603 145.336030932034 144.482440639945 142.072344555574 138.373843754039 134.433796433841 130.703661245458 127.28183482675 124.318242577945 121.499425663668 118.928045385024 116.797373042387 114.881672859192 113.153091374566 111.762769530801 110.925780689015 110.266587369582 109.979453283198 109.789076440475 109.495744733249 109.230141106774 108.927657576168 108.815011052524 108.669243335724 109.011720348807 110.052050899057 112.049264991985 113.968988979564 115.831970439238 117.559423671049 118.401323542875 118.376129206489 118.373430700863 118.2018922357 116.79426574707 115.254953833187 114.136552642373 113.560371118433 113.506024809445 114.194724531735 116.491974325741 120.8251136331 126.082375133739 131.745318861569 138.155517297633 144.338092523463 149.172648934757 152.065989326028 153.0987887663 152.532100901884 151.074981128468 149.496537601247 148.063895506017
143.621630051557 144.881024052115 144.178658429314 142.07994890213 139.211088517133 135.612344293033 131.952983295216 128.729715010699 125.980730561649 123.819983370164 121.848702823415 120.18858387891 119.070587719188 118.073743371403 117.396777096917 116.768672999214 116.232933044434 115.819624059341 115.346304781297 114.950243781595 114.46023161271 113.978768068201 113.220468633315 112.741295926711 112.538582184735 112.76764645296 114.036850704866 116.085142191719 118.249337084153 120.433659946217 122.354942265679 123.674790999469 124.315769027261 126.158233698677 125.787087552688 124.996030527003 124.19513909957 123.939010844511 123.70735505048 123.684644642998 124.351886019987 126.458203596227 130.539945658515 136.469436533311 142.882912804099 148.819386931027 155.381927826825 159.646304691539 161.821007055395 161.967208974502 160.462239938624 157.759313863866 154.842986162971 152.543522442088
142.878675264471 142.588653340059 140.564021419076 137.924363136292 134.989026630626 131.830205244177 128.857197705437 126.283240430495 124.300077157862 123.086018113529 122.099834947025 122.012363041148 122.448849790237 122.895065307617 123.268088957843 123.577695678262 123.523291419534 123.367029526654 123.040609303643 122.841643221238 122.153347127578 121.359643992256 120.244375425227 119.223488863777 118.806115655338 118.971500901615 119.934638472164 122.042164690354 124.334224139943 127.003131137175 129.606837104349 131.643733024597 133.283483505249 135.626379686243 135.959022297579 136.011919919182 135.529190175674 135.372145035688 135.191369785982 135.152905464172 135.671419311972 137.49662696614 141.162064944997 146.976871770971 153.482871616588 159.151314567117 165.801481499391 170.046020676108 171.412994777455 170.522320747375 167.780024865094 163.969188409693 159.923592567444 156.448949196759
139.875712282517 137.850656705744 134.727508797365 131.851562443902 128.984378029318 126.689756730024 124.624412256129 123.284997098586 122.510007746079 122.37646001928 123.339860691744 125.103851093965 127.578641162199 129.570333368638 131.427607872907 132.865442276001 134.293822569006 135.834244840285 135.911168378942 135.13955374325 133.489504870246 131.421936932732 129.337878956514 127.555063191582 126.254836194655 126.337301590863 127.166168268989 129.03412734761 131.541353618397 134.947395380806 138.692570966833 142.053736013525 144.444454473608 147.514137380263 148.305352603688 148.253264819874 147.961417142083 147.544726708356 146.981834692114 146.768715297475 147.285567227532 148.959741031422 152.272666987251 157.745273590088 163.950564580805 169.322298330419 175.321151172414 179.171385905322 179.889948143679 177.971277012545 174.285685623393 169.41146292406 164.244059169994 159.668239873998
