PREC/medie/CUMULATA_MEDIA_AMGLAS.asc
NCOLS 177 
NROWS 174 
XLLCORNER 1436301.375 
YLLCORNER 4916704.5 
CELLSIZE 1500 
NODATA_value -9999 
[rows 60 to 79 of 174, columns 46 to 91 of 177]
907.714431762695 898.237640380859 889.19563293457 880.898178100586 877.167221069336 873.030532836914 868.467697143555 869.009292602539 870.389038085938 871.706192016602 872.794586181641 873.722053527832 874.681594848633 876.18189239502 878.74877166748 880.316627502441 882.257614135742 893.180122375488 904.291389465332 915.630615234375 930.963653564453 947.002548217773 962.365478515625 975.474670410156 986.81867980957 997.855834960938 1006.05229187012 1007.84132385254 1010.58576965332 1013.44151306152 1008.9128112793 1004.70408630371 1000.95863342285 992.441955566406 982.60546875 972.558975219727 964.281845092773 957.571685791016 949.926391601562 944.006317138672 943.083847045898 941.836242675781 940.431015014648 942.925003051758 946.007186889648 950.068283081055
896.061370849609 889.022872924805 882.497894287109 876.965377807617 877.798080444336 878.461181640625 878.94677734375 880.134689331055 881.358596801758 882.29313659668 882.293869018555 881.650421142578 881.103103637695 881.459655761719 883.618194580078 884.719314575195 886.229682922363 898.195999145508 910.34831237793 922.729690551758 938.310150146484 954.501235961914 970.210220336914 982.784515380859 992.845443725586 1002.49183654785 1010.00775146484 1012.59962463379 1015.81723022461 1019.00634765625 1013.38363647461 1008.3348236084 1004.13505554199 996.323501586914 987.392013549805 977.870208740234 969.409225463867 961.917434692383 953.648147583008 946.874954223633 944.692260742188 942.241455078125 939.621780395508 940.219848632812 941.208587646484 942.879364013672
885.087020874023 880.577819824219 876.602127075195 873.84016418457 879.248413085938 884.612213134766 889.93000793457 891.573379516602 892.451751708984 892.905029296875 891.72624206543 889.410949707031 887.281845092773 886.410934448242 888.084548950195 888.777008056641 889.95849609375 903.086883544922 916.340896606445 929.749496459961 945.57307434082 961.886657714844 977.860687255859 989.838424682617 998.532043457031 1006.86807250977 1013.76672363281 1017.25830078125 1021.07279968262 1024.74667358398 1018.16291809082 1012.14929199219 1006.99510192871 999.348342895508 990.884475708008 981.966598510742 973.428817749023 965.240295410156 956.342758178711 948.716415405273 945.260055541992 941.688003540039 938.038726806641 936.872665405273 935.91618347168 935.298675537109
874.947944641113 873.075904846191 871.684295654297 871.695022583008 881.686294555664 891.626937866211 901.51416015625 903.379684448242 903.688171386719 903.546051025391 901.082901000977 896.985061645508 893.194839477539 891.011520385742 892.12516784668 892.474365234375 893.437759399414 907.85090637207 922.270492553711 936.693130493164 952.757888793945 969.169494628906 985.338775634766 996.673568725586 1003.9349822998 1011.0320892334 1017.36430358887 1021.83491516113 1026.34259033203 1030.61671447754 1023.16181945801 1016.10252380371 1009.66178894043 1001.83699035645 993.58332824707 985.346084594727 976.831024169922 968.018005371094 958.515319824219 950.055297851562 945.337921142578 940.732650756836 936.209823608398 933.469116210938 930.773376464844 928.075622558594
862.587097167969 863.522003173828 864.884384155273 867.588989257812 880.090469360352 892.523681640625 904.882827758789 907.010452270508 907.14924621582 906.812545776367 903.918594360352 899.20622253418 894.931137084961 892.351455688477 893.285079956055 893.671615600586 894.73063659668 909.858963012695 924.869903564453 939.721481323242 954.949813842773 970.228775024414 985.345458984375 995.514450073242 1001.41873168945 1007.3489074707 1012.47048950195 1015.47212219238 1018.18896484375 1020.5965423584 1013.14567565918 1005.93714904785 999.114608764648 992.174713134766 985.284942626953 978.913726806641 971.901260375977 964.207626342773 955.878631591797 948.420867919922 944.233062744141 940.340545654297 936.657669067383 933.670257568359 930.514541625977 926.968902587891
849.648338317871 853.45223236084 857.636566162109 863.041290283203 877.520492553711 891.912521362305 906.208145141602 908.639038085938 908.745223999023 908.3740234375 905.320159912109 900.333557128906 895.86701965332 893.111328125 893.955368041992 894.461090087891 895.677947998047 911.403549194336 926.917282104492 942.142822265625 956.421279907227 970.427032470703 984.348999023438 993.342147827148 997.976501464844 1002.74418640137 1006.56861877441 1007.80305480957 1008.54878234863 1008.95971679688 1001.75988769531 994.699966430664 987.874877929688 982.175048828125 976.986679077148 972.559417724609 967.121017456055 960.572830200195 953.483123779297 947.073837280273 943.416168212891 940.166305541992 937.209060668945 933.878616333008 930.234329223633 925.983337402344
837.056480407715 843.815399169922 850.947677612305 859.194839477539 875.790985107422 892.183456420898 908.348937988281 911.02717590332 911.076858520508 910.803085327148 907.721618652344 902.590148925781 897.834457397461 894.792770385742 895.438735961914 895.944702148438 897.196533203125 913.401168823242 929.399444580078 945.110702514648 958.568634033203 971.391021728516 984.111312866211 991.922470092773 995.279586791992 998.585494995117 1000.79449462891 999.941131591797 998.643264770508 997.069122314453 990.194686889648 983.503875732422 977.156234741211 973.135192871094 970.028015136719 967.30322265625 963.218292236328 957.585906982422 951.674682617188 946.302658081055 943.149703979492 940.401107788086 937.955413818359 934.100158691406 929.904342651367 925.16096496582
824.773986816406 834.62353515625 844.84024810791 856.025451660156 874.440231323242 892.533554077148 910.265533447266 912.873062133789 912.529388427734 912.012573242188 908.308471679688 902.239227294922 896.389297485352 892.600555419922 893.385147094727 894.230392456055 895.797134399414 911.461624145508 926.903106689453 942.035415649414 954.708053588867 966.674163818359 978.526184082031 985.511734008789 987.969085693359 990.202560424805 991.415298461914 989.739120483398 987.695785522461 985.43017578125 978.905914306641 972.588470458984 966.725494384766 963.858947753906 962.137542724609 960.39111328125 957.353408813477 952.811157226562 948.252105712891 944.101257324219 941.558502197266 939.420211791992 937.598770141602 933.118179321289 928.221405029297 922.833908081055
812.872589111328 825.976997375488 839.441551208496 853.677749633789 873.547485351562 892.981460571289 911.921585083008 914.088729858398 912.97021484375 911.834655761719 906.860931396484 899.002975463867 891.222305297852 886.235595703125 887.584915161133 889.187881469727 891.436798095703 905.601364135742 919.548324584961 933.187438964844 945.215774536133 956.756774902344 968.16487121582 974.755554199219 976.747528076172 978.336807250977 979.132308959961 977.70036315918 975.943588256836 973.983810424805 967.810333251953 961.86149597168 956.480926513672 954.43537902832 953.683990478516 952.51350402832 950.373474121094 947.060546875 943.981140136719 941.187805175781 939.33625793457 937.883453369141 936.754257202148 931.644409179688 926.003524780273 919.934432983398
801.06746673584 817.353019714355 833.93424987793 851.074981689453 872.247268676758 893.022125244141 913.344192504883 915.256378173828 913.542266845703 911.98291015625 905.944259643555 896.49658203125 886.781005859375 880.556427001953 882.449783325195 884.686141967773 887.466735839844 899.957427978516 912.247680664062 924.250396728516 935.476943969727 946.436599731445 957.186599731445 963.165252685547 964.470993041992 965.416870117188 965.812469482422 964.655242919922 963.199584960938 961.551315307617 955.734024047852 950.085357666016 944.980941772461 943.53678894043 943.600311279297 943.487640380859 942.723892211914 941.141174316406 939.619384765625 938.185134887695 937.010375976562 936.16471862793 935.597640991211 929.764862060547 923.264739990234 916.431091308594
791.648864746094 810.407089233398 829.370170593262 848.669692993164 870.412887573242 891.814926147461 912.824310302734 914.429489135742 912.187057495117 910.273742675781 903.620513916016 893.339340209961 882.435272216797 875.455551147461 877.752731323242 880.451934814453 883.592468261719 893.975631713867 904.155288696289 914.047607421875 924.064895629883 934.059555053711 943.738006591797 948.775497436523 949.159454345703 949.247543334961 948.961822509766 947.633972167969 946.004913330078 944.165267944336 938.902801513672 933.793609619141 929.216751098633 928.306182861328 928.979217529297 929.743148803711 930.207992553711 930.292602539062 930.258041381836 930.064758300781 929.112731933594 928.400756835938 927.897399902344 921.256011962891 913.82275390625 906.15739440918
800.331321716309 816.16877746582 832.131820678711 848.259353637695 865.536239624023 882.55046081543 899.260101318359 900.110015869141 897.814956665039 896.025283813477 891.580474853516 885.084823608398 877.577423095703 872.798568725586 874.692840576172 877.054840087891 879.756576538086 886.051879882812 892.164794921875 898.017547607422 905.376266479492 913.140258789062 920.502685546875 923.782836914062 922.865142822266 921.725692749023 920.231826782227 917.686508178711 914.863418579102 911.839950561523 908.291961669922 904.970779418945 902.147964477539 902.117736816406 903.360534667969 904.97477722168 906.775939941406 908.845489501953 910.61946105957 911.896041870117 910.772598266602 909.824554443359 909.035247802734 901.929168701172 893.961517333984 885.862777709961
809.055320739746 821.988311767578 834.99324798584 848.005035400391 860.868194580078 873.522216796875 885.931533813477 886.003387451172 883.624847412109 881.814315795898 879.406723022461 876.546279907227 872.513412475586 870.061111450195 871.650573730469 873.67578125 875.92448425293 878.081970214844 880.058609008789 881.772674560547 886.350357055664 891.792556762695 896.835556030273 898.341552734375 896.117980957031 893.728210449219 891.000839233398 887.212020874023 883.216278076172 879.06672668457 877.243362426758 875.774490356445 874.779434204102 875.726898193359 877.603942871094 879.959747314453 882.963241577148 886.901748657227 890.50212097168 893.34098815918 892.101135253906 890.939483642578 889.849090576172 882.269226074219 873.734649658203 865.129623413086
817.828926086426 827.876884460449 837.973785400391 847.935791015625 856.44645690918 864.771255493164 872.876907348633 872.144882202148 869.646087646484 867.647613525391 867.087432861328 867.697509765625 867.225509643555 867.235626220703 868.625473022461 870.315979003906 872.096206665039 870.066665649414 867.841644287109 865.325622558594 867.01220703125 870.0556640625 872.786514282227 872.512603759766 868.990310668945 865.342666625977 861.373138427734 856.33292388916 851.19181060791 845.970817565918 845.875930786133 846.312759399414 847.201713562012 849.202323913574 851.759712219238 854.796157836914 858.922485351562 864.675140380859 870.119354248047 874.5576171875 873.109954833984 871.615600585938 870.07048034668 861.92219543457 852.744049072266 843.566825866699
818.084266662598 826.820838928223 835.586273193359 844.205978393555 851.289840698242 858.22492980957 864.983383178711 864.939865112305 863.527893066406 862.559051513672 863.006195068359 864.598937988281 865.178497314453 865.627868652344 865.965484619141 866.46159362793 866.965209960938 861.961944580078 856.763793945312 851.261672973633 849.129455566406 848.098602294922 846.819122314453 844.148025512695 839.968322753906 835.713150024414 831.350769042969 826.66529083252 822.009208679199 817.378349304199 816.646926879883 816.343467712402 816.421371459961 818.407623291016 821.383972167969 824.834121704102 829.155967712402 834.813247680664 840.15202331543 844.486206054688 842.434684753418 840.230262756348 837.862731933594 830.140121459961 821.516510009766 812.943252563477
815.940628051758 823.821578979492 831.708053588867 839.466461181641 845.925430297852 852.253524780273 858.424713134766 859.421447753906 859.364944458008 859.676971435547 860.874908447266 862.797836303711 863.816879272461 864.243270874023 863.341430664062 862.462738037109 861.534805297852 853.811889648438 845.881820678711 837.621063232422 831.513977050781 826.123916625977 820.593276977539 815.434715270996 810.742607116699 806.011100769043 801.38752746582 797.275863647461 793.275451660156 789.363464355469 787.769142150879 786.494979858398 785.57869720459 787.488609313965 790.905830383301 794.768196105957 799.279220581055 804.824584960938 810.085418701172 814.357345581055 811.6640625 808.759132385254 805.625160217285 798.35669708252 790.340507507324 782.396728515625
813.568840026855 820.639122009277 827.686874389648 834.621337890625 840.493408203125 846.216659545898 851.759979248047 853.746276855469 854.996627807617 856.504104614258 858.374526977539 860.544052124023 862.043807983398 862.515029907227 860.428192138672 858.206771850586 855.876174926758 845.45085144043 834.812805175781 823.827667236328 813.798210144043 804.090034484863 794.426498413086 786.848350524902 781.756629943848 776.639518737793 771.825080871582 768.370384216309 765.039749145508 761.810577392578 759.345123291016 757.066505432129 755.121910095215 756.89631652832 760.720718383789 764.894508361816 769.506553649902 774.844657897949 779.950889587402 784.104682922363 780.704513549805 777.117713928223 773.321220397949 766.576469421387 759.251449584961 751.970245361328
805.597923278809 812.006736755371 818.362937927246 824.616424560547 830.028106689453 835.271697998047 840.311080932617 843.008285522461 845.202026367188 847.533782958984 849.862228393555 852.18635559082 854.069030761719 854.684173583984 852.001342773438 849.037170410156 845.908157348633 834.010711669922 821.904479980469 809.460304260254 797.450073242188 785.628814697266 774.091957092285 765.614562988281 760.822280883789 756.037101745605 751.643188476562 748.983436584473 746.464660644531 744.065246582031 741.598793029785 739.25373840332 737.245124816895 738.646881103516 741.96654510498 745.510200500488 749.106628417969 752.800537109375 756.268890380859 759.009185791016 755.762542724609 752.37963104248 748.834579467773 743.101463317871 736.907470703125 730.740531921387
790.76229095459 796.721405029297 802.600044250488 808.385650634766 813.533401489258 818.495544433594 823.230102539062 826.376190185547 829.160079956055 831.969024658203 834.596450805664 837.06721496582 839.326736450195 840.289367675781 837.741943359375 834.760025024414 831.520202636719 819.4775390625 807.178215026855 794.524055480957 782.347755432129 770.397560119629 758.921737670898 750.758483886719 746.688774108887 742.639717102051 738.959823608398 736.981666564941 735.156547546387 733.464561462402 731.36833190918 729.341690063477 727.626327514648 728.24072265625 730.208831787109 732.299263000488 734.020133972168 735.076622009277 735.957557678223 736.44522857666 733.64754486084 730.737495422363 727.68815612793 722.997352600098 717.932472229004 712.864692687988
776.031997680664 781.556182861328 786.957000732422 792.267669677734 797.145133972168 801.823310852051 806.255256652832 809.847511291504 813.235092163086 816.587097167969 819.58219909668 822.266830444336 824.79328918457 825.976715087891 823.434799194336 820.416320800781 817.110824584961 804.969451904297 792.572280883789 779.894790649414 767.740837097168 755.842361450195 744.509963989258 736.736030578613 733.473770141602 730.252670288086 727.382804870605 726.18310546875 725.095001220703 724.106178283691 722.382133483887 720.654594421387 719.16535949707 718.953460693359 719.50170135498 720.102165222168 719.931823730469 718.312301635742 716.608863830566 714.798034667969 712.451080322266 710.030685424805 707.515129089355 703.888954162598 699.986320495605 696.034729003906
