PREC/medie/CUMULATA_MEDIA_07.asc
NCOLS 177 
NROWS 174 
XLLCORNER 1436301.375 
YLLCORNER 4916704.5 
CELLSIZE 1500 
NODATA_value -9999 
[rows 96 to 119 of 174, columns 108 to 161 of 177]
22.8094708849402 19.1216713260202 16.0391859447255 13.5995774759966 11.7653656391536 10.7658401867923 10.2181612288251 9.9945007036714 10.2185427230947 11.11856183585 12.5119692648158 14.2959632698227 16.3857898361543 18.6354119076448 20.9434478107621 23.6360497825286 26.1871317256899 28.6309435122153 31.4562433993115 33.6380362808704 34.7428756549078 -9999 -9999 -9999 -9999 -9999 -9999 -9999 -9999 -9999 -9999 -9999 -9999 -9999 -9999 -9999 -9999 -9999 -9999 -9999 -9999 -9999 -9999 -9999 -9999 -9999 -9999 -9999 -9999 -9999 -9999 -9999 -9999 -9999
20.2146745359196 16.8301794599084 13.9531865891288 11.795466542244 10.4018485966851 9.76033622727675 9.47982651696486 9.83112626917222 10.74176475581 12.3220488358946 14.4972425173311 17.2501146688181 20.4151221934487 23.7053579232272 27.0391786659465 30.7369182460448 34.1518006833161 37.2313752998324 40.7947843285168 43.4944162210997 44.8911621605649 45.0785924424143 43.3960351523231 39.338011038654 33.3741754310973 -9999 -9999 -9999 -9999 -9999 -9999 -9999 -9999 -9999 -9999 -9999 -9999 -9999 -9999 -9999 -9999 -9999 -9999 -9999 -9999 -9999 -9999 -9999 -9999 -9999 -9999 -9999 -9999 -9999
18.4872390662923 15.1168898834902 12.5117335319519 10.6120231081458 9.48576992048937 9.14052705905017 9.34162148307352 10.056507860913 11.4732673518798 13.7072368018767 16.771943832145 20.5582460094901 24.8798397253541 29.4070186720175 33.8797817791209 38.4116304551854 42.796817981145 46.5196967405431 50.6349575502031 53.7179730797515 55.237687992699 55.1986385005362 52.8062429656001 47.6017322715591 40.1302068180898 -9999 -9999 -9999 -9999 -9999 -9999 -9999 -9999 -9999 -9999 -9999 -9999 -9999 -9999 -9999 -9999 -9999 -9999 -9999 -9999 -9999 -9999 -9999 -9999 -9999 -9999 -9999 -9999 -9999
17.5779202896006 14.0893476324923 11.6345556764042 9.98969672357335 9.13358953069238 9.13511712410871 9.45452564604142 10.4455076210639 12.3597096835866 15.1308128237724 18.941163056037 23.7019982513259 29.1286421803867 34.7853368871352 40.2454836491276 45.4601418060415 50.5356718669919 55.1289453751901 59.5413549454773 62.7665713078835 64.1037006343112 63.6058846168658 60.2539327670546 53.8455373206559 45.0763569491751 -9999 -9999 -9999 -9999 -9999 -9999 -9999 -9999 -9999 -9999 -9999 -9999 -9999 -9999 -9999 -9999 -9999 -9999 -9999 -9999 -9999 -9999 -9999 -9999 -9999 -9999 -9999 -9999 -9999
17.228747865733 13.8623784149394 11.5309359606575 9.98196668134016 9.21650314331055 9.27878013779135 9.73319361840977 11.0332742824274 13.1999225686578 16.3696609384873 20.7110886363422 26.1201550574864 32.2864044343724 38.7086752688184 44.8638688080451 50.635724474402 56.2267398168059 61.2293323313489 65.8792507034891 69.1177472419598 70.06116771698 68.7661123170572 64.5553804425632 57.0141296912642 47.3318918452543 -9999 -9999 -9999 -9999 -9999 -9999 -9999 -9999 -9999 -9999 -9999 -9999 -9999 -9999 -9999 -9999 -9999 -9999 -9999 -9999 -9999 -9999 -9999 -9999 -9999 -9999 -9999 -9999 -9999
17.2939160431133 13.9692081773982 11.7195852924796 10.2566538698533 9.5734568027889 9.56501699545804 10.3019169779385 11.7180511846262 14.0249375841197 17.358508867376 21.8642630682272 27.4716862054432 33.8100698800648 40.4341795006219 46.8405674976461 52.8421840089209 58.253132134676 63.8515095991247 68.2681751023321 71.927500780891 72.2882320512743 70.2703678713125 65.1941285676816 57.0969908728319 46.9821058371488 -9999 -9999 -9999 -9999 -9999 -9999 -9999 -9999 -9999 -9999 -9999 -9999 -9999 -9999 -9999 -9999 -9999 -9999 -9999 -9999 -9999 -9999 -9999 -9999 -9999 -9999 -9999 -9999 -9999
17.55596510803 14.5594806881512 12.4827179558137 11.1243149848545 10.4026656291064 10.4356937057832 11.1556047376464 12.6047586518175 14.8750327825546 18.1589628282715 22.4572549322072 27.7629755419843 33.7345013986616 39.9478292395087 46.0537366165834 51.9474928677082 57.5892296556164 62.6851065842544 67.5953490155585 70.8026807658813 71.1408585976152 68.6301020366304 62.9832733974737 54.6205042267547 -9999 -9999 -9999 -9999 -9999 -9999 -9999 -9999 -9999 -9999 -9999 -9999 -9999 -9999 -9999 -9999 -9999 -9999 -9999 -9999 -9999 -9999 -9999 -9999 -9999 -9999 -9999 -9999 -9999 -9999
18.2384912056081 15.5023092522341 13.4789368299877 12.0689674019814 11.3805077812251 11.660621993682 12.4768398754737 13.7016153405694 15.7799762101734 18.8315770415699 22.7433157002225 27.3907659965403 32.559968830908 37.9136714759995 43.3292517539333 48.8129760237301 54.3423131967292 59.4882590893437 63.9201041460037 67.3631553632372 67.5866180518094 64.9067700733157 59.2091355025768 50.9959385868381 41.7157894653432 -9999 -9999 -9999 -9999 -9999 -9999 -9999 -9999 -9999 -9999 -9999 -9999 -9999 -9999 -9999 -9999 -9999 -9999 -9999 -9999 -9999 -9999 -9999 -9999 -9999 -9999 -9999 -9999 -9999
18.7569137846722 16.5716386156924 14.7998564628994 13.4171218100716 13.0284650045283 13.1191145637456 13.9180099157726 15.2697075920946 16.9109933761989 19.5742168251206 22.9471640464138 26.8079626332311 30.9187144163777 35.3319021778948 39.8832911901614 44.7004596152726 49.8100505050491 54.7987606840975 59.0653073559789 61.4562495315776 61.9802478131126 59.5943264926181 54.0826158418375 46.4866705081042 37.9145747151445 29.7183520075153 -9999 -9999 -9999 -9999 -9999 -9999 -9999 -9999 -9999 -9999 -9999 -9999 -9999 -9999 -9999 -9999 -9999 -9999 -9999 -9999 -9999 -9999 -9999 -9999 -9999 -9999 -9999 -9999
19.4540726367165 17.8584694020888 16.1670557874091 15.5709734874613 15.2778505262207 15.241799372084 15.7355472164996 16.9879125672228 18.6121019808685 20.6633005825912 23.3607843483196 26.3637009157854 29.4699033007902 32.6762459751438 36.2070717408377 40.21281738141 44.7383991234443 49.0800106209867 52.9172298066756 54.8350928706281 55.1013949443312 53.2971788329237 48.331828080556 42.0583593074013 34.8543488023912 27.7567050150212 21.4808582330451 16.3172199235243 12.2439905124552 8.9247499546584 -9999 -9999 -9999 -9999 -9999 -9999 -9999 -9999 -9999 -9999 -9999 -9999 -9999 -9999 -9999 -9999 -9999 -9999 -9999 -9999 -9999 -9999 -9999 -9999
20.2702107534689 19.2025744091062 18.3665081472958 18.0792863491703 17.8718437342083 17.8935555991004 18.2370704272214 18.8829061546746 20.3084588261212 21.8951770680792 23.9741646594861 26.1227623066481 28.297462060171 30.4791529055904 32.84288893903 35.9223252675113 39.4673224372022 42.9271386511186 45.5897693371072 47.7922872480224 48.19846989828 46.4658575592672 42.9305612786728 37.7133150574039 31.7950611877091 26.1003391900483 20.5359908780631 15.9722394662745 12.3341872674577 9.49013907681493 7.62656999686185 -9999 -9999 -9999 -9999 -9999 -9999 -9999 -9999 -9999 -9999 -9999 -9999 -9999 -9999 -9999 -9999 -9999 -9999 -9999 -9999 -9999 -9999 -9999
20.9421347116723 20.6442521372262 20.7320346095983 20.902570470291 20.975934514228 20.9776988888488 21.0354967432864 21.3835766105091 22.0329120071495 22.7625734841122 24.5107835671481 26.014121393947 27.3687665848171 28.6028567797997 29.9998471614193 31.8889639675617 34.2046942325199 36.2804393417695 38.6591565258363 40.4370541064178 41.0845423244378 40.0955590789809 37.6497784011504 34.2942871591624 29.9663545427954 25.3390359159778 20.9424271951703 17.0124913918621 13.7443233500509 11.3847425466075 9.3876331448555 7.69195453734959 -9999 -9999 -9999 -9999 -9999 -9999 -9999 -9999 -9999 -9999 -9999 -9999 -9999 -9999 -9999 -9999 -9999 -9999 -9999 -9999 -9999 -9999
21.501059147365 22.3095597537125 23.0619658889139 23.6643781320137 23.966197308372 23.9427644364974 23.8997062199256 24.0374720903004 24.3468509842368 24.3121444618001 24.9014425593264 25.5224567371256 25.8422535289736 26.1418213686522 26.5046947493273 27.4061985208708 28.490438489353 29.9405511863091 31.5670171239797 33.1248393339269 34.1254347133286 34.2731915396803 33.5277514317456 31.8100597016952 29.1024553092087 25.6871569700101 22.1801465916283 19.0339596744846 16.0614611366216 13.7457769495599 11.6043874524972 9.78096688845578 -9999 -9999 -9999 -9999 -9999 -9999 -9999 -9999 -9999 -9999 -9999 -9999 -9999 -9999 -9999 -9999 -9999 -9999 -9999 -9999 -9999 -9999
22.2842331178048 23.6710257609101 24.8882629511987 25.918763925924 26.3251387468156 26.3312673665145 26.2677270077607 26.2722528401543 26.2768926357522 25.8401511171285 25.6847101134412 25.3294525023769 24.872800797224 24.0770233939676 23.3898110512425 23.4600081128233 23.6465148303439 24.3767485189087 25.4995705423986 26.8428645966684 28.1666554458001 29.3848992542309 29.76825208699 29.350298369632 28.3786117390675 26.4172223762554 24.0456737139646 21.5070732200847 19.2713465418886 16.8130648653297 14.6577568264569 12.7246720711975 10.9244163833997 9.12724203134284 7.50574389275383 -9999 -9999 -9999 -9999 -9999 -9999 -9999 -9999 -9999 -9999 -9999 -9999 -9999 -9999 -9999 -9999 -9999 -9999 -9999
22.6797464823022 24.2862082605853 25.6970159078346 27.0283340531237 27.491562973927 27.6178466178039 27.6167692962815 27.5831029450192 27.3946731327211 26.517612437115 25.7635099160321 24.5629810182487 23.1450715108829 21.7079172432423 20.3291697098928 19.6774876880295 19.3446926939137 19.4659582551788 20.1986228192554 21.3575298917644 23.0629652396721 24.7523673781577 26.1875362098217 27.1313506575192 27.2234582366312 27.1631246244206 26.0920009946122 24.453339740634 22.7425046563148 20.6607342774377 18.5767962231356 16.3868074487237 14.2439835588722 12.0147728472948 9.89750815226751 7.97905675979222 6.31154947114341 -9999 -9999 -9999 -9999 -9999 -9999 -9999 -9999 -9999 -9999 -9999 -9999 -9999 -9999 -9999 -9999 -9999
22.5665641690002 24.0191633964286 25.340258392341 26.6810894371832 27.1939615370596 27.4149301902336 27.4997568226912 27.4747600029497 27.1611644906156 25.973046721781 24.7536428895067 22.9257100995849 20.8434722896884 18.9545962258297 17.2369402892449 16.1307446474538 15.4527118074543 15.1927382542807 15.7175596882315 16.8715854497517 18.5613455386723 20.7685757314458 22.856355694287 24.7247463955599 26.2928027449285 27.678196693168 27.9839155095465 27.517009376603 26.6407192007584 25.197044337497 23.1450137636241 20.800403003307 18.2689143577043 15.3858090709237 12.7794760877595 10.2240914334269 7.96524685796569 -9999 -9999 -9999 -9999 -9999 -9999 -9999 -9999 -9999 -9999 -9999 -9999 -9999 -9999 -9999 -9999 -9999
22.0126193884541 23.2098015476676 24.1621716180268 25.1347359532819 25.5346636561786 25.7399073304499 25.8395611591199 25.7945132623701 25.2763074890656 23.9502527564764 22.4271761336747 20.4252855558606 18.1219876303392 15.8546690616538 14.1123296066242 12.8514888917699 12.0857061270405 11.8025277923135 12.074320222525 13.1588922160513 14.9656056016684 17.1142915978151 19.6915253549814 22.4487541309174 24.9735423747231 27.8964131246595 29.510632107363 30.4614377854502 30.7495041209109 29.8013851931866 27.9144462198019 25.3023548985229 22.2649294856717 18.8162805788657 15.593823368935 12.3833476883524 9.58771577740417 7.24254036650938 5.36738769008833 -9999 -9999 -9999 -9999 -9999 -9999 -9999 -9999 -9999 -9999 -9999 -9999 -9999 -9999 -9999
21.5300410547677 21.9061020235805 22.2544633079978 22.7901347533745 22.9089551822228 22.9408264239045 22.92670935743 22.7766633463256 22.1112721115351 20.717924524756 19.1722736998516 17.1593887315077 14.965769954464 12.8072036767707 11.0480590787004 10.0190640985966 9.32858810705297 9.06259867373635 9.35837549146484 10.2322323532665 11.9289962859715 14.0698749116238 16.9596980810165 20.0609550844221 24.0063633839874 27.4570407543112 30.6906837119776 32.9646232224563 34.2861730771906 33.9290392460192 32.2693087879349 29.5232149029479 25.8941511318964 21.9525077798787 18.0670283445541 14.2631433071459 10.9718733552624 8.28251243338865 6.10777707967688 4.63658724900554 -9999 -9999 -9999 -9999 -9999 -9999 -9999 -9999 -9999 -9999 -9999 -9999 -9999 -9999
20.9202710206018 20.8301205012728 20.467566572568 20.1089700907469 19.8030470583369 19.5393211648745 19.2931197241825 18.8192930686123 18.0362930665998 16.7751180520829 15.3805703240282 13.6058710984447 11.7593640395824 9.92274186190437 8.4419252127409 7.59545997749357 7.10604011048289 6.94952560084708 7.22708274862346 8.17295017224901 9.5662307765554 11.8003021671492 14.5310832901913 18.0373782673303 23.0200547348051 27.5043751413331 31.6320783364422 35.0414230621913 37.3329738317167 37.6179417038665 36.2152497645687 33.322874557446 28.5360390763072 24.2771252349896 19.8649989050977 15.5677868452142 11.9035535393392 8.9865122525131 6.66386525683543 5.15957677802619 -9999 -9999 -9999 -9999 -9999 -9999 -9999 -9999 -9999 -9999 -9999 -9999 -9999 -9999
20.3357460560168 19.4755038557684 18.5055913004805 17.7269257570014 16.648921036545 16.0231012588038 15.4001370273969 14.8229659927242 13.8598915141295 12.8494661095388 11.6699720809565 10.2471702076933 8.83198447613155 7.44784569214372 6.32879769100862 5.62656528634184 5.36618139550966 5.3416063426172 5.77749048699351 6.5128286060165 7.91000070379061 9.89047182307524 13.0594652382766 17.1276359750944 21.6259288156734 26.5019162744284 31.4984332323074 35.7390579213114 38.7857876560267 39.5805279875503 38.295897017507 35.088622168583 30.7206312978969 25.9244786045131 20.5983994068468 16.1750012802727 12.2662697364302 9.2852945783559 7.07735161351807 5.54080287542413 -9999 -9999 -9999 -9999 -9999 -9999 -9999 -9999 -9999 -9999 -9999 -9999 -9999 -9999
19.5772224165061 18.0773103833199 16.4858051231679 15.230089738965 13.8585236800068 12.6463905204745 11.8460073628846 10.9477128412794 10.2520337227513 9.4169896959382 8.49190693129511 7.49590476470835 6.43284720094765 5.46176696524901 4.66426618572544 4.21882228991565 4.07172241894638 4.15242647423464 4.56969645356431 5.30481071331922 6.62019395652939 9.01364323584473 11.8393730433548 15.5392471481772 20.1899931465878 25.4626521888901 30.8838652267176 35.5240095310351 39.1037706645096 40.1797231733799 38.8211719832 35.392733358285 30.9454493049313 25.9131122091237 20.8676331884721 16.2892682079007 12.1806931416778 9.22682519257069 7.17277230366188 5.76993539447294 4.74240836764083 4.11076902028392 3.78011269078535 -9999 -9999 -9999 -9999 -9999 -9999 -9999 -9999 -9999 -9999 -9999
18.5803952523891 16.3987283496296 14.2747149204507 12.6648759184515 11.2437119142098 9.83465854034704 8.74558693827952 8.07554821670055 7.39301756637938 6.69429301952615 6.0069340883809 5.3320238783079 4.607563676203 3.96612873147516 3.46410979856463 3.17875564186012 3.10890375691302 3.26577923052451 3.71864853886997 4.51271073169568 6.0878440211801 7.97781211663695 10.6146646028056 14.2534977504436 18.8759775512359 24.2864136503023 29.827309552361 34.6832411517115 38.0521556261708 39.326062234009 37.7799236423829 34.4421920495875 29.8145942425027 24.728358905105 19.82577867543 15.4566013059195 11.8124326257145 8.8627015124349 7.03870446936173 5.82964132200269 5.02061903564369 4.5762495906914 4.5035703532836 -9999 -9999 -9999 -9999 -9999 -9999 -9999 -9999 -9999 -9999 -9999
17.3172832280397 14.7640645004371 12.3251743842574 10.3457708402592 8.85516607060152 7.60940983321737 6.60586237250005 5.85633123666048 5.2733910596546 4.70735862106085 4.20550094895503 3.77463198409361 3.306412395309 2.90019199427436 2.59453610374647 2.44268464253229 2.4451615284471 2.75454104560263 3.12092916667461 4.11792766872574 5.38438025993459 7.09878364380668 9.63467482345946 13.0985198993893 17.6022990135586 22.8962581490769 28.3446313651169 33.0828405706322 35.9854833746658 37.1506246310823 35.7298925571582 32.3210776746273 27.7062893387149 22.7725234627724 18.1330624625963 14.1489075597595 10.8666384886293 8.55607012703138 6.74219417133752 5.63859127724872 5.11824953731369 5.00171108894488 5.20866862114738 -9999 -9999 -9999 -9999 5.37645811806707 4.8777043223381 -9999 -9999 -9999 -9999 -9999
15.5346162529553 12.7806568969699 10.313836689381 8.3422860555789 6.95075380057096 5.82446738025721 4.99844961964032 4.27825855989667 3.75322134442189 3.3281039867331 3.02895375209696 2.7018087252098 2.41189444941633 2.16074151414282 1.99083509077044 1.9174141454346 2.00008514172891 2.33030450037297 2.87005017522503 3.73567026327638 4.80811177720042 6.41451025140636 8.78601023379494 12.0379620360978 16.2822681630359 21.1895795306739 26.3254899452714 30.6118166902486 33.341944648939 34.0264613119995 32.8081076530849 29.4667514790507 25.0438979916713 20.3977029884563 16.1377435905092 12.5644687799846 9.69072376366924 7.73596956274089 6.35894168124479 5.32172549822751 5.11039738970644 5.25628407913096 5.72511537548374 -9999 6.88931422110866 7.17419102174394 7.19580835191643 6.94274656386936 6.41515809648177 5.76753703198012 5.37492144896704 -9999 -9999 -9999
