PREC/medie/CUMULATA_MEDIA_07.asc
NCOLS 177 
NROWS 174 
XLLCORNER 1436301.375 
YLLCORNER 4916704.5 
CELLSIZE 1500 
NODATA_value -9999 
[rows 60 to 79 of 174, columns 92 to 137 of 177]
154.165984658634 152.94315293256 151.142387390137 148.699882956112 145.582370084875 142.103159736185 138.685760498047 135.705428403967 132.890937131994 130.191414103788 128.044955534094 126.083864548627 124.426848916446 124.077157862046 124.271819170784 124.597377552706 125.070706087 125.720270044663 127.722265131333 131.263420553768 139.96560309915 148.163443621467 155.958798576804 162.159723618451 168.033402835622 173.457483628217 175.912452248966 176.89033239028 176.95526302562 173.459545359892 164.907471600701 156.435154634363 148.434951333439 142.903272292193 137.935880100026 133.496602002312 132.714705747717 132.223235410803 131.280145532945 130.297985750086 129.295986175537 127.505447612089 125.710155711455 123.91715891221 122.219090181239 120.691879048067
153.268147188074 151.985328225528 150.195283328786 147.547665315516 143.95471685073 139.919649909524 136.038347805248 133.033858579748 130.338600383085 127.865367216222 126.420547260958 125.125985762652 124.022852729349 124.091416751637 124.691941205193 125.552457024069 126.570760839126 127.788714689367 130.282796747544 134.018979240866 142.102535920985 149.577602610869 156.549188950483 161.939489476821 167.053377039292 171.869965497185 174.18234836354 175.149784761317 174.944504681756 171.456692863913 162.918983010685 154.700213264017 147.001441506778 141.972091226017 137.538492314956 133.682890948127 132.884219450109 132.315394233255 131.075118794161 129.967361898983 128.950496000402 127.114611008588 125.353637695312 123.776895859662 122.390445036047 121.163838330437
152.37459676406 151.02078852934 149.230039933149 146.377995659323 142.297657686121 137.734209621654 133.407099106733 130.412375057445 127.813402736888 125.511446111342 124.696740991929 124.090498531566 123.727109572467 124.410731147317 125.595854815315 126.89042932847 128.34825852338 130.026643640855 132.681948044721 136.267502728631 143.363774019129 150.048221363741 156.370287278119 161.119373994715 165.558317745433 169.670282700483 171.725715637207 172.605981265797 172.373731276568 169.116638632382 160.81563612994 153.066056868609 145.88366542143 141.565309412339 137.597524979535 133.99150354722 132.885228325339 132.037922354305 130.585001552806 129.419569800882 128.461861554314 126.591356614057 124.857432421516 123.502088210162 122.465342577766 121.61214985567
151.559223848231 150.117410996381 148.304768506218 145.279425452737 140.795524372774 135.813555549173 131.139317680808 128.227017122156 125.789149789249 123.728710398955 123.470403334674 123.478174546186 123.784255981445 125.097827238195 126.926528481876 128.693931130802 130.653408274931 132.891339021571 135.830634622013 139.404364641975 145.498035655302 151.360356050379 157.008198457606 161.062297596651 164.762292300954 168.097088533289 169.776198892032 170.434632245232 170.060984892004 167.143792993882 159.690765829647 153.051104601692 146.976786893957 143.007719825296 139.135008419261 135.360912547392 133.890067156623 132.749901491053 131.072319928338 129.752834095674 128.707712285659 126.651539970847 124.765316682703 123.452150905834 122.566805446849 121.903299219468
151.582696353688 149.818510167739 147.757554671344 144.672062817742 140.290367799647 135.381100822898 130.762692619773 128.071710249957 125.923434538 124.230617971981 124.146181443158 124.359897389131 124.943792904125 126.788730845732 129.316249847412 131.602736753576 134.141908533433 137.072302425609 140.431510925293 144.1197644402 149.076827105354 153.975967856014 158.82466394761 162.032235538258 164.842919293572 167.256518644445 168.383788613712 168.656749500948 167.997197768267 165.455859464758 159.315028022317 154.194636849796 149.590722701129 145.622061112348 141.542177536908 137.307587567498 135.383705812342 133.898545657887 131.946180455825 130.391448974609 129.169042026295 126.873347787296 124.782058940214 123.48715950461 122.716596042409 122.229697956758
151.698968550738 149.658520642449 147.322970670812 144.140368742101 139.831037409165 135.054052689496 130.572332045611 128.192550434786 126.381541308235 125.071909511791 125.18270223281 125.581194933723 126.324919981115 128.563834246467 131.665192547966 134.475283005658 137.593403984519 141.221230899586 145.115847868078 149.113344304702 153.086494670195 157.045356526094 160.990121953628 163.24428468592 165.070204342113 166.532630022834 167.056871301988 166.911123836742 166.081709469066 163.987227944767 159.296429577996 155.53794299855 152.182605743408 147.915903428022 143.528545828427 138.979769089643 136.754560358384 135.041186837589 132.747953078326 130.890441221349 129.430703331442 127.023523891673 124.854327257942 123.709860409007 123.079374425551 122.758353065042
151.94021135218 149.683124093448 147.030857310576 143.701708625345 139.425851036521 134.838211957146 130.570291855756 128.578588822309 127.136725257425 126.206790026496 126.514077130486 127.068371043486 127.87027089736 130.395112654742 133.979290681727 137.319342893713 141.01422478171 145.342497657327 149.806408377255 154.143054288976 157.140580121209 160.136549332563 163.130869697122 164.406639323515 165.246321958654 165.802586723776 165.747327916762 165.22137630687 164.290442522834 162.598293753231 159.191919887767 156.566799612606 154.268103206859 149.844357210047 145.337399426629 140.698683570413 138.064793530632 135.895223729751 133.001365886015 130.77993886611 129.263251360725 126.94153325698 124.844850427964 123.823736527387 123.303506065817 123.1136339973
151.466356389663 149.032037622788 146.101377823774 142.731732087977 138.722132065717 134.559382943546 130.726512684542 129.209900351132 128.227285946117 127.76982049381 128.613642299876 129.709425757913 130.963565377628 133.396123325124 136.574688182158 139.528284409467 142.822839175954 146.799758462345 150.796968796674 154.704416162827 157.538091098561 160.358811995562 163.163907892564 164.072805292466 164.480367323932 164.666555741254 164.388531628777 163.727162305047 162.91826023775 161.546959820916 158.765092961928 156.651390075684 154.879131541533 150.842500798842 146.731767542222 142.490986767937 139.267170176787 136.248650045956 132.383246253519 129.753968407126 128.499992370605 126.556879828958 124.745835921344 123.827521380256 123.398628908045 123.323755600873
150.744570788215 148.159880021039 144.980074714212 141.604996849509 137.936752319336 134.26923235725 130.939342723173 129.932964998133 129.423423093908 129.424613728243 130.813260022332 132.45922088623 134.168217378504 136.463164834415 139.143748115091 141.664025250603 144.540504904354 148.183295081644 151.769994399127 155.2748002445 157.98511168536 160.683161567239 163.365775837618 163.989266788258 164.032219381893 163.883533028995 163.411272161147 162.653528774486 161.952121734619 160.871869031121 158.701372483197 157.057522268856 155.729135401109 152.018999660716 148.208470064051 144.238029704374 140.340483272777 136.347869199865 131.507439781638 128.413904077867 127.418967078714 125.921999987434 124.502112220315 123.785622091854 123.496590782614 123.543466007008
149.908724616556 147.1664426467 143.783242618336 140.432201385498 137.148318795597 134.051558101878 131.317076514749 130.909330255845 130.867299472584 131.220589357264 133.047352734734 135.15949047313 137.282241596895 139.429074343513 141.574429792516 143.66934226541 146.136993183809 149.457641377169 152.691524281221 155.854627272662 158.509215411018 161.160142561969 163.807015138514 164.23569578283 163.980339050293 163.511045792524 162.848234962015 162.004312178668 161.36852870268 160.522692063276 158.92698467479 157.702430949492 156.718679764692 153.306895312141 149.732711791992 145.960192063276 141.363752701703 136.327297435087 130.536890815286 126.954357371611 126.21289174697 125.160432030173 124.147431093104 123.647457795985 123.501776078168 123.660225363339
147.435979282155 144.63423538208 141.156207589542 137.877113117891 134.952581517837 132.394996643066 130.265822466682 130.794062894933 131.583789825439 132.667159360998 134.742153279922 137.002703722785 139.203144185683 141.126548991484 142.827854156494 144.59084443485 146.671099831076 149.503329333137 152.212324030259 154.838792239918 157.115396611831 159.382025774787 161.642133376178 161.978209327249 161.674429949592 161.147150825052 160.485791150261 159.686219383689 159.247201582965 158.681178373449 157.437930387609 156.410626579733 155.531703724581 152.34809179867 148.945181678323 145.302115272073 140.552914114559 135.247101952048 129.253108080696 125.483830395867 124.838565602022 124.070814693675 123.356051501106 123.084888009464 123.099654702579 123.382110371309
142.653090308694 140.03072940602 136.702353533577 133.653201383703 131.143443612491 129.173728045295 127.726486206055 129.597097509048 131.611865660724 133.79126773161 136.002511753755 138.190382115981 140.261831059175 141.953337276683 143.323924793917 144.858894909129 146.616804459516 148.91461540671 151.061049068675 153.111750883215 154.930680443259 156.74717353372 158.569373635685 158.908174626967 158.705177755917 158.265146143296 157.720001893885 157.057978686164 156.850869122673 156.56627295999 155.631146599265 154.808541690602 154.0751544728 151.179310293759 148.025772992302 144.61247993918 139.822058509378 134.307112076703 128.095714793486 124.110689499799 123.542962691363 123.022505816291 122.577757891487 122.499593846938 122.636297786937 122.991334802964
137.606401106891 135.143922917983 132.089816598331 129.395493675681 127.436647751752 126.020945380716 125.137289944817 128.246584948371 131.417834786808 134.657281314625 137.001189512365 139.096783694099 141.099482704611 142.62753722247 143.731942232917 145.033489115098 146.469215841854 148.222510169534 149.818377999698 151.312784755931 152.698196186739 154.079161475686 155.465042338652 155.789276123047 155.69580302519 155.421490837546 155.066184997559 154.613616718965 154.492322585162 154.306087045109 153.507111044491 152.863764370189 152.351674023797 149.811956517837 146.993432437672 143.929858712589 139.230529336368 133.610784418443 127.139378042782 122.88548413445 122.357259638169 122.03123810712 121.818133634679 121.8936289619 122.117765314439 122.505601097556
132.28931427002 129.965094622444 127.20403065401 124.864641077378 123.428020140704 122.487090840059 122.048151913811 126.3111372555 130.562667061301 134.785331950468 137.268797032973 139.266057855943 141.208047081442 142.600310493918 143.474948322072 144.580473507152 145.748348236084 147.003976485308 148.103484658634 149.099245183608 150.031938889447 150.958179473877 151.888267068302 152.101247226491 152.006500019747 151.782258202048 151.459217969109 151.005725411808 150.75150456148 150.443775401396 149.657619476318 149.061520744773 148.636580074535 146.117151596967 143.258688534007 140.15104563096 135.808837666231 130.756740345674 124.760783924776 120.734528485466 120.294226478128 120.205832761877 120.283373888801 120.55057480756 120.908688489129 121.373525956098
124.956084083108 122.851475659539 120.46000884561 118.457433251774 117.33459966323 116.668816510369 116.467363020953 121.80278340508 127.062581342809 132.196896384744 134.979046428905 137.059016957003 139.118121876436 140.584014331593 141.456830978394 142.58584504969 143.70564213921 144.654126896578 145.441096698537 146.114147298476 146.621012855979 147.114996293012 147.611886641558 147.643123402315 147.461108488195 147.210520351634 146.817256029914 146.222638971665 145.71411446964 145.180797576904 144.411565892837 143.868855420281 143.54591773538 140.95230214736 137.955552493825 134.726872836842 130.968772215002 126.884504430434 121.751910265754 118.22242826574 117.935881895178 118.128205916461 118.541870341581 119.031792808982 119.557519576129 120.125219906078
117.568133185892 115.688268661499 113.640333063462 111.950544245103 111.114644218894 110.700149311739 110.689991109511 117.071697908289 123.349485172945 129.452921586878 132.618685666253 134.841544207405 137.058924731086 138.645359824685 139.561937780941 140.68235913445 141.717932757209 142.31004524231 142.766161638148 143.121289982515 143.211001452278 143.282181234921 143.365095811732 143.222746680765 142.973041758818 142.74950947481 142.346039940329 141.668622858384 140.943956262925 140.199230194092 139.473189410041 138.915348052979 138.528246935676 135.697147369385 132.381643631879 128.851010939654 125.449463115019 122.172822166892 118.137797187356 115.375959957347 115.473635168637 116.00434662314 116.749533597161 117.452677782844 118.145676332362 118.815593046301
110.105013342465 108.460189033957 106.727769571192 105.325652178596 104.751482739168 104.568988912246 104.711305281695 112.12291134105 119.434811648201 126.567081002628 130.196993883918 132.613540312823 135.019620110007 136.758467169369 137.744912876802 138.835586323458 139.767559500302 139.97575041827 140.0849275028 140.110248677871 139.782736497767 139.436872370103 139.123759662404 138.811154533835 138.502709669225 138.328530704274 137.954918805291 137.25861493279 136.392847846536 135.492513768813 134.787663291482 134.179402856266 133.676491344676 130.657545201919 127.093983369715 123.349844988655 120.301534989301 117.820383632884 114.854807348812 112.869327096378 113.322826048907 114.160888335284 115.205576167387 116.097544389613 116.935204001034 117.67646520278
105.020066597882 103.76985353582 102.515110857346 101.554924123427 101.355984295116 101.522931575775 101.913199677187 109.059534746058 116.066861601437 122.844558603623 126.414389105404 128.791842404534 131.146353328929 132.903981152703 133.953133302576 135.010826671825 135.897661770091 136.017752142514 136.094507890589 136.13654462029 135.670847387875 135.167991301593 134.710563771865 134.351210313685 134.04966803158 133.991275001975 133.789617201861 133.337012571447 132.587563009823 131.726504830753 130.874238743502 130.058738820693 129.285554773667 126.169620513916 122.486839518828 118.65098437141 115.916584014893 114.139961242676 112.144979925717 110.881740794462 111.607089210959 112.675250558292 113.947787901934 114.979674058802 115.919612884521 116.688157474293
100.775945775649 99.9286695929135 99.1466266688179 98.6174854671254 98.7630779041964 99.2449067901163 99.9304921767291 106.426219435299 112.85656934626 119.056239520802 122.494143205531 124.829441519345 127.130085889031 128.915358599494 130.051249672385 131.12627399669 132.024756599875 132.115150002872 132.193956038531 132.263025620404 131.676059947294 131.024702969719 130.424465628231 130.014207166784 129.722816467285 129.684348386877 129.551058376537 129.235445807962 128.609453537885 127.845768984626 126.900287067189 125.933679692885 124.935919368968 121.766178018907 118.014045827529 114.138712041518 111.740586224724 110.726575627046 109.668138504028 109.122393888586 110.08215231054 111.313244651346 112.71841397005 113.798520705279 114.79564296498 115.648321039536
97.0626050163718 96.6304550731883 96.2713508886449 96.1222905551686 96.5593527345096 97.3029147877413 98.2426524442785 104.046731612262 109.860697970671 115.466260292951 118.741040173699 121.017715678496 123.229472328635 125.004257089951 126.194296892952 127.316586887135 128.269185010125 128.369265724631 128.470276664285 128.572740442613 127.876200283275 127.077456081615 126.323349672205 125.845998764038 125.554157369277 125.419699724983 125.238371736863 124.955698630389 124.464008836185 123.861543711494 122.874845560859 121.805502050063 120.615787506104 117.416187398574 113.619331359863 109.726105746101 107.65639148039 107.448285719928 107.304515726426 107.473485441769 108.64331817627 110.004962696749 111.498665416942 112.610839394962 113.65964642693 114.614169289084
