PREC/medie/CUMULATA_MEDIA_10.asc
NCOLS 177 
NROWS 174 
XLLCORNER 1436301.375 
YLLCORNER 4916704.5 
CELLSIZE 1500 
NODATA_value -9999 
[rows 100 to 119 of 174, columns 0 to 45 of 177]
69.8008735881132 69.1626787746654 68.556121377384 67.9677284465117 67.4484229368322 66.9683466518626 66.533494163962 66.2479184094597 66.0056404786951 65.8201090868782 65.7414113213034 65.7588386535645 65.8383838429171 65.9918681873995 66.3541864507339 66.7951977673699 67.2910124834846 68.7381472868078 70.3270205329446 72.1171555238612 74.4588072159711 77.0832721485811 79.542605007396 81.6418626448687 83.1225078807158 84.3897153068991 85.4916082270005 85.6255584043615 85.7542395311243 85.8767556022195 85.8360712948967 85.7531959870282 85.6815201815437 85.6638363389408 85.7008348352769 85.8169927877538 86.0344847791335 86.5853106554817 87.1988490609562 87.8609235987944 89.0025852427763 90.1781374987434 91.3306993596694 92.5200774248909 93.7311292536118 94.8765732260311
68.7851133907542 68.1776493296904 67.6161631415872 67.0835291918586 66.664062724394 66.2935200859519 65.9772775313433 65.8305141224581 65.7259766073788 65.660057516659 65.6374064052806 65.653216193704 65.6981728497673 65.79337905435 66.031208374921 66.3092573951272 66.6151311537799 67.6574714885038 68.8462405485265 70.2782142863554 72.403927971335 74.8785263510311 77.2825789732092 79.4599052877987 81.2544657763313 82.7997146494248 84.1585790970746 84.4942119822783 84.8186691508574 85.1294320891885 85.2042329732109 85.2168578260085 85.2309469054727 85.250655707191 85.2763257026672 85.3675677916583 85.5473269855275 86.0186151055729 86.558508312001 87.1512779348037 88.2677502912634 89.4217336318072 90.5531079909381 91.7014105179731 92.8596176820643 93.9786333196303
67.7792384203743 67.2239719839657 66.7220883088953 66.2580211863798 65.9498845268698 65.6896958070643 65.4812812805176 65.4632223914651 65.4862990659826 65.5322688607609 65.5563032486859 65.5632333194508 65.5823745727539 65.6290265251608 65.7530472699334 65.8983430301442 66.0578071369844 66.7351505055147 67.5515517066507 68.620215696447 70.5271743325626 72.8471858080696 75.1606771805707 77.384838104248 79.4592295814963 81.2687825595631 82.8783498651841 83.4100120207843 83.9246275845696 84.4182115723105 84.6026475008796 84.7063202016494 84.8065309805029 84.863581236671 84.8783352795769 84.9473284833572 85.0923046785242 85.4871761939105 85.9522958923789 86.4713409087237 87.5582876205444 88.6869297588573 89.7949830223532 90.9000922932344 92.0033531188965 93.0875615512624
66.7793102264404 66.2879906822653 65.8545094658347 65.4679200789508 65.2794020035688 65.1312724842745 65.0252267052145 65.1304848614861 65.2751188839183 65.428253622616 65.4921989440918 65.4851824816536 65.486104516422 65.4925136566162 65.512523651123 65.5527008281035 65.6060005636776 65.9568206562715 66.4293749192182 67.1338540245505 68.823190240299 70.9871010499842 73.1778134738698 75.4192226634306 77.7396781023811 79.8005537145278 81.6550431251526 82.3773838772493 83.0766181665308 83.7475149210762 84.0354600092944 84.2254849321702 84.4125336759231 84.5072172669803 84.5118066843818 84.5619792237001 84.6759627566618 84.998384587905 85.3875010714811 85.8275902972502 86.8797856499167 87.9785271251903 89.0606543597053 90.1199779510498 91.165688346414 92.2048575457405
65.6143693362965 65.232349059161 64.911813399371 64.6407453873578 64.571138494155 64.5340668173397 64.5297080769258 64.739699195413 64.983871235567 65.222817140467 65.3206872379079 65.3087907678941 65.3003376231474 65.2811725840849 65.2320715960334 65.2014780605541 65.1824846828685 65.4236330144546 65.7737339244169 66.332888098324 67.8907785976634 69.9202861785889 72.0094758202048 74.2353849971996 76.6760715035831 78.8639588075526 80.8380450641408 81.6102011624505 82.3544120227589 83.0642420544344 83.4707306132597 83.8005058765411 84.1274585864123 84.3082543541403 84.34763898569 84.4237641867469 84.5484050862929 84.8295364940868 85.1738043672898 85.5661303576301 86.5370954064762 87.5528908897849 88.5561635073494 89.5469122493968 90.530153947718 91.5194004283232
64.5012213763069 64.225456237793 64.0084979113411 63.8429999631994 63.8818186591653 63.9468964969411 64.0373250175925 64.3441324794994 64.6810027851778 65.0046884873334 65.1353584738339 65.1202018962187 65.1042033924776 65.0615848092472 64.9491748809814 64.8533968083999 64.7678248461555 64.9360733032227 65.2032320359174 65.6577307757209 67.1026208540973 69.0054609635297 70.9998884762035 73.207116800196 75.7429681665757 78.0358020558077 80.1062584764817 80.9002318101771 81.6593430042267 82.3762057528776 82.9070210316602 83.3910792014178 83.8719400237588 84.1516740602605 84.2384004873388 84.3535433657029 84.5011400194729 84.7506852009717 85.0601806640625 85.4151064648348 86.2936427172493 87.2131780736587 88.123654870426 89.0401368982652 89.9600938909194 90.8957950367647
63.4949275746065 63.3257318384507 63.195634729722 63.1147503572352 63.2403244691737 63.3884696960449 63.557596543256 63.9447397344253 64.3621156355914 64.7751683627858 64.9420406117159 64.9285003437715 64.9106357798857 64.8497139425839 64.6800332910874 64.5227241516113 64.3728936139275 64.4704930922564 64.6520085054285 64.9901541541605 66.3099382063922 68.0742512871237 69.9573207743028 72.1308012008667 74.7447865430047 77.1493698568905 79.3303147484274 80.1610856897691 80.9467443999122 81.6784138679504 82.3422297449673 82.9873441387625 83.6234300978043 84.0029641039231 84.1384066273184 84.2967751306646 84.4718346175026 84.694539827459 84.9769892973058 85.3045175215777 86.1005718006807 86.9324065937715 87.7547638837029 88.6016188228832 89.4629150839413 90.329018648933
62.7386418510886 62.6548596550437 62.5905996210435 62.5606440375833 62.6761930129107 62.8132419586182 62.969705693862 63.3584623897777 63.7813379624311 64.2105959723978 64.3988768633674 64.4145011901855 64.4215314528521 64.3711400873521 64.1815397599164 63.9990318522734 63.8204784393311 63.8393654542811 63.9265899658203 64.1404024011948 65.3025226593018 66.8863748662612 68.6166073294247 70.7298783134012 73.4128074645996 75.9203803679522 78.2149159768048 79.1947027655209 80.1172332763672 80.9726100248449 81.744904237635 82.4948950374828 83.2306464139153 83.7054148561814 83.9333876581753 84.1783568298115 84.4152146788204 84.6150549580069 84.8744008681353 85.1784466294681 85.8956380170934 86.6434450710521 87.3813441781437 88.1638878654031 88.9728315016803 89.7756788590375
62.1117771373076 62.1077056772569 62.1024980545044 62.1067238414989 62.1574854009292 62.2257705015295 62.3093929851756 62.644131492166 63.0155971751494 63.4019307529225 63.5945040758918 63.6524211659151 63.6981556836297 63.6751845864689 63.4909940607408 63.309456208173 63.1293351790484 63.0580210966222 63.0393974079805 63.1176970986759 64.0863713657155 65.4440756405101 66.9747241525089 68.9954255608951 71.7317877376781 74.3271631353042 76.7343576936161 77.9805730651407 79.1589910002316 80.2588254704195 81.1099033355713 81.8997342586517 82.6695707124822 83.2334850114935 83.6043533577639 83.9866858790903 84.3258757310755 84.507467844907 84.7483576606302 85.0335913265453 85.6762851546792 86.3445073296042 87.0024004543529 87.7271007089054 88.4913606643677 89.2386160457835
61.5888338649974 61.6329158334171 61.6742094825296 61.7020571091596 61.6799022450167 61.6754587958841 61.6859234080595 61.9666470359353 62.285605318406 62.6248446632834 62.818909925573 62.9150491602281 62.9931054956773 62.9907499201158 62.8057381125057 62.6192644904642 62.4321018667782 62.2639487771427 62.1376776414759 62.0865190730375 62.8667535220875 64.0029909470502 65.3136451945585 67.2238745969885 69.9935773400699 72.6718917734483 75.1923478911905 76.7042357500862 78.1461114182192 79.5077949832468 80.4537440468283 81.2993653241326 82.1130883693695 82.7763653642991 83.2997820657842 83.8367746016558 84.2962715625763 84.4780484508066 84.7176750127007 85.0003721012789 85.584788013907 86.191055690541 86.7900414186365 87.4780288023107 88.2188092961031 88.9229775597067
61.2607768002678 61.3210612465354 61.3784911772784 61.405769628637 61.3154284533332 61.2426647859461 61.1841537812177 61.3997067283182 61.6537687077242 61.9337841482723 62.1086056653191 62.2155454299029 62.2996891246123 62.2983352997724 62.1063873627607 61.9090754565071 61.7085755292107 61.4569041308235 61.2358807956471 61.0690374935375 61.6652784908519 62.5820162156049 63.6696212431964 65.451426562141 68.2116188722498 70.9356621012968 73.540675163269 75.326205814586 77.0410818492665 78.6761975288391 79.728021775975 80.6412174982183 81.5088899977067 82.2681523912093 82.9280838405385 83.6062620387358 84.1771495762993 84.3657420242534 84.6102050332462 84.8960409164429 85.4301528089187 85.9828616871553 86.5320350983564 87.1900221880745 87.9125082913567 88.5761326060576
61.3307491751278 61.3556814193726 61.3759025124943 61.3626406052533 61.2268520804013 61.1089040531832 61.0049368914436 61.1359844768749 61.3011611489689 61.4971658482271 61.594536781311 61.630342427422 61.6369061189539 61.5715778575224 61.3512881222893 61.1213083828197 60.8858774409575 60.6074951396269 60.3490383484784 60.1249941657571 60.5589428508983 61.264853814069 62.1381746740902 63.712986721712 66.2579604878145 68.820551591761 71.3315588726717 73.4248154303607 75.4472283195047 77.3907294553869 78.5879490235273 79.6109529803781 80.5752597416148 81.3800363680896 82.0398066464592 82.7220651682685 83.2977336014018 83.4948333712185 83.7460356319652 84.037121071535 84.5424203311696 85.0649052227245 85.5878007552203 86.223497839535 86.9260833403643 87.5477737538955
61.3999833499684 61.3865098392262 61.3718749775606 61.3210225385778 61.142798648161 60.9846459557028 60.8415715273689 60.8935333700741 60.9727744495167 61.0791127260994 61.0937313192031 61.0530388775994 60.9805835836074 60.8507509231567 60.6009253333597 60.3381807663861 60.0684554156135 59.7638857785393 59.4713757458855 59.1991205215454 59.4779777526855 59.9808518465828 60.6364683263442 62.0009309544283 64.3274122686947 66.7249058555154 69.1408811176524 71.5372714435353 73.8762859176187 76.1520318143508 77.5171072342817 78.6725459659801 79.7527670018813 80.6217763143427 81.3004504231846 81.994458955877 82.5810021652895 82.7927251703599 83.0533299165614 83.349840556874 83.8265639192918 84.3156397202436 84.7998731837553 85.4009703467874 86.0714124791762 86.6615090089686
61.4684179530424 61.4149108213537 61.3668038424324 61.2800128600177 61.0612408133114 60.866231581744 60.6884438570808 60.6651338689467 60.6608220268698 60.6740157183479 60.6024407779469 60.4814695470473 60.3291237775017 60.1346651526058 59.8544466916253 59.5589880662806 59.2556585424087 58.9254968306598 58.6023038415348 58.290542714736 58.4215871025534 58.7294672236723 59.1646258410286 60.3158976610969 62.4209853901583 64.6499003803029 66.9698237811818 69.6646036540761 72.3307459775139 74.9658000889946 76.5249720461228 77.8396441095016 79.0591722656699 80.0155385382035 80.7368149476893 81.4528584199793 82.0587032121771 82.2934224184822 82.5674937753116 82.8703459851882 83.3192798951093 83.7713643803316 84.20197986154 84.753441137426 85.3766386368695 85.9472204657162
61.822507241193 61.7561278623693 61.7013419656193 61.607964515686 61.3880908068489 61.19506594714 61.0206268534941 60.8700066734763 60.7259295407463 60.5909871494069 60.3756860284244 60.1156000810511 59.8255246106316 59.5417143877815 59.2677111906164 58.975580552045 58.6759963877061 58.4017330057481 58.1281296225155 57.8563117419972 57.9144798727596 58.1021758247824 58.3912113975076 59.2896458120907 60.9868627436021 62.8632875330308 64.8974346273086 67.6301470924826 70.3655866454629 73.1036862485549 74.9142153403338 76.5092346527997 77.9883896603304 79.1413020526662 80.0054077541127 80.8431117674884 81.5390249420615 81.7714484439177 82.0337387533749 82.3177680969238 82.693078994751 83.0608082378612 83.3904357236974 83.8171875336591 84.3014986935784 84.7606621349559
62.1757881501142 62.1005882375381 62.0415657267851 61.9444881887997 61.7274104847627 61.5411928962259 61.3756003099329 61.0948283251594 60.8102735070621 60.5285186767578 60.1693957833683 59.7686080932617 59.3360008351943 58.9632311428294 58.7018824745627 58.4201495226692 58.1329327751608 57.9302569557639 57.725578027613 57.5181851667516 57.5264536913703 57.6193043203915 57.7944104811724 58.4459573521334 59.711095978232 61.2015948576086 62.9123728696038 65.6246261035695 68.3676130631391 71.1430627598482 73.2161900015438 75.1175847895005 76.882322956534 78.2556522874271 79.2855325867148 80.263513621162 81.0602355283849 81.2762454537784 81.5126295650707 81.7637914208805 82.0458305022296 82.3103476131664 82.5230901381549 82.8017536612118 83.1194212857415 83.4339119406308
62.5238355748794 62.44114410176 62.3742871003992 62.2693396175609 62.0506532332476 61.8668753680061 61.7055850870469 61.2875930000754 60.8614497465246 60.440401357763 59.9452389548807 59.4115074382109 58.8371908524457 58.3783809437471 58.1304214140948 57.8604195538689 57.588004953721 57.4585873659919 57.3366796269136 57.22657809538 57.2166000254014 57.2513698690078 57.3810591978185 57.8520990820492 58.7551962908577 59.891027394463 61.3014949349796 64.0135582194609 66.7757032057818 69.5901194460252 71.9288989235373 74.1358822373783 76.1770316853243 77.7609331748065 78.9471569622264 80.0209154521718 80.8687551722807 81.0189284717335 81.1790257622214 81.3462901956895 81.4838438034058 81.6021774516386 81.6763871697818 81.7853339139153 81.9147448820226 82.0213347042308
62.9395947175867 62.9130581687478 62.9001225864186 62.824278494891 62.5777205298929 62.3709634893081 62.1891638250912 61.660603130565 61.1232003604665 60.5923268374275 59.9828393599566 59.333342888776 58.6345643436208 58.096500565024 57.8451313691981 57.5704815808464 57.2972235960119 57.2168071410235 57.1542701160207 57.1183319652782 57.1199714997235 57.1456085092881 57.2777945013607 57.6348051744349 58.2714384864358 59.1467608283548 60.3166671079748 62.8736779830035 65.5028324127197 68.2060169893153 70.7484710356768 73.2140019921695 75.4852752685547 77.2502347721773 78.5785566217759 79.7337233599495 80.6319906010347 80.7612235686358 80.8896568522734 81.0175281973446 81.0702386182897 81.1032252592199 81.0997785680434 81.1118601630716 81.1331563837388 81.1124089184929
63.3917298036463 63.4570187961354 63.5355450686287 63.512770877165 63.2277642418357 62.9868160696591 62.7724697449628 62.1553669536815 61.5321535783656 60.9176511203542 60.2154043422026 59.4695025612326 58.6661797130809 58.0608789219576 57.7988561742446 57.5118412691004 57.2298179514268 57.1820024602553 57.1621278875014 57.1828024808098 57.2296115089865 57.2984526578118 57.4862048766192 57.8035820231718 58.2798681259155 59.0023430655984 60.0021217570585 62.2454324049108 64.5807447433472 67.0093404545504 69.6883616166956 72.3599994883818 74.8086128234863 76.7206925223855 78.174230743857 79.3935968735639 80.3415098190308 80.5032483830172 80.653668571921 80.7960013221292 80.8362808227539 80.857832403744 80.8505842545453 80.853837518131 80.86331244076 80.8111614900477
63.8562910416547 64.0148890439202 64.1814376045676 64.2056686737958 63.8786728802849 63.5975591996137 63.3432193082922 62.6293627795051 61.914807768429 61.2143930547378 60.4169518526863 59.5724616892198 58.668721703922 58.0015326668234 57.7328128814697 57.4590494492475 57.2025311974918 57.2205463297227 57.2794123256908 57.3963032890769 57.5272492801442 57.674323979546 57.9211448781631 58.2004666047938 58.5200313119327 59.0622316809262 59.8559242136338 61.7512304081636 63.7344961166382 65.8059958850636 68.5424710442038 71.3434872907751 73.9141698164098 75.9181381113389 77.4421239740708 78.7162473341998 79.7101544772877 79.9007382112391 80.0786278668572 80.2474259769215 80.2871370876537 80.3032492469339 80.2831214455997 80.2683741625618 80.2567549312816 80.1816087610581
