PREC/medie/CUMULATA_MEDIA_11.asc
NCOLS 177 
NROWS 174 
XLLCORNER 1436301.375 
YLLCORNER 4916704.5 
CELLSIZE 1500 
NODATA_value -9999 
[rows 60 to 79 of 174, columns 46 to 91 of 177]
230.469101722626 225.722019059693 221.007873353274 216.394140463761 212.450425176087 208.661066177164 205.034843662853 203.478630065918 202.30361512128 201.2430897881 201.354299657485 202.249824972714 203.568546743954 205.290730436935 207.782633527237 210.088702617323 212.320353620193 214.572981382118 216.95579770558 219.495087601683 222.609884826576 225.784869828645 228.702602249735 230.568792430794 231.61785453558 232.52326789323 233.279395583798 233.723777171443 234.033315861926 234.210612321601 232.959984583013 231.472288605045 229.655135167434 228.240767920718 227.010816819528 226.20046912572 225.371687408756 224.527078944094 224.538807006443 224.225204622044 222.784649021485 221.169072396615 219.467759034213 219.244329368367 218.820628804319 218.071468647789
232.287572212079 228.500475916354 224.760763726252 221.092444421614 217.837840130224 214.637756792609 211.495457879994 209.787147970761 208.329796510584 206.891051572912 206.18744951136 205.980940650491 206.220976436839 207.090327903081 209.186908402864 211.272199989242 213.387109018424 215.925016248927 218.507653364364 221.143822617391 223.917144873563 226.673684763558 229.237258546493 230.788600851508 231.532679529751 232.263986566487 232.980546804035 233.671044146313 234.153225411387 234.471415954478 233.227602303028 231.869790857329 230.349691197714 228.805602107854 227.268013373894 225.826213310747 224.449088860961 223.133274940883 222.47445675906 221.565016977927 219.723109848359 217.831889552229 215.910900172065 215.632672541282 215.170607216218 214.38975396577
233.869638339123 231.005282005843 228.195429119555 225.426091462812 222.812789537889 220.192021536476 217.563269667547 215.73654870426 214.041237999411 212.31570928237 210.894795810475 209.680467044606 208.879119873047 208.925742153736 210.663008485866 212.510749044664 214.467757070766 217.253059600206 220.037785946446 222.82117132229 225.310652077198 227.690721459248 229.898281016771 231.132240365533 231.569415704292 232.044941279818 232.627262253972 233.472645856002 234.096729637945 234.55653717588 233.318257028566 232.020620598513 230.633858044139 228.801268630606 226.817050285199 224.764707442592 222.857722799568 221.09290483068 219.874450115597 218.48508404283 216.367400835542 214.29595220089 212.253244897898 211.989432159592 211.570800269351 210.830075558494
235.161617442527 233.175822916276 231.243526322 229.319375550046 227.293266828446 225.24341831181 223.167798224453 221.266065485337 219.388007668888 217.484347848331 215.458536484662 213.342962152818 211.542296016918 210.799005057115 212.21442599874 213.806972253684 215.56317451158 218.557695789372 221.545844531235 224.525042170987 226.784358503187 228.825397651862 230.672542759163 231.584104373832 231.710006073994 231.861164626611 232.231570863987 233.162294652532 233.907029616482 234.513681457323 233.284224240219 232.00562247371 230.650589456453 228.442436567699 225.938958900378 223.305526659167 220.894357819768 218.708542504731 217.002573812709 215.199611930286 212.879443400046 210.689337218509 208.587091502021 208.395196760402 208.081018083236 207.439854930429
234.283611739273 232.663304768503 231.093080893597 229.55731621034 228.158688649973 226.719321286415 225.235448678106 223.336117015165 221.355135749368 219.352838628432 217.221869749181 215.00029036578 213.003000820384 211.928634643555 212.763643152574 213.838523640352 215.134311765213 218.22558136372 221.303083435577 224.362072385409 226.493286592119 228.34680209265 229.986627282465 230.707761098357 230.637277703075 230.580763273379 230.715085375835 231.350359630935 231.827542874743 232.192158397506 230.831313711755 229.428346860058 227.95916320515 226.078883106218 224.046102080275 221.839443358428 219.340918863521 216.521279664601 214.112044628929 211.810055129668 209.681965827942 207.756437504993 205.971689231255 206.065150674652 206.061068604974 205.719096969156
232.796630039263 231.401628470815 230.054731295828 228.786397678449 228.033299284604 227.223781106227 226.352068926564 224.489092434154 222.436106737922 220.359975478228 218.249382916619 216.114578695858 214.134553123923 212.863064485438 213.083603354061 213.592748529771 214.372280636419 217.542283276425 220.695604596068 223.826484736274 225.864240123945 227.571035897031 229.044192934737 229.610287287656 229.374479470884 229.138053457527 229.046663999557 229.353933883064 229.526620330179 229.611242515199 228.111864372211 226.579274052206 224.99381655104 223.478559974362 221.969965280855 220.267087329836 217.745220254449 214.318111644072 211.236964877914 208.452188575969 206.552742018419 204.891743617899 203.400811223423 203.754683157977 204.041513485067 203.994255486657
231.282188877025 230.098956667106 228.955037322991 227.929968358401 227.799563158303 227.600408618831 227.324770441046 225.485835580265 223.334523818072 221.117761499742 218.960206648883 216.846474591423 214.982533847584 213.625817242791 213.337914410759 213.293930053711 213.522010653389 216.741640204892 219.956333398819 223.16434186697 225.116369436769 226.683506600997 228.004849363776 228.430552479099 228.04388878626 227.634408740436 227.325078350656 227.309984031846 227.15037107643 226.902926730759 225.223878685166 223.519026379375 221.778832489077 220.579662999686 219.571316973251 218.455357313156 216.012832375134 212.057747343007 208.3774028736 205.159047435312 203.553660154343 202.155589608585 200.911970236722 201.481525617487 202.026572914685 202.266968138078
229.296368094052 228.481975331026 227.698809679817 227.033246657428 227.285505182603 227.454594556023 227.530254812802 225.743951909682 223.572530185475 221.293745153091 218.971631891587 216.614425210392 214.596779094023 213.093256108901 212.692439359777 212.498253990622 212.546108474188 215.52505507364 218.50446246652 221.486723756089 223.32008465248 224.788538228063 225.99965987486 226.331119151676 225.844282774364 225.313936738407 224.885955694844 224.779498566599 224.525064840036 224.180731661179 222.445448952563 220.687154941699 218.914950961576 217.779053919456 216.878812579548 215.947719952639 213.658235907555 209.784206748009 206.13416744681 202.965176484164 201.563211104449 200.335442108267 199.242390324088 199.828709335888 200.417636142058 200.725513991188
226.730968026554 226.47999123966 226.251519595875 226.089553608614 226.436943502987 226.689062903909 226.833273046157 225.139056486242 223.047289680032 220.805274065803 218.198550280403 215.31546087826 212.865388758042 211.161569258746 211.08941897224 211.180348788991 211.44627502221 213.897087412722 216.359529377783 218.84113466389 220.541259786662 221.971552484176 223.132067799568 223.431172377923 222.908197893816 222.320204482359 221.869035475394 221.867423429209 221.708450391012 221.450726891265 219.742542109069 218.008948820479 216.279906669084 215.046553667854 214.012458629468 213.037738491507 210.943437751602 207.492826160263 204.198206761304 201.310590056812 200.042413851794 198.91890131726 197.910630632849 198.413314903484 198.944950117784 199.229486072765
224.167731789982 224.43800757913 224.702702466179 224.977017570944 225.350567312802 225.645387986127 225.850550932043 224.240571190329 222.248891942641 220.175413692699 217.420649135814 214.145823759191 211.241779102999 209.299679700066 209.523712831385 209.854270486271 210.292850253364 212.16214611951 214.051280135618 215.972470946172 217.473382055759 218.803648864522 219.848798162797 220.049584963742 219.423600996242 218.734654447612 218.217050545356 218.278595405466 218.23632460482 218.1279867607 216.511894681874 214.863004579264 213.229937132667 211.956214582219 210.837354484726 209.821308437516 207.915467626908 204.890408235438 201.987797709072 199.431103538064 198.344667504816 197.320194763296 196.346219721962 196.719675751293 197.161026968676 197.433168803944
221.952024347642 222.613140106201 223.233505922205 223.80942400764 224.124462576473 224.382965312285 224.576552895939 223.023455227123 221.1198461196 219.230102314669 216.427872826071 212.926384196562 209.703478420482 207.600606806138 208.073869144215 208.593067169189 209.155750816633 210.350317776203 211.567801391377 212.825093416607 214.06727431101 215.258572985144 216.14811230407 216.208635736914 215.436283455175 214.605192114325 213.958921937382 213.96039381448 213.910066085703 213.82346516497 212.383887297967 210.915250048918 209.478962800082 208.244921480908 207.108048838728 206.120121429948 204.460327541127 201.921303847257 199.476312777575 197.307079763973 196.376209034639 195.426494458142 194.458025357302 194.554883003235 194.729518301347 194.805574529311
222.398100460277 222.523761076086 222.575692569508 222.575325909783 222.350757374483 222.093891143799 221.799721661736 220.156762964585 218.262669282801 216.47977178237 214.079993977266 211.202100641587 208.504431107465 206.753797643325 207.230751935173 207.696162953096 208.145303166499 208.245824586819 208.37730424895 208.562138066572 209.377461286152 210.346072533551 210.997900135377 210.835219425314 209.833119827158 208.778559993295 207.863215600743 207.463887032341 207.07090661105 206.680909254972 205.74261916385 204.803699451334 203.907223659403 202.976145442794 202.040326230666 201.295651646221 200.066369351219 198.178632764255 196.353157927008 194.706106550553 193.903352176442 193.005470696618 192.01781688017 191.62712391685 191.299310684204 190.955954383401
222.823127522188 222.423493104822 221.933992946849 221.390504724839 220.659888099222 219.91677385218 219.159165999469 217.448485654943 215.574973162483 213.85607214535 211.811863394345 209.513355030733 207.321146347943 205.908132665298 206.369864295511 206.769818474265 207.106118610101 206.103823051733 205.122641328503 204.180182355292 204.502733588219 205.201239417581 205.642265558243 205.283783702289 204.080100227805 202.842133606181 201.703435897827 200.947671146954 200.226150386474 199.527091292774 199.070662975311 198.662731619442 198.32503562815 197.722527588115 197.004581297145 196.466151377734 195.621372910107 194.345458395341 193.087722217335 191.91531607684 191.181540994083 190.349049624275 189.422647840836 188.639103889465 187.870542694541 187.104922575109
223.222041634952 222.309594995835 221.311361200669 220.264635422651 219.067689559039 217.872193055994 216.678544437184 214.924698100371 213.083203035242 211.377148123348 209.634400087244 207.86499449786 206.155676000258 205.063935223748 205.490433188046 205.81300017413 206.037565270658 203.924489114214 201.806284799295 199.685693789931 199.456063656246 199.843806834782 200.103253715179 199.577488198 198.200182339724 196.815015540403 195.492677884943 194.416559051065 193.378453451044 192.36649389828 192.374662595637 192.498389734941 192.732325343525 192.47672922471 191.987460234586 191.632713780684 191.14313473421 190.45856366438 189.744354752933 189.02621754478 188.317783524008 187.532364817227 186.670434727388 185.521269629983 184.324162875905 183.126587643343
222.243992973776 221.073758293601 219.822248571059 218.534500346464 217.196364234476 215.874985414393 214.573731141932 212.984490338494 211.360604005701 209.854433620677 208.410319384407 207.017439673929 205.637649760527 204.656105698168 204.676329003866 204.547118325225 204.302640262991 201.652091529439 198.977854297442 196.266912551487 195.210409627241 194.717181065503 194.218525662142 193.322941261179 191.995508825078 190.689624814426 189.459379729103 188.509047480191 187.607950687408 186.744733950671 186.7108632256 186.79391190585 187.017645415138 186.939136533176 186.71366074506 186.57750600927 186.313495607937 185.851034641266 185.304858936983 184.679329255048 183.667875514311 182.607827186584 181.497929797453 180.159278869629 178.776042489445 177.383917640237
220.870484071619 219.510053073659 218.075191497803 216.617970634909 215.226129868451 213.864511153277 212.53934321684 211.16354414996 209.799483355354 208.533943400663 207.380615234375 206.320360071519 205.232107274673 204.316737027455 203.849192152567 203.193331195151 202.412138547529 199.350103202988 196.246708456208 193.076687048463 191.171054461423 189.72169397859 188.388984427733 187.103837686426 185.883118068471 184.704784870148 183.616020875819 182.857279553133 182.14800268061 181.477752545301 181.3583353267 181.347322632285 181.496280501871 181.558102383333 181.577872360454 181.64916229248 181.593413745656 181.332899598514 180.970041779911 180.473681113299 179.179991441614 177.856447668637 176.500659886528 174.973066329956 173.407452527215 171.830687242396
219.401215497185 217.811242496266 216.17549941119 214.539261313046 213.084611556109 211.672735775218 210.312815722297 209.138203564812 208.023887409883 206.991238089169 206.120458939496 205.385297663072 204.607972986558 203.786708358127 202.853180297157 201.703044103787 200.42109436498 196.984396036933 193.520660596735 190.01355008518 187.385032625759 185.091212581186 182.98475186965 181.35702940997 180.300610682544 179.284467556897 178.365925087648 177.827494172489 177.324697550605 176.850923734553 176.653851144454 176.526794125052 176.518269679126 176.633552663467 176.8199857263 177.046697223888 177.148389928481 177.040139478796 176.869468184078 176.539486997268 174.990412319408 173.411555795109 171.79942187141 170.071044697481 168.315180722405 166.555431478164
216.861756044276 215.074499915628 213.269654217888 211.48909661469 210.044373504927 208.655031841029 207.333549036261 206.355909052579 205.47076727669 204.649728399866 203.991022151183 203.46894567416 202.888572660439 202.143779664355 200.971340745687 199.558199947371 198.005791627309 194.440421924872 190.863485939362 187.272054644192 184.322786022635 181.641664561103 179.230398851282 177.50938909194 176.618505001068 175.766120489906 175.007848655476 174.630856906666 174.274596943575 173.935464157778 173.770651649026 173.653821832993 173.616704604205 173.715549132403 173.889050595901 174.085932338939 174.084136514103 173.735390831442 173.350885335137 172.823387145996 171.074465471155 169.297582289752 167.488140218398 165.67200200698 163.855679343728 162.047038695391
213.010146870333 211.070666593664 209.1420359892 207.26654032259 205.927298168268 204.655746580485 203.467764558161 202.692135142053 202.022229799453 201.399357688778 200.886347002843 200.466919867431 199.975273865111 199.302184364375 198.150533020496 196.730727637515 195.152876973152 191.714749160935 188.269808348487 184.834370262483 181.930696487427 179.263956462636 176.939555729137 175.311953011681 174.544230208677 173.812960203956 173.163677411921 172.857990124646 172.559940702775 172.268301402821 172.169834305258 172.10618019104 172.078824604259 172.072666224311 172.076330521527 172.09147049399 171.805507435518 170.972317695618 170.141203487621 169.216696907492 167.290777318618 165.336819143856 163.349524441887 161.481683955473 159.644739038804 157.822057836196
209.116529352525 207.036387275247 204.996590109432 203.038622057339 201.818005048615 200.66553187195 199.597785898868 199.010349247385 198.544066215263 198.115983345929 197.745901910698 197.425721427974 197.033395655015 196.444683965515 195.326114381061 193.941897216965 192.398620928035 189.147030409645 185.889356697307 182.655589356142 179.845527957467 177.233114971834 174.963187245762 173.395717704997 172.717881511239 172.080856547636 171.515675011803 171.255305654862 170.992306092206 170.726821927463 170.672640211442 170.651619855095 170.653053451987 170.564492562238 170.418207168579 170.274873116437 169.734154869528 168.440744961009 167.152824906742 165.801432441263 163.671284843894 161.525555891149 159.361426185159 157.439282473396 155.57934996661 153.725360084982
