PREC/medie/CUMULATA_MEDIA_04.asc
NCOLS 177 
NROWS 174 
XLLCORNER 1436301.375 
YLLCORNER 4916704.5 
CELLSIZE 1500 
NODATA_value -9999 
[rows 120 to 139 of 174, columns 46 to 91 of 177]
72.5895572269664 72.2802477584166 71.9892939960255 71.715269130819 71.9312223406399 72.2271881243762 72.6635474597707 74.0163540559656 75.7469649595373 77.5220492867862 79.5205082612879 81.8480465692632 84.0094159210429 85.8744761943817 85.5260499295066 85.1809063238256 84.8396078909145 84.7026718784781 84.6214594560511 84.5576880539165 84.7152542156332 85.1057143912596 85.5018982606776 85.9623797150219 86.7141009358799 87.4640652291915 88.2121268510818 89.3892711751601 90.6254822506624 91.8571787371355 93.0964983701706 94.3424137690488 95.5640986246221 96.5969874508241 97.1078221236958 97.6691270155065 98.2630772590637 98.4071591040667 98.5962368740755 98.9342773942386 98.9726732899161 98.8488668413723 98.6472546072567 98.3951604506549 98.0495162711424 97.5675340540269
72.1766178607941 72.0045690676745 71.8529736995697 71.7178891686832 72.0229361758513 72.3877169104183 72.858135027044 74.2197607264799 75.9581554637236 77.8310391482185 79.8899760526769 82.2265722611371 84.3403880315668 86.1634577021879 85.9170665039736 85.6687541288488 85.4177436688367 85.2327771467321 85.0675275816637 84.9189044447506 84.9507823621526 85.1767553652034 85.4132600391612 85.707354945295 86.2688905000687 86.8325556306278 87.3979114223929 88.4447775377947 89.564605158918 90.686605313245 91.8765759818694 93.1205987649805 94.3425493240356 95.3989677569445 95.9774561769822 96.6043887559105 97.2638407665141 97.4628109300838 97.7003193672966 98.0911102084552 98.122801696553 97.9515344956342 97.6859147268183 97.3868891211117 97.0258533533882 96.5416354852564
71.8240496551289 71.7805810535655 71.7601219205295 71.756149446263 72.1422784468707 72.5766200738795 73.0970933858086 74.4838797905866 76.2428467133466 78.1695326356327 80.2449763802921 82.5454909100252 84.6073417383082 86.39618806278 86.2610112779281 86.1169999066521 85.961211344775 85.7349568745669 85.4903871031369 85.2583505476222 85.1669026753482 85.2299170844695 85.3063552589978 85.433729038519 85.8043358466204 86.1805258849088 86.5617780965917 87.4759919573279 88.4773529417375 89.4859226100585 90.6209704946069 91.859103770817 93.0829912143595 94.1641653706046 94.8127635997884 95.5100790472592 96.2414279054193 96.5021853587207 96.7919592646991 97.2320833626915 97.2556180603364 97.0333122786354 96.7058672904968 96.3608057218439 95.9864213747137 95.492257567013
71.5439214566175 71.6183797892402 71.7189879697912 71.8365582858815 72.2940920380985 72.7984147071838 73.3870597166174 74.8171003285576 76.6109081436606 78.5414087071138 80.5845171984504 82.8001893267912 84.8056567135979 86.5695942429935 86.556092374465 86.5248664126677 86.469950689989 86.2096936702728 85.8909531411003 85.5773423489402 85.3652882435743 85.2671705063652 85.1836714393952 85.1445483740638 85.3240790086634 85.5123407840729 85.7089235011269 86.4890176548677 87.3709873592152 88.2640950855087 89.3405762665412 90.5709531938328 91.7986183482058 92.9057659226305 93.6267591364243 94.3979006234337 95.2053599392667 95.5322213804021 95.876783851315 96.3654946264099 96.3823975710308 96.1083388188306 95.7205468205845 95.3285130472744 94.9384761838352 94.427165368024
71.5088378681856 71.6543299170101 71.8290203739615 72.0219407923081 72.5892030211056 73.2020659166224 73.8976879400365 75.3411864392898 77.1102202078875 78.9843598814572 80.9148416799657 82.9324806437773 84.767077922821 86.402238368988 86.5508790857652 86.6734408350552 86.7606039888718 86.5484269787283 86.2483985353919 85.947151927387 85.6925513323616 85.4906662422068 85.3053966830759 85.1552528213052 85.1778838143629 85.2128682767644 85.2601099154528 85.9674949926489 86.7982266159619 87.6453044765136 88.7305934920031 90.0221639380735 91.3236492521623 92.4863643576117 93.1717341524713 93.9066360487657 94.6781256058637 94.9576524776571 95.2413218687562 95.6590085730833 95.6092087521273 95.2595007980571 94.7881451354307 94.3137120218838 93.8480523754569 93.2611546867034
71.5422196247998 71.7457009203294 71.9816287966336 72.2373100168565 72.9240059572108 73.6544252283433 74.4648504537695 75.9128503518946 77.6405492109411 79.443289083593 81.2427413603839 83.0364204014049 84.6740757437313 86.1554542429307 86.4754761808059 86.7621810436249 87.0031236901003 86.8590455335729 86.5980556642308 86.3286577533273 86.0482399253284 85.7537066375508 85.4753092597513 85.221719825969 85.0904824663611 84.9744343407014 84.8739203074399 85.5111056636362 86.2938448541305 87.0970190938781 88.1902015139075 89.5423125414287 90.9136869679479 92.1263153877328 92.7613819469424 93.448423743248 94.1754279119127 94.401577996857 94.6205220397781 94.9661402930232 94.8502898672048 94.4255377106807 93.8699673379169 93.3119121404255 92.7695397033411 92.1093598884695
71.5953403080211 71.8558249613818 72.1529132899116 72.4715724552379 73.2780731986551 74.1231812589309 75.0395164770239 76.4839753543629 78.1621490085826 79.8935503118178 81.5630431175232 83.1329043051776 84.5685380206389 85.8866431292366 86.3713361515718 86.8226283718558 87.2271913640639 87.1620741311242 86.9500276481404 86.7233422994614 86.4292312159258 86.0526642939624 85.6844488452463 85.3296263638665 85.0459511139814 84.7795685459586 84.531409537091 85.097045007874 85.831742532113 86.5910170954816 87.690404828857 89.1029696113923 90.539231977042 91.7984443992815 92.3779258167042 93.0147398101056 93.6973318400628 93.8704570694005 94.0249662806883 94.2985501153504 94.1167233936927 93.6169210050036 92.9748375941725 92.3303107917309 91.7086586040609 90.9776104986668
71.6435940686394 71.9817389600417 72.360742709216 72.7629339554731 73.6628458359662 74.5961063889896 75.5915247692781 76.998870120329 78.5897044013528 80.2113396700691 81.7546774920295 83.1718314675724 84.4773607254028 85.6957649062662 86.3215951358571 86.9135671222911 87.4574065629174 87.4958552051993 87.372312559801 87.2286615862566 86.9650802612305 86.5523444554385 86.1413637399673 85.7378816814984 85.3787506959018 85.0408802523333 84.7260121668086 85.2299228135277 85.9126503888298 86.6240988303633 87.6697661526063 89.0308268526021 90.4168177597663 91.6421059405102 92.2239749817287 92.870006889324 93.5695727064329 93.708625793457 93.8125863916734 94.0281676124124 93.8078741870601 93.270898134612 92.5815929888802 91.8883836847894 91.220624718596 90.4526081199155
71.6859950598548 72.1263849034029 72.6117525661693 73.1216531080358 74.083703882554 75.0741114335902 76.1177901941187 77.4501212063958 78.911802740658 80.3822403515086 81.8042729321648 83.1475511999691 84.4005661010742 85.5870815725888 86.3284048473134 87.0358060948989 87.6940920493182 87.8591225708232 87.8613466515261 87.8370950923246 87.6423623281367 87.2313210122726 86.8144817352295 86.4014583615696 86.0242934577605 85.6703604319516 85.3422445970423 85.7812147631365 86.3966233169331 87.0450278520584 87.984708274112 89.2079817617641 90.4604488786529 91.5923625318443 92.2076592252535 92.892067994265 93.6362217642805 93.7447007123162 93.7970172657686 93.953073277193 93.6980368495535 93.131354611367 92.4014094734893 91.6636816300452 90.9504692554474 90.1449301593444
71.7517368092256 72.3027779354769 72.8932384603164 73.5046678711386 74.522532266729 75.5640813883613 76.6505007182851 77.9031700807459 79.2308316511266 80.5608821756699 81.8719969917746 83.1523490793565 84.3514756595387 85.4988422113306 86.3495553241057 87.1685662550085 87.940862010507 88.2319186154534 88.3596614248612 88.4557249686297 88.3320996621076 87.9237542292651 87.5086770618663 87.0956991630442 86.7101067514981 86.3453888752881 86.0043847560883 86.3795876993853 86.9282346402898 87.5154842278537 88.3522937963991 89.4397754599066 90.5598192916197 91.5965279340744 92.2462531608694 92.9690417910323 93.7572607595254 93.8364078297335 93.834545135498 93.9194638869342 93.6171325610485 93.0090385389459 92.2319195302861 91.4435300404096 90.678824880763 89.8313833034652
71.8490083638359 72.5041480625377 73.1904535574072 73.8932174233829 74.9502737942864 76.0264778698192 77.138737930971 78.3124750361723 79.5142965316772 80.7162887909833 81.9283174065983 83.1578582875869 84.3127822314992 85.4281532343696 86.3839399393867 87.3105798889609 88.1935003505034 88.6066952032201 88.8559775212232 89.0683133882635 89.0200551958645 88.6273998372695 88.2288685756571 87.8331106059692 87.466789484024 87.1199804474326 86.7957436757929 87.1370185403263 87.649031477816 88.2072169009377 88.9822263086543 89.9824981479084 91.0213358332129 92.0033713228562 92.6814253470477 93.4354685790398 94.2599330018548 94.3214019519441 94.2790045931059 94.3066668422783 93.9726019273786 93.3411491618437 92.5356716680176 91.7248275779626 90.9679476951852 90.1405161119559
72.1276865566478 72.8236795032726 73.5427586331087 74.2741153941435 75.2725378204794 76.2859851051779 77.327150961932 78.4364750245038 79.5772348852719 80.7155719083898 81.8901557922363 83.1273974250345 84.2960952310001 85.4317609562593 86.4751917334164 87.4921342344845 88.4685726446264 88.9858834042269 89.3387243186726 89.6495245905484 89.6909091472626 89.368106210933 89.0394759318408 88.7180443932028 88.463629470152 88.2258046655094 88.0076056929196 88.3954514054691 88.9467071785646 89.5500186471378 90.3535443193772 91.3716810871573 92.4315130640479 93.4303891238044 94.080061267404 94.8092739371692 95.6149085970486 95.6451688163421 95.5542989268022 95.5159380085328 95.1432748331743 94.4842821009019 93.6458679893438 92.8202624531353 92.1258419191136 91.3698370807311
72.4143016198102 73.1457851353814 73.891325193293 74.6443830097423 75.577554843005 76.5249983563143 77.4989831587848 78.5477799247293 79.631539849674 80.7135225183823 81.8575922461117 83.110001003041 84.2925033008351 85.4448652267456 86.5728357539457 87.6764563672683 88.7421287929311 89.3590911977431 89.8117003160365 90.224406116149 90.3592723257401 90.1099220303928 89.8548800524543 89.6110135527218 89.4723522382624 89.3528045205509 89.25668778139 89.7085446469924 90.3155086180743 90.978521641563 91.8259729497573 92.8773777765386 93.9649942622465 94.9865963739507 95.6130646256839 96.3151572451872 97.0922661949606 97.0817963375765 96.9301954016966 96.8019486174864 96.365295494304 95.6533877709333 94.7742928757387 93.9263391074012 93.2887459853116 92.5941392954658
72.71038683723 73.4709764368394 74.2355309374192 75.0022526628831 75.8625123080085 76.740304666407 77.6517795674941 78.6446413152358 79.6760707743028 80.7098930583281 81.83107808057 83.1066120933084 84.3028665430406 85.4679732603185 86.6771194794599 87.8636474609375 89.0142346269944 89.7265103845035 90.2752509958604 90.7932483729194 91.0252273082733 90.8525793973137 90.6742946540608 90.5105425329769 90.4906026615816 90.496311973123 90.5343385584214 91.0628305322984 91.7364357639761 92.4679477074567 93.3681566434748 94.4608220352846 95.5781481827007 96.6236431318171 97.2270774981555 97.8979419820449 98.6381502712474 98.579322422252 98.3587674112881 98.1326553260579 97.6321768480189 96.8712685528923 95.9661066251643 95.1103632169611 94.5370984357946 93.9074846716488
73.0475471720976 73.8078014429878 74.5618902374716 75.3126481280607 76.0810681791867 76.8699162427117 77.6995100694544 78.6771842732149 79.7263546550975 80.782600402832 81.9084745294907 83.1581278408275 84.3188164093915 85.4477149738985 86.7228327919455 87.9768594293033 89.196805673487 89.9288400481729 90.4745310334598 90.997469032512 91.2758553448845 91.2018576790305 91.1225023269653 91.0640202410081 91.221106781679 91.4109974187963 91.6431757141562 92.3912772010355 93.2994966226466 94.2703129543978 95.3113313282237 96.4318930682014 97.5655969170963 98.6293835359461 99.2478566730724 99.9265706118415 100.6694632979 100.754928532769 100.694829127368 100.592300639433 100.176938084995 99.4571619875291 98.6130348934847 97.7896923317629 97.1415472731871 96.4402057283065
73.3962812704198 74.1465860254624 74.8808565700755 75.6064287353964 76.276848821079 76.9720540888169 77.718646329992 78.6945385091445 79.7822036182179 80.8772152171415 82.0139432233923 83.2256723852719 84.3400979322546 85.4222835091984 86.761303284589 88.0799805136288 89.3650278764613 90.1020902465372 90.6258664692149 91.136972062728 91.453619928921 91.4837735119988 91.5132612340591 91.5710422010983 91.9215223929461 92.3113223244162 92.7531367470236 93.7440673603731 94.9106152478386 96.1373168720919 97.3293496580685 98.4756449531106 99.6212326498593 100.698308860554 101.328805839314 102.007799597347 102.739932144389 102.953921542448 103.04050728854 103.061516509337 102.73745023503 102.063682135414 101.287585707272 100.507986882154 99.7938018125646 99.0321906454423
73.7496769288007 74.4774632734411 75.1806333205279 75.8703955762527 76.4325120589312 77.0344934463501 77.7208025876213 78.7168869130752 79.8651568468879 80.9960818010218 82.141334253199 83.3123533585492 84.3825312782736 85.4210649378159 86.8278548857745 88.2101575066062 89.5512869217817 90.2853110818302 90.7785021277035 91.2729991744546 91.6218890021829 91.7515003540937 91.9036419812371 92.0968184751623 92.6604949726778 93.2696226344389 93.9405633141013 95.1927170472987 96.6346692477956 98.1195548001458 99.4684550902423 100.64266575084 101.794927148258 102.87772470362 103.512858054217 104.176264818977 104.871527784011 105.1854726006 105.399187536801 105.551532128278 105.327913648942 104.707476054921 104.009814346538 103.288275129655 102.518952566035 101.710546914269
73.9400004499099 74.6107491044437 75.2480615447549 75.8668957317577 76.3399820327759 76.8683026818668 77.5141467487111 78.5904824312995 79.8810676686904 81.1304365045884 82.416615486145 83.7713195015402 85.0251177619485 86.2401647006764 87.6023594351376 88.9343209547155 90.2156030991498 90.8617385976455 91.2501605538761 91.6525915931253 91.9576232573565 92.1136684417725 92.3134525523466 92.5665406619801 93.2917284685023 94.0670131234562 94.9127885033103 96.3515403410968 97.9872996947345 99.6463067110847 101.10304293913 102.295403031742 103.444749776055 104.519325256348 105.11720904182 105.722716331482 106.336826941546 106.686309421764 106.959800047033 107.174286281361 107.067723274231 106.612125396729 106.107334305258 105.570176825804 104.898031010347 104.199660778046
73.9371834923239 74.5110060747932 75.0428836485919 75.5515135035795 75.9597378338084 76.4391796448651 77.0694550906911 78.2956915462718 79.8214797412648 81.2811048732084 82.8506576313692 84.6277309305528 86.3004471273983 87.9158107533174 89.1043586169972 90.2587376201854 91.3546991909251 91.8210188360775 92.0265399708467 92.2603421491735 92.4470733754775 92.5610808765187 92.7412679896635 92.989231782801 93.8343966427971 94.7353560503791 95.7170285617604 97.2907570109648 99.0667111452888 100.848126187044 102.388538416694 103.604005477008 104.756133808809 105.82642695483 106.374202616075 106.910895235398 107.433434486389 107.798280098859 108.113526736989 108.373566234813 108.406848009895 108.184608515571 107.937104393454 107.649955216576 107.144270560321 106.620105406817
73.8941774929271 74.3761210161097 74.8245061986587 75.2542387457455 75.6288748909445 76.0805056515862 76.6949872970581 78.0696279301363 79.8305855358348 81.5393414216883 83.4300757576437 85.6689720714793 87.7579578511855 89.7558109620038 90.7482944376328 91.7008123958812 92.5837237975177 92.8421854692347 92.8365364074707 92.8784554986393 92.9219150543213 92.9699608297909 93.114231894998 93.3424806033864 94.2944202423096 95.3070502561681 96.4100245307474 98.1038056541892 100.004808986888 101.888891612782 103.494461957146 104.712624213275 105.849854413201 106.899041400236 107.378767855027 107.850734149708 108.313097953796 108.722766764024 109.113254603218 109.462399258333 109.675649979535 109.729778514189 109.759050818051 109.738087822409 109.412643096026 109.072288316839
