PREC/medie/CUMULATA_MEDIA_05.asc
NCOLS 177 
NROWS 174 
XLLCORNER 1436301.375 
YLLCORNER 4916704.5 
CELLSIZE 1500 
NODATA_value -9999 
[rows 80 to 99 of 174, columns 0 to 45 of 177]
196.77760292502 196.19172780654 195.469792309929 194.640903024112 193.166300380931 191.626827464384 190.069665123435 187.397704629337 184.122645434211 180.932934031767 177.705645392923 174.420450098374 171.231099297019 168.302671095904 167.435121199664 166.589094947366 165.766813726986 164.910014208625 164.047502629897 163.17010307312 161.372186997358 158.821791704963 156.252727732939 153.602702982285 150.737302667954 147.880171270931 145.030797509586 144.557797488044 144.087097167969 143.623001435224 144.094470809488 144.915922277114 145.738585752599 146.684139756595 147.778772298027 148.87102171954 149.839892723981 150.246294077705 150.642225209404 151.029251435224 150.38703548207 149.629642654868 148.855404292836 148.042900926927 147.207657533533 146.368499307071
193.547771229463 193.129021588494 192.563645755543 191.887399561265 190.791857102338 189.648767359117 188.474473392262 186.093436297248 183.0848866631 180.183631223791 177.189771540025 174.050825904397 171.012300154742 168.183913399191 166.839753768023 165.512519387638 164.203368243049 162.653322107652 161.058850568884 159.461817460902 157.100170584286 154.1268751481 151.131818546968 148.240797379438 145.613166921279 143.006012411679 140.422654881197 140.243966270896 140.064462100758 139.886068288018 140.536337740281 141.492673425113 142.459011302275 143.494600800907 144.613755899317 145.72391650256 146.73680154015 147.318234836354 147.888303420123 148.448749149547 147.796503628001 147.011446111342 146.211526534137 145.370984357946 144.506302609163 143.632898106295
190.112542096306 189.867487065932 189.47980297313 188.987672693589 188.306301116943 187.589011472814 186.82694087309 184.76338263119 182.048912945916 179.44224840052 176.685596241671 173.698778713451 170.807406481575 168.063587749706 166.23656093373 164.42517897662 162.630012624404 160.384577246273 158.057879952823 155.735259336584 152.807208117317 149.405177733477 145.987756280338 142.866153717041 140.480246487786 138.1282787323 135.816818237305 135.9379307242 136.055251458112 136.168639239143 137.00284985935 138.098545635448 139.197931626264 140.312534220078 141.44586243349 142.572852920083 143.631188673132 144.388551431544 145.133249956019 145.867279725916 145.204968452454 144.391989820144 143.564715497634 142.694451949176 141.798655173358 140.891484653249
186.573066262638 186.500355440028 186.297993155087 186.004120097441 185.756529415355 185.480663972742 185.14792767693 183.417827157413 181.01573046516 178.708010954015 176.190907871022 173.360969992245 170.613929299747 167.940668667064 165.625642664292 163.32767868042 161.047183766085 158.104090971105 155.044756047866 151.990799735574 148.493596806246 144.656684987685 140.820279514088 137.478284162634 135.337991602281 133.246625227087 131.213355120491 131.64035505407 132.060927952037 132.473202593186 133.497652390424 134.738079463734 135.95838507484 137.139237516067 138.274445533752 139.417025005116 140.522429185755 141.456808482899 142.376746738658 143.284568954917 142.612213471357 141.770979095908 140.914281171911 140.012235360987 139.083256945891 138.142914715935
179.02124786377 178.900725420784 178.668190675623 178.360564063577 178.544606601491 178.71088701136 178.808170991785 177.87626805025 176.45861008588 175.109944063074 173.318357804242 170.891992905561 168.531385758344 166.137604320751 163.409516502829 160.69856116351 158.004957535688 154.7617521847 151.422406252693 148.083521674661 144.580663120045 140.951086156508 137.33060466542 134.246299182667 132.448099809534 130.713508830351 129.050011354334 129.630145465626 130.203112714431 130.765280611375 131.805071269765 133.008514628691 134.169829088099 135.259851680082 136.267016130335 137.296285965863 138.306803478914 139.213504286373 140.104812453775 140.98321017097 140.357906229356 139.572422139785 138.770376990823 137.93324027342 137.075342402739 136.206435596242
171.334166807287 171.122243320241 170.815740248736 170.448015998392 171.031311932732 171.601692424101 172.097029293285 171.976966409122 171.573215709013 171.219113069422 170.174334806554 168.162995057947 166.202176598942 164.09108543396 160.948310178869 157.823905944824 154.717815623564 151.233711915858 147.687601874856 144.14438236461 140.750575570499 137.461657355813 134.195445453419 131.481344335219 130.060408199535 128.716258161208 127.452570410336 128.160397305208 128.859225273132 129.544245271122 130.562834403094 131.69003273459 132.754535114064 133.719815422507 134.570801622727 135.454481910257 136.33258006152 137.155738550074 137.962690689984 138.756096615511 138.194566838882 137.488711805905 136.764988506542 136.019735897289 135.261689859278 134.493499868056
163.428849276374 163.117955712711 162.738341275383 162.315801059499 163.312482497271 164.30036724315 165.22334132475 165.955902997185 166.595551883473 167.249397502226 166.956274817972 165.374294168809 163.821087107939 161.987899668076 158.437427296358 154.906309688793 151.394116345574 147.67807264889 143.933409746955 140.199988533469 136.935307222254 134.001292396994 131.09114557154 128.748332528507 127.705543405869 126.740397789899 125.856410755831 126.673859596252 127.484936994665 128.286581151626 129.27657475191 130.323603630066 131.30765690523 132.164390956654 132.875773598166 133.607448185191 134.341982280507 135.070215113023 135.788706218495 136.499036396251 136.003359233632 135.378611452439 134.73363792195 134.080703847549 133.422947434818 132.76251930349
155.612154792337 155.238719715792 154.822165994083 154.379069720998 155.400805978214 156.416214438046 157.387739069322 158.576974532183 159.8487553316 161.111089145436 161.438928491929 160.518740036908 159.59896289601 158.274292665369 154.674041074865 151.085234024945 147.50748275308 143.894981159883 140.277307285982 136.671963186825 133.721651301664 131.226861504947 128.755618151496 126.810906185823 126.050893783569 125.371293236228 124.773162112517 125.607495868907 126.43968963623 127.268193805919 128.207120558795 129.175465078915 130.080641858718 130.852073725532 131.471892412971 132.099292250241 132.725274703082 133.338843850528 133.94944561229 134.557499941658 134.099428681766 133.526567795697 132.931300892549 132.355114488041 131.790048543145 131.229858426487
147.841210982379 147.426974464865 146.997166577507 146.5573869593 147.36499561983 148.156485725852 148.913707059972 150.269409628475 151.851008022533 153.388945186839 154.199126748478 154.066578360165 153.911884981043 153.243109310375 149.858325733858 146.486023734598 143.125357683967 139.909972246955 136.718071881463 133.546606624828 131.096490186803 129.136992622824 127.202214128831 125.69550037384 125.132552483503 124.650882664849 124.247033007005 125.004241326276 125.762031330782 126.520399935105 127.386786236483 128.280949704787 129.111671728246 129.828060655033 130.415990773369 130.999000324922 131.560978833367 132.038299223956 132.519153090084 133.002793087679 132.548497873194 131.99210542791 131.410972483018 130.892249752493 130.410167834338 129.94040444318
139.974701152128 139.514289968154 139.049481448005 138.589569540585 139.139949798584 139.687474419089 140.227353825289 141.755361893598 143.647052989287 145.504968306598 146.848934622372 147.546632430133 148.177362890805 148.172223596012 145.018204969518 141.876261991613 138.74519998887 135.941738465253 133.186600965612 130.455924539005 128.513901205624 127.096387750962 125.700865577249 124.631648007561 124.268494774314 123.978549227995 123.756505405202 124.426457124598 125.099506714765 125.776934399324 126.560029759127 127.37067974315 128.127885201398 128.790344069986 129.347286504858 129.892389241387 130.39775315453 130.746481502757 131.092002812554 131.43486292222 130.968142004574 130.417390486773 129.8545924355 129.397488566006 129.00254426283 128.626518221462
133.264110565186 132.786033966962 132.311362771427 131.848478878246 132.078798406264 132.324320624856 132.591016320621 134.02157312281 135.882676517262 137.744466893813 139.337839238784 140.596635481891 141.758367426255 142.254340340109 139.577429603128 136.897569207584 134.213962554932 131.943227431353 129.725379382863 127.529401891372 126.117028853473 125.217799018411 124.338485044592 123.676729651058 123.477418843438 123.343143968021 123.266203263227 123.828360613655 124.396898830638 124.974142355077 125.654497146606 126.362933944253 127.031000249526 127.622835271499 128.130445143756 128.62116948296 129.062025575077 129.308442676769 129.540497779846 129.760858143077 129.31878117954 128.813476113712 128.312788430382 127.946136250215 127.658535396352 127.396518791423
128.946219275979 128.625705943388 128.319848565494 128.024366715375 127.924104129567 127.855619318345 127.834169163423 128.512447693769 129.444161695593 130.390186646405 131.312680861529 132.198689180262 132.939229628619 133.27913385279 131.877263574039 130.47208628935 129.062480926514 127.793951707728 126.544035518871 125.319360733032 124.551564384909 124.076666719773 123.618165296667 123.235684058245 123.015454797184 122.849963019876 122.730944184696 123.073107551126 123.424065197215 123.787216467016 124.244866876041 124.728897487416 125.184998961056 125.570945403155 125.880064627704 126.166868265937 126.454466875862 126.762639045715 127.04602247126 127.309337391573 127.204562635983 127.071730838102 126.960377524881 126.896425134995 126.860483926885 126.856478775249
124.823658999275 124.672409057617 124.545144249411 124.41593989204 123.993364221909 123.61368931041 123.297039031982 123.205417969648 123.200796688304 123.217429104973 123.464108635398 123.964195924647 124.27117953581 124.467737871058 124.329453300027 124.182466170367 124.026345982271 123.736306919771 123.437312294455 123.173979815315 123.035262668834 122.975418932298 122.93509982614 122.825520459343 122.582269556382 122.389109218822 122.232800932492 122.361159268548 122.498228241416 122.647314183852 122.882231207455 123.141640663147 123.382894347696 123.560180776259 123.668020585004 123.743011867299 123.869338091682 124.23044535693 124.561842301313 124.869278963874 125.103286350475 125.342394239762 125.615602016449 125.849647690268 126.060662325691 126.308988683364
120.803795646219 120.83251840928 120.894131155575 120.931603039012 120.197024962481 119.513330908383 118.902365179623 118.03078808504 117.090131423053 116.172530454748 115.74647768806 115.854792426614 115.722190744737 115.793734718772 116.912628061631 118.012355355655 119.094108581543 119.762796289781 120.40073260139 121.090582735398 121.566823398366 121.913714969859 122.289722049938 122.447234490338 122.179327347699 121.962922320646 121.775195738849 121.697199597078 121.625108774971 121.560845094569 121.573657091926 121.608751240899 121.632332128637 121.598137014052 121.501766036539 121.355774879456 121.311223703272 121.714690152337 122.090191111845 122.443229843588 123.017801621381 123.628249112298 124.280211084029 124.806505147149 125.258730607874 125.752485415515
119.868765438304 119.677060519948 119.535395678352 119.368343353271 118.359415166518 117.4091054131 116.540373409496 115.405708425185 114.194288702572 112.99640677957 112.291133768418 112.113044963163 111.64427914339 111.470616284539 112.709476022159 113.936167099897 115.153110167559 116.340294557459 117.547429477467 118.82740985646 119.662723709555 120.233633546268 120.845386561225 121.157970035777 120.894543759963 120.683535631965 120.492639597724 120.26298085381 120.035710390876 119.81148557102 119.598704338074 119.389232523301 119.174788923825 118.961344214047 118.748294886421 118.468189800487 118.345444006078 118.904549093807 119.437006445492 119.948157086092 120.898253412808 121.907198232763 122.965048144845 123.816087189843 124.5451706718 125.320063422708
119.034165662878 118.647096521714 118.322682661169 117.964086869184 116.706410239725 115.510675430298 114.398959664737 113.055060106165 111.647457235 110.248692288118 109.327651640948 108.902265548706 108.14995507633 107.759948954863 108.998196096981 110.21030179192 111.402197108549 113.046044181375 114.758869844324 116.557800741757 117.693576251759 118.443802104277 119.249888420105 119.68725642036 119.428746391745 119.223630007576 119.029553245096 118.655988637139 118.28272376341 117.909478075364 117.467921761905 117.006811310263 116.544880586512 116.157276546254 115.847251667696 115.454976811129 115.279207790599 116.024602609522 116.74465639451 117.444531048045 118.779669453116 120.193800898159 121.662762249217 122.845309958738 123.858851180357 124.922820147346
118.365677328671 117.792438843671 117.30266604704 116.771704729866 115.286190593944 113.853450438556 112.489696951473 110.92792337081 109.310822599074 107.676721572876 106.503890430226 105.79514133229 104.765400774339 104.177235266742 105.429139249465 106.62960877138 107.791150205276 109.892478662379 112.100709017585 114.395831051995 115.805398155661 116.711681422065 117.714130962596 118.276602857253 118.02513257195 117.825472663431 117.62551576951 117.106531928567 116.590549076305 116.078324991114 115.41750161788 114.712474822998 113.99453348272 113.424826173221 113.009095304153 112.507773006664 112.285219248603 113.222124211928 114.131544337553 115.019188824822 116.738584181842 118.552531607011 120.415802198298 121.913098587709 123.19433408625 124.533904776854
117.524989296408 116.707173964557 115.995919283699 115.255565194523 113.718407911413 112.219386942246 110.769890841316 109.238973785849 107.674994356492 106.061521249659 104.894949464237 104.164167235879 103.111823306364 102.478215273689 103.536947418662 104.523635695962 105.458271475399 107.559464005863 109.789526322309 112.117665346931 113.630186754114 114.68621377384 115.879136870889 116.576938853544 116.376992281745 116.226396953358 116.063919403974 115.466211206773 114.87321915346 114.286751354442 113.551731670604 112.769744143767 111.961101139293 111.331150167129 110.886155240676 110.351925569422 110.120497254764 111.134518791648 112.119873663958 113.082648333381 115.014095642987 117.050367102903 119.130719970254 120.845028793111 122.343035810134 123.907052460839
116.59207646987 115.494394302368 114.525137620814 113.552225225112 112.063183616189 110.602267433615 109.1767243778 107.852894726922 106.536811267628 105.146402583403 104.202235726749 103.679823707132 102.842084491954 102.319784781512 103.054148842307 103.690039634705 104.256326955907 105.964940688189 107.793918721816 109.721701453714 111.175700524274 112.370082406437 113.741047129912 114.579759261187 114.47270415811 114.413367439719 114.332330759834 113.726714078118 113.128603430355 112.540661587435 111.898951810949 111.235360426061 110.533171765945 109.991372781641 109.614109488095 109.144238303689 108.954457787906 109.912421170403 110.839562023387 111.7425328423 113.67669318704 115.718494807973 117.798889104058 119.610529899597 121.263283533209 122.989924851586
115.8230416915 114.458175210392 113.197533102597 111.948753581328 110.459730148315 108.98953740737 107.542139389936 106.384246713975 105.273746827069 104.077541912303 103.327173345229 102.985207277186 102.380793908063 101.986942235161 102.421435019549 102.757215612075 103.024572035846 104.408622461207 105.887018876917 107.424464618458 108.835490619435 110.178103895748 111.709221447215 112.67056869058 112.639145346249 112.667234701269 112.668276057524 112.056182749131 111.442712335026 110.82764524572 110.254494610955 109.686737172744 109.08588364545 108.62697724735 108.312381407794 107.914070634281 107.774896060719 108.686128279742 109.565052705653 110.418754858129 112.366214415606 114.422542459825 116.508012911853 118.421956342809 120.234452443964 122.128302938798
