PREC/medie/CUMULATA_MEDIA_08.asc
NCOLS 177 
NROWS 174 
XLLCORNER 1436301.375 
YLLCORNER 4916704.5 
CELLSIZE 1500 
NODATA_value -9999 
[rows 140 to 159 of 174, columns 92 to 137 of 177]
64.5331165316131 64.2582236949135 63.9265796086367 63.5412887264701 62.9817063738318 62.2317751225303 61.5665605699315 60.9897100995569 60.7828540381263 60.598498155089 60.4364134003134 60.402838566724 60.3810126360725 60.3017716477899 60.0942431758432 59.7679132153006 59.4187131909763 59.049035058302 58.6072758085587 58.1153354083791 57.5790824890137 56.9908009837655 56.3768345468185 55.7002494755913 54.6227957501131 53.2148891336778 51.8423390528735 50.4377029783586 48.9053570102243 47.4257626954247 45.9875805728576 45.3428719744963 44.7961761530708 44.2874140073271 43.9812330813969 43.8222058205044 43.7427355471779 43.7195713449927 43.8404849978054 43.9835576800739 44.1391389457619 44.5367363761453 44.9477932979079 45.3528279048555 45.7813204351593 46.2267260025529
65.1111972846967 64.8922637841281 64.6376591079375 64.3230771808063 63.7853297766517 62.9920163715587 62.2893560563817 61.6588784596499 61.3256985650343 61.0058217188891 60.6998802353354 60.5734958648682 60.4729298142826 60.3108817619436 60.0783301942489 59.7775612859165 59.4668082209194 59.1467716553632 58.7895228021285 58.3742040185367 57.905958217733 57.2760025332956 56.5999228112838 55.852564348894 54.7589498127208 53.3598549926982 52.0012795784894 50.618863512488 49.1189559627982 47.6726039437687 46.2713373198229 45.58492510459 45.0043174379012 44.4639354593614 44.1143860080663 43.9150595629916 43.7815170638701 43.6728415909935 43.6215198565932 43.5860786087373 43.5602147237343 43.8601576256401 44.1910525770748 44.5246371135992 44.9295658574385 45.3866967225776
65.552908360739 65.3721042871475 65.1835122949937 64.9616089358049 64.4712791793487 63.6580955000485 62.9159975823234 62.2256822165321 61.757312410018 61.2900330038632 60.8238149741117 60.5858612200793 60.3913920486675 60.1437592506409 59.8801214975469 59.6019954961889 59.3270901651943 59.0533306037678 58.7785740459666 58.4473550039179 58.0593346287222 57.4039650804856 56.6809800091912 55.8918896142174 54.8075182437897 53.4443187012392 52.1153948868022 50.7681589687572 49.3136906764087 47.9102051889195 46.5528016581255 45.8339949706021 45.2252608046812 44.6568559443249 44.2676856798284 44.031243057812 43.8465656795922 43.6593490260489 43.4377984422095 43.2251217084772 43.017835795222 43.2159020962084 43.4648244700888 43.7219906295924 44.0950205058736 44.559497636469
65.9983697241611 65.8351353126414 65.6796569333357 65.5196674220702 65.0620114312452 64.237078126739 63.459073936238 62.7131250465617 62.1055100665373 61.4871913264779 60.8562124371529 60.5081372190924 60.2263341230505 59.9027708698721 59.6186008874108 59.3818940134609 59.16316242779 58.9560569454642 58.7807500362396 58.5496615101309 58.2585074060103 57.6223399218391 56.9010268239414 56.1229440324447 55.0921336622799 53.8047763600069 52.5482005091274 51.2766850415398 49.8912555470186 48.5552052049076 47.2671062174965 46.5349887469236 45.9129892938277 45.3315314650536 44.9019631112323 44.6108734257081 44.3562142340576 44.0881004456212 43.7486327798928 43.4139662744368 43.08255911991 43.2027027466718 43.3932857513428 43.5984993541942 43.8992349961225 44.2781095504761
66.9856193813441 66.6152030019199 66.1845075803645 65.7873323454576 65.2176763099783 64.4268949522692 63.6586173422196 62.8995312101701 62.159392637365 61.3974829631693 60.6085293783861 60.179769151351 59.847679124159 59.4844180415658 59.2189198381761 59.0735393832712 58.958435717751 58.8606332891128 58.8126769206103 58.7084473301383 58.5393480693593 57.9853474813349 57.3301415303174 56.6238644964555 55.6889739597545 54.505361290539 53.3467353792752 52.1702360545888 50.8503485146691 49.5773814706241 48.3532497462104 47.5968815438888 46.9457991964677 46.3352779430502 45.8409019217772 45.4607664662249 45.1041937225005 44.7327737317366 44.2800138224574 43.8265960891457 43.3724715600119 43.4019223381491 43.5219892614028 43.6626703037935 43.8670022627887 44.1278341517729
68.0015602755799 67.4327687796424 66.7284354532466 66.1044658773086 65.4268914951998 64.6816091817968 63.9216310697443 63.145927920061 62.2657960372813 61.3489584572175 60.3837244510651 59.8519839258755 59.4500133009518 59.0368921896991 58.7754949822145 58.7102179527283 58.6849532407873 58.6814584030825 58.7458352060879 58.7623956483953 58.7206624535953 58.2564010339625 57.6728476356058 57.0431057565352 56.2080480210921 55.1334642382229 54.0853679881376 53.0197363601011 51.78081166043 50.5832558659946 49.4314827919006 48.6631068341872 47.990934568293 47.3521359527812 46.7961178316789 46.3278015992221 45.8741178547635 45.4046693339067 44.8427928072565 44.2829989405239 43.7256561885862 43.6808712342206 43.7463731765747 43.8308305740356 43.948909703423 44.0989104439231
69.0579435516984 68.2982378707213 67.3202246637905 66.4799761912402 65.6976356997209 65.007152375053 64.2510503390256 63.4519474296009 62.4219296118792 61.3381620785769 60.1795666919035 59.5257551950567 59.0388172794791 58.5695787457859 58.3026158248677 58.3121261877172 58.3705926923191 58.4554301850936 58.6274275218739 58.7617406003615 58.8476671190823 58.476820454878 57.9683861732483 57.419620626113 56.6886613228742 55.7290816727807 54.8001547140234 53.8571558559642 52.7167385325712 51.6140736832338 50.5555381213917 49.773324952406 49.0644926043118 48.3773501971189 47.7482814858941 47.1880506066715 46.63354111419 46.0648792175686 45.4126399264616 44.7672236474121 44.129932926639 44.007137298584 44.0091841641594 44.0273411694695 44.075184878181 44.1575105330523
70.1870177072637 69.3205707353704 68.2003021240234 67.2807943259969 66.391328755547 65.5457359622507 64.5786096909467 63.5582114107469 62.4887103333193 61.3531933532042 60.1189140712514 59.3815458241631 58.8226929832907 58.311699404436 58.0093009051155 58.0072964499978 58.0599813461304 58.1427535449757 58.3549199665294 58.5421234299155 58.6948361256543 58.4434459770427 58.0600190723644 57.6407182356891 57.0559691541335 56.2482034739326 55.4737484174616 54.6918085322661 53.7164839997011 52.7727740792667 51.8681485512677 51.0361309752745 50.2234815429239 49.4236435890198 48.6855676033918 48.0269243997686 47.3659048501183 46.6967303121791 45.9900410245447 45.2924269735813 44.6065745932214 44.397933511173 44.320268462686 44.256828252007 44.2452110402724 44.2978421379538
71.3533069947187 70.409273371977 69.1859898987938 68.2124876695521 67.2033862927381 66.135213024476 64.9022787178264 63.6107846568612 62.5200627130621 61.3540774092955 60.0709010432748 59.2651162147522 58.6449904441833 58.0937103944666 57.7535915374756 57.7367335207322 57.7797027195201 57.85700228635 58.1102041076211 58.348889911876 58.5660349060507 58.4295524989857 58.1680787030388 57.8770997945 57.436495626674 56.7790857904098 56.155691651737 55.5303431679221 54.7156327472014 53.9272761064417 53.1734243701486 52.2979141123155 51.3786094048444 50.4648875488954 49.6159923567491 48.8576102677514 48.0917556987089 47.3221224546432 46.5633551758878 45.8182255485479 45.0923272537835 44.808134247275 44.6606775171617 44.5286692451028 44.4690223020666 44.5063261705286
72.6492537049686 71.6545542829177 70.3489619423361 69.2532482988694 68.0622655784383 66.7070622023414 65.1791283944074 63.592864148757 62.4647489014794 61.2771200152004 59.9915946090923 59.1628070719102 58.5225080882802 57.9374391331392 57.5650438420913 57.5391801104826 57.5699964130626 57.6351731524748 57.9243672595305 58.2076513626996 58.4814281463623 58.4504822001738 58.3036868992974 58.1372779958388 57.8364460047554 57.3259330917807 56.8483739179723 56.3737521452062 55.7144519020529 55.0776411505306 54.4717589827145 53.5598190391765 52.5320413954118 51.50409821903 50.5435603366179 49.6852312719121 48.8160456208622 47.9443386091905 47.1336151501712 46.3448716919212 45.5877937689862 45.2320766448975 45.01239417581 44.8072339226218 44.6930040471694 44.7139931847067
73.634558986215 72.492383023724 71.0150813022081 69.7020899846273 68.3067752850406 66.7732089871869 65.0658093077295 63.2971470899442 62.1658809921321 60.9919503576615 59.7424837491092 58.9241103065364 58.2954822042409 57.7097443443011 57.322971605641 57.2789210146841 57.2880751728354 57.3291534255533 57.6301633329952 57.9321168450748 58.2361295924467 58.2810444270863 58.2194373467389 58.1472725587733 57.9494906593772 57.540979497573 57.1625607153949 56.7891008713666 56.219296876122 55.6657967006459 55.136732970967 54.2277348322027 53.1655693054199 52.1007521713481 51.1006616283866 50.2047510287341 49.2975859151167 48.3924052855548 47.6168389600866 46.8675295491429 46.1593238709166 45.7180659350227 45.3762692844167 45.0504495396334 44.8513722139246 44.8564653396606
74.1884785539964 72.7881393818294 71.0511667351512 69.4364893769517 67.8375339841141 66.2799666523933 64.541388406473 62.7257888948216 61.6376853444997 60.520736739916 59.3494375453276 58.5762725297142 57.9892873886754 57.4307019184617 57.0458957070813 56.9801387326682 56.9645993183641 56.9776733342339 57.2812789468204 57.5954776651719 57.9250160105088 58.0394758897669 58.0585510029512 58.0768480581396 57.9770472189959 57.6642520287458 57.3804139529958 57.105210388408 56.6200820417965 56.148210329168 55.6979242212632 54.8131760148441 53.7368538519915 52.6529880411485 51.6275146147784 50.7041990827112 49.7683278883205 48.8331808342653 48.0958121261176 47.3864440058961 46.7240219028557 46.2010478973389 45.7334279453053 45.2822553971234 44.9886645709767 44.9723245957318
74.6869981709649 72.9992444585351 70.9747802632697 69.024746884318 67.1807468778947 65.5635472746456 63.8022051558775 61.9688909404418 60.9559185504913 59.9287081676371 58.871305213255 58.1812617217793 57.6744884988841 57.1828857484986 56.8426108807325 56.7975883904625 56.7847492256585 56.788920991561 57.1156497843125 57.4431244906257 57.7710011987125 57.9267365511726 58.0004731346579 58.0838896246517 58.0573267095229 57.816606465508 57.6095307855045 57.4181544359993 57.0035496319041 56.6036520565257 56.2296856150908 55.3703596732196 54.2779999200036 53.1774772195255 52.1292688425849 51.180791756686 50.221856082187 49.2608403668684 48.5680741001578 47.9007408093004 47.2797398400657 46.6782118292416 46.0810879539041 45.5003978504854 45.1039475272684 45.0627583896413
75.172597968403 73.1917469703099 70.869108105407 68.5706620251431 66.4617188958561 64.772623314577 62.9842582941055 61.1430311062757 60.1949668211095 59.2563844498466 58.3110687732697 57.7342246981228 57.3577888362548 56.9874738454819 56.7404430613798 56.7409856091527 56.7566584252259 56.7808922137654 57.1168103498571 57.4481185464298 57.763272117166 57.9364634121166 58.0351759405697 58.1511293860043 58.1735297932344 58.0033263879664 57.8709600673002 57.7596716600306 57.3965528993046 57.0455254105961 56.7233266830444 55.9184964684879 54.8653245953953 53.8071961262647 52.7918595987208 51.8608294655295 50.9237456812578 49.9843717112261 49.3695916323101 48.7821570179042 48.2420465946198 47.6314536499627 46.981586009264 46.3514014870367 45.8886169545791 45.7737179363475
75.6660507987527 73.4200787789681 70.7522240246043 68.0607907772064 65.6381508041831 63.8425054830663 61.9918608244728 60.1103120972128 59.2091778025908 58.3436215765336 57.496472120285 57.1295322109671 57.0379888590644 56.9381278542911 56.8995373003623 56.9868676259237 57.0710719376802 57.1540445791393 57.4571402493645 57.7517140893375 58.0144024456249 58.1505167344037 58.2153396606445 58.3073938594145 58.3385520822862 58.2334756290211 58.1703672409058 58.1321300338296 57.8003375109504 57.4758232060601 57.1849075766171 56.4566632439108 55.4841450522928 54.5063477824716 53.554718059652 52.657789328519 51.756692107986 50.8538028212155 50.313554854954 49.8055773692973 49.3436624302584 48.7315012873972 48.0308340910603 47.3511804090265 46.8115266351139 46.5923796261058
76.1905526063021 73.6821074626025 70.6671150922775 67.6016230162452 64.8776199957904 62.9958374079536 61.0909077980939 59.1719889360316 58.3180638201096 57.5225599373088 56.7589679325328 56.5812031661763 56.7581659345066 56.9188190768747 57.0834911290337 57.2465204491335 57.3993256495279 57.5468817659489 57.8260790880989 58.092217725866 58.3132389853982 58.4229446298936 58.4656388899859 58.5241746902466 58.5503192789414 58.4990712334128 58.5015031590181 58.5379016820122 58.2407887402703 57.9423376251669 57.6775357863482 57.0186071676366 56.1210542286144 55.2147950565114 54.3193315898671 53.4467974129845 52.5666828015271 51.6821830553167 51.1978456062429 50.7551895274835 50.3621288713287 49.7449761962189 48.9852484201684 48.2665892743012 47.6636383954216 47.3509464263916
76.7571546435356 73.9864289059359 70.6202033758163 67.2010096521939 64.1884436326868 62.2393649606144 60.284796406241 58.3266199897317 57.5152094784905 56.7829190983492 56.0861662976882 56.0764160576989 56.5067766273723 56.918709193959 57.28345265108 57.5141888506272 57.7346635951715 57.9493751874303 58.2097832735847 58.4544901544098 58.6449831312741 58.7382290870883 58.7668290517211 58.7918379918864 58.8032270319322 58.7791511311251 58.8140092737534 58.8855950131136 58.6248943384956 58.3575033300063 58.1255466797773 57.5302601982565 56.6948458166683 55.8462562561035 55.00601235558 54.1916289329529 53.3719920270583 52.5508734899409 52.1199016220429 51.7375038651859 51.4076021699344 50.8307664674871 50.0889283471248 49.4144399358946 48.8139866572969 48.3923870325089
78.3533037620432 75.6999783025068 72.3949858721565 69.047334320405 66.0539854274077 64.0213661754833 61.9991280611824 59.9832756379071 59.1933300354901 58.504707476672 57.8541562697467 57.7540297788732 58.0181160113391 58.2477712070241 58.4228811825023 58.4638030879638 58.4859728988479 58.493177044041 58.8051006340367 59.1188643723726 59.364323438967 59.4567016459563 59.4414037501111 59.4044659522307 59.3206365809721 59.1061797422521 58.9633723427268 58.8694225760067 58.6903082903694 58.5178805519553 58.3801075149985 57.8607990601484 57.0689455200644 56.2607981176937 55.4887357599595 54.8310001878177 54.1653409705443 53.4955989192514 53.1121898819419 52.7757616323583 52.4956246824825 52.0101938037311 51.3752940156881 50.825919417774 50.282439130194 49.7108323503943
80.2930106836207 77.8598647818846 74.7128616361057 71.5215641751009 68.5945796125075 66.4320971545051 64.2933160557466 62.1701650339014 61.3504832772648 60.6574027398053 60.0043091213002 59.7441351834465 59.7580036415773 59.7387739770553 59.675072017838 59.4984659307143 59.3034198739949 59.0931289515951 59.4474873718093 59.8320991344312 60.1346571918796 60.2315677132677 60.1745822289411 60.0754397717469 59.8992534525254 59.4927063268774 59.1713170444264 58.9131618107066 58.8074703777538 58.7308465452755 58.6866426467896 58.2444458288305 57.4952523007112 56.7202001459458 56.0029325204737 55.4923111410702 54.9752587430617 54.4546781287474 54.1207281280966 53.82739332143 53.5931859787773 53.1926719511256 52.6603696416406 52.2089748031953 51.7040838599205 50.9504689679426
82.3039418108323 80.1215405744665 77.1598186212427 74.1506158323849 71.3219446294448 69.0536621318144 66.8015152706819 64.5603905285106 63.6977133470423 62.9877368702608 62.3136539459229 61.8824534977184 61.6287766063915 61.3548049646265 61.0468112861409 60.6481740614947 60.2323187519522 59.8016009961858 60.1863017183016 60.6392891135286 60.9962112290018 61.0981560805265 60.9967625588179 60.8290544809664 60.5574471810285 59.9517344586989 59.4461677495171 59.0210491068223 58.976591054131 58.9927566191729 59.037867938771 58.6705754223992 57.960118041319 57.2104910401737 56.5353960990906 56.1644020922044 55.7913896055783 55.4155051848468 55.1215123008279 54.856438664829 54.6520793017219 54.3173891305923 53.8705808415132 53.494144320488 53.0236979933346 52.1083994157174
