PREC/medie/CUMULATA_MEDIA_06.asc
NCOLS 177 
NROWS 174 
XLLCORNER 1436301.375 
YLLCORNER 4916704.5 
CELLSIZE 1500 
NODATA_value -9999 
[rows 140 to 159 of 174, columns 46 to 91 of 177]
52.3692800087087 53.0765103031607 53.7817751589943 54.4857758669292 54.8049000747064 55.12225290607 55.45078960587 56.4933355696061 57.902845845503 59.274887919426 60.8545166744905 62.8361763813916 64.8241462286781 66.7800460562986 66.8377645296209 66.9044018352733 66.9872073005228 66.7041870565975 66.2611300103805 65.7961365335128 65.4621461840237 65.346868206473 65.2355322697583 65.150307374842 65.4881416068358 65.8254375738256 66.1617385219125 66.7672527677873 67.4707847903757 68.1760928630829 68.8618227734285 69.5193013233297 70.1865346992717 70.8315714597702 71.2229343722848 71.6309179558474 72.0608477452222 72.7669424449696 73.5596371678745 74.3824066274306 75.4000364191392 76.6580179158379 77.887109560125 79.0673946492812 79.9694987465354 80.8582310396082
52.0140127294204 52.6371282689712 53.2630554157145 53.8903781385983 54.1471078220536 54.4002954819623 54.6618106365204 55.8231981782352 57.4518340685788 59.0393686294556 60.8193484614877 62.9774708186879 65.1472607921152 67.2920802761527 67.3157826030956 67.3514839901644 67.4092977607951 67.0817841642043 66.5814792969648 66.0400878401364 65.6619737288531 65.5626614374273 65.469896512873 65.4017123334548 65.7628440295949 66.124068105922 66.4852574292351 67.0860098530264 67.7772110490238 68.4711976051331 69.135690352496 69.7563619192909 70.3878554736867 71.0049654806361 71.421201804105 71.8530484648312 72.3062495764564 73.0011369200314 73.7761461033541 74.5849144879509 75.5502053709591 76.7165394390331 77.8547632553998 78.9539472355562 79.8223814683802 80.6741530474495
51.6626210984062 52.2019127607346 52.74516703802 53.29044461075 53.4793155386167 53.6644668000586 53.8584233960685 55.1366389393806 56.9836887261447 58.7936097032884 60.7811720791985 63.1228537840002 65.4756939972148 67.8095673252554 67.7977331666385 67.7978200211245 67.8202126306646 67.4378872478709 66.8701518844156 66.2584040585686 65.8412899971008 65.76418670486 65.7063392470865 65.676190698848 66.0821510483237 66.4748720842249 66.8448745222653 67.4249236022725 68.0878784656525 68.7706042177537 69.4143235052333 69.998261605992 70.5940640814164 71.1822854841457 71.6234468011295 72.0799287487479 72.5581736985375 73.2444659261142 74.0033091797548 74.7964489039253 75.7093250611249 76.7823182554806 77.8282048281501 78.8436092488906 79.6768856609569 80.4918892804314
51.3157684242024 51.7715558304506 52.2282378322938 52.6852286843693 52.7999893339241 52.9127303521861 53.0386619462686 54.4317840478 56.4966762556749 58.5366713018978 60.7397634001339 63.2726135534399 65.8098217178793 68.3327199711519 68.2837139578427 68.2435447328231 68.2202637335833 67.7733798027039 67.1287524279426 66.4528930607964 66.001869762645 65.9529311656952 65.944194429061 65.9697370248682 66.4377306769876 66.8677294955534 67.2328662030837 67.7794771194458 68.4017074809355 69.0731213513543 69.6964227872736 70.2435876060935 70.8036321752212 71.3618823920979 71.8278939443476 72.3093260877273 72.8134742344127 73.4927615838892 74.2360678420347 75.0139406989603 75.8762992410099 76.8593682962305 77.8185985228595 78.7562248566571 79.5550412570729 80.3334174436681
51.562576286933 52.0443846723613 52.5245657878764 53.003948317512 53.444148848162 53.8934562758488 54.3629988677361 55.7736894242904 57.6863212725695 59.5840906956617 61.6329411057865 63.9938428822686 66.3493996788474 68.6943690356086 68.4965688761543 68.3033975713393 68.1203260982738 67.8293772865744 67.4906148910522 67.1382132137523 66.9444395233603 67.0352214224198 67.1884688209085 67.382973502664 67.9722230294172 68.5006984542398 68.9223989598891 69.4571466445923 70.0422102703768 70.7065482700572 71.3017792841967 71.7835439724081 72.2788008170969 72.7689662260168 73.0903772326077 73.4242033958435 73.7785054234897 74.2877866520601 74.8543371873743 75.4497584455154 76.2022067799288 77.188760841594 78.152603486005 79.0883234809427 79.7914202634026 80.4732347937191
51.9762792517157 52.5130357391694 53.0443511570201 53.5726888368235 54.4358310296255 55.3189508389024 56.2246466489399 57.6215347332113 59.2823728112613 60.9416049227995 62.7435921781203 64.8446093166576 66.9371173241559 69.0244092099807 68.6625977123485 68.2992277425878 67.9399328231812 67.8480170474333 67.8893973687116 67.9291939735413 68.0423077134525 68.2871425292071 68.604157223421 68.9629666384529 69.6579927556655 70.2779114667107 70.7641936750973 71.2916352608625 71.8403227189008 72.4868769645691 73.0430764450746 73.4461340623743 73.858700093101 74.2619543636546 74.4131109434016 74.5787153805003 74.7694523755242 75.0988674444311 75.4817343599656 75.894611526938 76.5346660333521 77.5260442845962 78.4954645493451 79.432339556077 80.0406721339506 80.6281277712654
52.4697593450546 53.0706091172555 53.6565843540079 54.2341551920947 55.5190627855413 56.830048736404 58.1526721225065 59.5201423027936 60.9104627160465 62.3200598043554 63.8645030750948 65.6949025602902 67.5332404585446 69.3748659807093 68.8737486951491 68.357081862057 67.8349485958324 67.9498423127567 68.3839825461893 68.8233634443844 69.2532781993642 69.6593753029318 70.1056484895594 70.576338150922 71.3247965644388 72.0177786210004 72.6090103598202 73.1702647770152 73.7201511719648 74.3485105177935 74.8662030837115 75.190103895524 75.5066430989434 75.8058597761042 75.7686226788689 75.7535842727212 75.7776762737947 75.9245999560637 76.1210893743178 76.3534891745623 76.8793000052957 77.8773462071138 78.853372742148 79.7943171332864 80.3086113088271 80.8040264354033
53.2072855023777 54.1400842666626 55.0502285746967 55.9485205061295 57.8233520423665 59.7304842612323 61.6404100866879 63.1424918455236 64.4188137895921 65.7378194752861 67.0551485173843 68.3613383068758 69.6887288935044 71.0246975281659 70.2565348849577 69.4592244765338 68.6448434100432 68.9704456890331 69.8787620768828 70.8011135213515 71.6591808655683 72.3842333625345 73.1217860614552 73.8676544638241 74.554954809301 75.2031904108384 75.7795351252836 76.2779751945944 76.7404419113608 77.2594401696149 77.6412332759184 77.7762027908774 77.8843408472398 77.9664638743681 77.6691987654742 77.3994183540344 77.1809927435482 77.1897599556867 77.2974538522608 77.4499373155482 77.8979126986335 78.8370136934168 79.7519612031824 80.6332988739014 81.065564772662 81.4811663908117
54.2306350960451 55.8072126332451 57.3517850847805 58.8790068065419 61.5289796941421 64.2127185989829 66.8881956549252 68.6906898442437 70.0054354106679 71.3834893282722 72.4826967295478 72.9647799099193 73.4841432010426 74.020943108727 72.8325848298914 71.6070980184219 70.3547627505134 70.8746956656961 72.3164054646212 73.7789762721342 75.1431265438304 76.3018831365249 77.4422553567325 78.5736616359037 79.0698487898883 79.545220487258 79.9819319107953 80.3150007584516 80.5979061687694 80.9173599691952 81.0733808349161 80.9251004667843 80.7339278389426 80.5120803328121 79.8982692045324 79.3189048486597 78.8056688028223 78.6870515206281 78.7456360704759 78.8552027309642 79.2304029464722 80.0667860367719 80.8788650176104 81.6624474244959 82.0066008848302 82.3359555637135
55.3580509915071 57.5883649377262 59.7702258053948 61.9250440878027 65.3482850579654 68.8101862739114 72.2592787462122 74.374062538147 75.7358107286341 77.1600536458633 78.0335528429817 77.6785161915947 77.3844603370218 77.1211728488698 75.5085657344145 73.859876015607 72.1872315126307 72.9098730648265 74.9026364719167 76.8950099384084 78.755716492148 80.3374051486745 81.9044849171358 83.4673895555384 83.817284079159 84.1164613050573 84.3193154615514 84.3918954624849 84.398811340332 84.5085730833166 84.4298167509191 83.9878155764412 83.5222407228806 83.0384969991796 82.150816636927 81.2868806614595 80.4705631312202 80.2114341679741 80.2121322014753 80.2718835157507 80.5686696557438 81.2956422917983 81.9990195667042 82.6791097977582 82.9298781787648 83.1698908525355
56.5799788166495 59.4237937085769 62.20014852636 64.9376229117898 69.1751098071828 73.46166453642 77.7339004067814 80.172033478232 81.5632255778593 83.0103473102345 83.6434122534359 82.4391091290642 81.3205867655137 80.2469123952529 78.3749985975378 76.4849709903493 74.5861418106977 75.4977156695198 77.9203671848073 80.3092875200159 82.5265680761898 84.3820047939525 86.2228786805097 88.0545825397267 88.2647898056928 88.3806812061983 88.3307136086857 88.1031049279606 87.7813140083762 87.6360312069164 87.3011630563175 86.5925650877111 85.8836972853717 85.1728586870081 84.1422737065484 83.1321993715623 82.1580552213332 81.8000955581665 81.738250171437 81.7435902427225 81.9400318370146 82.4973157994887 83.0281338972204 83.5373462789199 83.6563490699319 83.7663745880127
58.2694279165829 61.4343561845667 64.5136283986709 67.5430869495167 72.875337488511 78.2877388561473 83.6827960294836 86.4770969503066 87.7720116447 89.1170309291166 89.4123238956227 87.3050232494579 85.3084271374871 83.3714931151446 82.0966155669268 80.8403759002686 79.5807224161485 80.5649718116312 82.7803325653076 84.936157282661 86.8893553228939 88.4056538413553 89.9161180047428 91.4219461328843 91.5127531500424 91.4709594950956 91.1925581763772 90.6182467516731 89.8847078435561 89.4013425041647 88.7995351342594 87.9538352068733 87.1284897748162 86.3130365820492 85.4910029243021 84.6784993059495 83.8810526903938 83.5230096929214 83.3841972351074 83.3211656458238 83.3731088077321 83.6515277413761 83.9041689704446 84.1397858787985 84.0796582839068 84.0141400168924
59.8981034475214 63.3659780165728 66.7435303856345 70.0682599684771 76.4954512540032 83.0409659217386 89.5764686360079 92.7509495791267 93.9681284287397 95.2313009149888 95.2145609014175 92.2254538255579 89.3525363697725 86.5432062710033 85.843591297374 85.2053447611192 84.5560212976792 85.5918465782614 87.5703568178065 89.4984609379488 91.1948472752291 92.3782695882461 93.5577490189496 94.7334700752707 94.6979375166052 94.5038862228394 94.0203230240766 93.1257893057431 92.0050392711864 91.1776946572696 90.3003744798548 89.3118983437033 88.3588795381434 87.4239809372846 86.792169009938 86.1707405202529 85.5587505452773 85.214464412016 85.0087569180657 84.8766657885383 84.7884598339305 84.7881540410659 84.7642328037935 84.7252871569465 84.489756415872 84.244860200321
61.4559276805205 65.2059439490823 68.8767993590411 72.5011878294103 80.0246214025161 87.7121291441076 95.4086206099566 98.9898853302002 100.150080232059 101.353583055384 101.051949332742 97.2030657599954 93.4552524791044 89.7633324791403 89.6164299460018 89.5801822998944 89.5127558427698 90.5805050906013 92.2952300800997 94.0014462751501 95.4490273419548 96.3063384785372 97.1556620317347 97.998922291924 97.8322214238784 97.4913961186129 96.8219874325921 95.6286176793716 94.1388752320234 92.9634741614847 91.8037074593937 90.6687176087323 89.5809865839341 88.5186364229988 88.0638805277207 87.6304664611816 87.2098394842709 86.8897807177375 86.6226694443647 86.4140701293945 86.1841099682976 85.9094642751357 85.6228751014261 85.3315520006068 84.9228819678812 84.4979053946102
65.6044196241042 69.4943902632769 73.3166017532349 77.0989072463092 84.988753823673 93.0632719152114 101.162117789773 104.626955929924 105.337006849401 106.084712196799 105.30437856562 100.87550090341 96.5348076259389 92.2444497557247 92.4702192194322 92.8485514135922 93.1731346354765 94.2580656724818 95.7854792651008 97.3464929356295 98.5554691763485 98.9329447465784 99.2961499831256 99.6484885496252 99.8979908999275 99.9938065023983 99.7300830167883 98.5195240132949 96.7572769277236 95.3315829669728 93.8605157066794 92.2598741755766 90.712402568144 89.1920741025139 88.6210821937112 88.0838747585521 87.5573257558486 87.2389224557316 87.0412482093362 86.905881096335 86.7769439360675 86.6575196771061 86.5287623685949 86.3963633705588 85.757409656749 85.0851198645199
70.3962430953979 74.3865127002492 78.3198437971227 82.2195616329417 90.2888645845301 98.5591955745921 106.869354248047 110.090888752657 110.256241517908 110.459639941945 109.160972931806 104.220181689543 99.351436474744 94.5240755922654 95.0804291893454 95.8411926942713 96.5369975146125 97.6578151478487 99.0302251367008 100.469061458812 101.454594556023 101.338531213648 101.186062812805 101.008031620699 101.71558228661 102.31564729354 102.563431908103 101.410811648649 99.4209357429953 97.7514788122738 95.9666403041166 93.874490850112 91.8459221896003 89.8518963982077 89.1505582472857 88.5068252226886 87.8766629275154 87.5677463868085 87.4515706230612 87.3916057698867 87.3615402333877 87.3967281790341 87.4247267666985 87.4499737234677 86.5883509692024 85.6693902296178
75.017409212449 79.1168855218326 83.1687917148366 87.1925635618322 95.4477190129897 103.911137188182 112.407337525312 115.364317837883 114.960434969734 114.614201938405 112.792662171757 107.335708001081 101.928296005025 96.5492815831128 97.4140807039597 98.561199019937 99.6772347618552 100.887603703667 102.153268028708 103.479941985186 104.254681531121 103.653669132906 102.924202189726 102.112479041604 103.163121560041 104.233022914213 105.121339854072 104.164174135994 102.07152187123 100.167550591861 98.0761978486005 95.4959114860086 92.9871142892276 90.519236536587 89.6809534746058 88.9297872431138 88.1939008376178 87.888900308048 87.8521503280191 87.8670152776382 87.9336229212144 88.1228301665362 88.3063264734605 88.4877060721902 87.41090185502 86.2464364556705
80.3042198068955 85.1507357429056 89.9628431095797 94.75711665434 102.42608014275 110.237449309405 118.067422866821 120.325574313893 119.170063243193 118.089339480681 115.79508787043 110.471329464632 105.184218266431 99.9225445354686 100.951914590948 102.304243368261 103.656892888686 104.870573380414 105.996675715727 107.177937900319 107.797915963566 106.985612757066 105.960797590368 104.801876516903 105.741827123305 106.786039015826 107.810604993035 106.813514765571 104.539216826944 102.321872318492 99.9489837534287 97.1756899216596 94.4896092695348 91.8594424023348 90.8612527566798 89.9650232371162 89.0847118041095 88.6701351895052 88.5537660262164 88.4797550089219 88.4915873583625 88.7311730104334 88.9633475471945 89.1908334283268 88.3450969808242 87.4225986705107
86.3631574406343 92.6915247861077 98.9947659548591 105.285713195801 111.478265874526 117.668547910803 123.870321161607 124.942277459537 122.839152504416 120.830185160917 118.117931758656 113.621015660903 109.138750468983 104.668435068691 105.705591818866 107.063138064216 108.455690552207 109.57304797453 110.514713623944 111.506236581241 112.003666148466 111.204774183386 110.104894638062 108.81076408835 109.248921562644 109.850202111637 110.608883913826 109.386879977058 106.876041805043 104.294571596033 101.656523480135 98.890217444476 96.2185547211591 93.6096307530123 92.4284574284273 91.3512812782736 90.2918043417089 89.6964590689715 89.410282387453 89.1621101042804 89.0439500808716 89.2885711894316 89.5270446889541 89.7614296744852 89.3103112613454 88.7990182988784
92.3238284167121 100.175006585963 107.990508921006 115.787122277653 120.523814818438 125.101503933177 129.678366380579 129.563974043902 126.516244888306 123.557863852557 120.393677262699 116.700042444117 113.01910759421 109.349105610567 110.409750377431 111.762447974261 113.134517164791 114.0966462528 114.79215408774 115.54253095739 115.863702661851 115.025958117317 113.940951627844 112.694553263047 112.821321263033 113.087363187005 113.47841352575 111.927747502046 109.075370676377 106.163821613087 103.297608992633 100.58180326574 97.943925408756 95.3592318927541 94.0016828985775 92.7467120114495 91.511320254382 90.7383394241333 90.285717010498 89.8569193447337 89.5978334651274 89.8402790742762 90.0785491606768 90.3139352237477 90.242683466743 90.1390493056353
