PREC/medie/CUMULATA_MEDIA_07.asc
NCOLS 177 
NROWS 174 
XLLCORNER 1436301.375 
YLLCORNER 4916704.5 
CELLSIZE 1500 
NODATA_value -9999 
[rows 20 to 39 of 174, columns 92 to 137 of 177]
-9999 -9999 142.632680556353 139.423848769244 136.225712271298 133.032858455882 127.612405889175 121.567990471335 115.577925064984 109.264803942512 102.659493614646 96.0146549449247 90.8174717847039 88.7177484175738 86.5651052138385 84.6107251784381 84.961856954238 85.3191373488482 85.6845855712891 86.1899476892808 86.7328726824592 87.3268984626321 88.0995837940889 88.9727715884938 89.8123072455911 90.7852224462173 91.9606821396772 93.0695580875172 94.3431261848001 96.4366441614488 98.5337425680722 100.633114983054 101.84928557452 103.045507543227 104.291371065028 104.379405526554 104.036270141602 103.721170537612 103.710269927979 103.991709765266 104.274864196777 104.247335321763 103.371466243968 102.475331923541 101.575267791748 100.900163089528
-9999 -9999 -9999 140.257227504955 137.848541035372 135.439988304587 130.832321391386 125.556397381951 120.33159233542 114.095272961785 106.946895150577 99.7553894940545 93.8845307967242 91.0522072735955 88.1578753976261 85.4650850857005 85.7199884302476 86.0040666916791 86.3245533213896 86.7547250635484 87.2234687805176 87.7602395450368 88.4608520059025 89.2610700270709 89.9827914518469 90.928736967199 92.2361721712 93.4474235983456 94.7267886891085 96.4876848108628 98.2900664385627 100.124583300422 101.36638731115 102.585269254797 103.85097840253 104.259921803194 104.318054872401 104.406344918644 104.486042920281 104.533823349897 104.573378619026 104.376596563003 103.464217017679 102.527058994069 101.578273100011 100.996304007138
-9999 142.984450171976 142.878971099854 141.174172794118 139.477625902961 137.845819136676 134.043533325195 129.528543360093 125.063529519474 118.936514012954 111.239890603458 103.525595721077 97.0144390779383 93.4782075320973 89.8547016592587 86.4064425300149 86.5687208736644 86.7720826092888 87.0280528349035 87.3651641396915 87.7406815921559 88.202512180104 88.8145462484921 89.5252759596881 90.122329936308 91.023926005644 92.4555112053366 93.8045268339269 95.1515821569106 96.6232661078958 98.1270769904642 99.6581921296961 100.87713062062 102.091869354248 103.369823007023 104.076532251695 104.528928644517 105.011763628791 105.201620662914 105.008729598101 104.798921248492 104.418006672579 103.464381498449 102.484516368193 101.486585280475 100.991882324219
142.115470213049 142.554987739114 142.962363523595 141.978584513945 140.956706327551 139.959816652186 136.872510124655 133.045746971579 129.261535195743 123.375898922191 115.432985642377 107.543700498693 100.688214245965 96.482769685633 92.164982066435 87.964303633746 87.8313639023725 87.7268569048713 87.6692197463092 87.8996054705452 88.2275823705337 88.6653541116153 89.2717994241153 90.0023904688218 90.594747206744 91.4554768730612 92.8047043295468 94.0677638334386 95.3218724867877 96.7886161804199 98.2995010824765 99.8535106883329 100.800847221823 101.682021197151 102.621454126695 103.265284594368 103.761337055879 104.267497343176 104.478531781365 104.303408903234 104.120202681598 103.792766571045 102.866944481345 101.918248569264 100.953702590045 100.295835382798
142.345759896671 142.995417426614 143.618913987104 142.646263346953 141.595456516041 140.551309922162 137.875960181741 134.584636015051 131.335291245404 126.236590217142 119.219324672923 112.282440858729 105.900398478788 100.999431385713 95.9616569070255 90.9528902839212 89.9908458485323 89.0672955232508 88.2100598952349 88.2981991487391 88.6614575105555 89.1542416740866 89.8645923838896 90.7456218495089 91.4564056396484 92.2717952728271 93.2998284732594 94.254202225629 95.2533625434427 96.9641826854033 98.7108883577235 100.494750527775 101.005888770608 101.338983199176 101.748472999124 102.15650177002 102.569620693431 102.991227318259 103.227977303898 103.204271877513 103.166026844698 102.984071170582 102.119643043069 101.23432338939 100.334073235007 99.5124776503619
142.819867526784 143.478273728315 144.282807069666 143.290264129639 142.191951078527 141.12298561545 138.867213978487 136.135622361127 133.44125141817 129.139288060805 123.069787418141 117.049584557028 111.145112430348 105.500522389131 99.7500563228832 93.9769592285156 92.2287279016831 90.5130615234375 88.8585887235754 88.7784930958467 89.1742715274586 89.6987107220818 90.4850335962632 91.4906995436724 92.3254933076746 93.1184777652516 93.8326633677763 94.470947265625 95.1803867115694 97.1208148283117 99.1057968139648 101.14139624203 101.270791895249 101.071284799015 100.941500719856 101.084869384766 101.403766407686 101.700393003576 101.913830027861 102.004651462331 102.101158815272 102.065693126005 101.260366327622 100.451158635757 99.6399996140424 98.6892612681669
143.17863778507 144.019463034237 144.95860155891 143.907942379222 142.740324581371 141.672714009004 139.845273186179 137.69641382554 135.57348318661 132.072260688333 126.964597141041 121.832563736859 116.420933442957 110.000762041877 103.54061126709 97.048796709846 94.519395940444 92.0247226041906 89.5931044185863 89.3361259909237 89.7815787371467 90.3464169221766 91.2297753726735 92.4076457304113 93.4349796070772 94.3090581332936 94.8286781311035 95.2857722114114 95.8224911409266 97.9133159413057 100.032907373765 102.192587235395 102.041762856876 101.434616313261 100.901695924647 100.7869125815 100.945853738224 101.039392807904 101.147669848274 101.308914857752 101.487548603731 101.54986594705 100.791617000804 100.042392730713 99.3027949613683 98.2804913240321
142.52691785027 143.053057502298 143.610594581155 142.251518025118 140.774356168859 139.463146658505 137.937944075641 136.327177159926 134.729964761173 131.941564672133 127.679338567397 123.318643233355 118.642441244686 112.828605427462 107.084476022159 101.398527257583 98.101697809556 94.857427036061 91.6344653858858 91.1316220900592 91.5777747210334 92.1342867682962 93.2190886104808 94.8187433130601 96.2765390732709 97.5125532711253 98.1890721040614 98.7984980414896 99.4235350664924 101.056386835435 102.727183622472 104.455075207879 104.094004687141 103.255418889663 102.482217900893 102.013241487391 101.760041853961 101.412723092472 101.20641596177 101.307121052462 101.443178064683 101.494819865507 100.731307983398 99.991075627944 99.2761820624856 98.1971204421099
141.558388653923 141.647023369284 141.717056723202 140.031346489401 138.23885345459 136.679049996769 135.463827918558 134.435591529397 133.407601076014 131.36173248291 127.979808807373 124.447915469899 120.601157244514 115.559128705193 110.634071798886 105.801796183867 101.762996000402 97.7472062952378 93.7396024816177 92.9710177253274 93.4278802310719 94.0051801344928 95.3076526417452 97.3628003737506 99.2232984655044 100.791822994457 101.582534790039 102.347121519201 103.114386390237 104.322350445916 105.562683778651 106.855310327867 106.271719988655 105.192065743839 104.139691072352 103.282150717343 102.572595484117 101.779891518986 101.23905989703 101.275516734404 101.3612946903 101.392840441535 100.615567375632 99.8792015524472 99.1911686167997 98.0624605066636
140.616716497085 140.30381415872 139.938095092773 137.972110523897 135.88895483578 134.049245048972 133.090572805966 132.615229438333 132.125691806569 130.783492144416 128.253002615536 125.580541947309 122.605984631707 118.375378103817 114.270953907686 110.270717396456 105.521643694709 100.724769592285 95.9402210011202 94.8860814711627 95.3628297693589 95.9983029085047 97.5382124956916 100.081223207362 102.301876741297 104.158737407011 105.013008790858 105.928380180808 106.885369693532 107.690837186926 108.509915071375 109.357551799101 108.533917370965 107.203329871683 105.845533034381 104.589978386374 103.452838448917 102.24911588781 101.373930314008 101.323938481948 101.307055978214 101.243986466352 100.483693739947 99.7921770881204 99.1859198177562 98.074982138241
138.918884726132 138.446817510268 137.900954751407 135.754416297464 133.465343250948 131.435709336225 130.615655786851 130.482479768641 130.308731976677 129.429455701043 127.510968601002 125.446283901439 123.068291832419 119.291308459114 115.631934222053 112.071283003863 107.907552831313 103.763125475715 99.7080621158375 99.1387560227338 100.117253247429 101.31557487039 103.18532629574 105.821202670827 107.991344451904 109.734958648682 110.314269121955 111.019550772274 111.80623514512 112.579407635857 113.364583183737 114.168826159309 113.302723379696 111.864823285271 110.346953223733 108.62646259981 106.694866853602 104.72482546638 103.070638993207 102.297370013069 101.568764630486 100.856174468994 100.320437487434 99.8685563031365 99.5298147762523 98.6053058399874
136.166996226591 135.903848984662 135.529286552878 133.34499538646 130.954740860883 128.835135740392 128.047221015481 128.061225442325 128.019420174991 127.424111534567 125.96334995943 124.36404172112 122.448075238396 118.954305761001 115.586074604708 112.329275916604 109.504956413718 106.784174526439 104.160926594454 104.388031679041 105.983266045065 107.830321592443 109.973198161406 112.464954376221 114.39421709846 115.870641147389 116.061358732336 116.437862620634 116.940505981445 117.676707548254 118.420154347139 119.165015276741 118.213710336124 116.615107592414 114.884383033304 112.673925960765 109.951134401209 107.219021516688 104.790602740119 103.301299824434 101.872213027057 100.484392278335 100.190034529742 99.9764155219583 99.877690707936 99.1151367636288
133.28294282801 133.216842426973 133.039640763227 130.851580227123 128.38591743918 126.196342692656 125.454744226792 125.637087878059 125.700857499067 125.351913452148 124.319647396312 123.234286588781 121.862214929917 118.73068484138 115.700515073888 112.764470268698 111.260639190674 109.983038285199 108.810284558465 109.878744237563 112.100202897016 114.470236161176 116.792723487405 119.024032592773 120.780139698702 122.095940982594 121.995759851792 122.035824943991 122.178353253533 122.794880586512 123.446596033433 124.11992151597 123.075799381032 121.310019100414 119.376608455882 116.71010499842 113.205611733829 109.721920237822 106.529164482565 104.334709616268 102.219078512753 100.142373926499 100.093609304989 100.115893868839 100.229458304013 99.6092374465045
130.292009914623 130.459282818963 130.539701349595 128.436117284438 125.991635490866 123.841582803165 123.115203633028 123.322457706227 123.316174675437 123.078861012178 122.48401035982 121.930419024299 121.137449376723 118.435548894546 115.816025902243 113.277531567742 113.017870285932 113.120384665097 113.332524916705 114.955402598662 117.323644750258 119.69099964815 121.898894366096 123.90115850112 125.519811742446 126.746676276712 126.536516974954 126.441526076373 126.440949383904 126.872024984921 127.350059958065 127.867546979119 126.7568359375 124.902704575483 122.851169810576 120.102809232824 116.514662125531 113.02002177519 109.785556793213 107.412012661205 105.162953545065 103.000254462747 102.740925059599 102.550207025865 102.397245294908 101.516659231747
126.649571362664 127.482921600342 128.242560218362 126.706721137552 124.75983877743 123.110315435073 122.108387217802 121.54330219942 120.698107326732 120.1015290653 120.042171702665 120.111717897303 120.006285050336 117.935644037583 115.921777613023 113.966004988726 114.829162373262 116.185725043802 117.663174348719 119.355468301212 121.141406339758 122.815645105699 124.598580304314 126.581831988166 128.261962441837 129.61459126192 129.610236672794 129.680729585535 129.816765280331 130.089197944192 130.396533292883 130.765840418199 129.666704065659 127.835146735696 125.767774694106 123.155390122358 119.837786057416 116.643821267521 113.628514009364 111.205653695499 108.917067808263 106.726401385139 106.070389018339 105.492009331198 104.925174039953 103.674479540657
123.037838430966 124.524959339815 125.957981558407 124.988269132726 123.527573080624 122.344647351433 121.06635239545 119.691754958209 118.045732161578 117.092001522289 117.611870709588 118.286081426284 118.82786582498 117.345257478602 115.933796377743 114.602566662957 116.610876644359 119.228088378906 121.845744189094 123.538773929372 124.607854955337 125.629478903378 127.006126403809 129.014821220847 130.742945951574 132.186795402976 132.357322692871 132.625573550954 132.989952984978 133.212016834932 133.421881283031 133.648488661822 132.559874590705 130.761940451229 128.810842626235 126.46033747056 123.539589825798 120.707029903636 117.97024715648 115.539255927591 113.182475370519 110.883536843693 109.769196454216 108.739819919362 107.715161267449 106.050882227281
119.475303425508 121.596733990838 123.693615632899 123.285449084114 122.297780878404 121.544678631951 119.990125319537 117.773730334114 115.363096573774 114.051009458654 115.185854519115 116.452042523552 117.612065259148 116.689897200641 115.878748276654 115.199326234705 118.356164146872 122.243312162511 125.859130410587 127.453284768497 127.725297366872 128.136924294864 129.149391174316 131.219090181238 133.029699886546 134.596819709329 134.897911071777 135.321655722225 135.874091653263 136.050931593951 136.158982669606 136.226943520939 135.131624109605 133.35772076775 131.521105598001 129.398711260627 126.826770558077 124.305980457979 121.828028510599 119.470951753504 117.143542570226 114.840812234318 113.411094665527 112.073118097642 110.745605244356 108.830083061667
116.937154208913 119.530826119816 122.125288795022 122.0355832717 121.245423036463 120.635797612807 118.910427766688 116.238588220933 113.460348465863 112.048305735869 113.837708865895 115.737362356747 117.572179008933 117.488681120031 117.562149721033 117.830811893239 119.875027600457 122.155118156882 123.953733107623 125.291880214916 126.345638948328 127.669253181009 129.443590051988 132.046996172737 134.395849340102 136.465674905216 136.723165624282 137.133850546444 137.717145134421 137.878507277545 137.936324175666 137.893310995663 136.843545352711 135.155560212977 133.496419570025 131.621132345761 129.372815300437 127.143735100241 124.941391888787 122.835535834817 120.708110584932 118.556527306052 116.981676438275 115.480102314669 113.981115004596 111.927763995002
114.721777972053 117.720454945284 120.74722402236 120.904073378619 120.23776065602 119.708998960607 117.849630468032 114.800648184384 111.703712463379 110.181966893813 112.598858777215 115.107317307416 117.586155162138 118.330316206988 119.247347214643 120.389057383818 121.260809505687 121.896737266989 121.960385939654 123.036152559168 124.959802515367 127.218675949994 129.794423720416 132.95971365536 135.921566233915 138.615653094123 138.937731125776 139.361010383157 139.896110534668 139.958693111644 139.902777727912 139.777548846077 138.795791177189 137.224960327148 135.674473930808 133.966507406796 131.963063408347 129.985526140998 128.03193619672 126.147412019617 124.216301413143 122.233385871438 120.546039805693 118.923339619356 117.369659199434 115.30051130407
112.411423402674 115.878967733944 119.347299239215 119.767428903019 119.237936805276 118.817565469181 116.863442589255 113.463259304271 110.0079350191 108.305249158074 111.306830462287 114.396862030029 117.49300698673 119.045756171731 120.744078916662 122.640930848963 122.308682834401 121.24444063972 119.742417279412 120.629576065961 123.575092315674 126.809069465188 130.231239767636 133.987891702091 137.640406889074 141.077859317555 141.555347218233 141.997351253734 142.383346108829 142.255454119514 142.015016892377 141.816967234892 140.903112972484 139.455505819882 137.965002620921 136.371156580308 134.550810870002 132.766923792222 130.999625262092 129.266768960392 127.46095904182 125.56872064927 123.785468606388 122.080153521369 120.545203265022 118.47216684678
