PREC/medie/CUMULATA_MEDIA_12.asc
NCOLS 177 
NROWS 174 
XLLCORNER 1436301.375 
YLLCORNER 4916704.5 
CELLSIZE 1500 
NODATA_value -9999 
[rows 100 to 119 of 174, columns 92 to 137 of 177]
91.5638529763502 89.9215846201953 88.2857228798025 86.6549871108111 85.1966052055359 83.7446009972516 82.2954625802882 81.465727595722 80.91287075772 80.3637594335219 80.108174941119 80.2844602500691 80.4545037886676 80.6590843691545 81.1571113572401 81.6453429670895 82.122840460609 82.7426371013417 83.3837278660606 84.0034615923377 84.2301960903056 84.1064407054116 83.985075307243 83.6429754092413 82.6095938586137 81.5913922997082 80.586802406757 80.4121453060823 80.2962755315444 80.1920873978559 80.3835184433881 80.7273267016691 81.0726640364703 81.3498381165897 81.5077582247117 81.6713863541098 81.8393300000359 82.0385061993318 82.2527390087352 82.4872029528898 82.5462430785684 82.556949447183 82.5731322344612 82.498163503759 82.3276569422554 82.1110258663402
89.4604959417792 87.9676693818148 86.4794957497541 84.9954655100317 83.7195715623743 82.4535666493808 81.1907767127542 80.517130725524 80.1235721672282 79.7327178085552 79.5625665889067 79.7356110881357 79.8981273174286 80.0750023196725 80.4223034662359 80.7585412684609 81.0821293311961 81.4516798257828 81.8228885776856 82.1735034129199 82.1797101637896 81.8583380439702 81.5549806216184 81.146524062928 80.3770631095942 79.6260930212105 78.8910658003982 78.9972737536711 79.1762037557714 79.3582048135645 79.6354871637681 79.9628757308511 80.289244146908 80.5558687097886 80.7085992869209 80.8650929507087 81.0259080213659 81.2484079248765 81.4840228136848 81.7385931576 81.8345403390772 81.8805772837471 81.9310154073379 81.9123924479765 81.8147787767298 81.6818991548875
87.3454715293996 86.0010402693468 84.6610795189353 83.3252339643591 82.2323654399199 81.1530977277195 80.0756040320677 79.5577041401583 79.3223639796762 79.0881544561947 79.006394554587 79.1745667036842 79.3305915383732 79.4858639520757 79.6844262375551 79.8723422709633 80.047719113967 80.1766098527347 80.2855499772464 80.3832228604485 80.1821715411018 79.6782034495298 79.1936202189502 78.7023853238891 78.1955986899488 77.7022178979481 77.2212514356874 77.5923347192652 78.0562488892499 78.5257902986863 78.901721533607 79.2140355390661 79.5243015569799 79.7825075598324 79.932527738459 80.0793144843158 80.2268093053032 80.4679874532363 80.7187683722552 80.9845213329091 81.1083549050724 81.1825122272267 81.2650579845204 81.2991389106302 81.2727384567261 81.2248935138478
85.2783159087686 84.0995217491599 82.9281259424546 81.7638030052185 80.8615481572993 79.9756969143363 79.0888317893533 78.7149400570813 78.6120170004228 78.5033475791707 78.4866331885843 78.6338779786054 78.7653528802535 78.8868401050568 78.9795398852404 79.0669089625864 79.1468192970052 79.1152097056894 79.0507873507107 78.9927722846761 78.6944418724845 78.1370357555502 77.6100559585235 77.1373867427602 76.8696382010684 76.6060723504599 76.3465473042692 76.8164639472961 77.3696438003989 77.9152795567232 78.2948448798236 78.5624306342181 78.8246937359081 79.0328418507296 79.1199380930732 79.1932854371912 79.2583003605113 79.4788859872257 79.7037425602184 79.9371054593255 80.0688640931073 80.161950896768 80.2674952675314 80.337330902324 80.3579165514778 80.3692528780769
83.8240127843969 82.894576255013 81.9728088519152 81.0583676450393 80.3065368147457 79.5669699556687 78.8243971852695 78.4691866285661 78.3304354864008 78.1843388641582 78.109273335513 78.1691739278681 78.212130280102 78.2497827305513 78.3542929116417 78.4538627372068 78.5460479820476 78.4990393203848 78.408404693884 78.3343203558641 78.0792329311371 77.6161759250304 77.1847610543756 76.8087239545934 76.6636652736103 76.5183216754128 76.3728983297068 76.712075289558 77.1166728524601 77.5165760657367 77.7960637877969 77.988109925214 78.1738940687741 78.3019446485183 78.288405418396 78.2549430622774 78.2078443134532 78.3940830511205 78.5846694217009 78.7790501257953 78.9207309274112 79.0410422998316 79.1778491244597 79.28924667134 79.3622183519251 79.4369466725518
82.3555349041434 81.6757923014024 81.0030746319715 80.3371973177966 79.7370547687306 79.1429444200852 78.5450710549074 78.2138639478122 78.03981757164 77.8564339665806 77.7244945694418 77.6971523621503 77.6523445353788 77.6041508281932 77.7214915752411 77.8368072299396 77.949016325614 77.8959989828222 77.7862638235092 77.6933118806166 77.4748341476216 77.1029658317566 76.7590085268021 76.4690594532911 76.436589784482 76.4049188231721 76.3743116182878 76.593169296489 76.8496311973123 77.1029969944673 77.2789093746859 77.394529987784 77.5011657266056 77.5470772631028 77.4298109727747 77.2915481118595 77.1383945240694 77.2912641974057 77.4515084659352 77.6063007466933 77.7545188455021 77.9012963631574 78.0669653275434 78.2167198237251 78.3399654276231 78.470398089465
80.8694326877594 80.4404437682208 80.0166475632611 79.5982752407298 79.1514612085679 78.7024494199192 78.2503453703488 77.9490638760959 77.7408062850728 77.520760381923 77.3339138311498 77.2198822638568 77.0883101435269 76.9523634349599 77.083557844162 77.2168299731086 77.3536540059482 77.3000928584267 77.1746509355657 77.06174177282 76.8798228011412 76.6042256074793 76.3538964986801 76.1557773421792 76.2299893673729 76.3045721089139 76.3796907336835 76.5047159755931 76.6397404670715 76.7779754189884 76.8677944576039 76.9141359329224 76.9483751128702 76.921250483569 76.7144719853121 76.4866652488708 76.2432721081902 76.33147130293 76.4266717574176 76.5017407641691 76.5758712431964 76.6442554137286 76.7235723944271 76.7895068000345 76.8402417687809 76.8935344078962
80.2670460168053 79.9257400456597 79.5824495904586 79.2374987882726 78.8511903987211 78.4586976976956 78.0608680949492 77.7411303940941 77.4718470292933 77.1875022860134 76.9131412085365 76.6646467797896 76.3969958669999 76.1191994723152 76.1850684320225 76.2542557646246 76.3313795959248 76.3819448667414 76.427232707248 76.4849408584483 76.4726179627811 76.358114137369 76.2639520098181 76.1990816452924 76.2850409325431 76.3741134247359 76.4668483438299 76.5799433483797 76.6979866308324 76.8206934367909 76.858454059152 76.8160121581134 76.7588543050429 76.6451643775491 76.3502006250269 76.0335466721479 75.6998000144958 75.6407702109393 75.588630844565 75.505985512453 75.3872270584106 75.2422695159912 75.109924400554 74.9810101565193 74.8692122347215 74.764745908625
79.9657292225782 79.6412805108463 79.3132266156814 78.9820207147037 78.6236824849073 78.2607048118816 77.8931143283844 77.5447799317977 77.2081991784713 76.8548859427957 76.4904713350184 76.1026751995087 75.696484727018 75.2781350472394 75.2745848823996 75.280437483507 75.2988309439491 75.452782848302 75.6718698880252 75.9006356561885 76.058641573962 76.1057019584319 76.168604556252 76.2427845141467 76.3414675383007 76.444569012698 76.5529672941741 76.6533002011916 76.7519773875966 76.8561695884256 76.8414596108829 76.7068681716919 76.5545972094816 76.3500732814564 75.9625651135164 75.5510465678047 75.1192651916953 74.9071087556727 74.7035218968111 74.4697026925928 74.1674296154695 73.8166460149428 73.4805176398333 73.1630876204547 72.8977073781631 72.6404228210449
79.678467946894 79.3653491665335 79.0487031796399 78.7288100298713 78.3956870050991 78.05998990115 77.7208383644328 77.3447989996742 76.9392838407965 76.518226258895 76.0671202855952 75.5413822356392 75.0002836900599 74.4483280322131 74.3757769290139 74.3192732684753 74.2734791461159 74.5181819481008 74.90624211115 75.3071432183771 75.6368224340327 75.8464232823428 76.0677654041964 76.2871650036644 76.3997670447125 76.5163797122591 76.6381130152765 76.7247765765471 76.8019689672134 76.8852819835438 76.818719330956 76.5900631792405 76.3409311350654 76.0437360090368 75.5622338968165 75.0540410490597 74.5218945110545 74.155052914339 73.795989485348 73.4100147976595 72.9250815615934 72.3671415833866 71.8251256942749 71.3170872856589 70.9062257654527 70.5057892238393
79.4655200032627 79.16155407008 78.8539303891799 78.5427576093113 78.1933857833638 77.8349565127317 77.4714884267134 77.0152036372353 76.4830861862968 75.9336187769385 75.3542687822791 74.7038451783797 74.0419297428692 73.3715723752975 73.3296098498737 73.321542059674 73.327940604266 73.7066354751587 74.2791093728122 74.8683443770689 75.3788801361533 75.7458167496849 76.1201909990872 76.4827347222496 76.5857143296915 76.6911220708314 76.8002276552074 76.8875129643609 76.9694591129527 77.0592456424937 76.9644650010502 76.654470836415 76.3217899098116 75.9293974147123 75.2686735882479 74.5751361846924 73.8499422073364 73.2852631176219 72.7349770770353 72.1631063293008 71.4844083505518 70.7208554043489 69.9746223898495 69.2906856256373 68.7922892570496 68.3038439750671
79.3580746931188 79.0552586387186 78.7488787033979 78.4388459219652 78.022955123116 77.5852962381699 77.1438376482795 76.5595454889185 75.8537691901712 75.1317800073063 74.3988759868285 73.648063863025 72.8885399594026 72.1221277012545 72.1826018024893 72.2973911621991 72.4246081394308 72.9584815642413 73.7183222630445 74.4983639997594 75.189196656732 75.7055156371173 76.2255943838288 76.7295144550941 76.8110896769692 76.8946842218147 76.9816602547379 77.0692198416766 77.1581494106966 77.254390632405 77.1323260700001 76.7363975749296 76.3157120031469 75.8257694244385 74.9758522650775 74.0930681228638 73.177052862504 72.418446821325 71.6801760336932 70.9247058139128 70.0556326753953 69.0892770711113 68.1418070232167 67.2802015472861 66.6978210841908 66.1248124907999
79.2638895932366 78.9632288007175 78.6591309659621 78.3513490732978 77.8721327150569 77.3560829022351 76.83609038942 76.1257979449104 75.2458129139508 74.3539738725214 73.468689511804 72.6207834692562 71.763811714509 70.8993560145883 71.0535362748539 71.2894644807367 71.5367165944156 72.2228361087687 73.1693005000844 74.1339493919821 75.0005382089054 75.6605415764977 76.3246256007868 76.9755305262173 77.0356664938085 77.097107186037 77.161086076761 77.2470213946174 77.3417376069462 77.4384920737323 77.286965454326 76.7997739735772 76.2883408770842 75.7027106285095 74.6617368810317 73.5930079572341 72.4945424584781 71.5499147807851 70.6303089085747 69.695015262155 68.6399302202113 67.474057674408 66.328284740448 65.2866735177882 64.6227544335758 63.9670532450956
79.1800532200757 78.8858214406406 78.5891668025185 78.2896873810712 77.757507758982 77.1728607416153 76.5851032733917 75.7529475969427 74.6894392756855 73.6169148893917 72.5700982177959 71.6380659832674 70.6977072252947 69.7505507960039 70.0037196103264 70.3733030347263 70.7541411904728 71.5768329886829 72.6760181188583 73.7880301054786 74.7875912855653 75.5358990430832 76.2837520101491 77.023168795249 77.0771311802023 77.1335516870022 77.1934567396255 77.265570528367 77.3411415324492 77.4117762621711 77.2108423850116 76.6149063671336 75.9944999358233 75.3031987863428 74.1009885844062 72.878193434547 71.6319571382859 70.5489825080423 69.5014808879179 68.4432843713199 67.3165976299959 66.1257235302645 64.9658417701721 63.9258495779598 63.3458233721116 62.7810718592475
79.163002575145 78.907300528358 78.6492756114286 78.3883656123105 77.8431771783268 77.2287144310334 76.6106267536388 75.6451026481741 74.3349732441061 73.0204396177741 71.7696712087183 70.7903064910103 69.8019229945015 68.8058683661854 69.1704196929932 69.6900499007281 70.2198256885304 71.1334331316106 72.3033831750645 73.4845310800216 74.5390922777793 75.2883425390019 76.0374299883842 76.7864294963724 76.8770646470435 76.9659410487203 77.0573429818101 77.1170446732465 77.1609193577486 77.1941604053273 76.9409025697147 76.2372418571921 75.5096247336444 74.7199609139386 73.3898771510405 72.0436247376835 70.6781037555021 69.4871660681332 68.3408446592443 67.1857927266289 66.024249048794 64.859847910264 63.7271367521847 62.7150967822355 62.2325428794412 61.7639049361734
79.1450770322014 78.9283459887785 78.7090022143196 78.4861676622839 77.9291960561977 77.2847446273355 76.6381726335077 75.5470603143468 73.9924582313089 72.4353897431318 70.9742435287027 69.9464686688255 68.908626724692 67.8618091905818 68.3297500890844 68.9978776539073 69.6767729450675 70.6839701638502 71.9249372973162 73.1768385031644 74.2904086814207 75.0424682883655 75.7913399233538 76.538166438832 76.6688459620756 76.7872661325861 76.9090509451926 76.9574774854323 76.9688044996823 76.9680558372946 76.6686984791475 75.8610728207756 75.0284030016731 74.14271068573 72.6863712422988 71.2184129322276 69.7363885150236 68.4392905235291 67.1967971184674 65.9502064480501 64.7536354625926 63.6204565833597 62.5151575312895 61.5273094457739 61.141467739554 60.7669686710133
79.1262704204111 78.9491188385907 78.7685235247892 78.5831302264157 78.0155118984335 77.3408182719175 76.6677235645406 75.4587039807264 73.6614857351079 71.8612713182674 70.1832630774554 69.1060643476598 68.0176215031568 66.9186989068985 67.4827524774215 68.2984363471761 69.1266974140616 70.2301910905277 71.5424253870459 72.8621604863335 74.0334593478371 74.7862737494357 75.53278669189 76.2755384620498 76.4463787324288 76.597791616531 76.7559290155768 76.795300009003 76.769456866526 76.7298476173926 76.3800029754639 75.4580503632041 74.5081456408781 73.5151085853577 71.9607112828423 70.4032560797299 68.8417647586149 67.4950316934025 66.2258217194501 64.9646902645335 63.7993021011353 62.7573700792649 61.7442164701574 60.8369911418242 60.5449909883387 60.259838440839
78.9156590069041 78.7802927634295 78.6408184486277 78.4952972426134 77.9121613362256 77.1975602332283 76.4881200089174 75.1943076638614 73.226478934288 71.2575201286989 69.4384412625257 68.4192314288195 67.3911713642233 66.3546180725098 66.8747242338517 67.656389615115 68.4465409026426 69.5522483306773 70.9161204730763 72.2909845113754 73.5225639413385 74.3114955951186 75.0902051785413 75.8621492981911 76.1209310713936 76.3534223349655 76.5942269563675 76.6287121032091 76.5431261663051 76.4434305552174 76.0219747599433 74.9561904738931 73.861243724823 72.7368688302882 71.1689679201912 69.6017307113199 68.0363370951484 66.7379731851466 65.5456083241631 64.3663909014534 63.2993435018203 62.389408420114 61.5047645007863 60.7009085486917 60.4527189591352 60.2091878442203
78.6383057061364 78.5489546902039 78.4548044204712 78.35332365597 77.7584363432492 77.0049585314358 76.259726208799 74.8925292001051 72.7687304090051 70.643624754513 68.6879230527317 67.7374741890851 66.7780600856332 65.8096128702164 66.2739277026233 67.0090837057899 67.7550883573644 68.8618788368562 70.2827347306644 71.7112937464434 73.0013053206836 73.823676312671 74.6318133859073 75.4296384804389 75.7710223373245 76.0801338868983 76.3973150656504 76.4253844504847 76.2729438236531 76.1143112436813 75.6259638000937 74.4181574092192 73.1850012049955 71.9338291953592 70.3628226448508 68.7944678418777 67.2309578166288 65.983811602873 64.8742199505077 63.776493324953 62.8051999877481 62.0267423741958 61.2689643747666 60.5698317359476 60.3629995794857 60.159062834347
78.3467993525898 78.3007041356143 78.2501832036411 78.1924807464375 77.5877153663074 76.7946177440531 76.0084495123695 74.5661345580045 72.2816388607025 69.9978992378011 67.8973880515379 67.0138793622746 66.1245431409163 65.2289172901827 65.6454960738911 66.3386662988102 67.0455650652156 68.1551016428891 69.6375422547845 71.1173411537619 72.462980929543 73.3155419896631 74.1501413934371 74.9707272789058 75.390028767726 75.772416202461 76.1610259904581 76.1833239583408 75.9599912788938 75.7461988588466 75.198422908783 73.8527427000158 72.4884713397307 71.1116528511047 69.5474222127129 67.9837254355936 66.4253713383394 65.2369300617891 64.2307624816895 63.2382971258724 62.3871707355275 61.7633212313933 61.1564381543328 60.5895002028521 60.4324556238511 60.273105060353
