PREC/medie/CUMULATA_MEDIA_07.asc
NCOLS 177 
NROWS 174 
XLLCORNER 1436301.375 
YLLCORNER 4916704.5 
CELLSIZE 1500 
NODATA_value -9999 
[rows 48 to 71 of 174, columns 54 to 107 of 177]
122.869153191062 120.659432046554 118.97263285693 118.509006051456 118.99596304052 120.281930362477 121.428586847642 122.00117559994 122.841148039874 123.667404062608 124.268143148983 126.162566016702 129.168777690214 132.10826290355 134.818275676054 137.515257442699 140.2562121223 141.317284527947 141.625604741714 141.078007417567 140.616408179788 140.575340944178 140.74381682452 140.986362457275 141.34412428912 140.05850982666 137.589255276848 135.303288964664 133.437080495498 132.96332359314 132.595640406889 132.379597495584 131.791262121762 130.110976611867 127.115722375758 123.291968513938 120.949885592741 118.923681146958 118.224542449502 118.868132451001 120.743702299455 123.68602329142 127.602128617904 131.496493900523 135.355232729631 138.110187895158 140.033225269879 141.060147453757 140.886814257678 141.245529455297 142.411325062022 142.922230636372 142.750766585855 142.358863493975
118.862321923761 116.743275558247 115.09020393035 114.621025253745 114.969715847689 116.168590770048 117.432909236235 118.864587671617 119.877713371726 121.267791074865 122.666652118458 125.534053129308 129.241276460535 133.53376568065 138.553663814769 143.269651300767 146.742091908174 148.839458241182 149.377882789163 149.165270188276 148.844736660228 148.682717042811 149.107488071217 150.182442048017 149.36242462607 148.395636390237 145.757308959961 143.174035016228 141.780084049 140.977018244126 140.289936738856 139.509918549482 138.255903636708 136.416798928205 133.557083017686 129.258286756628 126.514146636514 124.885108835557 124.180944526897 124.704525667078 126.447668271906 128.854929783765 131.737739044077 134.938832703759 137.62629162564 139.545927047729 140.67657066794 141.070966187645 140.493169980891 140.249235742232 141.120360150057 141.788557192859 141.511523246765 141.487071906819
112.665628517375 111.31761971642 110.324484769036 110.314916722915 110.802673508139 111.970241490532 113.321797539206 115.079135053298 117.030487621532 119.161341611077 122.047426672543 125.681514179005 130.757278891171 137.041864956126 144.149212332333 149.821537017822 154.071298038258 157.115869634292 158.217209086699 157.955462960636 157.198935677023 157.198364482206 157.707644406487 158.165739059448 157.356003032011 156.264749639175 154.292102813721 151.267856878393 150.070108021007 149.263603378745 148.485990916981 147.314168537364 145.522046594059 143.466447044821 140.473120913786 136.351525979884 132.495364581837 130.507573969224 129.744371666628 129.668585216298 131.007373094559 132.916703182108 135.132801154081 137.184246091282 138.910133852678 139.818466270671 140.473415879642 140.224340873606 139.498420462889 138.664118107627 139.48609176804 140.560644388199 141.4536894069 141.324842116412
106.066726488226 105.044067018172 105.247624004588 105.965768225053 107.442388141856 108.761937281665 110.157547726351 112.04083033169 114.528995850507 117.717199942645 121.924222385182 127.48467019025 134.466888652128 143.341731800753 150.461810392492 157.202318415922 162.646858103135 165.900206621955 167.19405039619 166.804095212151 165.610148373772 165.008951523725 164.731610578649 164.505476222319 163.768256804522 162.564569080577 160.999407431659 159.030930406907 158.066914614509 157.334303687601 156.281953811646 154.899180412292 153.214660055497 150.167259665097 146.953964710236 142.90207492604 138.537976545446 136.358416080475 134.988003618577 134.236714713714 134.533084616942 135.762003730325 137.312679234673 138.456852099475 138.91318433425 139.624717824599 139.727630460964 139.913903432734 139.409968614578 139.064107011346 140.351464762407 141.808258000542 142.952610857346 142.519701649161
100.180716135923 99.9400293967303 101.088031207814 102.688244539149 104.563706510207 106.523014741785 108.645188808441 111.033229827881 114.268296017366 119.074872185202 124.159924114452 130.277297019958 139.745695226333 149.25514423146 157.806213266709 165.198518416461 170.046503628001 173.441685732673 174.485540165621 173.892669677734 172.435788547291 170.079592143788 169.440838028403 168.724690549514 167.860891229966 167.027270765866 166.169574793647 165.110982109519 164.786428928375 164.140082247117 162.865884724785 161.352960306055 159.636000464944 156.559021248537 152.300352208755 148.507972352645 144.05710253996 141.695183417376 139.909359020345 138.466697833117 137.665796125636 138.192745755701 138.684819684309 138.695874368443 138.909255672904 139.568458725424 140.084783638225 140.53612222391 140.566584124285 141.50313354941 142.394775390625 143.152352922103 144.100519544938 142.964540902306
95.9983109446133 96.6116438332726 98.1701237173641 100.80924095827 103.141962444081 105.524039156297 107.931326725904 111.269098169663 115.684146909153 120.754382526173 126.849935812109 134.710146903992 144.426785132464 154.601582527161 163.103771321914 170.320949105655 176.074562072754 178.270528905532 178.948310852051 177.993983212639 176.074327861561 173.511071597829 171.857371274163 170.820713996887 169.973104953766 169.449295156142 169.079091492821 168.953504225787 169.06573491938 168.530366112204 167.670373075149 165.75021945729 163.541809250327 160.632836678449 156.793841053458 152.035378385993 148.49668749641 145.756912848529 143.677207091275 141.633157295339 140.206136268728 139.759065039018 139.314719494651 139.334710401647 139.23789024353 139.776590193019 140.735759987551 141.461576041053 142.585442599128 143.725707446828 144.194628967958 144.751487717909 144.282160534578 142.830227276858
93.8987039257498 95.2777175622828 97.5113268319298 100.417671063367 103.100831508636 105.346171210794 107.986844455495 112.335430958692 116.931569379919 122.700952445759 129.314996915705 138.210364706376 147.906514279983 158.055762683644 166.561807969037 173.592738656437 179.087238199571 181.595978680779 181.172698020935 180.14307829913 177.370651862201 174.147572461297 171.834469402538 170.283730619094 169.672386646271 169.501487142899 169.774412996629 170.116964368259 170.435686980977 170.293900489807 169.262502642239 167.019702729057 164.724139956867 162.107000757666 158.748955207712 154.489419109681 151.130618964925 148.351413923151 145.884202031528 143.716859102249 142.242916766335 141.557507823495 140.970018737456 140.264831795412 140.307140153997 140.659981152591 141.450419103398 142.160924041972 143.617969190373 144.692618650549 144.736765272477 143.973150856355 142.729569603415 140.557551776662
94.006667656057 95.805086963317 98.4787457971012 101.275216425166 103.863817663754 106.231275740792 110.007603252635 113.706385850906 118.157971662634 124.128169985378 131.355204918805 140.238319004283 149.287112488466 158.94519329071 167.683034896851 174.161444103017 179.545554076924 181.733485530404 181.155435001149 179.438826252432 176.21412005144 172.430444184472 169.508976739996 168.263761688681 167.487283454222 167.521972600152 167.970461985644 168.499938964844 169.592696638668 169.62695534089 168.009965069154 165.649109601974 163.46335014175 161.233056895873 158.199219605502 155.222498837639 152.839458984487 150.326002233169 147.538418349098 144.803187426399 143.828584572848 143.076663732529 142.509640567443 141.557577161228 140.769201615277 140.094089900746 140.399295007481 141.568395628649 141.979815483093 142.3410291812 142.041959440007 140.620362772661 138.290375218672 136.59119775716
95.9032073652043 98.023131608963 100.515292770722 103.27054142952 105.639655716279 107.85359026404 111.028023383197 114.400302073535 118.605998291689 124.197516146828 132.00182426677 140.644755882375 149.205371898763 157.958108369042 166.11865643894 172.638007374371 177.218793967191 179.595675566617 178.58450087379 176.760104375727 173.07803088076 169.668951202841 167.003439973382 164.79775890182 163.912761351641 163.892798073152 164.420931970372 164.919703637852 166.014144518796 165.90120158476 164.496598622378 162.602297684726 160.519181770437 158.972321285921 156.633204670513 155.007770215764 153.276216913672 151.182818384732 148.528332275503 146.233021091012 144.697205431321 143.835825078628 143.075212969499 141.450038433075 139.681320106282 138.758521767224 138.269199427436 138.316124958151 138.203809555839 137.361315544914 136.484208078945 134.945377952912 132.766767838422 131.220788310556
98.36706737911 100.736667198293 103.148964208715 105.543741394492 107.70404012063 109.302628573249 111.926522773855 114.700046946021 118.3155318148 123.680918441099 131.173490145627 139.048036883859 147.205343863543 155.031620684792 162.603690974853 168.878320034812 173.914969808915 175.884090353461 175.728555623223 172.574474517037 169.13589887058 165.923416754779 163.377292815377 160.658395879409 159.328356925179 158.75663095362 158.773690406014 159.658653441597 160.027142875335 160.18694618169 159.177856838002 157.818157532636 156.813098823323 155.688044449862 155.041729590472 154.065927239025 152.791773754008 150.879226880915 148.708427695667 147.04900043151 145.934974516139 145.078650194056 143.266327773823 141.059395537657 139.051811554853 137.327915724586 135.936225049636 134.385500374962 133.212188019472 132.105983425589 130.077878068475 128.546397994546 126.281221922706 124.40895264289
102.146981898476 104.203346757328 106.421431639615 108.502063765245 110.02160728679 110.727673236062 112.994876160341 114.958020280389 117.697733738843 122.739368438721 128.909369272344 136.352609213661 144.242613708272 151.52483013097 158.463138594347 164.717670258354 168.785725888084 170.836604623234 170.337444894454 167.879304829766 164.736276893055 161.257151239059 157.393946135745 154.792097007527 153.376048487775 152.447934746742 151.783719693913 151.801777860698 152.091182456297 152.316491996541 152.109438678798 152.09504098752 152.169760535745 152.288394647486 152.98640983245 152.576240539551 151.416444273556 149.624344320858 148.642644433414 147.640183406718 146.946980167838 145.731831690844 143.473943065195 140.698332926806 138.071315597085 135.415611743927 133.043224334717 130.70795544456 128.486646876616 126.887012425591 125.060738058651 123.035632357878 120.543245862512 118.067059096168
106.359482386533 109.098589336171 111.039718094994 112.274390865775 112.982988034978 113.358739909004 114.540817372939 115.566028216306 117.752839411006 122.051431361367 126.752076345332 132.994915948195 140.814727264292 147.873315979453 154.643627741758 160.100563245661 163.539612517637 165.156885034898 163.952661935021 161.642036395914 158.23262246216 154.648982384626 151.491379064672 148.269781484323 146.50297713981 145.03938387422 144.062647728359 143.704287080204 143.917818153606 144.501779654447 144.809677439577 145.613242205452 146.899493441862 147.993153572083 149.15714339649 149.374850834117 149.062589743558 148.578089391484 148.07427557777 147.102426080143 146.027057170868 144.924891359666 142.35145111645 139.656400287853 136.656976082746 133.915954758139 130.815255501691 127.853777436649 125.286877632141 123.458376407623 121.394103274626 118.89246783537 116.054492024814 113.177553204929
111.127484882579 114.003523209516 116.150726318359 117.097691227408 116.661081987269 115.99662044469 115.543773111175 116.404625878615 117.832435867366 120.957572488224 124.793714298921 130.056747450548 136.671927311841 144.302054910099 150.443591173957 155.357820342569 158.506058552686 159.879320958081 158.087866797167 155.425938157474 151.637907084297 147.27268224604 143.739147515858 140.679206995403 138.049589760163 136.418724922573 135.319284537259 134.984098231091 135.535132611499 136.676383649602 137.863050404717 139.456217078602 141.494757091298 143.472994439742 145.065188099356 145.818283473744 146.336976135478 146.171663017834 146.015595071456 145.008701717152 143.944339331459 142.637492179871 140.827409183278 138.201926960665 135.092038491193 131.728632478153 128.389286097358 125.177615446203 122.639005717109 120.612162982716 118.30586458655 115.306701744304 112.807729861316 109.496910235461
116.492118246415 119.712937186746 121.280233130736 121.539057759678 120.27766048207 118.565063027775 116.903044518302 116.740606868968 117.325139136875 119.668387595345 122.930718309739 127.291695706985 133.544907205245 140.089790203992 146.593259011998 150.882909438189 153.163144490298 153.620827240102 152.605552953832 149.965711102766 146.055744016872 140.975624147583 136.847754667787 133.023775787915 130.39459557393 128.156687392908 126.846810235697 126.610245578429 127.480182093732 129.346139024286 131.38628068391 134.184253117617 136.832332863527 139.593042878544 141.509079722797 142.754846236285 143.296168705996 143.238925569198 143.400559060714 142.661333645091 141.124258714564 139.67135777193 138.126074734856 135.93398290522 133.085281820858 129.764528274536 126.70740183662 123.714873145608 121.355648433461 118.68608676686 115.802275489358 113.414220473346 110.167589860804 106.055185261895
121.92997489256 124.835192119374 125.911856370814 124.891582320718 122.872922560748 120.465688817641 118.06788483788 116.377539662754 117.047713770586 118.289485117968 120.978388870464 124.984198233661 130.140486591003 135.843404938193 141.217762428171 145.455741391462 147.413676963133 147.992654155282 146.746610851849 144.186173004263 140.143515748136 135.50759649978 131.160519971567 127.137249897508 123.759821891785 121.214962783982 120.007917327039 119.713860122597 120.96616620176 123.082625238334 126.055482261321 129.296519489849 133.2137390866 136.147441232906 138.293219678542 139.635583288529 140.172310408424 140.17208147049 140.230415147894 139.500125324025 138.583067445194 136.878833995146 134.91445126253 132.463308446548 129.800138361314 126.918368507834 124.424632801729 122.485556995167 120.701613145716 118.301091474645 115.777591537027 112.646133591147 108.208562766804 103.070295389961
126.926206869238 129.174195289612 129.009100353017 127.117407293881 124.489457635319 121.347150998957 118.439345696393 116.18065404892 115.15493461665 115.70344546262 118.690338597578 122.098843251958 126.559762519949 131.58028031798 136.218043439529 139.085052868899 141.628887092366 142.387952341753 140.988997199956 138.463324203211 135.457898160991 131.152310168042 126.440952869023 122.410292667501 119.052647453897 116.441830372109 114.989711712388 114.703272875618 115.302997901159 117.707918251262 122.122432007509 126.035258685841 129.888192709754 132.697114102981 134.730794668198 135.53862658669 135.746463635389 135.517948823817 135.584433527554 135.602397021125 135.123093997731 134.235712275786 132.150131562177 129.706814261044 126.752751743092 124.41587268605 122.72111084882 121.725288391113 120.555832694559 118.998802633847 116.65837097168 113.037934191087 108.104129061979 101.884726440205
130.807024675257 131.69506185195 130.370180915384 127.524299116696 124.233600223766 120.806628956514 117.653563218958 115.275260392357 113.477235751994 113.406874137766 115.664555731942 118.463112732943 122.456835157731 126.771628211526 131.302864789963 135.049311364398 137.13253251244 137.647842596559 136.421101338723 134.242053649005 130.610702234156 126.520484065308 122.318468672388 118.429809395005 115.372238383574 112.674805595594 111.127545097295 111.080118175815 112.896336253952 115.317829566843 118.805938271915 122.83092564695 126.232057529337 129.082036986071 130.65934158774 130.857240256141 130.645050918355 130.437719962176 130.355596149669 130.517186108757 130.908868453082 130.656432207893 129.290229348575 127.635236403521 125.635804344626 123.781561683206 122.618586147533 121.399404862348 120.633644328398 119.791675118839 117.956068599925 113.980967409471 109.133176579195 102.407352615805
132.992256164551 132.792901207419 130.565614700317 127.093717575073 123.208917842192 119.669053302092 116.483070485732 114.160216443679 111.849851818646 110.832749030169 111.703418240828 114.937905045117 118.691078578725 123.361236277749 127.761021866518 130.954723442302 132.973099294831 133.44333049129 132.102623652009 129.645786418634 125.707521228229 122.038035774932 118.309050261974 114.482314730392 111.439797082368 109.563773702173 108.556928771384 109.065678435213 111.311273588854 113.800774651415 116.99385229279 120.90997838974 124.293260896907 126.338559809853 127.081634731854 126.371915396522 125.364138098324 124.744801521301 124.56075668335 125.245410806992 126.197979197783 126.376364090863 126.129163405475 125.329487968894 124.308770796832 122.816586887135 121.627292184269 120.766980115105 120.830886392032 120.762679380529 119.402752147001 116.412834391874 110.942065575544 104.237272991854
133.916791130515 132.909070183249 129.922646466423 126.001424228444 121.79922653647 118.156718646779 115.274588080014 112.197956365698 109.595343365389 107.902066651513 107.836270991494 109.618592009825 114.051825677647 118.678841408561 123.114006652552 126.622455758207 127.859674159218 128.218372001367 126.425105431501 124.018338592613 120.9958045693 117.362045530011 113.931534353425 110.969010170768 108.414637534057 106.924972541192 106.548942544881 107.411653210135 109.457039601663 112.495925496606 116.104236378389 119.83158141024 123.289348966935 125.195196909063 125.054894938188 123.658465609831 122.0878571903 120.589733796961 119.704727397246 119.797950969023 120.2617595897 120.959426206701 121.181084352381 121.784106983858 121.885156182682 121.070100896499 120.561261345358 120.571578530704 121.174614625819 121.53958309398 121.300228792078 118.866249308867 113.704760046566 107.068307820488
133.798873003791 132.561871472527 129.526847166174 125.094072454116 120.551093381994 116.493479336009 113.331812129301 109.991492551916 106.991759300232 104.946188730352 104.252145879409 105.081538354649 108.015109314638 111.975808325936 116.070319589447 119.262935147566 120.683739094173 120.031578968553 119.220965083908 117.423415678389 115.023919803255 112.056599574931 109.2640812397 106.781031068634 104.836309853722 103.84310352101 104.03030371666 105.029393034823 107.27829607094 110.640571566189 114.492700815201 118.30484457577 121.158192312016 122.67076642373 122.323875539443 121.015559000127 118.936778433183 116.781829160803 115.29976496977 114.894248962402 115.11705679052 115.606172225055 116.472226198982 117.594658010146 118.476538602044 118.876006855684 119.121128979851 119.446756475112 120.40192009421 121.97924008089 122.261761384852 120.573642394122 116.299332787009 110.446461060468
133.159149730907 131.90557233025 128.958000183105 124.483672983506 119.773928473977 115.867523417753 111.735927301295 107.772597817814 104.107473597807 101.592428824481 100.426625700558 100.539703228894 102.445933089537 105.492396487909 108.649399848545 110.892500596888 111.919990083751 111.496889324749 110.778096290196 109.738174985437 108.258492792354 106.085806117338 104.138599353678 102.235332699383 100.600065581939 99.5796341475318 100.023748566123 101.146005160668 103.91606805605 107.541394394987 111.469947786892 114.985946837594 117.361696607926 118.646996119443 118.233853059656 117.218412343194 115.348042095409 112.944906907923 110.77220770892 109.61616044886 109.021622152889 109.093972262214 110.104015350342 111.605999217314 113.296817106359 114.345248390647 115.098947188433 116.094399171717 117.95014594583 120.127355575562 121.43018430822 120.9353946237 117.92388197955 112.842178681317
133.125986323637 132.209800047033 129.068632686839 124.515231749591 119.546900468714 115.371315226835 110.548467411714 105.621425796958 101.319568521836 98.1441608036266 96.0776817658368 95.7284680534812 96.5079887193792 98.2648984965156 100.253873811049 101.761379578534 102.402813560822 102.18568665841 101.754560512655 101.336876883226 100.660595290801 99.580267162884 98.5664823896745 97.6567001623266 96.8288504235885 96.183166069143 96.3766363648807 97.5715594852672 99.6765000399421 102.598895577823 106.144350037855 109.395371591344 111.739162725561 112.691754369175 112.743318277247 111.543191573199 109.687687453102 107.196857059703 104.678804117091 102.883708561168 101.683543710148 101.604641802171 102.911978553323 104.573856522055 105.947649787454 107.3049474043 108.407838036032 110.143523608937 113.181999094346 115.926056469188 118.019103667315 118.73319569756 117.247026443481 113.19686906478
132.859027413761 132.417200649486 129.6968311983 125.305069642908 119.838151482975 114.805020725026 109.140734392054 103.61918331595 98.4582523458144 94.325563879574 91.6453919691198 90.4259726580452 90.1666886105257 90.5045489002677 91.5237669664271 92.3260941926171 92.7906322058509 93.3716536549961 93.5107819893781 94.1310986490811 93.9698033613317 93.9809245362001 94.2658642740811 94.2150032520294 94.0896949347328 93.9389716737411 94.4349501273211 94.862798129811 96.1124504734488 97.9783176814809 100.120207996929 102.762354920892 104.719912599115 105.479785386254 105.529792673448 104.693013331469 103.123340157902 101.029278278351 98.5521015840418 95.8289088641896 94.1672189375933 93.6018608878641 94.0346890617819 95.4709593268002 96.8485930386712 98.1803640477798 100.01041283327 102.344478607178 105.78778850331 109.530753977158 112.38760398416 113.687520307653 114.35079277263 112.088625010322
132.517790962668 132.100953046013 129.667568879969 125.685188517851 120.031521292294 114.457414851469 107.927179785336 101.411627264584 95.6701875574448 90.520819607903 86.6010548928205 84.1573258007274 83.6734460381901 83.3330268859863 83.5375933086171 84.1108200690326 84.8326423869413 85.8312209353727 87.012182263767 88.2479390537038 90.0602195683648 91.3192555764142 92.3501917614656 92.9051189983592 93.2900684020099 93.4314605768989 93.5361066986533 93.1276065181283 92.6431517881506 93.2277499928194 94.2056170351365 95.6543054580688 96.6903078976799 97.3441482291502 97.4424704102909 97.1370376138126 96.2054179696476 94.3947681258707 91.6874964657952 88.7010951322668 86.686468741473 85.5620781954597 85.2919146593879 86.108881333295 87.2367669273825 88.9095357446109 91.0388868556303 93.9924918343039 98.1345495336196 102.259381911334 105.752378239351 108.248091697693 109.514973135555 107.972054930294
