PREC/medie/CUMULATA_MEDIA_03.asc
NCOLS 177 
NROWS 174 
XLLCORNER 1436301.375 
YLLCORNER 4916704.5 
CELLSIZE 1500 
NODATA_value -9999 
[rows 48 to 71 of 174, columns 54 to 107 of 177]
74.6716874066521 74.3831386496039 73.4807290557553 72.7664642123615 72.3003411696238 71.944013211657 71.2907593548298 70.3112163140493 69.1133174300194 67.8793502169497 66.834579593995 66.4773291489657 67.0368105313357 67.0248115763945 67.6935425295549 72.253572008189 75.2833068651312 77.5845604573979 79.1043622213251 79.733564489028 79.8398186599507 79.5002284190234 78.769161308513 76.5948325465707 76.2675133172203 76.5733345676871 76.6785657966838 77.0530256383559 77.9884903991924 80.713753083173 82.1341863239513 83.1807563164655 83.8765279825996 84.322453919579 84.357304166345 84.2924376656027 84.0981289569069 83.8233106066199 83.3341374958263 84.2419243279625 85.3782387200524 86.6961850138272 87.6681721350726 88.3107487874873 88.8221150040627 88.1194176200558 87.2117748120252 85.9736689521986 84.2902673851041 82.2401891140377 80.7319018069436 79.8459704237826 79.2519376242862 76.73901905733
72.9738978533184 72.777535403476 71.7653411881012 71.0609055897769 70.7466414413031 70.5550381436068 70.4542210470228 70.0362517097417 69.3041310468141 68.7803342342377 68.4115840512164 68.6884300778894 69.2036402856602 70.8324549057904 75.7681948016672 79.9280402169508 83.0894870547687 85.6263912705814 87.2275702602723 88.0905188672683 88.117822969661 87.5951974532183 86.4455962742076 85.6669338450712 84.041859738967 83.9703986504499 83.7904924504897 83.8659217497882 86.0610902730156 87.8064464541043 89.0752846914179 89.9053318360273 90.4635495508418 91.0870243451175 91.0095442182877 90.580781158279 89.9316076811622 89.3391425890081 89.0269691593507 88.674462647999 89.6207444317201 90.3832444653791 90.7549369370236 90.4539933274774 89.2865548379281 88.1824921597453 87.011905039058 85.3826709670179 83.5963834226131 81.6290532385602 80.0956275498166 79.5305895594989 77.5465804618948 76.7220127407242
70.6874707398169 70.9564459043391 70.1337125082226 69.5699959248304 69.364529663149 69.4558451938279 69.5866547191844 69.538206689498 69.559424544082 69.6340968959472 70.1574879253612 71.0232109462514 72.450309798998 76.6777871075798 83.177054622594 87.3113992424572 91.1896030131508 94.4317915649975 96.5071315484888 97.5347270544838 97.353349349078 96.573335016475 95.6959662156947 94.6625153457417 93.7562795106102 91.5606940213372 91.1085136637968 91.0201206487768 93.3400579831179 94.8008405461031 96.2007325607188 97.1919262058595 97.6119290239671 98.0953015229281 97.5559319187613 96.6528047954335 95.3144091437845 93.9661317783244 93.3720372178975 92.1632238906973 92.5951433918055 93.1008628256181 92.7898076036397 92.0600938200951 90.0420155945946 87.73070434963 85.7743383085026 83.8030689569081 82.4538046437151 80.4494389961748 78.0831587560037 77.2846913688323 77.0213336734211 76.8787667786374
68.7402086179046 68.6598158062381 68.7274359412053 68.5027531630853 68.4723138809204 68.6065689667183 68.8868843422216 69.2165299776722 69.8390993861591 70.7307702863918 71.8466930003727 73.7460345590816 76.8083712037872 83.927767346887 89.6716552692301 94.8346535949146 99.6581115722656 103.481449786355 105.957810640335 107.02135812535 106.962733086418 105.991687157575 104.860164445989 103.074375419056 101.56844460263 98.8974084573634 98.0538629293442 99.079469295109 100.150833683855 101.327116854051 102.596479030216 103.733348895522 104.284906555625 103.87376863115 103.302952696295 101.978864476961 99.8099690044627 97.9583094014841 96.9217789173126 95.5818971851293 94.7345557808876 94.7076628628899 94.1382422587451 92.4796890511232 89.66655236132 87.4529004903401 85.1025437309462 82.9074195728582 80.8364292838994 78.8607118971208 78.05968412231 77.4604705677313 77.1322231327786 77.671789383187
67.1016605132643 66.5460931636831 67.651736532064 67.7530060585807 67.913733565632 68.1477787038859 68.6594580446973 69.287952926229 70.3581305005971 71.8849359259886 73.9690592744771 77.0908028062652 83.1115018444903 90.9331572266186 96.9385853374706 102.780499907101 108.296712693046 112.436234214727 114.663625780274 115.938439467374 115.612889850841 114.145774083979 112.286018049016 110.026140395333 108.060099489549 105.144456183209 103.936154568897 104.781203823931 105.383549893604 106.366276446511 107.657606833121 108.825964878587 109.431327581406 108.791010372779 107.749732904574 106.307231548954 103.634657779161 101.421451964799 99.9095400256269 97.9594906112727 96.4441891067168 95.7537803895333 94.2488630624378 91.7355045045123 89.4674588652218 87.3129172149826 84.9606644616407 82.9805652429076 81.1118490695953 79.1964726798675 77.9122992298182 77.2335795409539 77.6410016417503 78.1951617703718
66.0000224310686 65.9675444570534 66.1826201721149 67.4948048898402 67.8384165833978 68.1953294119414 68.7925791985848 69.7002732262892 71.3022406592089 73.2941220087164 76.4665177499547 81.4897922908559 87.6140134404687 96.2651473634383 102.857420584735 109.331687408335 115.218972346362 119.502832440769 122.029653310776 122.487257733065 121.821889386458 119.990636895685 117.650633896098 114.959851278978 112.513237939161 109.672920086805 108.044194403817 108.53557984268 108.75623308911 109.681078945889 111.004760237301 112.279891694293 112.976542662172 112.462978282396 111.13164419637 109.018272105385 106.149308607859 104.172673299032 102.448513693669 99.9661415359553 97.8490762780694 96.0891288063105 93.809079710175 91.4922866786227 89.1234354622224 87.0360281923238 84.8600395356908 82.907669274246 80.5881628288942 78.5742123021799 77.6266126772937 77.4896939782535 77.837328851223 78.0379200051813
65.7437485675601 66.1359458714724 66.4405522136127 67.426225066185 67.6953820305712 68.0614188138176 68.76372952321 70.0149179626914 71.9342077549766 74.5272142606623 79.8578430694692 84.7014251947403 90.6670044450199 100.448549368802 107.683437389486 114.487526304582 120.260699426427 124.290331686244 126.409736352808 126.846686419319 125.016165803461 122.762693797841 120.043859117171 117.226755668135 114.686945487471 111.632704293027 110.351255515042 110.592610685264 110.395546583568 111.664683201734 112.897859874894 114.064157023149 114.997506173218 114.693744974978 113.515666512882 111.165839181227 108.510136285249 106.12001977598 104.070029283271 100.993877786047 98.3647870912271 96.2462542162222 93.9865653199308 91.6549526803634 88.9931551814079 86.6823725139394 84.5592250368174 80.9352253920892 78.8706899530747 78.0067851087626 77.4952967692824 77.226080799804 77.3417962368797 77.1361795944326
66.0768471728353 67.0042935925372 67.5573901849635 67.9054101389997 68.5959580961396 68.9718041419983 69.726761004504 71.0496470297084 73.1078364989337 77.1669538722319 82.3218210935593 87.5393432028153 93.7775294780731 102.873332514482 111.44397333089 117.818219914156 123.172212684856 126.71822345958 128.39982973828 128.002029643339 125.985552549362 122.989424866789 120.220648386899 117.262159466743 114.733939212911 111.753210116835 111.177747253109 110.747022337773 111.699865576099 112.756930144394 113.78277095977 114.944898847271 115.951168526621 115.955584943295 114.717214349438 112.626018457553 110.710835604107 108.127749106463 105.429625805686 101.937943637371 98.9748564082034 96.2428832124261 94.0308769801084 91.2373097188332 87.6807990144281 84.5776286686168 81.1595209346098 79.2572570267846 77.9008076050702 77.1172623774585 76.5017273320871 76.0952458697207 75.6950270989362 75.1766498299206
67.3411537636729 68.5218405443079 69.3068616600598 69.6605613056351 69.6929421985851 70.4286309130052 71.0476110752891 72.1264909155229 74.358955930261 79.1804402014788 84.2657133130466 89.865094128777 96.2747280737933 104.46226216765 113.52969067237 119.644577951992 124.150270448012 127.069621142219 128.132309506921 127.279325835845 124.842303963269 121.689937991254 119.01427590847 116.331641933497 112.777934845756 111.255684968303 110.798258388744 110.80432340678 112.332573873155 113.003841221333 114.345197071047 115.435368429212 116.321813285351 116.348918522105 114.896843896193 113.435488245066 111.519785474328 108.699634976247 105.159273066941 101.095980735386 97.9692891275182 95.1976413411253 92.1861703045228 88.3999801278114 84.840999277199 81.6094574577668 79.1150444255156 77.5774439573288 76.5149351989522 75.4927144716768 74.7219803824144 74.0344688962488 73.2347393106012 72.3432306261624
69.3009558092145 70.5963020289645 71.3266765054534 71.5839874674292 71.4868235517951 71.4200534154387 72.2997064870947 73.3889182595646 75.7717066442265 80.4722844572628 85.681145064971 91.4725089213427 97.7441994582906 104.347964693518 112.1278888478 119.843057772693 123.693033218384 125.880028135636 126.180165683522 125.379412118126 122.97153413997 119.843674407286 117.266702154103 114.765923429938 111.522062778473 110.390833100852 110.066510505536 110.724530910744 111.834403693676 113.420757469009 114.449237451834 115.84262432421 115.872145859634 114.751655862612 113.928960985997 112.590019734467 110.528029333143 107.451709137243 103.614060159992 100.206764982027 96.8927798446487 93.4614185164957 89.6591192413779 86.008155261769 82.3809720838771 79.4959995956982 77.1341185429517 75.4626370948904 74.5438237821355 73.6598127659629 72.3884846533046 71.3402377577389 70.2263940958416 68.5876051257638
71.8634479887345 73.146306942491 73.6205027383917 73.5231331727084 73.1514523029327 72.816482943647 72.9754382371902 74.3914351813933 76.4922311726738 81.1244704442866 86.2986394517562 91.9931135738597 98.3297636228449 104.770156664007 110.474705724155 116.6864881796 122.055560687009 123.907646642012 123.751112264745 122.446978653178 120.717322412659 117.721159963047 114.032937596826 111.524705585311 110.233840879272 109.676255853737 109.461716231178 110.018655065228 110.778853623306 111.412028544089 112.797112485942 113.224563959767 113.194677566781 112.640678349663 111.777586901889 110.020317719263 106.855526934652 103.629796403296 101.395379851846 98.3089441131143 94.8597226984361 91.0689764513689 86.8995793672169 82.9276157547446 79.7898676605786 77.2960509131937 74.963030015721 73.192487765761 72.3390531680163 71.2888130580678 69.9397000915864 68.5338511256611 66.9348758388968 64.7843202387585
75.0055766947129 76.1702029705048 76.3925445079803 75.8385502871345 74.9833464727682 74.2767600101583 73.995201812071 74.6421453812543 77.0539592434378 81.2042548656464 86.4239757621989 91.9436308776631 97.9582801566404 104.082943551681 109.709329549004 113.975708120009 116.628726875081 118.3680071971 120.179999365526 119.488119181465 116.955657951972 113.63558550442 111.25495393136 109.490238273845 108.324002160746 107.595455457182 107.41706335194 107.611520872397 108.306308318587 109.361706288422 109.88752596168 110.122070126674 110.451208198772 109.691649924306 107.396602062618 105.405085332253 103.268113918164 100.790505630129 98.1339060348623 94.9920230472789 91.3830422653871 87.0859449330498 83.0679038061815 79.8405565444161 77.0070529825547 74.5595006451887 72.46623516784 70.7917425071492 69.632597747971 68.709363285233 67.1944975011489 65.6456639416078 63.6167392800836 61.1577159446828
78.3203834540704 79.2998976637335 79.3412379692583 78.6597577508758 77.3051813910989 76.3208729800056 75.5570398008122 75.4611086003921 76.884540123098 80.8454079768237 85.7659691221574 90.9297338093028 96.8475948782528 102.811284906724 108.119328611037 112.347994916579 114.949476859149 116.346117440392 116.147862742929 114.761933144401 113.009306788445 110.424545449369 107.934541835504 105.713597837616 104.870025526075 104.392753162805 104.562805470298 105.198795041617 105.689987789182 106.458550137632 107.085511267185 107.281166995273 107.114021799144 106.102503453984 104.460522756857 102.359125554562 99.6451935522697 96.5826922865475 93.8536898458705 90.4756269875695 86.2394458546358 82.5490825106116 79.5660065973506 76.8233873353285 74.3487786124734 72.0520073245553 69.9218194624957 68.2071855629192 67.1209381047417 65.8804838236641 64.4881020083147 62.6595640883726 60.6341936728534 57.9789734798319
81.8950746374972 82.9505864276606 82.5483836426454 81.2366690881112 79.5412569326513 77.9709530998679 76.7228097494911 76.19706901382 77.0003755373113 79.5415559936972 83.591858737609 89.3032208470737 94.9990038731519 100.647329751183 105.905028090757 110.004526559044 112.96881647671 114.388706852408 114.49671832253 113.338981404024 111.060817374903 108.172492118443 105.480149451424 103.440894968369 102.054028847638 101.106731285067 101.202113698511 101.738818659502 102.460859474014 103.275093278464 104.381875469404 104.798805029953 104.267065307673 102.998923350783 101.011497115388 98.4719695518999 95.2176987528801 91.7958064570146 88.9462379006778 85.0667218180264 81.6233001491603 78.8249957000508 76.3342022054336 74.0893285905614 71.8033919474658 69.8129043719348 67.9503556700314 66.4824611860163 65.0453992871677 63.4892844873316 61.6318304819219 60.0913080327651 58.0612661768408 55.4152316766627
85.4393481507021 86.0116652495721 85.2491771719035 83.3933179659002 81.2200890779495 79.0774919005001 77.4347174658495 76.4946164453731 77.0254028825199 78.5583777006935 81.4850590088788 85.9523500835194 92.3046167738297 97.8500997879926 102.978434422437 107.175373484107 110.468330130858 112.313538425109 112.415081585155 110.675531219034 108.257749459323 105.482361730407 102.780607020154 100.198239764747 98.4850580061183 97.4868103125516 97.3790615165935 97.9786941023434 99.038737858043 100.111191970461 101.048915372175 101.37311470158 100.706638174898 99.2546370765742 97.000219281982 94.1982728944105 90.6542972326279 87.5233856579837 83.7770678190624 80.3944714244674 77.7050738264533 75.2956413591609 73.2389222593869 71.2528649989296 69.319736144122 67.6916506570928 66.1607998679666 65.0538004005656 63.6108348089106 62.0283166801228 60.3005842882044 58.4379971868852 56.1917562484741 53.6116649473415
88.3126997036092 88.5295747027678 87.2034140895395 84.9298150679644 82.3171507891487 79.7793368171243 77.7378649711609 76.5587709300658 76.4043653572307 77.6666937715867 79.872394211152 83.243187343373 87.7461576602038 93.0426231833065 98.6185978300431 103.320595741272 106.824847249424 108.480441500159 108.351679928163 107.218679659507 105.181969600565 102.037962983636 99.1483253661324 96.5611100827946 94.7965955594007 93.6794334159178 93.4133136623046 93.8708715754397 94.9580626873409 96.2369723951115 97.0328974197893 97.1136869157062 96.5227334885036 94.9554025390569 92.7044198583154 89.6853260082357 85.9694654310451 82.4016508424983 79.3287085750524 76.6053983078283 74.137927486616 72.1474289403242 70.3303933704601 68.6286547113867 67.1413251792683 65.9593046552995 65.0599824120017 63.9718027816099 62.658619445913 61.2495325312895 59.7459999252768 57.8796278448666 55.5652308183558 53.3979588957394
90.1446196647251 89.8182941955679 88.0816305735532 85.5970142378527 82.653610383763 79.8305160929175 77.6161903072806 76.0596061313854 75.6644914851469 76.6700292194591 78.8684184691485 81.5237707390505 84.956753618577 88.9050731378443 93.5749478901134 97.9957345934475 101.49492986062 103.684717669207 104.338640731924 103.492298778366 101.24146547037 98.0823872159509 95.2682065192391 92.8476873215507 90.834662528599 89.5546982148114 89.1725165107671 89.6839074808009 90.7470684226821 91.8005204200745 92.3167572301977 92.4726573859944 91.8943438985768 90.4936470915289 88.3434126587475 84.9375152622952 81.3918703759418 78.1301008427844 75.6441080359852 73.398267865181 71.1305531754213 69.3598358140272 67.7725531213424 66.4615912717931 65.4404545812046 64.6949182257933 64.0936047469868 63.0700594958137 62.1323301371406 60.9490730341743 59.73642336621 58.2230655445772 56.638769865036 54.7883883223814
90.7257178040112 89.8171621420804 87.8126153174569 85.2022269403233 82.292731867117 79.5412893295288 77.1174102180144 75.7394701172324 74.9158771318548 75.2760514652028 76.8879235211541 79.4434727500467 82.4675567430608 86.5564748820137 90.8979495413163 94.6151215749628 97.8933912585763 99.6694654857411 100.011097382097 98.8302222840926 96.3416887591867 93.6572754383087 90.6346580841962 88.2228373394293 86.4572897448259 85.3379545036484 84.9673247828203 85.4597316209008 86.3544706772356 87.1462534140138 87.6947399272638 88.0379002094269 87.5404066338259 86.3961719169336 84.1951193774448 80.8689969707938 77.7973576170557 75.3482171051643 72.9355944640496 70.5347826200373 68.6251236901564 66.5928074261721 65.3380060476415 64.3625288430382 63.4896096481996 63.3861400239608 62.9564815128551 62.2030565878924 61.950549995198 61.405189037323 60.794229928185 60.0723867556628 58.7004953412449 56.826116141151
90.1126316645566 88.8264388617347 86.5840298288009 83.9914616837221 81.1872599966386 78.4926592181711 76.4718759340398 74.6460866437239 73.4939816979801 73.4999633676865 74.5243783838609 76.6398525939268 79.8288179846371 83.6750882653629 87.6362238771775 91.3116629824919 93.7106003340553 95.4008641523473 95.2228373148862 93.6484908566755 91.3104292575051 88.5765818497714 85.7965362107053 83.6070426071391 82.124048611697 81.4192027028869 81.0536475251703 81.3137972705505 81.9634973126299 82.7843578282525 83.4452105129466 83.9622536091243 83.8283809213077 82.9509942812078 80.0659880673184 77.6830040286569 75.629314796013 73.2655170331983 70.8569765406496 68.5555397447418 66.2994885725134 64.3083040784387 62.7817400904263 62.0347702783697 61.9339715593001 61.7778716928819 61.8470833021052 62.0973366148332 62.5183971348931 62.5875103193171 62.84649718509 62.430226985146 61.4248975445242 59.6588263932396
88.6868516837849 87.109197995242 84.8416540342219 82.1240080945632 79.390524780049 76.851702339509 74.8613566931556 72.9416917492362 71.80068303557 71.7571649691638 72.4696512362536 73.9958006353939 76.459373516195 79.9443924567279 83.4311908834121 86.6809934658163 88.868743370561 89.6872021731208 89.473944923457 88.2412345619763 86.2845749995288 83.8937795653063 81.3590971056153 79.1497674689573 77.6277507298133 77.0366792994387 77.1398434323423 77.409511587199 77.9818295345587 78.9135246697594 79.7295431319405 80.3832941195544 80.1222396352712 78.528080905185 77.4053056695882 76.0405313249897 74.176415434655 71.8299944751403 69.2135958250831 66.7766261591631 64.505401429008 62.4938840725843 61.2275946561028 60.3394123666427 60.465402841568 60.8409653411192 61.4612649609061 62.267898237004 63.2783701139338 64.3782549044665 65.0166179292342 65.2406673992381 64.629092314664 63.1585273812799
86.2571362186881 84.4580899547128 82.2813704855302 79.767232319888 77.2310953000013 75.4020054270239 73.1238781354007 71.1910639790928 69.8897084909327 69.5679716643165 70.2385452214409 71.2274794227937 73.3738701133167 76.128317250925 78.9837665908477 81.50889674355 83.3949477251838 84.0182931212818 83.9402401797912 82.9116321171031 81.3551288071801 79.4117541172925 77.3419073189006 75.6133172476993 74.1771752203212 73.1080679157201 72.7474632087876 72.8766235428698 73.8008519340964 74.8067332681488 75.2845653611071 75.8012959326015 76.2024329690372 76.229511478368 75.7660111925181 74.7739171561073 73.0477390885353 70.6938953680151 68.0122017544859 65.3684325148078 62.87172396744 60.8215122363147 59.6447562259786 58.6803379830192 59.0337812760297 59.804973377901 60.9242352036869 62.3120885736802 64.2159596891964 65.8938038910136 67.2031281835893 68.067319056567 68.053382621092 66.9243447780609
83.8321952539332 82.1439283034381 79.9350703323589 77.5413158781388 75.2897036075592 73.7431250600254 71.5138694819282 69.4827080614427 68.1227161183077 67.4638879299164 67.7501818362404 68.490053969271 70.250846750596 72.429782334496 74.6097546114641 76.6724928477231 78.1352592636557 78.6190340098213 78.4841071156894 77.8758774645188 76.7174530730528 75.3364498475019 73.8450912096921 72.5866612476461 71.4774489858571 70.5101031731157 69.8653457936119 69.9634701083688 70.5413660161636 71.2708934580579 72.2648887178477 73.2509457013186 74.0739540808341 74.3052682122763 74.1855394489625 73.3291594105608 71.7183042729602 69.404506557128 66.7222921532743 63.9308202932863 61.2111447278191 59.1885119185728 58.0297413012561 57.3961823617711 57.6315578432644 58.561731857412 60.0604467952953 62.0467956907609 64.6861110715305 67.0177773307352 68.9719757192275 70.4844633481082 71.0694470125086 70.3976523034713
81.3796148861156 80.0811333095326 78.1477062000948 76.0349633693695 73.8342156129725 72.1113020251779 70.0351105437559 68.1006592442008 66.4452955863055 65.4872146003387 65.027448072153 65.6621023276273 67.0767048176597 68.584009437 70.3612469715231 72.0056713258519 73.2472213226206 74.0572298835306 74.0680336040609 73.769813004662 73.016823684468 71.9024451760685 71.0880361094194 70.0906399558572 69.1998587846756 68.512671807233 68.2428399499725 68.2076742894509 68.4317076206207 69.1823651194572 69.9077940407921 70.9638504245702 71.8528734971495 72.3282368183136 72.2693760991096 71.5439372728853 70.1306606671389 68.0376963966033 65.3677505991038 62.4208443515441 59.7407399345847 57.6941145167631 56.3257040276247 55.6739624878939 55.9637726194718 57.021597420468 58.9125797047335 61.2530230494107 64.3541706730338 67.3933013887966 69.9640083873973 71.9351425170898 73.2723407114253 73.4042435954599
79.8506995088914 78.1046748722301 76.8367693564471 75.0713446561028 73.040696031907 71.205350707559 68.8308751162361 66.727894670823 64.9798994765562 63.3897962079329 62.8475838899612 62.9105257146499 63.9145125781789 65.1902856756659 66.6689979398952 68.0859955128501 69.439027000876 70.4254778202842 70.539214239401 70.5791207131218 70.4016653509701 69.8300555593827 69.2390925112893 68.5750192403793 67.913760192254 67.382397981251 67.0002039670944 66.7345137455884 66.8879511391415 67.2992220696281 67.9648081800517 68.8570166160079 69.581478739486 70.0745252966881 70.1519637458465 69.6978062215973 68.4619543271906 66.3815094320213 63.7685611090239 60.7823322555598 58.2805276092361 56.1478932009024 54.6428612049888 53.8276994719225 54.1382062785766 55.2713461272857 57.2928978344973 60.0569696566638 63.5832321924322 67.1573904682608 70.2912800592535 72.9273669018465 74.7988691961064 75.5412619148984
