PREC/medie/CUMULATA_MEDIA_02.asc
NCOLS 177 
NROWS 174 
XLLCORNER 1436301.375 
YLLCORNER 4916704.5 
CELLSIZE 1500 
NODATA_value -9999 
[rows 120 to 143 of 174, columns 108 to 161 of 177]
28.5341513266458 24.5040954439079 20.9750472964609 18.0497324631056 15.7521637337392 13.8570678361198 12.275586333345 10.993397788309 9.89796225299292 8.97193810661488 8.24498182184556 7.64033261686563 7.1915273800054 6.88099246121505 6.71839432506 6.81490654081983 7.13913648224929 7.63766387828133 8.43108647360521 9.75398764058071 11.6893964813036 14.4418246798656 18.2351023182273 23.1435746901176 29.1435596259201 35.8426138280946 42.8440859734135 48.7873407843358 52.5169523976305 53.3188678425025 51.0185396057718 46.3453032523394 40.2675399832866 33.6585028522155 27.3887447557029 22.0451540346531 17.803778637858 14.5477770740057 12.1667638043051 10.5556739936857 9.63917662532014 9.10040733919424 9.34325484109714 9.91129797499846 10.3629957490108 10.7683758788249 11.3140921170878 11.7389676638824 12.0524016702 12.4703862996881 14.0648829908494 -9999 -9999 -9999
23.0534367539427 19.566180014435 16.5525915822124 14.1232357629958 12.2517788654522 10.8625862165628 9.62863501259947 8.64837139987332 7.86286796092549 7.16614041477442 6.66201376191833 6.24650041649447 6.00500521523988 5.86560749700841 5.89373570680618 6.078066736898 6.45960725098848 6.97378406060093 7.78689154412817 9.0797442502397 11.0474468311843 13.798980596311 17.5451624244452 22.442987919292 28.5072143651983 35.3401340579285 42.1313510011224 47.8961030937293 51.2366605615791 51.4969083329334 48.6435680634835 43.3742003809003 37.0328852192444 30.48486952396 24.6304515271502 19.726194417652 15.8906761092298 13.0554958154612 11.0384388910059 9.77287213526228 8.71300310937359 8.73314582808491 9.13270076397149 9.74486617053695 10.4840950515559 11.2385362912627 12.1325861381038 12.9687965734697 13.7434891772402 16.0813499778947 -9999 -9999 -9999 -9999
18.0923886671662 15.345670894884 12.9578517199877 10.9232524232391 9.50468026441248 8.58059509251924 7.67454874712755 6.94184541362612 6.40036318484036 5.96387599277146 5.52678239323637 5.30654230275575 5.26557718217373 5.27252893916824 5.38837035833036 5.63983288122451 6.01300678358358 6.53869439661503 7.45602946838035 8.81062629292993 10.8357313319164 13.6928922424422 17.5339049793342 22.5882941528278 28.7037262035643 35.4928472506649 42.1754321464721 47.5285828849849 50.2738531810396 49.9622186211979 46.5009348309215 40.8060491304187 34.2019213999019 27.7396869212389 22.1420232548433 17.617217051194 14.177541116143 11.7350870454136 9.96936191947145 8.82815648067523 8.02236073946252 8.12684927398668 8.63528931951698 9.22330322193311 10.0327884656761 11.1448008546277 12.3586525566438 13.6320328728898 16.3297052835936 18.2657976681914 -9999 -9999 -9999 -9999
13.8208835495307 11.8538966834107 10.1023318274494 8.58770976412822 7.43318429917974 6.72126432256225 6.21648511246723 5.735157078899 5.35459799582467 5.10876158077051 4.87148988794755 4.84703682231552 4.90999366167714 4.9520853339311 5.12585708959138 5.43401169535868 5.78721691054456 6.41306106746197 7.47988763846019 8.86471151867334 10.9857382016147 13.9519364750561 17.9996601509697 23.2462378797286 29.6324579233632 36.6526422009749 43.3631433493951 48.4663479705067 50.6537929957404 49.4808526267024 45.2222861595014 38.9750192849075 32.0946706813924 25.5946432514226 20.0983357622343 15.7862002529642 12.6690452028723 10.4081187559401 8.91143865204033 7.93185587950489 7.24709121378906 7.33299889349762 7.79179244214559 8.42854043841362 9.30816153217764 10.5476435131448 11.9901462153477 13.6891161698629 17.225752245087 19.8417109623551 22.8245587198831 26.0452110506594 -9999 31.4019452497801
10.4817703138379 9.14972553599407 7.89369116767364 6.80801681878374 5.98981271432165 5.41778112904114 5.11432479365784 4.85572383213131 4.6913956679842 4.64505451260244 4.54744755630107 4.48981954201179 4.55830692324568 4.69827838461189 4.99639170090942 5.34365688877947 5.78386234842679 6.53484713987392 7.62973340337767 9.15835491611677 11.3695578044828 14.4991217181087 18.7393561934724 24.2173544045757 30.885978619842 38.1367815759252 44.9040454924107 49.7629287961651 51.4646066164269 49.5724536829135 44.5964050704942 37.8281863585991 30.6549755667939 24.1470691289972 18.713348854114 14.5348909571767 11.4354397562497 9.41777543526362 7.97295290757628 7.14438710646594 6.42992394811967 6.50196408973459 6.92080316835028 7.49694305285811 8.36036612641285 9.60829348675907 11.1554594195503 14.4982087110334 17.2241527864381 20.5605982526699 24.5119188891395 28.9031092161861 33.0333330542507 36.6542752171483
7.96430157650919 7.08302875301417 6.27339485156185 5.53327443121987 4.96228559972609 4.53216869011521 4.31853616555386 4.28767390877885 4.30247596278787 4.23716764502666 4.24232482559541 4.23108788251 4.36906955851352 4.69582533880192 5.13229483848109 5.38928811580819 5.94705683431205 6.79441398294533 7.985145959784 9.69767965201069 11.9857046621687 15.3044057716342 19.8014531126794 25.670479818302 32.6279239584418 40.1357460477773 46.9251818306306 51.472149940098 52.6187270196045 49.950662768939 44.2299995457425 36.8789935751873 29.3607831658686 22.6838206385865 17.3827874905923 13.3714302699356 10.5111272725112 8.61850841935067 7.34294652128044 6.39068517899689 5.89573311367456 5.72552131204044 6.04255272908246 6.51660317259238 7.34421109232832 8.51886595763704 10.7592044412432 13.5431276016376 16.5360665243557 20.3354554051424 24.9725271703347 30.1456330570885 35.4356185842086 40.0059839618557
6.14661256223917 5.54900221888195 5.08341126384981 4.60964833068497 4.24409973259796 3.95541477028061 3.82303011220168 3.93389720677891 3.95956083058434 4.01290756683139 4.06334118808017 4.19037520228063 4.52596722521326 4.97912825775497 5.27471453170566 5.73838769863634 6.47439903941225 7.4490111132755 8.75134583562613 10.5760421288364 13.0211732676801 16.4746434749926 21.1763044323991 27.1907876344288 34.4302347775768 42.1115649587968 49.0205067729249 53.3927385368768 53.9543585601975 50.5294414408067 44.044380608727 36.117140983834 28.2544773948543 21.5543701096493 16.2887586381506 12.4121579107116 9.67247033206856 7.83550155447686 6.63249481622787 5.90685759703903 5.34950235792819 5.14128451399943 5.29813415491406 5.62579682962421 6.37699271672789 7.44188312999904 10.0483798217028 12.2976801732884 15.3069735956104 19.227765091421 24.117309745182 29.5681722944274 35.476503106382 40.5497525842751
4.86437340814839 4.51163578208755 4.23032998403206 3.96141240778653 3.7189699476037 3.60363449298722 3.54143009017057 3.58264009676435 3.74912367147558 3.88486884928802 4.10687902043848 4.38044691765133 4.91054411320125 5.30820446636747 5.74442507962094 6.42304295169957 7.23542778325432 8.38000645532328 9.92662461189663 11.9785185872632 14.7347360305926 18.305732540348 23.2750936527463 29.5828919375644 37.035122669795 44.7613683974042 51.3759123525199 55.1639642575208 55.0339129356777 50.7980379953104 43.6333847659476 35.219800910529 27.1965544013416 20.4511215932229 15.3315108734019 11.569566748598 8.9871637054226 7.31320296271759 6.12700715266606 5.38636059007224 4.94026026085896 4.76236308212666 4.65957557015559 4.89682874850491 5.53427426473183 7.12002591043711 8.85445459274685 10.9225555249654 13.7288425788283 17.4337513467626 21.8891482675338 27.3881376939004 33.1101566166343 38.0974480252275
-9999 3.76316236321102 3.61721944863744 3.50153978859239 3.3984959890299 3.36287359181134 3.33088186427074 3.3667070429553 3.58214814128245 3.91229557421278 4.29722046304275 4.75042143464088 5.30130883963669 5.84625476138557 6.56546729430556 7.45604332602199 8.5141530830194 9.82614547627814 11.5807868601645 13.8147206573802 16.7313198964385 20.6311799305327 25.5265047795632 31.9237127672223 39.3836797791369 46.9335940094555 53.2746420187109 56.5728072489009 55.8049144464381 50.9431244240088 43.236551758121 34.5079106425538 26.3102399636717 19.5295345958541 14.3999777331072 10.7466428087038 8.26187372207642 6.67218184032861 5.64862641034757 4.95209638467606 4.53784858873662 4.47742451836958 4.3358911170679 4.52079743059242 5.27266756017857 6.45363004593288 7.73271675988594 9.52784208263106 11.9779373658273 15.1917078104966 19.1322149105151 23.9376769351828 28.9386088044985 33.3196664066876
-9999 -9999 -9999 3.18729704749935 3.19320514535203 3.17521761949448 3.1583353627254 3.30692610473317 3.61515141760602 4.0353721936836 4.52945821074878 5.22004486445118 5.93565521739862 6.70606523007154 7.75812278687954 8.94703023004181 10.2525545271004 11.7747628434616 13.6299735640778 16.0288882842835 18.9880518939565 22.8549742470769 27.6216999958543 33.764946958598 40.8656567685744 47.8696725613931 53.6478483501603 56.3801709133036 55.0573582053185 49.8080835342407 41.932948003797 33.2228752094157 25.1764788855525 18.5943886655218 13.6438175834277 10.1257096809499 7.7200056678232 6.13441096553031 5.1974491693956 4.62093864600448 4.21005618725629 4.2085815289003 4.09076267020667 4.17484989992398 4.70431304744938 5.64594668818309 6.71137863079853 8.19646812274176 10.2176183623207 12.703942894826 16.03898187661 19.8865335570539 23.8859127070755 27.3723473171977
-9999 -9999 -9999 -9999 3.00193216202452 2.97882538584664 3.11326244254323 3.32790697979576 3.73677933829672 4.27607081830502 5.06513790654785 5.80157446642132 6.70474288590691 7.91868625252562 9.31623845043428 10.8183191028588 12.4247560334556 14.155531511149 16.0635781147901 18.4760621216367 21.2937838741962 24.8629979561357 29.389134037144 34.6361894239398 40.8767764918944 -9999 51.8991887288935 53.9020691338707 52.1527911740191 46.8543688058853 39.2618978093652 31.0176099030411 23.470409449409 17.3292740846381 12.730242425028 9.45831769441857 7.20318580988575 5.7075003885171 4.77971731279703 4.22917008597185 3.90471302192001 3.87861070146455 3.75705403177177 3.73904906509115 4.35419917281936 4.94648816184524 5.80128157894839 6.98359142802656 8.51778578046052 10.4799562694834 13.012733150931 15.8985418941387 18.8411105773686 21.4069883248166
-9999 -9999 -9999 -9999 -9999 2.88760646432638 3.11687588910846 3.38756038138972 -9999 4.56653094554649 5.48305786839303 6.4537093521041 7.71129180534798 9.33333342478556 11.1132797072915 12.9861445234102 14.8934477585204 16.7768226296586 18.6681046783924 20.7098879139213 23.2959861641421 26.2604537360808 29.9686794859522 -9999 -9999 -9999 47.7706529603285 49.0009584567126 47.0354113999535 42.0828785265193 35.2250596775728 27.8802643435843 21.1837786681512 15.7291032601805 11.6281441327404 8.6912681583096 6.65742566830972 5.28775569358293 4.41013735050664 3.91320158979472 3.64073365137858 3.58678769561298 3.54403856199454 3.38398315165849 -9999 4.3542805787395 5.01765574799741 5.91860572993755 6.98909699971623 8.5102270806537 10.3395739525337 12.3850513868691 14.4312553022276 16.2014439978144
-9999 -9999 -9999 -9999 -9999 -9999 -9999 -9999 -9999 -9999 5.92770721040228 7.08012375542346 8.78300558644183 10.7834246009588 12.9649925367797 15.1967964913039 17.3372773098595 19.269923196996 20.9853546877994 22.6182354539633 24.5571648548631 26.6592383463593 -9999 -9999 -9999 -9999 41.6769529861562 42.2198594493024 40.2439779288629 35.9564484357834 30.1917156892664 24.0573781518375 18.4546967832481 13.8637314088204 10.3773840525571 7.85174575185075 6.08803174600882 4.87671637798057 4.07266240041046 3.5731709183139 -9999 -9999 -9999 -9999 -9999 -9999 -9999 4.92019387279802 5.78078942526789 6.87483266280854 8.14686194631983 9.52728816636783 -9999 -9999
-9999 -9999 -9999 -9999 -9999 -9999 -9999 -9999 -9999 -9999 -9999 7.69931219934541 9.68576857009355 12.021958158735 14.5352041401407 17.031572376104 19.2785668820143 21.1028225890854 22.4799086881034 23.5373421705821 24.632664726061 25.8166245712953 -9999 -9999 -9999 -9999 -9999 -9999 -9999 29.2705696295289 24.7568141134346 19.9650455941172 15.5456517794553 11.8782460715841 9.05262697093627 6.97073094941237 5.49207028176855 4.46419047608095 -9999 -9999 -9999 -9999 -9999 -9999 -9999 -9999 -9999 -9999 -9999 -9999 -9999 -9999 -9999 -9999
-9999 -9999 -9999 -9999 -9999 -9999 -9999 -9999 -9999 -9999 -9999 -9999 -9999 12.7699106085826 15.4485111937803 18.0316208622911 20.2072630463278 21.7740776069901 22.6999573001967 23.1345549309078 23.3128361272461 -9999 -9999 -9999 -9999 -9999 -9999 -9999 -9999 -9999 -9999 -9999 -9999 9.94564452416757 7.74702219402089 6.10004791310605 -9999 -9999 -9999 -9999 -9999 -9999 -9999 -9999 -9999 -9999 -9999 -9999 -9999 -9999 -9999 -9999 -9999 -9999
-9999 -9999 -9999 -9999 -9999 -9999 -9999 -9999 -9999 -9999 -9999 -9999 -9999 -9999 -9999 -9999 19.8236290063052 21.0305959981154 -9999 -9999 -9999 -9999 -9999 -9999 -9999 -9999 -9999 -9999 -9999 -9999 -9999 -9999 -9999 -9999 -9999 -9999 -9999 -9999 -9999 -9999 -9999 -9999 -9999 -9999 -9999 -9999 -9999 -9999 -9999 -9999 -9999 -9999 -9999 -9999
-9999 -9999 -9999 -9999 -9999 -9999 -9999 -9999 -9999 -9999 -9999 -9999 -9999 -9999 -9999 -9999 -9999 -9999 -9999 -9999 -9999 -9999 -9999 -9999 -9999 -9999 -9999 -9999 -9999 -9999 -9999 -9999 -9999 -9999 -9999 -9999 -9999 -9999 -9999 -9999 -9999 -9999 -9999 -9999 -9999 -9999 -9999 -9999 -9999 -9999 -9999 -9999 -9999 -9999
-9999 -9999 -9999 -9999 -9999 -9999 -9999 -9999 -9999 -9999 -9999 -9999 -9999 -9999 -9999 -9999 -9999 -9999 -9999 -9999 -9999 -9999 -9999 -9999 -9999 -9999 -9999 -9999 -9999 -9999 -9999 -9999 -9999 -9999 -9999 -9999 -9999 -9999 -9999 -9999 -9999 -9999 -9999 -9999 -9999 -9999 -9999 -9999 -9999 -9999 -9999 -9999 -9999 -9999
-9999 -9999 -9999 -9999 -9999 -9999 -9999 -9999 -9999 -9999 -9999 -9999 -9999 -9999 -9999 -9999 -9999 -9999 -9999 -9999 -9999 -9999 -9999 -9999 -9999 -9999 -9999 -9999 -9999 -9999 -9999 -9999 -9999 -9999 -9999 -9999 -9999 -9999 -9999 -9999 -9999 -9999 -9999 -9999 -9999 -9999 -9999 -9999 -9999 -9999 -9999 -9999 -9999 -9999
-9999 -9999 -9999 -9999 -9999 -9999 -9999 -9999 -9999 -9999 -9999 -9999 -9999 -9999 -9999 -9999 -9999 -9999 -9999 -9999 -9999 -9999 -9999 -9999 -9999 -9999 -9999 -9999 -9999 -9999 -9999 -9999 -9999 -9999 -9999 -9999 -9999 -9999 -9999 -9999 -9999 -9999 -9999 -9999 -9999 -9999 -9999 -9999 -9999 -9999 -9999 -9999 -9999 -9999
-9999 -9999 -9999 -9999 -9999 -9999 -9999 -9999 -9999 -9999 -9999 -9999 -9999 -9999 -9999 -9999 -9999 -9999 -9999 -9999 -9999 -9999 -9999 -9999 -9999 -9999 -9999 -9999 -9999 -9999 -9999 -9999 -9999 -9999 -9999 -9999 -9999 -9999 -9999 -9999 -9999 -9999 -9999 -9999 -9999 -9999 -9999 -9999 -9999 -9999 -9999 -9999 -9999 -9999
-9999 -9999 -9999 -9999 -9999 -9999 -9999 -9999 -9999 -9999 -9999 -9999 -9999 -9999 -9999 -9999 -9999 -9999 -9999 -9999 -9999 -9999 -9999 -9999 -9999 -9999 -9999 -9999 -9999 -9999 -9999 -9999 -9999 -9999 -9999 -9999 -9999 -9999 -9999 -9999 -9999 -9999 -9999 -9999 -9999 -9999 -9999 -9999 -9999 -9999 -9999 -9999 -9999 -9999
-9999 -9999 -9999 -9999 -9999 -9999 -9999 -9999 -9999 -9999 -9999 -9999 -9999 -9999 -9999 -9999 -9999 -9999 -9999 -9999 -9999 -9999 -9999 -9999 -9999 -9999 -9999 -9999 -9999 -9999 -9999 -9999 -9999 -9999 -9999 -9999 -9999 -9999 -9999 -9999 -9999 -9999 -9999 -9999 -9999 -9999 -9999 -9999 -9999 -9999 -9999 -9999 -9999 -9999
-9999 -9999 -9999 -9999 -9999 -9999 -9999 -9999 -9999 -9999 -9999 -9999 -9999 -9999 -9999 -9999 -9999 -9999 -9999 -9999 -9999 -9999 -9999 -9999 -9999 -9999 -9999 -9999 -9999 -9999 -9999 -9999 -9999 -9999 -9999 -9999 -9999 -9999 -9999 -9999 -9999 -9999 -9999 -9999 -9999 -9999 -9999 -9999 -9999 -9999 -9999 -9999 -9999 -9999
