PREC/medie/CUMULATA_MEDIA_11.asc
NCOLS 177 
NROWS 174 
XLLCORNER 1436301.375 
YLLCORNER 4916704.5 
CELLSIZE 1500 
NODATA_value -9999 
[rows 140 to 159 of 174, columns 92 to 137 of 177]
157.321317336139 156.394708633423 155.326707615572 154.276589000926 152.638752656824 150.362812939812 147.90296274073 145.348002602072 142.509875690236 139.559259414673 136.493978612563 132.536137188182 128.455761180204 124.623856039608 121.498396256391 119.041698231417 116.7558148328 114.770797505098 113.926141177907 113.093029471005 112.270689795999 111.312577528112 110.333539850572 109.361763112685 107.504926793716 104.91990998212 102.332696129294 99.7455261454863 97.1525869930492 94.5718826967127 92.0023108089671 91.5822380290312 91.4033454446232 91.2538614834056 90.9779529571533 90.6119612525491 90.2428567549762 89.9315242767334 89.7891851312974 89.623285854564 89.4403633790858 89.4532092599308 89.4675051745246 89.4513033698587 89.0922995174632 88.5145308550666
158.969765831442 158.112556906307 157.129042457132 156.192730398739 154.593127643361 152.236913120045 149.673698200899 146.992235969095 143.914848888622 140.702664767995 137.34602838404 133.257824168486 129.061076220344 125.126532947316 121.927434472477 119.467060425702 117.205557430492 115.246548708747 114.517804426305 113.801467334523 113.097124772913 112.073643516092 110.995048635146 109.925874710083 108.110082514146 105.636659509995 103.158685011022 100.691056307624 98.2572553298053 95.8381950154024 93.432544708252 92.8633844712201 92.5461189045626 92.2684671738568 91.9305925930248 91.5474193797392 91.1658399245318 90.8300329096177 90.6430266885196 90.4294775794534 90.1957421022303 90.1312554303338 90.068759245031 89.9667193468879 89.5923697527717 89.0282133887796
160.592141768512 159.776737661923 158.849457235897 157.989021076876 156.393438227036 153.916708329145 151.256547591266 148.470173555262 145.172435423907 141.741088530597 138.159942514756 134.005333844353 129.754155327292 125.728551752427 122.464793822345 120.01298938078 117.752071605009 115.785349004409 115.140311521642 114.526147842407 113.944012361414 112.866446438958 111.690171522253 110.516065821928 108.726789137896 106.357840033139 103.993190540987 101.648987377391 99.3797278684728 97.1237813164206 94.8805042715634 94.1722588258631 93.712963104248 93.2969625136432 92.8830582113827 92.473503000596 92.0723934173584 91.7072691075942 91.4698820675121 91.2089522866642 90.9286449656767 90.791888517492 90.6563996707692 90.4700558606316 90.0774698818431 89.5282917022705
162.258700875675 161.425368813907 160.463338515338 159.567222595215 157.904953900506 155.298916424022 152.547036339255 149.669606377097 146.153546613805 142.509818918565 138.714899399701 134.533641478595 130.286996841431 126.22903397504 122.940873650944 120.518480637494 118.280303394093 116.316046770881 115.692019743078 115.111190122717 114.57773623747 113.535227046293 112.388451856725 111.247544456931 109.586387634277 107.395879408892 105.223340875962 103.07224520515 100.977938259349 98.8953087750603 96.8242231256822 95.9844249276554 95.3753473618451 94.8119211757884 94.2990860658533 93.8349823671229 93.3833281573127 92.9584935132195 92.6433530695298 92.3053296033074 91.9466925228343 91.7559558644014 91.5738920323989 91.3301519506118 90.9133815765381 90.3514571470373
164.507080526913 163.102016000187 161.399586172665 159.781943377327 157.741712682387 155.162288665771 152.470045201919 149.647781708661 146.000932356891 142.230408275829 138.305342954748 134.288681815652 130.27113645217 126.396002713372 123.228225147023 120.90444430183 118.755700504079 116.833150190466 116.106451371137 115.43993433784 114.843457165886 113.990912156947 113.081845115213 112.170771318323 110.766219083001 108.823280671064 106.906428954181 104.995594922234 103.051348293529 101.117513320025 99.1943265129538 98.2005913678338 97.40641077827 96.6618099212646 96.0091701956356 95.4508408939137 94.9111866670496 94.3934787301456 93.9714522642248 93.5290438708137 93.0670011183795 92.8138925888959 92.580909055822 92.2745682211483 91.819392933565 91.2281671411851
166.712608561796 164.7554323533 162.315512040082 159.969640395221 157.525550169103 154.964982201071 152.329463509952 149.567761140711 145.790426815257 141.907868665807 137.887888291303 134.062421237721 130.310606451596 126.621112599092 123.579138138715 121.357005512013 119.30008798487 117.427251030417 116.599949107451 115.842785554774 115.172125984641 114.487802393296 113.80591471055 113.125167397892 111.977094874663 110.282203449922 108.613965875962 106.938355277566 105.134898017435 103.346453161801 101.574641059427 100.443150127635 99.4650676951689 98.5249149098116 97.7140690298641 97.0458487342386 96.4106827904196 95.7960032294778 95.2632741367116 94.7131912007051 94.1452978919534 93.8252647624296 93.5409244088566 93.176955279182 92.6867255042581 92.0707992104923
168.857063517851 166.371568118825 163.20093311983 160.120977065142 157.248683705049 154.701469084796 152.122692444745 149.430233001709 145.525891472312 141.546109592213 137.462954352884 133.848068461699 130.389995013966 126.885462929221 123.971036237829 121.849726508645 119.883423412547 118.064678079942 117.135139689726 116.284656861249 115.539020874921 115.006383783677 114.538297428804 114.073410258574 113.168501349056 111.717133017147 110.291344137753 108.849768470315 107.19155143289 105.556333205279 103.947766247918 102.689216838163 101.52082230063 100.375848882339 99.3878309586469 98.5855129466337 97.8277477937586 97.0926484500661 96.4565866133746 95.8075205859016 95.1442124983844 94.73396469565 94.3673253900864 93.9119968414307 93.3623666202321 92.7127720327938
171.434524536133 168.660044053022 165.111446829403 161.66103071325 158.33927154541 155.21121339237 152.074254428639 148.877814012415 145.037256465239 141.155507929185 137.212527443381 133.760465509751 130.471941330854 127.020624272964 124.175233504351 122.201114430147 120.373619416181 118.6696842418 117.752604877248 116.921524608836 116.209984947653 115.714910170611 115.292251586914 114.881040124332 114.132287754732 112.934645260082 111.76135747573 110.572090148926 109.117232378791 107.690531001371 106.298603394452 104.922637602862 103.545445273904 102.1775449865 100.977873072905 99.9938932306626 99.0680846045999 98.1783254286822 97.4703356798957 96.7519720862894 96.0215840059168 95.5034413057215 95.0276782091926 94.456511890187 93.8364275764017 93.1616286109476
174.143045762006 171.146658729104 167.312998378978 163.573677287382 159.786134158864 155.915814343621 152.075521581313 148.242396522971 144.509361154893 140.755572038538 136.967145246618 133.653359020458 130.506056617288 127.116550557754 124.357738270479 122.561722811531 120.890654844396 119.317053626565 118.423083585851 117.614451576682 116.931046654196 116.4664849674 116.082020254696 115.723832635319 115.123526292689 114.178537032183 113.253124012667 112.311601302203 111.053265852087 109.830040090224 108.653942332548 107.175644033095 105.590085422291 104.005148943733 102.598456775441 101.439408246209 100.33971786499 99.2822135476505 98.4922282275032 97.6947167340447 96.8884489396039 96.2549563015208 95.6613631528967 94.9730168510886 94.27712541468 93.5756613787483
176.664084490608 173.49017087151 169.412283953498 165.414566264433 161.202400880701 156.618941138772 152.08977766598 147.609092712402 143.993115929996 140.350989846622 136.66300538007 133.435514001285 130.387146444882 127.129828004276 124.522036047543 122.969114471884 121.483643026913 120.058277915506 119.200568367453 118.414811302634 117.741692262537 117.290184694178 116.927658754237 116.617687898524 116.154288796818 115.457381753361 114.771778779871 114.070545420927 113.000074386597 111.97398668177 111.012133542229 109.445927900427 107.651477813721 105.852907180786 104.240634245031 102.909182941212 101.63153738134 100.3937886182 99.5087297102984 98.6241421419031 97.739985073314 96.9881815068862 96.2700119018555 95.460002450382 94.6764154995189 93.9340706993552
178.606954237994 175.110753227683 170.689919640036 166.329932268928 161.741185132195 156.754447712618 151.862959469066 147.0526935353 143.662660486558 140.247197992661 136.780017067404 133.737723967608 130.878206140855 127.848247920766 125.427326034097 124.051032851724 122.683143279132 121.337525199441 120.488702661851 119.697539946612 119.003811331356 118.506192263435 118.091641257791 117.753150715547 117.292869567871 116.632147171918 115.965229707606 115.278399747961 114.238001767327 113.243758706486 112.325152004466 110.71633383807 108.82930542441 106.938768386841 105.212795706356 103.751246059642 102.3403116114 100.97442447438 100.112983030431 99.2552272572237 98.4029119154986 97.5615342084099 96.7144450019388 95.7791116377887 94.8850470150218 94.0597172905417
179.747354395249 175.766356524299 170.9232377445 166.126031539019 161.253416397992 156.253475974588 151.371183731977 146.567998661714 143.501507815193 140.405088985668 137.244828280281 134.447830873377 131.820507161758 129.058195114136 126.823513311498 125.552384264329 124.236876992618 122.910552754122 122.037050471586 121.208237704109 120.463238099042 119.882311877082 119.376566269818 118.975854312672 118.473362417782 117.790188733269 117.095410066492 116.387077555937 115.369609271779 114.403053508085 113.523871253518 111.904944700353 109.959727679982 108.008895649629 106.195061627556 104.620869243846 103.096745659323 101.614048228544 100.785458957448 99.9584144143497 99.1318242690142 98.2006448857925 97.2164977578556 96.1530318540685 95.1433589037727 94.2312572703642
181.034207736745 176.541553721708 171.256123711081 166.051754446591 160.915904549991 155.934810414034 151.044346528895 146.198533002068 143.411216062658 140.584542330574 137.670684590059 135.058732201071 132.598111433141 130.052106520709 127.955563994015 126.735091714298 125.498710295733 124.258778628181 123.428239485797 122.621885524077 121.859606237972 121.229657117058 120.663634580724 120.228629392736 119.709519554587 119.029707067153 118.338563358082 117.639719121596 116.676461836871 115.749454498291 114.888937781839 113.243481467752 111.221008973963 109.20241726146 107.295476352467 105.601573831895 103.967237360337 102.369148142198 101.579865175135 100.780814563527 99.9607998343075 98.9285830329446 97.7899435828714 96.5896573908189 95.4543106976677 94.4476907393512
182.425008886001 177.417177312514 171.675521850586 166.059810414034 160.661568809958 155.752262452069 150.904162014232 146.091648438398 143.572170369765 141.037732853609 138.394394930671 135.944892434513 133.591871934779 131.200560738059 129.179847829482 127.940004348755 126.707629484289 125.477199105655 124.703427034266 123.938932979808 123.178234212539 122.504167781157 121.873200360466 121.39682859533 120.87615181418 120.265655966366 119.649467243868 119.03318494909 118.101409014534 117.1875408397 116.31576089298 114.663531583898 112.606691248277 110.56605608323 108.609388239243 106.823935340433 105.108320684994 103.427918265848 102.582232419182 101.717981675092 100.804199667538 99.6823319827809 98.4519195556641 97.1824755949133 95.9730681251077 94.8907848806942
184.305116765639 178.833891475902 172.518121158375 166.374854368322 160.70434031767 156.123340831083 151.567583981682 147.02879412034 144.812125823077 142.605271507712 140.264799903421 137.833804859835 135.345784131218 132.87366844626 130.712285883286 129.250446656171 127.826246485991 126.421417011934 125.744296803194 125.071410459631 124.358014723834 123.657913656796 122.963077096378 122.443880417768 121.946479572969 121.493321587058 121.034740223604 120.575733633602 119.64634996302 118.712686202105 117.797657012939 116.147459366742 114.083625120275 112.045077380012 110.059043323292 108.187838049496 106.394668242511 104.645933263442 103.68619593452 102.71517349692 101.671798481661 100.465628904455 99.1668213115019 97.8436332029455 96.5675939672134 95.4053325653076
186.561363220215 180.645577599021 173.769307080437 167.035147049848 161.001829035142 156.675490996417 152.368972329532 148.077230341294 146.133508009069 144.235206940595 142.201134849997 139.804703319774 137.185670740464 134.610922869514 132.290717405431 130.583395340863 128.93751817591 127.326187021592 126.703053193934 126.103633880615 125.454249774708 124.74935464298 124.009159088135 123.440872641171 122.953176386216 122.650185977711 122.347811530618 122.048419727999 121.129886402803 120.194216559915 119.287919437184 117.692628748277 115.678328570198 113.679254083072 111.705514459049 109.788301804486 107.923724006204 106.089618121876 104.993607352762 103.903632781085 102.740521150477 101.456710030051 100.097987343283 98.6906902088839 97.3185065774357 96.047041163725
189.340488433838 182.979120815501 175.535416995778 168.113035763011 161.596509148093 157.429477467256 153.314993241254 149.236361784094 147.531549902523 145.919282576617 144.19116154839 141.841107648962 139.090566186344 136.394857406616 133.902718487908 131.933816012214 130.047975876752 128.213229347678 127.61970946368 127.081761528464 126.497904833625 125.794045167811 125.014010261087 124.395395166734 123.900587194106 123.701925165513 123.49916637645 123.291608473834 122.387106502757 121.458272821763 120.57997490378 119.050079570097 117.091016432818 115.136254927691 113.189866458668 111.258472891415 109.359951692469 107.483712252449 106.294799580294 105.132130117977 103.900735855103 102.589319229126 101.225169462316 99.7940605387968 98.3775030023911 97.0119286144481
193.175503001494 187.015833461986 179.817058114445 172.547109042897 166.078472361845 161.779793234432 157.55493960661 153.378040874706 151.404860216029 149.542013953714 147.566403557273 144.873474008897 141.692799512078 138.567361495074 135.643927518059 133.297840118408 131.051538803998 128.870216145235 128.205940919764 127.647998809814 127.053635092343 126.37192625158 125.631145028507 125.039213965921 124.508698182947 124.11444383509 123.723158219281 123.332151076373 122.565481746898 121.792161156149 121.085882972268 119.722890741685 117.892200918759 116.05278116114 114.218803069171 112.395708420697 110.581243290621 108.773081947775 107.577512292301 106.41954276141 105.192197014304 103.912590924431 102.595859751982 101.190215559567 99.7630998948041 98.2910578671624
197.472748924704 191.701908784754 184.96322407442 178.033379049862 171.702250312356 167.132169611314 162.657164741965 158.245733822093 155.846605300903 153.587616415585 151.253539590275 148.148631039788 144.489315257353 140.884330749512 137.488854800954 134.741546182071 132.11341454001 129.568853714887 128.809139924891 128.216250026927 127.608459248262 126.944075416116 126.239055633545 125.675209942986 125.118355021757 124.530439937816 123.95261517693 123.381017123952 122.743139379165 122.123048445758 121.571312848259 120.358167984906 118.635943020091 116.894276562859 115.154077866498 113.419345519122 111.680833479937 109.939842785106 108.739515304565 107.588069130393 106.376006519093 105.13841864642 103.881938878228 102.542287041159 101.155292903676 99.6244112463558
203.036888346953 197.602540408864 191.277911466711 184.610864751479 178.349944170784 173.428141089047 168.586781333475 163.80208755942 160.846689673031 158.082451988669 155.358538234935 151.814349006204 147.646548776066 143.504048515769 139.575043622185 136.369494943058 133.308546851663 130.356892529656 129.449530433206 128.788191627054 128.161610547234 127.507822597728 126.833733053768 126.300335379208 125.727721719181 124.948981789982 124.187223995433 123.43818507475 122.919936685001 122.451625823975 122.0390959347 120.96330575382 119.336679795209 117.683630101821 116.029241898481 114.375773037181 112.713863709394 111.041155759026 109.826311672435 108.671669455136 107.471157186172 106.278914844289 105.100977224462 103.860317342422 102.559487118441 101.013723653906
