PREC/medie/CUMULATA_MEDIA_11.asc
NCOLS 177 
NROWS 174 
XLLCORNER 1436301.375 
YLLCORNER 4916704.5 
CELLSIZE 1500 
NODATA_value -9999 
[rows 96 to 119 of 174, columns 54 to 107 of 177]
127.78262982649 124.334101929384 122.2307862394 121.630206332487 122.601553888882 124.760647521299 127.567288076176 130.154342426973 132.705187937793 134.673862807891 135.06172487315 134.100314841551 131.924147676019 128.197106754079 122.992996762781 117.08266583611 109.656108786078 101.317746975843 92.7212615013123 84.5578734453987 76.8041147764991 70.4443501865163 64.8567587908577 60.3277970482321 56.5260380296146 54.1709352661582 53.0749313691083 53.3985289966359 54.8893258711871 57.8301134950974 61.9085449891932 66.8121945437263 73.8328843397253 82.2603985842537 90.8810256228727 98.9493767513948 105.776218498454 111.373093324549 114.888663249857 116.362993436701 116.222003978841 114.073167324066 111.852801799774 109.068262941697 105.773892963634 102.461908088011 98.6678086449118 94.3629484176636 89.9676718992345 84.7748996510225 78.7671482983757 72.3349383859073 65.5570254045374 58.3779560537899
120.098289237303 116.802988753599 115.168262621936 115.154646929573 116.550152778625 119.047057796927 122.120011133306 125.923419335309 129.517224129509 132.531854797812 134.172015105977 134.288519368452 132.876049883225 129.914185650208 125.916990069782 120.711053273257 114.13738895865 106.717318576925 99.0723201527315 91.7360866490532 85.1781396865845 79.2890175370609 74.1924801433788 69.9957990926855 66.2763395309448 64.0947102939381 62.9504609668956 62.9378513728871 64.4637687066022 66.3208988133599 69.7027739917531 73.9563842380748 79.171364924487 85.6516810585471 92.451932626612 98.9419030301711 104.373220022987 108.988706013736 111.931083384682 113.54112646159 114.187168387806 113.822500369128 112.416756153107 110.709382225485 108.958162251641 105.689373885884 101.612448552076 96.8160177679623 91.2812963934506 84.7514559801887 77.4232522740084 69.8970110276166 62.0217794530532 54.2049453398761
113.204935298246 110.797829319449 110.054348721224 110.488751972423 111.964746194727 114.296647646848 118.077717781067 122.816685410107 127.189494848251 130.965287811616 133.494789446101 134.323441743851 133.557918618707 131.402380242067 127.989853872972 123.321654291714 117.553600437501 111.01335681186 104.648521675783 98.8580561806174 93.3194629444796 88.3853226829978 84.149684232824 80.153920173645 77.1762442308314 75.170451781329 73.8037396599265 73.2634125036352 74.1874702117022 75.2615660779616 77.1570445509518 80.3732496710385 83.6937625548419 88.3759915968951 93.3201656902538 98.0231375694275 102.05999232741 105.684964853175 108.271143380333 109.980004969765 111.157288228764 111.82996079501 111.434526022743 111.343877708211 110.02036375158 107.498133294723 103.911370613996 99.0506586187026 92.7155894672169 85.2555359672098 76.8713824328254 68.2470328948077 59.6123023874619 51.5139035617604
108.084215921514 106.307236306808 105.943095095017 106.8284926134 108.849655880648 112.005390125162 116.230187696569 121.016631280675 125.743413841023 129.654849192675 132.591964805827 133.847740580054 133.69879600581 132.345948976629 129.763955537011 125.463385806364 120.311724059722 114.52411216848 109.504186377806 104.746234388912 100.611870541292 96.9734063989976 93.5470539541806 90.6133130017449 88.2569617664113 86.2995119655833 84.5932391391081 83.2717096665326 83.2617730252883 83.1411792530733 83.3437984129962 84.9332948852988 86.8430053486544 89.4367745623869 92.5619965020348 95.6660340253045 98.5420543866999 101.453489499934 103.640191807466 105.382803804734 106.992042962243 108.640200811274 109.26440300661 109.799249620999 109.468390829423 108.124973156873 105.251013811897 100.705590696896 94.15032973009 85.9782449497896 77.0206171484555 67.7048505334293 58.3658383874332 49.8983931541443
104.087295307833 103.245368270313 103.420744433123 104.706847485374 107.233228795669 110.912420595393 115.770513352226 120.796135046903 125.111850724501 129.036208138746 131.919549773721 134.022714544745 134.280125183218 133.019020641551 130.525168236564 126.795122483197 121.999360799789 117.488385480993 113.59361373677 109.636275123147 106.703556172988 104.001178292667 101.725054797004 99.7928824705236 97.9349876852597 95.9639299336602 93.7864889537587 91.6245020137114 90.3388781267054 88.8687714969411 87.4316008231219 87.3379246487337 87.7875287112068 88.8260983298807 90.2673401271596 92.1432007340824 94.1265599306892 96.0320083534016 98.2468769971062 100.190567703808 102.285553904141 104.296896429623 105.845160905053 107.035822868347 107.550822762882 107.187699177686 105.154450164122 101.037304709939 94.7190751468434 86.3955460436204 77.1067652982824 67.4176957747516 57.9540150866789 49.3621883392334
101.425924792009 101.580562086666 102.553540902979 104.433488537284 107.169228806215 111.226693265578 115.877451588126 120.890250079772 125.449792062535 129.311657737283 132.595150204266 134.605111991658 135.037590461619 133.776803914238 131.225117332795 127.677125818589 123.574911201701 119.383142331067 116.21877154182 113.522734137142 110.822634865256 108.963653564453 107.91314052133 106.663609224207 105.125701736001 102.982155463275 100.235600780038 97.1296137360965 94.3103595901938 91.776401127086 89.2331640019136 87.3344798929551 86.5322348931256 86.2121730411754 86.8384026920094 87.8957605361938 89.2274938471177 90.7705207572264 92.7148552782395 94.9193755598629 97.050077901167 99.1793593799367 101.448534152087 103.305428701289 104.433941420387 104.702190876007 103.280350881464 99.5713781469009 93.4990062994115 85.8515871833353 76.879994504592 67.3824266545913 58.1502441798939 49.7296018039479
100.383841584711 101.528280061834 103.171135257272 105.49398094065 108.459106697756 112.551878199858 117.127675813787 122.025016672471 126.84712045333 130.721272230148 134.079211263096 135.698368367027 135.867755385006 134.837655319887 132.226432491751 128.743334349464 124.883602563073 120.522408485413 117.604786536273 115.116399091833 113.406754325418 112.13441545823 111.501728001763 110.547677376691 109.020398700939 106.591075897217 103.204096233144 99.2334221391117 95.0545829043669 91.5893392282374 88.0494938177221 85.0406841670766 83.4266810697668 82.2803917211645 82.3905236019808 83.1978087705724 84.4078425519607 85.9708092072431 87.6766808313482 89.7414321899414 92.0397196236779 94.2163945927339 96.5519095869625 98.6897794779609 100.079198304345 100.521930273841 99.2148178885965 96.3302949176115 91.1935118506937 84.3207240946153 75.9691587335923 67.0954892214607 58.4319194625406 50.5468753926894
100.761119730332 102.713239417357 104.914389834684 107.654166726505 110.843083437751 114.96803485646 119.394279788522 124.192788516774 128.898318487055 132.894668663249 135.845116671394 137.417323168586 137.434573972926 135.902280274559 133.354225158691 129.724167290856 125.69638227014 121.483454171349 118.466370302088 116.038576350493 114.721732981065 113.513231950648 112.431074310752 111.3591447718 109.603434506585 106.770500856287 102.832337295308 98.1541951123406 93.158082373002 88.9542320195366 84.7732603970696 81.2214162209455 79.0346806189593 77.8003940862768 77.7580519283519 78.7264981690575 80.4569877736709 82.1976318780114 84.1099337830263 86.2699934454525 88.2373925096848 89.9523995904361 92.2557635587804 93.7587905210607 94.9496125613942 95.0552764499889 94.3072200382457 91.7506948639365 87.4149254630594 81.4307470041163 74.1622434503892 66.4115258385153 58.6874076057883 52.0294534458834
102.337693887598 104.878613247591 107.497071518618 110.41071100796 113.650129430434 117.889853617724 122.039639108321 126.617768680348 131.265610863181 135.439964238335 138.295504121219 139.982141074012 139.739507282481 138.046511818381 135.211587064406 131.55778466954 127.095970378203 122.540717910318 119.007853003109 116.118609035716 114.458994697122 113.076446084415 111.574625744539 109.927064334645 107.773106855505 104.466347862692 100.06487938937 94.8826680744396 89.4916232333464 84.4297290689805 80.3066103879143 76.7447713403141 74.4759830867543 73.5313453674316 74.0787582958446 75.291382004233 77.031028396943 79.0739050191991 81.2438778316273 83.328545738669 85.154604883755 86.9686423750485 88.9392593047198 90.0257727398592 90.2312332602108 90.0556447365705 88.93236914803 86.4867831678952 82.6002331341014 77.5832600593567 71.7124137317433 65.3169378112344 59.3812972517575 53.579380568336
104.921734669629 107.674631876104 110.460905215319 113.297487707699 116.552567874684 120.375039577484 124.389433411991 128.726745885961 133.336979220895 137.435846805573 140.516261156868 142.375649031471 142.532556926503 140.985800939448 137.682301829843 133.403331391952 128.46871213352 123.43998594845 119.373660536373 115.91277812509 113.553190792308 111.52434943704 109.495821447933 107.668907333823 104.819738219766 100.926876460805 96.1246017568252 90.7119747891146 85.1440100108876 79.9253979710972 75.2637908318464 72.3381659844342 70.4027481920579 70.2644460061017 70.8248068865608 72.3475247551413 74.4676768078524 76.8944731039159 79.3197315440458 81.2341461181641 83.0571109547335 84.618956229266 86.0532834950615 86.7724691839779 86.7233350697686 85.4663802876192 83.7312579154968 81.2766066158519 77.777837080114 73.6049626574797 68.946911166696 64.3942151630626 59.570421331069 55.1452701232013
108.488170764026 111.009316612692 113.432914565591 115.932073761435 118.594300185933 122.142534845016 125.957283328561 130.210650920868 134.77406167984 139.017770795261 142.30529125999 144.422631179585 145.004047057208 143.795917510986 140.236698823817 135.526209438548 130.032778796028 124.121807547177 119.299320557538 115.633298873901 112.578202528112 110.000128577737 107.38851479923 104.860014298383 101.480788511388 97.4182470546049 92.4077764679404 86.8566589355469 81.0321386000689 75.9041770205778 71.4824933865491 68.4285336101756 67.1024725016426 67.4510963944828 68.3668036460876 70.3786545921774 73.0602216720581 75.6308142437654 78.1741903529448 80.5833702367895 82.484786903157 83.6141602572273 84.2210214839262 84.4519864250632 83.6455188358531 82.0517099604887 79.2736277299769 76.419020652771 73.2680826187134 69.8684501647949 66.4622339921839 63.3152476759518 59.9550198386697 56.9938773828394
112.699709219091 114.458248615265 115.865952688105 117.730492171119 119.653755384333 122.409294521107 126.260274382199 130.561201712664 135.066316239974 139.184972847209 143.241775260252 146.003136354334 147.268782082726 146.091805121478 142.723315799938 137.667244798997 131.823996375589 125.446575389189 119.87862553316 115.326557832606 112.088681052713 108.620248794556 105.581671658684 102.591134968926 98.9710586772245 94.5076274030349 89.4485482608571 83.8362123545478 78.2484148249907 72.8255640057956 68.8421286975636 66.1370851853315 65.3107052129858 65.4954504405751 66.814802422243 69.1026629560134 72.1098907414605 75.420353047988 78.6359301735373 81.2511875489179 83.0634541792028 83.9523164524752 83.8523566863116 83.1583567787619 81.7586934145759 79.462758288664 76.2222368576947 72.9425999136532 69.8081320594339 66.9497118276708 64.8028141470516 62.5903080210966 60.637417344486 59.0577073658214
117.166493528029 117.583314979778 117.72147063648 118.368553273818 119.244525264291 121.172765928156 124.697745070738 129.097585958593 133.560221868403 137.824875999899 142.907787940081 146.462516868816 148.226528195774 147.555296953987 144.394683781792 139.192294008592 133.088111709146 126.925823267768 121.289697983686 116.118084627039 111.386288811179 107.885505564073 104.631349227008 101.257897096522 97.4764803157133 92.9616804122925 87.8682408332825 82.15436074313 76.5358499358682 71.5893796752481 67.7737925192889 65.4118483487297 64.6508387257071 64.9617551635293 66.53640573165 69.2888183313258 72.6437385783476 76.3808089424582 79.9541121651145 82.7128168554867 84.4702055314008 85.1330371183508 84.6193928999059 83.1304383558385 81.0219579584458 78.3627653682933 74.8756807551664 71.1890387815588 68.04024662691 65.3585654988008 63.7965401761672 62.4395022392273 61.5797098664676 60.8243265151978
121.577612147612 119.933242573458 118.273730278015 117.383224431206 117.033520390006 118.088020689347 120.734225693871 124.925644173342 129.117332851186 134.661249946145 140.321728229523 144.913883489721 147.638549468097 147.669110746945 145.183334126192 140.386420362136 134.974101571476 128.654729282155 122.983381832347 117.460454379811 112.56775115518 108.149804395788 104.593857709099 101.121486439424 97.3178719352273 92.703766598421 87.7563405317419 82.3396657494938 76.9054832178004 72.1106035849627 68.2592604160309 66.0398761524874 65.3051994267632 65.8269295411951 67.5687645743875 70.5335490282844 74.2509100577411 78.3877513548907 82.2484570110545 85.3504191005931 87.2740195218255 87.847105811624 86.9683782914106 84.949649698594 82.1514057832606 78.7281082377714 75.0096861895393 71.0069780349731 67.7761467204374 65.292940195869 63.7197957319372 62.7299336545608 62.4005928600536 63.0152345264659
124.174371046178 120.975538281833 117.03388261795 114.269239369561 112.507555148181 112.520905691035 114.322613828322 117.466629308813 122.290194819955 128.665750194998 135.005850679734 140.160630843219 144.099227344289 145.162766288309 143.814050730537 140.274587687324 135.265084322761 129.833000183105 124.529745214126 118.544745052562 113.882523480584 110.059714934405 106.580010806813 103.203502206241 99.331516939051 94.9791332693661 90.0428392185884 84.7430861697477 79.3613044794868 74.5629232070025 70.6261288979474 68.2403064054601 67.4215011877172 67.8716439639821 69.6648426055908 72.6400051677928 76.6206707954407 80.9613230649163 85.1095746545231 88.5353806439568 90.7862039453843 91.5996991325827 90.9112454582663 89.0353594387279 85.8236045276417 81.9055852890015 77.2063420800602 72.4710628285128 68.8770020428826 66.1979600120993 64.82937150843 64.1007673319648 64.3699647398556 65.6002012701596
124.567471532261 118.95501835206 113.589400039 108.708828505348 105.305986769059 104.140994520748 104.875372606165 107.923944894005 112.940649649676 119.65274328344 126.303566708284 132.398892963634 137.050228287192 139.933949694914 140.383369782392 138.046332976397 134.133127885706 129.103139540728 124.65047118243 120.13601583593 115.706002964693 112.371243420769 109.535663716933 106.524338890524 103.139554584728 98.9372903599459 94.1480649499332 88.8789231356453 83.5853790675893 78.5751915539012 74.3387560844421 71.4809467652265 70.4644539215985 70.71382671244 72.3315840889426 75.447346350726 79.5218081754797 84.0606751161463 88.5448782864739 92.3162827211268 95.1125270619112 96.9257029365091 96.584696264828 94.6511954139261 91.2756160287296 86.9649592006908 81.6055913812974 76.8427762424245 72.6756566552555 69.1023509081672 67.4867463953355 66.8288874906652 67.1302742397084 68.2065091133118
120.748147123 113.240023697124 105.825435694526 100.160528715919 95.121021270752 93.0744785701527 93.5548863971935 96.2469931490281 101.536436669967 107.868643928977 114.86356903525 121.86245059967 127.769228205961 132.020623768077 133.702260858872 133.04473473044 130.475954728968 127.045931760003 123.754038979025 120.319482130163 117.110415963566 114.484389810001 112.457445369047 110.22537467059 107.186496622422 103.641039904426 99.1909532546997 93.9407248216517 88.4944097575019 83.167659479029 78.5151883293601 75.4208979326136 73.8596219735987 74.0024844898897 75.3310220381793 78.2467818821178 82.1775166006649 86.8020102557014 91.5984376458561 96.1195090798771 100.228355295518 102.495332493502 102.991145638859 101.599503348855 98.4253096860998 93.7126295426313 87.9481157976038 82.7993197160609 77.9400820451624 74.1097182105569 71.8424718520221 70.7709172192742 70.4308676158681 71.0032924483804
113.614631091847 104.909384306739 96.1235724056468 89.1859372363371 83.8273234227124 81.0272619584027 80.9621795065263 83.3326239024892 87.9416426490335 94.0449706245871 101.273452085607 108.837333006017 115.639488444609 120.712455244625 123.882712644689 124.891312655281 124.183715820312 122.312400817871 120.320290509392 118.219378190882 116.456462972304 114.79947830649 113.912137760836 112.507971819709 110.768488154692 108.092041801004 104.168603672701 99.0986310734468 93.3629367772271 87.6498664407169 82.5621735909406 79.0089891377617 77.279823920306 76.9174588708317 77.8315741875592 80.4356163249296 84.2629045037662 88.9770773158354 94.1278486812816 99.8405099756577 104.562698925243 107.966439864215 109.479234919829 108.861632066614 106.165113785688 101.394088745117 95.8453972760369 90.0898277619306 84.9465415617999 80.8721543480368 77.4203448015101 75.6373729144826 74.5284206726972 74.0094376732321
103.011145956376 93.5338199278888 84.4824787869173 77.2175503338084 71.8905963897705 68.5895272843978 67.9253168526818 69.8655375873341 73.7451601589427 79.4102231193991 86.3856469322653 93.9442359699922 101.016627423904 106.661164059358 110.696763543522 113.509186127607 114.208005680757 113.801765554092 113.266658109777 112.653262531056 112.455979739918 112.496489132152 112.729071785422 112.853917738971 112.405601389268 110.709976476782 107.426893626942 102.609938004438 96.8115333949818 90.6898995287278 85.3646702205434 81.3365954230813 79.2441610448501 78.2675158276277 78.9973563586964 81.3938397800221 85.1228897431318 89.9474975922528 95.7408176870907 101.998414768892 107.64694741193 112.212059694178 115.10384907442 115.531663558062 113.275751338286 109.20483230142 103.968710170073 98.5272322262035 93.2139322617475 88.1612810247085 83.4500285877901 80.3017834495096 78.1992910048541 76.0652396819171
90.0378117841833 80.3404656017528 71.6543071410235 64.7897581212661 59.6261601728552 56.3879769409404 55.7037729515749 56.9018827887142 60.117584957796 65.05737694572 71.3279586679795 78.2892361809226 84.9204867306878 90.7323947233312 95.484954216901 98.728884528665 100.756642397712 101.857416713939 102.714541603537 103.572279761819 105.217364816105 106.881665734684 108.302912431605 109.82435428395 110.627501656027 109.9693775177 107.475817399866 103.134279363296 97.283626388101 91.1187510209925 85.7147626315846 81.4772936035605 78.8118405903087 77.8037638944738 78.0065911797916 80.2399397457347 84.0167311500101 89.1278512618121 95.530465855318 102.154913846184 108.656559214872 114.419848834767 118.786177915685 119.992325838874 119.208168478573 116.340666266049 111.941707835478 106.893490510828 101.047926285688 95.2456435035257 89.7023601531982 84.8264147253598 80.9303510329303 77.1772200079525
75.9344945514903 67.0097288243911 59.0211353862987 52.9546060842626 48.2665649301866 45.2334174689125 44.6979363104876 45.4073379600749 47.8950307789971 51.9344632765826 57.1260227035074 62.9262679885415 68.7291053323185 74.3653107811423 79.1263498979456 82.6847938649795 85.3393762812895 87.4052860035616 89.3297558391795 91.7839909721823 94.6434393490062 97.526076372932 100.140468373018 102.733925426708 104.718491722556 105.086037916296 103.25919044719 99.2285264520084 93.7994655721328 87.9406376445995 82.6167170580696 78.3267211914062 75.4772755959455 74.2983595343197 74.4477640039781 76.3942283742568 80.2250511506025 85.2068674424115 92.2049723232494 99.2728710174561 106.438315111048 113.044518414666 118.429716895608 121.91061928693 122.490468193503 120.748057533713 117.762880774105 112.888251136331 107.390120225794 101.098803576301 94.631872289321 88.2836141586304 82.275362183066 76.366135372835
62.2923194941352 54.545647649204 47.6595609328326 42.5091497196871 38.695684965919 35.9008512637194 35.3629399888656 35.704593854792 37.5169843224918 40.5753847009995 44.6003233124228 48.9986228662379 53.8937040777767 58.7368966551388 63.0043953166289 66.6061603321749 69.513066516203 72.1460728925817 74.9237318599925 77.9946350770838 81.6650272818173 85.3272087994744 88.6236242406509 92.2054997612448 94.9832822014304 95.9300920823041 94.5612234227798 91.1423970390769 86.364309647504 80.9156003839829 76.0498808131498 71.9088934730081 69.0361814498901 68.0073641047758 68.0041181900922 70.0382607964908 73.794176606571 79.0299678129308 85.6342913683723 92.8925160800709 100.729904287002 108.174588259529 114.876135433421 119.522964701933 121.34227180481 121.294320050408 119.22218244216 115.259302924661 110.231241113999 104.143545599545 96.8188327340519 89.276024201337 81.6642603593714 73.81533760183
50.2754983621485 43.8421001714819 38.1917895709767 33.9433283525355 30.8785144581514 28.4795120814267 27.8677800402922 27.9629291085636 29.1569987745846 31.298237323761 34.1271659065695 37.5306277275085 41.4142834158505 45.2763149317573 48.7715357612161 51.8506732547984 54.7304507143357 57.4632855022655 60.5251263450174 64.008994439069 67.7062444125905 71.8538453719195 75.5187703300925 79.6184223960428 82.5824838526109 83.7598324943991 82.7830250683953 80.0106574787813 75.8044088027057 70.8849376229679 66.5901577893425 62.936102811028 60.3080175624174 59.499662399292 59.4847390791949 61.5536760442397 64.8608668832218 69.9624374614042 76.4819095835966 83.8709336449118 91.5390984030331 99.4943505455466 106.758364957922 112.181537515977 115.037018719841 116.54042782503 115.50721280715 112.615029503317 108.244521533742 102.409782409668 94.7100773418651 86.5148219501271 77.9763533087338 69.0101207564859
40.4671125131495 35.2484444169437 30.7091034300187 27.2835242467768 24.856699256336 22.9271834036883 22.2850973816479 22.1199250922484 22.7778569530038 24.213596273871 26.1815003507278 28.6631450092091 31.4863229779636 34.3446856947506 37.0255831269657 39.5117392539978 41.9576698191026 44.596356307759 47.6171068584218 50.926189142115 54.6163427128511 58.5032868104823 62.2792746599983 66.2447376812206 69.2076584872078 70.4047966564403 69.761261547313 67.3692157969755 63.6829609029433 59.4084111942964 55.7177438174977 52.5862161411959 50.3784585840562 49.5049428939819 49.7970274756936 51.726373167599 54.6819898941938 59.3356962764964 65.6094515183393 72.2503217809341 79.7234876296099 87.3822122461656 94.5572831770953 100.228779848884 103.907053666956 106.314879922306 106.355410183177 104.475693085614 100.800955940695 95.4401186774759 87.9933218114516 79.6145420635448 70.7549384622013 61.6346083809348
