PREC/medie/CUMULATA_MEDIA_02.asc
NCOLS 177 
NROWS 174 
XLLCORNER 1436301.375 
YLLCORNER 4916704.5 
CELLSIZE 1500 
NODATA_value -9999 
[rows 48 to 71 of 174, columns 54 to 107 of 177]
74.9701562558903 76.3316942313138 76.6925548385171 77.2762574658674 77.6905340587392 77.8406260153827 77.3476206134347 76.3825014058281 75.0979713271646 73.8082656211713 73.0045438321198 72.6582719403155 72.5715210157282 71.8491176787545 70.7472085391774 70.0910922078525 69.317170493743 68.5214966325199 67.8632781365339 67.2858154913958 66.9533865311567 66.7617663776173 67.1143265331493 67.5991076301126 69.0160223736483 71.3772068023682 73.7430975016426 76.2438516055836 79.6867476631613 83.8944434839136 86.1426955952364 87.3018920842339 87.1143501786625 85.8411929467145 83.8925098811879 80.9597505401163 78.5141542799333 77.1418270924512 75.7125839766334 75.8190888972843 76.8177825738402 77.8756167117287 79.0081403535955 79.9987688730745 81.050521221231 80.7302503936431 80.1028932192746 79.2878090125673 78.3829703769263 77.6230805796735 77.5490347532665 78.1717937316965 79.4799723712837 80.5757955400383
74.5740548828069 75.7068749736337 75.8173081804724 76.110991877668 76.3406963348389 76.6050179776023 76.4203266255996 76.0034288799062 75.3530126459458 74.948460817337 74.6281642738511 74.6672197054414 74.8341861051672 74.4591847097172 74.3419020386303 74.3544195399565 73.5068375082577 72.5846794212566 71.6700175509733 70.9966284807991 70.5554062057944 70.6395504614886 70.9719987196081 71.9626927656286 73.9185079686782 76.1509015980889 78.348544401281 80.7557769943686 85.5576205534094 89.0113625806921 91.1322702800526 92.0245655284208 91.8389203408185 90.8142232474159 89.0133182862226 86.5359590193805 83.8640958561617 82.4683242194793 81.7563762945287 81.0950209252975 82.1463666418019 83.1304845073644 83.6208503631984 84.0482910871506 83.6330084011835 82.7404518741019 82.1160399931319 80.5776409857413 79.1777833787834 78.3065648306819 78.0174524556188 78.6053224845844 79.3859881042119 80.3787305317819
73.3338696711204 74.4968738275416 74.7428383196101 74.8700152004466 75.0623316764832 75.3346945047379 75.5606948978761 75.7321981331881 75.75111858985 75.9012180566788 76.2635703192038 76.8172271637356 77.401786755113 78.562901468838 79.2028146421208 78.8846921079299 78.3246480577132 77.5121088308447 76.7431199410382 76.1494075550753 76.0755661796121 76.0924911779516 76.5681113916285 78.0270301594454 79.8940296173096 81.5427798102884 83.5903243177077 86.1821070699131 90.9851614727693 94.0415925979614 96.3166801789228 97.7865699319278 97.4532388799331 96.3571972706739 94.6421892362482 92.4015291087768 89.4137603535372 87.8308462746003 86.9036609916126 86.0963237776476 86.684749974924 87.6351012797917 87.7644135776688 87.5168128784965 86.4150049388409 84.7213392836206 82.9442640280022 81.3526198162752 79.9088889921413 78.7833775606226 78.0713578874574 78.1134895520175 79.4144804981701 81.0905360068907
71.8992142221507 72.8508108047878 73.1011095257366 73.502224985291 73.800973758978 74.2139994537129 74.7537421408822 75.2926924368914 76.0536645440494 76.9859874949736 78.0819496845498 79.273816837984 81.1335087453618 83.2116688770406 84.2639165205114 84.4048446346732 84.0347484420328 83.361861299066 82.66369285303 82.2260016553542 82.1701811341678 82.0236241396736 82.9313273149378 83.8613938724293 85.3228923853706 86.8164407505709 88.8171403267804 92.8062285675722 96.386987658108 99.3846689112046 101.840475061361 103.331196280087 103.504909760812 101.971918919507 100.167837577708 98.2500970714233 95.0013556270038 93.0854271229576 91.8846858634668 91.2523219339988 90.6251122495707 91.1515701237847 91.0449260052513 89.9628701876192 88.3665146810167 86.7485121996964 84.5515328943729 82.377321477322 80.660662379335 79.2055940259905 78.8894339409821 79.2083187096697 80.3473863912856 81.9335958160022
70.2566504197962 70.6293760748471 71.7405521624229 72.2776624735664 72.8556029305739 73.4533264005885 74.1932155174368 75.0971476470723 76.545373601072 78.1623902132406 80.0365714834017 82.3920188546181 86.1171624940984 88.8743361269727 90.2456489801407 90.7425172048457 90.5012314179364 89.8192057609558 88.7279035624336 88.4841485864976 88.1876787578358 88.4349801680621 89.1833211954902 89.7482867521398 91.1244562092949 92.5120374455172 94.379046089509 98.3281901724198 101.642353373415 104.358054364429 106.649412035942 108.203724629739 108.700967353933 107.338110250585 105.079701241325 103.065912702504 100.261854855453 98.0876061144997 96.6796848773956 95.4784008299603 94.2273897458525 94.0007217456313 93.3069136633593 91.1858759487376 89.7724949191598 87.9125078215319 85.6901181191206 83.5066527816303 81.7402715985389 80.6156993065687 79.7619882328984 79.9841553687173 80.8664126913337 82.2937452427166
68.9119972516509 69.5759611375192 70.1567751134143 71.3538443060482 72.3119312945534 73.0987741456312 74.1203530606102 75.4737842854332 77.3247274861616 79.5472888815052 82.6959772092455 86.8310668906745 90.3747503021184 93.8086884793113 96.0136623838369 96.9337290946175 97.0589608374764 96.3597277192508 95.652732891195 94.6301252561457 94.2462061433231 94.3848416384529 94.9804415141835 95.5293352884405 96.8870166890761 98.1566646379583 99.7517001208137 103.345737057574 106.300795800546 108.818634832607 110.936546781484 112.340802613427 113.004597856718 112.053174576339 109.647827863693 107.068777231609 104.241218728178 102.327341844054 100.521579402335 98.8509889525526 96.9465176498189 95.7601929517353 94.3253327573047 92.594176101334 90.538081588114 88.7428126755883 86.567262563197 84.6213388556943 82.6585737264112 81.1716646622209 80.4385466253494 80.5865079939146 81.2128817649449 82.1186413083445
68.1691965601023 68.8755135991994 69.6748457656187 70.9203752770143 71.8253136172014 73.0715052871143 74.0628584553214 75.7277779438916 77.8925447604235 80.760114526924 85.7881203223677 90.0822690725327 94.1751227413907 98.4338196726406 101.34878926768 102.789207325262 103.156511643354 102.422414870823 101.525094116435 100.795382064932 99.530476065243 99.5045638925889 100.105046693017 100.69214035483 101.652198230519 103.2988717556 104.849309942302 107.961379191455 110.142100390266 112.59755849137 114.339648562319 115.539839811185 116.085701072917 115.353235188652 113.15155549961 109.935640335083 107.593458175659 105.407065486207 103.263173811576 100.795546128469 98.2681625169866 96.3935995557729 95.1601244807243 93.1843486778876 91.23268550985 89.1942863800727 87.0623884417993 84.4303188970422 82.331199678428 81.4151654202929 80.9333943037645 80.731355046963 81.1178086058182 81.4955609529553
67.7243119302918 68.9143667501562 70.1430722124436 71.0798877688015 72.5036849344478 73.553996815401 74.8837319963119 76.5824303627014 78.928067964666 83.35129257686 88.1562900578274 92.888858029071 97.8548785553259 102.67957286975 106.285859388464 108.114321147694 108.566381019704 107.921396528973 106.77166056633 105.84798005048 104.568691435982 103.709719068864 104.361576725455 105.058050576378 105.992314619177 107.525286912918 109.072965909453 110.963763524504 113.894933328909 115.700524968259 116.895303757752 117.756601515938 118.131218289628 117.417554301374 115.150528038249 111.878103659433 109.756992536433 107.285233020782 104.627536030377 101.151385962963 98.6963580776663 96.6675712150686 95.1402837020509 93.0002028854454 90.542394298841 88.1007418290657 85.5531477200634 83.4804175741532 81.9867834007258 81.213894972249 80.5684440767064 80.0537686395075 79.7536694251877 79.686186129556
68.1182592405992 69.7845864576452 71.2675760914298 72.5151128628675 73.2952787735883 74.7448924429276 75.9770645814783 77.4633076471441 79.8799823417383 84.902517260874 89.8389739087399 95.2393155939439 100.649674198207 105.794522962149 110.235169806901 112.607805851628 113.201271344634 112.6421232504 111.494339466095 110.187118039412 108.639745025074 107.516279585221 108.009515790378 108.822268093334 109.680593771093 110.931586518007 112.6301668672 114.010085428462 116.841731043423 118.012349128723 118.924303451005 119.344248207176 119.334466509959 118.001355616485 115.07411161591 112.662143808954 110.155008824433 107.244378643877 103.980571960702 100.018126996124 97.3535248602138 95.351704976138 93.3178394121282 90.6948864661595 88.0790749474922 85.9231317794937 84.0053392940146 82.3639753377613 81.1151188872755 79.9812301248312 79.018746002632 78.1564013171284 77.4136676586726 76.9154254319694
69.7928591265398 71.3182167095297 72.6744358820074 73.9137533131768 74.7932114460889 75.5559066884658 77.0622203911052 78.5192863380208 80.8228155681316 85.773087729426 90.8223826955347 96.5855030811885 102.548706868116 108.13127402523 112.692280012019 115.994120573296 117.047203821294 116.58037862357 115.180412075099 113.876798882204 112.380751736024 111.086458739112 111.580444896922 112.131283760071 112.880902290344 113.998352864209 115.21627852496 116.601039423662 117.82229272057 120.028228798333 120.406654862797 120.481704540112 119.729937735726 116.636064897565 114.494418010992 112.135870975607 109.112717940527 105.552034399089 101.55543621498 98.1670389350723 95.5717481287087 93.1832784238984 90.4941287391326 87.6844987948151 85.6037520060644 83.7157216113718 82.0303156739649 80.4068062704276 79.0656884987565 77.9536761319374 76.5904710463741 75.4543578061549 74.4121928364038 73.2270143988597
72.1369572387022 73.5932854063371 74.8704183101654 75.6341627598466 75.9968960911912 76.4981581871124 77.2081499342971 78.6753943869296 80.9014133337666 86.0033179118353 91.1896495275638 97.0432118177414 103.444963627002 109.564017634181 114.525037767256 118.029312007567 119.862668899929 119.6915157823 118.224765265689 116.583836120718 115.492230485467 113.78561816496 113.650135208579 114.323084803189 115.151723945842 116.241493435467 117.250398145002 118.089305330725 118.653062315548 119.062699717634 119.771486019387 119.075903342051 117.745476386126 115.280888841433 113.339188866756 110.362539494739 106.437117380254 102.125980422777 98.8664385255645 95.8499562459833 92.7042691321934 90.0496214575627 86.742194505518 84.3128924087128 82.4552654391702 80.8670858252136 79.3901051059365 77.7756823082181 76.5242817463244 75.3730364365175 73.8480867458617 72.4648754013812 71.0099678648745 69.54743834826
74.9232497916502 76.3566891143427 77.2182830624721 77.6499423998244 77.5935102157733 77.3662405395333 77.139620221713 78.1495938625406 80.5894515952643 85.1757470413166 90.9657248819576 97.0479029320619 103.562853274977 109.952684127233 115.544988528771 119.385780267856 121.188968560275 121.480062639012 120.62224334829 119.055907291525 117.386144049027 115.683687125935 115.088249963873 115.25569638084 116.050780941458 116.887893760906 117.714701329961 118.223080873489 118.451037575217 118.568335778573 117.720887955497 116.633353913532 115.261727424229 113.305559870075 110.34739599859 106.690653692274 102.670073509216 99.1545749131371 95.7908851083587 92.1915115118027 89.1147960178992 85.7174456220339 82.6379695918192 80.5727110871059 78.942971894408 77.5867676257211 76.0672352684333 74.5728928694392 73.5817830203211 72.4762401940192 70.8218743566643 69.4347488926176 67.9421242591651 66.2580637151704
77.8147369526765 78.9209686995429 79.3532890905352 79.4059343697394 78.7881837864132 78.3954616039991 77.8864805680864 77.9364592441741 79.6828067846158 84.4375103641959 90.1683850437403 96.2337683474316 102.917565831367 109.683915636119 115.464098968927 119.78464069086 122.170180520591 122.896699351423 121.913901244893 120.267376605202 118.478028381572 116.39215611009 115.415928812588 114.858147172367 115.074453129488 115.665359777563 116.675598621368 117.354725459043 117.639142639497 117.09890815791 116.478618397432 114.527157446917 112.683557513882 110.481041824116 107.55760696355 104.036842251525 99.6672638619647 95.7115378485006 91.7524454961805 87.9937686148812 84.5564466951524 81.0365375514854 78.5361335450674 76.6476845368743 75.2336525535759 73.8627428798114 72.5683322220164 71.4910473757807 70.5017259708222 69.424665361862 67.8321288565502 66.6542369274094 65.3621562123299 63.5911000962643
80.7067258134484 81.4435329165529 81.3742076053339 80.8959361060577 79.8222079627654 78.8288133644006 78.095520215876 78.2515585887081 79.5973588131806 82.7213812014636 87.9554031631526 94.9023602394497 101.575771980426 108.490555454703 114.573066988412 119.070098659571 122.07588006819 123.3275406571 122.812995847534 121.352409152424 118.737330170239 116.773889527601 114.781047470429 113.566809906679 113.296971208909 113.150781575371 113.78035532727 114.123941267238 114.574714709731 114.382651756792 113.947915939724 112.82018840313 111.027827091077 108.395199046415 105.091458275038 101.223701371866 96.303924788447 91.7679604344508 87.6980016284129 83.7835103470613 79.7492923085742 77.0145125108607 75.0563900006168 73.4260692640263 72.0579282128636 70.9043605700135 69.8265634722569 68.8526890808169 67.993844278595 66.9623010044589 65.5902655966142 64.660752820618 63.3269170183031 61.6557633083533
83.1903237577747 83.5034092213301 82.9281180991846 81.833175501841 80.7069144446184 79.4736736364224 78.6541809097809 78.4297663657104 79.4300001289915 82.0584067413036 86.1116181682138 91.888354580192 99.4635806539479 106.269940768971 112.370867173461 117.171159653103 120.679555107565 122.404397985514 122.356210603433 120.285585101913 117.895981395946 115.400878471487 112.872523139505 111.133540153503 110.227259018842 109.617332977407 110.051534568562 110.913118965486 111.718712070409 112.005353997735 111.680946637602 110.376739964766 108.280027217725 105.456756591797 101.959459886831 97.9927320515408 92.792457503431 88.4573139110032 84.0847148533691 79.380765099955 76.3146903059062 73.7962864904719 71.9318467282197 70.570774374201 69.2525356758167 68.3199994708685 67.6967257537386 67.0815349186168 66.6109156402595 65.4817778858192 64.7152981933425 63.6931322620196 62.4085844202953 60.8659569020657
85.1606741591412 84.8607766054132 83.9963081500986 82.7396922080832 81.6057429006871 80.3687232934377 79.4516105336301 79.0732944949585 79.7625304101145 81.7143707003664 84.8951486392933 89.500274114749 95.1792656209539 101.63798247716 108.251904277241 113.73249363198 117.406516134739 119.122629607425 118.665836951312 117.448811250574 115.353306181291 112.533465034821 110.222355463926 107.866288690006 106.68289866167 106.221080485512 106.426859575159 107.14593659429 107.886705714114 108.458508435418 108.065962651197 106.818601219093 104.786869932623 102.030152969501 98.7154011235518 94.4316929421004 88.9800439021167 84.8781505796839 80.4024560179781 76.7858740266632 73.6932110129034 71.1890742410632 69.2992884744616 68.0129459412659 66.9267302037162 66.4951350934365 66.3133871130207 66.1462930822197 65.6762207496692 65.3790212242919 65.0143266263254 63.9638717021136 62.6817160044961 61.3158728587715
86.5845901010668 85.9103108986336 84.8206201423617 83.6987899910001 82.4134272047702 81.3265777764951 80.4779885376201 80.007285692236 80.1406731316272 81.7105416190975 84.5526035989032 87.9536401988829 92.1735727664302 97.1817161160357 102.600254411207 107.504274540088 111.59356985548 114.316440364894 114.974845093839 114.100987111821 111.875359289786 108.974536362816 106.097604877809 104.105861186981 102.754954534418 101.919339460485 101.911636661081 102.521426397211 103.404784440994 103.843423233313 103.612169826732 102.59435259244 100.904070205548 98.4331115019672 95.365324780345 90.5840892870636 85.5935497288318 81.0905114990823 77.6098010434824 74.695923015037 71.5753908547408 69.2006926313043 67.4538462245289 66.3555334376938 65.6355483961456 65.54865968578 65.6986203158603 65.6568992295686 65.9714555858689 66.0302210941034 65.8614161010174 65.0661200714462 64.3724739450742 63.0981519835837
87.8427444231861 86.860862244578 85.7889368034461 84.6592704013866 83.4267861474963 82.3431754883598 81.3860263920882 80.7521497063777 80.5146328245892 81.3080864829176 83.5654287513565 86.5892239642494 89.906675166067 94.3120617927874 99.0881400231053 103.466612563414 107.078695293735 109.425805388128 109.810609624666 108.811080490842 106.404342588256 104.124141286401 101.676057261579 99.4887011822532 98.0929910575642 97.2595894196454 97.1146050937035 97.7014298439026 98.3648927352008 98.8613964003675 98.7969397551873 98.169092476368 96.797824652756 94.7978097962983 91.6497220905388 86.627932901549 82.2802877702257 78.9843718383242 75.7077578126508 72.6281227526419 69.7792955733397 67.347617323346 65.899612505208 65.0958415550344 64.4819901103482 64.7094063487123 65.4831201328951 66.1343542354948 66.969015912098 67.5104593752938 67.6654823365457 67.7237867191434 67.0290552846649 65.8741723934517
89.2370123503839 88.1709056128474 86.7203094591113 85.4273173861644 84.180719412425 82.8472803217523 81.9792172452983 81.0869760092567 80.4827713685877 80.8572793848374 82.0756494788562 84.36495118895 87.0803698879831 91.017118624028 95.1177335591877 99.0112405769965 102.108374602654 104.130239697064 104.290692446863 103.029209312271 101.267443916377 98.5205398727866 96.0129164071644 94.436405592105 93.4758839922793 92.7770044067327 92.6595673841589 92.8907945121036 93.3960026502609 93.8866978042266 94.1098431226085 93.8368762591306 92.9522131444777 90.9546265707296 86.3901235001052 83.3199455779703 80.608443351572 77.4656246392166 74.2662457337274 71.2694119434146 68.5036173988791 66.2622262217543 64.8146058662849 64.3624885196195 64.4020666401176 64.983553579625 66.1525887908304 67.5244809932568 68.9066134568523 69.8692309378701 70.5867338312023 70.8986309902633 70.2947324510006 69.1280005767065
90.7368124863681 89.2878599903163 87.6804627741084 86.1200786390725 84.736995549763 83.2350169174811 81.9398636239416 80.8127880990505 80.0874609824489 80.1684878100367 80.7300787497969 81.9309253166704 83.9756745284095 87.0901242669891 90.3740415029666 93.6017217416974 96.1377276988591 97.6241223128403 98.2879675872186 97.8042624417473 96.3509727172992 93.995442707749 91.5278156855527 89.2100458057488 87.4533738564043 87.6599046026959 88.176224706804 88.3580497310442 88.8363112070981 89.4875180738814 89.8283052681123 89.8684169435326 88.1985951662064 85.495024763486 83.6460727120147 81.7833851047737 79.3182152067037 76.3075936267919 73.2207471601227 70.2838811493095 67.6893513185136 65.6969826388008 64.5344498043551 64.1970355046146 64.6396977620966 65.7951594713856 67.4169077540145 69.3128336852088 71.1819636059158 72.8065558514174 73.7174598009271 74.349394707557 73.940481758293 73.0095381228363
91.2797598295352 89.722951322794 88.0441533625126 86.2950512696715 84.8251936926561 83.2756619979353 81.578303445788 80.2658144603757 79.3332134695614 78.9519984809791 79.1275346033713 79.4725596413893 80.8023462628617 82.9238346613505 85.5297539006261 87.9609022824203 90.1924523570958 91.7593483013265 92.5215853259844 92.4260172458256 91.4305108610321 89.6258273860987 87.6729427576065 85.7695625599693 84.1253378443858 82.9269618690014 82.3683621839565 82.6937858006533 83.2971830753719 83.8435206939192 83.8965436781154 83.6876138483777 83.5999011502546 82.9981043608311 82.0291849032921 80.5460782719447 78.2744579071946 75.4696293604725 72.4726684435326 69.5945883498472 67.0523758228211 65.1594338636188 64.2713789343834 64.0486969290411 64.9686602073557 66.5554186193382 68.6188988063265 71.0004377855974 73.5166614134522 75.5374954491854 76.7556108924396 77.6923281822134 77.8891217016122 77.1388223642374
91.9040838304688 90.181516875239 88.1181253264932 86.2003020819496 84.3543171321645 82.8365128005252 81.1110381098355 79.413285409703 78.196473389864 77.4624103272662 77.1638386179419 76.9893119124805 77.7805984476033 79.2673634606249 81.0752901952056 83.0725058921996 85.0169611038531 86.4250129785608 87.199231663171 87.4351639467127 86.7686219215393 85.4983322199653 84.1659125159769 82.7255054642172 81.3822392856374 80.2080338772605 79.4895513688817 79.2846706404406 79.5207703814787 79.9962300798472 80.4446222115965 81.0345441909397 81.3581296941813 81.1769184128326 80.5504383705556 79.2778297204743 77.1913611192037 74.5488632279722 71.7545517459512 68.922916704241 66.376080777277 64.6612410150907 63.9640237163095 63.9979156176834 64.9811446193387 66.8474293298581 69.3088583911166 72.1345382665887 75.1744736766114 77.7042013928294 79.3690794013879 80.7656588142409 81.4691557099714 80.9743477743776
91.7550689823487 90.2155406229636 88.3923382338356 86.3679762447582 84.3667575331295 82.470508610501 80.5860802671489 78.5272513347514 76.7596111998838 75.7149769751465 74.8109319122399 74.5880894415519 74.9104638678186 75.7506963540526 77.103297468494 78.8163804192753 80.4865549923304 81.9189939218409 82.9165917003856 83.3245227757622 83.1170907301061 82.4450642080868 81.5034518802867 80.2021892912248 79.0470296354855 78.147042723263 77.5869897043004 77.3166263524224 77.3506661302903 77.6793876886368 78.1637864288162 78.730737637071 79.1277798344107 79.1678372551413 78.8409830987015 77.7681304672185 76.0401104614139 73.697476073223 70.9853157563245 68.2259103769765 65.7815413996577 64.1494150521124 63.4127773817848 63.5252326840863 64.5499063467278 66.5010453602847 69.2595217078924 72.4690532973584 75.9087365256513 78.9854954844889 81.3386791550061 83.1797814956483 84.3752515995327 84.6082500598448
91.8962088788257 89.8443334418185 88.3558820626315 86.6638177072301 84.5937134939082 82.4809211492538 80.2288501402911 77.821660806151 75.7241191758829 73.616406332044 72.7105193909477 72.2434617000468 72.3340716677554 72.8807024938219 73.9668702640954 75.369342317476 76.948986193713 78.5313327172223 79.6308117193334 80.4169160338009 80.4273697067709 80.1770930430468 79.6287415869096 78.7944843488581 77.8043642745298 76.9550616250319 76.2562780029633 75.7877465486526 75.5382549482233 75.6045875338947 75.880395500099 76.4290954681004 76.8516958461088 77.0206644394818 76.8774435561808 76.1540285642533 74.7058183154201 72.6620571937631 70.0781772244064 67.4632934038253 65.2647948102916 63.5650094830815 62.6532861796372 62.7798352342318 63.7606077137239 65.628017613993 68.4497958404176 71.863522640046 75.7392981679124 79.3102702125907 82.2707313343006 84.6770114933743 86.5036324253854 87.2386912133764
