PREC/medie/CUMULATA_MEDIA_11.asc
NCOLS 177 
NROWS 174 
XLLCORNER 1436301.375 
YLLCORNER 4916704.5 
CELLSIZE 1500 
NODATA_value -9999 
[rows 24 to 47 of 174, columns 54 to 107 of 177]
-9999 -9999 116.821254253387 124.607184185701 131.869944712695 137.001750917996 138.516159674701 135.064847918118 126.645568258622 114.382927726297 99.9858717217165 85.3843634970048 72.290509111741 -9999 -9999 -9999 -9999 -9999 -9999 -9999 -9999 -9999 -9999 -9999 -9999 -9999 -9999 -9999 -9999 -9999 -9999 -9999 -9999 -9999 -9999 -9999 -9999 -9999 -9999 -9999 -9999 -9999 -9999 -9999 -9999 -9999 -9999 -9999 90.7059151705574 100.227590210298 109.639447703081 118.172762239681 125.802135004717 131.323760060703
-9999 -9999 -9999 129.513057792888 136.989085197449 142.394470551435 143.990419107325 140.759577442618 132.697981329525 120.923067387413 107.007655873018 92.8270296769984 79.7614625902737 -9999 -9999 -9999 -9999 -9999 -9999 -9999 -9999 -9999 -9999 -9999 -9999 -9999 -9999 -9999 -9999 -9999 -9999 -9999 -9999 -9999 -9999 -9999 -9999 -9999 -9999 -9999 -9999 -9999 -9999 -9999 -9999 -9999 -9999 -9999 87.7519557055305 96.5575838229235 105.014321046717 112.657831402386 119.029528449563 122.125527339823
-9999 -9999 -9999 132.29115264556 140.61908139902 146.448371087804 148.218617902083 145.236146590289 137.307835003909 126.247816744973 113.514452864142 100.367862939835 88.319959303912 -9999 -9999 -9999 -9999 -9999 -9999 -9999 -9999 -9999 -9999 -9999 -9999 -9999 -9999 -9999 -9999 -9999 -9999 -9999 -9999 -9999 -9999 -9999 -9999 -9999 -9999 -9999 -9999 -9999 -9999 -9999 -9999 -9999 72.0924944877625 77.6231136602514 84.3897781091578 91.9013628258425 98.7554602622986 105.531607319327 111.236615938299 115.805957696017
-9999 -9999 -9999 133.679034106872 142.413526380763 148.423711117576 150.44070670184 148.017401625128 141.148001698887 131.467183014926 120.069125589202 108.328784227371 96.9673536525053 86.8184116938535 -9999 -9999 -9999 -9999 -9999 -9999 -9999 -9999 -9999 -9999 -9999 -9999 -9999 -9999 -9999 -9999 -9999 -9999 -9999 118.113971457762 116.659625530243 113.118384277119 107.761741049149 100.999157232397 94.0106687545776 -9999 -9999 -9999 -9999 -9999 -9999 -9999 71.5474209504969 75.7812803212334 81.3713624757879 88.0996935087092 94.5870608161478 100.906764381072 106.197820130517 110.449519283631
-9999 -9999 -9999 131.36465919719 141.492438442567 148.907782961341 151.672801200081 150.037661713712 144.476462209926 136.157600718386 125.448949722683 114.280914194444 104.721692449906 96.5854994549471 90.4348454755895 -9999 -9999 -9999 -9999 -9999 -9999 -9999 -9999 -9999 -9999 -9999 -9999 -9999 -9999 -9999 -9999 135.423424412222 137.300628101124 137.239640684689 134.968644394594 130.401936727412 123.741080789005 115.415523529053 105.421886977027 95.9033263991861 -9999 -9999 -9999 -9999 -9999 69.7691381538615 71.985421110602 75.6884811205022 80.6923851826612 86.7826652807348 93.4902449776145 99.8216068043428 105.186272312613 109.26765088474
-9999 -9999 -9999 -9999 137.72699349768 145.58521871707 148.952343043159 148.328673299621 144.149009459159 137.360491233713 129.414557085318 120.708392171299 113.036637460484 107.029927800683 102.134142195477 98.5796181314132 -9999 -9999 -9999 -9999 -9999 -9999 -9999 -9999 -9999 -9999 124.116325210122 130.904290956609 137.888601611642 145.34887120303 151.926614424762 155.840084693011 157.873673018287 157.638777676751 154.697812501122 148.841712615069 140.394235049977 129.949983512654 118.161763135125 105.593024015427 -9999 -9999 -9999 -9999 -9999 71.1274771129384 73.1915457248688 76.9274200130911 82.1789370985592 88.5801171555239 95.1806376681608 101.466316503637 107.240463915993 111.17691209737
-9999 -9999 -9999 -9999 133.658378523939 141.350599541384 145.585383878035 146.071830756524 143.367105049246 138.640602469444 132.588210866732 126.348188596613 120.800240586786 116.592479951241 112.941398697741 110.300988926607 -9999 -9999 -9999 -9999 -9999 -9999 -9999 -9999 -9999 131.417968132917 138.767812560586 146.502308508929 154.762171240414 162.672410235685 170.293051046484 174.755954489988 177.178466768826 177.066440694472 173.799568484811 166.901629616232 156.756479740143 144.251711705152 130.100280481226 115.527372682796 -9999 -9999 -9999 -9999 -9999 73.1025556255789 75.3392674361958 79.7538700664745 85.5301070353564 92.2743833345525 99.126053277184 105.729028617634 111.058529853821 115.181894947501
-9999 -9999 -9999 118.872142700588 128.919131839977 136.886556814699 141.962614606409 143.558663694298 142.275052347604 139.102577283102 134.900227816666 130.629062151208 126.88825882533 124.234472569297 121.789840705255 120.110512719435 118.562078363755 -9999 -9999 -9999 -9999 -9999 -9999 -9999 -9999 142.460512133206 150.204837911269 158.45156434003 167.801502957064 176.836495455574 184.491052262923 189.5561950347 192.548864280476 192.932097098407 189.751564278322 182.295264917261 171.043373220107 156.694804079392 140.486232028288 124.009160546695 107.812426258536 -9999 -9999 -9999 -9999 -9999 78.7055398997139 83.7581762706532 90.2827748551088 97.5074071463417 105.033796618966 111.825413900263 117.180383640177 120.612435901866
-9999 -9999 -9999 114.371423886103 124.273783809998 132.455639586729 137.831385233823 140.271782471853 139.950012515573 138.105454536045 135.370727812543 132.897736626513 131.055983059547 129.428914161289 128.108537326841 126.993245917208 126.604146256166 126.158956962473 125.850080181571 -9999 -9999 -9999 -9999 -9999 -9999 149.666844227735 157.212358110091 166.073892565335 175.78109553281 184.945095258601 192.050933361053 198.446382522583 202.099170207977 203.132564039791 200.289703200845 192.837273176979 180.950402315925 165.44571127611 147.896674773272 130.024546314688 113.084391664056 -9999 -9999 -9999 -9999 -9999 82.8602296885322 88.6670093255885 95.874076422523 103.842504024506 111.753295617945 118.96943416315 124.325988937827 127.458940099267
-9999 -9999 101.878353830646 111.915340788224 121.035930521348 128.947855956414 134.362757163889 137.036216216929 137.44749415622 136.385499735089 134.92597356088 133.796508245608 132.80343179843 132.175577440683 131.716688825804 131.587701331167 131.48903412328 131.969634925618 132.437021087198 133.022488103193 134.079343318939 135.645044495078 138.706931647132 142.939377953024 147.680325872758 153.239778757095 160.040338768679 168.775956560584 178.05170247134 187.244431888356 194.322842626011 200.567067623138 205.047328892876 206.477455615997 203.827158423031 196.832309133866 185.047242725597 169.266559011796 151.435667486752 133.034215352115 115.845676969079 -9999 -9999 -9999 -9999 -9999 -9999 93.9588926539702 101.858150313882 110.44955796354 119.021203405717 126.475547271616 131.867450461668 134.694528579712
-9999 -9999 101.851226238643 111.43284259123 119.817438206252 127.088796464836 132.055928493247 134.733748369357 135.313455506283 134.946370566592 134.30919559037 133.727316158659 133.431916440234 133.209249315893 133.321808131302 133.597485573853 133.987706819001 134.635251609718 135.959643321879 137.238591236227 138.551814051235 139.836538749583 141.948417663574 145.263306617737 149.057195453083 153.619847662309 159.446643941543 167.669264428756 176.242123463575 185.053125605864 191.823545820573 197.39637745128 201.485121418448 203.188944115358 200.660342412836 194.013518389534 182.712757250842 167.660607281853 150.590120525921 132.865064649021 116.181119091371 102.254544244093 90.913743874606 -9999 -9999 -9999 -9999 -9999 107.635202828576 116.847861261929 125.818328520831 133.703025130665 139.090150202022 141.552271183799
-9999 95.6308451785761 104.274216161055 113.159816959325 121.098581331618 127.613044959657 131.866953357178 134.055574751952 134.481025616912 134.31507831286 134.08316145399 133.949453892077 133.62084852422 133.386856517371 133.527350315276 133.816177292782 134.307836269631 135.222157839467 136.591118970338 138.354326774092 140.067312787561 141.20739403893 142.420108248206 144.60378173169 147.930921484442 151.698886394501 156.768865318859 163.864780397976 172.056277331184 179.578897574369 186.516181328717 191.359092011171 194.330729091869 194.696351780611 192.16575921283 185.674644147649 175.203619802699 161.479084547828 145.880090306787 129.984005984138 115.053097584668 101.934169068056 92.097971944248 88.2000686982099 -9999 -9999 -9999 -9999 -9999 122.332012372858 131.681800197153 139.59424811251 145.265674633138 148.028912375955
-9999 100.860004782677 109.251069945448 117.533352332957 124.515289969304 130.165607191184 133.655110935954 135.45154863596 135.834442543633 135.630158035194 135.181898702593 134.669661313295 134.106430078254 133.609219998121 133.167378793744 133.022133630865 133.278575795538 134.23644637185 135.685211935464 137.557884021717 139.400172205532 140.556350536206 141.464847066823 142.605639776763 145.210561037064 148.503309516346 153.111141092637 158.752432837206 166.400571177988 173.594315570944 180.236989526188 183.796339876512 185.574061618132 185.332878799999 182.047467638465 175.482651878806 165.655148001278 153.651054704891 139.808355275322 125.898156488643 112.558548240101 101.163900010726 93.1076611981672 90.1960838261773 -9999 -9999 -9999 -9999 116.776688295252 126.345507733962 135.545259279363 143.575272321701 149.519719614702 152.681297414443
-9999 108.461980644394 116.330792784691 124.08299772529 130.104300225482 134.776873032836 137.608030063265 138.750346124172 139.082156703753 138.78234889928 137.955788484391 136.943005358472 135.665683686733 134.207730714013 133.045959889889 132.042986533221 131.734595447779 132.330180874642 133.661310302861 135.567677378654 137.51136323459 138.837637345581 139.554236254271 140.171295653371 141.650252798024 144.911928755396 148.863649389323 154.001641441794 160.858416599386 167.705906138701 173.642913131153 176.84767873147 177.674625046113 176.245514701394 172.389921861536 165.584477382548 156.648662749459 145.496896954144 133.322075114531 121.143387163387 109.943372165456 100.14518094764 94.1449619531631 92.7072648160598 -9999 -9999 -9999 112.310848881217 120.649450344198 129.499760866165 138.250416124568 145.895234107971 152.26070859853 155.634484094732
111.032978552229 118.117617463364 125.624334458043 132.414059975568 137.579991403748 141.46101650245 143.452519688536 144.301535269793 144.36367602734 144.113998988095 143.236893338316 141.587571599904 139.396239124677 136.680959582329 134.122610712753 131.972350320395 130.774532889619 130.655936527778 131.477266564089 133.131281091886 134.958020233056 136.424109630725 137.239973501248 137.886602967978 138.822689508691 141.870037734509 145.318913473802 150.066624122507 155.820327997208 162.285390538328 167.684023240033 171.324100241942 171.202541828156 168.741194093929 164.181340946871 157.0489441507 148.510758736554 138.218618827708 127.383159974042 117.092787153581 107.403763315257 100.369351148605 95.8060584068298 95.7249877242481 98.5270174040514 103.370155853384 109.274361077477 116.194857702536 123.975992244833 132.162748350817 140.278053311741 147.769006364486 153.074826352737 156.750719112508
122.510521482019 129.413436973796 136.161192943068 141.678577205714 146.321048834745 149.107341310557 150.448772467235 150.876814524917 150.927976389142 150.610981785199 149.895146199886 148.104891275658 144.778473505202 140.891021327061 137.068806881414 133.588955855545 131.210721157053 130.063940747696 130.26017405268 131.514743705006 132.905997421812 134.215732267674 135.210344382945 136.051134933444 137.182464573313 139.280355271171 143.292086601257 147.60937742626 152.230635678067 157.796439500416 162.177367098191 165.453158140182 164.703715394525 162.63000384499 157.455227473203 150.45997895914 141.495018201716 132.041267086478 122.974723633598 113.512553158928 106.786746382713 101.543176012881 98.895527082331 99.5263006967657 103.002719219993 107.676086860545 113.364549840198 119.76440986465 126.649001591346 133.705609090188 140.834979625309 147.741860747337 153.147007626646 155.906690113685
134.826850933187 141.192379236221 147.020594603875 151.498749729465 154.993508626433 156.860171829953 157.530080507783 157.702605058165 157.890006843735 157.980763686054 157.375766410547 155.374792698552 151.426015738179 146.777844961075 141.66960523409 136.794783847297 132.98149760681 130.717071101069 130.024532664348 130.656239565681 131.836809018079 133.131473530741 134.081120888976 135.014800860601 136.397841572762 138.498488654109 142.174837624325 146.646819002488 150.880070300663 155.542690943269 159.049702637336 160.861747776761 159.804666519165 156.938881046632 151.574093061335 144.207428848042 136.050261371276 127.633571919273 119.727636281182 112.167909397798 107.294022497009 104.381339248489 103.252980484682 104.231867656988 107.804266649134 112.749616391519 118.312979137196 124.142268089687 129.933545778779 135.561931210406 141.263623840669 146.719925354509 151.393786325174 154.57230552505
147.031662415056 152.367446899414 156.748122253839 160.375878151725 162.696284472942 163.701995909214 163.954443756272 164.082055270672 164.513392998892 164.979704101296 164.631514233701 162.727852053502 158.673313030425 153.475479494999 147.202743646853 141.118033211021 136.120486716137 132.991536870599 131.383577032124 131.229022008531 131.898096063558 133.017810993335 134.101670578999 135.193036479108 136.61967592029 138.480979169116 141.742365546086 146.294156018425 150.257640712401 154.121479946024 157.225164231132 158.313000700053 157.094670688405 153.252585200702 147.742578211953 140.566069154178 132.881325609544 125.744247702991 119.364596983966 114.088842588312 109.747938492719 108.132915980676 108.389028240653 110.183875995524 113.744462882771 119.081872645546 124.605632985339 129.815119974753 134.374479609377 138.571101981051 142.275491209591 145.909600706661 149.090603078113 152.064308664378
157.549065681065 161.713866177727 165.092656896395 167.476813929922 168.80376156288 169.092742309851 168.954911708832 169.215751269284 169.883141408948 170.484586701674 170.550051170237 168.966109657989 165.217870589565 159.902119770646 153.298228664433 146.395305751001 140.726513301625 136.715690277955 134.197287276387 133.310985398643 133.440261683043 134.309676182621 135.342744247002 136.452357435928 137.884155049044 139.714761874255 142.434473444434 146.659525282243 150.223519163973 153.77745382926 156.25468183265 157.129239461001 155.771469046088 151.635397027521 146.163476523231 140.009158877765 133.390685951009 126.861798623029 121.210334160749 117.103136623607 114.673731621574 114.169520518359 115.279115059796 117.559613508337 121.03315375833 126.452568292618 132.067049229846 136.67986320748 140.003747084562 142.443298823693 144.265515643008 145.92199697214 147.689880167737 149.837327823919
166.477259790196 169.088571520413 170.990686655045 171.946234713582 172.103497498176 171.691571593285 171.348012349185 171.578391523922 172.554272185354 173.839983827928 174.351885977913 173.179170299979 170.226055452052 165.221743121743 158.834382103647 152.240173602805 146.324799535029 141.577797026319 138.527490792029 136.95529236513 136.588496294968 137.006396464565 137.839318399044 138.898612285362 139.997011267087 141.75193672671 144.015297609217 148.01681285746 151.289825691896 154.618160296889 157.203736410421 158.115198338733 156.708287687863 152.760607607224 148.042927699931 141.752762303633 135.638123694588 129.734434113783 125.057024044149 121.837191146963 120.58585245469 121.10856719578 123.637157804826 127.051799002816 130.403336076175 135.569433443687 140.329911919201 144.345008261064 146.565820820191 147.416746679474 147.346295798526 147.229857514886 147.603859992588 148.7928916847
172.871563287342 173.909718716846 174.157702263664 173.562750101089 172.606291623677 171.572180236087 171.120186346419 171.44022329064 172.634614660459 174.16283469691 175.142785054796 174.806294765543 173.013070434332 169.121533061652 163.900188575773 158.077340387246 152.404342619812 147.677250888418 144.268613441902 142.198129823103 141.189232146915 140.943046500578 141.389464253888 142.320129107027 143.386388662983 144.982773247887 147.282477133414 150.830857333015 154.386833247016 157.932039176717 160.481464000309 161.797361906837 160.492922544479 156.919594343971 152.489178769729 146.656811055015 140.626026013318 135.248112860848 131.35619150891 129.126012044794 128.551580232732 129.77796516699 133.104430689531 137.032298999674 141.555188193041 146.02716813368 150.336293711382 152.635326855323 153.656178102774 152.985185209443 151.312370124985 149.695762907757 148.726532592493 148.795847254641
176.126168040668 175.605153785032 174.216056395979 172.489608266774 170.836210110608 169.535528424908 168.804560577168 169.21126941723 170.598291979117 172.5086333366 173.989462447517 174.722708796754 174.246253907681 172.194166395594 168.508859353907 163.803704796469 159.086435266277 154.715267817764 151.24344562783 148.848901227993 147.323250298991 146.871816826217 147.223608181757 147.691335723681 148.284197509289 149.911559718497 152.488124146181 155.668670731432 160.155351617757 163.853198086514 166.826725377756 168.73975204019 168.09131806037 165.947032535777 160.842453535865 154.740795121473 148.649247660356 143.642575979233 140.001634808148 138.004886318656 137.857086518232 139.562378644943 143.061440341613 147.619024823694 152.708511492785 156.301594495773 160.26889405531 161.696446257479 161.016182086047 158.803339067627 155.820068134981 152.72693651564 150.511993513388 149.657510168412
176.384042396265 174.491991947679 171.750962285434 169.335667911698 167.232705817503 165.842270563631 165.323846606647 165.804356553975 167.241663859171 169.490685375298 171.496243843261 173.649491825525 175.087357140639 174.861341103035 173.153528124094 170.292062922436 166.714718743282 163.037942039616 160.020706565941 158.464047658093 157.611904959468 156.361070787205 155.726759859744 155.389894457424 156.119957703001 157.325176207458 159.731873589403 163.118470844101 166.962784697028 172.661622384015 176.810625426909 179.102913022041 179.96877673093 178.198740131715 173.167034226305 166.727112370379 160.325418135699 154.422545881832 150.353649560143 148.51123362429 148.58682531469 150.151547922808 153.676141107784 158.786430106444 163.242341911092 166.237148537355 169.662279549767 170.478005339118 168.558947037248 164.923339955947 160.730925672195 156.367998999708 153.301222766147 151.450256740346
174.50303199712 170.938415983144 167.244998791639 164.308520569521 162.084430301891 160.907578349113 160.707930880434 161.664001282524 163.673546177499 166.337313103325 169.741259548594 173.459219075301 176.833340408171 178.743740856647 179.121375758858 178.053360162412 177.088596764733 176.647479567458 174.743944066412 172.421696310534 170.354145060567 168.095960771336 166.429590621415 165.138227175264 164.799523974166 165.795473228483 168.410519252805 171.833141649471 176.283214891658 182.614278014968 188.309487560216 193.351494606803 194.783135848887 193.372877142009 188.335911743781 180.665218234062 173.217865403961 166.500016997842 161.304503574091 159.253489403164 159.400460958481 161.390173154719 164.534570062862 169.330908144222 173.354015083874 175.786415422664 178.232103235581 178.291136369986 175.692768608823 170.869911277995 165.513070436085 160.410359985688 156.226874358514 153.408958063406
