PREC/medie/CUMULATA_MEDIA_03.asc
NCOLS 177 
NROWS 174 
XLLCORNER 1436301.375 
YLLCORNER 4916704.5 
CELLSIZE 1500 
NODATA_value -9999 
[rows 100 to 119 of 174, columns 46 to 91 of 177]
86.6300434505238 86.641853725209 86.6613851996029 86.6502313052907 85.9644911148969 85.2771904889275 84.58742722343 83.7211368504693 82.7959795839646 81.8548317236059 80.6661122265984 79.1950217134812 77.6989663348478 76.2248038684621 74.8850664531483 73.547445269192 72.2116256882163 71.6039638238795 71.095996576197 70.6112561506384 70.5062709135168 70.6558119829963 70.7793696627897 71.0066198040457 71.4721014499664 71.93610700439 72.4046981334686 73.1772830416174 73.9603367412791 74.7608813643456 75.2358638959772 75.591239040827 75.9582700028139 76.1122663397999 75.991159227841 75.8926912861712 75.7276678576189 75.1271588030983 74.5318922856275 73.9420870472403 73.2742176336401 72.5890784123365 71.8966205961564 71.4221959114075 71.1171297466054 70.8111972528345
86.1921188130098 86.2843727504506 86.3858177241157 86.4614100175745 85.9222439878127 85.3819616261651 84.839844900019 83.9276672812069 82.8930770088645 81.8400652548846 80.4402622054605 78.6402374435874 76.8175482469447 75.0690179151647 73.7049320725834 72.3443597905776 70.9868719437543 70.4377367356244 70.0026960372925 69.5893965889426 69.4712485986597 69.555332997266 69.6166431903839 69.8027038714465 70.2830912085141 70.7637723193449 71.2478233926437 72.0459671230877 72.8504562483114 73.6658222429893 74.2529466204784 74.753582330311 75.2674401630373 75.5863747224212 75.6443783132469 75.7260470793528 75.7385591373724 75.2598952405593 74.7908925238778 74.3320434233722 73.56586654046 72.7388773385216 71.9023746322183 71.3525917109321 71.0352676615995 70.713677518508
85.7546920495875 85.9292978118448 86.1125487439773 86.2736614451689 85.8800286405227 85.4857070866753 85.0901776482077 84.1323819721446 82.987434387207 81.821835602031 80.211657075321 78.0820502673878 75.9328882273506 73.9079165739172 72.5197056321537 71.1377688295701 69.7615196564618 69.2729341002072 68.9133796411402 68.5726346689112 68.4440294434042 68.4638914500966 68.4639093735639 68.6087913232691 69.1050734239466 69.6016935881446 70.0994251195122 70.921412860646 71.7470552781049 72.5791977784213 73.2783524113543 73.9260076599963 74.5855092984789 75.0675902585773 75.3034369020778 75.5639065819628 75.753730283064 75.3955643177032 75.052785487736 74.7267078792348 73.869798562106 72.9024524408228 71.9206335965325 71.2912328663994 70.9602332956651 70.619129152859
85.3178991710438 85.5771589279175 85.842092962826 86.0872981688556 85.8379626274109 85.5883655267603 85.3382014106302 84.3349162270041 83.0785846429713 81.7996185246636 79.9797431160422 77.5199031268849 75.044509158415 72.7411341947668 71.3291330057032 69.9275272593779 68.535527453703 68.1094843079062 67.8278841411366 67.5606556780198 67.4240917878992 67.3807035614462 67.3200975305894 67.4234764856451 67.9362593398375 68.4479950736551 68.9591122655307 69.8020346164703 70.6484164700789 71.4985872436972 72.3088647477767 73.1045266284662 73.9085699670455 74.5521699049894 74.9648139169988 75.4030503087184 75.7703323995366 75.5317525548093 75.3148552670198 75.1248030802783 74.192940641852 73.0974803531871 71.9835214614868 71.2807345109827 70.9374797764946 70.5740326713113
85.0224317662856 85.3378444278941 85.6559138578527 85.9540969063254 85.7655940616832 85.5768483105828 85.3876946954166 84.2390262940351 82.7639532650218 81.263379461625 79.2454942254459 76.6092896741979 73.9627614862779 71.5318167910856 70.2336838105146 68.9514601931852 67.6844085525064 67.3300635113436 67.1166271321914 66.9130203583661 66.797146208146 66.7456121725195 66.6803099688362 66.772398780374 67.2676382485558 67.7600410265081 68.2505577732535 69.1482510566711 70.0518129713395 70.9570591870476 71.8708847550785 72.7899240605971 73.7134381883285 74.5085769646308 75.1126456155497 75.7435583542375 76.312124290887 76.278372259701 76.2740493942709 76.3037501924178 75.3863677417531 74.2472761939554 73.0832211831037 72.2541590297923 71.7309893439798 71.1812877655029
84.765257582945 85.1288797715131 85.4922127162709 85.8349476421581 85.6851339059718 85.5353666193345 85.3856320661657 84.0678694388446 82.3484229200027 80.6018666940577 78.3906952353085 75.6170204667484 72.837973875158 70.3140342656304 69.1613570662106 68.0274245879229 66.9115386850694 66.6280835376066 66.4774667515474 66.3326110278859 66.2397979568033 66.1858667485854 66.1205194978153 66.2014917485854 66.6692654946271 67.1332094669342 67.5946557802312 68.5459604964537 69.5066575863782 70.4671034111696 71.4792044863981 72.5161760624717 73.5556692656349 74.4991052290973 75.2940880761427 76.1152530768338 76.8818636501537 77.0505492897595 77.2509224134333 77.4888932845172 76.5843440785128 75.3951100461623 74.1775354217081 73.2214746755712 72.5146103466258 71.7791162098155
84.5058145803564 84.9180990387412 85.3271540753982 85.7149142658009 85.6042406418744 85.4929879973917 85.3807853810927 83.8935319395626 81.9282691618975 79.936789596782 77.5326690673828 74.6225226065692 71.7177573372336 69.106816740597 68.1076157233294 67.1234699417563 66.1540799701915 65.9377665800207 65.8461546617396 65.7586468528299 65.6882044287289 65.6305387721342 65.5630037363838 65.6310645552243 66.0692703303169 66.5040157823002 66.9364315762239 67.9401008101071 68.9593120743247 69.9789796857273 71.0922789854162 72.2511783487656 73.4146744223202 74.5129184652777 75.5063990003922 76.5210416106617 77.4870996054481 77.8597738602582 78.2590331049526 78.6907948325662 77.790398794062 76.5386914926417 75.2619681919322 74.1763742671293 73.2806646683637 72.3607565655428
84.2232698833241 84.6773380952723 85.1251978593714 85.5489186118631 85.4131567618426 85.2756028175354 85.1354276713203 83.4518885331995 81.2255671725554 78.9736179183511 76.4372772328994 73.549742081586 70.6805995772867 68.1182178048526 67.2625140582814 66.4181424589718 65.5850551268634 65.4206697520088 65.3707784484415 65.3229948492611 65.2896400619956 65.2681656725266 65.2393023827497 65.338802281548 65.7985698195065 66.2565435802235 66.7137393109939 67.8149653743295 68.9400707693661 70.0676644970389 71.2995240688324 72.5834545387941 73.8741900219637 75.0666209108689 76.0919037005481 77.1285290157094 78.1143214281868 78.4737443362965 78.8482668119318 79.2431848750395 78.4195064937367 77.2601557338939 76.0841165710898 75.0302975318011 74.1023098440731 73.1594465760624
83.9127938326667 84.400485235102 84.8790594830233 85.3285306481754 85.092135850121 84.8533420562744 84.6109320977155 82.7024432070115 80.2010784710155 77.6749925893896 75.0764788459329 72.3893390823813 69.7311423245598 67.3621644132278 66.6356985148262 65.9170030706069 65.2061833774342 65.0751081354478 65.0467354269589 65.0187722654904 65.0323399936452 65.0799350458033 65.1216505275053 65.2855392343858 65.8035493177526 66.3201237566331 66.8360969880048 68.0595815882963 69.3148352118099 70.5733157326193 71.9231057026807 73.3202114806456 74.7262672817006 75.9638678887311 76.9070040758918 77.8567096065073 78.7574000639074 78.9861342486213 79.2252742262448 79.4792040656595 78.7735114097595 77.7882151323206 76.7898257760441 75.8403270665337 74.9417747329263 74.0326047785142
83.5983658678391 84.118400405435 84.6287057259504 85.1064513991861 84.7715905694401 84.432097827687 84.0853762626648 81.9507398885839 79.1730893639957 76.379867104923 73.7230806350708 71.2432245366714 68.7935150931863 66.6137716629926 66.0116813884062 65.4151269688326 64.8242965586045 64.7252225875854 64.7164554595947 64.7078125056099 64.7672322497648 64.8833586748909 64.9954968059764 65.2238487075357 65.8000173849218 66.3750954235301 66.9497598479776 68.2943671170403 69.679474325741 71.0682218495537 72.5356023732354 74.0451844720279 75.5618952582864 76.8433877720552 77.6996350849376 78.5595362326678 79.3736177893246 79.4693277583403 79.5711229829227 79.6824212635265 79.0870016041924 78.2748943777645 77.457065077389 76.6180588497835 75.7518203679253 74.8790581366595
83.1399748185102 83.6862030870774 84.222343304578 84.7235768823063 84.3097946503583 83.8891157542958 83.4573855119593 81.1156288034776 78.0800344803754 75.0408385781681 72.344753854415 70.095208308276 67.8759100577411 65.9058573947233 65.4310807340285 64.9601956816281 64.4934029018178 64.4289933372946 64.4412262860466 64.4536647796631 64.5636827805463 64.7569300707649 64.9486365318298 65.2556258369895 65.918609086205 66.5825916458579 67.2481937127955 68.6982975006104 70.19461665434 71.69358253479 73.2290125454173 74.7820519840016 76.3355993383071 77.6052128567415 78.3487338739283 79.0917214786305 79.7941654710209 79.783383509692 79.7764679684359 79.7754395709318 79.2586102766149 78.5735091882594 77.887630294351 77.1422116896685 76.3256494578193 75.5078503103817
81.629530654234 82.1702791662777 82.7009617581087 83.2006020545959 82.8586162398843 82.5071195995106 82.1402373313904 79.7296133041382 76.5684144637164 73.4149063334745 70.8081865030177 68.9208570087657 67.0628002671634 65.4176487642176 65.0853044005001 64.7550092584947 64.4268963196698 64.3995781505809 64.4316043573267 64.463834734524 64.6374014966628 64.9338576933917 65.2306897499982 65.657705671647 66.5002853730146 67.3441925048828 68.1899198924794 69.6719382510466 71.1969220778521 72.7249545490041 74.1678190511816 75.560543088352 76.9516328923843 78.0654865152696 78.6456806519452 79.2227281402139 79.7709274852977 79.7296575377969 79.688368657056 79.6472225189209 79.1681306782891 78.539105611689 77.9170331954956 77.2511521227219 76.5305153061362 75.8125115562888
80.1200512717752 80.6558115903069 81.1802076732411 81.6765377942254 81.404837327845 81.1221514870139 80.8215568486382 78.3445182127111 75.0591745096094 71.7924247909995 69.2729969866135 67.7487665905672 66.2506488070768 64.9302004084868 64.7384007678312 64.5476999282837 64.358194547541 64.3690785520217 64.4209278331083 64.473207950592 64.7096396614523 65.109531991622 65.5104446972118 66.0553280325497 67.0762264027315 68.098918241613 69.1237366900724 70.6388348130619 72.1911152951858 73.7459223410662 75.0969180219314 76.3270011789658 77.5545453464284 78.5115170478821 78.927217315225 79.3387997290667 79.7313462706173 79.6607436011819 79.5886234115152 79.5143587168525 79.0782247992123 78.5118738342734 77.9537164183224 77.3667617685655 76.7421452297884 76.1220763430876
78.6117342780618 79.1430876675774 79.6602078886593 80.1512313730576 79.9480502465192 79.7337454347049 79.5011392761679 76.9603727004107 73.5525330655715 70.1737172182869 67.7395828471464 66.579368983998 65.4397561129402 64.4436471041511 64.3904011109296 64.3382487858043 64.2872968842001 64.3375057332656 64.4092208918403 64.4818094197442 64.7804125898025 65.2839516190922 65.7880421245799 66.4488165238324 67.6470055580139 68.8476044710945 70.0507745181813 71.6004636147443 73.1791845489951 74.7592892366297 76.0200478329378 77.0862203205333 78.1498615040499 78.949652223026 79.2005749870749 79.4474032065448 79.6828258738798 79.5839037895203 79.4830879604115 79.3795290834763 78.9874089745914 78.4847600600299 77.9869294166565 77.4731207735398 76.9379672443166 76.4069995599635
75.7555124058443 75.9065998301786 76.0389518176808 76.1505762549008 75.8590762194465 75.5548040165621 75.2302009358126 73.3321886623607 70.8428972749149 68.400180423961 66.6790138132432 65.9362934897928 65.2093136170331 64.5763498755062 64.5714210341959 64.5667767244227 64.5624352342942 64.664205158458 64.7899175812216 64.9174542707555 65.2934874646804 65.8995034834918 66.5056783451754 67.2489927796756 68.4787058269276 69.7092659052681 70.9405567786273 72.4039490924162 73.8867252013263 75.3676216462079 76.5371435389799 77.5124167554519 78.4864359462962 79.2054692997652 79.3711940540987 79.5343397925882 79.6914286332972 79.5537126765532 79.4135477122139 79.269616800196 78.8684530538671 78.3636008150437 77.8616133858176 77.3581070619471 76.8530110190896 76.3532622281243
72.5324738446404 72.2042838825899 71.8557859308579 71.4949392430923 71.0827830819523 70.657421392553 70.2107721777523 69.139240433188 67.8354197389939 66.5864829736597 65.7311221852022 65.4140272701488 65.1085872650146 64.8465315594393 64.8668286940631 64.8874165871564 64.908311142641 65.0612999130698 65.2448859775768 65.4305934906006 65.8829803186304 66.5876649407779 67.2920483140384 68.1103344524608 69.3476872724645 70.5862786910113 71.8259008351494 73.1906362982357 74.5658994842978 75.9384575731614 77.0199420311872 77.9137218419243 78.8063861903022 79.4516207470613 79.5378108585582 79.621450844933 79.7020050778109 79.5249385272755 79.3451645795037 79.1610201667337 78.7504151849186 78.2438598520615 77.739136948305 77.2466763889088 76.7732093193952 76.3055040415596
69.2941978678984 68.485099624185 67.6632854237276 66.8407193913179 66.319639823016 65.7824506198659 65.2188715093276 64.9721041567185 64.8570928854101 64.7911161815419 64.7958989984849 64.8941191504983 65.008035884184 65.1203043881585 65.1662487703211 65.2124823401956 65.2590220114764 65.4633045196533 65.705001298119 65.9483775531544 66.4761584225823 67.2790017688976 68.0810906185823 68.975001447341 70.2195452802322 71.4650146259981 72.7112851703868 73.9774171324337 75.2440320183249 76.5083332622752 77.5014257992015 78.3137791297015 79.1255237635444 79.6973766719594 79.7044697649339 79.7090342465569 79.7115288622239 79.4966879732468 79.2778241494123 79.0541915052077 78.6340427679174 78.1265395388884 77.6214010855731 77.1414653553682 76.7017651445725 76.2669603403877
66.6944131851196 65.7333398706773 64.7693127463846 63.8136757682352 63.3216390329249 62.8126135713914 62.2742559489082 62.5115327835083 63.05773266624 63.6411904727711 64.1969690883861 64.7153080210966 65.2535560551812 65.7475123966441 65.8152883473565 65.883400889004 65.9518608766444 66.1543201278238 66.3884638618021 66.6225440361921 67.1286683924058 67.9027415724362 68.6727275287404 69.5171946076786 70.6666761566611 71.8142152113073 72.959620587966 74.1289575240191 75.3000180861529 76.4694665460026 77.4085345829234 78.1898668233086 78.9725011096281 79.5240386794595 79.5062089527354 79.4874622401069 79.4682981547187 79.2312751657823 78.988469544579 78.7409599528593 78.3392164286445 77.8664011674769 77.3976240719066 76.9540360114154 76.551060255836 76.1522457739886
64.8615765852087 64.1389750873341 63.4209496273714 62.7128861371209 62.3983125406153 62.0639143551097 61.6950181231779 62.0092653106241 62.5986264172722 63.2193393987768 63.9697214294882 64.9083219135509 65.8707953060375 66.748360044816 66.8278698640711 66.9077172840343 66.9879114768084 67.1306086428025 67.2882326911478 67.4453422321993 67.8379318012911 68.4676118738511 69.0927687532761 69.7843914592967 70.7605501904207 71.7344753882464 72.7060315468732 73.79247267106 74.8923551896039 75.991031702827 76.913330078125 77.711033596712 78.5105258997749 79.0861199603361 79.0859165472143 79.0848141838522 79.0832777303808 78.8384128738852 78.5848757238949 78.326205365798 77.9597346081453 77.5414805973277 77.1278152746313 76.7329542216133 76.3695880104514 76.0096178615794
63.0443720256581 62.5647843304802 62.0896667592666 61.622567541459 61.4786203889286 61.3172790583442 61.1254366425907 61.5249542629018 62.1645319321576 62.8178401554332 63.7556060903213 65.1095668848823 66.4945741260753 67.758478753707 67.8493232166066 67.9401059150696 68.0307397561915 68.1132433554705 68.1930699909435 68.2719130796545 68.5504223318661 69.0344056241653 69.5145908524008 70.05379671209 70.8567178670098 71.6571199753705 72.454905425801 73.457035373239 74.4857642229866 75.5137001486386 76.4178616579841 77.2319309851703 78.0482652608086 78.647888436037 78.6653074096231 78.6815218083999 78.6970849317663 78.4443766369539 78.1799144183888 77.9106186698465 77.5785934784833 77.215390513925 76.8568089990055 76.510992751402 76.1872136733111 75.8667913885678
