PREC/medie/CUMULATA_MEDIA_ANNUA.asc
NCOLS 177 
NROWS 174 
XLLCORNER 1436301.375 
YLLCORNER 4916704.5 
CELLSIZE 1500 
NODATA_value -9999 
[rows 96 to 119 of 174, columns 0 to 53 of 177]
-9999 -9999 -9999 -9999 -9999 -9999 -9999 -9999 -9999 -9999 -9999 -9999 -9999 -9999 -9999 -9999 -9999 -9999 -9999 -9999 -9999 -9999 -9999 -9999 -9999 -9999 -9999 -9999 -9999 -9999 -9999 -9999 257.134694099426 277.57245349884 297.347088813782 315.184750556946 331.557699203491 347.640512466431 365.32427406311 390.006237030029 422.417091369629 462.24186706543 512.60054397583 577.402660369873 654.465105056763 736.359172821045 812.309127807617 876.114459991455 924.045387268066 950.615295410156 955.47883605957 943.912647247314 923.530536651611 898.636669158936
-9999 -9999 -9999 -9999 -9999 -9999 -9999 -9999 -9999 -9999 -9999 -9999 -9999 -9999 -9999 -9999 -9999 -9999 -9999 -9999 -9999 -9999 -9999 -9999 -9999 -9999 -9999 -9999 -9999 -9999 -9999 -9999 -9999 262.46796131134 288.710129737854 313.715076446533 336.75207233429 359.131453514099 383.168941497803 411.956384658813 448.980571746826 491.399049758911 538.717071533203 596.812826156616 665.837759017944 739.372497558594 806.730777740479 858.019870758057 890.78112411499 905.935516357422 903.396450042725 885.110145568848 860.954875946045 836.543880462646
-9999 -9999 -9999 -9999 -9999 -9999 -9999 -9999 -9999 -9999 -9999 -9999 -9999 -9999 -9999 -9999 -9999 -9999 -9999 -9999 -9999 -9999 -9999 -9999 -9999 -9999 -9999 -9999 -9999 -9999 -9999 -9999 -9999 261.417533874512 293.798704147339 326.712701797485 357.900750160217 387.254487991333 416.132478713989 446.657159805298 483.154556274414 524.7278881073 569.03858757019 617.38475227356 673.234493255615 732.066959381104 784.581069946289 823.305686950684 843.234756469727 846.149703979492 838.017539978027 819.191875457764 795.446868896484 771.674953460693
-9999 -9999 -9999 -9999 -9999 -9999 -9999 -9999 -9999 -9999 -9999 -9999 -9999 -9999 -9999 -9999 -9999 -9999 -9999 -9999 -9999 -9999 -9999 -9999 -9999 -9999 -9999 -9999 -9999 -9999 -9999 -9999 -9999 -9999 314.062665939331 355.559541702271 394.02622795105 428.466526031494 460.415441513062 491.022905349731 523.261234283447 561.126598358154 600.102602005005 636.377531051636 676.192977905273 716.217403411865 750.495456695557 774.608364105225 783.609970092773 780.539478302002 767.644012451172 751.156368255615 734.13268661499 721.549625396729
-9999 -9999 -9999 -9999 -9999 -9999 -9999 -9999 -9999 -9999 -9999 -9999 -9999 -9999 -9999 -9999 -9999 -9999 -9999 -9999 -9999 -9999 -9999 -9999 -9999 -9999 -9999 -9999 -9999 -9999 172.577173233032 206.910125732422 248.676257133484 296.140403747559 347.085929870605 397.44425201416 443.759908676147 483.085941314697 515.884090423584 542.363718032837 567.584478378296 596.266187667847 625.771558761597 648.205610275269 674.099815368652 695.45467376709 712.010166168213 721.441074371338 721.412143707275 715.466018676758 703.585548400879 692.437461853027 684.098201751709 677.437431335449
-9999 -9999 -9999 -9999 -9999 -9999 -9999 -9999 -9999 -9999 -9999 -9999 -9999 -9999 -9999 -9999 -9999 -9999 -9999 -9999 -9999 -9999 -9999 -9999 -9999 -9999 -9999 -9999 130.011276245117 153.575531482697 184.749186038971 224.027901649475 272.474886894226 327.974878311157 388.059831619263 447.478435516357 500.889810562134 544.077657699585 576.583951950073 598.579469680786 613.578157424927 627.84391784668 646.855802536011 659.682867050171 665.254056930542 670.352031707764 673.651889801025 670.837629318237 665.206666946411 657.178813934326 650.611587524414 647.777593612671 645.16090965271 643.778787612915
-9999 -9999 -9999 -9999 -9999 -9999 -9999 -9999 -9999 -9999 -9999 -9999 -9999 -9999 -9999 -9999 -9999 -9999 -9999 -9999 -9999 -9999 95.8844571113586 90.8205981254578 -9999 -9999 -9999 -9999 144.723686218262 169.253027915955 203.400479316711 247.428500175476 302.137441635132 365.457708358765 433.159866333008 499.76312828064 558.326704025269 603.345874786377 633.9381980896 651.758819580078 658.058868408203 659.531345367432 659.721803665161 660.775766372681 653.944185256958 646.460773468018 637.677757263184 627.476417541504 617.972797393799 611.486284255981 612.84095954895 613.846769332886 617.46369934082 625.358840942383
-9999 -9999 -9999 -9999 -9999 -9999 -9999 -9999 -9999 -9999 -9999 -9999 -9999 -9999 -9999 -9999 -9999 -9999 190.645109653473 151.304685592651 128.00445318222 115.517592906952 105.770375728607 101.114106893539 -9999 -9999 -9999 -9999 -9999 193.628742218018 229.176137924194 276.28947353363 335.888702392578 403.769372940063 475.729866027832 545.479972839355 606.271045684814 651.799312591553 681.171054840088 692.614135742188 691.028656005859 681.311393737793 668.952020645142 654.908285140991 637.092844009399 623.794673919678 607.382732391357 593.787796020508 582.719711303711 579.313632965088 583.312341690063 588.617990493774 600.291595458984 617.207849502563
-9999 -9999 -9999 -9999 -9999 -9999 -9999 -9999 -9999 -9999 -9999 -9999 -9999 -9999 -9999 -9999 -9999 -9999 198.255434989929 162.022867202759 143.297770500183 129.355596065521 120.090443134308 115.595984458923 119.719088554382 -9999 -9999 -9999 191.371381759644 222.714551925659 262.689986228943 309.243050575256 369.726295471191 438.874185562134 510.882724761963 578.596792221069 636.389385223389 681.907119750977 706.955379486084 713.09317779541 706.850067138672 692.256790161133 673.185768127441 648.996690750122 622.992254257202 602.538347244263 581.565710067749 566.073301315308 557.347745895386 556.619131088257 562.719366073608 575.120971679688 594.410243988037 618.079265594482
-9999 -9999 -9999 -9999 -9999 -9999 -9999 -9999 -9999 -9999 -9999 -9999 -9999 -9999 -9999 -9999 -9999 -9999 207.404651641846 179.258128166199 159.80064201355 146.572668552399 138.998168468475 139.015427589417 145.537761688232 156.046199798584 -9999 -9999 226.66379070282 258.779435157776 298.907904624939 347.003694534302 400.099935531616 464.638748168945 530.585466384888 590.915874481201 644.494537353516 685.146057128906 705.685592651367 710.52294921875 704.204460144043 689.436916351318 669.31799697876 637.731721878052 613.148078918457 589.324508666992 566.594203948975 551.083433151245 544.521909713745 547.810737609863 558.665409088135 576.071796417236 598.694290161133 626.289659500122
-9999 -9999 -9999 -9999 -9999 -9999 -9999 -9999 -9999 -9999 -9999 -9999 -9999 -9999 -9999 -9999 -9999 257.693992614746 220.231437683105 196.9421043396 180.556684017181 169.142750740051 164.980254650116 169.689788341522 179.953241348267 194.023398399353 -9999 234.031922340393 269.609446525574 302.208727836609 338.905595779419 382.264350891113 429.460866928101 479.507747650146 533.714796066284 582.876171112061 628.666410446167 661.379093170166 679.309478759766 685.595104217529 682.356815338135 671.520503997803 654.419145584106 625.41290473938 602.273571014404 578.867231369019 557.343545913696 548.309097290039 544.848104476929 550.864074707031 566.480239868164 586.855758666992 612.447595596313 640.496803283691
-9999 -9999 -9999 -9999 -9999 -9999 -9999 -9999 -9999 -9999 -9999 -9999 -9999 -9999 -9999 -9999 -9999 264.240246772766 235.579727172852 217.537205696106 206.112507820129 197.172269821167 199.924578666687 210.862371444702 226.980686187744 246.295170783997 266.354424476624 287.446873664856 315.728325843811 351.128730773926 381.698921203613 415.016405105591 451.794052124023 485.423229217529 523.032112121582 559.04013633728 593.198883056641 617.777214050293 633.115787506104 641.064762115479 642.931781768799 638.481161117554 620.820175170898 603.919162750244 585.501909255981 568.765193939209 556.26576423645 550.553289413452 552.920343399048 563.08659362793 585.114410400391 608.682704925537 635.149532318115 660.948007583618
-9999 -9999 -9999 -9999 -9999 -9999 -9999 -9999 -9999 -9999 -9999 -9999 -9999 -9999 -9999 -9999 -9999 270.815016746521 253.280532836914 241.983446121216 230.108730316162 234.947022438049 244.745727539062 262.627272605896 286.009121894836 310.973834037781 334.046329498291 354.26184463501 374.443855285645 395.961429595947 423.969707489014 444.585886001587 465.383392333984 485.914768218994 504.031251907349 525.58155632019 545.920682907104 561.955070495605 574.203605651855 583.46044921875 589.362382888794 590.935386657715 578.511232376099 571.7017993927 564.087196350098 555.725915908813 554.040651321411 557.451532363892 568.90510559082 587.070812225342 611.000568389893 642.046010971069 665.561653137207 685.846628189087
-9999 -9999 -9999 -9999 -9999 -9999 -9999 -9999 -9999 -9999 -9999 -9999 -9999 -9999 -9999 -9999 -9999 -9999 274.293131828308 263.389777183533 267.010771751404 279.677451133728 296.60676574707 323.076979637146 354.04455947876 384.133932113647 409.821073532104 427.717155456543 439.742778778076 449.580596923828 455.615783691406 466.902807235718 472.891458511353 477.495006561279 480.281373977661 486.288175582886 494.22119140625 501.898181915283 510.032682418823 518.965198516846 527.179857254028 524.844062805176 529.217035293579 533.648536682129 537.199691772461 542.018808364868 553.747846603394 569.863292694092 592.858858108521 615.747686386108 642.109029769897 675.540616989136 700.046146392822 713.89225769043
-9999 -9999 -9999 -9999 -9999 -9999 -9999 -9999 -9999 -9999 -9999 -9999 -9999 -9999 -9999 -9999 -9999 -9999 294.606248855591 297.564241409302 309.155680656433 329.056077003479 354.012409210205 387.798044204712 425.381969451904 459.854244232178 485.662399291992 500.009410858154 503.139072418213 501.31814956665 489.22721862793 479.60623550415 470.991830825806 464.591930389404 452.901466369629 446.80219078064 444.856563568115 444.362680435181 447.12713432312 451.927375793457 454.516191482544 464.616767883301 476.737699508667 489.421680450439 503.892978668213 525.171922683716 549.421781539917 581.799911499023 614.322214126587 644.983291625977 677.552951812744 705.696769714355 729.550712585449 735.598682403564
-9999 -9999 -9999 -9999 -9999 -9999 -9999 -9999 -9999 -9999 -9999 -9999 -9999 -9999 -9999 -9999 -9999 -9999 327.172044754028 338.805875778198 355.068758010864 381.169715881348 412.259414672852 450.452459335327 491.802600860596 527.912750244141 552.213958740234 561.107162475586 556.986404418945 543.233289718628 518.235740661621 490.823020935059 467.435371398926 445.986715316772 421.667646408081 405.962299346924 398.393287658691 388.312040328979 386.347227096558 388.069959640503 395.929918289185 406.981636047363 423.748903274536 442.721969604492 471.536167144775 502.369106292725 543.931352615356 585.444309234619 627.16332244873 668.296709060669 707.458734512329 734.626190185547 745.642913818359 744.233535766602
-9999 -9999 -9999 -9999 -9999 -9999 -9999 -9999 -9999 -9999 -9999 -9999 -9999 -9999 -9999 -9999 -9999 -9999 364.055917739868 385.294765472412 407.940366744995 434.076728820801 467.550748825073 505.598247528076 544.926782608032 578.944190979004 599.957189559937 604.022817611694 594.233591079712 571.377927780151 538.517642974854 502.0123462677 465.748165130615 433.67511177063 402.413440704346 377.217878341675 359.636559486389 347.48889541626 339.690884590149 339.753841400146 346.252628326416 357.927408218384 374.348139762878 402.770055770874 435.980546951294 480.74468421936 528.653387069702 580.368661880493 630.87572479248 683.609128952026 725.477912902832 749.960899353027 752.682327270508 733.376201629639
-9999 -9999 -9999 -9999 -9999 -9999 -9999 -9999 -9999 -9999 -9999 -9999 -9999 -9999 -9999 -9999 -9999 -9999 406.692775726318 433.441282272339 457.079010009766 484.550716400146 513.800956726074 545.897937774658 580.68461227417 608.745489120483 625.231075286865 625.901552200317 614.191415786743 588.306886672974 555.83268737793 515.178241729736 472.793312072754 431.250793457031 393.072618484497 362.191318511963 336.88072013855 319.132583618164 307.869657516479 303.080788612366 304.775266647339 314.518759727478 334.881734848022 365.073777198792 403.305465698242 452.851627349854 507.585247039795 563.985746383667 623.716634750366 680.87561416626 723.746078491211 744.230388641357 737.920818328857 707.343372344971
-9999 -9999 -9999 -9999 -9999 -9999 -9999 -9999 -9999 -9999 -9999 -9999 -9999 -9999 -9999 -9999 -9999 -9999 -9999 481.023862838745 501.889799118042 523.163522720337 546.851978302002 566.451219558716 592.92181968689 614.711360931396 626.818113327026 627.913377761841 623.017450332642 600.636165618896 565.957584381104 523.294408798218 477.831039428711 431.392595291138 387.799491882324 351.637781143188 321.817762374878 300.159013748169 285.728546142578 275.79714679718 275.029494285583 283.948198318481 303.990352630615 333.896747589111 372.677649497986 423.778694152832 478.638879776001 538.852516174316 603.45551109314 661.208671569824 701.021171569824 714.550201416016 699.138706207275 658.874568939209
-9999 -9999 -9999 -9999 -9999 -9999 -9999 -9999 -9999 -9999 -9999 -9999 -9999 -9999 -9999 -9999 -9999 -9999 -9999 516.995800018311 537.089046478271 548.173114776611 560.041921615601 571.763473510742 583.029989242554 597.424640655518 607.811155319214 617.864025115967 614.87656211853 596.873167037964 567.513294219971 529.240184783936 485.454797744751 435.461967468262 390.487323760986 349.721417427063 315.471431732178 288.995058059692 272.072022438049 261.200933456421 257.520915985107 263.497780799866 281.189667701721 308.221549987793 344.118002891541 391.780000686646 446.481143951416 507.442314147949 569.669603347778 621.930932998657 654.082275390625 659.193027496338 635.951128005981 589.934003829956
-9999 -9999 -9999 -9999 -9999 -9999 -9999 -9999 -9999 -9999 -9999 -9999 -9999 -9999 -9999 -9999 -9999 -9999 -9999 545.175596237183 555.064470291138 555.703987121582 554.717632293701 556.736141204834 556.870668411255 566.069025039673 579.51628112793 592.539024353027 593.581092834473 584.939544677734 565.403285980225 535.278692245483 492.427150726318 446.317115783691 399.64698600769 356.541028022766 319.178960800171 288.263312339783 266.804893493652 253.610542297363 246.854643821716 250.191623687744 263.477210044861 286.04363155365 319.625539779663 364.245656967163 414.562387466431 469.746593475342 523.458211898804 565.725221633911 587.734453201294 584.323629379272 555.828229904175 508.269237518311
-9999 -9999 -9999 -9999 -9999 -9999 -9999 -9999 -9999 -9999 -9999 -9999 -9999 -9999 -9999 -9999 -9999 -9999 -9999 553.505449295044 547.836193084717 540.982273101807 531.322099685669 523.993721008301 520.653903961182 523.939655303955 542.624904632568 555.735818862915 565.05369758606 567.809459686279 560.152862548828 535.869052886963 502.007253646851 460.17028427124 414.435894012451 369.86416053772 329.627987861633 295.583250999451 270.734506607056 254.861631393433 245.420104980469 244.690916061401 255.005571365356 273.710761070251 301.05724811554 339.901522636414 382.931692123413 428.100040435791 469.799074172974 499.66081237793 510.89022064209 500.230907440186 469.270801544189 423.951566696167
-9999 -9999 -9999 -9999 -9999 -9999 -9999 -9999 -9999 -9999 -9999 -9999 -9999 -9999 -9999 -9999 -9999 -9999 -9999 -9999 522.713823318481 505.823820114136 487.408346176147 479.270437240601 476.134920120239 481.198453903198 497.165632247925 514.495464324951 532.413400650024 544.093793869019 543.96152305603 534.292833328247 512.681964874268 477.779825210571 434.39137840271 390.205631256104 347.717315673828 311.848266601562 294.080143928528 275.150457382202 262.318289756775 248.112796783447 253.854886054993 267.951495170593 288.421183586121 319.22243309021 352.534804344177 386.246160507202 414.892908096313 432.178419113159 433.575227737427 417.623985290527 386.669486999512 345.880860328674
-9999 -9999 -9999 -9999 -9999 -9999 -9999 -9999 -9999 -9999 -9999 -9999 -9999 -9999 -9999 -9999 -9999 -9999 -9999 -9999 -9999 459.295412063599 438.689661026001 424.137819290161 418.994413375854 429.587001800537 445.202114105225 465.993326187134 491.488616943359 514.332981109619 529.454605102539 533.57398223877 521.536973953247 493.913764953613 455.144397735596 413.567880630493 387.20721244812 352.035332679749 322.433562278748 299.435272216797 283.351930618286 273.343542098999 269.900115966797 267.945202827454 282.204720497131 301.063917160034 325.591378211975 347.019327163696 363.719268798828 369.975162506104 363.588417053223 344.533043861389 315.200016021729 279.74737739563
