PREC/medie/CUMULATA_MEDIA_11.asc
NCOLS 177 
NROWS 174 
XLLCORNER 1436301.375 
YLLCORNER 4916704.5 
CELLSIZE 1500 
NODATA_value -9999 
[rows 40 to 59 of 174, columns 92 to 137 of 177]
161.630233904895 165.329065561295 168.829327842768 168.175326165031 166.12191742308 164.033199815189 161.415886346032 158.301696573987 155.307281592313 153.64986710338 155.632790951168 157.324779089759 158.80686888274 158.439451554242 157.846710899297 156.947927005151 153.219211711603 148.903915068682 145.978227376938 145.391393598388 146.909512547886 148.950141605209 150.95697936591 152.708902478218 153.785712543656 154.564323292059 156.803947638063 158.838732509052 160.581121129148 164.820858464522 169.700374911813 174.583194059484 179.170268970377 183.539849589853 188.091293503256 192.346902594847 195.858758197111 199.382349575267 202.7911622945 204.225148453432 205.584996546016 206.854270822862 205.941488939173 204.551814121359 203.198431407704 201.508384746664
160.286832283525 164.203659425764 167.966338599429 168.216725202168 167.220375839402 166.314133156748 165.475529446321 164.731460767634 163.787655087078 163.363946318626 164.496609365239 165.201812688042 165.632047015078 163.289711433298 160.905861987787 158.501018713502 154.416108552147 150.028629856951 147.165887629285 146.77400997807 148.756807004704 151.090284887482 153.147456533769 154.291721140637 154.744746141574 154.853453341652 157.385916268124 159.701359268497 161.68676525705 165.81582412299 170.559452737079 175.296817120384 180.173410485773 185.197084398831 190.395697719911 195.229829115026 199.067954876844 202.916065749 206.67162286534 207.846707287957 208.978957554873 210.058168754858 209.30109734395 208.079917066237 206.889974369722 205.167124958599
160.093692073051 164.390447507886 168.270554924712 169.255058069439 169.13258567803 169.001501632087 169.488000003731 170.678323836888 171.770975768566 172.712895873715 173.04800211682 173.086441334556 172.931264765122 169.178714625976 165.242829133483 161.104233419194 156.3807712022 151.716174595496 149.024436207379 148.913668934037 151.456242210725 154.031387367669 156.092388132039 156.553912001498 156.302250834072 155.620197162909 158.362350439324 160.922842427212 163.183160520652 167.246165713843 171.870123947368 176.399411657277 181.473173548194 187.093156534083 192.839226806865 198.165131470736 202.235787531909 206.364532176186 210.475098553826 211.376169204712 212.27039606431 213.162538945675 212.548079981523 211.497776396134 210.467769412433 208.727248738794
162.468934707618 167.471653432585 171.687546766856 173.420300692758 174.08124403524 174.528330629363 175.857554238509 178.188867113169 180.462638244909 182.072862400728 181.507249825141 180.779323704102 179.93317786385 175.362664987059 170.50502596182 165.296110573937 160.104943051058 155.179290694349 152.698384614552 152.843132446794 155.865839884562 158.601706266403 160.770563653287 161.24977597419 161.049447948442 160.419175392839 163.26440044098 166.00266053922 168.458794632379 172.321125517873 176.640833854675 180.752822630546 185.47316977557 190.820808592965 196.185909509659 201.157117787529 204.974998488146 208.865771419862 212.795933947844 213.599207134808 214.427818529746 215.320992406677 214.898850945865 214.044413405306 213.201155620463 211.492863080081
188.415237704402 193.547360393054 197.510568091098 198.080001145601 197.105036441018 195.766598778612 194.595307630651 193.607486679274 192.738267884535 191.639967672965 189.742860394366 187.826764632674 185.891570848577 182.044555488755 177.835813206785 173.047969881226 167.657624665429 162.27331616598 159.824522397097 159.95244898165 163.100970664445 165.669396852746 167.859265101307 169.108423329452 169.660726501661 169.735512929202 172.329287319499 174.879560848369 177.18244218651 180.481613672831 184.12290100841 187.460197820383 191.29958171003 195.701808284311 200.076927058837 204.197766037548 207.531267825295 210.98140408011 214.510347955367 215.383973093594 216.254520430284 217.239484078744 217.049743624295 216.424487085903 215.797400839189 214.165278084138
213.843617098735 219.009084051146 222.747609117452 222.219629459521 219.650403902811 216.63431232817 213.118929456262 208.933936588904 204.94899003646 201.103301160476 197.886849985403 194.692876689574 191.505905677291 188.154685918023 184.542067254291 180.371056907317 175.016077932189 169.338612482828 166.604377360905 166.379139300655 169.304237093996 171.741046996678 174.029791195603 176.167716603069 177.542261529495 178.348791155416 180.753911602585 183.133475707515 185.28064037728 188.034600421786 191.006329932634 193.655209835838 196.710925039123 200.262512529598 203.676487193388 206.938020565931 209.810405478758 212.903007563423 216.157481726478 217.204813157811 218.185600715525 219.243033465217 219.260864664527 218.847661719603 218.419870194267 216.865307765848
238.561416066745 243.65592469538 247.245696201044 245.729470733334 241.643802593736 237.096363327082 231.418569242253 224.170095107135 217.108202667797 210.482489803258 205.963573511909 201.434980722035 196.889749337645 193.879665606162 190.84165754739 187.427426022642 182.265474824344 176.401415565435 173.200435366701 172.462631749099 175.054957573905 177.436369291123 179.926071563188 183.079986870289 185.406656724565 187.072572261314 189.361120111802 191.587239433737 193.582739212934 195.825651801684 198.147400600945 200.129765200264 202.457812852719 205.255452198141 207.812856898588 210.241590976715 212.417378579869 214.875366533504 217.553071807413 218.613733123331 219.565883818795 220.54179427203 220.586786242092 220.194939290776 219.761054067051 218.176280316185
249.530260635649 254.293603998773 257.466946205672 255.728471798055 251.418545589728 246.677758265944 240.452684044838 232.047157820533 223.880911841112 216.159819434671 210.490321397781 204.786712344955 199.047443754533 195.783076679005 192.68204871346 189.37576817765 184.770965018693 179.606494966675 176.908968094517 176.628458991866 179.816525074927 183.029034985339 186.486848452512 191.104733680101 194.819931667517 197.755757681012 199.768552892348 201.59345110725 203.199396021226 204.793578698355 206.351018725073 207.556371685337 209.146878785947 211.305699053933 213.119120597839 214.700306738124 215.63994047221 216.948378058041 218.575188987395 219.449511429843 220.24171241592 221.014540798524 220.964142743279 220.487155199051 219.954153663972 218.341361284256
255.947976683869 260.567792112336 263.535802762298 262.049448065898 258.101953615161 253.734495338272 247.55187568945 238.552001441226 229.738682199927 221.258413483115 214.491415381432 207.701493662946 200.894013131366 197.417071966564 194.300150548711 191.074642567074 187.01235776789 182.549089955933 180.484730847618 180.778785054079 184.693902519258 188.669085431625 192.947350964827 198.890345369192 203.924469040378 208.119410904152 209.908037971048 211.321271110983 212.52991104126 213.482390975032 214.267663845245 214.642902454033 215.434219230624 216.894934128313 218.059874282164 218.956989568823 218.814970282947 219.0216969462 219.55096281276 220.150016420028 220.750269412994 221.335125362172 221.200255436056 220.656136134092 220.056872297736 218.449685391258
262.283774681828 266.503376105252 269.236218848649 267.958640740198 264.346223385895 260.485064702875 254.500608864953 245.031893127105 235.511211640695 226.165889845175 218.187729414772 210.343472726205 202.636344327646 199.078279319931 196.006795332712 192.668210422291 188.941318885368 185.007328484865 183.815269163207 184.909179535393 189.767229436732 194.4058802645 199.294703011127 206.383965799037 212.659061436815 218.123759757594 219.761368695427 220.774164312026 221.599521861357 221.938913300524 221.966649839983 221.49418778586 221.464756369591 222.214360159986 222.801648350323 223.127003319123 221.95407483157 221.075903443729 220.516867974225 220.785988527186 221.176348461824 221.569103577558 221.331739846398 220.698264374452 220.007809554829 218.401616278817
265.417536568992 269.449650359504 272.182833115844 271.113188447321 267.696315881084 264.203147768974 258.453710345661 248.803425417227 238.890393208055 228.943556385882 219.433479477377 210.189824826577 201.231730110505 197.436864165699 194.327401396106 190.784323401311 187.013185608036 183.095845566953 182.164791291689 183.862651079318 190.192608668743 196.066437763984 201.980373251964 209.364873897394 215.988325493848 221.796743448851 223.520715825698 224.516856922823 225.365661845488 225.536828452173 225.254697410499 224.421550612239 223.925781337654 224.07567989125 224.196903369006 224.1663312351 222.901978492737 221.883807575001 221.137528503642 221.139784756829 221.278822842766 221.441605820375 221.032568005955 220.229546715231 219.373924002928 217.795046806335
264.071017418714 268.419528605307 271.646799632732 270.977751554812 267.770582753069 264.662506447119 259.339118284338 249.948293138953 240.07375877745 229.902866202242 218.706704539411 207.915275657878 197.582342799972 193.563899727429 190.505830463241 186.842777844738 182.963033185286 178.935030951219 178.130064385779 180.454980488921 188.621760786237 196.094044454396 203.356096465798 210.900887875873 217.765159888522 223.836091367473 225.866352305693 227.082171945011 228.167470146628 228.375363307841 227.950657855062 226.920567831572 226.099097420188 225.750112225028 225.46579913532 225.114503748277 223.74845493541 222.585391998291 221.671245322508 221.431848049164 221.332587522619 221.234982799081 220.618410082424 219.609896379359 218.506686715519 216.844929582932
261.732818316011 266.367747045615 270.537291162154 270.739337666946 268.220634986373 265.226761102676 260.030893644866 250.587519288063 240.67510852393 230.336350742508 217.464557787951 205.01931088111 193.082974728416 188.560054919299 185.405428318416 181.813613625134 178.022901552565 174.089053168016 173.224173942033 175.940421194386 185.770611239707 195.02861805567 204.000011643943 212.008559793672 219.278313032406 225.622086740208 227.970758325913 229.412608875948 230.730580722584 230.986420499928 230.416473784867 229.24087776156 228.155219085076 227.354922308641 226.641811258653 225.913587626289 224.403801833882 223.097159890568 222.062370721032 221.628754980424 221.321404316846 220.933626231025 220.079753875732 218.841441603268 217.432381349451 215.612584029927
258.7939749027 263.530849348096 268.58227330008 269.648479323177 267.850323845358 264.830812232459 259.558583313928 249.741149972467 239.489121601862 228.754516335095 214.430449191262 200.58549369784 187.339195251465 182.280782426105 178.978805107229 175.434299363809 171.844277669402 168.240602710668 167.571685748942 170.69684556532 181.802122343989 192.419438220122 202.727769642192 211.375726088881 219.253858071916 226.087433008203 228.781701577937 230.424715902875 231.952198810437 232.366654368008 231.859141293694 230.763341482948 229.602064763798 228.376517043394 227.262019970838 226.180578315959 224.651630513808 223.333605233361 222.320017534144 221.903565827538 221.629903821384 221.202951262979 220.06841395883 218.273747836842 216.217674199273 213.711602098802
252.908008088084 256.493558596162 261.234863868531 262.70654859613 261.705192122389 258.759297388441 253.246230882757 242.347196845447 231.074837709174 219.446898761918 205.072654457653 191.183400827296 177.937669922324 172.653668375576 169.307969591197 165.921410364263 162.940576139618 160.315241606796 160.466717435157 164.218281157041 176.039972283823 187.485734601669 198.698431584327 208.410502179581 217.308191255612 225.015110828612 228.206133654889 230.124432844274 231.934759154039 232.683311083738 232.481320100672 231.691800468108 230.643135743983 229.042534659891 227.572521406061 226.168202231912 224.702905654907 223.447716264164 222.516201776617 222.184040967156 222.006264209747 221.5920809297 220.170329037835 217.733724033131 214.978349433226 211.741458836724
247.501925366766 250.063036210397 253.970601786585 255.264647729257 254.473167629803 251.698410223512 246.112923958722 234.28027023638 222.180216417593 209.856655790525 195.669520195793 181.90317382532 168.718138659702 163.274599867709 159.936439864776 156.730594764738 154.356237940929 152.733399578754 153.754244267941 158.186388137778 170.775893480133 182.926336593488 194.816104687531 205.361127453473 215.17007788205 223.83118061305 227.625920625294 229.86368105692 231.716183480094 232.546472507365 232.387527129229 231.965024779825 231.165520022897 229.305276898777 227.595366197474 225.973282757927 224.696371919969 223.549658999724 222.613417990067 222.281439640943 222.135235562044 221.752483620363 220.090965186848 217.030246734619 213.639530546525 209.746548708747
242.741738221225 244.457829910166 246.831583706772 247.250340209288 246.030961923739 243.563458737205 238.132953019703 225.556177097208 212.839031005607 200.012626823257 186.219625841169 172.714216442669 159.627690350308 154.062278684448 150.752839614363 147.728738080053 145.934702924069 145.313211907359 147.25620643926 152.459654503469 165.898361549442 178.770549653851 191.311728683218 202.593625164865 213.222672394532 222.773118133931 227.203336323009 229.805746429107 231.68234038353 232.497953835656 232.179632439333 231.916324980119 231.245855219224 229.238997599658 227.413274091833 225.710639645072 224.674123792087 223.716849523432 222.857112379635 222.363134356106 221.965086347917 221.301821820876 219.255303635317 215.587817276225 211.584657136132 207.095450176912
236.872934818268 238.077606551787 239.24085583757 238.16023914253 235.056246049264 231.370671622893 225.300386218464 213.113973154741 200.947904979481 188.811974904116 177.167424741913 165.744734266225 154.630056872087 149.598939615137 146.570127876366 143.992235723664 142.826407620135 143.080462335664 145.732287757975 151.438998919473 165.525750374531 178.929060128901 191.905738317353 202.944109027877 213.41170965924 222.91431044831 227.741820209167 230.713685736937 232.60440753488 233.068508372587 231.898278068094 231.119834787705 230.173035958234 228.369602063123 226.759174711564 225.29028746661 224.623681236716 223.990964160246 223.326162478503 222.442587656133 221.420853446512 220.134384379667 217.577740080216 213.395489468294 208.868344783783 203.887698902803
230.575558704488 231.390601852361 231.517519782571 228.890456381966 223.660690763417 218.455147518831 211.598394989967 200.102578226258 188.73981693913 177.46647923133 168.203796667211 159.090367141892 150.191854645224 145.848537234699 143.143568070496 140.922764657175 140.266442791504 141.284129268983 144.463675525259 150.497802178101 165.037130187978 178.893452226239 192.299470662632 203.120894021848 213.404652293991 222.818060061511 227.982500679353 231.31082052343 233.425665266374 233.79762949663 232.018487032722 230.737383113188 229.465483441072 227.840150216047 226.377908313976 225.041405846091 224.629911338582 224.264679656309 223.843445273007 222.657482455758 221.062315856709 219.109898006215 215.992893976324 211.247763970319 206.312669669881 201.008477940279
223.614605924662 223.946028442944 223.653911422281 220.109466089922 213.33697959956 206.55304664724 198.725193738937 187.796184715103 177.109625416643 166.583749616847 159.538985140183 152.776954040808 146.393891085597 143.083620348397 140.937786233776 138.950771271306 138.671307051006 140.337101559867 143.720990705797 149.728430143941 164.382250246318 178.564653585501 192.41593934245 203.060903829687 213.154344741036 222.447999828002 227.905355060802 231.585014651803 234.141051432666 234.654988569372 232.451794175541 230.665474779466 229.004422580495 227.521067114437 226.153795130113 224.883055967443 224.665683858535 224.516608097974 224.297060854295 222.837702638963 220.722231135649 218.152974577511 214.497589644264 209.133405517129 203.741656107061 198.105031209833
