PREC/medie/CUMULATA_MEDIA_02.asc
NCOLS 177 
NROWS 174 
XLLCORNER 1436301.375 
YLLCORNER 4916704.5 
CELLSIZE 1500 
NODATA_value -9999 
[rows 120 to 139 of 174, columns 92 to 137 of 177]
90.3817521263571 90.4592549941119 90.5323892481187 90.60102743261 89.9258722417495 88.9779986213235 88.0289294298957 86.428129196167 83.9541931152344 81.4898895375869 79.1861225015977 78.0085889030905 76.8344309750725 75.6637332579669 75.4940284797922 75.551415924969 75.6038380019805 76.0526580350364 76.8904736208565 77.7239468544722 78.5453885096837 79.3334530004684 80.1201233250253 80.9053745918414 81.3913884592407 81.8381267621675 82.2818818092346 82.287589634166 81.9764294904821 81.6574541540707 81.1017355077407 79.9474611843333 78.798249020296 77.6541955611285 76.3953918569228 75.1436311497408 73.9030462152818 73.0439317927641 72.3848925758811 71.7363509570851 71.1270593194401 70.5778931449441 70.0352821350098 69.5125094184734 69.2680096428513 69.0212457712521
89.6137908486759 89.5189440110151 89.4197332718793 89.3160308389103 88.5811717089485 87.5999110726749 86.6174638411578 85.16557412989 83.0512466991649 80.946540888618 78.9591955858118 77.8998275083654 76.843833362355 75.7912947710823 75.4992564876071 75.3960845520829 75.2879534363747 75.5782832034371 76.2852370239356 76.9878515723874 77.6964159502703 78.4491010325796 79.2003925845903 79.9502650437986 80.3703849499717 80.7402346090359 81.1071088413763 80.9782469693352 80.4645545622882 79.9430564992568 79.2893382240744 78.2776932435877 77.2710996515611 76.269661174101 75.2895814110251 74.3211790533627 73.363940743839 72.7571975483614 72.350965387681 71.9552169687608 71.562609055463 71.1628014059628 70.7695382062127 70.3849264107104 70.0850572476492 69.7829273266389
88.8498970480526 88.5827771355124 88.3112991557402 88.0353412628174 87.2373116437127 86.2226858700023 85.2068708083209 83.893341737635 82.1384564568015 80.3931793886073 78.7289225634407 77.7876644134521 76.849778175354 75.9153412650613 75.5093314805452 75.2456743879353 74.9770653694868 75.1080463300733 75.6841984478866 76.2560153270469 76.8486132183496 77.5659335010192 78.2818625762182 78.9963764478179 79.3520618563189 79.6450607259484 79.9350876786253 79.6762537114761 78.9601239597096 78.2361990984748 77.4715529610129 76.6024688271915 75.7384304158828 74.8795397141401 74.1725364011877 73.4873629177318 72.8133401870728 72.4600868786083 72.3065431819243 72.1634713902193 71.9918209524716 71.7412974974688 71.4973135555492 71.2597708156027 70.9045598971493 70.5470889221658
88.0525082980885 87.6184805701761 87.1828075857724 86.7454559101778 85.8945601968204 84.8633624806124 83.8340423808378 82.655662873212 81.2410796670353 79.8327617084279 78.4757754389412 77.6691129940891 76.8680937847342 76.0728598195402 75.5923665468307 75.2051767531563 74.8166889039909 74.8076987827525 75.2448718880906 75.6762255219852 76.1300588530653 76.739418296253 77.3405234883813 77.9332014953389 78.1276316257084 78.2369282824152 78.3353495913393 77.9026332462535 77.0015324380468 76.0950131188421 75.2225367926499 74.4914378558888 73.7659125564729 73.0460697044344 72.7034190454904 72.4154097096008 72.1463054357206 72.1025755418574 72.2086450483869 72.3256657877389 72.3640344177975 72.1881765232367 72.0147011595614 71.8436431919827 71.4142484875286 70.9763118274072
86.8281800887164 86.3415172801298 85.849967619952 85.3567391563864 84.5527179942411 83.6054669548483 82.6600930831012 81.6274195278392 80.4488018260283 79.2764394423541 78.1446947068839 77.5354519508341 76.9318496453411 76.3340242448099 75.8631850235602 75.4318470499095 74.9992118197329 74.8725903840626 75.1289885079159 75.3795698460411 75.6414501737146 76.0092561244965 76.3688151345533 76.7199571833891 76.6362553449238 76.4497967362404 76.2524694099146 75.6255528856726 74.5925373259713 73.5541078413234 72.6053365959841 72.0353165829883 71.4708622904385 70.9120852701804 71.005783515818 71.1967436127803 71.4065885228269 71.7105276707341 72.0812983565471 72.4630059144076 72.7157155362999 72.5931551105836 72.4729745002354 72.3552124921013 71.8620047043352 71.3490856956033
85.6042631934671 85.0658908170812 84.518492193783 83.9694138695212 83.2087363074808 82.3453934613396 81.4839256511015 80.5928390727324 79.6500733319451 78.713555728688 77.8080311759978 77.3961194795282 76.9898383801474 76.5893293246627 76.1353344934828 75.6598678161116 75.1831044519649 74.9431885551004 75.0188935784733 75.0887870367836 75.1608048957937 75.2871692951988 75.4052950213937 75.515013554517 75.155183560708 74.6731035989874 74.1801708656199 73.353250209023 72.1883782288607 71.0181004510206 69.9820591702181 69.5730417826596 69.1695838184918 68.7717968295602 69.2891962668475 69.9589040384573 70.6474718311254 71.3076348655364 71.9429818584639 72.5892564058304 73.0651375265683 72.9958512783051 72.9289420176955 72.8644457284142 72.3130798269721 71.725210610558
84.3817441603717 83.7915981517119 83.1883774925681 82.5834781422335 81.8626165951 81.0831415512983 80.3055405336268 79.5519250981948 78.8449004678165 78.1441204968621 77.4657938538174 77.2511183610734 77.0420687172343 76.8387840118478 76.4088112729437 75.8892369936494 75.368368064656 75.0194862730363 74.9145792021471 74.8081892588559 74.7016648264492 74.6006393853356 74.496154350393 74.3881295779172 73.7853254079819 73.0457546781091 72.301717765191 71.3152203139137 70.0645601539051 68.8128490447998 67.724194856251 67.4734410818885 67.2224093254875 66.9711042151732 67.805759934818 68.8300520392025 69.8546298251432 70.7677656902986 71.5874074487125 72.409583319636 73.0386585312731 73.0025950494935 72.9686441842247 72.9368411022074 72.2924694383846 71.5852238430696
83.4880901785458 82.8996504615335 82.2968769073486 81.6941496905159 81.0362464680391 80.3494290744557 79.6646486170152 79.0198561044629 78.454064572997 77.891329279279 77.3401279320173 77.2079472620698 77.0776104734224 76.9491615821333 76.5464972678353 76.0302454724031 75.5142729352502 75.1435935497284 74.9938251691706 74.8426315503962 74.6859469133265 74.4821640042698 74.2749216837042 74.064149555038 73.3538558763616 72.4914544890909 71.6245914837893 70.569676174837 69.2953528306063 68.0199814053143 66.8919720509473 66.639150577433 66.3860524261699 66.1326798621346 66.9520363036324 67.9883366753073 69.0249185421888 69.9819316373152 70.8668535597184 71.7543094088049 72.4641828747357 72.4802879866432 72.4985031240127 72.5188652136747 71.7880856359706 70.9612792660208
82.7055946798886 82.1282159019919 81.5346416024601 80.9411115085377 80.3409129872042 79.7384138668285 79.1379504484289 78.5856146584539 78.1344676903066 77.6863696325351 77.2435271516442 77.1758189902586 77.1099508650163 77.0459694301381 76.6745291247087 76.166385159773 75.6585194012698 75.2699507334653 75.0749580579646 74.8785402634565 74.6736088219811 74.3671151890474 74.0571695496054 73.7436940109029 72.9266569123549 71.9414825579699 70.9518533033483 69.8249818928101 68.5270076008404 67.2279839866302 66.059822138618 65.8049337092568 65.5497717506745 65.2943323009154 66.0978418308146 67.1461444391924 68.1947264250587 69.1934272120981 70.1436010739383 71.0963027687634 71.8874998303021 71.9557513138827 72.0261070517933 72.0986047352062 71.2889847194447 70.3426701461568
81.9236934886259 81.3565564997056 80.7721774157356 80.1878441081328 79.6434357587029 79.1252177743351 78.6090306674733 78.1483010100749 77.8117423460764 77.4782298654318 77.1478433048024 77.141842526548 77.1404134455849 77.1408678854213 76.8023152772118 76.3022757207646 75.8025134170757 75.397732145646 75.1575354828554 74.9159150263842 74.6646500475266 74.2554956744699 73.8428886357476 73.4267615009757 72.5037211810841 71.3958329172695 70.2834919620963 69.0811361775679 67.759521484375 66.4368588082931 65.2277481906554 64.9707955682979 64.7135650410372 64.4560630882488 65.2431755767149 66.3034739985186 67.3640529338051 68.4022308097166 69.4127953543383 70.4193568580291 71.2749700265772 71.3752911651836 71.472938004662 71.5678763810326 70.6851679297055 69.6284564523136
81.6135050829719 81.0753591200885 80.5199186100679 79.9651233448702 79.4747610653148 79.0265325658462 78.5790208928725 78.1818929671803 77.9052817159716 77.6283505129464 77.3510898632162 77.3135171707939 77.2782469076269 77.2396319263122 76.9003224723479 76.4096110147588 75.9192650318146 75.517578237197 75.2818132989547 75.0470346843495 74.8060075956232 74.356558491202 73.9064820654252 73.4557627509622 72.4498923806583 71.2231203387765 69.9918068998 68.6831096130259 67.2623891690198 65.8370561529608 64.5115454337176 64.2588330156663 64.0060390444363 63.7531644316281 64.510689202477 65.563872126972 66.6164670130786 67.6088870763779 68.5277318183114 69.4425767730264 70.2304708817426 70.2743955079247 70.3156527350931 70.3542009942672 69.499836585101 68.45880038598
81.9686393737793 81.4535765928381 80.920622881721 80.3883117226993 79.9197337206672 79.4950276543112 79.0710368436926 78.6841832576867 78.3916687930331 78.0988336959306 77.8056718356469 77.6517596174689 77.499948592747 77.3447971904979 76.9784840695998 76.499061570448 76.0200072597055 75.6318213238436 75.4259075697731 75.2209808125215 75.0124885615181 74.5429262974683 74.0727360529058 73.6019076319302 72.5131594854243 71.1579338943257 69.798169037875 68.3663347608903 66.8225385721992 65.2741325953427 63.8121810099658 63.5616563839071 63.3110512985903 63.0603695196264 63.7851021570318 64.8279348471585 65.8701828928555 66.8192945929135 67.6464599861818 68.4696321066688 69.1883523744695 69.1759114125196 69.1608017051921 69.142990028157 68.3138036447413 67.28843683355
82.3237728792078 81.8312547347125 81.3207772198845 80.8109393400304 80.3641082539278 79.9629142985624 79.5624367209042 79.1868979661342 78.8784879200599 78.5697597598328 78.2606991038603 77.9933375190286 77.7250406251234 77.4534093772664 77.0563037535724 76.5881682283738 76.1203961091883 75.7451252236086 75.569049133974 75.3939606442171 75.2196314615362 74.7299657008227 74.2396701784695 73.7487383590025 72.5808845548069 71.0972609660205 69.6091086443733 68.0540028880624 66.3871837223277 64.7157609673107 63.1127301945406 62.8643954080694 62.6159812983345 62.3674868275138 63.0599262994878 64.092415080351 65.1243201494217 66.033447784536 66.7689792829401 67.5005201592165 68.1486143925611 68.0798308428596 68.0083829655367 67.9342337075402 67.127074101392 66.1173658651464
82.7529936397777 82.2883780984317 81.8034750994514 81.3177247888902 80.8903625712675 80.5064513823565 80.1207999622121 79.7516215496204 79.4362118752564 79.1211681751644 78.8064971461016 78.4255858940237 78.0357802545323 77.6414253571454 77.1878861118765 76.6969411232892 76.2023887634277 75.806101546568 75.6446081470041 75.4828304402969 75.3207605866825 74.8158671996173 74.3051968181834 73.7941882329829 72.5711683385512 70.9916185350979 69.4103240405812 67.7624612625907 65.9914378068026 64.2171553513583 62.4908056679894 62.2974956456353 62.1075733759824 61.9211032390594 62.5681879800909 63.543769548921 64.5154436896829 65.3360605941099 65.9270305773791 66.5107348385979 67.0283500587239 66.8556476060082 66.6777082190794 66.4944469648249 65.6650332002079 64.6325442931231
84.016326231115 83.522824680104 82.9917541952694 82.4598380818087 81.9681311214671 81.5077125885907 81.0455576952766 80.6185854164993 80.309098797686 79.9999772275195 79.6912242033902 79.163399829584 78.6125454061172 78.0571463809294 77.4689307353076 76.8584527408375 76.2443721154157 75.7550172946032 75.5850538365981 75.4148054122925 75.2442678423489 74.7356660085566 74.2155443079331 73.6950852029464 72.4555387216456 70.827448830885 69.197616072262 67.4918522694532 65.6340670445386 63.7730251410428 61.9326575713999 61.8313517360126 61.733427622739 61.63895101407 62.2250563887989 63.1052763742559 63.9815952146755 64.6857838069691 65.1055028438568 65.5179645594429 65.8832165072946 65.5947266185985 65.3010009316837 65.0019631245557 64.1452557479634 63.0917646183687
85.2779157301959 84.7583752800437 84.1811588511747 83.6030994864071 83.047835854923 82.5109480128569 81.9723256616031 81.4853946544668 81.181825313498 80.8786221707568 80.5757875372382 79.9058195633047 79.1939901394003 78.4776207839741 77.7535596314599 77.0236026399276 76.2900452613831 75.7041954292971 75.5257651805878 75.3470546638264 75.1680510885575 74.6557761220371 74.1262090626885 73.5963023690616 72.3415833641501 70.6649786584518 68.9866282659418 67.2243701219559 65.2798596129698 63.332098161473 61.3810231405146 61.3617108008441 61.3557426929474 61.3532196563833 61.8856793010936 62.6705858286689 63.4515958182952 64.0424874249627 64.2910352734958 64.5323375393363 64.7429637347951 64.3387373194975 63.9292824268341 63.5145204768461 62.626395814559 61.5519114101634
86.5377644931569 85.9950301226448 85.371690862319 84.747506870943 84.1294750886805 83.5161540648516 82.9010972976685 82.3520440647707 82.0543933475719 81.7571056029376 81.4601871756946 80.6528361755259 79.780107792686 78.9028445692623 78.0417684386758 77.1923882119796 76.3394141477697 75.6536392183865 75.4667484479792 75.2813150602229 75.0942441996406 74.5803297687979 74.0442636013031 73.5086520138909 72.2514381969676 70.5459245934206 68.8435578486499 67.0612549501307 65.0865075658349 63.1183379888535 61.156871564248 61.1956769718843 61.2831575169283 61.3704783074996 61.8398893720963 62.50133070525 63.1526751378003 63.6077671752257 63.6865272381726 63.7569543754353 63.81035193275 63.3259268928977 62.8388989392449 62.3492309906903 61.4815275809344 60.4516147164737
87.7654020646039 87.3192999222699 86.7723430184757 86.2284241844626 85.5897924759809 84.8587391797234 84.1245500901166 83.4542193535496 83.051116438473 82.6447349260835 82.2349818664439 81.3156770537881 80.323538275326 79.3282299181994 78.3884194598478 77.4932932573206 76.5969342764686 75.8540615754969 75.6023393659031 75.3484535918516 75.0923526427325 74.5908616430619 74.0682010650635 73.5459993586821 72.367026385139 70.7495707063114 69.1352548318751 67.4705853882958 65.6721267910565 63.8802427754683 62.0950529645471 62.0938748471877 62.1717692683725 62.2495053235222 62.5409206923317 62.9462161274517 63.3414255450754 63.5691113892724 63.4471168518066 63.3168017864227 63.1780207297381 62.6384471304276 62.0941919158487 61.5472998058095 60.7226184536429 59.7667485966402
88.9781393163344 88.6686626883114 88.2323686936322 87.7991073832792 87.1492706747616 86.2834091186523 85.414415471694 84.6057681730565 84.0731028178159 83.5371629245141 82.9978565538631 81.9710056150661 80.8653937227586 79.7566168728997 78.74022657731 77.8022738064037 76.8630913425894 76.0614308188943 75.7407064578112 75.4178189810585 75.0927221634809 74.6009442806244 74.0916847341201 73.5828834982479 72.4795589727514 70.9501189203823 69.4238136235405 67.8735543419333 66.2513070386999 64.6356229922351 63.0266274003422 62.9924354973961 63.0607502881218 63.1289073228836 63.2520268454271 63.4012955918032 63.5404883062138 63.5386273580439 63.2159747235915 62.88500902232 62.5455873573528 61.9534031222848 61.3519467886756 60.7478553407332 59.9604482650757 59.0785865222707
90.1858148013844 90.0153872546028 89.6897045584286 89.3670490489286 88.712158315322 87.7115485247444 86.7078100092271 85.7607720007791 85.0986046370338 84.4331652837641 83.7643657011144 82.6295692640192 81.4105373550864 80.1883456707001 79.0933139324188 78.1125554196975 77.1305695281309 76.270963865168 75.88126652381 75.489412798601 75.0953478252187 74.6105803742128 74.1147174835205 73.6193115711212 72.5890388769262 71.147573036306 69.7092374773587 68.2701676312615 66.8240491081687 65.3844864158069 63.9516027674956 63.8913624216529 63.9501012703952 64.0086813463884 63.9731964363771 63.8665551788667 63.74985175273 63.5179820200976 63.0045876362745 62.490894948735 61.9768943786621 61.3507520591511 60.7201088877285 60.0905758773579 59.3582883442149 58.5664550276364
