PREC/medie/CUMULATA_MEDIA_ANNUA.asc
NCOLS 177 
NROWS 174 
XLLCORNER 1436301.375 
YLLCORNER 4916704.5 
CELLSIZE 1500 
NODATA_value -9999 
[rows 96 to 119 of 174, columns 54 to 107 of 177]
871.045372009277 847.008205413818 826.690113067627 812.189514160156 803.596134185791 800.568218231201 798.66987991333 797.068477630615 800.541107177734 807.275733947754 809.421997070312 808.447185516357 804.024452209473 792.402576446533 773.962100982666 750.027000427246 713.054183959961 665.642650604248 611.054103851318 555.872152328491 502.846235275269 458.34432220459 419.314813613892 388.280853271484 362.155109405518 346.630916595459 340.72719669342 346.23321056366 360.928064346313 385.172424316406 418.619167327881 459.883327484131 518.379993438721 588.691944122314 660.113254547119 726.360118865967 781.970306396484 829.690036773682 859.716159820557 874.131561279297 878.552108764648 869.76579284668 861.728446960449 846.465812683105 824.69718170166 798.795349121094 767.07698059082 730.105453491211 693.94543838501 654.342559814453 605.883232116699 555.934898376465 503.027320861816 446.472316741943
811.514198303223 787.644237518311 771.319412231445 762.648803710938 758.885852813721 758.487697601318 760.082328796387 768.523582458496 779.434783935547 793.317943572998 802.895370483398 808.061946868896 807.181549072266 798.600860595703 789.080101013184 769.869380950928 739.037891387939 698.696739196777 652.153121948242 604.7200050354 559.658893585205 519.334096908569 484.01248550415 454.706308364868 428.668577194214 414.389095306396 408.529895782471 412.25200843811 427.02836227417 446.207906723022 475.699728012085 512.645345687866 560.035633087158 616.697601318359 675.98938369751 730.274787902832 774.854103088379 814.670234680176 840.728336334229 856.866142272949 867.558475494385 871.631858825684 867.223857879639 858.873069763184 847.289348602295 820.726879119873 786.036224365234 745.48123550415 700.082611083984 648.622261047363 592.742443084717 535.148983001709 473.145999908447 411.315944671631
752.273441314697 734.820789337158 727.915691375732 724.35897064209 723.210777282715 723.836109161377 733.380836486816 749.862396240234 768.620307922363 787.290405273438 803.698375701904 811.456581115723 812.691329956055 808.895133972168 799.750816345215 783.778705596924 758.998977661133 724.891338348389 688.676536560059 652.26517868042 616.57287979126 583.237426757812 554.090900421143 525.191148757935 504.331188201904 491.57724571228 484.176418304443 483.732627868652 495.15442276001 508.926347732544 529.910749435425 560.489706039429 594.335884094238 638.710205078125 683.889122009277 726.138050079346 761.037403106689 792.296371459961 814.799175262451 830.915420532227 843.925842285156 853.690490722656 855.250282287598 858.749382019043 849.249034881592 829.117454528809 799.684978485107 760.859428405762 711.113677978516 652.616546630859 587.080337524414 520.172618865967 453.046113967896 388.957584381104
705.566112518311 695.313640594482 691.278926849365 693.404678344727 697.145637512207 707.163681030273 723.169662475586 743.192974090576 764.088436126709 783.867679595947 802.060787200928 812.310600280762 817.596694946289 818.801090240479 813.937057495117 796.67892074585 774.409755706787 747.059211730957 720.682384490967 693.478355407715 668.574562072754 644.992469787598 620.592311859131 599.399551391602 582.971506118774 570.072526931763 559.601043701172 553.299160003662 557.78617477417 563.335977554321 572.962896347046 592.12825012207 614.152198791504 644.81778717041 676.826431274414 705.891536712646 732.049270629883 758.078365325928 776.675411224365 791.256072998047 805.949306488037 821.679019927979 829.44055557251 836.974674224854 836.302799224854 826.623931884766 805.713584899902 772.355411529541 722.813671112061 659.4225730896 590.404769897461 517.181331634521 443.200805664062 375.978773117065
669.42830657959 667.851642608643 669.227191925049 673.862823486328 684.361610412598 700.403968811035 723.288089752197 745.611915588379 764.70227432251 784.197196960449 801.80443572998 819.762317657471 827.521427154541 827.924327850342 821.16060256958 807.571254730225 786.601631164551 767.228855133057 749.602172851562 729.206424713135 713.75443649292 696.173675537109 680.143627166748 666.33423614502 652.681690216064 638.194286346436 623.374393463135 610.117897033691 604.071773529053 600.434463500977 597.749046325684 604.784507751465 615.26053237915 633.108444213867 652.859622955322 673.233795166016 692.078437805176 707.635688781738 727.948539733887 743.550647735596 760.83967590332 777.681926727295 792.039566040039 804.45161819458 812.01448059082 812.472324371338 801.439086914062 773.849620819092 728.365459442139 664.564388275146 593.083213806152 516.58960723877 441.154554367065 372.392206192017
646.673984527588 652.514640808105 660.885025024414 671.773223876953 684.947883605957 703.854263305664 725.882640838623 749.170616149902 770.986385345459 792.099182128906 813.313034057617 828.848114013672 837.911743164062 836.504920959473 828.223541259766 814.930213928223 800.139301300049 782.576580047607 772.111885070801 760.27307510376 745.588542938232 734.532196044922 727.629169464111 717.169136047363 704.347332000732 687.02307510376 666.422676086426 644.671680450439 626.736621856689 614.769264221191 602.669578552246 596.686412811279 598.25163269043 603.733348846436 616.150974273682 631.022884368896 645.064205169678 658.070915222168 673.570117950439 693.063884735107 710.278137207031 728.134048461914 747.265857696533 765.401489257812 778.931976318359 786.372585296631 781.417274475098 759.843494415283 717.751377105713 661.844242095947 592.98556137085 517.534843444824 443.336019515991 375.748138427734
637.242788314819 650.502223968506 665.085647583008 679.341163635254 693.713794708252 714.144077301025 735.649677276611 759.215774536133 784.356323242188 805.117858886719 826.991428375244 840.522121429443 845.087245941162 844.52001953125 835.816078186035 824.278507232666 810.210781097412 793.025924682617 783.499706268311 775.045043945312 768.231101989746 761.499908447266 755.918212890625 746.143730163574 731.437664031982 710.543102264404 683.591808319092 654.02209854126 625.316360473633 604.998790740967 585.48600769043 570.828134536743 565.20991897583 563.472236633301 571.947887420654 584.828651428223 597.990661621094 611.803680419922 626.021923065186 642.915145874023 662.337070465088 680.117786407471 700.925064086914 720.91527557373 738.222484588623 747.60559463501 744.584564208984 731.25715637207 698.607723236084 649.280567169189 585.54956817627 514.955097198486 445.025686264038 381.706249237061
636.603727340698 657.155708312988 676.385887145996 693.791896820068 709.802639007568 730.156692504883 751.017002105713 774.460597991943 799.289653778076 821.185352325439 839.854804992676 851.327354431152 854.168079376221 849.60135269165 841.139125823975 829.026172637939 815.827560424805 801.535709381104 793.495376586914 786.736450195312 782.666217803955 774.757667541504 764.715335845947 752.327499389648 734.10684967041 708.261486053467 675.95573425293 640.301921844482 604.905513763428 577.382869720459 553.263208389282 533.945497512817 523.5290184021 520.119403839111 527.703859329224 541.279859542847 559.437383651733 575.527690887451 592.250507354736 609.934989929199 626.236030578613 639.976333618164 660.525798797607 676.349369049072 691.608249664307 700.691844940186 703.960609436035 693.339252471924 666.091285705566 623.573093414307 568.116374969482 506.504068374634 445.244777679443 392.431972503662
643.766422271729 668.595649719238 689.943264007568 708.327610015869 724.877563476562 746.136375427246 765.656917572021 787.575523376465 811.670356750488 834.474575042725 852.441650390625 864.240268707275 864.761703491211 858.624389648438 850.415100097656 839.57865524292 825.900199890137 811.179821014404 799.891208648682 790.399536132812 783.974048614502 774.881843566895 759.998142242432 740.630710601807 717.580211639404 686.949226379395 650.628498077393 610.888813018799 572.269407272339 538.409393310547 513.058647155762 493.922260284424 482.433115005493 480.88809967041 492.733884811401 508.718225479126 527.111843109131 546.544570922852 565.993482589722 583.1569480896 598.621612548828 614.788837432861 631.970409393311 644.581111907959 651.918857574463 658.806907653809 658.428161621094 647.228122711182 623.230308532715 588.032932281494 543.319141387939 494.027261734009 448.356380462646 404.031259536743
654.387367248535 679.810665130615 701.653686523438 718.929721832275 736.051918029785 755.729869842529 774.397315979004 795.022174835205 818.617584228516 840.519233703613 858.919651031494 871.176044464111 874.331382751465 870.398426055908 860.494400024414 847.635707855225 832.483310699463 815.192401885986 802.28742980957 789.423454284668 778.158321380615 762.605136871338 743.587661743164 722.969535827637 693.008560180664 657.644664764404 617.789783477783 576.148723602295 536.413595199585 501.354801177979 472.61826133728 456.208896636963 446.562070846558 452.130281448364 463.809541702271 481.670919418335 503.470098495483 526.545928955078 548.450441360474 565.341857910156 580.765602111816 595.185243606567 608.994487762451 618.857879638672 623.747680664062 620.778858184814 614.313789367676 600.950698852539 578.935214996338 550.332565307617 516.259763717651 482.786605834961 447.863264083862 414.820142745972
667.826189041138 691.070281982422 709.50337600708 725.37797164917 738.954875946045 756.224182128906 775.474609375 796.570098876953 820.107788085938 841.432594299316 860.71382522583 874.593757629395 880.92015838623 880.610706329346 869.578811645508 855.460205078125 837.965217590332 814.946228027344 798.248096466064 783.651428222656 767.815086364746 748.654563903809 725.880558013916 699.940586090088 666.531089782715 629.732563018799 588.778816223145 546.059011459351 503.997297286987 469.335903167725 441.928657531738 423.800745010376 418.923839569092 427.279808044434 441.604742050171 463.175825119019 489.391427993774 514.216632843018 538.255390167236 559.623317718506 576.593559265137 588.011241912842 595.555473327637 600.665494918823 598.974992752075 591.527996063232 575.541263580322 558.093635559082 537.426916122437 514.191356658936 491.212461471558 469.98316192627 447.250316619873 427.492294311523
682.903539657593 699.73278427124 711.562999725342 723.342403411865 733.202377319336 745.867065429688 767.354850769043 791.760929107666 815.481792449951 835.149509429932 858.872646331787 876.632446289062 887.209857940674 887.406772613525 878.35848236084 861.258609771729 841.643863677979 816.299057006836 794.897266387939 775.924320220947 757.522415161133 733.184715270996 708.632335662842 679.527582168579 645.516403198242 605.931720733643 565.013748168945 522.890186309814 482.59790802002 445.67041015625 419.713500976562 403.844137191772 403.142381668091 410.178607940674 426.425708770752 450.189819335938 479.597650527954 510.568302154541 540.346908569336 564.996675491333 581.780670166016 590.725698471069 592.075925827026 590.25101852417 582.527561187744 568.824264526367 547.874057769775 526.347076416016 504.786905288696 485.570053100586 471.780355453491 458.700897216797 447.943077087402 439.893934249878
699.727851867676 706.396270751953 709.034713745117 714.283874511719 718.933666229248 729.103149414062 749.664596557617 775.49702835083 800.745662689209 823.280517578125 852.1799659729 873.333675384521 887.171672821045 889.32007598877 880.676147460938 862.300922393799 839.200099945068 817.038639068604 794.563034057617 770.944789886475 744.256084442139 720.13204574585 694.196441650391 664.34033203125 630.28907585144 591.859052658081 550.814804077148 508.268030166626 468.232625961304 433.932752609253 408.324211120605 395.610311508179 395.193820953369 403.486936569214 421.567264556885 448.602598190308 481.100399017334 516.438133239746 549.657258987427 575.419895172119 591.849639892578 598.556957244873 597.072450637817 587.937730789185 574.890285491943 557.181224822998 532.747005462646 507.305393218994 485.441812515259 467.437105178833 457.923547744751 451.40291595459 448.874942779541 448.182914733887
717.574573516846 710.780578613281 702.26575088501 698.169593811035 696.320446014404 702.529197692871 718.787204742432 745.21985244751 768.155429840088 802.290676116943 834.370021820068 860.871112823486 879.073806762695 884.379161834717 878.578029632568 859.905860900879 841.290367126465 816.470413208008 793.24210357666 766.955154418945 739.161270141602 711.100933074951 685.196807861328 656.424365997314 623.71227645874 585.957647323608 546.685232162476 505.66157913208 466.558673858643 433.597873687744 408.296202659607 396.716199874878 396.651686668396 406.201192855835 425.776035308838 454.765180587769 489.908390045166 528.652557373047 564.885364532471 593.600099563599 611.77398109436 618.366647720337 613.4700050354 599.884637832642 580.585594177246 557.023101806641 530.193326950073 501.181270599365 478.040361404419 460.77241897583 451.073291778564 446.679445266724 449.084884643555 458.760828018188
726.574867248535 709.922515869141 687.873447418213 672.63542175293 663.430332183838 665.154823303223 677.123970031738 695.639896392822 725.311504364014 764.899124145508 801.637775421143 830.693870544434 853.370376586914 861.375812530518 861.398513793945 849.463111877441 831.758354187012 809.716819763184 787.536079406738 757.700344085693 733.030374526978 709.711345672607 686.061063766479 660.004224777222 629.675254821777 595.226190567017 556.667848587036 517.36169052124 478.686777114868 445.767356872559 420.258083343506 408.664771080017 408.025897979736 417.193309783936 437.020473480225 466.574647903442 503.600402832031 543.807294845581 582.295440673828 613.981687545776 635.293569564819 644.474449157715 641.709127426147 629.174345016479 606.067562103271 577.80665397644 542.738590240479 508.250871658325 481.108531951904 462.069845199585 453.119718551636 450.349296569824 456.449977874756 470.644386291504
723.800449371338 692.520004272461 662.59436416626 635.453056335449 615.948318481445 610.794778823853 617.483997344971 637.191909790039 667.956718444824 708.053848266602 745.613235473633 779.665790557861 805.889083862305 826.272785186768 834.082313537598 827.402961730957 813.20825958252 792.143280029297 773.690135955811 752.43444442749 728.91505241394 710.190765380859 693.128528594971 670.819053649902 646.664697647095 614.668310165405 578.514371871948 539.70171546936 502.010515213013 468.577947616577 441.857602119446 427.281112670898 425.30198097229 433.503080368042 452.437623977661 483.076856613159 520.880743026733 562.556978225708 602.970386505127 636.843818664551 663.161861419678 679.989088058472 681.088495254517 669.342861175537 645.821317672729 613.90055847168 572.459812164307 535.718427658081 503.759426116943 477.400846481323 465.985008239746 462.79613494873 467.671369552612 480.602434158325
699.656135559082 654.988716125488 611.542524337769 580.277393341064 552.827932357788 542.189994812012 547.631195068359 565.30513381958 598.006694793701 635.234664916992 674.906440734863 714.533069610596 748.448280334473 775.19474029541 788.659774780273 790.50662612915 781.955585479736 767.829219818115 754.929279327393 739.068439483643 723.483243942261 710.434846878052 700.040115356445 685.699459075928 664.72947883606 638.924766540527 606.586296081543 568.747446060181 530.792394638062 495.545537948608 466.962030410767 450.700874328613 445.363787651062 454.134593963623 471.409042358398 499.95291519165 536.362379074097 577.608730316162 620.266679763794 660.177686691284 695.210233688354 717.21706199646 725.729656219482 719.124641418457 697.477949142456 661.871715545654 615.803886413574 573.982498168945 536.209318161011 506.449783325195 489.74387550354 483.608068466187 482.949663162231 491.432067871094
660.301651000977 607.484941482544 555.740623474121 516.215930938721 486.780220031738 470.736057281494 471.17805480957 487.476543426514 515.921957015991 551.031381607056 592.592308044434 635.655776977539 674.930648803711 704.594619750977 726.288059234619 736.850315093994 737.237819671631 730.056938171387 723.325712203979 714.502981185913 707.652345657349 700.525171279907 698.42359161377 691.133836746216 680.841854095459 663.186168670654 635.779260635376 600.538120269775 561.408906936646 524.101133346558 492.345087051392 472.776338577271 467.797220230103 472.784475326538 487.37720489502 513.111946105957 547.909965515137 588.783960342407 633.372047424316 680.333925247192 722.037355422974 752.547439575195 769.388185501099 768.853084564209 750.62438583374 712.972661972046 668.498413085938 621.503860473633 578.780986785889 546.011209487915 521.100435256958 509.294519424438 503.513875961304 503.745849609375
602.709352493286 543.102027893066 488.982187271118 447.079797744751 416.559703826904 396.886796951294 393.097358703613 406.586809158325 429.916732788086 462.847269058228 503.162460327148 547.002779006958 588.050800323486 621.13646697998 645.990184783936 665.49893951416 672.6946849823 672.777166366577 672.419651031494 670.874052047729 673.203756332397 678.67910194397 684.350902557373 689.32187461853 689.725164413452 680.489431381226 659.202503204346 626.574405670166 586.993482589722 546.494232177734 512.45267868042 490.031181335449 481.922512054443 482.685548782349 495.81976890564 519.299510955811 552.568841934204 593.101387023926 640.171049118042 691.160522460938 738.45841217041 777.725345611572 804.376644134521 811.26460647583 794.762969970703 762.655841827393 720.376638412476 674.585485458374 629.945562362671 588.627269744873 554.250970840454 533.897058486938 521.822467803955 511.22620010376
530.780975341797 469.166530609131 415.275472640991 374.852647781372 344.630069732666 325.398164749146 321.149200439453 329.336521148682 348.194301605225 376.956958770752 413.459053039551 454.096971511841 493.504064559937 527.392406463623 556.3226146698 576.379545211792 589.231611251831 597.890228271484 605.055673599243 613.024291992188 627.516086578369 642.535263061523 657.443689346313 672.737596511841 683.310791015625 682.730728149414 667.577995300293 638.324481964111 597.940509796143 555.835638046265 520.766141891479 496.397306442261 483.751245498657 483.054298400879 491.00820350647 513.080442428589 545.486772537231 585.808959960938 635.774265289307 688.1285572052 739.75997543335 786.288265228271 822.751499176025 834.580368041992 828.679203033447 804.674240112305 767.56582069397 723.77855682373 675.511817932129 629.616504669189 590.190914154053 557.358308792114 535.03168296814 514.348737716675
451.068353652954 393.568813323975 343.045794487 306.05867767334 278.507485389709 260.081577301025 256.93566608429 261.253470420837 275.732501029968 299.231870651245 329.528718948364 363.923055648804 397.40899848938 430.824333190918 459.666084289551 481.669504165649 498.471267700195 511.617082595825 524.925148010254 543.636070251465 566.624967575073 589.268438339233 612.458524703979 636.621829986572 656.334238052368 663.543968200684 654.065135955811 626.525615692139 587.802219390869 546.816883087158 510.645097732544 484.199005126953 468.835765838623 464.823972702026 471.055164337158 490.014179229736 520.885829925537 558.764810562134 611.75772857666 664.199071884155 718.41103553772 769.561611175537 810.648735046387 837.883377075195 841.300733566284 824.763042449951 796.759063720703 755.025716781616 710.478368759155 663.120067596436 618.10958480835 577.075574874878 540.575132369995 506.231101989746
372.361463546753 322.07017993927 278.20147228241 246.214859008789 223.047527313232 206.023093223572 202.667254447937 204.10267829895 214.433075904846 232.377998352051 255.707889556885 281.035647392273 309.634222984314 338.708541870117 364.769931793213 387.607467651367 406.721162796021 423.496677398682 441.756427764893 464.062110900879 492.572971343994 520.990839004517 549.948398590088 582.198610305786 608.336645126343 621.074060440063 614.93078994751 590.795143127441 556.042894363403 516.111539840698 480.594026565552 452.707984924316 435.162845611572 430.38850402832 433.40277671814 451.319206237793 479.493324279785 518.317941665649 566.311386108398 618.06921005249 673.892959594727 728.33836555481 777.469783782959 811.323276519775 821.943302154541 816.392578125 795.581737518311 761.384080886841 722.288408279419 678.734369277954 629.461002349854 582.768581390381 536.793983459473 488.872932434082
301.764669418335 259.875128746033 223.742283821106 196.872594356537 178.268168926239 163.294842720032 159.29762172699 159.307518005371 166.090705871582 178.271696567535 194.496392250061 213.792843818665 237.042502403259 260.654467582703 282.57421875 301.629506111145 320.750387191772 338.883590698242 359.469876289368 384.734308242798 413.703319549561 446.909986495972 479.509140014648 515.687620162964 544.493953704834 559.227020263672 555.005542755127 535.71630859375 503.238922119141 464.745483398438 431.381620407104 404.905591964722 386.116992950439 381.101166725159 382.269565582275 398.156785011292 422.213899612427 458.96523475647 504.058431625366 555.256452560425 608.747434616089 664.342338562012 714.85897064209 752.099000930786 768.468078613281 773.678409576416 760.90484046936 736.036777496338 703.613103866577 664.711585998535 615.319082260132 565.557973861694 514.018909454346 458.599639892578
243.249538421631 209.338707923889 180.417394638062 158.554108142853 143.50316619873 131.605526447296 127.375631332397 125.683917999268 129.216397762299 137.385271549225 148.522299289703 162.793734550476 179.893381595612 197.559791564941 214.447574615479 230.072076797485 246.093374252319 264.297907829285 285.572023391724 310.452764511108 339.468250274658 372.041454315186 406.176530838013 442.70032119751 471.883670806885 486.998655319214 485.234537124634 467.212074279785 437.063764572144 401.258613586426 370.46293258667 345.71652507782 328.367573738098 321.531530380249 322.67370223999 336.503084182739 356.872397422791 389.713804244995 432.657566070557 477.414987564087 528.18222618103 579.981666564941 628.132522583008 664.965402603149 686.202377319336 698.039516448975 693.819366455078 677.804267883301 651.946226119995 618.510898590088 571.764455795288 521.510259628296 467.701242446899 410.284666061401
