PREC/medie/CUMULATA_MEDIA_ANNUA.asc
NCOLS 177 
NROWS 174 
XLLCORNER 1436301.375 
YLLCORNER 4916704.5 
CELLSIZE 1500 
NODATA_value -9999 
[rows 40 to 59 of 174, columns 92 to 137 of 177]
1179.88900756836 1222.7873916626 1265.31227874756 1272.59826660156 1267.87882232666 1262.20846557617 1244.18105697632 1214.22381973267 1184.92392349243 1169.89594268799 1194.16062927246 1217.72452545166 1240.63367462158 1252.41073989868 1263.47447967529 1273.68145751953 1250.49617004395 1218.12181091309 1189.35621643066 1188.39725494385 1212.43199157715 1237.64860916138 1262.05581665039 1283.77700805664 1303.63601303101 1322.23043823242 1335.18494415283 1347.4948348999 1358.86339950562 1382.01651763916 1408.00177764893 1433.21551132202 1453.73595046997 1470.5412979126 1487.10438537598 1499.01525115967 1500.23046875 1501.74370574951 1502.67543792725 1491.91116333008 1481.37605285645 1471.15303039551 1458.49909210205 1445.69371032715 1433.61865234375 1419.50565338135
1179.05754852295 1221.61535644531 1263.79811096191 1275.77996826172 1276.76342773438 1276.65566253662 1271.26358413696 1260.63371276855 1250.08273696899 1246.71881484985 1264.16724777222 1280.84708404541 1296.97666931152 1293.30011749268 1288.93894195557 1283.74201965332 1256.82038116455 1223.70392227173 1195.5680847168 1196.10967636108 1224.19174575806 1252.83204650879 1278.55120849609 1295.68887710571 1310.9688949585 1325.14736557007 1339.81404876709 1353.69548416138 1366.3762588501 1388.42282485962 1413.00093078613 1436.80979919434 1458.28995132446 1477.82850646973 1497.21384429932 1511.86426544189 1514.49906158447 1517.48645019531 1520.08413696289 1507.83550262451 1495.90506744385 1484.45816040039 1477.32767486572 1471.6678314209 1466.52321624756 1454.65635681152
1180.90645217896 1223.11843109131 1264.49353790283 1280.53280639648 1286.70838928223 1291.50569534302 1297.69195556641 1305.680519104 1313.93877410889 1323.1541595459 1333.98455047607 1344.29985046387 1354.22602844238 1336.2806930542 1317.1584854126 1297.02028656006 1266.36952972412 1232.83779144287 1204.79557800293 1206.17234802246 1237.76721954346 1269.40440368652 1296.28999328613 1308.43811798096 1318.73406219482 1327.86246109009 1343.85556793213 1359.24897003174 1373.64113998413 1395.06963729858 1418.53156280518 1440.75660324097 1462.85933303833 1484.96779632568 1506.9455947876 1524.17181396484 1528.02028656006 1532.40292358398 1536.79166412354 1523.05848693848 1509.80375671387 1497.32889556885 1495.5255355835 1497.14127349854 1498.78171539307 1489.43505096436
1196.70069122314 1241.19218826294 1284.47226333618 1305.68839263916 1317.46499633789 1327.29090881348 1342.51749420166 1363.78615570068 1384.6043548584 1401.33734130859 1404.72128295898 1407.72822570801 1410.38272857666 1383.44407653809 1355.34745025635 1326.64286804199 1293.72811126709 1259.76872253418 1231.78805923462 1233.12572479248 1266.569480896 1299.34728622437 1326.91171646118 1337.81085586548 1347.13935089111 1355.48778152466 1372.35286331177 1388.83880233765 1404.44846725464 1424.61177444458 1446.05730819702 1465.66669082642 1485.09957122803 1504.27572631836 1522.95001983643 1537.29560852051 1538.99238586426 1541.18283081055 1543.62364196777 1530.84474945068 1518.78073120117 1507.96848297119 1507.39263916016 1510.11679840088 1512.01834106445 1503.25341033936
1352.31488800049 1404.3698425293 1454.57949066162 1473.81182861328 1479.1220703125 1482.16847229004 1484.54000091553 1485.84589385986 1487.024559021 1486.14427185059 1478.48133087158 1470.69694519043 1462.74356842041 1440.69079589844 1417.64577484131 1393.762840271 1360.18027496338 1323.08369445801 1292.54498291016 1290.09740447998 1320.55930328369 1349.87995147705 1375.536277771 1388.84815597534 1400.59930419922 1411.29369354248 1426.78381347656 1442.08341217041 1456.73500823975 1473.52546691895 1490.80545043945 1505.74166488647 1519.3007850647 1531.25354766846 1542.72592163086 1550.98030853271 1548.95053863525 1547.5731048584 1546.59033203125 1536.10897827148 1526.25674438477 1517.94348144531 1517.82065582275 1520.60089111328 1522.08413696289 1514.11180877686
1508.23651885986 1567.60340881348 1624.58759307861 1642.01908111572 1640.71770477295 1637.04461669922 1626.98542785645 1608.40190887451 1589.95408630371 1571.22705078125 1552.52555847168 1533.92090606689 1515.3231048584 1497.63259887695 1479.67372131348 1460.80126953125 1427.00402832031 1386.92160797119 1353.37419891357 1346.68260955811 1373.66632080078 1399.58149719238 1423.27751922607 1439.16563034058 1453.54789352417 1466.83058547974 1481.33679199219 1495.59410095215 1509.21974945068 1522.68975448608 1535.78254318237 1546.38993835449 1554.53681564331 1559.64183807373 1563.89189147949 1565.80166625977 1559.90019989014 1554.88697814941 1550.49292755127 1542.07908630371 1534.27478027344 1528.0163192749 1528.03075408936 1530.52391052246 1531.6215057373 1524.40367889404
1664.67351531982 1730.97264099121 1794.52278900146 1810.30059051514 1802.21773529053 1791.90326690674 1769.84859466553 1731.45322418213 1693.39647674561 1656.59122467041 1626.86100006104 1597.41602325439 1568.15199279785 1554.31945037842 1541.46794128418 1527.72080230713 1494.06835174561 1451.08646392822 1414.06121826172 1402.76566314697 1426.02596282959 1448.65326690674 1470.51074981689 1489.58110046387 1507.40983963013 1524.30518722534 1538.26960372925 1551.67210769653 1564.38933181763 1574.57391357422 1583.2486114502 1589.25342178345 1591.94892120361 1590.32604217529 1587.46601867676 1582.58245849609 1570.56200408936 1559.36602020264 1548.7442855835 1541.63087463379 1535.52149963379 1530.95642852783 1530.43676757812 1531.62454223633 1531.25156402588 1523.54468536377
1742.27546691895 1809.02359008789 1872.44891357422 1886.41278839111 1874.44097900391 1860.50039672852 1833.59824371338 1787.82498168945 1743.02007293701 1699.60401916504 1662.31210327148 1625.61006164551 1589.40430450439 1575.48250579834 1563.4157409668 1550.3399887085 1521.12538146973 1483.97329711914 1452.96503448486 1444.54132843018 1468.35899353027 1491.82553863525 1515.85964202881 1543.38966369629 1569.73341369629 1595.09756469727 1608.26396942139 1619.90589141846 1630.83288574219 1636.3307800293 1638.77681732178 1638.44385528564 1634.70345306396 1626.15858459473 1616.01621246338 1603.37713623047 1580.73873138428 1559.12548065186 1538.35033416748 1532.1223449707 1528.01773834229 1525.45905303955 1524.42741394043 1524.03536987305 1521.97752380371 1513.54558563232
1793.55696868896 1860.41792297363 1923.62642669678 1937.66706085205 1924.47706604004 1909.46246337891 1880.99713134766 1831.80920410156 1783.69403839111 1736.46502685547 1692.82102203369 1649.92441558838 1607.70951080322 1593.72051239014 1582.73541259766 1570.73873901367 1546.51660919189 1515.80382537842 1491.11977386475 1485.90661621094 1510.44956207275 1534.84701538086 1560.87962341309 1596.96132659912 1631.83671569824 1665.60744476318 1678.2887878418 1688.0899810791 1697.09996032715 1697.94821929932 1694.02349090576 1687.10055541992 1676.6791229248 1660.92726135254 1643.56587219238 1623.462059021 1590.37675476074 1558.52043151855 1527.80882263184 1522.16590881348 1520.20442962646 1519.49793243408 1517.95448303223 1515.8198928833 1512.1891784668 1503.08598327637
1841.69580078125 1908.81241607666 1972.40194702148 1987.12944793701 1973.2837677002 1957.62437438965 1928.07680511475 1875.8787689209 1824.43809509277 1773.34607696533 1723.21782684326 1673.97700500488 1625.60781097412 1611.19577026367 1601.14120483398 1590.03950500488 1570.45861816406 1546.02606964111 1528.02130126953 1526.54753875732 1552.14099121094 1577.64839172363 1605.55191802979 1650.31172943115 1693.74333953857 1735.84275054932 1748.34537506104 1756.23226928711 1763.21787261963 1759.49111938477 1749.10554504395 1735.45301818848 1718.24114990234 1695.16656494141 1670.67760467529 1643.3876953125 1599.79976654053 1557.92765045166 1517.98466491699 1512.53777313232 1512.54641723633 1513.23497772217 1511.24168395996 1507.61490631104 1502.84021759033 1493.66566467285
1876.48064422607 1940.43813323975 2000.81642913818 2014.32577514648 1998.96427154541 1981.8028793335 1951.62175750732 1899.11218261719 1847.22850799561 1794.87697601318 1736.72315216064 1679.51988220215 1623.31922912598 1606.53923034668 1595.61711883545 1583.5397644043 1564.63507080078 1541.40631866455 1524.60063171387 1525.67577362061 1558.63843536377 1591.91194915771 1626.98752593994 1674.09820556641 1719.49242401123 1763.02994537354 1775.88114929199 1783.31285858154 1789.82550811768 1784.04637145996 1770.10829925537 1752.89060211182 1731.41143035889 1702.19203948975 1671.81369781494 1639.68002319336 1596.63171386719 1555.60005950928 1516.83575439453 1509.35935974121 1507.61624908447 1506.1279296875 1503.40437316895 1499.88187408447 1495.49444580078 1488.18021392822
1892.77541351318 1949.96906280518 2003.72164154053 2014.9022064209 1998.41667938232 1980.18940734863 1951.04863739014 1902.11661529541 1853.5168762207 1803.26261901855 1736.59369659424 1670.99576568604 1606.60975646973 1586.97373199463 1574.98348999023 1561.80141448975 1542.44532775879 1518.91115570068 1501.96356964111 1506.0827255249 1550.39303588867 1595.06230926514 1640.37685394287 1688.55382537842 1734.91374969482 1779.15873718262 1793.58013153076 1801.96364593506 1809.32526397705 1802.94319915771 1786.70327758789 1767.05728912354 1742.34622955322 1707.71200561523 1672.20876312256 1635.76401519775 1593.63094329834 1553.5202255249 1515.84607696533 1506.36117553711 1502.80792236328 1499.16477966309 1495.63258361816 1492.23919677734 1488.11153411865 1482.35762786865
1906.30950927734 1956.86516571045 2004.54354095459 2013.82332611084 1996.80057525635 1977.28231048584 1948.79376220703 1903.16809844971 1857.64267730713 1809.61911010742 1734.23143768311 1660.02308654785 1587.24374389648 1564.31973266602 1551.11340332031 1536.96905517578 1517.28394317627 1493.59790039062 1476.89433288574 1484.10610961914 1540.1763458252 1596.34995269775 1652.2522354126 1701.48832702637 1748.80207824707 1793.70960235596 1809.65058898926 1818.97245788574 1827.25341033936 1820.45893096924 1801.98680114746 1780.08318328857 1752.41973876953 1712.52808380127 1672.2681427002 1631.73349761963 1590.95111846924 1551.90866088867 1515.14242553711 1503.59902954102 1498.12811279297 1492.35335540771 1487.9315032959 1484.68547058105 1480.70176696777 1476.23295593262
1916.32249450684 1959.01013183594 1999.27340698242 2006.61819458008 1990.63179779053 1971.59563446045 1944.24562072754 1899.26015472412 1853.76998901367 1805.14999389648 1721.41809082031 1639.1088180542 1558.60451507568 1531.74448394775 1516.59632110596 1500.76027679443 1481.23143005371 1459.03853607178 1444.38494873047 1454.8469619751 1519.84385681152 1584.4680557251 1648.29082489014 1700.21611022949 1750.31159210205 1797.88294219971 1815.15484619141 1824.63550567627 1833.02317047119 1826.29283905029 1807.03161621094 1784.44287109375 1755.92529296875 1713.62425231934 1671.62606811523 1629.92946624756 1591.75692749023 1555.13511657715 1520.68608856201 1510.28800201416 1506.62707519531 1502.63803100586 1497.56458282471 1491.29971313477 1484.10067749023 1476.27928161621
1897.00350189209 1923.59456634521 1948.48388671875 1958.1305770874 1956.65782928467 1951.2244644165 1930.09144592285 1874.2061920166 1817.62005615234 1758.79084777832 1671.49813079834 1585.72275543213 1501.99575805664 1471.942237854 1454.92207336426 1437.50604248047 1420.94010162354 1405.26496887207 1397.46016693115 1413.05891418457 1483.15361022949 1552.64562225342 1621.48951721191 1679.86116027832 1736.32611083984 1789.94721984863 1809.36213684082 1819.03735351562 1827.60104370117 1822.06490325928 1803.90786743164 1782.4055557251 1754.92929077148 1712.34233856201 1670.50121307373 1629.18966674805 1594.11344909668 1560.34563446045 1528.55226135254 1520.12715148926 1519.06346130371 1517.4118270874 1511.39551544189 1500.85888671875 1489.36541748047 1477.17021179199
1878.24549865723 1888.75924682617 1897.50154876709 1907.86064910889 1920.02193450928 1928.2658996582 1914.14669036865 1847.51573944092 1780.18405914307 1711.37860107422 1620.99913024902 1532.03609466553 1445.08502960205 1411.79794311523 1392.92881011963 1374.16300964355 1360.54208374023 1351.63524627686 1350.46636199951 1371.01036071777 1445.93510437012 1520.08564758301 1593.69116973877 1658.30005645752 1721.0415802002 1780.77746582031 1802.6216506958 1812.5159072876 1820.95169830322 1816.25694274902 1798.87339019775 1778.89630889893 1753.07680511475 1710.79376220703 1669.35385131836 1628.43357849121 1596.48050689697 1565.62464904785 1536.47760772705 1530.01783752441 1531.53405761719 1532.02964782715 1525.18460083008 1510.20803070068 1494.21305084229 1477.45317077637
1860.10501098633 1854.60075378418 1846.20559692383 1855.56203460693 1880.44459533691 1902.53662109375 1896.35652160645 1819.24298095703 1741.57855987549 1663.05000305176 1570.02645874023 1478.1403427124 1387.98262786865 1351.44049835205 1330.74095916748 1310.77743530273 1299.98188781738 1297.96720123291 1303.60472106934 1329.5115814209 1409.6715927124 1488.94276428223 1567.73598480225 1638.33792877197 1706.88230895996 1772.02713775635 1796.58783721924 1807.1594543457 1815.92042541504 1811.50857543945 1793.04919433594 1772.46229553223 1746.55658721924 1704.89543151855 1664.21699523926 1624.22509002686 1596.89329528809 1570.94524383545 1546.65955352783 1540.90578460693 1542.06737518311 1541.4485244751 1532.42070770264 1513.59760284424 1493.77852630615 1473.09593200684
1833.94327545166 1825.01319122314 1812.454246521 1812.45372772217 1823.21998596191 1831.40187072754 1816.82608795166 1743.35527038574 1669.96217346191 1596.5816192627 1515.30097198486 1435.37867736816 1357.38024139404 1323.87154388428 1304.74584960938 1287.11557006836 1279.08938598633 1280.67725372314 1289.16858673096 1317.0538482666 1402.10348510742 1486.14471435547 1569.61071014404 1638.78391265869 1705.77125549316 1769.2424697876 1795.83930969238 1808.4647064209 1818.84252929688 1812.03745269775 1785.56460571289 1757.73873901367 1727.14751434326 1688.01489257812 1649.91480255127 1612.58782196045 1593.56007385254 1576.25514221191 1560.30318450928 1553.49732208252 1550.29122924805 1544.83208465576 1532.33743286133 1510.90730285645 1488.42816925049 1464.85029602051
1804.83730316162 1796.51731109619 1783.56507873535 1772.319190979 1762.26915740967 1750.54399871826 1724.29725646973 1658.31748962402 1592.62306213379 1527.19490814209 1459.98204040527 1393.92865753174 1329.56241607666 1299.70672607422 1282.00249481201 1266.19673156738 1260.19380187988 1264.6429977417 1275.52735900879 1305.10160827637 1394.80131530762 1483.35849761963 1571.18705749512 1638.86763763428 1704.1116027832 1766.00437927246 1794.60359954834 1809.40458679199 1821.43769836426 1812.65092468262 1778.21490478516 1743.11914825439 1707.44869995117 1670.83123779297 1635.32891845703 1600.72500610352 1589.80493927002 1581.15121459961 1573.33615875244 1565.8197479248 1558.05862426758 1547.66951751709 1531.51418304443 1507.3776473999 1482.66762542725 1456.85841369629
1773.79008483887 1765.55381774902 1753.31469726562 1732.42711639404 1702.61618041992 1670.90896606445 1632.04795074463 1573.35255432129 1515.47106933594 1458.1907043457 1405.29156494141 1353.52252197266 1303.37006378174 1278.09963226318 1262.25913238525 1247.98101043701 1243.67993164062 1250.71202850342 1263.51725769043 1294.20197296143 1388.07032012939 1480.69602203369 1572.45722961426 1638.46324157715 1701.7456817627 1762.22360992432 1792.84177398682 1809.97623443604 1823.72232818604 1813.37713623047 1771.03308868408 1728.65048980713 1687.52160644531 1653.42080688477 1620.53121948242 1588.68857574463 1585.77161407471 1585.60789489746 1585.09597015381 1576.93179321289 1564.73724365234 1549.80574798584 1530.19777679443 1503.22820281982 1476.20669555664 1448.36619567871
