PREC/medie/CUMULATA_MEDIA_11.asc
NCOLS 177 
NROWS 174 
XLLCORNER 1436301.375 
YLLCORNER 4916704.5 
CELLSIZE 1500 
NODATA_value -9999 
[rows 60 to 79 of 174, columns 0 to 45 of 177]
228.396431600346 228.937048393137 229.44658203686 229.898128215004 229.838213008993 229.627977216945 229.698951847413 229.669113194241 229.528394229272 229.809010705527 230.599578087821 232.945761855034 235.336695237633 237.759264714057 241.883151390973 246.041105719174 250.119538699879 253.229442540337 255.924422656789 258.564315515406 260.432068993064 261.321235320147 262.180210786707 263.054312537698 264.02637425591 265.025850744808 266.04711117464 266.2753869225 266.446091034833 266.636443306418 266.786030152265 266.915018979241 267.034160501817 266.25762277491 264.178321613985 262.15127843969 259.599610609167 253.969977098353 248.318517236149 242.647605559405 240.571329565609 238.916166866527 237.199752807617 235.874567863915 234.776126884801 233.218175641754
229.58034009092 229.709640278536 229.866053090376 230.059747191036 229.900581668405 229.656000123304 229.683153313749 229.621354839381 229.465002778698 229.738129321267 230.50151867288 232.696123977794 234.943381641718 237.226738465758 241.091043135699 244.952053406659 248.695960044861 251.37717146032 253.616483463961 255.803292723263 257.36316131143 258.1450807908 258.908836813534 259.698929281796 260.619813245885 261.583742927102 262.581452762379 262.990195106058 263.355409397798 263.72769613827 263.917001724243 264.01588305305 264.110074996948 263.450467726764 261.704639659208 260.014168795417 257.936138040879 253.585687525132 249.197023616118 244.773910746855 242.802417530733 241.106210147633 239.340354246252 237.819850807681 236.441717430073 234.756292552194
230.643923366771 230.343378698125 230.163875523735 230.167984233183 229.979917617405 229.765253067017 229.812373094699 229.781071946901 229.669318737353 229.927055788391 230.643035564352 232.668566821691 234.744624681771 236.854841404629 240.424658831428 243.954339139602 247.328142278335 249.544479033526 251.29840295455 253.047722592073 254.318663428811 255.008110831766 255.677624197567 256.381974725162 257.249589359059 258.163814432481 259.114272959092 259.681816213271 260.22396143745 260.773827272303 260.997314677519 261.061977498672 261.128027186674 260.583738439223 259.168031019323 257.809842726764 256.203609354356 253.127311145558 249.994413039264 246.810391818776 244.933683283189 243.185955945183 241.353601567885 239.62076571025 237.945639907656 236.096536626491
231.64232850776 230.89816718943 230.392939076704 230.244613121538 230.070871486383 229.927126341006 230.038007981637 230.083300224012 230.063482338124 230.304787148228 230.963811069508 232.812483793919 234.700325796928 236.61414653082 239.863469179939 243.034782016979 246.008977665621 247.728615368114 248.97074508667 250.297408103943 251.298282847685 251.910564198213 252.487353605383 253.10494445352 253.91782581105 254.767459644991 255.645181543687 256.347250433529 257.046405455645 257.768282834221 258.01911129671 258.044102276073 258.077595205868 257.645767324111 256.555567685296 255.523933635038 254.386180204504 252.57753237556 250.691507900462 248.735606025247 246.941509022432 245.129096984863 243.209052366369 241.242866303648 239.249683391385 237.192743743003
232.974777705529 231.525691390038 230.444310377626 229.892357075916 229.828432286487 229.942853591021 230.301313356442 230.640077366548 230.958717346191 231.423744987039 232.217818652882 233.949702992159 235.708254758049 237.484092712402 240.452334123499 243.30511115579 245.920017522924 247.395119610955 248.457160388722 249.687556659474 250.587588815128 251.106156180887 251.574161417344 252.061026517083 252.661231545841 253.290359160479 253.941601360545 254.547105116003 255.167940251967 255.828681721407 256.076232124777 256.128080031451 256.195356593412 255.815082662246 254.808702020084 253.86334587546 252.914697310504 251.857794593362 250.704189300537 249.463125116685 247.763466330136 245.962487164666 244.030502992518 241.671160305248 239.06213760376 236.498794106876
234.363230519435 232.250411149334 230.617082041853 229.653161262765 229.713769386796 230.087332068121 230.654498658198 231.258756300982 231.89584866692 232.592329137466 233.529633129344 235.147138932172 236.785951277789 238.438212338616 241.136383000542 243.692464996787 245.985951760236 247.291906020221 248.262057697072 249.468145763173 250.312830139609 250.749167835011 251.122718586641 251.485936333151 251.855295181274 252.243580201093 252.646220824298 253.112626805025 253.606652315925 254.152494318345 254.392975863288 254.491244484397 254.610201667337 254.265358195585 253.277633218204 252.350883035099 251.512185040642 251.059685650994 250.494091707117 249.826468299417 248.22649787454 246.462045332965 244.546261731316 241.756145252901 238.45539115457 235.301927229937
235.879508243764 233.199579406311 231.084605160005 229.728882736143 229.946996900965 230.577048574739 231.23445505605 231.984489777509 232.815613353954 233.685228796566 234.710944792804 236.163645239437 237.651266995598 239.161373026231 241.565469910117 243.839576889487 245.888655213749 247.106461524963 248.055104423972 249.223614860983 249.998879937565 250.339419196634 250.623098036822 250.869687809664 251.016617494471 251.17392764372 251.339167651008 251.678626004387 252.049125671387 252.465503692627 252.685167200425 252.814327688778 252.956555422615 252.618453755098 251.620745490579 250.675108741311 249.908136031207 250.019754970775 250.036372914034 249.967678967644 248.492476968204 246.797950969023 244.952871210435 241.786847282858 237.849204343908 234.092357635498
236.829385681924 233.896097521462 231.607193568612 230.154880653409 230.688546016264 231.678312088199 232.529680139851 233.342698602115 234.128408544204 234.937955183141 235.832289078656 236.942680134493 238.106551114251 239.311098154853 241.439018249512 243.454690877129 245.28152516309 246.513244180118 247.563482228447 248.814895910375 249.625016156365 249.958549499512 250.239443722893 250.444444656372 250.411162769093 250.378921396592 250.347719416899 250.510021882899 250.702125998104 250.935095282162 251.020798066083 251.040585798376 251.06743666705 250.636052748736 249.579991060145 248.567276674158 247.791893454159 248.207951938405 248.548139908734 248.820222518023 247.396809297449 245.721101873061 243.89489364624 240.518801520852 236.237091962029 232.169687383315
237.490021848051 234.459121778169 232.164852726109 230.790089537116 231.744589348488 233.169979341547 234.297911654172 235.127265705782 235.714003506829 236.302910299862 236.904031529146 237.533125933479 238.229924819049 238.983774072984 240.842056386611 242.607188224792 244.219571001389 245.549253014957 246.80728413077 248.250833118663 249.193884232465 249.607891363256 249.975336299223 250.218346427469 250.053112815408 249.880113489488 249.701993942261 249.635475607479 249.591638004079 249.582854551428 249.405267154469 249.152622559491 248.899525137509 248.253960553338 247.078203313491 245.936814252068 245.050871680765 245.450578352984 245.792636646944 246.083141326904 244.618140501135 242.895545959473 241.023230159984 237.64290080351 233.381071427289 229.366927427404
238.597748668919 235.667787740993 233.429835603079 232.027248519308 233.306523825316 235.073467375163 236.436017832883 237.232518700992 237.580132540535 237.849193909589 238.051016639261 238.098597470452 238.28108069476 238.566686742446 240.135328292847 241.651043835808 243.080542003407 244.544391912573 246.036414426916 247.669386527118 248.74151319616 249.233401522917 249.661910449757 249.91187768824 249.586046555463 249.241025027107 248.883231219123 248.554759081672 248.25504101024 248.009980482214 247.574311985689 247.054371104521 246.524233649759 245.668018789852 244.375257155474 243.117982303395 242.137159908519 242.535699507769 242.891535590677 243.209332185633 241.711496914134 239.965347963221 238.110665489646 234.789803000057 230.611620061538 226.609122556799
240.078329679282 237.458489386474 235.470922335982 234.219854257563 235.77400931453 237.779874553575 239.283624652116 239.893389200901 239.821446748341 239.593204098261 239.233430723057 238.57069531746 238.123811657568 237.840095688315 239.112727670109 240.377313165104 241.626154282514 243.250894714804 245.002154574675 246.844351936789 248.065436026629 248.657457968768 249.163015982684 249.436022926779 248.979788836311 248.489831924438 247.977011624505 247.385682610904 246.831537919886 246.35726109673 245.671887678259 244.893577126896 244.094574423397 243.044613782097 241.661257799934 240.316626156078 239.26375692031 239.651863771326 240.011874479406 240.346883661607 238.836631999296 237.095042509191 235.297616622027 232.113732955035 228.11936860926 224.20044259464
242.328129117103 240.488187759238 239.231078161036 238.626633808893 240.408850953859 242.491753385347 243.971951251521 244.052787062876 243.097414004452 241.895561375162 240.51667631812 238.7523911328 237.278936268214 236.03690775703 236.957670099595 237.916296678431 238.927689047421 240.741748529322 242.79950282153 244.899998777053 246.330750633689 247.097656081705 247.756050390356 248.15046007493 247.740809833302 247.284777697395 246.797863343183 245.985035279218 245.214600282557 244.549305410946 243.664097281063 242.682721081902 241.670571271111 240.542664471795 239.261746799245 238.023547453039 237.046103084789 237.333158380845 237.606362062342 237.867218017578 236.48800053316 234.92117803237 233.351036744959 230.767454259536 227.591294681325 224.389248791863
244.28958238223 243.178581345607 242.570494856028 242.505214508842 244.401365695631 246.503880742718 248.07282289512 247.71930898463 245.986991277512 243.892378118108 241.571465032066 238.782569249763 236.336624135647 234.185860858244 234.794029460234 235.463595783009 236.219886948081 238.212682387408 240.559758298537 242.90582595152 244.532897949219 245.462511174819 246.248058992274 246.736021827249 246.346556495218 245.907175288481 245.435035144582 244.387846105239 243.396695080925 242.547614939073 241.469552993774 240.293815388399 239.102296492633 237.931185554056 236.785551183364 235.6812061983 234.804493399227 235.016341714298 235.21780575023 235.410106210148 234.167736726649 232.773721133961 231.408095640295 229.401752471924 227.020708869485 224.54504551607
246.108714149279 245.691960573196 245.67603976411 246.076720071957 248.000569084988 250.075228529818 251.789940907675 251.047790481764 248.602192305467 245.66402593781 242.451763245989 238.693016500157 235.314335715683 232.295327410978 232.623145664439 233.017372075249 233.50311941259 235.665426085977 238.285260761485 240.863871069515 242.673091832329 243.751919578103 244.636722620796 245.187390159158 244.787821713616 244.343926149256 243.871447507073 242.572813819436 241.353065490723 240.325452355778 239.059910718132 237.697780609131 236.36453740737 235.189645430621 234.217555550968 233.279463150922 232.533975488999 232.701975654153 232.850094065947 232.98079883351 231.88246827967 230.658866209142 229.46964600507 228.012146444882 226.397862153895 224.660419688505
247.359443431391 246.528851354823 246.014571047881 245.816350399023 246.938787674203 248.219733364442 249.324368120993 248.461484979181 246.263810007011 243.423675693133 240.139378609903 236.002472951132 232.273356451269 228.944106887369 229.16172655891 229.448105812073 229.827986661126 232.057414110969 234.769066642312 237.402036554673 239.323133636923 240.581018223482 241.593700408936 242.192565020393 241.642541099997 241.054978763356 240.443872676176 239.00537479625 237.675060272217 236.584970137652 235.435031442081 234.264414843391 233.164328182445 232.223792805391 231.487867916332 230.778248057646 230.220888923196 230.380660113166 230.510904199937 230.615442163804 229.671717026654 228.626002816593 227.62067862118 226.413693147547 225.088537328383 223.610937455121
248.541221552035 247.277878046036 246.23220987618 245.395938976613 245.661484617083 246.069035108475 246.410416175337 245.358197554069 243.391831980909 240.728072604712 237.450624174055 233.008934427272 228.989052936654 225.408271228566 225.527256236357 225.71480588352 225.993701486027 228.254883710076 231.006435730878 233.639088406282 235.638102026547 237.059314166798 238.197259061477 238.832652035881 238.095388300279 237.335861991434 236.561943502987 235.017603481517 233.608197268318 232.47878557093 231.518223930808 230.633433622472 229.860948226031 229.215467340806 228.731572543874 228.267005696016 227.912881514605 228.074565887451 228.197499443503 228.286858951344 227.501956042121 226.63514844109 225.808735791375 224.761371163761 223.584455377915 222.228498122271
249.598462653511 247.90945446053 246.364805614685 244.954830651993 244.424753691782 243.980745786034 243.431538469651 242.07628304599 240.207460894523 237.820942638332 234.65209694382 230.01730180225 225.741923665299 221.915022962234 221.938064743491 222.00758378646 222.137501997106 224.383458530202 227.123192506678 229.695335780873 231.713053591111 233.235889827504 234.500383040484 235.179005117977 234.264382755055 233.399171941421 232.563340243171 231.015455245972 229.600296132705 228.449626922607 227.698476006003 227.116515215705 226.672777736888 226.323152205523 226.092406777775 225.876695520738 225.729568705839 225.89772011252 226.020334131577 226.103672251982 225.486915139591 224.791102465461 224.089008780087 223.146658953498 222.063390395221 220.78933132396
247.595595853294 246.106146382058 244.666401215774 243.271699345315 242.44454125797 241.62911123388 240.656647009008 239.054832963382 237.074932098389 234.765780729406 231.72599253935 227.336488555459 223.231201620663 219.543556493871 219.457817302031 219.396259532255 219.365315044627 221.30928589316 223.688930960263 225.860791430754 227.527995502248 228.755879514358 229.758396148682 230.200644661398 229.128881566665 228.178357853609 227.299213297227 225.963488634895 224.75589426826 223.794079948874 223.3480089973 223.11715630924 223.04951207778 223.046662947711 223.125411089729 223.214233174044 223.328174591064 223.555413638844 223.729931102079 223.859221065746 223.323743259206 222.696835012997 222.017000534955 221.009124082678 219.808419844683 218.404324251063
244.02516972668 243.000841355499 241.947214666097 240.869770021917 240.016386593089 239.115855890162 238.021232436685 236.206623133491 233.974868662217 231.599581494051 228.712529014139 224.905289425569 221.317150340361 218.094915502212 217.915485438179 217.736772817724 217.559153108036 218.957433420069 220.668860435486 222.125244140625 223.082363801844 223.614389419556 223.946542852065 223.848091462079 222.61584999982 221.578403921688 220.654123755062 219.75086739484 218.973934622372 218.427615894991 218.38629285027 218.555873422062 218.914253908045 219.314055723303 219.765951268813 220.223585914163 220.662274080164 221.011357924517 221.300890978645 221.539555044735 220.977711845847 220.293481714585 219.509769439697 218.22615814209 216.648832433364 214.8564118778
240.479033002959 239.840759297942 239.157321706743 238.436274047208 237.587971014135 236.653229937834 235.523496740005 233.579387440401 231.179444537443 228.679268388187 225.894262818729 222.609416512882 219.479843700633 216.659259122961 216.331651631524 215.973410662483 215.578849175397 216.356025415308 217.347976516275 218.117142509012 218.392241085277 218.255851296818 218.031864615048 217.518642425537 216.245633405798 215.194422104779 214.270003823673 213.847335591036 213.525396234849 213.384360593908 213.737644644345 214.293301975026 215.015339570887 215.755644854377 216.519173566033 217.305230308981 218.032521416159 218.468277201933 218.847587585449 219.17884422751 218.573725083295 217.82033404182 216.934336269603 215.376699111041 213.424447227927 211.255291209501
