PREC/medie/CUMULATA_MEDIA_10.asc
NCOLS 177 
NROWS 174 
XLLCORNER 1436301.375 
YLLCORNER 4916704.5 
CELLSIZE 1500 
NODATA_value -9999 
[rows 80 to 99 of 174, columns 46 to 91 of 177]
117.109954833984 117.078549665563 117.068966136259 117.040082707125 116.703791786643 116.38118799995 116.075879489674 115.938048194436 115.837083816528 115.722055435181 115.57880637225 115.411074806662 115.246029348934 115.093400730806 114.976056267233 114.823575075935 114.649950700648 115.418876311358 116.205499649048 116.994215572582 117.915476630716 118.896148232853 119.948108448702 120.651483199176 120.901839536779 121.184627308565 121.421620761647 121.373051587273 121.269204532399 121.11526668773 120.954558877384 120.792350544649 120.62722194896 120.486469493193 120.359881008373 120.119077570298 119.852603239172 119.542454887839 119.235303317799 118.944925644818 118.908694323371 118.930184083826 119.030198489918 119.026683134191 119.007219426772 119.042543074664
115.520779665779 115.298677332261 115.098750731524 114.887806163115 114.455756467931 114.038702235502 113.6407364116 113.479509241441 113.372646892772 113.251708198996 113.138380050659 113.032104379991 112.926605112412 112.849283554975 112.854841456694 112.824819789213 112.772976033828 113.825562421013 114.895917219274 115.952774272246 116.988664739272 118.021231258617 119.137604208554 119.91083055384 120.226326661951 120.58465980081 120.906294654397 120.959609985352 120.963184805477 120.920291676241 120.806385937859 120.674736696131 120.517183864818 120.325887119069 120.110977397246 119.789623260498 119.429360558005 118.998009625603 118.578565260943 118.180968789493 118.10978272382 118.09081919053 118.146159003763 118.251944822424 118.383805667653 118.571555866915
113.902276431813 113.490472120397 113.103412291583 112.714191100177 112.190450556138 111.680893617518 111.18952627743 111.003678714528 110.888815487132 110.753268073587 110.660588657155 110.606770908131 110.559925640331 110.557493883021 110.68600991193 110.78661626928 110.870034049539 112.218304914587 113.586384268368 114.925036037669 116.092005336986 117.189232994528 118.360232633703 119.193283529843 119.563665726606 119.978254654828 120.36221111522 120.49482457778 120.588752297794 120.645640653722 120.568153381348 120.460906533634 120.321585262523 120.092423831715 119.800524992101 119.418013180003 118.985207950368 118.453773049747 117.939366060145 117.44915636848 117.359591315774 117.314320508172 117.3346155952 117.555168151855 117.846030740177 118.176876068115
112.247786129222 111.647643818575 111.077490862678 110.514786215389 109.904403237736 109.304854785695 108.719366522396 108.50774046954 108.382748772116 108.222986670101 108.141027450562 108.130301756017 108.14178163865 108.214637083166 108.467010722441 108.70739218768 108.940508225385 110.596933028277 112.276625016156 113.910037545597 115.223250220804 116.396521175609 117.612463782815 118.495875639074 118.911929411047 119.366790322696 119.795295939726 119.990342084099 120.162660486558 120.3126967935 120.266504848705 120.18124591603 120.069437587962 119.813074897317 119.452878839829 119.021818721996 118.52978515625 117.910211899701 117.309866288129 116.732883004581 116.632191153134 116.568019418155 116.559521619011 116.889732809628 117.332354601692 117.788369571461
110.546349805944 109.914126901066 109.317635816686 108.740425558651 108.226645189173 107.721457425286 107.227407343247 107.06957839517 106.98810263241 106.858372407801 106.763961904189 106.701588462381 106.675952686983 106.719609877642 106.965912875007 107.214701035443 107.465056251077 109.03839896707 110.626221600701 112.145494573257 113.429557127111 114.60738956227 115.795203938204 116.677435706643 117.119793611414 117.59516547708 118.043955634622 118.253051084631 118.45393483779 118.646743325626 118.639159707462 118.591813255759 118.523729885326 118.332464330337 118.051347171559 117.72150555779 117.340902216294 116.846555373248 116.377848905676 115.932223824894 115.898817398969 115.892939848058 115.930690092199 116.268926059499 116.710119359633 117.141293693991
108.825430813958 108.205581552842 107.624335120706 107.072663138894 106.701214173261 106.334725211648 105.974726172055 105.88466722825 105.853626026827 105.765601775225 105.651649362901 105.51285833471 105.423705381506 105.410301657284 105.618288488949 105.841794070076 106.075470868279 107.483491785386 108.900706122903 110.235565858729 111.465707217946 112.646443759694 113.805444829604 114.689896078671 115.168578428381 115.67328711117 116.15068323472 116.379911983714 116.611898534438 116.846779767205 116.882658116958 116.87861476225 116.860886742087 116.744337194106 116.553078146542 116.343675501206 116.092556897332 115.7394954457 115.411641289206 115.102071874282 115.137115927304 115.190915051629 115.275314779843 115.623050465303 116.064123939065 116.472961201387
107.056057425106 106.459436753217 105.886886933271 105.346774718341 105.104107688455 104.860989514519 104.6172989116 104.577828238992 104.586419722613 104.565688974717 104.458414750941 104.268523047952 104.127579969518 104.066755182603 104.246163312127 104.440613914939 104.6451142255 105.876960530001 107.119453430176 108.282445795396 109.468896080466 110.665082594928 111.807174233829 112.704722460578 113.231236177332 113.769625495462 114.277616164264 114.528819140266 114.780440386604 115.032491796157 115.08745171042 115.103964412914 115.119521421545 115.060351876652 114.9427763995 114.865727144129 114.758439456715 114.561023038976 114.38223917344 114.215119305779 114.323257446289 114.441214841955 114.575129565071 114.936171363382 115.380684572108 115.772677253274
105.351567997652 104.846053628361 104.350559795604 103.884414224064 103.753361197079 103.616479312672 103.471861446605 103.475926343132 103.51915808285 103.56092598859 103.49014192469 103.311414718628 103.182012333589 103.129871031817 103.31044477575 103.506272596471 103.712737588321 104.746462878059 105.787554123822 106.751599704518 107.784238703111 108.845874113195 109.81721496582 110.58291424022 111.030726488899 111.473316192627 111.884980594411 112.077376870548 112.265719245462 112.449651157155 112.470078636618 112.458798576804 112.458175883574 112.461837544161 112.471676770379 112.581165986903 112.705881006577 112.841889774098 112.995660445269 113.163451475256 113.428742801442 113.698906393612 113.972656698788 114.355302474078 114.775444255156 115.121369754567
103.726158366484 103.393924937529 103.057298884672 102.739145278931 102.696945751415 102.64361112258 102.575384925393 102.612135157866 102.681681576897 102.777765610639 102.773219725665 102.67091661341 102.617259418263 102.628323835485 102.834131465239 103.054728788488 103.285826963537 104.090600630816 104.894638734705 105.624590032241 106.393561643713 107.177234425264 107.837483574362 108.344782660989 108.610194037942 108.856749141918 109.078820172478 109.161949830897 109.238836176255 109.308705273797 109.274138506721 109.221560085521 109.192893533146 109.281948313994 109.47348987355 109.820972218233 110.243096295525 110.8249650843 111.418413498822 112.022182913388 112.492282643038 112.954838921042 113.40484753777 113.811833549948 114.192352070528 114.477751563577
102.154729506549 101.979362263399 101.79379900764 101.619540831622 101.661906074075 101.691930434283 101.705343919642 101.780360726749 101.879828845753 102.02474156548 102.080761741189 102.049311020795 102.072537927067 102.149454453412 102.382782879998 102.627692278694 102.880950030159 103.456926458022 104.01800402473 104.499806123621 104.991372501149 105.483299928553 105.830936656279 106.07662672155 106.157990175135 106.21489536061 106.255100699032 106.238112056957 106.220616733327 106.203029632568 106.139402501723 106.066576116225 106.001708535587 106.164131837733 106.528822506175 107.093985389261 107.788861891803 108.795281354119 109.807257483987 110.825770434211 111.485198525821 112.12077331543 112.727623434628 113.14484540154 113.468456492705 113.687723945169
100.698445376228 100.65290630565 100.593441570506 100.539020987118 100.643593283261 100.735052220962 100.808826446533 100.927058051614 101.068322798785 101.272191776949 101.395564920762 101.438499562881 101.543945088106 101.693630779491 101.963523864746 102.241722106934 102.526193506577 102.912289114559 103.270369361429 103.5450035544 103.802148482379 104.047311221852 104.132200353286 104.152090184829 104.062019348145 103.943544500014 103.813153659596 103.683867735021 103.558985093061 103.44036618401 103.352138519287 103.269084481632 103.175446229822 103.410862193388 103.94781628777 104.728158838609 105.678795534022 107.058429942412 108.434614966897 109.809917449951 110.641078051399 111.427943510168 112.167842416202 112.614990234375 112.91749236163 113.108191770666
99.9997121025534 99.9090303533218 99.8010250540341 99.6936402040369 99.7057025011848 99.7045423844281 99.6853939505184 99.8745406655704 100.135527105892 100.475893581615 100.720273859361 100.867490319645 101.084727679982 101.340240927304 101.69120092953 102.046752256506 102.405902638155 102.778551438275 103.115316951976 103.361866670496 103.555549397188 103.718656203326 103.702434315401 103.594279569738 103.326282950009 103.025532217587 102.708603578455 102.367637634277 102.037075042725 101.72070200303 101.572551502901 101.461377536549 101.320542055018 101.595637601965 102.264753005084 103.219635009766 104.35889748966 105.967071308809 107.566569160013 109.161341050092 110.108424018411 110.992853950052 111.813140195959 112.307350383085 112.633982938879 112.839200861314
99.3291840272791 99.1939297844382 99.0397104375503 98.8825700423297 98.8052575728473 98.7164703817929 98.6119904237635 98.8786358552821 99.2652812284582 99.7377108405618 100.098842957441 100.34584348342 100.666758705588 101.019600475536 101.442738252528 101.867995991426 102.295010286219 102.648214676801 102.959591136259 103.181121377384 103.315109477324 103.399601431454 103.280159669764 103.042794395896 102.594691108255 102.108626646154 101.601993336397 101.045707478243 100.513492808622 100.01433540793 99.8188299291274 99.6948646096622 99.5177616792567 99.8406082602108 100.653364518109 101.757695815142 103.054117763744 104.859265271355 106.662869621726 108.466787450454 109.521583781523 110.493547551772 111.384246826172 111.916527018828 112.256929734174 112.467216491699
98.6930221108829 98.5137398663689 98.3159056270824 98.1125975216136 97.9493296006147 97.7784176994772 97.5970231224509 97.9483804141774 98.4668974034927 99.0655066546272 99.5377558539896 99.8787518669577 100.293784085442 100.734134898466 101.219520568848 101.706105400534 102.193758347455 102.521357592414 102.80317104564 103.002624960507 103.080417184269 103.088146658505 102.864719166475 102.497130225686 101.867003945743 101.193154727711 100.494424932143 99.7201457304113 98.9890919853659 98.3181630302878 98.0830984676585 97.956402498133 97.7492516461541 98.1225814819336 99.0844701879165 100.322386797737 101.756699730368 103.741325602812 105.73888464535 107.747015111587 108.906121646657 109.961183660171 110.918433694278 111.484699249268 111.831787782557 112.039420857149
98.3940191829906 98.2622956668629 98.1128443549661 97.9501793805291 97.6938911886776 97.4338915207807 97.1687877879423 97.5107673196232 98.0421617171344 98.6471744986141 99.1352201349595 99.5004448610194 99.9392320969526 100.403061810662 100.912515303668 101.421840443331 101.931073805865 102.292715633617 102.613264869241 102.85991376989 103.012334262624 103.110544765697 102.953298007741 102.582605698529 101.810577392578 100.989900028004 100.145715825698 99.2739116444307 98.4659076017492 97.7479851666619 97.5118731330423 97.3998769872329 97.1800178079044 97.4942867054659 98.365883771111 99.493694081026 100.831549700569 102.817693822524 104.827178955078 106.855313020594 108.123745862175 109.281406178194 110.323901232551 110.899538601146 111.20099325741 111.358143525965
98.1855405919692 98.1273283116958 98.0511452169979 97.9522074531106 97.5999026579015 97.2471459332634 96.8938313652487 97.1992961659151 97.7111042247099 98.2918582243078 98.7718177122228 99.144583309398 99.5897497289321 100.061538696289 100.586006837733 101.108683193431 101.62986127068 102.035447288962 102.405030418845 102.706617691938 102.950135623707 103.159588533289 103.100035050336 102.751474941478 101.846098731546 100.888861712287 99.9099038067986 98.9603700076833 98.0835100061753 97.3109857895795 97.0548566930434 96.9378502789666 96.6940327812644 96.9318192425896 97.6899375915527 98.6840066348805 99.9028975542854 101.875466066248 103.88615956026 105.928393868839 107.298197353587 108.554143793443 109.681796130012 110.26969909668 110.525601330925 110.638542399687
97.9604754728429 97.9871206844554 97.9905332677505 97.9600340899299 97.5159326441148 97.0710063261144 96.6249885559082 96.8891121359433 97.3779056773466 97.9380782632267 98.4133855034323 98.797300675336 99.2448021383847 99.7189901015338 100.253032235538 100.779952554142 101.301002053653 101.738262176514 102.142318725586 102.477118997013 102.789666568532 103.089262345258 103.160369199865 102.870496637681 101.864953209372 100.810231152703 99.7367872350356 98.7498469633215 97.8128646401798 96.9498147403493 96.6375934376436 96.4850095861098 96.2144003475414 96.3745280995089 97.0165109073415 97.8624983394847 98.9432949739344 100.885900160846 102.88502480002 104.932613821591 106.393538306741 107.742922614602 108.959381552304 109.566073473762 109.780027052935 109.861103057861
97.5913036570829 97.7356823191923 97.8517011754653 97.9270600711598 97.4942896225873 97.0612200568704 96.6275794085334 96.8341679292567 97.2463728960823 97.731829923742 98.1508793550379 98.4975729549632 98.89840630924 99.3237798354205 99.8098483366125 100.2824976304 100.743671192842 101.148136138916 101.520806929644 101.821488324334 102.122256110696 102.422751482795 102.532602422378 102.28425283993 101.311518725227 100.295478372013 99.2651663387523 98.3537460775936 97.4733615202062 96.6388477998621 96.3127845315372 96.1420359892004 95.862735748291 95.9524639354033 96.4689737207749 97.157917471493 98.0793997820686 99.9293356502757 101.851552177878 103.837868185604 105.330068027272 106.714506037095 107.959490607767 108.533536125632 108.654859655044 108.651624791762
97.0467309390797 97.3494042789235 97.6184990826775 97.844617282643 97.5460588791791 97.2468340256635 96.9465004416073 97.0749312008128 97.3460592382094 97.6928953282973 97.9959416108973 98.2507411732393 98.5510258394129 98.8730583190918 99.2517132478602 99.6117964351878 99.9558641770307 100.268096699434 100.551276487463 100.761191199808 100.984251134536 101.21544377944 101.295528860653 101.08541914996 100.273380055147 99.4206199645996 98.5534865435432 97.8117992176729 97.0800473830279 96.3621880026425 96.0528405133416 95.8735322391286 95.594830456902 95.61697993559 95.999220904182 96.5232727948357 97.2711300569422 98.9924278259277 100.802984125474 102.695259318632 104.190019944135 105.58619667502 106.83785943424 107.365159427418 107.381119447596 107.284813376034
96.4687286825741 96.9380165548886 97.368875615737 97.7546393450569 97.599167767693 97.4383432724897 97.2694578731761 97.3193022784065 97.4480072470272 97.6581059624167 97.8467353372013 98.0115311566521 98.2112808227539 98.4295492733226 98.7003160364488 98.9491951886345 99.1789698881261 99.401538624483 99.5976486206055 99.7178403068991 99.8640058180865 100.026968563304 100.059656255385 99.8671432943905 99.1972393709071 98.476245655733 97.7339396757238 97.1230809828814 96.5039313821232 95.8697646645939 95.5456433015711 95.3232926761403 95.0084127538344 94.9278755187988 95.1377009223489 95.5153552784639 96.1212663089528 97.7469850427964 99.4862572165097 101.334904390223 102.883227853214 104.334195080925 105.602708031149 106.095790189855 106.016264073989 105.868716296028
