PREC/medie/CUMULATA_MEDIA_11.asc
NCOLS 177 
NROWS 174 
XLLCORNER 1436301.375 
YLLCORNER 4916704.5 
CELLSIZE 1500 
NODATA_value -9999 
[rows 120 to 143 of 174, columns 108 to 161 of 177]
44.1293597221375 36.5972720033982 30.1590127944946 25.0551490923938 21.3970093166127 18.4460590446697 16.0302715582006 14.1003957636216 12.3761155745562 11.0029520287233 10.0233586956473 9.07936761659734 8.43757636406842 7.98139002042658 7.7663711940541 7.80242772663341 8.16006440976087 8.70151839536779 9.62326437585494 11.2260328811758 13.5427767669453 16.9463928727543 21.6405332509209 27.8369131228503 35.5151366626515 44.2125971036799 53.5429307713228 61.7364014176761 67.4231102606829 69.354652334662 67.2363437624539 61.8923243354349 54.794197475209 46.5588263904347 38.8525545597076 32.2689829784281 27.3141498986413 23.7124515771866 21.2287840562708 19.662639372489 19.4780383811277 20.3273221184226 21.8423586312462 23.6940983042997 25.1084980894538 26.4670309529585 27.4631005174973 27.7705976331935 27.4275490185794 26.7599868283552 26.4572774452322 -9999 -9999 -9999
35.7442212665782 29.4282444084392 24.075368755004 19.7833169909085 16.6701214734246 14.601909385008 12.678821479573 11.2059543834013 10.0141934927772 8.89822642943438 8.10355213109185 7.39910540861242 7.00373714110431 6.75502056234023 6.69916067403906 6.89807497753817 7.24039256572723 7.78813696608824 8.69395541443544 10.2491495048299 12.5861155145309 15.8198254669414 20.3444354814642 26.3791340238908 33.9451009946711 42.6095917926115 51.6527368461385 59.6667031961329 64.6907402627608 65.8988778731402 62.9565813401166 56.9423549175262 49.1843341518851 41.2603169890011 34.2045364239637 28.2765051757588 23.9596720022314 20.8600279233035 18.926082611084 17.8058965767131 17.8883633753833 19.0516820795396 20.8968775482739 22.915436632493 25.1922044683905 27.4299541571561 29.3767821578419 30.7384402541553 31.4694388403612 32.6706606570412 -9999 -9999 -9999 -9999
27.9935256593368 23.1036519303041 18.9585040176616 15.5886343507206 13.0750406349407 11.5889174377217 10.225095538532 9.09795852268443 8.2317693864598 7.4992262615877 6.63707857272204 6.28833344403435 6.10722259212943 6.0224731389214 6.09588943509495 6.32350018445183 6.67837332977968 7.19665515422821 8.19523852011737 9.80588330942042 12.0513712378109 15.3462423717274 19.94058731023 25.9853416751413 33.671495774213 42.4009629698361 51.177343564875 58.6363005918615 62.8983391873977 63.4454038002912 59.6814737039454 52.9424279297099 44.9132592397578 36.9462668054244 30.0237299694734 24.6274508027469 20.9445340633392 18.2431500519023 16.6059782785528 15.6988714232164 15.8897051039864 17.0786973308114 18.9206322221195 21.043514342869 23.62996227601 26.5272693634033 29.3071858953027 31.7823122809915 34.4727822401944 36.7063559083378 -9999 -9999 -9999 -9999
21.406953124439 17.8635634254007 14.8179497999303 12.3009337256936 10.3684467778486 9.15200990087846 8.37424337162691 7.59212547190049 6.9598748403437 6.55039800615872 5.87023457358865 5.60498973201303 5.54168223633486 5.54281701761133 5.6507594795788 5.95532366808723 6.3129019947613 6.98747463086072 8.16803051443661 9.81416184761945 12.2516439522014 15.7044035967659 20.5179650783539 26.9072760694167 34.8827089421889 43.8894287838655 52.7650612101835 59.8964576721191 63.4523821999045 62.6337681377635 57.5914107490988 50.1700320524328 41.6925078560324 33.6568646150477 26.8358430020949 21.6491848019993 18.1194299108842 15.7077448368073 14.2989384777406 13.4948023417417 13.6645358380149 14.6487214354908 16.3053785632638 18.348370643223 20.9738451242447 24.0610387886272 27.348115885959 30.7547369844773 35.1545674239888 38.7154562192805 42.1854879365248 45.3846396137686 -9999 48.5780950574314
16.1818378532634 13.7486008616055 11.5999572417315 9.79927782451405 8.38375999647028 7.38936188641716 6.85925414982964 6.38952061709236 6.13759424405939 5.86960924372953 5.38223121446722 5.12045058082132 5.05461124812855 5.15261734233183 5.4376306884429 5.84683624435874 6.31307562659769 7.13860116285436 8.46962414068334 10.1828020881204 12.7636848898495 16.4775304373573 21.5649070739746 28.3206689778496 36.6663126384511 46.0825403437895 55.1618116322686 62.0214002272662 64.900850464316 62.9895065532011 56.9213488522698 48.4175224304199 39.3969096856959 31.3373248156379 24.7176278899698 19.5934363673715 16.1549093302558 13.8712433366215 12.4357170637916 11.5180580405628 11.5789506014656 12.3158442553352 13.6548253788668 15.3370698480045 17.7494220944012 20.6827679521897 24.0772775411606 28.8444777236265 33.352773287717 38.3261262458913 43.6458504340228 48.9947378635406 52.996732080684 56.3042439783321
12.2484217671787 10.6223978856031 9.17092424280503 7.92550333107219 6.92141031517702 6.19935381763122 5.80370703164269 5.64516802395091 5.53457118483151 5.10327556554009 4.92886497693903 4.76552554439096 4.80138365661397 5.12470185055452 5.56925517671248 5.86573346923379 6.51431762470919 7.50974157978507 8.94721725407769 11.0426536728354 13.7075425737044 17.6736437573152 23.180330360637 30.5458844128777 39.5003386104808 49.4279787961174 58.7337623483994 65.3580824908088 67.4914474487305 64.3696521310245 57.070029595319 47.5862563077141 37.8527917581446 29.3256831169128 22.5959403655108 17.7179063207963 14.5136442885679 12.3244171282824 10.9377723721897 10.0785524424385 9.66035854816437 10.1953916900298 11.2288344958249 12.5373151793199 14.5599195045583 17.1260181525174 20.5032668885063 25.1104381364935 30.0007864166709 35.7874189895742 42.3884720311445 49.1201071949566 55.3939435411902 60.4858408745597
9.37830563152538 8.29946900115294 7.36926034618826 6.53226941473344 5.84355844119016 5.37574602225248 5.11366088250104 5.12105849911185 5.05705838343676 4.78349030719084 4.65436544839074 4.6364146751516 4.92036049856859 5.41339009649613 5.73485961381127 6.24539782369838 7.10955557402442 8.31156138812794 9.93897201033199 12.2110908452202 15.3172869822558 19.5806187741897 25.5771933723898 33.4057533600751 42.9927216698142 53.5844150431016 63.1720025679644 69.5810826806461 70.8619649550494 66.5219520681045 57.8962940889246 47.2562379837036 36.7909952051499 27.9541312386008 21.130482898039 16.2415911169613 12.8435629536124 10.9017986129312 9.48572524856119 8.74744612329146 8.23883079080021 8.55875385508818 9.19657555047204 10.1208306480857 11.7208534409018 13.8614912523943 17.3523539515103 21.0711805960711 25.8099618799546 31.704110215692 38.739738520454 45.8725604450001 53.6805284303777 59.9155820047154
7.34379943679361 6.63526101673351 6.05159112986396 5.51000965693418 5.08209027262295 4.87724706004648 4.70916237200008 4.68146812915802 4.49114518305835 4.51325809604981 4.6858675234458 4.85404556639054 5.36993243413813 5.75791539865382 6.28649528938181 7.099941183539 8.07415323397693 9.49248661714442 11.5526052643271 14.1674795571495 17.7198393204633 22.4198537433849 28.9258487645318 37.3911499416127 47.6321833273944 58.5560426992529 68.1764145458446 73.9525980668909 74.1337028952206 68.416732451495 58.5868400685927 46.9278990240658 35.8739650950712 26.6961778752944 19.8336133395924 14.978805920657 11.729068924399 9.86111929136164 8.4978577038821 7.62419740592732 7.23306322097778 7.20203880702748 7.53877273727866 8.19539157783284 9.431432205088 11.487680442193 14.0879155257169 17.2820876345915 21.4891536726671 26.8949102864546 32.8607344907873 40.5084724005531 48.2447271978154 54.6727746023851
-9999 5.44666887381498 5.09820640437743 4.79941855458652 4.62355325151892 4.49224085316938 4.3420542198069 4.16763160684529 4.1655260254355 4.51788387929692 4.86135892657673 5.26120931961957 5.80283430043389 6.40250680727117 7.2876308595433 8.39300735557781 9.73125872892492 11.4164922237396 13.8477192486034 16.8905530256384 20.8260470839108 26.1253729427562 32.8907128782833 41.7979925941018 52.4040230021757 63.4229948380414 72.853415405049 78.0586776172414 77.1923400935005 70.2557965727413 59.1568658492144 46.6641996608061 35.1139881751117 25.7517086477841 18.8184642230763 13.9609550448025 10.7317666446461 8.75340044498444 7.61163280991947 6.78349577679354 6.31741924846874 6.4040366972194 6.33470947602216 6.74862710868611 7.87224224034478 9.49209453779108 11.3936256520888 13.9985280597911 17.488599265323 21.9695231984643 27.1338808256037 33.7286295049331 40.4863233776654 46.2291969972498
-9999 -9999 -9999 4.36356005598517 4.27873608645271 4.16037906268064 3.91886774056098 4.02616598851541 4.14315569400787 4.57802703450708 5.09281746780171 5.75009119160035 6.53177642121035 7.46188323638018 8.78294966501348 10.3038001411101 12.0590262623394 14.1504472984987 16.7605210402433 20.3427501706516 24.5592608732336 30.0620056460885 36.9918312745936 45.8097419458277 56.2003126424902 66.7799493004294 75.4935554897084 79.7488688020145 77.8562138501336 70.0236045332516 58.3147121597739 45.5391470404232 33.9372783548692 24.6517661319059 17.8322895554935 13.1129351503709 9.94726834577673 7.95229153072133 6.91480494246763 6.17443522986244 5.62764635506798 5.63625362340142 5.56931579814238 5.79991577653324 6.55156843802508 7.77734208106995 9.25098669528961 11.2787254277398 14.0154605823405 17.0681529535967 21.5588927198859 26.7338752816705 32.0527510853375 36.6136082761428
-9999 -9999 -9999 -9999 3.97037759247948 3.66865517286693 3.79064456504934 3.82507534062161 4.25141199020778 4.8291701937423 5.65429457496194 6.40015728158109 7.45739487690084 8.95794826745987 10.7732330104884 12.8159005116014 15.0868559444652 17.6377915634828 20.5216162905974 24.3552087475272 28.6057276445277 33.9383172007168 40.6668106107151 48.5714068412781 57.9104422681472 -9999 74.6915059931138 77.727731480318 74.993739156162 66.8292133106905 55.2629781610826 42.9239433512968 31.8772643033196 23.0893365635591 16.6484396036933 12.1810175811543 9.19589607855853 7.27293593743268 6.19118041851941 5.60665232994977 5.12248046257917 4.9857701624141 4.89383884738473 4.94449831457699 5.67681131643408 6.46485457700842 7.58126362632303 9.11497888144325 11.0337268745198 13.3734194601283 16.6680617753197 20.4329119990854 24.2681408980313 27.5698369390824
-9999 -9999 -9999 -9999 -9999 3.46163043379784 3.74451908995123 3.86048839372747 -9999 5.10460430383682 6.07742833740571 7.1521416359088 8.694332196432 10.7453513986924 13.1450018356828 15.805580339011 18.6498106998556 21.6281891570372 24.7107146838132 28.0434224325068 32.3621029012343 37.0092435023364 42.6965352507199 -9999 -9999 -9999 69.7997956696679 71.5167183455299 68.2776278888478 60.4668416135451 49.8749871814952 38.756011542152 28.8504360703861 20.9872083383448 15.2050870867337 11.1674168811125 8.43513174617992 6.64778178579667 5.57580204570995 5.11634264974033 4.68624705777449 4.48383592858034 4.48633393119363 4.29849881284377 -9999 5.45388789036695 6.28257539693047 7.39814350885503 8.48970675468445 10.3912275328356 12.6984615255805 15.2833970785141 17.8807637901867 20.1065936369054
-9999 -9999 -9999 -9999 -9999 -9999 -9999 -9999 -9999 -9999 6.51794868532349 7.8962568395278 9.99554095548742 12.6170152320581 15.641535078778 18.9211209696882 22.2856885825886 25.5301062359529 28.5533992122201 31.4501202457091 34.9657854613136 38.4324788486256 -9999 -9999 -9999 -9999 61.2740804447847 61.8149756263284 58.4869252092698 51.64108988818 42.6855930580812 33.3766451583189 25.0780404736014 18.4440119687249 13.5238222234389 10.0450950510362 7.66147358978496 6.06820894690121 5.03573376290938 4.51552374222699 -9999 -9999 -9999 -9999 -9999 -9999 -9999 5.76009469873765 6.77299006546245 8.09185775588541 9.64596059041865 11.3484866689233 -9999 -9999
-9999 -9999 -9999 -9999 -9999 -9999 -9999 -9999 -9999 -9999 -9999 8.61170109405237 11.1116979788331 14.2273171368767 17.7975205638829 21.5535113566062 25.2101909097503 28.4371987230637 31.0880320072174 33.221833747976 35.543779036578 37.5990460059222 -9999 -9999 -9999 -9999 -9999 -9999 -9999 41.7114967318142 34.7145510000341 27.4677712777082 20.9655623996959 15.6944563388824 11.7196123880499 8.86060932103325 6.85956109972561 5.51180479105781 -9999 -9999 -9999 -9999 -9999 -9999 -9999 -9999 -9999 -9999 -9999 -9999 -9999 -9999 -9999 -9999
-9999 -9999 -9999 -9999 -9999 -9999 -9999 -9999 -9999 -9999 -9999 -9999 -9999 15.2026754722876 19.0287237833528 22.9649447483175 26.5885236508706 29.4806631452897 31.4817109668956 32.6822981764289 33.3614274754244 -9999 -9999 -9999 -9999 -9999 -9999 -9999 -9999 -9999 -9999 -9999 -9999 12.992431528428 9.93499743237215 7.68594326692469 -9999 -9999 -9999 -9999 -9999 -9999 -9999 -9999 -9999 -9999 -9999 -9999 -9999 -9999 -9999 -9999 -9999 -9999
-9999 -9999 -9999 -9999 -9999 -9999 -9999 -9999 -9999 -9999 -9999 -9999 -9999 -9999 -9999 -9999 25.9148214634727 28.2285558931968 -9999 -9999 -9999 -9999 -9999 -9999 -9999 -9999 -9999 -9999 -9999 -9999 -9999 -9999 -9999 -9999 -9999 -9999 -9999 -9999 -9999 -9999 -9999 -9999 -9999 -9999 -9999 -9999 -9999 -9999 -9999 -9999 -9999 -9999 -9999 -9999
-9999 -9999 -9999 -9999 -9999 -9999 -9999 -9999 -9999 -9999 -9999 -9999 -9999 -9999 -9999 -9999 -9999 -9999 -9999 -9999 -9999 -9999 -9999 -9999 -9999 -9999 -9999 -9999 -9999 -9999 -9999 -9999 -9999 -9999 -9999 -9999 -9999 -9999 -9999 -9999 -9999 -9999 -9999 -9999 -9999 -9999 -9999 -9999 -9999 -9999 -9999 -9999 -9999 -9999
-9999 -9999 -9999 -9999 -9999 -9999 -9999 -9999 -9999 -9999 -9999 -9999 -9999 -9999 -9999 -9999 -9999 -9999 -9999 -9999 -9999 -9999 -9999 -9999 -9999 -9999 -9999 -9999 -9999 -9999 -9999 -9999 -9999 -9999 -9999 -9999 -9999 -9999 -9999 -9999 -9999 -9999 -9999 -9999 -9999 -9999 -9999 -9999 -9999 -9999 -9999 -9999 -9999 -9999
-9999 -9999 -9999 -9999 -9999 -9999 -9999 -9999 -9999 -9999 -9999 -9999 -9999 -9999 -9999 -9999 -9999 -9999 -9999 -9999 -9999 -9999 -9999 -9999 -9999 -9999 -9999 -9999 -9999 -9999 -9999 -9999 -9999 -9999 -9999 -9999 -9999 -9999 -9999 -9999 -9999 -9999 -9999 -9999 -9999 -9999 -9999 -9999 -9999 -9999 -9999 -9999 -9999 -9999
-9999 -9999 -9999 -9999 -9999 -9999 -9999 -9999 -9999 -9999 -9999 -9999 -9999 -9999 -9999 -9999 -9999 -9999 -9999 -9999 -9999 -9999 -9999 -9999 -9999 -9999 -9999 -9999 -9999 -9999 -9999 -9999 -9999 -9999 -9999 -9999 -9999 -9999 -9999 -9999 -9999 -9999 -9999 -9999 -9999 -9999 -9999 -9999 -9999 -9999 -9999 -9999 -9999 -9999
-9999 -9999 -9999 -9999 -9999 -9999 -9999 -9999 -9999 -9999 -9999 -9999 -9999 -9999 -9999 -9999 -9999 -9999 -9999 -9999 -9999 -9999 -9999 -9999 -9999 -9999 -9999 -9999 -9999 -9999 -9999 -9999 -9999 -9999 -9999 -9999 -9999 -9999 -9999 -9999 -9999 -9999 -9999 -9999 -9999 -9999 -9999 -9999 -9999 -9999 -9999 -9999 -9999 -9999
-9999 -9999 -9999 -9999 -9999 -9999 -9999 -9999 -9999 -9999 -9999 -9999 -9999 -9999 -9999 -9999 -9999 -9999 -9999 -9999 -9999 -9999 -9999 -9999 -9999 -9999 -9999 -9999 -9999 -9999 -9999 -9999 -9999 -9999 -9999 -9999 -9999 -9999 -9999 -9999 -9999 -9999 -9999 -9999 -9999 -9999 -9999 -9999 -9999 -9999 -9999 -9999 -9999 -9999
-9999 -9999 -9999 -9999 -9999 -9999 -9999 -9999 -9999 -9999 -9999 -9999 -9999 -9999 -9999 -9999 -9999 -9999 -9999 -9999 -9999 -9999 -9999 -9999 -9999 -9999 -9999 -9999 -9999 -9999 -9999 -9999 -9999 -9999 -9999 -9999 -9999 -9999 -9999 -9999 -9999 -9999 -9999 -9999 -9999 -9999 -9999 -9999 -9999 -9999 -9999 -9999 -9999 -9999
-9999 -9999 -9999 -9999 -9999 -9999 -9999 -9999 -9999 -9999 -9999 -9999 -9999 -9999 -9999 -9999 -9999 -9999 -9999 -9999 -9999 -9999 -9999 -9999 -9999 -9999 -9999 -9999 -9999 -9999 -9999 -9999 -9999 -9999 -9999 -9999 -9999 -9999 -9999 -9999 -9999 -9999 -9999 -9999 -9999 -9999 -9999 -9999 -9999 -9999 -9999 -9999 -9999 -9999
