PREC/medie/CUMULATA_MEDIA_05.asc
NCOLS 177 
NROWS 174 
XLLCORNER 1436301.375 
YLLCORNER 4916704.5 
CELLSIZE 1500 
NODATA_value -9999 
[rows 0 to 19 of 174, columns 92 to 137 of 177]
-9999 -9999 -9999 -9999 -9999 -9999 -9999 -9999 -9999 -9999 -9999 -9999 -9999 -9999 -9999 -9999 -9999 -9999 -9999 -9999 -9999 -9999 61.7704873365514 59.7942122852101 57.786839092479 56.9339939005235 56.4207744037404 55.9716670092414 55.8179317362168 55.8945652176352 56.0234014006222 56.9328228726107 59.2718652556924 61.7322462867288 64.7290848844192 70.811059699339 76.8163112752578 82.7515894665438 84.8414504107307 86.5786591698142 88.2264032363892 89.4446902555578 90.4925127590404 91.5417659983915 91.7838300817153 91.2303979537066
-9999 -9999 -9999 -9999 -9999 -9999 -9999 -9999 -9999 -9999 -9999 -9999 -9999 -9999 -9999 -9999 -9999 -9999 -9999 -9999 63.8256735521204 63.8196027980131 62.1262141957002 60.3843803405762 58.6390387591194 57.7213134765625 57.0696234142079 56.4548661007601 56.19562292099 56.2356277914608 56.346161477706 57.145654706394 59.3205243278952 61.6004129297593 64.3383345603943 70.2268887968624 76.0281880883609 81.7461284469156 83.7439292739419 85.3171308180865 86.8229101405424 88.0243410503163 89.0929056616391 90.1729877696318 90.6421771329992 90.4520429723403
-9999 -9999 -9999 -9999 -9999 -9999 -9999 -9999 -9999 -9999 -9999 -9999 -9999 -9999 -9999 -9999 -9999 -9999 -9999 -9999 63.8337889839621 63.8419856464162 62.4238811941708 60.9540090560913 59.5103128096637 58.5804984429303 57.820087741403 57.0162103596856 56.623888464535 56.6057329738841 56.6792515305912 57.3580296179828 59.3529906833873 61.4358569874483 63.8981981838451 69.577419982237 75.1810151548947 80.7066851223216 82.6342392809251 84.0587063396678 85.4253818848554 86.6052669356851 87.6967255928937 88.8143784018124 89.5012009003583 89.679547365974
-9999 -9999 -9999 -9999 -9999 -9999 -9999 -9999 -9999 -9999 -9999 -9999 -9999 -9999 -9999 -9999 -9999 -9999 65.971108492683 65.4361495410695 64.9275799358592 64.4441780763514 63.1637402141795 61.8501789429609 60.5834797690896 59.6568174923167 58.8458631739897 57.9111593470854 57.3702949916615 57.2090208109687 57.1529031641343 57.6304183567271 59.3830681408153 61.2030852822696 63.2959222232594 68.3737836445079 73.3627042770386 78.2552267523373 80.0320470192853 81.2898849879994 82.5013291976031 83.5828293632059 84.594208240509 85.6434994024389 86.4146797516767 86.8283483000363
-9999 -9999 -9999 -9999 -9999 -9999 -9999 -9999 -9999 -9999 -9999 -9999 -9999 -9999 -9999 -9999 -9999 -9999 66.0357920141781 65.915610593908 65.828919803395 65.7745147592881 64.5053399590885 63.1623727574068 61.8992741248187 60.9627892269808 60.1424260419958 59.1108924641329 58.3930231543148 58.001497296726 57.7343160965863 57.9486378220951 59.4179541784174 60.9391647787655 62.6345980027143 66.9366518048679 71.1597462962656 75.2933088470908 76.9249790696537 78.0671819518594 79.174389334286 80.1920434727388 81.1563624774709 82.1767948655521 83.0605304381427 83.7558355892406
-9999 -9999 -9999 -9999 -9999 -9999 -9999 -9999 -9999 -9999 -9999 -9999 -9999 -9999 -9999 -9999 -9999 -9999 66.0057232239667 66.3205137813792 66.6523760627298 67.001600041109 65.7340734145221 64.3223132526173 62.9980384882759 61.9843096452601 61.0979884091546 60.0376319604761 59.2192747592926 58.6722861458273 58.2257252580979 58.206568774055 59.4203808307648 60.6538051436929 61.9715826230891 65.499055666082 68.9567747957566 72.3319622769075 73.7910964769476 74.817995632396 75.8246687300065 76.7794284960803 77.6999028149773 78.7024355495677 79.6952499782338 80.682401376612
-9999 -9999 -9999 -9999 -9999 -9999 -9999 -9999 -9999 -9999 -9999 -9999 -9999 -9999 -9999 -9999 -9999 -9999 78.6631764804616 75.3082774106194 71.9717815062579 68.6542705648086 66.9046331293443 65.3871691647698 63.9520734057707 62.8516438989078 61.9211582576527 60.8897399341359 60.0169693301706 59.3265839324278 58.7057833811816 58.4457344447865 59.3467705390033 60.2269537589129 61.1103998492746 63.7905871727887 66.4019993473502 68.931095326648 70.1112992342781 70.9419486803167 71.7624713673311 72.5010299402125 73.1709985733032 73.9302980759565 74.8482081329121 76.0765616893768
-9999 -9999 -9999 -9999 -9999 -9999 -9999 -9999 -9999 -9999 -9999 -9999 -9999 -9999 -9999 -9999 -9999 -9999 78.715589018429 75.7325655432308 72.7698133693022 69.8285277871525 67.8420320398667 66.0264352069182 64.2963299470789 63.1846869693083 62.4171704124002 61.6155900113723 60.8035747864667 59.9643286396475 59.1654673464158 58.6342414827908 59.077604784685 59.4701847889844 59.8208393770106 61.5490071072298 63.2263058634365 64.8296446730109 65.6534325164907 66.2505163865931 66.8539737112382 67.2908904973198 67.5866780140821 67.9936094845042 68.774938583374 70.3167819696314
-9999 -9999 -9999 -9999 -9999 -9999 -9999 78.2395207461189 78.2523161383236 78.5748926050523 -9999 -9999 -9999 -9999 -9999 -9999 -9999 78.9547070334939 78.7519838669721 76.1532494040097 73.5721549426808 71.0097048142377 68.8132332353031 66.7034212841707 64.6846323574291 63.5516193894779 62.9508007273955 62.359390819774 61.6015977298512 60.5908598338856 59.6034209307502 58.8026997622322 58.7785118607914 58.689706213334 58.5482861645081 59.3339373574537 60.0902641380534 60.7754304619396 61.2206458940225 61.5934378820307 62.0031240056543 62.1700936976601 62.1176710058661 62.1879452677334 62.8185241222382 64.6910750865936
-9999 -9999 -9999 -9999 -9999 -9999 -9999 78.2393398845897 78.2521316864911 78.56840616114 -9999 -9999 -9999 -9999 -9999 -9999 -9999 78.9494665370268 78.8008378533756 76.5867568745333 74.3884452371036 72.2067782177645 69.8261548210593 67.4246327175814 65.1220775211559 63.955307820264 63.5232863426208 63.1204181278453 62.4114623350256 61.2109444562127 60.0278421570273 58.9640877387103 58.4684444595786 57.9039744910072 57.2807620413163 57.2583757288316 57.29832415721 57.2850183774443 57.51425217355 57.8253525846145 58.1915218795047 58.2734759555143 58.0975821368835 58.0634466269437 58.7422583173303 61.1464601124034
-9999 -9999 -9999 -9999 -9999 -9999 79.4915177962359 79.0042557435877 78.5280245051664 78.6815694360172 79.1129364686854 79.5319248087266 -9999 -9999 -9999 80.5969350478228 80.0727921654196 79.5177175858442 78.9046929864322 77.0748162550085 75.2589114694034 73.4574397591984 71.4058086451362 69.3408544484307 67.4121630051557 66.1937668183271 65.4423395605648 64.715346252217 64.0314825843362 63.4616027158849 62.9393401426427 62.6017859402825 63.1451418540057 63.6787028032191 64.2109030976015 63.8236601072199 63.3299986194162 62.7824615029728 62.3845390011283 62.0432353440453 61.7936000333113 61.5002295339809 61.1777042360867 61.004203284488 61.6110857584897 64.3249259135302
-9999 -9999 -9999 -9999 -9999 -9999 79.5638199413524 79.1493433223051 78.7460718154907 78.8943211050595 79.3027685389799 79.6986524357515 -9999 -9999 -9999 80.612655359156 80.1193059472477 79.5905596789192 79.0276575649486 77.5812710593729 76.1482956269208 74.728876618778 73.1641837288352 71.6049358704511 70.1881491436678 68.9001278316273 67.6844662498025 66.5063054140876 65.7771457784316 65.915225982666 66.1038048127118 66.503523237565 68.0950515410479 69.66834155251 71.2274826835184 70.467292547226 69.4374083490933 68.3496704241809 67.322860212887 66.3180969743168 65.4242110112134 64.7028701165143 64.1990145374747 63.8272922179278 64.2746527405346 67.22568257416
-9999 -9999 -9999 -9999 79.9613073012408 79.9544579001034 79.6405403473798 79.2932301689597 78.9605257370893 79.1038257374483 79.4866007636575 79.8521488414091 80.1428071751314 80.3383966894711 80.5531255497652 80.6248217190013 80.180456385893 79.6997556125417 79.1964634727029 78.1557097154505 77.1297484005199 76.1206524231855 75.0655643799726 74.0330765107099 73.1256309958065 71.8016812380622 70.1194796842687 68.4644161673153 67.6194997955771 68.4404757724089 69.344096885008 70.4823247685152 73.1354984676137 75.7485328281627 78.3205504136927 77.2398344769197 75.659940775703 74.0144267783445 72.3474053635317 70.6615098644705 69.0856951685513 67.880505344447 67.1634390774895 66.5469402705922 66.7684522095849 69.9161724623512
-9999 -9999 90.1916821423699 87.1856260860667 84.2285323423498 81.3216434927548 80.6113700866699 80.1990604400635 79.767663787393 79.7617825339822 79.9783658420338 80.1600511214312 80.3094442591948 80.4372011072495 80.5852019366096 80.6284477570478 80.2589156767901 79.8625190959257 79.4496234445011 78.7241580626544 78.0011157989502 77.2890763002283 76.6154909133911 75.9767508226282 75.4347245833453 74.3559358260211 72.8313886979047 71.3724893682143 70.7326175745796 71.817525807549 72.9829363261952 74.3675346655004 77.6307286935694 80.8039684576147 83.8768844324 82.9086288283853 81.3158712106593 79.6840404622695 77.9438560710234 76.1465896999135 74.4907549689798 73.3284490949967 72.8513819750618 72.4670605378992 72.6588096758899 75.0511373071109
-9999 -9999 90.3873320186839 89.3376943924848 88.3372968785903 87.3872489929199 85.999496011173 84.5097312366261 82.9986368067124 82.0923859091366 81.5282698238597 80.9339118284338 80.573925411 80.5730539770687 80.5958984599394 80.5765557008631 80.3636069578283 80.1291018654318 79.8804503048167 79.2983650880701 78.7140480490292 78.1444267946131 77.7017448088702 77.3207707124598 77.0173852022956 76.4951900594375 75.7866068447337 75.134002012365 74.9686481812421 75.8973859338199 76.9352094986859 78.1988438437967 81.7926353566787 85.2786137075985 88.6334758085363 88.0342073721044 86.7108205907485 85.3411090514239 83.7353090959437 81.9858732223511 80.3777052935432 79.3229971773484 79.1090819134432 78.9640828300925 79.1234530000126 80.5733194912181
-9999 -9999 90.5325314016903 91.4383473115809 92.394260967479 93.401444940006 91.4209000082577 88.8556828218348 86.2664223839255 84.4526564654182 83.1091541963465 81.7365143158857 80.8448574402753 80.7124996185303 80.6008871302885 80.498561185949 80.4301300609813 80.3548840915456 80.2762844422284 79.844641012304 79.4099708444932 79.0038371927598 78.8098563586964 78.7123969021965 78.6883351943072 78.7437990412993 78.8953259972965 79.0917609158684 79.4818437800688 80.3003858678481 81.1418053122128 82.1368442984188 85.9252769806806 89.6571812349207 93.3180104423972 93.1139754127054 92.0872767392327 91.0087078318876 89.5743148747612 87.9009267021628 86.3615665155299 85.4262495882371 85.4954814910889 85.6240876422209 85.8413031241473 86.3819342220531
-9999 -9999 90.6273359410903 93.4876404930563 96.399486766142 99.3643170525046 96.8754566417021 93.2365350162282 89.5702801872702 86.8413916756125 84.7193516001982 82.5665683185353 81.1215908948113 80.8558107824887 80.6043893028708 80.4040374194875 80.4745368396535 80.5565183302935 80.639614834505 80.3476620281444 80.0487482968499 79.7923672059003 79.8208955876968 79.9778373381671 80.2007418800803 80.738229078405 81.6170904496137 82.5029766419355 83.3758388968075 84.2092530867633 85.0044182048124 85.8767985175638 89.5945832308601 93.2753858005299 96.9182396496043 96.9689998626709 96.14475440979 95.2597417550928 94.0891404712901 92.7337801035713 91.5341207279879 90.7719162492191 90.7353280291838 90.7160260537091 90.7035020098967 90.7758496789371
-9999 -9999 117.404952666339 114.725474638097 112.128672207103 109.617266374476 105.467993904563 100.91635389889 96.3385127572452 92.4285111146815 88.9600510877721 85.4394462809843 82.9055385028615 82.1356445200303 81.3611162410063 80.6676386664896 80.5441055297852 80.4401111041798 80.353697496302 80.1055217630723 79.8693981731639 79.693992951337 79.8385381698608 80.136113727794 80.4978098027846 81.2010907004861 82.30274997038 83.3989141127642 84.6102057064281 86.1960175458123 87.6549685422112 89.0622088488411 92.1101424273323 95.1707125832053 98.2672851225909 98.4831935097189 97.9027959599214 97.2556827489068 96.6501540857203 96.0993686002844 95.6947793960571 95.2988118283889 94.8333589609932 94.3766509785372 93.9697575849645 94.0573657540714
-9999 -9999 117.532406526453 117.925274905036 118.403327156516 118.970440696268 114.700025782866 109.204113343183 103.678557900821 98.5015399035286 93.5610363904168 88.5663475709803 84.8374043071971 83.5132215724272 82.1784147935755 80.9563682780546 80.6286632874433 80.3401658114265 80.0900743147906 79.8842956318575 79.7146319782033 79.6191838769352 79.8763785081751 80.3119474859799 80.7862382215612 81.6238362368415 82.9176815818338 84.1642576105454 85.6223529927871 87.8848392262178 90.021507655873 92.0882406234741 94.5382122151992 97.0192269156961 99.5582321952371 99.8941470314475 99.5485208735746 99.1509429987739 99.0982904153712 99.3651827363407 99.7612940283383 99.7918060807621 98.903445187737 98.0400542371413 97.2603693569408 97.4080443101771
-9999 -9999 117.578781464521 121.046615488389 124.601397458245 128.248196657966 123.969167036169 117.532068813548 111.061659869026 104.635713352877 98.226089701933 91.7578470566693 86.8059695748722 84.9273637322818 83.0321002848008 81.2694568073048 80.7368919148165 80.266910384683 79.8622288984411 79.699717353372 79.6005735958324 79.5805568695068 79.9438726761762 80.5130205715404 81.0669643738691 82.0049900167129 83.4624150220086 84.8094527300666 86.4402929193833 89.3309981402229 92.1659215478336 94.9723090564503 96.9166360181921 98.8505333171171 100.829596968258 101.245062323178 101.116766480839 100.960252313053 101.38198967541 102.330214949215 103.334610714632 103.675493128159 102.386641558479 101.174707496867 100.083794088925 100.217006066266
