PREC/medie/CUMULATA_MEDIA_06.asc
NCOLS 177 
NROWS 174 
XLLCORNER 1436301.375 
YLLCORNER 4916704.5 
CELLSIZE 1500 
NODATA_value -9999 
[rows 120 to 139 of 174, columns 92 to 137 of 177]
77.4963915488299 77.8637556468739 78.2023627337287 78.4965995059294 78.0518995172837 77.328556060791 76.4991801766788 74.9869351948009 72.5588575811947 70.1932353412404 67.990296868717 66.8033523840063 65.6678082381978 64.5910682257484 64.715341203353 65.1128366273992 65.5001715632046 66.172412704019 67.122107407626 68.0618344334995 68.9660346928765 69.7532574008493 70.5418541431427 71.3316003294552 71.5615748798146 71.7205986836377 71.8730823292452 71.6825674141155 71.2432858523201 70.7864167129292 70.2083045875325 69.3290175970863 68.4512524815167 67.5743369179613 66.6390362802674 65.7111967241063 64.7959275736528 64.1139047715594 63.5577361601241 63.0184277699274 62.5652455605347 62.2557867960183 61.9513686685001 61.6617475397447 61.5877008999095 61.51167196386
77.1157246196971 77.3682912938735 77.5917353630066 77.7679967038772 77.3305590292987 76.6464233398438 75.842320245855 74.5380168802598 72.5266174428603 70.5848288816564 68.7626378115486 67.711993189419 66.7163137267618 65.7870430245119 65.8162971524631 66.0828220143038 66.327655062956 66.8159807850333 67.5569160265081 68.2856053604799 69.0150371860055 69.7801941142363 70.5493888293996 71.3221262623282 71.5422292036169 71.6801372135387 71.8114010726704 71.531964189866 70.933128749623 70.3136841128854 69.6225649539162 68.7444491456537 67.867768722422 66.9920974128387 66.229996583041 65.4847671170445 64.7560013392392 64.3005786533741 64.0042004720171 63.7233155194451 63.4687170701868 63.2512074638815 63.0378218819113 62.8305969238281 62.705935309915 62.5792950461893
76.6947892974405 76.8250384611242 76.9305415714488 76.9947204589844 76.5666412746205 75.929825221791 75.1872955771054 74.117896528805 72.5616906109978 71.0602348832523 69.6363376729629 68.7317255104289 67.8721098899841 67.0689699369318 66.9895014622632 67.1047390909756 67.1991456957424 67.4974574762232 68.0211886377896 68.5388719053829 69.0890762525446 69.833791143754 70.5826667477103 71.3354959487915 71.5430556605844 71.6566393655889 71.761751090779 71.3936562958886 70.630778649274 69.8480722623713 69.0373754501343 68.1600014602437 67.2858849132762 66.4141522821258 65.8206831427182 65.2591474021182 64.7154807522893 64.4822993686094 64.4444436048404 64.4204223296222 64.3699837291942 64.243101905374 64.1203407399795 64.0016665178187 63.8264146131628 63.6491854611565
76.2543975605684 76.2695479112513 76.2682470994837 76.236899319817 75.8356023676255 75.2714588501874 74.6257085800171 73.8024260016049 72.6954611609964 71.6211815721848 70.5869770611034 69.8295732946957 69.1058803726645 68.4264831262476 68.2473402023315 68.2137684822083 68.1615692306967 68.2870235443115 68.6236306639279 68.9631611178903 69.3494658049415 70.0116734083961 70.6720162840451 71.3304808981278 71.4455622504739 71.4485193561105 71.4345272849588 70.922140934888 69.9667041301727 68.9908711489509 68.0258069739622 67.1288460843703 66.2362878357663 65.3470510945601 64.9988745556158 64.7216620353215 64.4708255299312 64.4930266212015 64.6982688648585 64.91507805095 65.060666589176 65.0127349180334 64.9685332354377 64.928118761848 64.7030153274536 64.472222440383
75.7211413944469 75.723657467786 75.7096267587998 75.6745540394503 75.4005784427418 75.0169417437385 74.5728632422055 74.0121362349566 73.2535414415247 72.509214737836 71.782410958234 71.1589774524464 70.5588934000801 69.990521515117 69.7145220812629 69.5290202533498 69.3270572774551 69.3004910525154 69.4963135438807 69.7012128268971 69.9396257260266 70.3959679182838 70.8505376367008 71.303682271172 71.2228341944077 71.0183584409602 70.7949607372284 70.0970673561096 68.9463165367351 67.7759097323698 66.6517944546307 65.745993438889 64.846167652046 63.9512871118153 63.9132006299846 63.9978126063395 64.1103262909592 64.4175476704455 64.8661343310339 65.324787532582 65.6753746481503 65.7105352177339 65.749420895296 65.7920904159546 65.5303109112908 65.2532390706679
75.1833536484662 75.1725065567914 75.146632418913 75.1156415939331 74.972591568442 74.7774364247042 74.5404442618875 74.2440297182869 73.8397192674525 73.4274820439956 73.0128609713386 72.5228656880996 72.0434679704554 71.5775722054874 71.2036436024834 70.8575199071099 70.5054044162526 70.3261197595035 70.3807037858402 70.4516254593344 70.5459271599265 70.7978633992812 71.047978625578 71.2969770431519 71.0214783163632 70.6109594737782 70.1798862148734 69.2977598134209 67.9535374080434 66.58739139052 65.2954043220071 64.3787672730053 63.4697101151242 62.5674899886636 62.8231890166507 63.2674248619553 63.7406432977056 64.3349882649148 65.0241691576084 65.7243678149055 66.2865621903363 66.4047758439008 66.5267117444207 66.652424475726 66.3596558851354 66.0363262961893
74.6411942874684 74.6141859503353 74.5776990441715 74.5605731851914 74.5531544404871 74.5547743404613 74.5293889326208 74.497589560116 74.4514454112333 74.3716253953822 74.2721286661485 73.9133150998284 73.5511475731345 73.1801930595847 72.7091944638421 72.1959938722498 71.6931913039264 71.3603984327877 71.2732617153841 71.2046613132252 71.155722954694 71.2045098753537 71.2548329409431 71.3078255653381 70.8433678570916 70.2320579641006 69.5995181588566 68.5531463062062 67.0566242021673 65.5433685499079 64.1277393733754 63.2290149366154 62.3417737483978 61.4658597637625 61.9130737658809 62.5909973680973 63.2808558156385 64.0451159087174 64.8754025991623 65.7074743158677 66.3899513132432 66.5636286455042 66.7406155081356 66.9209708606496 66.5702763164745 66.1669606040506
74.2577063055599 74.2143747666303 74.1672838996438 74.1648866429048 74.268554799697 74.4339983323041 74.5869929930743 74.7197258893181 74.8063015657313 74.8272146337173 74.8103914821849 74.4585128671983 74.0865442612592 73.6785233441521 73.1569208818323 72.5896196926341 72.0535979551427 71.6966123861425 71.6142996339237 71.5681445458356 71.5342342993792 71.4855533487656 71.4382293925566 71.3937570627998 70.7800027622896 69.9895051226896 69.1760712511399 68.0557389539831 66.5782065111048 65.0813443239997 63.6734696276048 62.8180821082171 61.9756198840983 61.1467620344723 61.4894249544424 62.0685005775269 62.6607856824994 63.3753423199934 64.2059687400127 65.0392556470983 65.753314074348 66.007318945492 66.2646300371955 66.5253036162432 66.1448170718025 65.6841285368975
73.9349380100475 73.8728402081658 73.8123109200422 73.8205914777868 74.0218814962051 74.3387849471148 74.6545055052813 74.9258592269 75.0974333707024 75.1829955157112 75.2231063842773 74.8728770087747 74.4919163199032 74.0533000721651 73.504142368541 72.9074808569516 72.3595216414508 71.9950360690846 71.9310243830961 71.9122368027182 71.9025690134834 71.7621248189141 71.6211586840012 71.4802086774041 70.72107592751 69.7524444636177 68.7571756699506 67.5546204202315 66.094883441925 64.6165381319383 63.2184388216804 62.4096687401042 61.6134751053417 60.8312088321237 61.0745794247178 61.5541890877135 62.0476842513856 62.7072271463626 63.5367590404828 64.3709773456349 65.1132786975187 65.4475727642284 65.7851698819329 66.1261251112994 65.7218926934635 65.2044349259094
73.6829391086803 73.6069843348335 73.5317167113809 73.5341394087848 73.8133384480196 74.2659603567684 74.7097700343412 75.0877678254071 75.3114829343908 75.4485996470732 75.5393825979794 75.1908438065473 74.8026999305276 74.3428886076983 73.7752839256735 73.1575698291554 72.6054786233341 72.2401083216948 72.2016631575192 72.2202476894154 72.250285990098 72.0289631170385 71.8015916768242 71.565930703107 70.6659387420206 69.5207196403952 68.3425992096172 67.0496497154236 65.6067566310658 64.14896328309 62.762352326337 62.0027330973569 61.2538023415734 60.5174842862522 60.6667138899074 61.0462893475504 61.4401764484013 62.0424606922795 62.8742046726539 63.7115568273208 64.478673878838 64.8850255012512 65.2897403660943 65.6927955571343 65.2703911276425 64.7015264003592
73.960068506353 73.9095579035142 73.8603935241699 73.8997689976412 74.2480471554924 74.7968619851505 75.3266410827637 75.7561356039608 75.9414709876565 76.0344129450181 76.0723663778866 75.6298794465906 75.1306601131664 74.5397487528184 73.8851409799912 73.1984344370225 72.5925449483535 72.2033491415136 72.2249470598557 72.3166933340185 72.4281221838558 72.1442520478193 71.8502706078922 71.5402472159442 70.517196599175 69.2088047195883 67.8616944761837 66.4486130265629 64.943056639503 63.4227100400364 61.9726350026972 61.3171094445621 60.6730928491144 60.0428718538845 60.2099156660192 60.6132490950472 61.036473139244 61.6289601168212 62.419555212645 63.2181258201599 63.9567340682535 64.3278913778417 64.6974138652577 65.0652755008024 64.6550586363849 64.0830158754526
74.9823191867155 74.9754394643447 74.9679767945234 75.0584397596471 75.4302019792445 75.9943200279685 76.5322008693919 76.929843565997 76.965575947481 76.9085371354047 76.7932050368365 76.1690294602338 75.4759051379036 74.6759893753949 73.8902710185331 73.1122522915111 72.431051085977 72.0116268045762 72.1210150438197 72.3116124097039 72.5333933830261 72.2004647815929 71.8526694914874 71.4792773863849 70.3441118633046 68.8788735025069 67.3681864457972 65.8277166029986 64.2455263839048 62.652342894498 61.127433180809 60.590308098232 60.0636695798706 59.550329997259 59.749291016775 60.1829127143411 60.6348774923998 61.2178122944692 61.9667354131884 62.7266010799007 63.4370508357773 63.7735236094278 64.1091820577927 64.4442439193235 64.0474094345289 63.474247907891
76.0825941141914 76.1327437232522 76.1701092439539 76.2801819408641 76.6438365263097 77.1897158342249 77.7089609258315 78.051788891063 77.9099618126364 77.6920537387624 77.423838334925 76.6194606107824 75.7440121594597 74.7725407656501 73.8908435036154 73.0618721457089 72.3054438198314 71.8507491560543 72.0479006206288 72.334452124203 72.6685388789457 72.2835589857662 71.8783143267912 71.4353303628809 70.1852820059832 68.5577041962568 66.879305713317 65.2043310333701 63.5416754133561 61.8742699973723 60.2672381891924 59.8482979045195 59.4408045340987 59.0488237966509 59.2873701014939 59.7550410067334 60.2345502061002 60.8096715842976 61.5158895091975 62.2371449003763 62.919948365101 63.2223231599611 63.5254921238212 63.830177624436 63.4475485927918 62.8748099137755
77.2286254097434 77.3465044919182 77.4384748795453 77.5687387690825 77.9233449487125 78.4466542636647 78.9454800100888 79.2373751472024 78.9205066456514 78.5474059161018 78.1349411010742 77.1320518044864 76.0499876807718 74.8813350901884 73.8544082080617 72.9120671889361 72.0092719021965 71.4313854610219 71.616319768569 71.8901854122386 72.2111514876871 71.7540806321537 71.2587532436146 70.712052822113 69.4324691576116 67.7942692952998 66.11327809446 64.4409261310802 62.7746556927176 61.1155248599894 59.5049093225423 59.1964136958122 58.8994760478244 58.6196446892093 58.8769386279232 59.3471877732698 59.8203841167338 60.3592828301822 60.9970413275501 61.652221184443 62.278103722369 62.5104689887341 62.743214635288 62.9778558804708 62.5784455362488 61.9793061368606
78.6006217844346 78.8358686671537 79.0308025584501 79.2269885680255 79.5854740142822 80.0719571394079 80.5362086576574 80.770206339219 80.2762985229492 79.7449534921085 79.1857938205495 77.8878985012279 76.4955968295827 75.0304742700913 73.7201311448041 72.5089346380795 71.3119060852948 70.4563170881832 70.4668031299815 70.5738482475281 70.7362972427817 70.2218022907481 69.6548553074107 69.0232246342827 67.8819583444034 66.4737152772791 65.0179673994289 63.5233567532371 61.9404080194585 60.3702038351227 58.8263302515535 58.6157127320766 58.41736736806 58.2385884220986 58.4998159093015 58.9520660761525 59.4001758905018 59.89095565852 60.4518091477015 61.0337030265261 61.5970342001494 61.7534513648819 61.9112128790687 62.0726678266245 61.6553344586316 61.0327495126163
79.937788177939 80.2759478512932 80.5649278865141 80.836937567767 81.2124182196224 81.6732605765848 82.1154089534984 82.3086244919721 81.6517836626838 80.9679071762983 80.2623951855828 78.6747027004466 76.9712857639088 75.2072591220631 73.6100886849796 72.1272869110107 70.6614244685453 69.5523038751939 69.4175565943998 69.3642055287081 69.3599073466133 68.776249072131 68.1263259018169 67.3904565783108 66.3563480938182 65.1562617386089 63.919302498593 62.6005928130711 61.0937755774049 59.610617518425 58.1417896072654 58.0237454465207 57.9259245627943 57.8509991774883 58.1237579031902 58.5615292138913 58.9951470739701 59.450536089785 59.9443169376429 60.4540041965597 60.9527409146814 61.0310338630396 61.1096114446135 61.1908224049736 60.7465915399439 60.0945012569427
81.2274387023028 81.6513151842005 82.0246533225564 82.388040710898 82.7980564341826 83.2476206947775 83.6820136238547 83.8520695181454 83.0454645717845 82.2138646069695 81.3612632751465 79.4879089243272 77.4717333176557 75.4061962576474 73.5189175886266 71.7621983359842 70.040961153367 68.6883123061236 68.4207281785853 68.2095477440778 68.0361418443568 67.3879541228799 66.6715830774868 65.8537460846059 64.9273417066125 63.9340955790351 62.9157655239105 61.7844041743699 60.3831250807818 59.0210743230932 57.6849696354201 57.6553108832415 57.6706827668583 57.7115260993733 57.9741589080761 58.3440286990474 58.7006804995677 59.0669951544089 59.4642559570425 59.8688496912227 60.2674445334603 60.3050808065078 60.3460138475194 60.3924758855034 59.9804882582496 59.370895540013
81.6191409615909 82.0707429437076 82.4641954758588 82.8530929789824 83.2298428030575 83.5932699091294 83.9428060195025 84.0390218285953 83.1281134661506 82.1959647010355 81.2453659842996 79.2154940997853 77.0250325483434 74.8016796673045 72.7962215086993 70.9634897007662 69.190694584566 67.7717502818388 67.4605614437776 67.1817439584171 66.9249633761013 66.4254158524906 65.8637601628023 65.1757522470811 64.3664450996062 63.47649854071 62.5759557064842 61.5866585829679 60.3641932931016 59.19181848668 58.0536248609971 58.0755702607772 58.1627433300018 58.2789947986603 58.4068402494578 58.5323181345182 58.6446592246785 58.7929370368228 59.0329159287845 59.2756310631247 59.5163319671855 59.5703286703895 59.6257748744067 59.6855029358583 59.3585404928993 58.8474517850315
81.7072510438807 82.1881822698257 82.602907629574 83.0199632644653 83.3700693354887 83.6527528762817 83.9237637239344 83.9593644983628 82.976388650782 81.9742295321296 80.9545957340914 78.8064102285049 76.4734213211957 74.1183481777416 72.0151189916274 70.1238049899831 68.3034642163445 66.8140439426198 66.4476475435145 66.0955179999856 65.7536919537713 65.3930826467626 64.9891147894018 64.4450898450964 63.7693209613071 62.9996079592144 62.2283119646942 61.3912706015741 60.3609165544896 59.3831596904818 58.4429265996304 58.5212876095491 58.6799413737129 58.8709263521082 58.8757871963522 58.7561575726551 58.6233767726842 58.5491594882572 58.630811438841 58.7102776555454 58.7852895680596 58.8515711952658 58.9186679194955 58.9873561718885 58.7371155794929 58.3196300759035
81.7822746389052 82.3006393769208 82.7425880432129 83.1882351146025 83.5148685679716 83.7172615948845 83.9041492798749 83.8724203109741 82.8110486198874 81.7342038996079 80.6425661199233 78.3754092945772 75.89594150992 73.4022521411671 71.1924535526949 69.2362549164716 67.3483667934642 65.7680966713849 65.3269010992611 64.8965877364664 64.4746493942597 64.2497740773594 64.0138341468923 63.6404048274545 63.1243335569606 62.4987076801412 61.8716186916127 61.1981742263717 60.3724852780647 59.5930554149398 58.8489557543927 58.9867562406203 59.2149664373959 59.478635226979 59.3711176746908 59.0046664564049 58.6251472480157 58.3253897428513 58.2552143615835 58.1821234226227 58.1059000071357 58.1869542458478 58.275499273749 58.3625902007608 58.1901934006635 57.866689415539
