T2m/med_mese_clima/temp_med_05_2002-2019.txt
NCOLS 177 
NROWS 174 
XLLCORNER 1436301.375 
YLLCORNER 4916704.5 
CELLSIZE 1500 
NODATA_value -9999 
[rows 72 to 95 of 174, columns 54 to 107 of 177]
17.0832692531708 17.3484515903725 17.2542534482884 17.0238201168584 17.0524079749062 17.2426419493225 17.099523465317 16.0316508400679 14.1870112285202 15.2047621681275 16.9949752186368 17.6097986959933 16.1496515962997 15.5915753950491 15.4139470225959 13.493555544234 13.4864267522906 13.1355566089352 13.892898593981 16.5026800547301 16.8801470564655 15.592009763714 15.4039362494408 12.9350036470334 13.5496860039455 13.6058291658759 14.1351113809112 14.5616673282451 13.5109818561486 15.4604606545634 16.3171202286158 16.2515881272378 13.9450772047779 14.0261097082017 13.6944179716945 15.3537422091137 16.5670366946562 16.5046626648049 12.6738733828735 11.5838060966193 13.0249917910032 13.2650053031007 16.1624282715865 17.9396812670025 17.9458202839266 14.2543511817025 14.6539056721845 11.9710532022899 9.09702215454862 7.74592650867711 11.0362549492103 11.7316602034207 13.3501542735948 15.089572638678
16.8120609831663 17.2075952347782 17.0483534908221 17.1792119784304 17.0135597749809 16.7121194992352 16.933917270656 15.7196905525746 14.5749830934369 14.6956676670522 15.8410011255815 17.6060912894982 17.5967039201363 16.4122859707585 16.2541749844029 15.590992386308 15.8742810744378 15.9447601591547 16.2970370109802 16.5032529144927 17.0769666797033 16.2202010797682 16.0869735200832 15.3087708590023 13.9478424756247 16.1013640633152 15.351317200451 15.0672246810095 16.3527043125512 16.6044540142939 15.8713223195186 16.0567604063102 15.9341266053878 15.7462881346728 14.3533096787002 16.3453024711506 16.5058472505322 12.3850936321841 12.8865647802566 11.5529712886354 13.5893574708498 13.601628856922 13.2550779250163 17.9575464865308 17.9609157669323 16.6994966329616 15.6360408703486 14.2835375966849 10.9497216699349 8.20151703050778 9.34730275034361 9.95841200121909 14.2497832856152 15.5307803617767
16.7006357455695 17.3833654949143 17.3239415545155 17.1000973288292 16.6755654331527 16.6064617293944 16.1277008234995 16.6770825749378 16.3548627805195 16.6532167675502 16.8129480982268 17.454288009085 17.569618896257 17.1451181303572 16.3239262287264 16.1562301716687 16.2190289010052 16.4094040977182 16.8745998848184 16.8811591542429 16.9362052982788 16.7349872819251 16.6021524890521 16.2827885378106 14.9802232402342 15.5683434924962 16.6374618861594 16.7570910614582 16.8677574345359 16.2165935742266 14.3943250596155 12.6582418606053 14.4285609099416 13.6591828184639 12.6739885108615 14.4989156521213 15.3828927612599 12.8659775783848 12.5693812602579 14.228424491531 12.4813080306843 12.9572997511008 14.6673113560787 16.7842599019592 17.972125680947 17.9684198637435 16.2563633793298 14.8990255460695 12.6666077787344 12.7277476391284 12.2874603663583 12.0461060902949 13.9478602181844 13.9218640651462
16.9415106825806 17.3618611764025 16.9185961690214 16.9204325530264 16.8879171120164 16.5290617407196 16.4477029839508 16.5196524395987 16.4992977968153 16.6635011171853 17.1322402601257 16.9591649636626 17.4889960685262 15.7623668112321 15.7885120462488 16.6163391480843 16.9591975717081 17.0691054294323 17.0401365800772 17.0838321649918 17.0147468553097 16.851690395066 16.7559303844049 15.9809429493767 16.7332799404676 16.8719173883582 17.0413315863521 16.9525137526018 16.7620422637757 15.9304130508024 14.7135105823661 15.3930186557181 14.8479499729511 15.1618979998761 15.1875782399266 17.6187036829598 16.2175282021732 13.6202173979838 13.2728194658679 15.4891430455961 14.0332948610187 14.4530203616362 13.2645068638395 17.9802263413682 17.979784243747 17.9750341066608 17.7251716076592 14.9313433761398 11.4245898783736 13.6288636801465 12.3115568488066 12.8648039155939 15.5842868353114 15.1020729518231
16.98270760839 17.1153634543404 16.9917789468611 16.9301356576935 16.8984958028904 16.4794105892748 16.6700120369961 15.8730802394174 16.9787635271748 16.9711978903155 16.5821185831119 16.826822808017 17.3971040116232 16.6560840627845 16.6718857681126 16.5941107596144 16.831396403688 17.1967469958428 17.1966501879287 17.5186312178403 17.1456564116809 17.0844353460051 15.7322914483371 17.0319922204739 17.1628797614648 17.1559153014127 17.2231435219079 16.9930715531479 17.0825979201882 16.9132679431527 16.5643568739479 16.8240127553175 16.8713416310004 16.997779144034 17.1113727668921 16.0048941299871 16.3107095100629 14.2600850651662 16.0201163809608 14.6687219540094 11.0924986382524 14.9312697926605 16.4503360529741 17.9857416942164 17.9842847813059 15.8794653645452 17.9701444298397 15.697240895364 12.7181950240643 13.4317487024231 15.5053283091313 15.4754628183481 16.2012395227765 13.7675027019494
17.2187147687247 17.0880441739787 16.9964146735124 16.807853669526 16.4570044640222 16.7761160174178 16.9327865463532 16.9610069892289 17.1139864930584 17.0394199810646 16.9771193412167 16.7832795115901 17.3139329678115 16.7406683498695 17.0913793729595 17.1555768719426 17.2769317419441 17.2881457121652 17.3810121016738 17.4795743757192 17.3314764957001 17.2710687797747 17.216758399098 17.2366428254563 17.3455878443188 17.2877578376252 17.374638691986 17.3004420563027 17.3187726054295 17.1111921749733 16.0584361497635 17.2936427619354 17.2741824435599 17.0568332404634 16.4041829514283 16.3821186564219 16.7518703424636 15.6074963252486 17.0204365712625 13.8461494548177 13.7195241889652 15.4032118383013 13.2942576292488 17.1420916371507 17.9860718765744 17.1971021452068 17.4598166750537 14.1829775352813 13.9178610456119 15.6877595621862 16.9347696851433 14.8781286439226 15.5730869577807 12.9859358209789
17.3260051659412 17.4235532404832 17.0604684287107 17.0303407397811 17.093429151251 16.8730894806392 17.0907946063597 17.0257068655373 17.2400067549613 17.2054754794196 17.1709639718135 17.1366758235995 17.2013711626699 17.1376822677108 17.22252005289 17.2164837897928 17.3731972967769 17.351387580383 17.3504250764295 17.4915121356646 17.4143582388207 17.4461653724497 17.5066090123521 17.4841345941947 17.4276141613722 17.3924016202305 17.4391017771061 17.3954054243035 17.4272063981972 17.3882518667866 17.477839593902 17.4123548449558 17.4560892129018 17.3691632670017 17.0697953992788 16.3150530797832 16.8459624912268 16.1742595509983 17.4613860514429 16.1125191895682 15.6208269633261 17.2108639628063 17.7157194283273 17.9873938753281 17.9856187089726 17.981292614304 16.114436407608 14.617666548325 14.6658432149041 13.9004065508552 16.8767019494448 13.963227678771 12.1726917148924 12.3307690354518
17.4354866406432 17.3897497627838 17.1207162334319 17.0276304158992 17.0584760736352 17.088548795235 17.0868952125679 17.1771977081895 17.1749511330768 17.234132333247 17.2262416194618 17.1884962227425 17.1396798935937 17.2874575108474 17.3330995501192 17.3125558215527 17.3995378796885 17.4073298336363 17.4233633814403 17.6220773937526 17.3786124201836 17.4564206066323 17.5720259408524 17.5148456724705 17.4678267124258 17.4061372974773 17.4249341238428 17.4692846252962 17.5009147366992 17.2312754550466 17.5956913599262 17.5545943240693 17.0842246287767 16.6190595414168 16.4659415778554 16.105408580914 17.3946710847778 17.6537184429757 17.7620230555534 17.9710239981428 17.9769857376446 17.9812777765003 17.9838283621235 17.9845621914039 17.9493268576669 15.4738726405818 13.6648827848979 14.0127343071188 16.3951472118681 16.4726262109515 17.1583287347614 16.1161753649329 16.0294911056573 13.8041359270336
17.4777037713447 17.4480012549111 17.3333376484153 17.2943268938381 17.2246130171198 17.1734796830349 17.1103103468632 17.2001528362801 17.2290607174054 17.167017431226 17.2096196833032 17.2046114084529 17.17672754 17.193001753423 17.3086435814515 17.310222419986 17.3948821894733 17.4637164700362 17.5480533174526 17.4739085930733 17.4910129800623 17.5409206317899 17.5161955269031 17.5044039843995 17.499541859899 17.4819829630999 17.5342617442946 17.5414325902124 17.5735487192133 17.6438352687123 17.6612939089537 17.6318155875545 17.4719285028584 17.0813296350064 16.5233707594283 16.3749296104098 16.9888451525091 17.7267854291716 17.7269407862866 17.0347818434974 17.3371219169578 17.9425128288475 17.9448996200606 17.946014862664 16.2204989216578 15.2815025122997 15.4903239552438 15.044941982958 15.126320661862 13.310789167067 14.9733531526577 17.2688269399566 16.5909235882722 16.4700013210376
17.5389038248563 17.5357876651633 17.4282959884699 17.3891937762499 17.2593515688806 17.3322225572702 17.2851456104053 17.3016547058283 17.2813906792137 17.2498820409179 17.2449141471106 17.1929784687397 17.2280889989601 17.2409116120802 17.6243981760409 17.3285399171857 17.423434671594 17.5090657375845 17.6170389136046 17.5267088440465 17.6255821877792 17.5822629003613 17.5986094840883 17.5767237505795 17.5676919206793 17.6031922913996 17.6316575324462 17.6722588732287 17.6596271221652 17.743414840323 17.7211024356109 17.7496067332633 17.7369579171325 17.755646148508 17.687001906133 17.5585104507797 17.7565752578002 17.8098449686795 17.3251355970347 15.4183298058716 17.6631363478708 17.8001662021066 17.9382280088133 16.7920137389574 16.7220716117341 16.477219211908 16.2945233083801 16.475610472961 15.1561528452753 13.7596746531166 15.7534931540121 16.3017044609711 12.9897467230228 14.8699980061179
17.5878433520227 17.5844032176483 17.5771598975784 17.4637459400076 17.5045845452834 17.375108174207 17.4036739359115 17.3491360983731 17.3029809663877 17.2967804802421 17.2611517177504 17.2344685245811 17.2410724836183 17.2501427780699 17.2555576871759 17.3190299590429 17.3858177887253 17.5644523016097 17.5726011918467 17.620972033121 17.6548716638191 17.65137782428 17.6447953651349 17.6381846976501 17.6571103348408 17.6623266068506 17.6922873499585 17.747079834342 17.7478286209298 17.7861695984632 17.8160507245564 17.8042826493581 17.8302960308614 17.8545504028415 17.7840515558734 17.7253637815699 17.8047645036085 17.7900996653018 17.6149776799443 17.3193437057145 17.7212936704174 17.7916608305993 17.7945409064676 17.6615598178204 17.3240559038557 17.4609615756774 17.0827211477506 17.5979546669457 15.2797142503254 14.3625480984096 15.7624976651904 17.3074143297878 15.2093436781455 13.1126334171604
17.6820038367937 17.6751654003505 17.6585596179337 17.4451280424072 17.4786947298381 17.4596777545081 17.421897654916 17.398715823668 17.3773260125959 17.3452806381716 17.2969198256731 17.296016626244 17.2978934329785 17.3152236745129 17.3417828299381 17.5765278241701 17.4224634697592 17.5407396880381 17.610038257565 17.6231893338171 17.6441276667663 17.6788265651759 17.7074095777155 17.7228339304895 17.7375254953717 17.7640540078834 17.7432935280564 17.7925285943496 17.8200715618001 17.8651368157731 17.8750125052752 17.9090180317193 17.9276665761883 17.924397638293 17.9059701192894 17.9059669052009 17.8443765975811 17.7818123505071 17.6386181282408 17.2418664536726 17.7788154432803 17.6810642185035 17.7520991657987 17.3157377294552 17.6920142010038 17.6893355437267 17.7692406103199 17.0825133072005 16.6389119443334 14.6770581461581 16.7352047401814 17.751375939743 16.8309509384779 15.5285483640837
17.8477143437222 17.8319310652437 17.737793853971 17.6875402725221 17.4879712677664 17.4676451351172 17.4354409395177 17.4181536020136 17.3899265412011 17.4033426703678 17.3675356219764 17.3543769946437 17.3509617964979 17.3573037462654 17.392672044002 17.4826701912063 17.5692161742552 17.5747410742957 17.6469555286346 17.663058192053 17.6933498430399 17.7372845923827 17.774935701563 17.7862690520507 17.8030392681007 17.8312738847217 17.8119410831619 17.8686149240276 17.8967091799886 17.915642911159 17.9450612508956 17.9719464150844 17.9832638896174 17.9593304315835 17.9399819299395 17.9389590204866 17.9032613922416 17.8396326681346 17.7620873932485 17.4314545707202 17.5671203236889 17.4026182954326 17.7433229210936 17.5790437053383 17.7549947966764 17.8790265271325 17.9631797564986 17.9857975167993 16.9162779839686 17.4447570969661 17.4504350320793 16.9245397958858 17.8493582884839 16.5111204461919
17.8090459264907 17.9571741196477 17.8894606517421 17.8032407106625 17.755266161079 17.6379504501268 17.4717762887662 17.4405641384515 17.4315760508364 17.4450241677371 17.4354927351813 17.4099898484202 17.3753273286569 17.4219764767606 17.4657253515757 17.5064466091954 17.6667277638743 17.7842491609815 17.7109320493024 17.6973515505776 17.7432144036264 17.7961923726915 17.8232460391742 17.8496234084721 17.8812186852282 17.9045025184567 17.9320342672828 17.9438941924292 17.97903572825 18.0112570150031 18.0208549123119 18.0538485454189 18.0645507059715 18.0663771757373 18.03313185683 17.9648719332468 17.9485696621515 17.944980335346 16.6517113309216 17.7210653599766 17.7245703309039 17.7630212556801 17.8713829136189 17.9474045803149 17.9563775124005 18.0215373097379 18.080953554386 18.1816439264718 18.1407764959115 18.1201300895509 17.8532470462499 17.333491412725 18.017531337451 18.0487566529233
17.7972183814755 17.9289084667777 17.9821390093477 17.9046791903767 17.7727871276898 17.7104114909231 17.4658875559399 17.4670614294432 17.4444826222496 17.4580852306551 17.4292757734288 17.4696646683562 17.5008871323717 17.5099563567359 17.5425130701359 17.5527919843793 17.6184667439372 17.7709706282174 17.7062381267915 17.7338370535845 17.7755968788524 17.843774379845 17.879408025668 17.9076784049655 17.9473971498233 17.9525392740597 17.9810769265817 18.000161019961 18.0291104320391 18.0613431245088 18.064173164559 18.0769864576098 18.1458947847655 18.107686972103 18.0472214958918 18.0113124337093 17.9875517221513 17.9767001850737 18.0330946822593 17.8810480551587 17.8988680678753 17.9591464047447 17.9391627127374 17.9825607281408 18.0549583976651 18.1220969204549 18.1973685153105 18.2603368603889 18.3308727427765 18.3487633514552 17.5879016297099 17.2106012268199 18.2291026813013 18.1774961093694
17.8741401158549 17.9871677233481 17.9576643014028 18.041910338181 17.8399424745529 17.560966897066 17.4979217511084 17.4918970137099 17.4888677727845 17.5024902189036 17.5264453189977 17.5478323040921 17.5668787003667 17.5836615295138 17.5916148515763 17.597088805209 17.7426102824049 17.8002195985229 17.7308944371011 17.7735927256905 17.8239338925223 17.8811623494934 17.9251169171966 17.961517689883 18.0091182913677 18.0089592430695 18.038343943306 18.0644944568475 18.1001965810487 18.1193349093199 18.1219108843141 18.1276773995823 18.1697099442099 18.1240592896203 18.0824111130503 18.0456375027512 18.0411875342513 18.0431879613135 18.0589785500073 18.0823951166353 18.0535464889841 18.0398022014786 18.0483176773713 18.0793566328508 18.1195175239701 18.1818769951294 18.2993671150119 18.325294902516 18.3858204306276 18.4140746969868 18.1658476271011 18.3486506111092 18.3041239535735 18.2822753865778
18.0591495495887 18.1609360088905 18.0734675628352 18.0438475611033 17.8065001894846 17.631749123758 17.5418895609953 17.5220707906249 17.5255238531732 17.5326349563989 17.5701949328184 17.6053973890933 17.605617900763 17.6235759684885 17.6198413764621 17.6269132307834 17.7877065535681 17.8147381783268 17.7728155296894 17.8174752389207 17.8697528146667 17.9353342790663 17.9939306514867 18.0187403966983 18.0545628967109 18.0812522190956 18.0982807888293 18.118293229003 18.1476057810548 18.1600370878055 18.168713467283 18.1607226247405 18.1758267502726 18.2014085594887 18.1194712016318 18.1017441283406 18.0898584671962 18.0978722236039 18.1198328980693 18.1495811531941 18.1277657908054 18.1079041183363 18.1239863233434 18.1494404621698 18.1910093017198 18.2350612113137 18.3214697114111 18.3965018662038 18.4400506403711 18.4186517148106 18.4667550995394 18.3045849835799 18.2730955441793 17.0038284230379
18.2663342661328 18.3197076676069 18.3122815897435 18.1418964744166 17.8912261857295 17.6995693912661 17.5981944911642 17.5779926645535 17.561360403785 17.5554056932345 17.5936046478005 17.6230492343505 17.6571744721981 17.6762155103647 17.6670042423739 17.6885232739426 17.7205124645689 17.8474002066218 17.8852828031705 17.8467316194081 17.913789321243 17.9679674093002 18.0214371481427 18.0669357759717 18.1037164706875 18.1376314274691 18.1485996729062 18.1753355289315 18.2111277831557 18.2232731029207 18.2182892296417 18.2161125498053 18.2172054017032 18.2023182352384 18.158721780777 18.1400779887114 18.1538925416308 18.1677606554311 18.1690943384244 18.1917975884897 18.1698862961045 18.1703810636644 18.1870020406482 18.2133138344612 18.2560433362001 18.3283115258555 18.3832801135602 18.4538533448805 18.47365995881 18.4924720544874 18.5461715680214 18.4011852643004 18.3691053776094 18.6185774794699
18.2531653088552 18.4213482385432 18.2191657199168 17.9934906519673 17.8857920284809 17.7394174106695 17.8383102513758 17.6066190543182 17.5967516222854 17.6111267010003 17.6366525732073 17.6734679973972 17.7018859705623 17.7087652622917 17.7204900365737 17.7235189525066 17.8490399823513 17.8594587599054 17.8791844283357 17.91392028306 17.9562069180939 18.0116861220127 18.0729148992418 18.1128492844326 18.1569167109551 18.1978766380269 18.2090170253206 18.2423459492716 18.2451747472639 18.2633985739431 18.2643026557969 18.2613061547279 18.2482267358053 18.2784838992872 18.2205300190934 18.214069515761 18.2069431402433 18.2198993735475 18.2470741963313 18.2492499325011 18.2536473621925 18.247453085839 18.2576815522011 18.2712480104264 18.3281356459783 18.3815792058721 18.43148829845 18.4774634750169 18.5257264811316 18.5592919576315 18.6001504389224 18.6266308017719 18.627634262082 18.6883199380872
18.4594135679948 18.320451818425 18.0834816916305 17.9801926524551 17.7835159923559 17.8704845393881 17.92793906263 17.7062345213728 17.6584398089184 17.6598111086054 17.6792570768131 17.7036208316868 17.7463664194684 17.7475321443176 17.7735868338818 17.8041925551347 17.8586882360188 17.8967303268335 17.8978432150167 17.9535955786337 18.0036443085214 18.0602361405337 18.1158661463011 18.1696716074958 18.2076998180445 18.2489948774929 18.2601262191931 18.2867382773647 18.302302182199 18.3067721369458 18.313462013227 18.3160768542025 18.2952452660711 18.357462903195 18.2917344911231 18.2774432941351 18.2824358139509 18.2810088845683 18.2872520229699 18.3085560091116 18.305727669008 18.2992315027817 18.3093989267025 18.3497585475445 18.3937499519851 18.4478890477507 18.4790736299238 18.5329571572719 18.5631840694466 18.5783034593603 18.5961315295211 18.6038713344453 18.6310668224906 18.6571920782328
18.5143875147457 18.3518585356297 18.0571800411483 17.9251415742032 17.7841589079595 17.8884732699505 17.7949763944488 17.6746326168378 17.6789519116466 17.6943919680553 17.7145957514644 17.733115849138 17.7568158210244 17.7990422109579 17.812776362896 17.8977550200106 17.9201953996479 17.9527190423674 17.9679476633484 18.0048883645623 18.0559110155812 18.120023584513 18.163164651909 18.224090570101 18.2690027957713 18.2840826867171 18.3279997929011 18.347717890033 18.3561425980594 18.3598216978856 18.3655765637939 18.3538739729811 18.3517202765853 18.3597792387745 18.4250941662877 18.3299633157474 18.3469447653603 18.3509013341533 18.355984235141 18.3497113170447 18.3460520519151 18.3588382400848 18.3619824615526 18.3888846614111 18.4263793143225 18.4743304925568 18.5126895045792 18.5608971522914 18.5857877986299 18.6194172653519 18.648024441357 18.6773382928268 18.7000312381688 18.7020097796564
18.5466589478799 18.455062923608 18.078329782096 17.9728267319776 18.0110558965692 17.7735450268344 17.719331257542 17.7202934794956 17.7184153706571 17.734575698957 17.7420493532478 17.7681821204078 17.8129908339109 17.8427496202934 17.9176554608492 17.9435538676786 17.953548475916 17.9936586756765 18.0629589626451 18.0541636561906 18.1059219337908 18.1640226828095 18.2274931021679 18.26229674003 18.3007430361009 18.335485886902 18.3725883380866 18.3917996451811 18.4061502925776 18.41562101267 18.4203836499541 18.4141856568831 18.4040716031819 18.404136650577 18.4681015683913 18.3913501232127 18.4002697005684 18.3961759082697 18.3999451048212 18.3924178246363 18.3943020271666 18.399539673218 18.4085884917665 18.428381646121 18.4391319868373 18.5001631388326 18.5453204806572 18.5874607278977 18.6064955110167 18.6410484715744 18.68380103906 18.7078879347186 18.7190098404884 18.7292362418807
18.5911965051551 18.4117130566894 18.049988959049 17.802733815489 17.7893389096231 17.7916866726713 17.7624683980221 17.7640829746002 17.7628660446332 17.7797998337834 17.7947952665665 17.8149663651983 17.8404159641192 17.8845560502123 17.960625121255 17.9671266643353 18.0113677771371 18.0388419978781 18.0755534873332 18.1005200066684 18.1528331252528 18.2047376873317 18.2619145022498 18.3167604773501 18.3551376210319 18.4162818463128 18.4330264566121 18.4516000493073 18.4784522408689 18.4603542804718 18.4640004689679 18.4698201895496 18.4716974789713 18.4570289096715 18.4598699267632 18.5143221447129 18.4485406521662 18.442901794594 18.4451471557956 18.4362204668698 18.4301613894142 18.4408379885886 18.4488563979482 18.4611583736576 18.4778875229903 18.5253328354638 18.5702905455121 18.5993258334972 18.4736350649669 18.5749938781983 18.7359777348277 18.7218025448146 18.7273586553556 18.7387210581406
18.6195435433108 18.4293714896764 18.0170665492982 17.8341270693106 17.82144698898 17.8176559730812 17.8028828357657 17.8052284313389 17.8115785897882 17.822449972085 17.8382406594025 17.8592027292575 17.8922263549802 17.9304339797041 17.9871840139966 18.0078112253436 18.052756459919 18.0874694142077 18.1313740254184 18.1633317938557 18.2092636508338 18.2815397604748 18.3120188285539 18.3601718963664 18.4117185312289 18.4391478874433 18.4552904818161 18.4664531875172 18.4991866771454 18.5200344628758 18.5225110919387 18.5203862288116 18.5275729209921 18.5113720452344 18.5060195629979 18.56578577985 18.5248116605444 18.4975157550088 18.4848311549352 18.4743016807753 18.4667108029127 18.4693532296905 18.4893362576947 18.5004620801152 18.5227742785657 18.5562122351961 18.593957399255 18.6487581896561 18.5693695949919 18.6240588328353 18.7458949616294 18.7514880901134 18.7574939103406 18.775919992909
