T2m/med_mese_clima/temp_med_12_2002-2019.txt
NCOLS 177 
NROWS 174 
XLLCORNER 1436301.375 
YLLCORNER 4916704.5 
CELLSIZE 1500 
NODATA_value -9999 
[rows 96 to 119 of 174, columns 54 to 107 of 177]
4.74524681577384 4.16996869244609 3.35811612719502 3.03424100365946 3.02072209214171 3.00757504463763 2.99570285361381 2.98541745284272 2.97677626248583 2.97173646116848 2.96972247152412 2.9710938505525 2.97722742939408 2.98556767825508 3.00101273286994 3.02164399461721 3.04546571005983 3.0737048947284 3.10599047385742 3.14149840651864 3.17887079149008 3.2179989624568 3.25882105570891 3.29824210968754 3.33885078760075 3.3767016854314 3.41303212359104 3.44590574080853 3.47470948469011 3.49986386477646 3.52110047361607 3.53735671667376 3.54865237075697 3.55707970993194 3.56013444434562 3.55529543619702 3.55606655226809 3.55283634518798 3.54638926619971 3.54115102711561 3.53495202621569 3.53021679225918 3.52780271507254 3.52957508650247 3.53462939529158 3.54353612082704 3.5555878344478 3.57327622634707 3.59848829712746 3.62837426927443 3.66507939268986 3.70533456821869 3.75097545589288 3.80023046034034
3.67596348030296 3.70214593329118 3.47348678936768 3.04837478727252 3.03439338805656 3.02091545506657 3.00857299600398 2.99788414813641 2.98914339878157 2.98346250854637 2.98091961665648 2.98227446542934 2.98731331225876 2.99518389521952 3.00944916228356 3.0284247392028 3.0514989090717 3.07834575631441 3.10877997307505 3.14226472637552 3.17846443188681 3.21572186493629 3.25384407458443 3.29234789106552 3.33008735157391 3.366256466164 3.39935101244607 3.43138961477943 3.45875957402729 3.48178245787575 3.50099026146484 3.51586717679369 3.52604218330541 3.5330250978979 3.53632538913804 3.53198813077693 3.53137120649117 3.52857487828341 3.52298298563736 3.51682649557302 3.51285448009735 3.50765786026233 3.5063551491948 3.50976973106229 3.51659213668988 3.52473692803259 3.5397396647954 3.55874381640546 3.58557206212292 3.61535258673007 3.65221878130932 3.69307321411739 3.73968181921168 3.78735260021733
3.10391112522232 3.09180266732818 3.27593732113966 3.25928399957382 3.05053038118681 3.03689624773938 3.02435848689974 3.01355741095237 3.00470244060645 2.99884417854789 2.99606801572371 2.99711494040868 3.00157562303207 3.0084492483657 3.02161157233918 3.03970059040383 3.06154367108501 3.08676070109408 3.11564201403418 3.14768833205354 3.18175003826869 3.21737292710246 3.25378888088986 3.28957742112961 3.32517516355756 3.35920887725034 3.39097002009364 3.42018363694878 3.44564054988507 3.46692844046735 3.48528598154082 3.49877752350823 3.50744122169965 3.512650891529 3.5156041375437 3.50901084355768 3.50933711039254 3.50761787019809 3.50184490727368 3.49700879619829 3.49269741175177 3.48838285672317 3.48604562523763 3.49078452346951 3.49892419038418 3.50911365300908 3.52380379374639 3.54513419564838 3.57213190842761 3.60285148796855 3.63889719893064 3.67990787738104 3.72405519135325 3.7731341319482
3.12254404900876 3.11055331250876 3.27671958422978 3.08362538136711 3.06951834542287 3.05594885663638 3.04345980283899 3.03240521499373 3.02385391874598 3.01754978757336 3.01418082884559 3.01461595509469 3.01683645940608 3.02534915131848 3.03785986752524 3.05449756499299 3.07489227199326 3.09894371368679 3.12625433012736 3.15654245262241 3.18822049645205 3.22234602899909 3.25693961711545 3.29036449438953 3.3240657365112 3.3559311894147 3.38556759620498 3.41270064457365 3.43622914220457 3.45610512222727 3.47479550206519 3.48692737576217 3.49106744820934 3.49570170061012 3.49820274325452 3.49181728020494 3.49254897809089 3.4893850561636 3.48341533649321 3.47845444889543 3.47497159863215 3.47176389259534 3.47042029206386 3.47537028487298 3.48415871242696 3.49480586171975 3.51052729643142 3.5304986322147 3.55821544928759 3.59017214047176 3.62604760819554 3.66476387307693 3.70890834779258 3.75597542309974
3.14281737114939 3.1311724654733 3.11843217006678 3.10491561430635 3.09101887033265 3.07734136985455 3.06511045445828 3.05414209126825 3.04532954081135 3.03935847460054 3.03594040268625 3.03553995598138 3.03729179929296 3.04531090786298 3.05714070359233 3.07235317256299 3.09130095311711 3.11410435925878 3.13977926071376 3.16960213684822 3.19824471274601 3.22978219764795 3.26192690293829 3.29369681308939 3.32485919600575 3.35474885155908 3.38220173379817 3.40720907528629 3.42876988126438 3.44683591779821 3.46453426412527 3.47342326718977 3.47791121705385 3.48263286796396 3.47976620522905 3.47504566458264 3.47647685251479 3.47326716578332 3.46699255789918 3.46223115766252 3.45911929399513 3.45702659652331 3.45613618609977 3.45897317633094 3.46858622537424 3.48100443483612 3.49798687216595 3.51860092490582 3.54332907874558 3.5748296263143 3.60948455717119 3.64858724945724 3.69163998618641 3.7374014993436
3.16500325209592 3.1538865268932 3.14149535351827 3.12827186660871 3.11492382254817 3.10177285216561 3.08945844056898 3.07867248578284 3.06994307278881 3.06362611790605 3.06000496157324 3.05958333665576 3.06072449868235 3.0675426402718 3.07836617909214 3.0926374740987 3.10990296039254 3.13124574421106 3.15547915546227 3.1828352551261 3.21146980900169 3.2399908903432 3.26924672501308 3.29895164146953 3.32779443485038 3.35478187657619 3.38033217952009 3.40362490338642 3.42247628919101 3.43906692683155 3.45181610237699 3.46225588318705 3.46615049102644 3.46886130728162 3.4645783902726 3.46172010350795 3.46142180585522 3.45772353864804 3.45216953870245 3.44711056505219 3.44415766293038 3.44277295944867 3.4440532330212 3.4463043231192 3.45502638130527 3.46744097020833 3.48427315026461 3.50462532863114 3.52914248558894 3.55934001560948 3.59219603334581 3.6315378690239 3.6725723474479 3.7160771895755
3.18889707395289 3.17829232898552 3.16657170721155 3.15385473650811 3.14111126437024 3.12820866506223 3.11606432772512 3.10592393297275 3.09715278139866 3.09048347633722 3.08680296695151 3.08616145501157 3.08828395739214 3.09190865390281 3.101979841462 3.11529369794013 3.13166411181972 3.15054993850014 3.17292636884586 3.19697033960959 3.22354393984037 3.25223177380187 3.27635021643911 3.3048203958046 3.33217383934591 3.35586113180333 3.37940399247941 3.40013503007409 3.41832591965787 3.43203778347095 3.44347858606977 3.45164136752602 3.45560102549878 3.45664590603327 3.45008238053445 3.44866626588296 3.44770747626146 3.4437548248888 3.43896947136726 3.43323830704705 3.42957884704519 3.42953650795145 3.43009940951398 3.43381325148726 3.44085629941146 3.45469434971005 3.47008514380933 3.49024203167152 3.51273677407395 3.54320986133833 3.57486587869715 3.60987220525485 3.65057753557771 3.69215151967258
3.21475698945648 3.20480279425086 3.1936770932671 3.18170863687233 3.16939740281564 3.15708700016185 3.14526553196033 3.13523186630314 3.12687010326486 3.12010984246424 3.11618157966747 3.11507163386204 3.11598590262437 3.11883544356462 3.12753396953897 3.13975101458328 3.15427870013022 3.17136535626525 3.19201573324048 3.21389324762878 3.23729603723609 3.26336624908248 3.28927206743583 3.31375894359058 3.33678694139592 3.3580732726755 3.37860903583959 3.39738634048056 3.41283814225362 3.42565554177915 3.43541876913089 3.44180770581442 3.444623199586 3.44476447492933 3.44016165740813 3.43394657601422 3.43360364439005 3.43049208182331 3.42492026445693 3.42111577146127 3.41632603041554 3.41512635058316 3.4170466783209 3.4204605992752 3.42735524708001 3.43917611086651 3.4550445498301 3.47564196378858 3.49973364458956 3.52517658424131 3.55670374373893 3.5886821720473 3.62742932763212 3.66759815861833
3.24230505068462 3.23353591819685 3.2231069685235 3.21189208080121 3.20037239358189 3.1887315819718 3.17708718462127 3.16661119077851 3.15883611006054 3.15191150716791 3.14763257549044 3.1457604122586 3.14673371920984 3.15087186904637 3.15525410143162 3.16569027895983 3.17845545028005 3.19383094400864 3.21176849319653 3.23005355856443 3.25200805580693 3.27653225306967 3.29920538975647 3.32103754000936 3.34262199874802 3.35850321474436 3.37891568125207 3.39449802634078 3.40783863453086 3.41843954291784 3.4262083415487 3.43116444181605 3.43406997593718 3.43332193239245 3.43113186377148 3.42509290665097 3.41550058306133 3.40807948920918 3.41039948276147 3.4076407573422 3.4041724206875 3.40153842383478 3.40389045125689 3.4056612925832 3.41438967181743 3.42575497222721 3.44040023499308 3.46064887383949 3.48182792492849 3.50778244403213 3.53580767912129 3.5679471395278 3.60393766516139 3.63969040681504
3.27198194402857 3.26447173237055 3.25533141329184 3.24461032946405 3.23345029439941 3.22233111564866 3.21138305853614 3.20105182422761 3.19294631293913 3.18634469992724 3.18139045935331 3.17783949008107 3.17877853061868 3.18149029049106 3.18400944211865 3.1924546291223 3.20314399499554 3.21623303957861 3.23216860645488 3.24867236829017 3.26682317874929 3.2894736604495 3.30906100099541 3.32838289352488 3.3472084065368 3.36391552515314 3.37795796439996 3.39148067715943 3.40267242841141 3.41176433816461 3.41786212188338 3.42140361237666 3.42253527910539 3.42209516145345 3.41864213899856 3.4135238532795 3.40617949071015 3.39884335957221 3.39061537962065 3.38747442755528 3.38810528184796 3.38691536615181 3.38961335692146 3.39376717015023 3.40012104771818 3.40937192834892 3.42377109395141 3.44182655214865 3.46290207942758 3.48673138106712 3.51610431838203 3.53978365042655 3.5781825752925 3.61304368674002
3.30411030765792 3.29730461690007 3.28866162362038 3.27976628123666 3.26952279160173 3.25854468236318 3.24790018755472 3.23806455857451 3.22896558595674 3.22253957204901 3.21717841399771 3.21346256865338 3.21248329426237 3.21396971490469 3.21766673174627 3.22181600502705 3.22962427758084 3.23914261094598 3.25366498489736 3.26702721051472 3.28154820769764 3.29716273629113 3.31824661727667 3.33462591499247 3.35085418296509 3.36508469255758 3.37483485713781 3.38673051701718 3.39652673518812 3.40366194947431 3.40876086791677 3.41019900445659 3.41059420810995 3.40826283656076 3.40434357180055 3.39840540692398 3.39298284202319 3.38820344166036 3.3811768305626 3.3730581041226 3.3675659738821 3.36771638630035 3.37317439683442 3.37707212820242 3.3840153546867 3.39322765202093 3.40731681980729 3.42322613923655 3.44412346996974 3.46581196977993 3.49151696717582 3.51585610624934 3.54928010389776 3.58305714685718
3.33803615814733 3.33232818320955 3.3252213504098 3.31737810902069 3.3074209974647 3.2976144639396 3.28723716568604 3.27767325364479 3.26887841542847 3.26100454047735 3.25486792066675 3.25074570683089 3.24795020742067 3.24746125486015 3.24921872034963 3.25321426648752 3.25934905141572 3.26716593721966 3.27371514123673 3.28530116987058 3.29635505425681 3.30877223259985 3.32141518639541 3.33514822620163 3.34868335679739 3.36471633588422 3.37262082393852 3.3820396207148 3.38682950442313 3.39276725810816 3.39706858191257 3.39818068928995 3.39703563159237 3.39465762855547 3.39013786791176 3.38465640643723 3.37863008413814 3.37294677713095 3.3664271111946 3.36206171179356 3.35866064694056 3.35621954115214 3.35731586040647 3.35903610968868 3.36405049292522 3.37563043237594 3.38784092226398 3.40427934315248 3.4227166005894 3.44460235775093 3.46854434989205 3.49230782520045 3.52219309524368 3.55293367978956
3.37385068547833 3.37000866910196 3.36389719486063 3.35739346857504 3.34841442860507 3.33913041385448 3.32844861076551 3.31885244554088 3.30972807678383 3.30145546931292 3.29366912902481 3.2880694393207 3.28416708233023 3.28179575417322 3.28138748013494 3.28328144131497 3.28675084226494 3.29166391744688 3.29846764190572 3.3037688978857 3.31234029454754 3.32064509441532 3.32868977465186 3.33922665816847 3.34923797261695 3.35837810545882 3.36922414014819 3.37650551216965 3.37940559765441 3.3809946422652 3.38239334795051 3.38209143546954 3.3829822866844 3.37896485728221 3.37347070837696 3.36803828586558 3.3614515893568 3.35533862439997 3.34973613099379 3.34549682940814 3.34095029399915 3.34033163127211 3.33379863520261 3.33667876346659 3.34323869961186 3.35424340881149 3.3692206526801 3.38408887165418 3.40124671982562 3.42215089304155 3.44320720030351 3.46861730084298 3.49330447062044 3.5223899915983
3.41221217800309 3.41019706335921 3.40537240064598 3.39863154626603 3.3915023777496 3.3824415192265 3.3724000620263 3.36267844119289 3.35310137309856 3.34291713011753 3.33433718574258 3.32729413966249 3.32199058607991 3.31679596129314 3.31506757279239 3.31396635648473 3.3141935821529 3.31633603916353 3.32019883139558 3.32457719673513 3.32922414034233 3.33323603095321 3.33602193576668 3.34368381073644 3.3491673161675 3.35484252481002 3.35999011802069 3.36815376808735 3.37111185691685 3.36819648450964 3.36836050069767 3.36708811817444 3.3688661757553 3.36123861849679 3.35481634928984 3.34867159929738 3.34275225995673 3.33666758069585 3.33076043296205 3.32832091782916 3.32355477061049 3.32260455666733 3.32325978071681 3.3262145875749 3.33025438159859 3.33627137902523 3.34689939561748 3.36126182419049 3.37986857692742 3.39876908478831 3.41985590462358 3.44043957108614 3.46364124500921 3.49113289064699
3.45229592621866 3.45195118199364 3.44907304129103 3.44226459192034 3.43648394564677 3.42783902111269 3.41850198577048 3.407333008619 3.39718267618476 3.38679230007751 3.3753100377185 3.36823017097124 3.36060929759253 3.35344209947508 3.34842536761578 3.34446278883913 3.34229398923447 3.34113119680037 3.34155515966043 3.34223819127884 3.34367057715477 3.34527202206193 3.34492290360629 3.34821941911617 3.34899969601288 3.35062739396896 3.35338842154771 3.35430009540563 3.35927939886797 3.3579819095576 3.35351791343722 3.34791186998461 3.34800019710242 3.34238540335254 3.33584283400138 3.32942208805857 3.32341768347198 3.31779174785261 3.31245976596088 3.3090448235253 3.30487050344656 3.30453831758229 3.30530114045756 3.30778321269006 3.31348863880903 3.32070638652694 3.33083841882155 3.33766387046211 3.35553914317276 3.37029555516593 3.39474388166351 3.41536065044111 3.43257434908421 3.45965315804039
3.49485137099523 3.4969461149278 3.49519695568135 3.48985370787386 3.48242836943431 3.47319726660948 3.46481454147208 3.4550038696706 3.44328109775318 3.43091906891666 3.41754688310938 3.40764221398434 3.4002173962246 3.39011616310712 3.382349700671 3.37653975868771 3.369824215388 3.36556647251986 3.36191110754661 3.35923030032376 3.35826910116085 3.3565059531854 3.35648208895799 3.35569688673779 3.34987606158638 3.34785515261084 3.34628947246446 3.34498453754645 3.34424403327595 3.34311729083318 3.33854068841366 3.33280623400275 3.32561191600927 3.32258741548783 3.31632335175302 3.30919640007311 3.30314485008539 3.29804726453733 3.29210498376946 3.28853487162749 3.28636564014931 3.28500690042733 3.28635948699311 3.28889846985993 3.29491638283364 3.30275247471002 3.31147082459526 3.32273829323512 3.33348849132852 3.34820606314118 3.36721728375529 3.38403744116443 3.40975624189132 3.42734976824656
3.53912085385635 3.53987443616748 3.54169181822884 3.53850434286022 3.5322062098703 3.52375393544296 3.51399774175884 3.50335394268729 3.49173087811107 3.47902798243191 3.46608200698317 3.45273893220003 3.44068993022275 3.42767248614559 3.41851759269266 3.40720099896303 3.39784503782041 3.39102139321355 3.38308692352404 3.37753570691129 3.37174099954012 3.36656709449799 3.36184525652394 3.35785749850811 3.34786832672015 3.34352219779506 3.33795577195914 3.33352914785434 3.32867060364167 3.32738320987836 3.32066251444123 3.31270773697435 3.30743924882354 3.30155644997516 3.29524894540295 3.28874040313643 3.28267258763958 3.27730206491784 3.272049353237 3.26963357764244 3.26698001407561 3.26594904973864 3.26753730972938 3.27106570216379 3.27575775027647 3.2829325793447 3.29260370611929 3.30328959868879 3.31583300106218 3.331128824656 3.34585129167371 3.36451671099155 3.38097122870705 3.39923445049127
3.58403834882549 3.58724847761662 3.58932277702575 3.58817860429068 3.58309760652827 3.57543978589249 3.56560192728155 3.55347066024801 3.54096668148088 3.5284997018032 3.51485051237754 3.49934412706479 3.48237939768023 3.46699448532387 3.4538388056542 3.43958237977125 3.42776280648313 3.41618002245751 3.40433527574158 3.39384492906455 3.3851175888924 3.37600213012778 3.36791222686746 3.35973825684122 3.35139039983602 3.34413008041918 3.33410808067317 3.32259034999144 3.31436663407326 3.30604617111751 3.30096177026858 3.29291796635074 3.28888119420504 3.28015160420163 3.27340144974023 3.26711168013459 3.26105527262107 3.25545448962811 3.25091697870945 3.2480402086134 3.24700742052439 3.2467662286497 3.24783558176484 3.25196504455895 3.2575714444068 3.26418402106119 3.27355835160126 3.28426030624179 3.29713440962971 3.31105675899248 3.32632363386295 3.34272232928563 3.35893023543086 3.37576104776484
3.63038070404129 3.63687644596682 3.63946853167365 3.63786546130258 3.63234755717692 3.62442397686746 3.61730015060684 3.60626417373751 3.59171308481918 3.57966003916185 3.56612086521012 3.55534193646341 3.52788255506553 3.50628087153988 3.4875779329308 3.47412378542007 3.45750997101785 3.43982292531889 3.42630233122563 3.41234307862571 3.39908944221796 3.38545940181671 3.3740135547871 3.36208476916049 3.35015676911162 3.34005904739684 3.32693786513266 3.31506793768831 3.30246812400857 3.2915687195914 3.28336132426945 3.27443768629669 3.26858087532679 3.25909469157446 3.25059484260769 3.24630639821934 3.24027181254431 3.23406212905294 3.23065140720965 3.22817322783011 3.22756558097893 3.22815002293295 3.22959731208057 3.23399460508011 3.23888232327518 3.24500299443972 3.25418613633304 3.26498566404476 3.27778071660819 3.29096614517962 3.30582885751145 3.32065508688742 3.33622310485689 3.35498020224396
3.67671282726776 3.68509125719492 3.68978841408885 3.69046995794674 3.68681699041784 3.67790676907258 3.66902934097633 3.65812346614667 3.64495614439058 3.62810329621936 3.61158380347301 3.60135753510295 3.58500424182375 3.55312463943394 3.52460426590664 3.50726520019033 3.48760721988362 3.46778252058047 3.44678228817161 3.43002404986387 3.41333465131617 3.39622523557916 3.37932231822284 3.36470872189417 3.34970846781777 3.33583404319373 3.32061243159988 3.30742506107012 3.29145216419038 3.27843922395407 3.26705089950056 3.2567692248243 3.24857153920439 3.24142587964176 3.23164948738004 3.22585682279455 3.21984806671989 3.21504632284253 3.21116118841028 3.20782920143402 3.20815349904491 3.20958863722083 3.21186389542959 3.2153017888659 3.22127050440842 3.22750757042599 3.23707509598671 3.24764402966889 3.25954906268641 3.27216243725069 3.28724864752798 3.3002146288407 3.31578487390253 3.33128566537387
3.72070655215234 3.73345962172608 3.74036099842828 3.74220139022055 3.73991553094878 3.73313263998997 3.72223292962464 3.70890210970932 3.69618486760518 3.67462459828879 3.65579971628276 3.63546626882075 3.61587925880494 3.61220564076399 3.59431516857979 3.543824812934 3.51269663353746 3.49305183112978 3.46991592252924 3.4486278867047 3.42739852047262 3.40692513768755 3.3861368579849 3.36732543124663 3.34935202801618 3.33121144110258 3.31394154051157 3.29856513740108 3.2830501086798 3.2645408957175 3.2499677018301 3.23933785496193 3.230616443165 3.2227675289809 3.2120633851997 3.20390021175444 3.1997321011644 3.19513144427116 3.19198020249175 3.1894714928844 3.18939756555453 3.19091901645171 3.19404164010658 3.198314576666 3.20370591091399 3.21101666615114 3.22016002549941 3.23060080742579 3.24221616602899 3.2548564253714 3.26788948918186 3.28208402971336 3.29680079965656 3.31036029703666
3.76436273369213 3.78145815265774 3.7906584705453 3.7950864056125 3.79285651338062 3.78638309315905 3.77599257473063 3.75914939720123 3.74437789075793 3.72539996279962 3.70413782044746 3.68035069092563 3.64565861905425 3.62862627539196 3.60301587557568 3.57407917419549 3.54652861639023 3.51352472126871 3.48736262636522 3.45832860874255 3.44131443432079 3.41522467817658 3.3930613870003 3.36893532154785 3.34820479070911 3.32846184283276 3.30768226692867 3.29021605561412 3.27285528322712 3.25771718099571 3.2364452021495 3.22299599544047 3.21039810163217 3.19920705305314 3.19035878188746 3.18295773485428 3.17705791093077 3.17617463881886 3.17247949130848 3.17256351577457 3.17339391118891 3.17454739163526 3.17814861607351 3.18286055793673 3.1890434356498 3.19660954013762 3.20588672976831 3.21588954529857 3.22690337161301 3.23833533054082 3.25183903236197 3.26498586755323 3.27852363719954 3.29230415914307
3.80507124397209 3.82127132712618 3.83302969528292 3.8443653425783 3.84361424857806 3.82999010034586 3.8193863514231 3.81326606636462 3.78940736573042 3.76216321801407 3.74024063947103 3.71345400282219 3.68753495773814 3.66435884127328 3.62938553219289 3.59881147370537 3.56797598856816 3.53793138975946 3.50814181532681 3.47669673879278 3.45572596927922 3.42713130402006 3.39822909155953 3.36742218887528 3.34908004522241 3.32457404961173 3.30262694430723 3.2815444774543 3.26247849683367 3.2459294791262 3.22937776389272 3.21059673119999 3.19494822191764 3.18395012560508 3.17416107832205 3.16607908044871 3.15932816273213 3.15514335844549 3.15267024727698 3.15269188730917 3.15400067728134 3.2503013641787 3.31429884760804 3.23389321438259 3.17487436285313 3.18190826911014 3.19137668080269 3.2023192696026 3.21329581297752 3.22457265575611 3.23731013557118 3.25094352305849 3.26307757784962 3.27667769669605
3.85076063910243 3.86632606553013 3.87707671630591 3.88230525390059 3.882220820249 3.87713516768109 3.86639223778265 3.85231333351007 3.83242951157763 3.81007159143256 3.78565593874374 3.76055119453231 3.72962236915098 3.69887081392968 3.66424340704333 3.63143493301869 3.59812529462003 3.55973238863194 3.53058305561651 3.49697705132154 3.46409682121538 3.4313746686516 3.40125149429679 3.37236199009983 3.34483349690968 3.31878508133043 3.2972734640226 3.27378892105786 3.25207662005022 3.23107783104061 3.21465926737505 3.19995450687902 3.18372323189699 3.16902973871164 3.158321859349 3.15088758461324 3.14366403182399 3.13799620898804 3.13781229499483 3.13740844238199 3.13875224876317 3.21047233159821 3.25823508828115 3.19779251810051 3.16183383182078 3.16965194895048 3.17938200361636 3.19005413234542 3.20108740728489 3.21235256248963 3.22531766872888 3.23777937338088 3.25041374327864 3.26309109757828
