T2m/med_mese_clima/temp_med_03_2002-2019.txt
NCOLS 177 
NROWS 174 
XLLCORNER 1436301.375 
YLLCORNER 4916704.5 
CELLSIZE 1500 
NODATA_value -9999 
[rows 24 to 47 of 174, columns 54 to 107 of 177]
-9999 -9999 -3.39832789306676 -3.94949794418286 -2.75534207566246 -0.655895325410757 3.32874173932555 -0.977487565612642 -2.79733608032911 -6.12218721366913 -3.53552682272925 -1.55902390365787 -6.0731709834928 -9999 -9999 -9999 -9999 -9999 -9999 -9999 -9999 -9999 -9999 -9999 -9999 -9999 -9999 -9999 -9999 -9999 -9999 -9999 -9999 -9999 -9999 -9999 -9999 -9999 -9999 -9999 -9999 -9999 -9999 -9999 -9999 -9999 -9999 -9999 -5.60223059950036 -5.23096006437766 -2.96871808072584 -6.68547541721082 -4.40936671104302 -4.13566960683054
-9999 -9999 -9999 -4.42785636669975 -1.59157338767749 -1.80442765973489 1.86749589549628 2.37454235859982 0.717107733630056 -1.59319103832833 -4.74820268847865 -3.04617021684051 -4.66709159962431 -9999 -9999 -9999 -9999 -9999 -9999 -9999 -9999 -9999 -9999 -9999 -9999 -9999 -9999 -9999 -9999 -9999 -9999 -9999 -9999 -9999 -9999 -9999 -9999 -9999 -9999 -9999 -9999 -9999 -9999 -9999 -9999 -9999 -9999 -9999 -6.86941464983828 -4.09746689711014 -5.80196086048118 -5.87506667863665 -4.13068498284688 -2.39683050896129
-9999 -9999 -9999 -5.29729563494258 -4.03702330926295 -1.64963217639853 2.10394874425862 1.54252417923071 -2.87521776734311 -2.879625672125 -5.59178912167217 -3.93633642434484 -4.82376575495421 -9999 -9999 -9999 -9999 -9999 -9999 -9999 -9999 -9999 -9999 -9999 -9999 -9999 -9999 -9999 -9999 -9999 -9999 -9999 -9999 -9999 -9999 -9999 -9999 -9999 -9999 -9999 -9999 -9999 -9999 -9999 -9999 -9999 -3.96204181103145 -4.84542964132705 -6.33588692256697 -5.87741281249836 -5.9798553170862 -5.80397870474116 -2.9124769908544 -1.06542946818084
-9999 -9999 -9999 -4.13369202378946 -2.68751142361829 -3.23334041396593 1.40162224126559 4.2360636263295 -1.02048828150731 -2.83941262002072 -4.94649331827524 -4.33123148358785 -6.49111671731086 -4.46471230812624 -9999 -9999 -9999 -9999 -9999 -9999 -9999 -9999 -9999 -9999 -9999 -9999 -9999 -9999 -9999 -9999 -9999 -9999 -9999 -8.06417794929662 -11.342422111844 -8.6334990544118 -11.5447468160404 -10.6612461788618 -9.19919576117756 -9999 -9999 -9999 -9999 -9999 -9999 -9999 -6.28378565508213 -3.56288734654758 -4.75664031386336 -4.74482345347089 -2.95156526159001 -1.88801517913327 0.531492121739583 -1.27277556100293
-9999 -9999 -9999 -4.85677686023964 -2.51029604431597 -1.66228582502783 0.536242554004341 5.86606566206177 0.252775108997813 -1.07688029626308 -3.15442778050921 -3.1009754902471 -1.50573327824466 -3.58608619620048 -2.7453752797168 -9999 -9999 -9999 -9999 -9999 -9999 -9999 -9999 -9999 -9999 -9999 -9999 -9999 -9999 -9999 -9999 -7.94900822183348 -7.02213814217628 -6.18107226684829 -5.71484777299359 -7.18008455627736 -8.15134468993065 -8.11158076916402 -8.25802317258038 -8.56119637615568 -9999 -9999 -9999 -9999 -9999 -5.5012976542127 -4.72652978361446 -2.51298425147555 -3.38347248421559 -5.30099811513518 -4.70774934352592 -4.15718747324088 -1.9926791855055 -0.175354403052809
-9999 -9999 -9999 -9999 -2.25131473526523 2.10137660232308 3.56552945284412 5.37297732933817 1.85886911988944 -0.111529687567637 1.43891598292437 0.538910817307403 0.534171884306519 0.175666479514479 -0.6109693756056 0.762456102899058 -9999 -9999 -9999 -9999 -9999 -9999 -9999 -9999 -9999 -9999 -4.79789648300051 -6.4909595807821 -6.39556297377526 -7.21537234791207 -5.93808009105032 -7.69259059312236 -7.25457441572729 -5.32434390406883 -3.84377563729145 -5.89759693486253 -7.01188240233905 -4.94178306479775 -4.99830329190325 -6.90050655429997 -9999 -9999 -9999 -9999 -9999 -4.21803920263636 -3.7203000146131 -1.07204595448419 -4.19116038304665 -3.53800529059771 -3.91006055713076 -3.69207837418818 0.544295747879306 1.15554752185021
-9999 -9999 -9999 -9999 -0.701985036293373 -0.498498894512335 0.96110734463886 5.66206631042241 4.71710054779875 4.74340929085711 7.14686290704609 5.84717016526477 4.48318119903089 5.53817056495412 5.03786992599117 6.0775084060784 -9999 -9999 -9999 -9999 -9999 -9999 -9999 -9999 -9999 -4.95247311574442 -5.74588122545662 -2.3079873592363 -5.26451216167222 -4.97102215246538 -1.62234986330123 -4.11400738190311 -3.72604272468239 -4.84750831796725 -3.15995552665673 -4.99871458788914 -5.36750527910998 -3.79401693368759 -3.08461149158262 -5.26044284268276 -9999 -9999 -9999 -9999 -9999 -4.66550361363706 -3.89131182902566 -1.7749446559154 -0.0977716176884624 0.137640957603889 1.43419835844658 0.311855822878969 0.308207800625749 1.17739636920901
-9999 -9999 -9999 -3.07731281184961 -1.41501654553749 -1.03853400800249 1.06523075372185 3.94301061507079 7.78945671440015 8.2903917859995 6.05956093445052 6.85393560322642 5.76374632471436 3.72931105731799 3.9968746688778 2.82043120274113 1.24453249203237 -9999 -9999 -9999 -9999 -9999 -9999 -9999 -9999 -5.39389515039029 -5.30390944303854 -1.79344326945339 -0.714756342475827 1.08512006697076 1.09588635193509 -0.0829438507701302 -2.44068110906949 -5.55294095188312 -1.76434219013878 -2.26430474269281 -6.84632279641846 -1.33407302259206 -2.46909375683301 -4.85294717441353 -3.96608003293593 -9999 -9999 -9999 -9999 -9999 -4.69417302900971 -4.09940282801647 -1.8710137165611 -3.44295132752268 -0.177850026829868 0.531352340625263 2.23739015440704 1.94110959249743
-9999 -9999 -9999 -3.36736499058299 -1.00457770619257 1.51884495285416 3.72621683535815 6.69086716291978 8.49448934738232 7.70798802553759 3.27648523895724 2.19123453088537 0.752699240400767 0.903248089932227 -1.11094662990829 -0.764872832053338 -1.30221148290027 -4.70259961164775 -1.8642271881563 -9999 -9999 -9999 -9999 -9999 -9999 -8.02047448663461 -5.65866957036281 -2.22500778627909 0.127518324631403 -2.55415859934451 -0.464924668865715 2.21794055175356 1.05881083488144 -1.20476342432577 -1.95874036103174 -0.340754366084353 -0.763072360575233 -3.22581104572595 -4.20582262103808 -4.86579015392104 -3.83166234030526 -9999 -9999 -9999 -9999 -9999 -1.85501468386284 -5.38988239009025 -4.04225211762264 -2.87072175745667 -3.83045788779676 -2.18142131449114 2.10855054262273 4.57542324805645
-9999 -9999 -0.153502712551271 -1.75861043851007 1.25032853143583 0.901105717634401 3.55267545834327 8.33655471315086 8.65990507455441 5.65026328481446 3.7400722276361 2.70986769233046 -2.69109498585539 -0.211606239711554 -2.11282754244721 -3.92826958046671 -1.88927760871625 -1.83449044875577 -5.5205248369484 -6.78629873217508 -6.53264320897254 -4.89416667456334 -5.83760873947416 -5.05580247495241 -7.70835491886311 -8.38670425028429 -3.99322712453503 -2.49083738106496 -2.50482661287455 -3.72266864614071 -2.77779653411375 0.0938731826030338 1.91301286851977 -1.21746487253562 -2.15989244272293 1.75560387168299 -0.805168108962571 -2.46117896735887 -3.41181482296442 -5.67665728091975 -4.47671673499567 -9999 -9999 -9999 -9999 -9999 -9999 -4.19834311855901 -4.65314823708097 -2.33074773282604 -4.57637761077999 -2.2261973800701 0.963531336084989 5.6729043134455
-9999 -9999 -2.99078714373672 -1.97475968778324 -0.165254140516849 0.584461426080446 5.07589290472832 7.82813536517716 8.779936806861 8.62427104486546 3.60297879091053 -1.4133665397551 -2.86096076691072 -1.69552823172388 -2.80675791046791 -1.66944873709443 1.77075592586788 -3.42962672466841 -4.24641844602526 -2.40457272646536 -6.02209769900898 -4.57147048133665 -3.33220012405291 -2.12370242229325 -3.04067532642606 -4.27832798302779 -6.63413379812275 -6.28929455203271 -4.60334285970858 -4.91216173514707 -4.19633987696529 -0.76868372392658 3.7612640220732 2.64927446516671 3.12437913833564 2.06628971450407 -1.7646882585328 -2.42772543688116 -6.4081856476298 -7.30946379477837 -5.67148938903884 -4.6065631177622 -2.88175465666028 -9999 -9999 -9999 -9999 -9999 -4.09475266162406 -4.91690152296491 -4.07158489544688 0.207880796839155 3.71988322801265 6.9197787594329
-9999 -3.30366613929932 -0.267683768606637 3.38035560741218 3.65229291555401 4.38401362859949 2.37642040573597 5.36917260795838 8.83830096987316 8.88839797069664 5.47944002645511 0.421085673633771 -0.528479979646776 1.81950622244696 2.1760707495852 2.79819605581471 1.77972132257277 -2.09001923059738 -2.15007544674491 -1.50672319475774 -2.909841085963 -0.922982440669484 -0.630889080972803 1.76471975259019 1.2235712934544 -2.41878616541504 -7.06589199142966 -8.67628158355265 -6.28208099411393 -5.20822559502643 -2.10995463225416 1.53811092674967 4.39470937597439 3.64492058796776 2.47090234403301 -0.219513166906895 -3.77934946289579 -3.67546368970046 -4.30179632375768 -4.38239419622983 -1.90039916196569 0.798521560836581 -2.97425763431623 -3.43807707722427 -9999 -9999 -9999 -9999 -9999 -3.85293523681409 -2.11222727737609 0.970785252831482 5.76346840635242 7.27500287430179
-9999 -0.729072861024957 2.66430050328237 -0.930042818753502 2.72420683735505 3.44716073257892 1.55036932083039 6.01102300177658 8.41130616388402 8.94613155308666 8.94932502366659 6.56917429920277 1.86553068858328 4.80907304959423 0.392314627471511 -0.503388003856301 0.0126990898310551 -3.92211979133997 -0.233137462151772 1.51784600749282 0.308167857425996 3.42820765034917 3.18407839100187 0.28159140539791 -2.24164556401972 -5.19622755869157 -4.63906170744619 -5.50819642704066 -5.0167526654134 -3.21497027132194 -0.709515172572836 1.66163003623663 5.06897887569712 1.35452293747109 -1.59249040274852 -3.75276342112662 -1.63454260299733 -2.15641923939605 -5.7295076564028 -5.64214155193337 -3.66471050457086 1.21700433675851 -3.67742809745579 -4.838110589425 -9999 -9999 -9999 -9999 0.298921784829109 -0.577226721034464 0.299388858429243 4.34396555893871 7.46486372818561 6.73603197927298
-9999 -0.709573173218037 0.145415969256355 -1.87981343348089 -1.18365954211509 -0.16164422649666 0.290026068303225 1.55821528099298 6.30570757212719 8.99926437337953 9.0179977050003 7.93365218737461 2.1380321568242 5.14270808974654 1.7141762487577 -1.81749103290693 -5.83073005045409 -4.24044058538493 -0.13336389673299 2.22766035523628 4.18839594166285 4.60678616792897 -1.61773561387251 -3.62400149405783 -3.62844531837482 -1.9240043350986 -4.57366579647779 -4.39199059926652 -1.44492976797572 -1.01428719455847 0.752504523585615 2.67750726740174 4.74236236549576 3.51494797619354 0.191645865457452 0.336540035230815 -3.45788169852263 -4.35437586417415 -6.56391817352832 -3.20315696151308 -2.0023773730409 1.70645564052589 -3.37912563600062 -3.52808896003604 -9999 -9999 -9999 7.03485616806333 3.30741057219715 3.78751209324819 5.34397331069944 7.58531605197835 7.42901329522589 4.16417502153135
-2.40839271360638 -1.1265987810111 -1.06780196180081 0.80048181549367 0.212826905041074 -1.82517000254053 -0.762692904528074 0.626166257483238 5.44234601028851 7.45088586150281 9.05119739984846 9.06517500491152 6.45369647195892 4.73583533354857 0.0519998745401625 -3.92902969954496 -2.77813382402656 -5.7063504894861 -4.68993727617797 -1.59510916697931 -1.76865212294041 4.63519611464512 0.285739946027038 1.37229999838236 0.355151580247825 -2.2546238306587 -3.44896315825203 -2.86186705389059 -3.77556022927323 -3.00719137299635 -1.38024874493496 0.0939065179961918 3.92845184890418 4.28493724914282 -1.86078877553537 2.36047745013718 -3.95651936114852 -2.85815830103857 -3.08739843235956 -3.63695750356798 -0.169397831666536 -0.220482600539155 -3.8066198680514 -3.69480308626579 -2.16118880078884 -1.60624294073843 0.716136324764178 4.43934642857075 7.98123385217216 7.93028859553428 6.88227400187234 6.20714608536233 4.86201324710466 1.54163860073135
-0.924369083303872 0.54739688013705 2.11197729022169 1.22995860184384 2.36080257241172 1.58231301992069 -0.254892778918649 -0.374941672398568 0.737168739528253 1.56134859082057 5.96850623561565 8.59215104358528 9.02862797739263 4.9364219314206 0.996829797614649 0.444417433072145 0.348536403773949 -3.15633950430708 -1.90110103645924 -2.07669397480552 -0.158761925147595 4.22617304801446 3.70584128187781 0.325710635456539 -0.950120603940405 -1.12780792179538 -1.71843878446476 -2.825424022853 -1.44250662524139 -0.373167530706207 -2.06471368251133 -2.23760465571508 1.40698131099316 5.52338849927261 3.27246326418421 1.46997104952654 -0.585221262323726 -1.4235593014578 0.354780235194726 -1.46636200132985 2.80390484123538 1.57606181748605 -2.30865679805574 0.929842767385052 -0.204889257645257 3.35580477993634 4.2673957510781 8.09019019483158 8.094290140276 7.16870299456055 4.10869173688576 5.01397895723716 0.723748107889281 -0.551760340095944
1.95170989012068 1.00949898684895 0.0108481865404491 1.65181240872965 5.39371822403637 3.81797683720536 1.6532044962291 2.39310071438227 3.36835048602015 3.61916321072452 8.18264653707739 9.1222747824315 9.06540585263823 5.1923587483615 3.95117790733494 0.960830926133335 -0.926841622039065 -3.76151209717472 -3.63458230002234 0.518821689082042 2.77657156582801 5.39348084099331 1.8763715338989 2.6800722514272 2.39299561832851 3.90954271712108 2.08980433131213 2.90587622358048 2.74508654634112 1.83722352786702 0.329833878738093 -1.61898278292484 1.35083663122605 5.76808032338757 4.62739482363027 1.78071795726571 1.69704323449645 3.0140502116526 3.92508202613937 3.18459110918441 5.52880169897502 0.657661780288698 0.80745686672033 2.04361018553428 3.71172315048626 5.56180841950505 7.70715845327032 8.16121394376645 4.50289023545514 2.51298878717863 0.588204507824235 -0.549894796228082 -0.17919542589003 1.49936493172162
4.2649173524186 4.00546161983687 4.1287255603927 2.60032142555042 5.59843583954525 6.67291227161459 4.41435777814924 5.42276519461329 6.75380597608553 6.50159230938335 9.13332911466973 9.13394091170728 6.05518570905452 3.00079137692831 -0.669518856878412 -1.73543449484918 -2.35816615259351 -2.32186854441693 -0.275529548973547 0.083042110701089 3.81905742016293 4.2213099632597 5.557342808084 5.90174788868313 5.82873771433955 5.70360888247858 3.61487390208421 4.97058046618715 4.16759636742705 4.03415676372215 3.519012543617 3.74080623668171 3.78884534261592 6.79698348074641 5.3579591758187 5.66107777160703 5.14070448278448 5.1147759250838 5.48893021229888 5.59386145057843 5.91506707640431 4.29106349480437 3.62631020507153 3.69901211654209 4.97594825474032 7.78106947705037 8.17404441724847 6.79906346403114 4.25188542582127 1.30297907852065 0.506441002118147 1.0152977535294 0.787158191902538 2.59031471435315
4.98538082852926 5.17983837035319 5.51974695348871 5.4252835945539 6.4467777796574 7.88424850254093 6.22493613669175 8.59168072656348 9.12835065788621 9.13656368694386 9.14410677303403 9.04289757922913 3.68038706697013 2.96216459485061 2.60741574394425 1.93174330276362 2.54714054453627 0.785578856253304 2.41334991132015 3.62312485865636 5.0540123159469 6.33949279134699 8.48039974888433 8.51105648375797 8.4157591636712 8.36507927315501 7.87609289468496 7.43860509823024 7.25391973478848 7.14233307331919 7.51796672892015 5.63325699324088 6.40316305053244 8.14965685451846 8.17330900662141 8.17522263085247 8.23992976603537 8.08095807059323 7.43727978963109 7.61214081315234 7.99211545567399 6.9117069057964 5.6990443084827 5.93704256927213 6.25877985343774 8.16873376936666 7.47985818100733 4.90163753751431 3.42857649477436 3.17336404967618 3.60730231647946 5.16397528036429 5.28515362891336 5.47394714595445
4.82032344819364 5.85456781287323 7.92372166823027 8.07075064150986 6.11750827665675 8.20102594055153 8.85502758114854 9.16621897849494 9.17220364730575 9.16723399700824 9.15696972797363 8.14161775087326 8.44119094753952 7.90896184694085 7.55422614137601 7.10867488402589 6.95817587742497 5.14486562849681 5.08080326524844 6.55403816466016 6.3903020094385 6.83531470779492 8.45160287391523 7.6058461901967 8.23199748808337 7.87601399838664 8.22258286290369 8.19648733930112 8.16644444378729 8.12173702745357 8.07900038382298 8.05060149248928 7.85405237748358 7.78134274165432 7.44253161303069 7.32441638154574 6.60782902388944 7.8089294122536 7.25834458247791 7.37652197903962 7.43545427756647 8.04602637358846 8.05911791999953 8.09884976276074 8.08982592556098 7.13124301373106 4.40850151464275 3.0906879245037 4.11639890571576 3.62833240753399 2.43206591347707 3.67527128581027 2.67697589947394 2.1901849578733
3.03064813944919 4.07168563952004 5.66603066033039 7.78008548131408 9.09345582463297 9.17068024236251 9.18090972390125 9.18734241668794 9.11840941047675 9.17666447056913 9.16509992945217 9.16268533834202 9.14015635908612 9.09608979165895 9.06148867932009 9.02138235399415 8.93734305196169 8.69163457864291 8.78648362428201 8.6624194244352 8.56689937803715 8.28096326192729 5.51147962770004 5.12267520058336 3.08717289477505 3.30633231876624 5.55452962490362 6.36658015458277 6.46125519147056 5.72451618444389 5.54965335795588 5.93370470533242 5.42743114840731 4.76650503478485 4.34105139847949 4.3454954957275 4.04403095251906 4.58131977031403 4.03170405653972 4.21598863773815 4.38694955877398 5.47840428372313 6.11417338445648 4.44652154710061 4.58317355552271 4.05177170197792 4.25513031768714 2.25730812897413 1.5370735057453 -0.246208328096771 1.38423599579819 2.81833688928637 -0.757836134439837 -2.44286529223146
6.7284711530427 7.72172783971958 8.43230822531188 9.11329117461931 9.18468374195876 9.19537157748552 9.20229293154183 9.18168577788672 8.91143361111325 8.58303850876412 6.86661620274164 9.09304658318952 8.99972160436684 8.55506133462615 8.02401526121728 7.65603506020246 8.82176139637487 8.7355307624163 8.6010121628848 8.00940016962125 7.70249328336209 7.12262857299247 5.19489989945713 4.13183839254031 0.385274162460844 0.764780274027745 1.99486867809197 4.90177848793397 3.63231273432634 1.75931557599701 3.43119987840677 3.6429651065838 2.91058278211506 3.71091579316697 1.1362488407029 4.94000361254478 0.967830523700002 2.15658352552354 2.0196596030212 1.72409994657693 2.96804306630791 3.3571628918352 3.38299927603293 1.18552636177224 1.21291712768154 1.03901755370692 2.64497518539829 1.71460486506006 -2.50586544798715 -1.01891829722627 0.0053156590546178 -0.667318761133366 0.37312594064637 -3.18606509348682
4.54964421425804 4.70868146771976 7.20644098507432 9.19862265392916 9.20987042002115 8.74471151420565 9.22063512385002 8.84843406851657 7.81413478704421 6.90971685938503 4.20525268423038 5.17374657893677 5.0311857954045 3.36403963061145 3.52546367445456 4.12411207970202 4.94575715119621 5.56536791657409 5.8480740010671 3.65563856822982 4.37464546360858 4.76656963362893 2.58711348677402 1.91652817827438 2.05468806720262 -0.188558067118783 -1.43660825488893 3.27831497281989 0.446339008363339 2.62032129165525 -1.4772037645587 3.46649749898157 1.98337893570815 0.022974169837678 -0.417865735315907 4.263281793716 0.151648949581507 0.634875281878807 -2.67063657798788 -0.680796695713476 2.59392841120527 0.944490461362017 1.06775467484637 1.16020112540911 -1.67093552550392 -1.18311822436511 -0.853508651844356 3.81193590491987 -1.35767062580505 -2.00275554370471 -1.51045264046116 -0.667988733868782 -0.144244857959293 -3.50065102540022
0.673006977966799 4.45939310984242 7.76138358594458 9.22457519380202 9.23278390086949 9.16681190082854 5.53127440928385 5.12879121916229 5.66308255146792 4.06486357521349 0.351753131873494 1.7688539836529 4.38786577820932 3.84927148556675 0.709067230497649 0.718997345318606 2.36880604130836 5.67141454640715 4.28829822034368 4.35928550029857 0.857960369357667 2.30897085255555 -0.439764283998273 2.44771484806499 2.01256897040058 -1.35203018326602 -2.43501537071554 2.02346379489239 1.1330005872995 1.67122547983868 -1.61100957856497 1.12606732891663 -0.800508487606073 -2.4640729349701 2.27584149826092 2.54068632482108 0.810794830630574 -3.63190491116327 -4.04259883748985 -1.25699772323558 1.57845014330062 -2.85208848966901 1.63283145764426 -2.9385435973081 -2.63615620209178 -2.95288172379971 -2.0138686251407 2.51573140695837 -1.12895198389984 -4.14970650936405 -0.680283066901855 -3.68713447667533 -4.24540641564367 -3.2100574223993
