T2m/med_mese_clima/temp_med_09_2002-2019.txt
NCOLS 177 
NROWS 174 
XLLCORNER 1436301.375 
YLLCORNER 4916704.5 
CELLSIZE 1500 
NODATA_value -9999 
[rows 120 to 143 of 174, columns 108 to 161 of 177]
19.4907580982147 19.5059374787037 19.5233004976963 19.5312340750929 19.5462568672909 19.562358923913 19.5791685775322 19.6131043303211 19.6247242555155 19.647309435434 19.6694688270604 19.6854675415604 19.717523073366 19.7432819640271 19.7571762738176 19.7704385455845 19.7887368815003 19.7843261101541 19.8075502313112 19.825117960439 19.8427679498381 19.8550664278968 19.8733216808065 19.8864499508269 19.8889215232693 19.9087524761947 19.9235512829679 19.9388730992226 19.9546429737165 19.9819860012671 19.9983105717339 20.0427922820375 20.0590986114657 20.0639055266234 20.0795630473134 20.1059480016411 20.1091812118641 20.122944776887 20.1415547315569 20.1537278369926 20.1651005225392 20.1757091157053 20.1912455073109 20.2061678014344 20.2149566121181 20.2233602222659 20.2146353392765 20.2395357963454 20.2475694298059 20.2613557656302 20.2753810014 -9999 -9999 -9999
19.4950331476913 19.5032631164157 19.5193141973262 19.531540473759 19.5452552366607 19.5657275301591 19.58135751887 19.60308246914 19.6193557697923 19.6355616596086 19.6571091866813 19.6726235597374 19.6820345222569 19.6964905953575 19.7215840572522 19.7629774115399 19.7759858157062 19.788710249262 19.7901024803196 19.8082915010504 19.8266336812827 19.8452645712276 19.858697354489 19.8726121682393 19.8926854553427 19.9133199990024 19.9232835802386 19.9393500854305 19.955829303764 19.9726047373899 19.9895460389431 20.0121273111034 20.0345737134436 20.0567310232084 20.0728247875911 20.110877530252 20.1144578336604 20.1172813472848 20.1361881581303 20.1486295355843 20.1602485067238 20.1710824475435 20.1811972366667 20.1963150280113 20.2109138960278 20.2251164701935 20.2334250029781 20.2359793603725 20.249784754839 20.2524692940301 -9999 -9999 -9999 -9999
19.4926585394076 19.4997374088828 19.5202547292752 19.5312228852533 19.5493312258449 19.5629175155403 19.5716847017274 19.5979254302089 19.6187713931042 19.6339991921666 19.6490696536931 19.6582243767583 19.678236732081 19.6978165102721 19.7113588788043 19.735758642013 19.7542579736213 19.7725885376848 19.7908758334197 19.8036386173119 19.8166263456317 19.8299616102134 19.8437504355021 19.8580622886561 19.8841910139583 19.9052855337031 19.9269437759087 19.9322316017035 19.9491816715339 19.9720559206959 19.9894605835812 20.0068795743421 20.0128921492651 20.0411312808859 20.057661577926 20.0736205030523 20.0776337030823 20.1034122665495 20.1171104500729 20.1412360034074 20.1476344489046 20.1645053204525 20.1693889908255 20.1905279945901 20.1998758964992 20.20881697585 20.2287368059615 20.2316286130731 20.2457571282774 20.2487483379332 -9999 -9999 -9999 -9999
19.5059606145929 19.5120042715112 19.5200607383464 19.535532260002 19.5467406129167 19.570425622308 19.5892495816695 19.5972870957501 19.6169550195432 19.631047065459 19.6450555988351 19.6644898900431 19.6723481894377 19.6855189281862 19.7096329911839 19.7222137148581 19.7346052402966 19.7581784027137 19.7817996972137 19.7886994387074 19.7959036687781 19.8147846398682 19.8341857784476 19.8485333060853 19.8747663971032 19.8903734809214 19.9065826870168 19.923336252475 19.9405349489982 19.9580698344442 19.9757993598475 19.9992087927206 20.0168689792336 20.0342602029081 20.0456031968158 20.0620344503858 20.0778134474352 20.0984874491415 20.1183642057624 20.131783470226 20.150016188926 20.1505624047869 20.161653986303 20.1721053507517 20.1876486444306 20.2083986059002 20.2063399318458 20.2322502207406 20.2356139044271 20.2446879674877 20.2764449293129 20.2747508251271 -9999 20.2950209186604
19.5117920513049 19.5226499075558 19.5296836506437 19.5440483218485 19.5597530481992 19.5708275222306 19.5883839556312 19.6007883448634 19.6191736333748 19.6319892464317 19.6560838153231 19.6743384477508 19.6866923035485 19.698787356816 19.7106391336878 19.7223021253696 19.7338623112189 19.7454265872942 19.7627603314236 19.7747032868451 19.7926690836519 19.8054844450068 19.8245273995597 19.8385854188358 19.8589808829367 19.8744369468546 19.8905641279001 19.9016658870425 19.9245606397456 19.942219848948 19.960141803151 19.9838162448214 20.0018019884025 20.0195838131515 20.0370169122862 20.0539609362415 20.0703018790689 20.0915886576681 20.1064789319175 20.120578299537 20.1338887272895 20.1464308351469 20.1638894856813 20.1694442759985 20.2138861229365 20.2240819051805 20.2058119569854 20.2211331035823 20.2532632641713 20.2460486181318 20.2614926028983 20.2603185370203 20.2650979742465 20.281497309415
19.5096767406582 19.5197598346501 19.531585672159 19.5506267508784 19.5651936558471 19.575032662272 19.591298233732 19.6080457787404 19.6193756667819 19.6364852529148 19.6535417705127 19.6761228973914 19.6871394556905 19.6979394170668 19.7142148465489 19.7190251979563 19.7238056397073 19.7343172162657 19.7506849079144 19.7617263230632 19.773228717071 19.790954215621 19.8093464371878 19.8228280845349 19.8370957945498 19.8577998766573 19.8736191906159 19.8845004792186 19.907284167801 19.9192776078998 19.942923060208 19.9667780642918 19.9850339995338 20.0031841263689 20.0210656275161 20.0385473783902 20.0611460031525 20.0774748737937 20.0931063574545 20.1080022946019 20.1221387756282 20.1355393021195 20.1482397780336 20.1659393154875 20.1830869916527 20.1941454913348 20.2048641310798 20.2209819725038 20.2313602037281 20.2529900099887 20.2634689027627 20.2628994007068 20.2794685020072 20.2907491737018
19.5220214191677 19.5314368855679 19.5424399655288 19.5605259146803 19.5739961041192 19.5883355442896 19.5975937073715 19.6072703602214 19.6228648431 19.6385113965354 19.6540818129539 19.6751811786021 19.6847008190012 19.6997042512224 19.7088614122545 19.7179303955225 19.727007767973 19.7305481494767 19.7400239357775 19.7555667209899 19.7489932492699 19.7827066653533 19.7945342289229 19.8072021926348 19.8207520135746 19.8351971264239 19.8505208747293 19.8723105567473 19.8891843064078 19.9066716852773 19.924646256413 19.948604309163 19.9670833717285 19.9855653409529 20.0038997275162 20.0219353074695 20.0395409931092 20.0566099913336 20.0730562957235 20.0888266738119 20.1095355055646 20.1238981774636 20.1432200862834 20.1562765482742 20.1800458298028 20.192075400555 20.1981008143794 20.2207553469663 20.2319896164068 20.2487969573963 20.2600228614049 20.2657588297456 20.2829495426339 20.2891680533554
19.548440643616 19.5515675491452 19.5561134081386 19.5618607217629 19.5800179260216 19.5989063406508 19.6068713483835 19.615158941592 19.6350023544002 19.6434215497544 19.6631261481788 19.6826390641935 19.6905358962781 19.7039214854496 19.7114695751347 19.7132765094287 19.7151299913344 19.7285241165304 19.7308830797749 19.7393889904098 19.7485067512493 19.7583698934065 19.7747523480905 19.7920663961201 19.8103733077207 19.8240300358712 19.8386903259033 19.8542957339022 19.8764326180763 19.8880110669638 19.900216511459 19.9298611709213 19.9485039758195 19.9672904874782 19.9860606487379 20.0046551213487 20.0229338345095 20.0407766183674 20.0524416799213 20.0747966877878 20.090860411658 20.1119026065177 20.13229151799 20.1464241387972 20.1656324122753 20.1843526631327 20.2026676225023 20.2150420550338 20.2328370445305 20.2448888293552 20.2569225945844 20.269020898703 20.2812572289853 20.2936908496903
-9999 19.5740264570424 19.5779138640197 19.5770932874841 19.5885535338906 19.6063244631312 19.6244767511865 19.6313815736146 19.6383310908483 19.6394947632139 19.6633065789748 19.6868818054026 19.6987816675793 19.7047658376158 19.7049110219701 19.7106985413252 19.716558145 19.7226339167181 19.7290810919813 19.7360596904581 19.7437235183947 19.7408658432778 19.7446378922021 19.7494624935348 19.7894074020106 19.7964776319334 19.8160128095978 19.8309712506269 19.846951085527 19.8638423081026 19.887171685277 19.9054692971828 19.9072612486352 19.9489511611133 19.9681310342342 19.9872752348125 20.0062300133142 20.0248638563534 20.0430600177283 20.0663843928321 20.0834773559299 20.0999605387716 20.1158245795075 20.1310874051289 20.1570629977251 20.1768906699211 20.185016965044 20.1927976921905 20.2228343645503 20.2358035422757 20.2543103720036 20.2671794345172 20.2801096391784 20.2931591723385
-9999 -9999 -9999 19.6116084757893 19.6106693080102 19.5987451105815 19.615688997096 19.6269925621125 19.6553820060283 19.6492718873048 19.671480941133 19.6705446179723 19.6864467298619 19.7020978101673 19.7118639930379 19.7101850996453 19.7142911572794 19.7186418112134 19.7177178893205 19.7287626444989 19.7291861483649 19.730528171606 19.7215701756502 19.764842403917 19.76961354034 19.7813251038697 19.7943133175525 19.8085361815808 19.8295988638815 19.8460677409233 19.8634796975749 19.8873462938486 19.906184118065 19.9254711674167 19.9506957822528 19.9703666625656 19.9899793058672 20.0093885566159 20.0284686060777 20.0527668427081 20.0709071359567 20.0884855592845 20.1054801297675 20.1275285052309 20.1546521658033 20.1643330634858 20.173557481813 20.1880223413461 20.2077961204381 20.2329548045822 20.2579464303427 20.2715921473153 20.2852188695512 20.2988828753298
-9999 -9999 -9999 -9999 19.628814126987 19.656016557952 19.6603443626776 19.664619143134 19.6687118338747 19.6725224033474 19.6759948414176 19.6848258882723 19.6933048327535 19.7014993675824 19.7037936761918 19.7060281605023 19.7140591327639 19.7109538423299 19.7140005048207 19.717684672634 19.7221896546782 19.7219947603927 19.7570383398393 19.7478768733422 19.7514221377452 -9999 19.7911102684978 19.7931895017015 19.8022697877001 19.82393333411 19.8466959738792 19.8704188153966 19.889275165201 19.9087433947457 19.9286511829301 19.9488109837394 19.9690506816063 19.9892134481844 20.0204538280099 20.0344005882131 20.0535612629672 20.0778640132983 20.101617628511 20.1191559062835 20.1474120624906 20.1638482892422 20.1741529339651 20.1952882329166 20.2104125403886 20.2364893902383 20.2566966754343 20.2711070107242 20.2854161924025 20.2996796208932
-9999 -9999 -9999 -9999 -9999 19.6689183673182 19.6779258908516 19.6637862510075 -9999 19.680404695819 19.6823514601737 19.6952995195471 19.6906860183025 19.7028896383475 19.7091543527551 19.7096325508099 19.7102039527924 19.7110574375624 19.7123909694253 19.7144060676506 19.7116066165659 19.7098730101439 19.7434838040046 -9999 -9999 -9999 19.7785364967196 19.7854423289631 19.7995094868568 19.8149696563015 19.8260377084463 19.8439055939668 19.8683923452826 19.8936587311756 19.9138469333697 19.9344407666004 19.9552540347113 19.9704556325843 20.0025011322355 20.0229968972514 20.0487783660834 20.0741096630712 20.0932809293346 20.1119076469925 -9999 20.1700442665914 20.1813846718839 20.1978818503224 20.2195815931563 20.2352742386427 20.250660674706 20.2714284150689 20.2863853574941 20.3012117286751
-9999 -9999 -9999 -9999 -9999 -9999 -9999 -9999 -9999 -9999 19.7017961780839 19.7075099012556 19.7070308147643 19.7176125523459 19.7107841876808 19.7095793256129 19.7141719294919 19.7133437380252 19.7130184063205 19.7134112102927 19.7090354711388 19.7342537039008 -9999 -9999 -9999 -9999 19.762676598126 19.7744040406603 19.7991123650494 19.8083340306011 19.8189936079665 19.8366150518791 19.8553528692074 19.8750284705811 19.9011069380917 19.9164073478673 19.9377194415031 19.9591962253606 19.9863229380637 20.0132888971161 -9999 -9999 -9999 -9999 -9999 -9999 -9999 20.2072226086187 20.2185298057504 20.2350419360102 20.2511768607877 20.2726186918497 -9999 -9999
-9999 -9999 -9999 -9999 -9999 -9999 -9999 -9999 -9999 -9999 -9999 19.7499498793449 19.7537140452314 19.7284348971314 19.7200498167963 19.7172708256339 19.7145730984394 19.7235853795728 19.7102792887243 19.7091385994682 19.726065259365 19.7270666923027 -9999 -9999 -9999 -9999 -9999 -9999 -9999 19.7930875052133 19.8033168068487 19.8263189210669 19.8449183291402 19.8646024400095 19.885169560958 19.9064180574274 19.9281415928293 19.9501500346652 -9999 -9999 -9999 -9999 -9999 -9999 -9999 -9999 -9999 -9999 -9999 -9999 -9999 -9999 -9999 -9999
-9999 -9999 -9999 -9999 -9999 -9999 -9999 -9999 -9999 -9999 -9999 -9999 -9999 19.7524146910371 19.7540548211237 19.7384033349282 19.7342516468936 19.7303920305247 19.7327659093176 19.741608897883 19.7229438026746 -9999 -9999 -9999 -9999 -9999 -9999 -9999 -9999 -9999 -9999 -9999 -9999 19.8513904665698 19.8833587893581 19.910464055389 -9999 -9999 -9999 -9999 -9999 -9999 -9999 -9999 -9999 -9999 -9999 -9999 -9999 -9999 -9999 -9999 -9999 -9999
-9999 -9999 -9999 -9999 -9999 -9999 -9999 -9999 -9999 -9999 -9999 -9999 -9999 -9999 -9999 -9999 19.7331752029187 19.7394664893129 -9999 -9999 -9999 -9999 -9999 -9999 -9999 -9999 -9999 -9999 -9999 -9999 -9999 -9999 -9999 -9999 -9999 -9999 -9999 -9999 -9999 -9999 -9999 -9999 -9999 -9999 -9999 -9999 -9999 -9999 -9999 -9999 -9999 -9999 -9999 -9999
-9999 -9999 -9999 -9999 -9999 -9999 -9999 -9999 -9999 -9999 -9999 -9999 -9999 -9999 -9999 -9999 -9999 -9999 -9999 -9999 -9999 -9999 -9999 -9999 -9999 -9999 -9999 -9999 -9999 -9999 -9999 -9999 -9999 -9999 -9999 -9999 -9999 -9999 -9999 -9999 -9999 -9999 -9999 -9999 -9999 -9999 -9999 -9999 -9999 -9999 -9999 -9999 -9999 -9999
-9999 -9999 -9999 -9999 -9999 -9999 -9999 -9999 -9999 -9999 -9999 -9999 -9999 -9999 -9999 -9999 -9999 -9999 -9999 -9999 -9999 -9999 -9999 -9999 -9999 -9999 -9999 -9999 -9999 -9999 -9999 -9999 -9999 -9999 -9999 -9999 -9999 -9999 -9999 -9999 -9999 -9999 -9999 -9999 -9999 -9999 -9999 -9999 -9999 -9999 -9999 -9999 -9999 -9999
-9999 -9999 -9999 -9999 -9999 -9999 -9999 -9999 -9999 -9999 -9999 -9999 -9999 -9999 -9999 -9999 -9999 -9999 -9999 -9999 -9999 -9999 -9999 -9999 -9999 -9999 -9999 -9999 -9999 -9999 -9999 -9999 -9999 -9999 -9999 -9999 -9999 -9999 -9999 -9999 -9999 -9999 -9999 -9999 -9999 -9999 -9999 -9999 -9999 -9999 -9999 -9999 -9999 -9999
-9999 -9999 -9999 -9999 -9999 -9999 -9999 -9999 -9999 -9999 -9999 -9999 -9999 -9999 -9999 -9999 -9999 -9999 -9999 -9999 -9999 -9999 -9999 -9999 -9999 -9999 -9999 -9999 -9999 -9999 -9999 -9999 -9999 -9999 -9999 -9999 -9999 -9999 -9999 -9999 -9999 -9999 -9999 -9999 -9999 -9999 -9999 -9999 -9999 -9999 -9999 -9999 -9999 -9999
-9999 -9999 -9999 -9999 -9999 -9999 -9999 -9999 -9999 -9999 -9999 -9999 -9999 -9999 -9999 -9999 -9999 -9999 -9999 -9999 -9999 -9999 -9999 -9999 -9999 -9999 -9999 -9999 -9999 -9999 -9999 -9999 -9999 -9999 -9999 -9999 -9999 -9999 -9999 -9999 -9999 -9999 -9999 -9999 -9999 -9999 -9999 -9999 -9999 -9999 -9999 -9999 -9999 -9999
-9999 -9999 -9999 -9999 -9999 -9999 -9999 -9999 -9999 -9999 -9999 -9999 -9999 -9999 -9999 -9999 -9999 -9999 -9999 -9999 -9999 -9999 -9999 -9999 -9999 -9999 -9999 -9999 -9999 -9999 -9999 -9999 -9999 -9999 -9999 -9999 -9999 -9999 -9999 -9999 -9999 -9999 -9999 -9999 -9999 -9999 -9999 -9999 -9999 -9999 -9999 -9999 -9999 -9999
-9999 -9999 -9999 -9999 -9999 -9999 -9999 -9999 -9999 -9999 -9999 -9999 -9999 -9999 -9999 -9999 -9999 -9999 -9999 -9999 -9999 -9999 -9999 -9999 -9999 -9999 -9999 -9999 -9999 -9999 -9999 -9999 -9999 -9999 -9999 -9999 -9999 -9999 -9999 -9999 -9999 -9999 -9999 -9999 -9999 -9999 -9999 -9999 -9999 -9999 -9999 -9999 -9999 -9999
-9999 -9999 -9999 -9999 -9999 -9999 -9999 -9999 -9999 -9999 -9999 -9999 -9999 -9999 -9999 -9999 -9999 -9999 -9999 -9999 -9999 -9999 -9999 -9999 -9999 -9999 -9999 -9999 -9999 -9999 -9999 -9999 -9999 -9999 -9999 -9999 -9999 -9999 -9999 -9999 -9999 -9999 -9999 -9999 -9999 -9999 -9999 -9999 -9999 -9999 -9999 -9999 -9999 -9999
