T2m/med_mese_clima/temp_med_11_2002-2019.txt
NCOLS 177 
NROWS 174 
XLLCORNER 1436301.375 
YLLCORNER 4916704.5 
CELLSIZE 1500 
NODATA_value -9999 
[rows 96 to 119 of 174, columns 108 to 161 of 177]
9.31201899170222 9.34805397049824 9.37812457504583 9.41294349538424 9.43976731652581 9.4757846842504 9.52320157912296 9.55173208467534 9.55141176207202 9.57935945279863 9.56764671501506 9.55146442327816 9.47457960071441 9.44749416574477 9.5072592881945 9.59569265864487 9.59166848919303 9.60414339327797 9.57138457146345 9.56243902597903 9.53939542886725 -9999 -9999 -9999 -9999 -9999 -9999 -9999 -9999 -9999 -9999 -9999 -9999 -9999 -9999 -9999 -9999 -9999 -9999 -9999 -9999 -9999 -9999 -9999 -9999 -9999 -9999 -9999 -9999 -9999 -9999 -9999 -9999 -9999
9.31771070011183 9.34802504095989 9.38102948371802 9.41868192038986 9.44865450893917 9.48160897753134 9.51397838689506 9.51578646167344 9.54818048322544 9.57820490936574 9.57335810457707 9.57103366264319 9.49136295401149 9.54223044316367 9.53213197525693 9.55838682930893 9.52929665399106 9.52378961511068 9.50239757072401 9.44370798437684 9.38445170107993 9.38310735430997 9.41045572703885 9.39099503228293 9.35688435327018 -9999 -9999 -9999 -9999 -9999 -9999 -9999 -9999 -9999 -9999 -9999 -9999 -9999 -9999 -9999 -9999 -9999 -9999 -9999 -9999 -9999 -9999 -9999 -9999 -9999 -9999 -9999 -9999 -9999
9.31142426590694 9.34423982170893 9.37684441965963 9.41121250617703 9.44362269699614 9.47903074236671 9.51381706764033 9.53011675172733 9.54454504289684 9.5711071796348 9.5719821915134 9.55207991084776 9.49809856229848 9.43633200443134 9.45088734291956 9.43513211998336 9.49980758046677 9.51228930499106 9.46658832208068 9.4637856615052 9.434557998095 9.34782118256172 9.37891658173349 9.35698391014996 9.37484509510503 -9999 -9999 -9999 -9999 -9999 -9999 -9999 -9999 -9999 -9999 -9999 -9999 -9999 -9999 -9999 -9999 -9999 -9999 -9999 -9999 -9999 -9999 -9999 -9999 -9999 -9999 -9999 -9999 -9999
9.2933415380228 9.33402071236491 9.37165195703446 9.40525457313719 9.42840058101617 9.4602845428189 9.48872512759015 9.51878296625666 9.52986417163656 9.55311588472783 9.55652216394277 9.54845855662655 9.52556516256303 9.43563933508711 9.4034720604565 9.39140858607071 9.45393902144574 9.45515216079631 9.42193191855261 9.42592831082037 9.38820358886636 9.33972490182009 9.29983610941002 9.32558232756254 9.29018179071426 -9999 -9999 -9999 -9999 -9999 -9999 -9999 -9999 -9999 -9999 -9999 -9999 -9999 -9999 -9999 -9999 -9999 -9999 -9999 -9999 -9999 -9999 -9999 -9999 -9999 -9999 -9999 -9999 -9999
9.28059400427246 9.3145765005928 9.35117088602672 9.3811249519763 9.40630227918188 9.44019021682648 9.46498067317167 9.50295141331366 9.44060978887092 9.53341212885724 9.5337238684062 9.54871304865933 9.54673560317687 9.46193916810354 9.41606742495185 9.31481904420346 9.37471852123096 9.40746290569221 9.29255577643325 9.32648699180779 9.3247460531176 9.27020506887927 9.20335923468195 9.3184676710697 9.1876590810947 -9999 -9999 -9999 -9999 -9999 -9999 -9999 -9999 -9999 -9999 -9999 -9999 -9999 -9999 -9999 -9999 -9999 -9999 -9999 -9999 -9999 -9999 -9999 -9999 -9999 -9999 -9999 -9999 -9999
9.25374431622279 9.29213637833588 9.33032029834042 9.3591325553244 9.3888988504401 9.42176861206016 9.44300952075411 9.4743825335282 9.49021508195503 9.50125297400318 9.51841310436957 9.53315367380019 9.5342558752113 9.50458025200328 9.44830472355447 9.40707334150501 9.33989422524774 9.27487870131382 9.16653687610809 9.1728245518085 9.28823154625376 9.18675512802821 9.07284084037538 9.26895300599263 9.27345200565843 -9999 -9999 -9999 -9999 -9999 -9999 -9999 -9999 -9999 -9999 -9999 -9999 -9999 -9999 -9999 -9999 -9999 -9999 -9999 -9999 -9999 -9999 -9999 -9999 -9999 -9999 -9999 -9999 -9999
9.2270450804488 9.26400336635094 9.29528209849948 9.32842176151521 9.3626043665673 9.38611488933699 9.41198566389551 9.44263717616177 9.46345868838875 9.47410836592228 9.49115153676491 9.50027317005905 9.50168941514371 9.48133115224481 9.44416383493602 9.39868209405566 9.36360438870644 9.27537603785384 9.07289232238528 9.10681873038997 9.21533447927954 9.23549683883194 9.21962550863896 9.19785329303228 -9999 -9999 -9999 -9999 -9999 -9999 -9999 -9999 -9999 -9999 -9999 -9999 -9999 -9999 -9999 -9999 -9999 -9999 -9999 -9999 -9999 -9999 -9999 -9999 -9999 -9999 -9999 -9999 -9999 -9999
9.20119790577889 9.2281622417055 9.26623614382095 9.29789925428468 9.33075369562007 9.35586674211314 9.38627742539629 9.41047859818626 9.4280335226382 9.44127243579377 9.46074981930182 9.46738538145813 9.47198413661413 9.4556414036791 9.43451565873768 9.39714597354514 9.36699719629336 9.34242541287554 9.33013945374925 9.28860252699868 9.1913310700046 9.22867852408977 9.21206724703651 9.12652707003654 9.24105774528004 -9999 -9999 -9999 -9999 -9999 -9999 -9999 -9999 -9999 -9999 -9999 -9999 -9999 -9999 -9999 -9999 -9999 -9999 -9999 -9999 -9999 -9999 -9999 -9999 -9999 -9999 -9999 -9999 -9999
9.16530649452269 9.19621273778945 9.22709588025534 9.26004910184759 9.29155278602895 9.31818716847508 9.3421427881301 9.36832952543571 9.39353683824522 9.40920783537968 9.42331383743024 9.43298790703201 9.42733896140662 9.42273709167783 9.40848078440391 9.3875306771592 9.36856647794541 9.36045306476414 9.35273261195849 9.33200327315738 9.26649002911162 9.11742432547978 9.16796944338898 9.2099231488394 9.23528852224486 9.18062476951447 -9999 -9999 -9999 -9999 -9999 -9999 -9999 -9999 -9999 -9999 -9999 -9999 -9999 -9999 -9999 -9999 -9999 -9999 -9999 -9999 -9999 -9999 -9999 -9999 -9999 -9999 -9999 -9999
9.12821962801846 9.16308951742555 9.19231303267236 9.22373328937038 9.25664376068956 9.28204503290122 9.30220232637391 9.32768305617466 9.34969908786754 9.36520496614148 9.37945838680418 9.38958683894411 9.39558012540864 9.38929546907662 9.3818730510601 9.36810684534081 9.35943369800351 9.34802456747167 9.3315794523784 9.31342927388504 9.29978820161472 9.27138240593586 9.23423223357494 9.20894561423737 9.23110340185444 9.18505852547153 9.15813498094919 9.16281377778835 9.15818676402233 9.1741562096923 -9999 -9999 -9999 -9999 -9999 -9999 -9999 -9999 -9999 -9999 -9999 -9999 -9999 -9999 -9999 -9999 -9999 -9999 -9999 -9999 -9999 -9999 -9999 -9999
9.09328321556378 9.12362095535454 9.15119239574893 9.18395507403666 9.21553931594522 9.23695088213949 9.26451195797166 9.28651468379192 9.3081590972201 9.32355282597613 9.33803749448946 9.34595028495094 9.35282247138404 9.35043600698581 9.34169542320869 9.3380314554102 9.32865513746139 9.31676594541744 9.30565660523397 9.30454630829625 9.28237504033349 9.25680457269038 9.22548059741204 9.20614030471767 9.21998373746619 9.17663036986869 9.16727846988619 9.16296814243671 9.16996270248614 9.17966325155771 9.18893416125038 -9999 -9999 -9999 -9999 -9999 -9999 -9999 -9999 -9999 -9999 -9999 -9999 -9999 -9999 -9999 -9999 -9999 -9999 -9999 -9999 -9999 -9999 -9999
9.0465157952828 9.08684297409692 9.10992491099267 9.14992410741237 9.16871725941611 9.19463554528956 9.22419369172967 9.24556728062943 9.26407918862522 9.27379422361156 9.28579639793964 9.29712272982463 9.30216283990219 9.30381016897321 9.30504871499823 9.30618020442488 9.29897284354584 9.28662947332357 9.28107619719005 9.27132776292817 9.25490483631414 9.23807933306946 9.22131791860504 9.20803134095872 9.21058262104333 9.16991510776397 9.17241066962772 9.16497336788063 9.17480037341357 9.17784653350549 9.18015714820794 9.1973382696635 -9999 -9999 -9999 -9999 -9999 -9999 -9999 -9999 -9999 -9999 -9999 -9999 -9999 -9999 -9999 -9999 -9999 -9999 -9999 -9999 -9999 -9999
9.0145716888479 9.03876367226637 9.0837715512111 9.10197354279265 9.1252622026108 9.15014365629628 9.1760824938974 9.20266335436384 9.22661877865545 9.22765157869858 9.24000266656545 9.25779153036477 9.26099210600494 9.2639589173737 9.26688457458926 9.26713297121127 9.26501113559943 9.25798783011812 9.25514978980069 9.2395085971363 9.23772349613096 9.22099264843131 9.21619329513832 9.2151125196772 9.19985210858998 9.16490101811637 9.1674389318805 9.174866553557 9.17824394447018 9.1838338068078 9.18526114395061 9.20135393905544 -9999 -9999 -9999 -9999 -9999 -9999 -9999 -9999 -9999 -9999 -9999 -9999 -9999 -9999 -9999 -9999 -9999 -9999 -9999 -9999 -9999 -9999
8.97764977392053 9.00625042684614 9.03812296933255 9.0697476056055 9.0829638861232 9.10978322735868 9.13207791313028 9.15820188808535 9.16749857263386 9.18876323016549 9.198609017452 9.21142119181742 9.21852494477691 9.22574551165499 9.23036978958626 9.22680182082186 9.23273313573693 9.22816820260483 9.22217943243429 9.218109652031 9.21350207836751 9.20567175180178 9.21933358726349 9.20929122802875 9.18474694188603 9.17362793783787 9.16395440751373 9.17107282486795 9.1771002017345 9.19129435626909 9.1948391425723 9.20337798454544 9.21052367859897 9.22886559593993 9.23918968614928 -9999 -9999 -9999 -9999 -9999 -9999 -9999 -9999 -9999 -9999 -9999 -9999 -9999 -9999 -9999 -9999 -9999 -9999 -9999
8.94804318567359 8.96622252823004 8.98483523821042 9.03632651623878 9.0423157688718 9.0653150822255 9.08986700572858 9.11855996293615 9.13051490934647 9.14609289155535 9.15633158910493 9.16990791101956 9.17804806085834 9.18374840883239 9.18712843874149 9.19131264720915 9.19956768881516 9.20341956102589 9.2000515529169 9.19581916530353 9.19411549024209 9.19228989316742 9.20926253128813 9.19586625385521 9.19266848343714 9.1936794267311 9.18355936072698 9.17172306174735 9.1801983391069 9.19036598472944 9.19590985823247 9.20623899666236 9.20541069948953 9.23145568512807 9.24289217077136 9.25874739603054 9.27227165410236 -9999 -9999 -9999 -9999 -9999 -9999 -9999 -9999 -9999 -9999 -9999 -9999 -9999 -9999 -9999 -9999 -9999
8.91109327281432 8.92190620122464 8.94536353033006 8.97484082050195 9.00684706865585 9.0260113013467 9.04700600378084 9.06945077617737 9.09011944373057 9.10288157261117 9.11942496884933 9.13082095814013 9.13998895230872 9.14995891008965 9.15493604969025 9.15806883754084 9.16561331022129 9.16276131604264 9.17097164997908 9.1693809944525 9.17044725285377 9.17759532521386 9.20416639693094 9.19031460930182 9.18355234854055 9.1873738722936 9.18277083080974 9.17334668212561 9.17470783319244 9.19014112698572 9.20075041772532 9.20960655530315 9.210233078503 9.23437542758017 9.25343337399782 9.26684844379064 9.28102354992192 -9999 -9999 -9999 -9999 -9999 -9999 -9999 -9999 -9999 -9999 -9999 -9999 -9999 -9999 -9999 -9999 -9999
8.87317487182383 8.8919791819803 8.92044123281437 8.94893058146305 8.96193889423725 8.9833848909505 9.00983889184284 9.03502913086559 9.06175887469723 9.06848159144273 9.08248829114813 9.09456876281925 9.10775889323443 9.11299308482796 9.1195006109308 9.12743915466444 9.13094482497335 9.1363552192257 9.14394694753639 9.14792021390422 9.14853616776499 9.1553126374356 9.17196484758096 9.1862308650548 9.17566933862771 9.17884015161806 9.18309866686922 9.18855237529741 9.17288511235297 9.18714745159611 9.20597816982089 9.20996445037792 9.22470830779293 9.24056627739593 9.25731594294894 9.27481076953631 9.28959069816921 9.30810442935678 9.3302140056748 -9999 -9999 -9999 -9999 -9999 -9999 -9999 -9999 -9999 -9999 -9999 -9999 -9999 -9999 -9999
8.85330490492641 8.88045508053411 8.88309988763418 8.92637087754376 8.92597097686334 8.94676134616002 8.96975328796317 8.99470064235289 9.02448991857579 9.03741018891928 9.04568223263013 9.06146789787911 9.06946870030498 9.0819515626267 9.08986298098572 9.09946254556509 9.10788359641945 9.11535726473636 9.11903206018103 9.13460583810036 9.13145322200226 9.14393505092306 9.16014101219807 9.1769537508485 9.17198276582928 9.17429309843757 9.17757189628644 9.18515186668966 9.18081606933702 9.19385743459561 9.20473256842692 9.21663281614417 9.22946924129162 9.24312996219171 9.26408269796503 9.2790052254745 9.30095839889946 9.31988418332454 9.33895149225391 9.36466408744353 -9999 -9999 -9999 -9999 -9999 -9999 -9999 -9999 -9999 -9999 -9999 -9999 -9999 -9999
8.80498426022852 8.8312940968652 8.87074766982561 8.89144418188271 8.89327530755591 8.91348963981908 8.93604882732576 8.95771688855638 8.98753357831094 9.0098376071393 9.01837336386765 9.03167184197715 9.04660686403074 9.05398879179019 9.06624319001445 9.07733980909577 9.08126712483348 9.09368125182393 9.10873462269286 9.11087537370436 9.11607959888737 9.12461052519856 9.1366878653936 9.16873947215329 9.16588362381684 9.17681523392214 9.1919706919514 9.19495605670014 9.18586970990888 9.19077895199218 9.20643037676686 9.21638392850582 9.23697024614236 9.25493643723893 9.27013881402018 9.28243329737412 9.30491240252979 9.32422500798572 9.34354778375054 9.36608593585519 -9999 -9999 -9999 -9999 -9999 -9999 -9999 -9999 -9999 -9999 -9999 -9999 -9999 -9999
8.77846454263933 8.80099242753469 8.82400287741327 8.85358343840659 8.88620229276288 8.8869345629854 8.91229917993747 8.921200544108 8.95413778179736 8.9765713009278 8.98533477738338 9.00221251265 9.01475185964323 9.02921424389716 9.04257997941307 9.05186472332739 9.06344654861399 9.07127921006389 9.08500305752593 9.0921696376022 9.09929569501253 9.10337107747509 9.12715763029546 9.15813504683764 9.16369636103973 9.17329665335345 9.18371858320631 9.19832492477464 9.20381562535754 9.22013689124402 9.21083126792611 9.22199378700508 9.24036111023904 9.25594404588202 9.27521880035611 9.29475846680208 9.31443646918166 9.34076196104446 9.35703664015795 9.36978176676527 -9999 -9999 -9999 -9999 -9999 -9999 -9999 -9999 -9999 -9999 -9999 -9999 -9999 -9999
8.76161918658962 8.78362252029666 8.80609537583097 8.82877358466861 8.87382863552528 8.88643856988354 8.89558640615923 8.91041563468035 8.93073014186027 8.95637441698727 8.96841208195151 8.98888383160093 9.00195571622386 9.00767309547044 9.01882630785853 9.02917526319863 9.03886870842408 9.05119269263627 9.06328697673172 9.07524394510619 9.08402260930452 9.09301769105264 9.10886908283114 9.14490087710579 9.15545086573032 9.16670093902656 9.1787105219642 9.19816852531342 9.33125875743589 9.34102106210025 9.21773569267114 9.22997636275127 9.25261636452009 9.27234708468756 9.28903301134106 9.30917357090613 9.32601852169339 9.34276858399065 9.35931560575473 9.37894278196866 9.39482424155658 9.41027143945832 9.42861001505157 -9999 -9999 -9999 -9999 -9999 -9999 -9999 -9999 -9999 -9999 -9999
8.73872112961798 8.76028381242317 8.78229279746641 8.80771413496455 8.8426920000119 8.86793625467973 8.88294475745082 8.88467470522177 8.9143607821649 8.9370049691587 8.95226486283954 8.98607366001242 8.98979052285271 8.99592723972133 9.00130619438741 9.01249506498896 9.02316364345183 9.03344947979559 9.0500052009623 9.06327449060026 9.07666752260799 9.0870748681762 9.09788510270297 9.10920558005964 9.11786539843394 9.13701652981261 9.15033522756768 9.16437268930681 9.29420760651718 9.29752093024234 9.27171064614823 9.24017747139638 9.2504413781017 9.27091402069797 9.29492244976386 9.31229713714987 9.32959962382394 9.34672080048086 9.36356336029195 9.38341673906546 9.39946200752573 9.41501706365622 9.43341888005829 -9999 -9999 -9999 -9999 -9999 -9999 -9999 -9999 -9999 -9999 -9999
8.72580871633757 8.7437887807605 8.76218386660115 8.7839965373205 8.80256610296675 8.83697421205382 8.86140645557489 8.88863940274839 8.90538510772159 8.92468032644503 8.9399220391933 8.9641632232073 8.9778422044274 8.99080490691158 8.98685045995773 8.99864618393605 9.00677911530825 9.0146452159025 9.03540523919185 9.04643376670753 9.06090085843973 9.07241560681248 9.0876363997106 9.10995332219025 9.10991715996844 9.12365523175337 9.14794677492594 9.15975656333771 9.1921146179109 9.2084755662221 9.23207467376892 9.24601821392788 9.2535441356477 9.27473542234302 9.29264940657472 9.31053548679321 9.33165401115217 9.34915417061391 9.36969270410295 9.38643751197244 9.40269904974429 9.41842766787767 9.43696674272011 -9999 -9999 -9999 -9999 9.50750313212294 9.52270279782094 -9999 -9999 -9999 -9999 -9999
8.71322290996089 8.73093165385414 8.75224550259958 8.77370517931862 8.79189102589531 8.81308993956789 8.83070023113974 8.85103132682438 8.86755336018411 8.88341307630936 8.91152196871533 8.92924122146115 8.94300513256702 8.95287898620556 8.96548500303988 8.98419290625499 8.99604902426399 9.00772903102894 9.02263743537266 9.04093128604062 9.05290941040743 9.06524390037053 9.08133227490264 9.10126858169163 9.1020696738455 9.12327967668525 9.14187160516929 9.15451408140739 9.16776682170262 9.19149882621663 9.20909281784155 9.25396257230863 9.25199332164448 9.27377097171655 9.29221555910495 9.31058405217872 9.33213836583524 9.35002890857121 9.36753918348123 9.38459172277483 9.4045034902695 9.42047352673656 9.4392256010738 -9999 9.47152305122879 9.48508107700039 9.4980622882822 9.51049984235727 9.52242953639626 9.53389397663885 9.55167491865568 -9999 -9999 -9999
