T2m/med_mese_clima/temp_med_02_2002-2019.txt
NCOLS 177 
NROWS 174 
XLLCORNER 1436301.375 
YLLCORNER 4916704.5 
CELLSIZE 1500 
NODATA_value -9999 
[rows 96 to 119 of 174, columns 54 to 107 of 177]
5.65732691519832 5.15740639085045 4.35323004579148 4.02863349298883 4.00776037750509 3.98890676339473 3.97035226635713 3.95530707251382 3.94674605472207 3.93818786865363 3.93562573406356 3.939339813073 3.94589199233127 3.96462188871988 3.979973001132 3.99891889957473 4.02580069356063 4.05600741345589 4.08891590877233 4.1244150636914 4.16285439197016 4.20206655441664 4.23994615804471 4.27909312539795 4.31340694134008 4.34670860632594 4.37548206152588 4.40086591833675 4.42246315922173 4.43897589925692 4.45040117118041 4.45797135368769 4.46202717997388 4.46097163070141 4.45861958367275 4.45868134403931 4.44902707082854 4.44102670880039 4.43576551135016 4.43062230697113 4.42953444974337 4.43180313445263 4.43814461068984 4.44818079555211 4.46380049819793 4.48525328550727 4.51345013090086 4.54645137794826 4.5828367146636 4.62429134307849 4.66863894936807 4.71714301274619 4.76733053930799 4.81915370496694
4.67228367063917 4.68905936164676 4.46100830228837 4.03903494816407 4.01950273728321 4.00031150889066 3.9822471114867 3.96687279742606 3.95640540841254 3.94832174034338 3.94542615803309 3.94659910425507 3.95425990036682 3.97194037214835 3.98756992698107 4.00740494961751 4.03236809494414 4.06194776830475 4.09478686673594 4.13011602162632 4.16644473403939 4.20477067174654 4.24288389450628 4.27926124527421 4.31366901591463 4.34532629266796 4.37468735208503 4.39729206372462 4.41729250207866 4.43336866078657 4.44436426667588 4.45103092882981 4.45426101886663 4.45297702100559 4.44888424434041 4.44811441597191 4.43882323723937 4.42988720878045 4.42383751451418 4.42005347897784 4.4172841444538 4.42107526599545 4.42744174409146 4.43707233799264 4.45235759147213 4.47583747307967 4.50288290838009 4.5361682604794 4.57230036249579 4.61481309512526 4.65967632608503 4.7083057310915 4.75827097164905 4.81137181876673
4.11132203021484 4.09348642282543 4.26220743726667 4.24049758803904 4.0337557647756 4.01434209175082 3.99608092939079 3.97973093183426 3.96827645128812 3.95922831213553 3.95536058487126 3.95554600218225 3.96291799642228 3.98167460399488 3.99755724349408 4.01617081665919 4.0405607914495 4.07011999851105 4.10219443200473 4.13603923248029 4.17209455565928 4.20881510255288 4.24528438567802 4.28181760225792 4.31513256938179 4.34569185319023 4.37284612874068 4.39550188844743 4.41447753124003 4.42958193362151 4.43852937844651 4.44436997641385 4.4474503554949 4.44659341913112 4.44135650018749 4.44220226026907 4.43159528159312 4.42056034750726 4.4147883817539 4.40971134141803 4.40785158365814 4.41157273637381 4.41988457206917 4.42887269995737 4.44350936854217 4.46603428623262 4.49381537430748 4.52559648340823 4.56204009182173 4.6038665848342 4.64930538817055 4.69766503696539 4.7488174871731 4.8003706023244
4.1233260241602 4.10461871227473 4.25937473621709 4.06379887294912 4.04478919716227 4.02535047920897 4.00706453205526 3.99220451095785 3.97836800407183 3.97071014581 3.96814821093237 3.96880008018805 3.98295245089984 3.99202604163935 4.00675333140209 4.02617253449521 4.05056886053099 4.07871042342299 4.10994358541563 4.14284915302187 4.17920513271655 4.21357539220951 4.24831477503241 4.28440609434372 4.31596888547564 4.34541434600753 4.37148163921878 4.39306797152923 4.41105740583406 4.42467238654343 4.42906430594933 4.43417399817866 4.44267848387166 4.44068002646769 4.43430404213019 4.43439067627806 4.42221659908973 4.41244416958405 4.40703523745492 4.4022847365717 4.39965965804 4.40274359928343 4.41029648333254 4.41958759971192 4.43396645429825 4.45611130649113 4.48308238334676 4.51571084531859 4.55118048071538 4.59164634320649 4.63645698076134 4.68521141990396 4.73522523517223 4.78672315913411
4.1364431753637 4.11702962227504 4.09572501101864 4.07484537193507 4.05591044115896 4.03887542537054 4.01985467851057 4.00498773456408 3.99261856375859 3.98258883910884 3.97909856290208 3.98167221195351 3.99457875894162 4.0033432571847 4.01682053822973 4.03697514797743 4.06129527509298 4.08788250633516 4.11815390159642 4.1460172780131 4.1846183919429 4.21912113351192 4.25330133491228 4.28694606556516 4.31794528688361 4.34559130639624 4.37055004829171 4.39107141847343 4.40809766921506 4.42084042331104 4.42241092724307 4.43064351336033 4.43624012613782 4.43198704808321 4.43206157086111 4.42800220102886 4.41489129605448 4.4049356528636 4.39992045382629 4.39497855238339 4.39218731692134 4.39388006486102 4.40118764042379 4.41258259415086 4.42600873933813 4.44618738498823 4.47167029515423 4.50323180708466 4.54006487384067 4.5795739798293 4.62376883084864 4.67067818767899 4.7195280831348 4.76981696595237
4.14826932846275 4.1283751314225 4.10813775456907 4.08826248413933 4.06795296415515 4.04950578389921 4.0328860988777 4.01804922851578 4.0056402662793 3.99697274977511 3.99321289295673 3.99397458764431 4.00633755460473 4.01584943667165 4.02941434772195 4.04807106673305 4.07204928814824 4.09767254221467 4.1262103772397 4.1549646192792 4.18634150691765 4.22225148843832 4.25633521462385 4.28803739700031 4.31778085118676 4.34545025321026 4.3686857714589 4.38763112069432 4.40487709098661 4.41621231490734 4.42398487067993 4.42531500205212 4.42918774056319 4.42634288179343 4.42619413695714 4.41957867923756 4.40796768102545 4.39847562666087 4.39215221263906 4.38761694674251 4.38460896695109 4.38553245311071 4.39048465565496 4.4025850853869 4.41644088554311 4.43594407805121 4.4606247502389 4.49130256654173 4.52625871426875 4.56502055531478 4.6079454600649 4.65308206159281 4.70087168704147 4.75002136256924
4.1614052308809 4.14273073883164 4.12210907948732 4.10254819982545 4.08175353036954 4.06423264343061 4.04840405084351 4.03141330832805 4.01964671748465 4.0122066017803 4.00742113638063 4.00703953080228 4.01333681939523 4.02945743060595 4.04154051201748 4.05859411776287 4.08022104329384 4.10653792070296 4.13377765034988 4.16436398983908 4.19441081116004 4.22240472860295 4.26130483891007 4.28914996138673 4.31572864937485 4.3439458245566 4.36539436913092 4.38385024500267 4.39781961360985 4.41013381682973 4.41666505789245 4.41938510817082 4.42041701702264 4.41848179339329 4.41896576037911 4.4106704507718 4.39983343242838 4.39024511517993 4.38274628659952 4.37929978391426 4.37725357969798 4.3762482748271 4.3819559570505 4.39204102599906 4.40644469982736 4.42401025863619 4.44856770839928 4.47747382806429 4.51175268446849 4.54860479849966 4.59005621192426 4.6343752802172 4.68002503744315 4.72740093133338
4.1744588253767 4.15711471258435 4.13775305956267 4.11784105445834 4.09812186800294 4.08003520363824 4.06426060917811 4.04799632875718 4.03469104381581 4.02695873363912 4.02175752029188 4.02079660206828 4.02842047857662 4.04207156922871 4.05377102754534 4.06901974778337 4.08997650215797 4.11487718905742 4.13998755742145 4.16900950714058 4.19930633720536 4.2263846350914 4.25440995715556 4.28379099957288 4.31256038070084 4.33946054602436 4.36088692277963 4.37764325504089 4.3918794408981 4.40163965419166 4.4075635797189 4.41043454113107 4.41120068459065 4.40912842462714 4.40668203391597 4.4018465950961 4.39054583783102 4.38036586317905 4.37408634276227 4.36773981539382 4.3671880261554 4.36765631445409 4.37153812059674 4.38075175045828 4.39452175058644 4.41236964166214 4.43504561880075 4.46213323343374 4.49397956450516 4.53091529753078 4.57020585568509 4.61310159119289 4.65692978513118 4.70216993616526
4.1898879113528 4.17175034353969 4.1537269830264 4.13430932808681 4.11423293691134 4.09565245625482 4.08063535908848 4.06709475042844 4.05152249240332 4.04338155096823 4.03761707849897 4.03659140904612 4.03982398068258 4.04668611486664 4.06473924038214 4.07922214460166 4.09863334080525 4.12124915805306 4.14587680869388 4.17428049564151 4.20123394467848 4.22499950908713 4.25248036603725 4.28017195399458 4.30491655847586 4.33440561346409 4.35175478699577 4.36923098253219 4.38253879339603 4.39216729055633 4.39814555047123 4.40064372723386 4.39875989885782 4.39664190463682 4.39116721323568 4.38634359668129 4.38231657412174 4.37590717149305 4.36351182735381 4.35660198587824 4.35450330626687 4.35601689518918 4.35919132514351 4.36907723724742 4.38072630098644 4.39770802739233 4.41964271666188 4.44510775950496 4.4763895365079 4.51085333950278 4.54915254955949 4.58942358946878 4.63144992505387 4.67496474726172
4.20561728038524 4.1876024262929 4.16883606118761 4.15138103079749 4.1330877645379 4.11473563219013 4.09838636206486 4.08468701200062 4.07020520072038 4.05951302702132 4.0536895905656 4.0542749658602 4.0538077799597 4.06001175516402 4.07615529388293 4.0896032731006 4.10703492978585 4.12756232499618 4.14974801112479 4.17520366869842 4.20145853581406 4.22251648545061 4.24865344919154 4.27387335797373 4.29689773922664 4.31958079443294 4.3412558985069 4.35695296664673 4.36931157858116 4.37777507204581 4.3832353948825 4.3854158675411 4.38462872253153 4.38005183819261 4.37597134816215 4.3701383709729 4.36491840215189 4.35921292003101 4.35456855429116 4.3486747656689 4.34312234670837 4.34335682427437 4.34584110330161 4.35341737468831 4.36592534661204 4.38310807814817 4.40356153473819 4.42829414503396 4.45738479740878 4.49028736103496 4.52539907496389 4.5652329139557 4.60412881991329 4.64530859388233
4.22118107144595 4.20623778519413 4.19028138335359 4.17000393497162 4.1514641220874 4.13466564576991 4.11830718259036 4.10305107077267 4.09073832133326 4.07815548984242 4.07077149818477 4.06830874782958 4.06836642158232 4.07233468796412 4.08074916449738 4.09703750946228 4.11342219891369 4.1330746600364 4.15169895908338 4.17528540941014 4.20013064315624 4.22511196029804 4.24349768715062 4.26668773556787 4.28723230324872 4.30762167193793 4.32939626760674 4.34299365156198 4.35350045539992 4.36122203312856 4.36511992599147 4.36808669991153 4.36678720948006 4.36399457708887 4.35933948762793 4.35429675132425 4.34731451280801 4.33954803444979 4.33517680118018 4.33340849641032 4.3324388741164 4.33167357758561 4.33220975136149 4.33935867584741 4.35045743008692 4.36642969287265 4.38540082945843 4.40937582230783 4.43635039024917 4.46759913175392 4.50139348054426 4.53845825213071 4.57569530540863 4.61435578793485
4.2395788585527 4.22631008348617 4.20988417985055 4.19034442752317 4.17353418856518 4.1549899474097 4.13857815576743 4.12239273417848 4.1082969259065 4.09743901408775 4.088978559744 4.0832396810601 4.08298436445351 4.08570275665731 4.09207599484289 4.10195930653074 4.11508940965379 4.13168799105316 4.15444365763407 4.17416859883217 4.19689273148237 4.21917754894328 4.24146060811307 4.26212640624802 4.28123765602601 4.29455986883481 4.31291316350009 4.32521684820319 4.33777014438314 4.34385590997551 4.34656470304973 4.34777918421696 4.34689046677312 4.34338089688669 4.33904432644316 4.33355374812479 4.32750644064587 4.32111826435125 4.3168062846341 4.31257338977906 4.31079294606283 4.31243640249916 4.31583048180781 4.32382132322722 4.33516960287171 4.34839181760657 4.36690299780458 4.38869825289405 4.4145673079139 4.4434419401617 4.47533903158243 4.51021107651998 4.54549284565519 4.58204950486179
4.26014020958458 4.24673288970381 4.2319041474639 4.21252346696254 4.19552854415888 4.17720115621473 4.16192306728123 4.14537747298162 4.13062322776265 4.11817433872121 4.10955347895175 4.10291612371217 4.09958024349782 4.10022465105058 4.10430295175255 4.11114031582552 4.12163356699023 4.13546835005214 4.15109033518796 4.17162736571655 4.19068987695761 4.2111089853922 4.23177124087521 4.25006861646724 4.26734030845021 4.28307988834045 4.29416761321436 4.30466440082686 4.31567108997766 4.323623919287 4.32715400955855 4.32814816599736 4.32371629523676 4.32130205296972 4.31779339204828 4.3123610919453 4.30733869750865 4.30199129615707 4.29736848393758 4.29362284807851 4.29342097676822 4.29364464879765 4.30160469628337 4.30830154958296 4.3179795840951 4.33064973285291 4.34633611561738 4.36712849618273 4.39150429399658 4.41843873108694 4.44888623490767 4.48061332150561 4.51459711366643 4.54887485727444
4.28106062675405 4.26833888910149 4.25454819256711 4.23905957483484 4.22011695571595 4.20260152254068 4.18592968687526 4.16895085843596 4.15343302289942 4.14146607437152 4.13085963718373 4.12249712085886 4.11661263191933 4.11602358601233 4.11594937281337 4.12060602664762 4.1287536203037 4.1390191622155 4.15101673287349 4.16599070598227 4.18238298055693 4.20084639083864 4.22001776333099 4.23545527743281 4.25134432134552 4.26535379935008 4.27738051318575 4.2837733929433 4.29102387051803 4.30041154432269 4.30321691442179 4.3036527177993 4.29501503422172 4.29796641505801 4.29534743686644 4.29093370692352 4.2856605163525 4.28099377392458 4.27736262117083 4.27250173675254 4.27311398187063 4.27394996283312 4.2777617174216 4.28453767733096 4.29542246049537 4.30963108347821 4.32610854107325 4.34546665926809 4.36734297158591 4.39288672730258 4.42088316544731 4.4514681030502 4.48311779287938 4.51520099549591
4.30429736089079 4.29300482273096 4.27915224960915 4.26609493271572 4.24729697025918 4.22995388921472 4.21195294502956 4.19598107251609 4.17960317489622 4.16534610589688 4.15518356758325 4.14289282237476 4.13533776658481 4.13167994078796 4.12994650579299 4.13164542365807 4.13559366420651 4.14262054601876 4.15134103701974 4.16282634151158 4.1755614208798 4.18963425949203 4.20573712430978 4.21904909664236 4.23333732069236 4.24569847214008 4.25562122253886 4.26443659562315 4.26720960795912 4.27211557585677 4.27696590512355 4.27959174233632 4.27466820979885 4.27277607242114 4.27017512083191 4.2663735802816 4.26180232437324 4.25742121610284 4.25406566621612 4.25121847817529 4.25170749893842 4.25259575801208 4.25661016752432 4.2636881670227 4.27307274953288 4.28615485905696 4.30201064389433 4.32308032056057 4.34343939397545 4.36823732464774 4.39297797994599 4.42125791881778 4.45183613669396 4.48150832434407
4.32804961985715 4.31717964152098 4.30516293932154 4.29248597947271 4.27732893136544 4.26106018073401 4.24193514508308 4.22343407296745 4.20707396710457 4.19243086879529 4.17997361160825 4.16736728608704 4.15535001718928 4.14947380594479 4.14482432245092 4.14186355392347 4.14385351878604 4.14693002411911 4.1525269446395 4.15997687662831 4.16816684864986 4.17849984218234 4.18831476745439 4.19903853485247 4.21322800443966 4.22360120358116 4.23237778063296 4.23923265576873 4.24361383646585 4.24602129679125 4.2486272533584 4.2499574192401 4.25049906395127 4.24610038927886 4.24307003556003 4.24012192434428 4.23628931132405 4.23235496376975 4.23047635440061 4.22869148955565 4.22845591896675 4.23084161173263 4.23480047253361 4.24196283277094 4.25084885822812 4.26290026332034 4.27872712427592 4.29680363512479 4.31848944971457 4.34154629793981 4.36585856001641 4.39279470239401 4.41922549729423 4.448505511441
4.35348328460436 4.3484781502281 4.3352464803408 4.32187191156151 4.30679805506976 4.29024526737077 4.27236135970451 4.2537634480271 4.23547175226019 4.21845977853955 4.20275341657963 4.18920514060024 4.17678831924053 4.16769933526404 4.1589010549856 4.15472354274772 4.15221764304715 4.15106336522925 4.15331081075106 4.15641664023989 4.16171925223848 4.16819774736756 4.17546996226026 4.18276307800551 4.19420239957538 4.20152534928089 4.20862382063325 4.21405675711692 4.21834345891842 4.21866268361378 4.22094481621577 4.22262821055726 4.22083239691514 4.21835684159758 4.2154635015595 4.2124783546009 4.20940108892603 4.20662763590429 4.2052401203866 4.20354410769722 4.20469220190997 4.20764063667075 4.21197537200682 4.21864342043223 4.22847294172624 4.24053938712652 4.25487495526644 4.2721965628061 4.29186701452283 4.31328020174246 4.33734279768399 4.36198178967958 4.3887120164858 4.41572240592558
4.3815298706329 4.37708768812736 4.3667940611799 4.35351448129864 4.33864675059326 4.32188297756934 4.30382726963507 4.28549811422806 4.26619385595446 4.24647966183986 4.22806903143871 4.21221280089088 4.19932919120992 4.18681057843791 4.17562141619935 4.16749882139331 4.16078418061194 4.15654188805201 4.15496008382974 4.15494366968908 4.1558761903177 4.1587466402122 4.16224440102254 4.16671806820223 4.17185955715862 4.17623317212954 4.18217915726978 4.18813467409802 4.19142545557387 4.19385317816349 4.19363498419385 4.19391173640235 4.19065190547451 4.19005977207618 4.18761849103596 4.18492291146326 4.18260510466318 4.18101679621321 4.1801420422975 4.17996077056191 4.18079772180514 4.18401900318241 4.18950785188612 4.1960784777205 4.20527830447066 4.21741779129357 4.23132731377468 4.2477783832181 4.26615648465614 4.28672732901932 4.30899513183757 4.3326538636044 4.35770320747907 4.38333554816318
4.41035241160974 4.40633557629843 4.39844341638814 4.3875551131408 4.37416837506608 4.35807429800493 4.33792929673158 4.31782562432165 4.2982985840116 4.27607511312057 4.25404854105591 4.22914683635328 4.22113849261905 4.20780114560062 4.19437996811454 4.18095885544396 4.17109246883501 4.16412865762699 4.15752457969819 4.15331153441419 4.15074481272214 4.15021793919387 4.14988705818974 4.15106619549262 4.1531769868983 4.15451940437838 4.15816829782066 4.16086813435379 4.16364773768437 4.16510905294101 4.16483471098736 4.16442804744934 4.16180262434337 4.16130243073825 4.16014571745207 4.1565636730903 4.15497934475722 4.15492758936571 4.15419978253408 4.15485886951486 4.15646583288313 4.15999970971853 4.16601763762584 4.17292711727442 4.18287748236244 4.19512019714282 4.20871738484128 4.22438687268576 4.24178908790328 4.26142656556734 4.28238528889735 4.3050122653587 4.32855741782442 4.3517809831463
4.44058066224545 4.43848104673718 4.43177633359319 4.42131156407101 4.40794542835202 4.39289723080084 4.37389408339763 4.35296585616201 4.33102323968262 4.3096409019937 4.28724942568493 4.25903546701363 4.23556758296488 4.22667262097346 4.21343246606642 4.19686697409422 4.18303463493295 4.17136722860162 4.16241275829854 4.15376512530166 4.14705697079638 4.14243903916039 4.1394702259135 4.13666368223959 4.13534266351222 4.13429240267717 4.1349548544872 4.13474866949785 4.13655896629352 4.13670813809105 4.13624887281015 4.13531901745476 4.1334175535028 4.13083750566092 4.13074606446624 4.12858233965381 4.12769238226503 4.12736804623776 4.12819488109114 4.1306138934652 4.13281422389207 4.13668366616035 4.14292637236742 4.15113671266501 4.16069224088639 4.17298265066319 4.18613347017005 4.20141617988736 4.21846006323333 4.23732797546216 4.256886650593 4.27888462802132 4.30083297938778 4.32351459774961
4.47302766237383 4.47143293481961 4.46605932697398 4.45689344537062 4.44406440774557 4.42838833280179 4.41041613889693 4.39006260801335 4.36667115343745 4.3454638989002 4.32168201576929 4.29797375951536 4.27381623825192 4.2367021350173 4.19881948227385 4.21319752005519 4.19840255060666 4.18165195650394 4.16800423433507 4.15571582132702 4.14540967131774 4.13673850719261 4.13012887020133 4.12426975000563 4.11951834060544 4.11634138292087 4.11381909534899 4.11125704237596 4.10959762469095 4.11032699431934 4.10959921709566 4.10760424256577 4.10519591639477 4.10264735600561 4.10306783718683 4.10287725235031 4.1015699418098 4.10200066437778 4.10328393947394 4.10616999722963 4.10972125519485 4.1146700582236 4.12115464574876 4.12956097230026 4.13997024583544 4.15184854201407 4.16517677294947 4.18017870329104 4.19675060359164 4.21473151020763 4.23416508910348 4.25433828427579 4.27524309824095 4.29723289233304
4.50479658262965 4.50481522237688 4.50091078670692 4.49253558090614 4.48099302496913 4.46585553566193 4.4476373669832 4.4278603564052 4.40451909180291 4.38019827562497 4.35503076868281 4.32983001633582 4.30588707021844 4.27996459803311 4.25597044854477 4.23381264167341 4.21284819338583 4.19466397989858 4.17705931486777 4.16187078237584 4.14600647808826 4.13438632985765 4.12314532831997 4.11468376248719 4.10668321004601 4.09973591210176 4.09491861391653 4.08998958607469 4.08627444448273 4.08266499235858 4.08352519575602 4.08155353253355 4.08027980297713 4.07949358972715 4.07866848525599 4.07839550101916 4.07878502970552 4.07767169304784 4.08029144861508 4.08256231415274 4.08660637729499 4.09284402303584 4.09995828626657 4.10888337685076 4.11938106442256 4.13146300047898 4.14482315066082 4.15995470315647 4.17645561346121 4.19444685038947 4.21271665401015 4.23233522475509 4.25256162675099 4.27308869183545
4.53638175792716 4.53967537977131 4.53770098336859 4.52962947825374 4.51885293155786 4.50562010718981 4.48737032044491 4.46504252090055 4.44236447029072 4.41715822210451 4.39050132874701 4.36307552222909 4.3354757232567 4.30787785154094 4.28136923840169 4.25564901331234 4.23122765126669 4.20826779393059 4.18697204428635 4.16774583716333 4.1487657772287 4.13297435409555 4.11917411406706 4.10798329089102 4.09547924697238 4.08644606036578 4.07839706114638 4.07179293137221 4.06604581111184 4.06074099233398 4.05707056800484 4.05646293633351 4.05564708173086 4.05416959526899 4.05370037067302 4.05401407860975 4.05538634904633 4.05718707287556 4.05998773044424 4.06336618517995 4.06816031016057 4.17724377634984 4.25856363582279 4.16208941448919 4.10088440067282 4.11381606037955 4.12727236224501 4.14178370170873 4.15807433290279 4.17571056137982 4.19370783050423 4.21217227108955 4.23205468264436 4.25154086730664
4.56621579717414 4.57210793758426 4.57235943964473 4.56740514238438 4.55761911809778 4.54346841039672 4.52537276009526 4.50398033919716 4.4796737480102 4.45320497820455 4.42512519509732 4.39604019345787 4.36614481202379 4.33623593390609 4.30659732050704 4.27777106747649 4.24999558149172 4.22354695365022 4.19873321330381 4.17566796207713 4.15447800367746 4.13518395540265 4.11775894413471 4.10221173798702 4.08848134825387 4.07648238517187 4.06520459432583 4.05648400713859 4.04920936227838 4.04363492419377 4.03826227054094 4.03378699192933 4.03223720721077 4.03196185281554 4.03173345546756 4.03176815796839 4.03378933643497 4.03718205911924 4.03931436881688 4.04390522427898 4.04971407303934 4.13145078319436 4.19180993018082 4.11841632477388 4.08449434767378 4.09746713406449 4.11110311862391 4.12592849875831 4.14211358740673 4.15941529464524 4.1767826177318 4.19519775619379 4.21399271738066 4.23296356824668
