T2m/med_mese_clima/temp_med_10_2002-2019.txt
NCOLS 177 
NROWS 174 
XLLCORNER 1436301.375 
YLLCORNER 4916704.5 
CELLSIZE 1500 
NODATA_value -9999 
[rows 96 to 119 of 174, columns 0 to 53 of 177]
-9999 -9999 -9999 -9999 -9999 -9999 -9999 -9999 -9999 -9999 -9999 -9999 -9999 -9999 -9999 -9999 -9999 -9999 -9999 -9999 -9999 -9999 -9999 -9999 -9999 -9999 -9999 -9999 -9999 -9999 -9999 -9999 13.6488455615274 13.7026640731459 13.7150717151994 13.7292826206458 13.6926660227572 13.7176146600436 13.7354867238675 13.7542000483658 13.7614137677165 13.7732584961259 13.7815598305879 13.7863183462705 13.7916898466509 13.7896172381868 13.7843781429458 14.134530616938 14.6133409244963 14.7723191693057 14.8726184195023 14.895800072525 14.909053770977 14.9163958295812
-9999 -9999 -9999 -9999 -9999 -9999 -9999 -9999 -9999 -9999 -9999 -9999 -9999 -9999 -9999 -9999 -9999 -9999 -9999 -9999 -9999 -9999 -9999 -9999 -9999 -9999 -9999 -9999 -9999 -9999 -9999 -9999 -9999 13.6954459613889 13.7316006537877 13.7381725709914 13.7021341580052 13.7274850947883 13.7418966113664 13.7572427036758 13.7814823086776 13.7861013813591 13.791292296632 13.8011386833901 13.8116340372849 13.8105726823556 13.8978689900551 14.1903828493101 14.3395151300563 14.3827447703315 14.24186796976 14.4552942946001 14.4357862377148 14.1524269722218
-9999 -9999 -9999 -9999 -9999 -9999 -9999 -9999 -9999 -9999 -9999 -9999 -9999 -9999 -9999 -9999 -9999 -9999 -9999 -9999 -9999 -9999 -9999 -9999 -9999 -9999 -9999 -9999 -9999 -9999 -9999 -9999 -9999 13.6902739251501 13.7420903444394 13.7528131011491 13.737507435842 13.7313126098153 13.7544220333022 13.7705534249349 13.7835444057832 13.7932458840823 13.7995674415244 13.8065387527987 13.8141382951266 13.8183793220853 13.8114328287415 14.0319843172145 14.140612402356 14.0054936644569 13.9066087842149 13.7789633806234 13.7597648176025 13.7402047065067
-9999 -9999 -9999 -9999 -9999 -9999 -9999 -9999 -9999 -9999 -9999 -9999 -9999 -9999 -9999 -9999 -9999 -9999 -9999 -9999 -9999 -9999 -9999 -9999 -9999 -9999 -9999 -9999 -9999 -9999 -9999 -9999 -9999 -9999 13.7427578667486 13.7535187008801 13.7662966043803 13.7490127236249 13.7528368961492 13.7536687956019 13.7838099377624 13.7986658158014 13.8062772808643 13.8145791785769 13.8195734538897 13.8253242913484 13.8319565937647 13.831646210353 13.820638679264 13.807269910961 13.7958567157997 13.7986138042252 13.7846086924145 13.7622844482171
-9999 -9999 -9999 -9999 -9999 -9999 -9999 -9999 -9999 -9999 -9999 -9999 -9999 -9999 -9999 -9999 -9999 -9999 -9999 -9999 -9999 -9999 -9999 -9999 -9999 -9999 -9999 -9999 -9999 -9999 13.5139942329886 13.5441748838918 13.5779026666185 13.6307688252834 13.7375561251606 13.7561651046727 13.7770172477746 13.7801758222339 13.757152582682 13.7750466975838 13.790163443622 13.806305451114 13.819352597703 13.821240330453 13.8239111366095 13.8393874286375 13.839800264826 13.8411561361531 13.8319568401775 13.8321348335745 13.8224165475694 13.8110783256329 13.8064311125436 13.7816075168033
-9999 -9999 -9999 -9999 -9999 -9999 -9999 -9999 -9999 -9999 -9999 -9999 -9999 -9999 -9999 -9999 -9999 -9999 -9999 -9999 -9999 -9999 -9999 -9999 -9999 -9999 -9999 -9999 13.4514425305941 13.4763478595814 13.5055356272054 13.5387559391463 13.5637628822277 13.6160932734476 13.7265152156235 13.7569522386704 13.7740791686903 13.8012930256073 13.7831887485235 13.774466780367 13.7868200834018 13.8003883097045 13.8190093286197 13.8266392440064 13.831184961272 13.8406220642459 13.8508338137806 13.8463854320041 13.8431619259884 13.8375062843003 13.8336613730688 13.8969999443337 13.8213021945841 13.8059414285689
-9999 -9999 -9999 -9999 -9999 -9999 -9999 -9999 -9999 -9999 -9999 -9999 -9999 -9999 -9999 -9999 -9999 -9999 -9999 -9999 -9999 -9999 13.2758445775404 13.2852202732777 -9999 -9999 -9999 -9999 13.4405385776506 13.4719023265249 13.5077146599006 13.539801525154 13.5639780711538 13.5997458873986 13.6939616521188 13.7519684439065 13.7850972476139 13.8009586419801 13.8150585197674 13.7878495001303 13.7818792715059 13.8088619909537 13.813374403625 13.8347364616603 13.8452619313515 13.8449821317729 13.8535004187729 13.8474282181629 13.8543066089392 13.8626185272027 13.8531384648962 13.8457800069008 13.833140906511 13.8274333843766
-9999 -9999 -9999 -9999 -9999 -9999 -9999 -9999 -9999 -9999 -9999 -9999 -9999 -9999 -9999 -9999 -9999 -9999 13.202948367284 13.217695713517 13.2374324597252 13.254315435881 13.2842291088694 13.3113824129314 -9999 -9999 -9999 -9999 -9999 13.4585462596202 13.5047184931363 13.5355405815026 13.5626676938646 13.5858483778125 13.6325072160275 13.7414002199657 13.7786364784878 13.8028952217117 13.8217614492804 13.8152636614582 13.7872465972915 13.8001179612575 13.8144100342233 13.8299571862847 13.8427215386481 13.848728108835 13.8557788254837 13.8561219261189 13.8654818581923 13.8723554907016 13.8652922899158 13.8680466521986 13.8575897423453 13.8460935485026
-9999 -9999 -9999 -9999 -9999 -9999 -9999 -9999 -9999 -9999 -9999 -9999 -9999 -9999 -9999 -9999 -9999 -9999 13.2157686428765 13.2367899552129 13.2507322028954 13.2695468381649 13.2893755443009 13.3142603208863 13.3363384614634 -9999 -9999 -9999 13.4245644751557 13.4483844593507 13.4770526095147 13.5183146447305 13.5443152301256 13.5706320790052 13.6167908915002 13.646867817177 13.7471152434455 13.7955003019429 13.8230855170589 13.8178368532357 13.7678080090356 13.7902768091517 13.8105044790797 13.8282864728023 13.8473597173437 13.8676098293504 13.8695039711134 13.8725461238587 13.8612574086559 13.8785668158265 13.8858145869383 13.8832575848772 13.8751675598971 13.8658701869794
-9999 -9999 -9999 -9999 -9999 -9999 -9999 -9999 -9999 -9999 -9999 -9999 -9999 -9999 -9999 -9999 -9999 -9999 13.2380671404114 13.2533333672985 13.2612805015893 13.2857747695351 13.3032277538096 13.3177117752102 13.3332931030164 13.3540230777379 -9999 -9999 13.419765216115 13.4454808290114 13.4723354773292 13.5160056580881 13.5486386059134 13.5740520974894 13.629654713149 13.8290109577733 13.6790350003375 13.7594214817279 13.8349064941817 13.8270939454344 13.8217624488343 13.7834746221293 13.7980629427741 13.8143377718389 13.8359817677413 13.8472773593172 13.852032263111 13.8735106384524 13.8845689838531 13.8930795345726 13.8914405875603 13.8954452150898 13.8937679027581 13.8868066712915
-9999 -9999 -9999 -9999 -9999 -9999 -9999 -9999 -9999 -9999 -9999 -9999 -9999 -9999 -9999 -9999 -9999 13.2685552065748 13.2658689836995 13.2712547927337 13.2809384814857 13.2951048622858 13.3139354872822 13.3178440904693 13.3504479237733 13.36054274632 -9999 13.3965544312794 13.4186439909327 13.4461115825139 13.4749684192582 13.5050859710807 13.5324262904401 13.5607707619845 13.7213889765492 13.8069509723879 13.661177593571 13.7106708105234 13.7872135175714 13.8392965457333 13.8005424048332 13.7721571718897 13.7929240096051 13.8117266251369 13.8283226094871 13.8463947701374 13.865786940935 13.8903275295635 13.8966847350105 13.9043387402421 13.9095375761194 13.9163491854042 13.9134691286045 13.9166801714235
-9999 -9999 -9999 -9999 -9999 -9999 -9999 -9999 -9999 -9999 -9999 -9999 -9999 -9999 -9999 -9999 -9999 13.295730612815 13.3030458299025 13.29050078094 13.2978101999204 13.3093925646304 13.3215300640141 13.3265619592418 13.3483641673646 13.3595246493598 13.368101993443 13.3939419826588 13.4134916870251 13.4346868224994 13.4575339660849 13.4858920236988 13.5118181101498 13.5391135237318 13.5520070312878 13.5814282616756 13.6387874328353 13.680993325614 13.7663140693079 13.8119606826653 13.7867294865603 13.7605099550338 13.7914265877947 13.805126980522 13.836205578619 13.8534267665793 13.8682220020533 13.8998262887902 13.9055456335635 13.9163861464389 13.9246850506411 13.934449769155 13.9420495625715 13.9401274751543
-9999 -9999 -9999 -9999 -9999 -9999 -9999 -9999 -9999 -9999 -9999 -9999 -9999 -9999 -9999 -9999 -9999 13.3164804436965 13.3257724906442 13.3149167055489 13.3236587791904 13.3246379203761 13.3260218410937 13.3399102389491 13.3508021038037 13.366832707154 13.3685242628115 13.3875894922451 13.4005462617918 13.41537289517 13.4400068869852 13.4626318257394 13.4870832843408 13.5171903355213 13.5372026264208 13.5702630512877 13.6005320998507 13.6628019046153 13.7490539647179 13.7883117757404 13.8233309133811 13.7488114591227 13.7783285620105 13.8102966297314 13.8366188898671 13.8570003483565 13.8712114314587 13.9022459451098 13.9152106706826 13.9332142517131 13.9408932388777 13.9575535221845 13.9679891307467 13.9649253033682
-9999 -9999 -9999 -9999 -9999 -9999 -9999 -9999 -9999 -9999 -9999 -9999 -9999 -9999 -9999 -9999 -9999 -9999 13.3417899352604 13.3443716158352 13.3426151329085 13.3407808686033 13.3392010142442 13.3421374828655 13.3538480139404 13.3667660629235 13.3732983918119 13.3737067663596 13.3878674046559 13.4120069321949 13.4265564139929 13.4472537028077 13.4701876139324 13.4952748632036 13.5301531897973 13.5474060111663 13.5817451894013 13.6173152141891 13.7240242010307 13.7608998233136 13.8132596342014 13.8497612582241 13.8082426743483 13.8042560558576 13.8297911185763 13.8650279862452 13.8787884528714 13.9132303189532 13.9296736920224 13.9549090772215 13.9659201430739 13.9742712567764 13.9876655614176 13.9987206070569
-9999 -9999 -9999 -9999 -9999 -9999 -9999 -9999 -9999 -9999 -9999 -9999 -9999 -9999 -9999 -9999 -9999 -9999 13.3785045881372 13.3668592253863 13.3584879877783 13.3577231904817 13.3649273539128 13.360790057777 13.3575140375989 13.3711988834178 13.3824408638515 13.3838507619204 13.3990917290428 13.4049946550162 13.4211828868793 13.4321901029436 13.4574745819327 13.4814284336224 13.5117104943671 13.5325987557674 13.5632551427051 13.5994725239572 13.699364407362 13.7299851193817 13.8036140559863 13.8385207673035 13.8653052704959 13.8065989608071 13.8275845823888 13.8546049417842 13.8910927827286 13.9213601771938 13.9413799346482 13.9700774736288 13.9807352472639 14.0036940252288 14.0125631197896 14.0263802543719
-9999 -9999 -9999 -9999 -9999 -9999 -9999 -9999 -9999 -9999 -9999 -9999 -9999 -9999 -9999 -9999 -9999 -9999 13.3962907253351 13.3782553629702 13.371125732604 13.383179825784 13.3872649830414 13.3839063729775 13.3735554271289 13.3722541690872 13.3764880761745 13.3749356507301 13.3834926209747 13.394640871428 13.4085818684653 13.4215677355348 13.4375466079851 13.4565076825974 13.4860888276228 13.5145052006112 13.5492489250883 13.5861619390927 13.6248663424382 13.734679052396 13.7792609814721 13.8241969915485 13.8613317960931 13.8787743953871 13.9066793395474 13.8759292611818 13.9082387387638 13.9420401387848 13.9581052460294 13.9827537688507 14.0044622058957 14.0231685719941 14.0351727560519 14.0517953761474
-9999 -9999 -9999 -9999 -9999 -9999 -9999 -9999 -9999 -9999 -9999 -9999 -9999 -9999 -9999 -9999 -9999 -9999 13.4145900816367 13.3980434580666 13.3882208592272 13.4051532453753 13.402284484841 13.3918862462415 13.3783745768798 13.3661381666417 13.3750743678874 13.3705857172678 13.3763846855533 13.3850172768103 13.3928561398541 13.4078407817583 13.4223176560784 13.4401802037649 13.4690949561959 13.5011554959157 13.5400482282893 13.5699084725331 13.6058821713627 13.6668783102432 13.7636453713595 13.8147561283213 13.8544776988944 13.8901793273246 13.9250733262049 13.9058169312677 13.926446869276 13.9525136368499 13.9798260832763 14.0005645709614 14.0220450781935 14.0441137869612 14.0667017903685 14.0713373620339
-9999 -9999 -9999 -9999 -9999 -9999 -9999 -9999 -9999 -9999 -9999 -9999 -9999 -9999 -9999 -9999 -9999 -9999 13.4644593198912 13.425911395696 13.4212629151524 13.4196597194785 13.4216116633767 13.3964442181937 13.3837366344165 13.3762018764248 13.378229948216 13.3631027416389 13.3662147165451 13.372394389736 13.3858237488486 13.3951049416847 13.4081285952671 13.4249495904289 13.4570866123417 13.4928739337315 13.5242832318899 13.5548785474643 13.5881642974338 13.6275439606272 13.7071103791383 13.7913015212829 13.837672319488 13.8802109870407 13.9257303792265 13.9700578865118 13.9721222979252 13.9605810119322 13.9953432880445 14.0234815314645 14.0596259571767 14.0739028419632 14.0959064703596 14.1181755093559
-9999 -9999 -9999 -9999 -9999 -9999 -9999 -9999 -9999 -9999 -9999 -9999 -9999 -9999 -9999 -9999 -9999 -9999 -9999 13.4732993904181 13.4465097044623 13.4343376246398 13.425595608169 13.397500837206 13.3895860701399 13.3868497208948 13.3820847825453 13.3642000023086 13.3608466590285 13.3608068678527 13.3760267753434 13.3797034973943 13.3913540605765 13.4187543566407 13.4503639137597 13.4743853812333 13.5138430507379 13.5451924713075 13.5796704747059 13.6168146852214 13.6675962262977 13.7884603377792 13.829907879131 13.8716601210937 13.920504869416 13.982802724633 14.0216399497774 14.0584404420953 14.0308175436511 14.0698486325759 14.0827417086948 14.1826515618735 14.1264328780803 14.1478881401228
-9999 -9999 -9999 -9999 -9999 -9999 -9999 -9999 -9999 -9999 -9999 -9999 -9999 -9999 -9999 -9999 -9999 -9999 -9999 13.4774200620424 13.463805403905 13.4451090139024 13.4336234890114 13.4105072047261 13.3958582448947 13.3941747842384 13.3788984478285 13.3622865680997 13.3564927977457 13.3619639981679 13.367490515864 13.3772545869351 13.3876157467343 13.4063893759431 13.4375005711353 13.4691810442434 13.5012302194716 13.5372162294831 13.5728940230572 13.6154788070703 13.6605676081538 13.6999236599318 13.8275818176234 13.8759398916686 13.9205364396451 13.9716233619275 14.0284487334175 14.0724095855431 14.110284243512 14.1416835639104 14.3757518653631 14.3901250918936 14.1690040007165 14.1535778033053
-9999 -9999 -9999 -9999 -9999 -9999 -9999 -9999 -9999 -9999 -9999 -9999 -9999 -9999 -9999 -9999 -9999 -9999 -9999 13.504470639259 13.4807383294287 13.4634793830589 13.4494166480584 13.4314411419587 13.4063641236927 13.3904026805196 13.380327402435 13.3574233596626 13.3493646162714 13.3566313408624 13.3603583103704 13.3686167730065 13.3778061014459 13.3919242457697 13.4264648857878 13.4581054756763 13.4905299170407 13.527305411878 13.5641934195778 13.6045453935438 13.6516081075339 13.6971147117217 13.7479916661676 13.8147204813795 13.9222227214186 13.9693864471955 14.0295981610326 14.0806409383469 14.1255942020969 14.1394992016808 14.1990301257609 14.2268351946463 14.2541166386694 14.2738448677837
-9999 -9999 -9999 -9999 -9999 -9999 -9999 -9999 -9999 -9999 -9999 -9999 -9999 -9999 -9999 -9999 -9999 -9999 -9999 13.5151738334508 13.5009972920551 13.4853981751665 13.4572739172698 13.4368857387265 13.4132681146747 13.3871625430077 13.3824887986867 13.3650995149427 13.3626887623112 13.3720697696133 13.3625107884827 13.3655587437235 13.3775808283637 13.3948536434502 13.4212899367127 13.4452371676182 13.478088333505 13.5156767792587 13.5575917160857 13.6033254953383 13.6409012349892 13.7000223602145 13.7459051777755 13.8116402974936 13.8627476164692 13.9171745844013 13.9704579757061 14.0292060630934 14.1351424128932 14.1839447938205 14.21880781476 14.260099311803 14.2970445892555 14.3195063066703
-9999 -9999 -9999 -9999 -9999 -9999 -9999 -9999 -9999 -9999 -9999 -9999 -9999 -9999 -9999 -9999 -9999 -9999 -9999 -9999 13.5205659505627 13.4989989776815 13.4687255439317 13.4345510248105 13.4203907163696 13.4037454055795 13.3892782755946 13.3737712318456 13.3656892993309 13.3695111363702 13.3701856437864 13.3681610485182 13.3792739804466 13.3882243731569 13.4105492680677 13.4384519022529 13.4679157693603 13.5101457675066 13.5570274581932 13.6080333762377 13.647474993439 13.6936491992031 13.7607028010373 13.8141345117666 13.8607715055105 13.9293341328045 13.9857834312948 14.0404608066182 14.1459098501924 14.2013960160062 14.246317289772 14.2837790023444 14.3202285048448 14.3520176439787
-9999 -9999 -9999 -9999 -9999 -9999 -9999 -9999 -9999 -9999 -9999 -9999 -9999 -9999 -9999 -9999 -9999 -9999 -9999 -9999 -9999 13.5080007826269 13.4837261960759 13.4475977774857 13.4238015751666 13.4052931853501 13.3890223978352 13.3718137596661 13.366042138552 13.364552737794 13.3678927818914 13.3726337096203 13.375264297892 13.3876259923332 13.4059374348005 13.4301607923147 13.4639497233077 13.5069765557728 13.5549625018175 13.5998480288668 13.6561425198002 13.7043367139708 13.7587203482416 13.8147322935719 13.8788849087696 13.9574842948926 14.0490930579218 14.0815350664504 14.1680194815759 14.2230566433619 14.2709527431585 14.3180096382574 14.3504558170007 14.381423491074
