T2m/med_mese_clima/temp_med_01_2002-2019.txt
NCOLS 177 
NROWS 174 
XLLCORNER 1436301.375 
YLLCORNER 4916704.5 
CELLSIZE 1500 
NODATA_value -9999 
[rows 48 to 71 of 174, columns 54 to 107 of 177]
-3.00308212818243 0.535982312719687 2.39550599694764 2.80651214249865 2.78211574139931 2.04491062606171 1.27485590914156 -1.28365583967616 -0.55102571976354 -4.3306596066025 -4.97277260192139 -2.39745437710865 -1.25777749175471 -2.83845492193917 -2.04985134988453 -3.51578893283942 -1.33380399280379 0.583085417485233 -1.28056956814105 0.2827409611444 -1.10895974929743 -2.95553927264154 -3.48805098470224 -0.732008786068206 -2.47097622023941 -0.898969372841596 -4.38004386636576 -4.5001046952208 -2.15043831129941 -3.01015173618356 -3.97036757742212 -1.84319547214748 -3.30834024916698 -2.88330734558497 -2.9001687015677 -3.82275568021468 -0.87944649366992 -3.71806805168857 -5.6293506867822 -5.90815050622668 -2.40373011068878 -7.28017257577166 -7.37423714056223 -7.28266923037318 -7.25829292602404 -7.04706912467783 -3.8448535872201 -1.65085091754347 -5.27976726634938 -6.20633864682791 -4.78965862399538 -6.8531826747671 -5.53742710860597 -2.62969685311102
-2.20133746029251 0.765067530270273 2.3073183303755 2.85953021075021 2.82889351940083 2.63338157077222 2.31558950038232 1.06781343699952 0.676923565383245 -1.19777240137233 -1.90348292915022 -3.82208475795656 -5.6338194278173 -3.35024912620102 -4.78172937747496 -3.13450975840047 -0.220583505498228 0.432574416829223 -1.02973251630537 -1.16037158146033 -1.08409266931063 -2.51630713367937 -3.09652773922882 -3.00187472247998 -3.77291093607341 -3.40010472142131 -3.11455493203101 -4.91463310859852 -2.50338976193827 -4.59539462566586 -4.75921474807132 -1.66322494001919 -4.71224773884273 -2.58959740568658 -2.89619710357978 -4.78188000470304 -1.84710659714855 -3.80950071897544 -5.07931535418514 -7.82585132309028 -7.37203149094773 -5.7356978456503 -6.43754753592609 -5.14936021953781 -4.87511031191242 -6.67658900124495 -1.89984273155071 -3.16772534483808 -2.9766713701384 -6.50292375628608 -4.68455312399839 -5.73902913520616 -2.89341034634876 -0.994372646899119
-0.383655973135407 1.54667959150522 2.86952423760065 2.91136965095346 2.87967573034183 1.8430992123729 0.688727203821299 0.749474581630726 1.559090166326 0.569394582796637 -0.350340252486308 -2.0968871263477 -1.17587820849399 -3.22769633109171 -3.70182913187283 -4.79184801587594 -1.19776473392403 0.0104583762966399 -0.96638598349111 -2.65342364901031 -0.456491436581496 -3.16645458391926 -3.53766061024833 -4.41002289027611 -3.54904352011657 -5.18453168777598 -3.6887829519925 -5.5682817923278 -4.06599924914965 -5.17849655632359 -4.61695350469264 -2.28747526328144 -5.52113365300119 -4.08068902215956 -2.95534921396124 -4.72618929667188 -5.81237219093575 -5.03292971459016 -4.50052488448813 -8.05711863164359 -4.54132524820485 -4.10976138577627 -0.592136320608507 -3.52632725782433 -6.44389352997307 -7.14816106934295 -4.39487108694738 -6.31047458848368 -5.20635236223401 -6.16999541646701 -3.60140471508079 -2.74667090623684 -1.76332468908607 0.252030016438854
1.68151718427485 1.91768185808126 2.99088674385518 2.96188615005965 2.92654573697793 2.3725105027411 0.328955388993824 -2.07076003028099 -0.36537301435522 1.12952960511862 1.26473423804479 1.05366957388761 0.0239532231506266 -0.962013486888064 -2.51620954791614 -3.3533224612338 -2.73687151867925 -0.276179741262424 -2.88923415535789 -2.0832705061003 -2.68225186458482 -3.16946514374729 -1.69854578986171 -1.53019299230716 -3.12968588691176 -1.59640789885644 -3.54861111616833 -2.0328932528271 -2.69071336557167 -4.75279344399599 -5.48304904515809 -5.22070419895672 -6.11265325398394 -6.36208212516558 -7.37746172018085 -7.66757307848762 -3.91456717698258 -0.879897382066293 -2.08491834004504 -4.5855774854812 -3.94507044017723 0.182930836714396 -0.482702418582435 -5.69449658211324 -6.38445275000622 -4.88937742630376 -5.56724728316026 -1.40688768280735 -4.01442218288201 -5.41705103385697 -4.00423416714205 -3.54351301116959 -0.315351255162435 -1.5389690587057
2.19843361439642 3.06955500614732 3.04325318285617 3.01091083169306 2.90384017248345 2.07738626317376 0.970395005153234 0.604413592264535 0.903382528375577 0.26720829891662 -0.225037631768482 -0.146874399085521 -2.09471664543697 -0.32357565610849 -1.96994518941521 -5.03911072107977 -1.79345301078448 -2.4627327328923 -1.06062317517854 -3.8956138112169 -2.3741300090608 -2.15410280399659 -0.455696454665595 -2.13788584446972 -4.94363113806028 -1.28513798497335 -1.00990145008231 -0.847795389525999 -3.4158255262622 -2.01978500425616 -3.97423856987313 -4.64853983709587 -2.84169959345403 -4.30354268011372 -4.20615255037997 -6.11660841534414 -5.04850931575097 -0.722525841713503 -1.00033923105279 0.176654365115828 0.286160678651612 0.0144836820382222 -2.43771183731574 -2.05471481993645 -5.36981397013903 -3.86789473992328 -6.51738107259542 -0.930360130125714 -1.64991844104569 -4.02053896088816 -2.02231397934729 -3.40131052580192 -3.2395581122178 -3.38830798461237
2.97228031618035 3.12303444924643 3.09373749910595 3.05823332771547 2.29185012378864 1.99745003127959 2.52001773705527 2.33461774027834 1.50957891745272 0.0928216847687211 -1.39722614042816 -0.0730719058692963 -3.38073836426362 -1.71695738794745 -2.26062426051449 -4.28546734569464 -4.8972839156936 -4.3451413481713 -3.45149114056777 -4.15677423587417 -2.65806281313062 -0.537665661184938 -1.61451132097217 -0.275395747786244 -2.66962408159296 -4.00306458525344 -1.79677234571348 -0.366100768289438 -2.28817283366806 -0.303440975868946 -1.15887359296508 -1.41674959368352 -1.90564946147297 -3.7387663309927 -4.18443170701491 -4.60222356646028 -0.884386554359847 -0.891049197007802 0.141971129651862 -0.512288381446928 -1.28884301366054 -0.197779066540781 -1.27592819936395 -4.08231618280463 -1.18600725849229 -3.1047440189736 -2.31131355086201 -0.259383809631739 -1.08981158406682 -0.737183382860682 0.413298504903772 0.196789786131441 -0.923418825871203 -3.40323008917586
1.86071551333618 3.17409140725539 3.14201835606596 3.10357532786884 2.32551088698109 0.176079207439616 -0.692122623983769 1.86291902271003 2.2497581742048 0.977393329278395 -0.338563944413209 -1.46644425340457 -2.34194515418905 -2.47526934146632 -3.30806284183367 -4.32448819865275 -5.6359465953377 -3.12241747785977 -1.76212264367005 -2.09269267891563 -0.648944042185605 -0.0487206307888066 -0.886395815607498 -0.0151030797704313 -0.188401480238746 -1.45043347648681 -2.77029963045726 -0.275624032141317 -0.225662167163126 -1.5856914214817 -3.57605784273065 -4.31128270990147 -4.9765206141921 -5.61251539187701 -5.81941229922576 -2.9491145698528 -1.28417345382179 0.106123214117638 -0.105185492714898 -3.41489143103463 -3.20807561544249 -2.91738726423445 -0.910028545275563 -0.711413939824585 0.464942942650842 -0.372785227398311 0.788935612969742 0.984462673772633 0.829214264053742 0.496901105263896 -1.72874315860921 -3.36915940763492 -0.594646487127803 -2.07517874606421
2.83011598664645 3.22224081019037 3.18767148662258 3.1466316619792 1.60256528419675 1.62365096902127 0.839180805342182 -0.0910938438844125 1.77186863343583 2.00224712675549 0.84661789566218 0.438125022595449 -0.455918897723866 -1.88875697745445 -3.47744976385949 -1.3247713710147 -0.917418858232633 -1.33742183957453 0.00799928670209773 -0.494311671278754 -0.261318985362609 0.235531472714438 -0.591134680024222 0.0276770564419516 -0.142328860741266 -0.262484155064626 -1.92687129070537 -0.67201819250345 -0.296531215225049 -3.90487360735117 -3.02676092054504 -4.53051194986742 -5.60126665402129 -5.06263112871557 -2.6490702529628 -1.65866403544947 -1.18277037968246 0.183607259176135 0.151974244376857 -2.14485792206737 -1.44437727651423 -3.85119748517531 -1.55065808840029 0.454668599183207 0.634382489473769 0.92680287831244 0.780172625131798 -1.5513695510777 -2.11835861267771 -1.66078444729326 -4.56971949648116 0.23943590377933 1.3935296802106 1.45148961800258
3.27653051146559 3.26694339792599 3.17103552085995 3.1869891689562 2.17857044454552 1.02051126017677 0.340428178881113 -0.40655397385749 0.837544062468818 1.30184639825081 1.87027167446348 1.74472524870161 0.800463176385513 0.191471361787353 -1.15313779324079 -0.785831905899703 0.0610886626681346 0.329399816290404 0.177015743586265 -0.150807803565712 0.10813102085016 0.276642970773724 0.0749164574035734 0.181072902200726 -0.101157401081841 -1.30525949605989 -0.767968780541323 -0.114415696983336 -1.3403542652281 -3.71192780482355 -4.33157899698481 -4.68901457068319 -3.4596270384322 -4.19726637644287 -1.11526024796063 -0.181569869250794 -0.114795862681179 0.327355733756526 -0.158737773262894 -0.565921542038256 -1.88225231335331 -4.74329446731864 -3.54909275849389 -0.998856984562713 0.403579116937292 0.926254565409356 1.04772842003789 -0.308333144461162 -1.75553440559671 -4.35823188321743 -2.8465234478121 -0.816469678111415 -0.720648409102385 1.59450673974882
3.33979607155173 3.16385507183355 3.09189589073288 3.2241779122977 3.1712612397568 1.30057582039861 0.104874016630144 -1.84050599877365 -1.966635631315 -1.1583634594096 0.570820288393766 0.959074315548486 1.35013688826809 0.733691881398671 -1.64890878193453 -2.47418479427949 -0.284360029753896 0.194807061076509 0.518270824338076 -0.0237061637350869 0.513375146572762 0.485655716173963 0.484843753830427 0.0451959093106478 -0.311253845899468 -1.24718078118144 -0.0249255565944523 -0.115427331685277 -2.61634021645787 -3.30398658361701 -1.57016386300469 -1.74442211078012 -2.82850589529717 -1.07083771378715 -0.444945220424119 -1.06516036067845 0.269846181870664 0.337662317303321 -0.00706937415805646 -1.25722466942536 -3.89017735519323 -2.75881765798228 -4.01317469436427 -3.30601816153172 -1.33185237909406 -0.294808479447974 1.14283420438351 -1.78781666782097 -2.74429992789007 -3.18320623134834 -0.685414979220037 0.117654096312482 1.29863801702773 1.7423544743902
2.84498491262849 1.94709932253981 2.56493915550137 3.25767564473373 3.20485816972131 2.25566258173665 -0.345737058580566 0.159313422281185 -3.251921106871 -4.19774516752381 -0.646522088276524 1.0918920230598 1.35662991311461 -0.264656450363987 -2.17544982998693 -3.45919147810191 -2.70256000144551 -0.372967843254011 -0.204052219268476 -0.468791838321988 0.431601205145903 -0.324153522792651 -0.166100956791402 0.436812786273082 0.0609978550008394 0.0440441211924082 0.0502084215548366 -0.0344123734937074 -0.127339888784549 -0.249755628579527 -2.93853086288045 -0.993113713254008 -0.115095374443528 -0.0665996165916126 -0.0462055565207713 0.00932866509436743 0.364184073702552 -0.490464579138625 -1.63887177555289 -1.30618114594149 -1.93191977881492 -0.440586500856991 -3.58276568097548 -4.41636395376964 -4.65267600965912 0.303949073684731 0.944420443610548 0.82081435322444 0.746370300272022 -0.352599074373719 0.798042703526728 1.56121524464912 1.46237636633064 2.07917072382306
1.57494710620637 1.8606441188297 1.43831453425356 3.28690799903153 3.23357264081761 2.08039122684376 0.214152646560938 0.658300846150833 -1.58543651676946 -2.70424594809677 -0.301210562190028 0.798164031733231 1.45952942359014 0.798485690559751 -0.496258467023694 -1.98195666772217 -2.49281769570758 -2.31808521307627 -2.51566889504572 -1.49079040411897 -0.0158206066718125 -0.64951958784614 -0.0626406737758769 0.463304953705483 0.581306675723888 0.229491199039519 0.0210890500831454 -0.479738720986192 -3.52295706161966 -3.06638779717085 -4.01526108766799 -2.68813532655957 -0.717938000320008 -0.965453195754662 -1.12663719924211 -0.249476490158886 0.480750348121768 0.630352298497697 0.153933325070778 -0.7758609959375 -0.803800476450274 -1.27513064978769 -0.839703604603059 -2.00592032152059 -0.580409406198103 0.474581572099207 1.55281688774796 0.758961496796438 -0.00810042933651083 0.858844055502846 1.21832848611363 1.54104963988167 2.08447778500182 2.76988859202686
0.956440798829706 1.08815641305184 1.48490268063116 3.10216654404702 3.25804060719312 2.89532718847574 2.31433343311962 0.979812371048437 -1.06610554084141 -2.43695740446752 0.464808313541325 0.80627731444986 1.24753488272041 1.09050560962656 0.721206835423472 -0.510023374615742 -1.50004366679682 -0.685357839831415 -1.5979354779915 -0.150395206347617 -2.23051325455175 -0.50996316670051 -0.0107872125782957 0.839807682985866 0.0194386194912732 -0.691340309456346 -1.62593411633175 -3.16136118513758 -3.7193771209283 -0.910746109966719 -3.33471811213428 -3.00105776030901 -3.36656338850391 -2.29322083464486 -3.37613282101324 -0.840358939445718 0.666288764384687 0.365566065265982 -0.316902236037424 0.752596796618482 0.035752073540416 -0.277028131557085 0.375173659046486 0.51350110043512 0.71094135297995 -0.866603216138452 1.20518706869626 1.20139729276888 0.196810331019198 -0.260545596344185 -0.240957812445601 1.86436698449198 2.86666710335517 2.8281242802299
-0.475799796314268 -0.348336375594199 1.67774353194618 1.63461401038949 3.27765858109973 3.19917578663765 2.09429402566464 -0.251499308743603 -0.181977801680443 -1.15295560270205 -0.232658886965206 1.37925326526296 0.522309699605615 0.0330484348787761 0.281775081989308 -1.73091508298325 -0.692840974759262 0.256505977226045 -0.284717366187252 0.481557191309776 -1.08980725169201 -0.736339591785393 0.425865721529826 0.983424736137323 0.300491269849547 0.329007892060672 -0.0037976691641866 -1.89474519669438 -1.03665103597079 -0.0431608183840401 -0.476818339678302 -2.99917891828018 -1.21141389780254 -0.114816420208565 -2.03567319657668 -1.78077553923065 0.65568256425331 0.951891109420893 0.599204899732802 -0.0121686506257523 0.173636907011457 0.857234492697921 0.943617364852836 1.09389063247991 1.00378289405985 -0.254121239389748 1.50333573881863 2.26341432095421 1.76274824459947 -1.44720151142423 1.84214655571842 2.9000015827055 2.92996760828163 2.18048943247177
-0.245405463614669 0.379001624843902 1.7249180770218 1.12071894695187 3.13375465960159 3.2350423573706 2.9789375782921 1.68958896091544 0.363012889988652 0.409992619245787 1.16267466701253 0.432933290066638 -0.396213135648606 0.0318471685095077 0.093546996642463 0.342709030654342 0.194748592854205 0.445243666175238 0.622859853470101 0.0788872785558831 -1.00768914078365 0.253228177473385 0.564185175148405 0.567324330213301 0.228781711004132 0.0993971747475401 0.384117311826949 0.0707001975672672 0.325541488343084 0.21509989814456 -0.375475627993483 -2.54688856929648 -2.23007476033893 0.389716515187085 -0.387551362234915 -0.146535318454115 1.12678760204518 0.706307428421068 0.636615309671563 1.04763576046544 1.07195933431955 1.27988869718792 1.24039850344272 0.886118962246057 0.929696175207488 0.285226873645677 -1.08515156906578 2.09497465490124 2.31236155610408 1.96735162839898 3.01201652675501 2.97957278706577 2.7020248968959 0.686068159200035
0.807355304157336 1.13776245199246 2.23112312731366 1.33135033934103 2.00089997231864 3.22502753066462 3.18591356049541 3.10108630459604 0.0675617259464888 0.993020782987702 1.62641662410634 0.704323183500126 0.430098154782441 0.186151901088581 0.673778264978481 0.705517272172368 0.856434440204753 0.986208893306421 1.09836781444419 0.961740637167276 0.838488034886724 1.18630073608481 1.06091790053958 0.969832132801318 0.384734775775568 -0.265663688462853 0.14249394790495 0.239200438440859 -0.00570271840375441 0.21452968611089 0.137643961083472 -0.645837800312523 -0.491649504381245 0.499075822126018 0.378481952627602 0.740680814044323 1.38281198175593 1.27052957293237 1.42705972218632 1.4875178736675 1.19978650106249 1.47148529077303 1.15621827495366 0.529377401991443 -0.230909263003126 -1.21795049819842 -2.41392302374656 1.10222466832223 2.56893581665298 2.95593713326424 3.06340349969645 2.85676405440841 -0.0802308673394726 0.647410167291853
0.62992163398527 1.41592667202339 2.33874696399909 1.14380645699432 2.41155020091699 1.24968688874839 1.57957370713403 3.13300935183897 2.8535501627251 2.14979873212727 1.99503420838876 1.00052493368406 0.334332363762815 -0.310847305594054 0.544315338403246 -0.124636751678011 0.249007305152688 0.625300038107364 0.992310116253111 1.05376073483593 -0.356908201513856 0.637885302435913 1.40537911611184 0.926977544751448 0.621489733540061 0.606611228944484 0.591090291464862 0.181880055760371 -2.24694626528112 -1.96533781517183 0.476667642809516 0.637503225268146 0.398903755765452 0.676424930931939 1.34975145706785 1.60680481120298 1.47309102002225 1.33427127525384 1.54202496434368 1.86387324829382 1.66564049353701 1.06317945893762 1.20236175222528 0.680494532604493 -0.523454109030279 -1.76166960146741 1.31772743517588 1.48887282147225 3.1273560432787 3.13782263450985 2.96610122527417 1.75789557571108 -1.81804536944487 -0.124845508514882
0.992752929440971 1.69238132274467 2.07293872109507 2.55970279832874 1.42996403396036 0.192026857433675 1.15459411919628 2.11721358773545 3.07913091353597 2.91867815311485 2.37208100862357 1.39236467022044 0.319246795076552 -1.771493701163 -0.123926579378095 0.677134543021088 -0.0354139906429123 0.0351682764303624 0.0988388026241917 0.631675662659777 -0.809929072193255 0.312818822170259 1.08475150981867 1.17230611227941 0.831762026801676 -0.0202555305904686 0.774737446488928 -0.572912152118812 -1.06798166384023 -2.78108244269744 -0.0940447246295197 0.726423232870761 1.28774834442259 1.41713510033621 1.68017426477416 0.562440476682525 0.899979180334077 0.483837180596615 0.487659686315611 0.810305883112898 2.2189603768851 1.42128849159664 0.2799521112973 0.117671311279263 0.363878012720285 0.905625413693555 1.63683203521754 3.14522876778467 3.20033985036755 3.16210055893849 2.20729347981119 1.23249460338669 1.18025946657941 -2.17881912060154
1.84501479612401 1.28336566215193 2.93090416680224 2.6094591771466 1.75920270078155 0.231573839660987 2.22290994712717 3.08952409510973 3.01926878390639 3.02337285652867 2.55460936495958 1.72031284352644 -0.00309759314972274 -0.263685009309619 0.668179725953377 1.74955899174159 1.18166984696928 0.792761095753526 1.28263117077829 1.12249021761599 0.374044099264673 0.45212366332297 1.02780889542044 1.91721400830614 0.934715524709517 0.76522496441913 1.183258703144 0.858106835683764 -0.58797395994487 0.166082124961677 -0.939302651036606 0.91048444961765 0.525514992316899 0.813463424568725 1.85571521094144 1.1024559867243 -1.19360869635994 -1.05592852044534 -0.691027460340346 0.523027677502594 2.11502604435085 2.10633847142277 0.955271682326586 0.159535694571913 1.47953568107521 1.45857705169398 3.23809949788664 3.25530917959805 3.24518727766176 2.71036587871022 1.9424816041003 0.731710985573812 -2.51751159627844 -3.56707215196363
2.84649521704067 2.87723562661099 1.96814069605853 1.92007505947868 0.484039819145938 1.82702715811912 2.93979999719627 2.79593819695484 1.52086329669579 3.03265741814859 2.9171443562524 0.902879558760491 1.3316448104342 -0.383240130954398 1.10781348215382 1.509495273194 1.89200657553234 0.960115540083861 0.93868416411427 1.93335322717256 0.737253676083492 0.283438729460462 1.48183463642817 2.02022968436604 1.28455554565536 0.701666379334167 1.67946846773637 0.706190267353973 -0.877246858903508 1.00805002941024 0.392518666015136 0.695551271127127 0.203958961534276 1.64534219753692 1.30372500267441 0.0380278322654676 0.316564897253086 0.590121841876832 -0.329405677745293 -0.550346906995933 0.886851772536825 2.53263875339132 2.08874825159804 1.09041680702798 2.22812549801579 3.18166772408231 3.30125397385787 3.28289821314399 2.60506064814756 1.26187831220728 0.830610404569688 1.1962908022636 -2.84604532408079 -2.84859002811024
3.13381843735336 2.8307578324699 2.71596461229981 2.12751612238399 2.53517249990072 3.08624370141796 3.11482222710508 3.05782661755645 2.26207476931428 2.9629373704312 2.98538749340157 1.43037314267419 1.92775973256465 0.0778007907059965 1.59561212907918 2.15914000985365 2.22397442685139 1.66336854596004 1.34150573875966 1.85047343544399 1.5029892559531 0.874891335306322 0.760256431569368 1.44557802680699 1.2732566187451 1.68457688314183 1.92404284446267 1.52835092470789 0.369769870428543 0.817442878183655 1.66601438248727 1.71400562730971 1.41426143846599 2.31846868577931 1.74422325410168 1.77823166560271 1.80618768523522 1.49747790319848 0.426148632204052 -0.0764787957577201 0.946274427620615 1.99882629741393 2.94366586714546 2.93474113113934 3.30529903022225 3.34308266191143 3.34868290757928 2.35327635455279 1.70744452616152 1.54392440868759 -0.150342346255526 -2.2848265928467 -1.99010793844203 0.420247797597552
3.15039700183085 3.09182470901182 3.13316337228206 3.12268559908817 3.05847298171137 3.05058360304149 3.0922380262853 3.0501330853922 2.52844977468376 2.84475572345928 2.98518774614686 2.74321471790096 1.6575531362066 1.47814118022558 -0.108369812746891 1.68727908834175 2.293951583286 2.07342616368007 2.0501461634408 1.84467183381222 2.06160293420016 1.3716684852378 1.31072933634198 1.77509144059581 2.20664921943173 1.50236186769703 0.74443364782581 1.77068629630752 0.530714092817041 0.176568685582084 0.967111781833192 1.47469974277395 2.17096694857617 2.21202954091286 2.34262729417961 2.29208448563925 1.05433052232768 0.3723670896641 0.677183502687864 0.711123141953031 1.28822938990484 2.92203709442962 2.79571742375863 3.06132416214338 3.37882754633552 3.38680257392926 3.36039701842775 1.81463771931234 0.226567525772525 0.810868859509598 -0.195534767319366 -2.46602858503023 -0.635869309672983 -0.244134044199661
3.14870148680086 3.13879294505439 3.10461451591237 3.06817155029913 3.02364990132689 3.01960275837007 2.99315101844965 2.91522058107994 2.15720463575085 2.47686836835989 2.9661628145871 2.93326924542516 2.13560795596309 1.23053046148583 0.406691904264872 0.337987537071869 1.50610417656598 2.01318025692172 2.33465689821832 1.72991695651425 1.54424051016456 2.23087802444225 2.52649273058422 2.52641163040923 2.44728841309089 1.93578191604223 0.848678309169807 1.6477338906994 0.885601395237629 -0.0321097094657523 0.584239942824352 2.30746137592645 2.12682974838183 2.16774060334488 2.19621283287327 2.24222027014828 1.0558966193248 2.44757963761048 3.00332141220195 2.9724989172083 2.97439446850544 2.88732556395441 2.37509286414819 3.31006264330709 3.41857199851795 3.41913803020091 2.02694956073456 2.39202840546251 1.23741012850667 0.392323493717505 -0.525781455961539 -0.159258932290025 1.61065318642708 0.9809646089406
2.8561374708644 3.02571787183106 2.99809349242542 3.02316701753369 3.00362748096403 2.97723194703141 2.95211492586564 2.69899174921615 1.84267902850392 2.18912875708423 2.89352115809146 2.93810545158822 2.63055857936968 1.91876161797512 1.52993872958749 0.0801420343533627 0.34303393190424 1.22876098759374 2.16802594060974 1.7826280633756 2.27696677406189 2.45598533099451 2.01098845668411 1.93295773852852 2.15321698210491 1.11248793279555 0.696337282407704 0.979801153058987 0.946456758339466 2.15330341609388 1.12027551831635 2.73611890795179 2.24681436755452 2.22142724999957 2.25985609151581 1.14370368358337 1.42002982769868 3.0506304260463 1.72903845376764 2.3108485114906 2.6685476902788 2.68289609101457 3.18431303147249 3.44598751046048 3.44705656978552 2.31686905278409 1.6260648358163 -0.106532583747519 0.0783893526996197 -0.135760619708746 -0.0297312541444899 2.00202432061786 2.38083184853795 2.19553011936558
