T2m/med_mese_clima/temp_med_06_2002-2019.txt
NCOLS 177 
NROWS 174 
XLLCORNER 1436301.375 
YLLCORNER 4916704.5 
CELLSIZE 1500 
NODATA_value -9999 
[rows 96 to 119 of 174, columns 0 to 53 of 177]
-9999 -9999 -9999 -9999 -9999 -9999 -9999 -9999 -9999 -9999 -9999 -9999 -9999 -9999 -9999 -9999 -9999 -9999 -9999 -9999 -9999 -9999 -9999 -9999 -9999 -9999 -9999 -9999 -9999 -9999 -9999 -9999 22.6739777506616 22.7289348500442 22.7092776054928 22.6977682393401 22.5968948519321 22.6160591309783 22.6276665796189 22.6463938553367 22.6494614868252 22.6664657373157 22.6820800454757 22.6959485271958 22.7152280262451 22.7246141067182 22.7313415445816 23.0319269716663 23.316866121758 23.4249252424234 23.5044228983413 23.5227455594226 23.5287304038746 23.5300233510262
-9999 -9999 -9999 -9999 -9999 -9999 -9999 -9999 -9999 -9999 -9999 -9999 -9999 -9999 -9999 -9999 -9999 -9999 -9999 -9999 -9999 -9999 -9999 -9999 -9999 -9999 -9999 -9999 -9999 -9999 -9999 -9999 -9999 22.7239654185215 22.7481879318278 22.7203646075756 22.6181283884731 22.6365678439424 22.6401647385281 22.6511136779459 22.6840943524359 22.6862520656975 22.6947098819689 22.7166153558293 22.7441121312774 22.7543558259881 22.8334184127597 23.0752866187467 23.1625879933703 23.2026113200157 23.1368469743589 23.2585198909691 23.25469019244 23.0847751087156
-9999 -9999 -9999 -9999 -9999 -9999 -9999 -9999 -9999 -9999 -9999 -9999 -9999 -9999 -9999 -9999 -9999 -9999 -9999 -9999 -9999 -9999 -9999 -9999 -9999 -9999 -9999 -9999 -9999 -9999 -9999 -9999 -9999 22.7272120812767 22.7803515542208 22.7587831808613 22.6927715473705 22.6502245040765 22.668305376252 22.6789697587947 22.6894010711523 22.6992316802876 22.7080828474399 22.7230820991146 22.7438813567085 22.7626049083159 22.7638232090616 22.9540898911036 23.0557483366166 22.9543487675497 22.9152024393642 22.8036085401839 22.7884621740834 22.7713111755872
-9999 -9999 -9999 -9999 -9999 -9999 -9999 -9999 -9999 -9999 -9999 -9999 -9999 -9999 -9999 -9999 -9999 -9999 -9999 -9999 -9999 -9999 -9999 -9999 -9999 -9999 -9999 -9999 -9999 -9999 -9999 -9999 -9999 -9999 22.7980680807492 22.7751483560979 22.7609464625898 22.6946978218482 22.674505684225 22.6548049017159 22.6953079421097 22.7129152914269 22.722213404541 22.7379116691164 22.7520533280202 22.7718198401413 22.7968777375127 22.811838385969 22.8089593868146 22.8032575559114 22.8022868915688 22.8287772946203 22.822690029939 22.7995164288567
-9999 -9999 -9999 -9999 -9999 -9999 -9999 -9999 -9999 -9999 -9999 -9999 -9999 -9999 -9999 -9999 -9999 -9999 -9999 -9999 -9999 -9999 -9999 -9999 -9999 -9999 -9999 -9999 -9999 -9999 22.5915769608846 22.5927203618856 22.6026308061519 22.6517033442227 22.808687081168 22.7996088196339 22.7994630787793 22.7701817967882 22.6964003436486 22.7065497425933 22.7169711642338 22.7348541275219 22.752222183145 22.753528428603 22.7610527736398 22.7970841730615 22.8083119242432 22.8246795657266 22.8233098380106 22.8418381427668 22.84249676077 22.8404958947332 22.8511479877193 22.8220543546238
-9999 -9999 -9999 -9999 -9999 -9999 -9999 -9999 -9999 -9999 -9999 -9999 -9999 -9999 -9999 -9999 -9999 -9999 -9999 -9999 -9999 -9999 -9999 -9999 -9999 -9999 -9999 -9999 22.6130103297237 22.6026604319441 22.6008268163503 22.6077105142604 22.6007899158988 22.6483674739056 22.8118600160987 22.8245582123065 22.8157591044066 22.8312911759315 22.7642146674381 22.7210866455679 22.7239975284875 22.7346389066062 22.7601690669931 22.7698490859829 22.7783933444041 22.8005208033559 22.8282495118954 22.8310157954312 22.8388219430072 22.8439517555566 22.8539104917649 22.9305254296705 22.8661328696885 22.8538225446548
-9999 -9999 -9999 -9999 -9999 -9999 -9999 -9999 -9999 -9999 -9999 -9999 -9999 -9999 -9999 -9999 -9999 -9999 -9999 -9999 -9999 -9999 22.6115782205705 22.5846358483246 -9999 -9999 -9999 -9999 22.618377456187 22.6212811963312 22.6327725718533 22.6378917523956 22.6292163172825 22.6449950285646 22.7766262762924 22.8419313497394 22.8628563472899 22.8547069829238 22.8479891550343 22.7663003662232 22.7313991033331 22.7651897827936 22.7610604372518 22.7943626667729 22.8115828463553 22.8122967392929 22.8339401411219 22.8307551385723 22.8554010611993 22.8849844974424 22.8816642438848 22.8833150899045 22.8749184933126 22.8795523080561
-9999 -9999 -9999 -9999 -9999 -9999 -9999 -9999 -9999 -9999 -9999 -9999 -9999 -9999 -9999 -9999 -9999 -9999 22.6179023037925 22.6189602606217 22.6257787239125 22.6231691933607 22.6419721351197 22.6517787571154 -9999 -9999 -9999 -9999 -9999 22.6242525699343 22.6568453292128 22.6602080374918 22.6575052434838 22.6489556672701 22.6880000995646 22.8514822249135 22.8792707570287 22.8858392020143 22.8864063877865 22.842441209203 22.761829085924 22.765764077847 22.7775347562052 22.7966666175183 22.8150944114873 22.8247774139827 22.8404207879708 22.846502788755 22.8729542780806 22.8969065549273 22.8954977076477 22.9142442932911 22.9077190923889 22.8989886304276
-9999 -9999 -9999 -9999 -9999 -9999 -9999 -9999 -9999 -9999 -9999 -9999 -9999 -9999 -9999 -9999 -9999 -9999 22.6434458257443 22.6592057384598 22.6574741687202 22.6614507320283 22.6636717956641 22.6720569771292 22.6716077543538 -9999 -9999 -9999 22.642393675496 22.6339927232357 22.634315111019 22.6589471555837 22.6547001960329 22.6523837701419 22.6902620834637 22.6998109181494 22.849254008492 22.9014533879961 22.9171234305334 22.8730902377216 22.7468481664076 22.7665542775948 22.7867562604514 22.806972120571 22.8342760671144 22.868160908478 22.8703134762525 22.8781799773756 22.8611785998975 22.9021937500395 22.9255572357245 22.9310774887659 22.9264766909991 22.9195942036418
-9999 -9999 -9999 -9999 -9999 -9999 -9999 -9999 -9999 -9999 -9999 -9999 -9999 -9999 -9999 -9999 -9999 -9999 22.6829378219324 22.6903323117039 22.68002431991 22.6982544973436 22.6992025114643 22.6908584529032 22.6812160324167 22.6782877139585 -9999 -9999 22.660428180282 22.6579260562343 22.6565521843969 22.6872503763947 22.696812604579 22.6931766083947 22.6930198702167 22.8448831939149 22.7496946141181 22.8628667884936 22.970776611361 22.9189973259262 22.8767757226985 22.7750418676042 22.7810313501425 22.7948720889834 22.8235985152186 22.8363887261537 22.8403407519881 22.8803516645389 22.9031558076388 22.9235785989088 22.9262119065756 22.9413459503483 22.9462925183514 22.9412723604214
-9999 -9999 -9999 -9999 -9999 -9999 -9999 -9999 -9999 -9999 -9999 -9999 -9999 -9999 -9999 -9999 -9999 22.7498484989997 22.7282887726147 22.7195819501371 22.7160327096932 22.7178176899142 22.7252335235534 22.7001099950738 22.7274173998285 22.7075129038301 -9999 22.6894804251453 22.6845457096362 22.6880376302039 22.6927180126938 22.6989980556194 22.6995835555848 22.7024256642979 22.7749832432389 22.8065501559587 22.749115550617 22.8006724050675 22.9084699894201 22.9724388731546 22.8615772314227 22.7759388556197 22.7906005258457 22.8057595052558 22.8208725772142 22.8429542584666 22.8714550300043 22.9135705849601 22.9232834169539 22.9382186572747 22.9505512020902 22.9677371402505 22.9671120546558 22.9790731794076
-9999 -9999 -9999 -9999 -9999 -9999 -9999 -9999 -9999 -9999 -9999 -9999 -9999 -9999 -9999 -9999 -9999 22.7860653564467 22.7871099405209 22.7465725955987 22.7420787620209 22.7428167497746 22.7413106711432 22.7224665567336 22.732942445677 22.7191881117997 22.6971145644879 22.7056267413372 22.6990902206146 22.6933705878288 22.6889383373437 22.6938855001372 22.6932838840427 22.695113220396 22.6690889165319 22.6764589567522 22.7400701821688 22.7761836823833 22.8995070218812 22.9484985765369 22.8614314560461 22.7767484469737 22.80779243646 22.8092569325543 22.8487217748302 22.8650664623594 22.880437349451 22.9322574407738 22.936555482685 22.9536862315879 22.9682033626817 22.987505886404 23.0040032061656 23.0027614278888
-9999 -9999 -9999 -9999 -9999 -9999 -9999 -9999 -9999 -9999 -9999 -9999 -9999 -9999 -9999 -9999 -9999 22.8042740272988 22.8124356088282 22.7788330712766 22.7810946531299 22.7652409980276 22.7470464690815 22.7500072478639 22.7436292250647 22.7437834887365 22.7124878544917 22.7117997306288 22.6961094898054 22.6813138013142 22.6832316529248 22.6793329576804 22.6777050637118 22.686333892484 22.6749290300969 22.6894967319256 22.6995747454017 22.773915837551 22.8975480539893 22.9317451764569 22.9606448850032 22.7774035298048 22.8022424408911 22.8356373044418 22.8618044602384 22.8801154692968 22.8900075872283 22.9364035961196 22.950570233975 22.9775376682994 22.9867623597954 23.0157649092291 23.0343147432895 23.027479850203
-9999 -9999 -9999 -9999 -9999 -9999 -9999 -9999 -9999 -9999 -9999 -9999 -9999 -9999 -9999 -9999 -9999 -9999 22.8194210222169 22.8159504112993 22.8017323211235 22.7847579708882 22.7653371222403 22.7515533919688 22.7515181718658 22.7502628851059 22.7329244303445 22.7000938902489 22.6907340118407 22.6976636450638 22.6830785281357 22.6781503187818 22.6756481376035 22.6759482174541 22.6946097572416 22.6784149110698 22.6961181278734 22.7171798516279 22.8794915841305 22.906742004523 22.9674119030151 22.9995125045341 22.8804313854848 22.8394312082884 22.8599440101082 22.9031290319459 22.9076886447682 22.9563497761657 22.9728941588947 23.0097414134487 23.0213029197349 23.0299722197564 23.0506276827053 23.0682611133937
-9999 -9999 -9999 -9999 -9999 -9999 -9999 -9999 -9999 -9999 -9999 -9999 -9999 -9999 -9999 -9999 -9999 -9999 22.8621257663839 22.8344828723948 22.8115164090999 22.8011590481794 22.8036933082654 22.7809055258412 22.7564261404947 22.7615402471441 22.7582747302902 22.7318057158289 22.7288858353102 22.7039768370784 22.6960334083967 22.6749129741813 22.6793666715671 22.67915862989 22.689893383214 22.6812726924931 22.6915479412785 22.7130542332033 22.8606880720548 22.8735852246464 22.9737509524837 22.9995973466457 23.0120830841905 22.8585480474801 22.8659798765167 22.8886809206709 22.9334599793262 22.9694045793888 22.9884533887089 23.0277380510156 23.0342520781023 23.0677406350924 23.0755840502632 23.0951740194022
-9999 -9999 -9999 -9999 -9999 -9999 -9999 -9999 -9999 -9999 -9999 -9999 -9999 -9999 -9999 -9999 -9999 -9999 22.8628600594489 22.8265571069748 22.8103148165334 22.8297757306166 22.8311433929137 22.8148311207578 22.7813610481348 22.7621319903344 22.7499645122471 22.7223545556096 22.7106841128524 22.7001681350276 22.6913891753627 22.6772429631359 22.6658921856457 22.6577610675327 22.6684200098384 22.6752103073844 22.6934856144024 22.7156852805371 22.7416866741037 22.908873799546 22.9490255659415 22.991820342696 23.0214424980174 23.0145158264524 23.0314400300364 22.9352068263909 22.9673070120096 23.0057604738427 23.0123790853477 23.0392156683698 23.0632611080757 23.0841733873804 23.0943176656923 23.11592237501
-9999 -9999 -9999 -9999 -9999 -9999 -9999 -9999 -9999 -9999 -9999 -9999 -9999 -9999 -9999 -9999 -9999 -9999 22.8603285599029 22.8308124948735 22.8135359077923 22.8473881668819 22.8398734293831 22.8146825734226 22.7800669493118 22.7443035054253 22.746456432274 22.7178417956921 22.7052528316947 22.6939378094171 22.6768444285539 22.669867833798 22.6582153689968 22.6499852636308 22.6607654228673 22.6755161390451 22.7020978112711 22.709880013233 22.7293365938758 22.7983148421516 22.9393791095811 22.9915881775044 23.0231943447547 23.0489335739521 23.0757520506361 22.9971844127656 23.0017320378226 23.0203134699191 23.044673721224 23.05925047017 23.0784764568468 23.1019058429266 23.1292205707171 23.1233469349062
-9999 -9999 -9999 -9999 -9999 -9999 -9999 -9999 -9999 -9999 -9999 -9999 -9999 -9999 -9999 -9999 -9999 -9999 22.9165917938696 22.8472824592243 22.8444278266847 22.8462503745029 22.8531037604063 22.8036639525973 22.7757136512686 22.7543432991547 22.7478282413949 22.7029770143035 22.6896479348266 22.677715197491 22.6754747829751 22.6605496770425 22.6488011303533 22.6406894507384 22.6594021384667 22.6824328371087 22.6945371982543 22.7033782780246 22.7165090431047 22.7412958653646 22.8457334209067 22.9608682496033 23.0023165678993 23.0380565078779 23.0825351086917 23.1274083437134 23.0893233142898 23.0283092640978 23.0629900852991 23.0878456178601 23.1319963416682 23.1357858443626 23.1580873153828 23.1838649836384
-9999 -9999 -9999 -9999 -9999 -9999 -9999 -9999 -9999 -9999 -9999 -9999 -9999 -9999 -9999 -9999 -9999 -9999 -9999 22.8992887400424 22.8566557577743 22.8419559368076 22.8323277534957 22.7819081113256 22.768434407877 22.7615678163857 22.7465308639358 22.7009803442282 22.6793844933178 22.6593605945241 22.6645007709358 22.6418492988532 22.6302223296153 22.645287597659 22.6646395693717 22.6654932566301 22.6939007849605 22.7039861999176 22.7186028994287 22.7375083241807 22.7830551793064 22.9684743937176 22.9970328351851 23.0277215515669 23.0748624790978 23.1525172534878 23.1848100706231 23.216135570601 23.1194673201133 23.1619395602252 23.1408566441268 23.2156626509067 23.1884184362483 23.2090994917418
-9999 -9999 -9999 -9999 -9999 -9999 -9999 -9999 -9999 -9999 -9999 -9999 -9999 -9999 -9999 -9999 -9999 -9999 -9999 22.8630342343453 22.8503762873349 22.8269607419407 22.816373697871 22.7804929587424 22.7584584617599 22.7585186593301 22.7274370277978 22.6890379154286 22.6670470969659 22.6620882994294 22.6518262382668 22.6445617178315 22.6332342052216 22.63356881622 22.653709328913 22.6708406677724 22.6851427412733 22.704294565537 22.7205779205337 22.7489549213138 22.7814268576003 22.8024021435058 22.9998527847487 23.0407110231894 23.0755446530393 23.1260447838602 23.1912180738735 23.2329788689108 23.265583773454 23.2884013264572 23.4553957841862 23.405303294479 23.2421076719484 23.1852766596647
-9999 -9999 -9999 -9999 -9999 -9999 -9999 -9999 -9999 -9999 -9999 -9999 -9999 -9999 -9999 -9999 -9999 -9999 -9999 22.8704429114306 22.8413273599261 22.8247029777535 22.8132316626961 22.7919528048157 22.7537664105761 22.7301100785553 22.7139172088141 22.6674837506594 22.6452795741735 22.6479193170865 22.6377841401298 22.6308308925817 22.6200184337557 22.613478562841 22.6422183600803 22.6605060755598 22.6761941298519 22.6969619601166 22.7151007160525 22.7379668474502 22.7727178618369 22.8037292840076 22.8454333342812 22.9194707853736 23.0771874251037 23.1157560897361 23.1839346642847 23.2362102724583 23.2792951631363 23.2613148303324 23.3425953229116 23.3616823203871 23.3838637582339 23.394352470169
-9999 -9999 -9999 -9999 -9999 -9999 -9999 -9999 -9999 -9999 -9999 -9999 -9999 -9999 -9999 -9999 -9999 -9999 -9999 22.8443567267932 22.8375362369445 22.8278491273998 22.7923428550229 22.7703815878275 22.7393157059662 22.6998090092783 22.6986450300591 22.6673629160204 22.660425891593 22.6710756220504 22.6381437949751 22.6240516767039 22.6216238338981 22.6236409675877 22.6381516476015 22.6425020700061 22.6597757229479 22.68234030478 22.7100684866975 22.7426917483295 22.757236929156 22.813382914925 22.8428399697574 22.9122178923734 22.9534901376733 23.003081298727 23.0526527328509 23.1159533649721 23.2797411910114 23.3306854822474 23.3565290762851 23.4001866782305 23.4393157423075 23.452224699169
-9999 -9999 -9999 -9999 -9999 -9999 -9999 -9999 -9999 -9999 -9999 -9999 -9999 -9999 -9999 -9999 -9999 -9999 -9999 -9999 22.8317850511497 22.8135069722874 22.7772568784378 22.7316093099985 22.7232051708689 22.7064444595903 22.6897968310734 22.6661566558697 22.6517494193743 22.6549880316203 22.6456839954564 22.6245683068897 22.6230048279577 22.6107842703736 22.6189622158139 22.632472211526 22.6438611899223 22.6759436796604 22.7133529391401 22.7557995092899 22.7728120485941 22.8015985078206 22.8712181306586 22.9136639026542 22.9432494926574 23.0181177119947 23.0708485058441 23.1226791050547 23.2817360876773 23.343022333784 23.38636626739 23.4184805031481 23.453158224984 23.4828133981194
-9999 -9999 -9999 -9999 -9999 -9999 -9999 -9999 -9999 -9999 -9999 -9999 -9999 -9999 -9999 -9999 -9999 -9999 -9999 -9999 -9999 22.7897580006418 22.7685348425027 22.7222942735043 22.6981962473152 22.6812895821886 22.6646429050623 22.6411870566517 22.6348463282427 22.6308784547665 22.6299796175607 22.6251214519999 22.6092709729193 22.6059819690569 22.6079747080803 22.6155370832403 22.6363998007881 22.6705065887626 22.7101184100407 22.739890616782 22.789530934578 22.8209944364744 22.8636022057874 22.9090894096047 22.9713052962627 23.0637852120217 23.1853149100129 23.1889370524563 23.3069099451999 23.3639651319229 23.4102882880665 23.459500918976 23.4826535125802 23.507723697529
