T2m/med_mese_clima/temp_med_08_2002-2019.txt
NCOLS 177 
NROWS 174 
XLLCORNER 1436301.375 
YLLCORNER 4916704.5 
CELLSIZE 1500 
NODATA_value -9999 
[rows 48 to 71 of 174, columns 54 to 107 of 177]
12.677326165802 17.3941407381017 20.4712433302108 22.5415601473532 22.5344702681642 19.777771191023 18.4692601930948 14.9662264521107 15.988669318807 10.9206806610856 10.1343947448659 13.4008596764119 15.0195192843676 12.776621238501 13.8596952402849 11.8736094958252 14.9124245914412 18.1514929534476 14.9956151790089 17.829825989994 15.2776270915697 12.5767544098658 11.9160873234824 15.9747780146054 13.2300497247297 15.6612674503783 10.9359188443211 10.8238938037674 13.6985571569499 12.6302429213568 11.5228550661401 14.139039703247 12.3487680879824 12.87035542916 12.8696784637776 11.8281364833683 15.5164840673223 11.988129444126 9.79739072701985 9.47276573297945 13.4939165481079 7.71282761148965 7.58980481131865 7.71563108677843 7.74849891070565 8.03006823552689 11.8997074953936 14.2591966124228 10.2542747407519 9.10033086696801 10.8110817475681 8.23822548579522 9.89925143684341 13.1426129757806
13.7187483387597 17.7386369758918 20.3149998284416 22.6121988809403 22.5509758583557 21.3549469799171 20.5476986578953 18.2382113467028 17.698846169276 15.0889257860037 14.0857740720849 11.5204410400104 9.33661804030183 12.0934621935089 10.3312513140628 12.349248106097 16.6373358768813 17.8502623525667 15.3696853868019 15.1576382636656 15.2833627424122 13.1325395410076 12.3842271405974 12.5126207705081 11.5881528446244 12.0536317720825 12.419549338262 10.3385534267091 13.2155362180906 10.7635121032964 10.6057041193278 14.3536364650653 10.7202697730865 13.2024949884341 12.8591131810605 10.724240830559 14.1350676400426 11.8762909624404 10.4461123251103 6.959505095504 7.58190580756852 9.7041147962822 8.82910434874813 10.4188476075257 10.7406241964917 8.51803627020741 13.9986494251976 12.6251024301957 12.8222420805214 8.71427122924599 10.9293290566791 9.65949735444809 12.8791362582901 14.9298128434905
16.1628780715995 18.9507988600819 22.0033265885011 22.6829152550226 22.670480461621 19.5266743479687 17.7156306914341 17.8203307619801 19.1425595947254 17.603938866655 16.308291829221 13.7954438226458 15.1178863872349 12.2422091227255 11.6291395540959 10.312026816756 15.0792964721168 17.0635651989484 15.4476039883899 12.9359085697635 16.3579053551694 12.275107082467 11.8275899988358 10.8160431822601 11.8435012506114 9.97188522207528 11.7198839419786 9.5802603825875 11.3344052764093 10.0884434534099 10.7634567738683 13.5193823116981 9.77723122225775 11.4652792878909 12.7787756773241 10.7839473954322 9.53099524243813 10.4770901678245 11.1083928937805 6.64498496299957 11.0928447501159 11.5902582685981 15.697923964078 12.2471865518777 8.8207208279355 7.8891114191363 11.28343578784 8.9780376705346 10.3346830330522 9.13827429754919 12.1397653651458 13.0484947736433 14.0882829915594 16.5618204659518
19.2359182238579 19.6552413959562 22.7650973495142 22.7536481718958 22.7384471407643 20.7147615636572 17.2390816285286 13.8637388661872 16.2716581922254 18.5084662497044 18.8065899988751 18.4945332304931 16.9059507140775 15.4298994120992 13.1631373293422 12.0502384916684 12.8383511265119 16.5695360940915 12.6193814321249 13.703771978396 12.8809375301003 12.2610218281731 14.2360412443126 14.4837050724913 12.3406537654591 14.3767555252269 11.877153923804 13.775424602131 12.950897260323 10.5745053947386 9.76301746137762 10.0975347431836 9.06897735891728 8.78715136563935 7.50574698180443 7.13462693520817 11.7266766659824 15.4005673201732 13.8305269790836 11.0259741123168 11.7616371406173 17.2294685462007 15.8442101200054 9.76004851127739 8.89444457153196 10.7189403735561 9.91114669196116 14.5441572910106 11.699924677546 10.070124044405 11.6982341878668 12.199146948534 15.807197765031 14.3417371770114
20.2346350814825 22.8472311158975 22.8379282654804 22.8243454395989 22.3029613266757 20.1424284818732 18.2218385866395 17.6847672095269 18.1647579157058 17.2238275645692 16.5106108994396 16.6426691005627 13.7695461121054 16.4031212052446 13.9173577774822 10.0223325773369 14.1440239534334 13.1870403991253 15.2526407684441 11.3636399522608 13.2812114270749 13.5773334927765 16.3509215663613 13.5963005140056 10.2214895230373 14.8350670487792 15.2862363378207 15.5690306179685 12.0782606157624 13.8034710733979 11.4904940020247 10.7536335826886 12.8524449561297 11.2059639239385 11.3446047724489 9.13592424204711 10.4335529926199 15.6267288485795 15.1927562567923 17.8633898942559 18.2131301596577 16.7376260163975 13.433832814572 13.856019986522 10.1518319896917 11.8729520152932 8.71105910109827 15.1181418443903 14.2665690934585 11.688754265921 13.8454887933937 12.3586974185742 12.5286298380038 12.3619696987816
21.9779453027396 22.921344524622 22.9105237486921 22.894941189554 20.5936365547739 20.0541780903751 21.2323989542914 20.9115970916954 19.2769017009823 16.987200959965 14.7839787099464 16.7675272775653 12.0500291212289 14.2881997713704 13.502369547111 10.9064736805948 10.1878737390852 10.8300210472978 11.9010053776113 11.0554043268532 12.8987688812025 16.1431740844691 14.3300058850168 16.7640039448753 12.9002523202587 11.3200229935716 14.0647641373637 16.6199133148164 13.43794419289 16.853581891678 15.0052637734531 14.624187133452 13.9828742764246 11.8467776681078 11.3693668419472 10.9219137052695 15.384160771782 15.3581663620325 18.3664155183015 15.8859454491624 14.7783205502195 16.3137267273885 14.7722262865599 11.631905540226 14.8567596200808 12.7083124478658 13.563378576548 15.9890675560928 14.9215498115178 15.337640601139 16.8761558324099 16.5336641912475 15.0892489684953 12.3532745943761
19.7474895235197 22.9949064776485 22.9827399376734 22.965315184917 20.7179995720769 17.0822721872801 15.8120332689933 19.9762866216677 20.8805781064946 18.4227625166192 16.3589201452923 14.6728395528632 13.4197057618035 13.2211759512071 12.1155171729348 10.8639531692237 9.33952934072069 12.3186510615695 14.1467631957413 13.6650340513499 15.9133592753131 17.2039926697811 15.4883245800748 17.7860591246022 17.0382379111684 14.5541836880239 12.8038783108747 16.8582679136668 17.4790952327075 14.3709248542786 11.9491674866021 11.1404098675759 10.4118585847663 9.69821111203048 9.47615824854893 12.793754303069 14.8108718687001 17.7055040855834 16.6750734162919 12.3398294903982 12.5798133527607 12.9079868844078 15.2419719049224 15.4850397012116 17.3189481614181 15.8933392104911 17.8171121968163 18.1769216869716 17.6904159290923 17.0420249558157 14.1899464429161 12.4070800347461 15.5075593215448 13.8060813380244
21.5857310344408 23.0676119795552 23.0543238815702 23.0353529391465 19.4283890600558 19.4950921103542 18.1598424164601 16.7210829152369 19.9340448345667 20.5058426113776 18.2845209599277 17.617811129049 16.1971951956734 14.0361345610133 11.9074110937339 14.838112462082 15.4643985002865 14.7940743349217 17.1088345866512 16.1738533604292 16.6343218985531 18.2887707056455 16.0062553384054 17.9139387769464 17.1329041137004 16.7773020684351 13.8853830017057 15.8349503231269 16.7080752046388 11.5483707596214 12.590454407625 10.8959056359015 9.68757142492468 10.344441122242 13.1230747577401 14.3239473817893 14.9517953869369 18.0764855048171 17.3377048788615 13.7656744787354 14.5913408452346 11.8811950660414 14.4507482118813 17.3775156274622 17.6685456106324 18.3036879384223 17.7489543288578 14.4156053362805 13.7829456100861 14.2828728172146 11.0623213188194 16.6191599085743 18.6167281857979 18.7120341646083
23.0277540535838 23.1391052689817 22.9508580004727 23.1048125158122 20.5481832206249 18.4936383078128 17.3968311894455 16.2563827418619 18.2475759728455 19.1397823225569 20.386011799986 20.2408777149371 18.3442593770998 17.2738173571266 15.1097995875794 15.6767924973626 17.1287319935398 17.7411767790347 17.4700432823028 16.8158451600943 17.4758173134224 18.3626835310165 17.6649223489158 18.6414666045963 17.2005153130234 14.7734843777653 15.6547100080384 17.8574297354177 14.7218419303865 11.7779183394287 11.0989159220623 10.7212310439367 12.1513364413454 11.339050258089 15.0608480648126 16.6711965513082 16.7608227322499 18.9543633052228 16.5277153609712 15.8019264711274 14.0782916128268 10.8722030292874 12.2291616159457 15.1298659153191 17.1609926118159 18.2057231554279 18.3584912728748 15.9562645433126 14.194962322528 11.3167845728865 12.9992612656068 15.2795763820778 15.3959368546804 19.0208057506585
23.2173870743793 22.5749661857699 22.4438273989124 23.173391764841 23.1379518440476 19.0410831961367 17.0518509518585 14.1847308921593 13.9999903511854 15.1438086137728 17.8737495845851 18.6345552157473 19.5440693000952 18.3068720238444 14.3709497662974 13.2055062619992 16.5096389195801 17.4349718036475 18.3799202038182 17.0612240452457 18.8486480794571 19.0283962315983 19.2935803815538 17.5854108839491 16.5585663209727 14.8692835383945 17.9129112131434 17.2206056487413 13.0552313093418 12.2611930896287 14.4175755031683 14.1962185276879 12.8895070549698 15.138859467006 16.1500383634994 15.1401130451096 18.4721775362153 18.3057070594143 16.8307027950699 14.8554254080778 11.8366685065038 13.1030396831072 11.7163159126485 12.5084929117634 14.7219141643356 16.0348510820557 18.5381904756213 14.1767204100335 13.1245416388468 12.642695845314 15.4638351812775 16.489771311629 18.346517959789 19.3666040180642
21.7008949429901 20.1621135326079 21.2735237054619 23.2407097346253 23.2126773138841 20.8447548137035 16.3671962401381 17.1669690515892 12.3018667680614 11.1102955609928 15.9133111642099 18.9420389709649 19.5860010088962 16.5227496026843 13.6359671889632 11.9506085358652 12.9022416573432 16.3590366016936 16.6730862609766 16.1973656364797 18.4442318983652 16.4790646938998 16.8252777860856 19.1982911023461 17.6487727422405 17.7283148923038 18.0594173054268 17.4643498570831 17.0580425053467 16.691749442286 12.7278579450868 15.2742537976783 16.9713759198969 17.0522802998254 17.0349238110913 17.1042365615383 18.5664677510659 15.9971455557111 14.3917286122655 14.8083037725569 14.0447947085456 15.9576559365532 12.2050236116037 11.2668904232114 10.9960578105194 16.9373213872129 18.0272642342397 17.6994918775411 17.5135569109961 15.9109800235725 17.5234834072399 18.9364094999101 18.6681536369118 20.30293934566
19.5635273221098 20.0705712261759 19.3501988750181 23.3063000470768 23.2781997092712 20.5727962600596 17.2678906639049 18.0265289756251 14.5454244666261 13.0060938811964 16.4588311707164 18.3774302432567 19.8250924493796 18.4775799267822 16.1485519522134 13.900845362614 13.1936463584686 13.4173810163582 13.1459884099386 14.5580201733259 17.0734408793258 15.8799006768583 17.0312542456904 19.0676302659659 19.6154853192376 18.549135739715 17.4732861770892 16.1857408395888 12.0109301645815 12.5706478229459 11.4935235449653 13.0637288831634 15.7270046107563 15.3299765981642 15.0902532874802 16.5016649937556 18.754438128957 19.0815989796026 17.1590987813326 15.5429275844568 15.4863835314174 14.8528095994099 15.403966139165 13.9733917628541 15.7123439626561 17.2327514663523 19.5374128319599 17.5979087265921 16.4030415613342 17.6708558850082 18.2640997385905 18.8612274512097 20.2436787890063 22.5491058047907
18.5260190329434 18.7671683399766 19.4891107813812 22.5948039840769 23.342002861956 22.2511023987959 21.0998570043364 18.6422478156325 15.303009204033 13.3723490348201 17.7500435089623 18.4128035016266 19.3857247800003 19.1244869190234 18.3732284565767 16.128192616944 14.5890542791949 15.8367654649564 14.425172833896 16.7716904371609 13.5346998973761 16.1256455379872 17.11774221162 19.9564517464167 17.2632240748332 15.8095394842051 14.3676303972801 12.4333549226692 11.7996271683202 15.4428335245745 12.2984075880713 12.7125195287628 12.3100612970782 13.5927420452237 12.3447780021915 15.528021046924 19.164970998558 17.7787425019123 16.2845030385771 18.6117296538971 16.7946632297319 16.242560491297 17.271732660061 17.4483151875528 17.7369880381926 15.3492844137513 18.5456674958085 18.4346940132571 16.7150998617028 16.0818409361957 16.1008045386385 19.6094129061993 22.7719267567735 22.5707944884712
16.1961628489288 16.392702722439 19.8824527597722 19.8236343650906 23.4034731196033 23.2808104332582 20.7354857048135 16.5521892668656 16.6642182119099 15.1780335570559 16.5843846497344 19.6038479432648 17.9017403744621 17.0365387875725 17.4875135695125 14.2818163671243 15.8353815410608 17.5077399852467 16.5140651296686 18.1290336310128 15.1879833864577 15.7483113713471 18.2893718053897 20.1232548637891 18.0629888548527 18.2977994053084 17.1982323844124 14.0370825440795 15.2661693617518 17.1139104983689 16.1940067508706 12.7348882486239 15.016248467307 16.8569031197716 13.9414035347693 14.2657065349964 18.8003776974516 19.5558703860751 18.2022653450937 16.7809429237504 17.0552948711095 18.3956045944382 18.4518158066788 18.6591447093972 18.3242759541597 16.1847507919794 19.1952339958997 21.0173365043269 19.5749393875952 14.6428851129096 19.5746442550494 22.7030112374712 22.8203418494743 20.3038001494643
16.5702424746973 17.5943370134374 20.0167003056885 18.9365868240963 22.8682298598466 23.4297553743845 22.6708680947622 20.063435836633 17.5818796300962 17.6689241005315 19.1291044315438 17.7256552080681 16.3269567664759 17.0372114896038 17.1502244276397 17.6155406905545 17.3532353969636 17.879772130354 18.3421825643307 17.1867598917381 15.3319936784697 17.6140930499928 18.5702947554765 18.6995341548581 17.6891838950875 17.3824907117788 18.3162837250733 17.3494177655305 18.1607721241536 17.7750064550359 16.3932575242755 13.2983145855459 13.7017576659351 18.1266908810095 16.3187287750436 16.7281060420069 19.9651420109066 18.5523120786673 18.2147707148467 19.1708979717375 19.0396672294096 19.4076867500941 19.1138744051442 18.1762885627555 18.1654368063918 16.9993280604298 15.1192797404381 20.4425703975154 20.8708132377377 19.9144628186285 23.0499442702458 22.832343091273 21.7076542809422 17.4352116327227
18.3912276495386 19.0009026196268 20.9426145829536 19.3716370806282 20.5927011949781 23.3979279786716 23.4494224527 23.315676268089 17.0946177717344 18.7788948771394 20.0768813827155 18.2415879065608 17.733265450376 17.3052954555294 18.2374353837452 18.3318370662354 18.7158470579871 19.1007481127609 19.4672690129942 19.2213111984509 18.9947661780281 20.0055692104278 19.7921589532752 19.6511966742851 18.0133757382999 16.5981349816661 17.4534890396728 17.7174498881455 17.1369038404874 17.6634175210087 17.4573115449261 15.9392393523528 16.1892746694294 18.2978365572146 17.8962845076381 18.7857889509128 20.3539310596607 19.9211905865758 20.1477326680113 20.1272319525848 19.2423610442215 19.7486932042204 18.8362006041739 17.5213348507881 16.3056100477407 14.9910261436377 13.5805140597033 18.2671230463702 21.4184614784188 22.599719644991 23.0420842531287 22.1287783825103 16.4109688194813 17.4178061672935
18.1048870669839 19.556793038639 21.1805609383701 19.0620579648165 21.370733313428 19.27060025327 19.9059027953648 23.4636794320595 22.6153501852795 21.0816661747149 20.8236275138678 18.8308432204488 17.5608909513111 16.4757260697491 17.9667554295357 16.7823781378843 17.4359229788 18.1958265237602 19.1018207353574 19.3296644615906 16.4076754582149 18.4008698249305 20.4588857251921 19.3252491909413 18.5354677386122 18.5453088005016 18.5420051385959 17.5073315769066 13.6800684505039 14.0542890469233 18.237273841986 18.6527453974073 17.9752603941126 18.6325436408505 20.2689772187928 20.7680567606732 20.3282376270971 19.8681829690933 20.2165017509902 20.8164646050076 20.21062638193 18.7069090873371 18.8883867671092 17.8021067702476 15.9366144796948 14.3553931089095 18.7377028381383 18.9894699582347 23.2461563198655 23.2291816105077 22.4038621204871 19.3117660647557 14.2943269018038 16.3994714771524
18.8157060957985 20.0967088618396 20.7765456927411 21.6531330637726 19.6442762515427 17.3394970784217 19.1187497170619 20.9719582532659 23.473789932404 23.0155480758643 21.5984346896778 19.6405854721864 17.5354945946623 14.3161861131221 16.7864406068016 18.2262436515755 16.9380871521838 17.0630407873495 17.1814487628363 18.2269719475581 15.6945919273812 17.6207150018142 19.4770278299296 19.7554362316926 18.9372618373529 17.0499724104081 18.8626609358523 16.0995495039004 15.3312946519366 13.0577732639732 16.9377545643736 18.7103350916762 20.0437255005042 20.2744285452513 20.7937951525052 18.1250023302473 18.795331423187 17.8444240114939 17.7904082242721 18.3465695694273 21.2954157874908 19.4164113030757 17.2129531273871 16.9182749557274 17.2571348645805 18.0866730399706 19.3530281375956 23.1554611724836 23.3762932219623 23.1204871264505 20.3009103404887 18.4041610503638 18.3113343314624 13.9091976503899
20.4020332067837 19.4035819953606 22.3886199951908 21.8003405138298 20.2948112149297 17.4237236338265 21.1826354608124 23.3532394976528 23.2614868275177 23.6322010311815 22.0247219771515 20.3117080606796 16.9937455427132 16.5668338951137 18.1801266847569 20.5132574647297 19.2873668931884 18.4651921085002 19.5953624341223 19.2674633201994 17.6937535596483 17.8648864584205 19.1777921962885 21.4209660643413 19.0315835300787 18.649104776353 19.6906170722143 18.9165406125931 16.1010109608188 17.4173394725647 15.5643608413361 19.0013109264182 18.1132871972926 18.6960150088793 20.9554480682921 19.2184649390939 15.1945131292682 15.3803600009209 15.8866547873359 17.793455891256 20.8964633842309 20.7659794724282 18.3778763257427 17.0148497393102 19.1938721326398 19.0776911646496 23.4918229376092 23.5133859661626 23.3858363723313 21.4661763467906 19.7440455040078 17.6668424401386 13.5349137407578 12.3165903242834
22.1877384658949 22.2977501985468 20.6988348469322 20.6244893573684 17.8999161473763 20.4706744603169 22.7643988543087 22.4492830472964 19.8864294274354 23.5336022121671 23.2024055202802 18.6232621981774 19.5038215231748 16.3877081195881 19.0424295225997 19.9281757102336 20.8107074470432 18.7695220768452 18.7431480833778 21.0417370357631 18.3701321909825 17.5228645565701 20.0999154175505 21.4480461363439 19.7001448949914 18.4063393105327 20.644368764059 18.446495433722 15.6769330156806 19.1138696853393 17.8249230503668 18.4142094525658 17.4536981126041 20.3600775269079 19.5844197461634 17.1119745204846 17.5606958598266 18.0110863028485 16.4531029080167 16.1047255650715 18.3812964557865 21.5593768302305 20.5289891418116 18.5539052810198 20.6418684138928 23.0491829556448 23.6154927026343 23.4146104346087 21.2040122787893 18.5682031894908 17.8682466719989 18.4287574088868 13.1750611712351 13.1777140125816
22.9560019329742 22.2824470180052 22.0928760117219 21.0526657073586 21.8179567208261 23.2278082665838 23.4651566244938 23.369278788493 21.3792095385216 23.2610229933703 23.5383457795337 19.698593185051 20.7477097594444 17.1365356398585 20.0550258583493 21.3199677815408 21.5040299016752 20.249795599337 19.5533352358106 20.7253713115498 19.9556989691876 18.612613055809 18.4041292714852 19.8906979340094 19.5256320063715 20.4543287751851 21.0044928795762 20.1056308479957 17.7467740372743 18.5997182965647 20.3513949121222 20.4193074960767 19.7657111794124 21.6353953332077 20.3405743888867 20.3506510724992 20.3432596208137 19.6770910169607 17.6782365079647 16.8431324295056 18.4766082635264 20.357846315481 22.3370455398236 22.2138400496524 23.5277302713306 23.7127625646415 23.6799042476548 20.6772600247536 19.3939126158938 19.0753064806814 16.5212913548505 13.8456502540796 14.2001693447063 17.3214619336673
23.2033645435616 23.3254997025301 23.2375461733636 23.2877877225846 23.1536974236553 23.2165919846959 23.4931268658903 23.4402000835648 21.9569702595104 22.8530272659696 23.5829243421555 22.6636025854099 20.1610370014185 19.7732945490766 16.8406814567469 20.2193313340346 21.6040477558419 21.1038970639676 21.064687453891 20.6040256397224 21.120639280331 19.5790455704854 19.4613736533824 20.4840241911971 21.4967426247067 19.8966776666082 18.3814010814384 20.4619792774871 18.0086858385875 17.3969936121761 18.809247302126 19.7851783430135 21.16220405168 21.1962362706661 21.4167986699828 21.2440700943087 18.8288386990995 17.626493547029 18.1015741145537 18.1196451776557 19.0556609722567 22.2084546239288 21.8316385163201 22.4524433508331 23.7733110781069 23.7681992471954 23.5235148663874 19.6434990519359 17.1010188887149 17.9402995914589 16.5038694525574 13.6569190352787 15.9331962019205 16.4577420054763
23.3231646671707 23.3813626829489 23.2983072268374 23.2477018012677 23.1696975153905 23.2357128871812 23.2224439439214 23.0179991718428 21.2371018656242 21.9058376669884 23.5506237420035 23.5156124759603 21.1799224932253 19.23449738607 17.6889997802399 17.5702401438613 19.7794517475146 20.8934858570128 21.6560561304475 20.254669080693 19.8536567834424 21.4038892833539 22.2845719754696 22.2704764324942 21.9718782435229 20.6878686904171 18.5239765585205 20.0636571037917 18.6008414099982 17.0554096904802 18.0775392155956 21.3285230503406 20.9076591367339 20.9480604093752 20.9596301556369 21.0023360016905 18.7928397462324 21.303920358493 22.5492628521389 22.3643408257284 22.2872236393852 22.0057709058126 20.8924664767436 23.2103821237146 23.8190805522012 23.8107366555267 20.0784866575106 20.7428426748441 18.6618713404661 17.3699352308556 16.1066737068288 16.598590011214 19.2550223171711 18.2467931837211
22.6047778921363 23.1310698786635 23.1015485745153 23.2525694069303 23.252038024973 23.2251183265521 23.2011021501488 22.4491228829195 20.6217650590855 21.3310047925254 23.2672839227282 23.6187049856892 22.3675232560546 20.6855831442056 19.8255308819406 17.1581800549487 17.5799434397692 19.1604977626124 21.1752284905057 20.2942130035824 21.4082594084887 21.8442254138582 20.7619504195672 20.5775533363407 21.0468615280993 18.9445959715196 18.2242461350229 18.7170211394996 18.6619726185078 20.922745880595 18.9626936238489 22.1808979530393 21.0131394824128 20.9263212899367 20.9628458576438 18.9336808312086 19.380195603768 22.5900977945622 19.8523039120215 20.8523711116226 21.500695109441 21.4874533931414 22.6622357110182 23.8628966748714 23.8590105308427 20.6445864989434 19.377603347066 16.7264805358869 16.9758644587832 16.6725463487484 16.8173657461817 20.0115093473299 20.8063784292451 20.4587865456387
