T2m/med_mese_clima/temp_med_03_2002-2019.txt
NCOLS 177 
NROWS 174 
XLLCORNER 1436301.375 
YLLCORNER 4916704.5 
CELLSIZE 1500 
NODATA_value -9999 
[rows 72 to 95 of 174, columns 0 to 53 of 177]
-9999 -9999 -9999 -9999 -9999 -9999 -9999 -9999 -9999 -9999 -9999 -9999 -9999 -9999 -9999 -9999 -9999 -9999 -9999 -9999 8.81348866402572 8.82803571466626 8.80228080781754 8.47862411260074 8.68991388277403 8.0503133211974 8.74750787262037 8.80122273031031 8.71837958938368 8.40391680545969 8.70448936532411 8.60111750040929 8.54928176193399 8.57861309136436 8.29948898749445 8.52979438205054 8.54069767631964 8.44910723965329 8.38097857982639 8.33178610950231 8.22704891043914 8.38424270091465 8.61364866103458 8.71981513512394 8.76684205722495 8.85809291928833 8.80429256408466 8.88981085999669 8.72182818229749 8.34710129499398 8.26491100297006 8.3773364085444 8.51415014687843 8.76929530689012
-9999 -9999 -9999 -9999 -9999 -9999 -9999 -9999 -9999 -9999 -9999 -9999 -9999 -9999 -9999 -9999 -9999 -9999 -9999 -9999 8.7637109023652 8.78881517346441 8.55752885485504 8.53220017729743 8.64588580812835 8.50538174624712 8.74753444298694 8.38037654551991 8.5315881996076 8.64503031261491 8.52541791230653 8.38125140497214 8.49815498489641 8.40505297905736 8.38798996344672 8.50237391054084 8.65226076760742 8.54006548308777 8.37874340173996 8.40016972323838 8.27995809537516 8.37363911550628 8.60820535242182 8.64902333692095 8.69276042431725 8.71425112377049 8.63034909890433 8.87079232827884 8.74939066934639 8.61668471278998 8.44468984769893 8.47391723370372 8.47760988166756 8.73085115014793
-9999 -9999 -9999 -9999 -9999 -9999 -9999 -9999 -9999 -9999 -9999 -9999 -9999 -9999 -9999 -9999 -9999 -9999 -9999 -9999 -9999 8.74413046723029 8.63647488871744 8.48708644280038 8.66100320610835 8.64515333804952 8.62892723183824 8.40522160304207 8.6205890852731 8.68076720926163 8.6373541303499 8.28356859608396 8.40178143117698 8.45532236905149 8.35933118702468 8.55746697673201 8.74662926496973 8.55180480430958 8.46973764769622 8.43207757296587 8.40015681712277 8.4174153458666 8.50659530825883 8.63290680240089 8.63561223298367 8.53566950452022 8.63706882490031 8.70532883433709 8.6305178576381 8.67367854959081 8.5463654499877 8.58123941742325 8.5463790573649 8.47070746353179
-9999 -9999 -9999 -9999 -9999 -9999 -9999 -9999 -9999 -9999 -9999 -9999 -9999 -9999 -9999 -9999 -9999 -9999 -9999 -9999 -9999 8.69992937109143 8.71813125502717 8.73312382240528 8.69100864367289 8.67052242374023 8.57629185616877 8.57187947930753 8.64342352243185 8.62179054922168 8.6471820914991 8.40017195254982 8.51856585279614 8.57306523341312 8.42340251671536 8.42471753241506 8.69528157907217 8.59727824769649 8.46682901699312 8.477051908921 8.51199085083225 8.55533614409475 8.49728228645502 8.53748484676341 8.59896771101355 8.56244259300443 8.5909835156583 8.54841380236862 8.67106624068014 8.63161156159979 8.70788169635281 8.59054157448714 8.55238740650844 8.69684244718858
-9999 -9999 -9999 -9999 -9999 -9999 -9999 -9999 -9999 -9999 -9999 -9999 -9999 -9999 -9999 -9999 -9999 -9999 -9999 -9999 -9999 -9999 -9999 -9999 8.62179290581273 8.60722842179316 8.51823906297415 8.59825514608004 8.5679963493428 8.60844193781548 8.54958281516986 8.49402429226869 8.57065067816909 8.57105948993399 8.46514432294557 8.54061591683186 8.61584742506657 8.61345974540654 8.50369800267535 8.5033490331128 8.55747588428302 8.59896567600628 8.54328243180147 8.56572474569869 8.57623806081912 8.71224975409087 8.57232278801809 8.5963547505734 8.79397950576867 8.75747223337165 8.56226134833457 8.66838244179782 8.70422897950701 8.7230076407782
-9999 -9999 -9999 -9999 -9999 -9999 -9999 -9999 -9999 -9999 -9999 -9999 -9999 -9999 -9999 -9999 -9999 -9999 -9999 -9999 -9999 -9999 -9999 -9999 8.58421409725611 8.45207201983995 8.53152450638215 8.58183618208044 8.44891550575938 8.47952827645995 8.5339679837169 8.49266359177523 8.63133245248031 8.55626459698847 8.4818256185682 8.57123733840189 8.63692449306315 8.62340842767356 8.6212663292491 8.60712325910981 8.62033556982315 8.62568862946516 8.60380467828733 8.61141200356924 8.59504312724808 8.72010271132271 8.6456679768033 8.63269909739611 8.89709407416932 8.69849020224523 8.67784108197093 8.71188733523394 8.90404375534695 8.8793351251102
-9999 -9999 -9999 -9999 -9999 -9999 -9999 -9999 -9999 -9999 -9999 -9999 -9999 -9999 -9999 -9999 -9999 -9999 -9999 -9999 -9999 -9999 -9999 -9999 8.49333851029144 8.51874277817019 8.55385254376746 8.44914723543811 8.46314874231538 8.47357434506975 8.52535147200591 8.51772391541357 8.68888682428174 8.64817923185664 8.49003428376756 8.5795456642906 8.6985988909373 8.60737995990002 8.61661943091047 8.64540108304631 8.67310501356387 8.64946020487428 8.65537283083929 8.66061691344665 8.67652479413674 8.7493517100737 8.68883981396429 8.67331682131705 8.71069218057583 8.7724766722161 8.68439921794119 8.76651248180341 9.0098224663429 9.13259801237896
-9999 -9999 -9999 -9999 -9999 -9999 -9999 -9999 -9999 -9999 -9999 -9999 -9999 -9999 -9999 -9999 -9999 -9999 -9999 -9999 -9999 -9999 -9999 -9999 8.45466644700603 8.55627528196143 8.5105666358682 8.48302431772721 8.49568035797202 8.48622038528636 8.48902395215744 8.62902124031964 8.85504069626403 8.74613620155568 8.7047918973518 8.67108172731572 8.71292448229465 8.62188440003137 8.6450752939913 8.65826881741153 8.6927107514013 8.67548149045991 8.68931317308204 8.69577358593856 8.70492723894346 8.73084892889702 8.7145801321189 8.70058883046433 8.7041406235023 8.82309610529817 8.83381175863592 8.93896131653426 9.03333901772635 9.07119931662549
-9999 -9999 -9999 -9999 -9999 -9999 -9999 -9999 -9999 -9999 -9999 -9999 -9999 -9999 -9999 -9999 -9999 -9999 -9999 -9999 -9999 -9999 -9999 -9999 -9999 -9999 8.54404750545203 8.50577819863646 8.49418307355591 8.49738630816377 8.61452576981812 8.84173397455384 8.91506553978561 8.80360517548629 8.70565688153614 8.64051609045835 8.63086154771801 8.61281207851724 8.62176715759701 8.64504875912532 8.68301752784925 8.70811424354094 8.70386864273686 8.70456098936802 8.71745462887926 8.72969602278432 8.73784089309288 8.70692091576387 8.74104966987239 8.96373731089608 9.03109236559234 8.99699353080663 9.10988204467127 9.03109608813554
-9999 -9999 -9999 -9999 -9999 -9999 -9999 -9999 -9999 -9999 -9999 -9999 -9999 -9999 -9999 -9999 -9999 -9999 -9999 -9999 -9999 -9999 -9999 -9999 -9999 -9999 8.59952133755153 8.4583773172474 8.49264986326223 8.52235060526245 8.52384164253055 8.9015683706909 8.87367683003978 8.74113524420224 8.56871482898352 8.57976615235348 8.72052044864081 8.7164033584756 8.62610313478448 8.64430145634796 8.6860530050974 8.70573176292621 8.72132243501456 8.71972641741046 8.72648143786625 8.73545615101572 8.74349105085421 8.71633726779593 8.7327791611016 8.94663484094307 9.26753605786746 9.21519212376668 9.13525997173309 9.02894763285182
-9999 -9999 -9999 -9999 -9999 -9999 -9999 -9999 -9999 -9999 -9999 -9999 -9999 -9999 -9999 -9999 -9999 -9999 -9999 -9999 -9999 -9999 -9999 -9999 -9999 8.59145466725097 8.56291814669771 8.44947854528012 8.4795922223255 8.51288686261421 8.54425321325869 8.70979426971531 8.67783880465313 8.5646096217856 8.57286618327301 8.72463297626313 8.78097274623729 8.8568968251875 8.64535260425803 8.6591022537912 8.69918732528706 8.72012137250503 8.74320818713188 8.80064102925399 8.9460280637081 8.90654182264746 8.76376639652558 8.76725391705368 8.76611309664964 8.9914355831667 9.24598413313333 9.06703365517911 9.07706785817109 9.13496214688225
-9999 -9999 -9999 -9999 -9999 -9999 -9999 -9999 -9999 -9999 -9999 -9999 -9999 -9999 -9999 -9999 -9999 -9999 -9999 -9999 -9999 -9999 -9999 -9999 -9999 8.560941209969 8.60138241772244 8.50357562797439 8.48636924689159 8.49662602981395 8.52612035816817 8.54503440294718 8.56113125258121 8.57133152929151 8.84275221038958 8.98882019157605 8.94966078278799 9.00030799880196 8.88462756163059 8.66581868727 8.69488452638678 8.7229983998168 8.75007154908728 8.92158386984826 8.99144619567068 8.9723963000015 8.77821811396781 8.767502474882 8.772517907115 9.04046849067358 9.12612553771911 9.11576907690984 9.11127434206607 9.09635911982321
-9999 -9999 -9999 -9999 -9999 -9999 -9999 -9999 -9999 -9999 -9999 -9999 -9999 -9999 -9999 -9999 -9999 -9999 -9999 -9999 -9999 -9999 -9999 -9999 -9999 -9999 8.57753692649334 8.57781224343385 8.48402662649016 8.49219502607664 8.52542782099687 8.54538446471862 8.55426061288611 8.57677668489059 8.89853284625857 9.00679286693286 9.02682317331183 9.09308359815011 9.15446693522294 9.04399242345106 8.85557994894604 8.74594313428315 8.76430461498978 8.79399273169311 9.06152706252666 9.0167965835357 8.87284739900645 8.80298192683108 8.81430190261209 9.11454271226374 9.23473204095423 9.14284324560439 9.0908434862433 9.17596009805269
-9999 -9999 -9999 -9999 -9999 -9999 -9999 -9999 -9999 -9999 -9999 -9999 -9999 -9999 -9999 -9999 -9999 -9999 -9999 -9999 -9999 -9999 -9999 -9999 -9999 -9999 -9999 8.59136571949467 8.48561153810062 8.50813459562002 8.52587506514858 8.54963101161539 8.56236359627515 8.58336639846576 8.73220733590503 8.75577958301447 8.82088645413871 8.93568461394872 9.23669872395759 9.17069467670238 8.9243956931419 8.76015015249306 8.78869936744645 8.809123001743 8.86635921196573 8.87989356919353 8.83240008968363 8.83808398608256 8.84504836377717 9.16126692112281 9.36645633462927 9.19812504749568 9.07436294573758 9.16128859110533
-9999 -9999 -9999 -9999 -9999 -9999 -9999 -9999 -9999 -9999 -9999 -9999 -9999 -9999 -9999 -9999 -9999 -9999 -9999 -9999 -9999 -9999 -9999 -9999 -9999 -9999 -9999 8.60595580776767 8.50458983311603 8.51406573290494 8.53269878799689 8.56025823648325 8.58542561953702 8.60502192372898 8.61568708356619 8.63408529832323 8.65744044882308 8.88046040696723 9.08168189112086 9.20393955774309 8.96795839367562 8.80260380234032 8.81964112233838 8.83445690485579 8.96621508635764 9.13547654270229 9.07805921233918 8.87657433036219 8.87949220821627 9.18433244544589 9.45157908011921 9.35520401637905 9.17543220082061 9.18318905966299
-9999 -9999 -9999 -9999 -9999 -9999 -9999 -9999 -9999 -9999 -9999 -9999 -9999 -9999 -9999 -9999 -9999 -9999 -9999 -9999 -9999 -9999 -9999 -9999 -9999 -9999 -9999 8.61582696304024 8.51379044767619 8.5265599656669 8.54596501343343 8.57456936009291 8.59802374836451 8.61876268170777 8.63352276435971 8.65339517180123 8.6840684608882 8.73757404448517 8.86279106629326 9.03787358077335 9.06675466134089 8.85416916030507 8.84464047309424 8.85694328668668 8.88251436455322 9.08355036571553 9.07732852578864 8.90204998391392 8.90097264795872 9.15202919392498 9.55050921483772 9.53509833940496 9.41748668800214 9.33354889734372
-9999 -9999 -9999 -9999 -9999 -9999 -9999 -9999 -9999 -9999 -9999 -9999 -9999 -9999 -9999 -9999 -9999 -9999 -9999 -9999 -9999 -9999 -9999 -9999 -9999 -9999 -9999 8.60626712206565 8.53799949400393 8.53420275227012 8.55717296133956 8.58958539940755 8.61693285664908 8.63590867884452 8.65470505266473 8.67879698098829 8.71093961891618 8.73612894419077 8.76291667275742 8.89363044212618 9.06106277281986 9.03209774287624 8.94638219504767 8.90389869919775 9.02561441089741 9.06076878312753 9.13301490078493 8.98308338316091 8.94497355873335 9.20721466023401 9.38273778442837 9.69992443102977 9.77138539820637 9.62972630683036
-9999 -9999 -9999 -9999 -9999 -9999 -9999 -9999 -9999 -9999 -9999 -9999 -9999 -9999 -9999 -9999 -9999 -9999 -9999 -9999 -9999 -9999 -9999 -9999 -9999 -9999 -9999 8.60250806989831 8.62598019103673 8.57377022812803 8.57446303092011 8.6049287018944 8.63614286159879 8.65903120774948 8.67895115617866 8.70429850822339 8.73778490793091 8.7583082443233 8.78937365280833 8.81267529124023 8.8400422246937 8.87751292802313 8.92768071844005 9.11274639720438 9.19042531986489 9.24031513039267 9.22160075425307 9.23028381551583 9.17033538755705 9.27236911449373 9.48579309456601 9.75033726322538 9.63812479632784 9.80519013823876
-9999 -9999 -9999 -9999 -9999 -9999 -9999 -9999 -9999 -9999 -9999 -9999 -9999 -9999 -9999 -9999 -9999 -9999 -9999 -9999 -9999 -9999 -9999 -9999 -9999 -9999 -9999 -9999 8.628262434707 8.65685282883291 8.59758476723057 8.62888668399996 8.65811847031493 8.68489838166166 8.70586845751479 8.73830110725726 8.77009477965847 8.79786568149102 8.82419104403736 8.84870562887583 8.88026233544523 8.9063805268248 8.92981615188522 9.21683834269885 9.18613916139067 9.31705724933824 9.29044912802131 9.32576818947889 9.37799429929429 9.4909068560678 9.63474671350918 9.75061568585314 9.86635786011589 9.80402636860941
-9999 -9999 -9999 -9999 -9999 -9999 -9999 -9999 -9999 -9999 -9999 -9999 -9999 -9999 -9999 -9999 -9999 -9999 -9999 -9999 -9999 -9999 -9999 -9999 -9999 -9999 -9999 -9999 8.65040544624089 8.67364706596983 8.68982988511732 8.66982087642101 8.6766127842526 8.71012338174745 8.73799002971225 8.76855261892377 8.79848561906313 8.82737963939496 8.85482530606945 8.88342486568141 8.91284972480657 8.93977067428177 8.96080874488431 8.98176071528211 9.20597797523642 9.12824256232376 9.21115043492306 9.35591453796247 9.56718545041972 9.68682908127968 10.1393925326041 10.1456702768441 10.1882097764748 10.1957115077504
-9999 -9999 -9999 -9999 -9999 -9999 -9999 -9999 -9999 -9999 -9999 -9999 -9999 -9999 -9999 -9999 -9999 -9999 -9999 -9999 -9999 -9999 -9999 -9999 -9999 -9999 -9999 -9999 8.57562526635166 8.69516928147247 8.73484349394893 8.74738143025859 8.74050324020962 8.74869659775178 8.76573100421346 8.80018699375615 8.82814827979677 8.85805427905444 8.89250228345497 8.91912594177808 8.94650255184695 8.96821310305895 8.99589568924298 9.05442240782298 9.02919511114533 9.04632838041945 9.05954000796684 9.06270665271559 9.44338788521055 9.84112601777635 10.202424337591 10.2262312177398 10.2370347112183 10.2557613428897
-9999 -9999 -9999 -9999 -9999 -9999 -9999 -9999 -9999 -9999 -9999 -9999 -9999 -9999 -9999 -9999 -9999 -9999 -9999 -9999 -9999 -9999 -9999 -9999 -9999 -9999 -9999 -9999 -9999 -9999 8.73556113296848 8.7714209107948 8.79697657175208 8.80905274781591 8.79176830922182 8.8240744434794 8.85879042912468 8.88665553123443 8.91602371673276 8.94647394905587 8.97166608080406 9.00010668711444 9.02250204872963 9.06290537270938 9.0627774703942 9.07712972917277 9.08738553980534 9.08443071970622 9.42837055118627 10.0545006286812 10.2398730348513 10.2575392160438 10.2681221606882 10.2862282290337
-9999 -9999 -9999 -9999 -9999 -9999 -9999 -9999 -9999 -9999 -9999 -9999 -9999 -9999 -9999 -9999 -9999 -9999 -9999 -9999 -9999 -9999 -9999 -9999 -9999 -9999 -9999 -9999 -9999 -9999 -9999 -9999 8.81399344425073 8.84656590228416 8.81566587180516 8.85159356612584 8.88706632967534 8.93726037686254 8.94884256300309 8.98011269994225 9.00014523242502 9.03526393232857 9.05831988019982 9.08085046255789 9.09358469770018 9.10523053157471 9.11862120578057 9.24055080291814 9.61707760887908 10.0664089495488 10.2741114624628 10.2917155841599 10.3049699155534 10.3137623259782
-9999 -9999 -9999 -9999 -9999 -9999 -9999 -9999 -9999 -9999 -9999 -9999 -9999 -9999 -9999 -9999 -9999 -9999 -9999 -9999 -9999 -9999 -9999 -9999 -9999 -9999 -9999 -9999 -9999 -9999 -9999 -9999 8.83683728925985 8.86977138446348 8.87215847137501 8.87357770991261 8.91262452491797 8.94488301445858 8.97577091128949 9.00776222716815 9.02553564254263 9.05835511735459 9.08202333744896 9.10210881751428 9.121269555708 9.13606548447838 9.14647242294904 9.55124127067424 10.035963422084 10.2744387045028 10.3021057508515 10.3225161323245 10.3354646878125 10.3434789564583
