T2m/med_mese_clima/temp_med_07_2002-2019.txt
NCOLS 177 
NROWS 174 
XLLCORNER 1436301.375 
YLLCORNER 4916704.5 
CELLSIZE 1500 
NODATA_value -9999 
[rows 72 to 95 of 174, columns 0 to 53 of 177]
-9999 -9999 -9999 -9999 -9999 -9999 -9999 -9999 -9999 -9999 -9999 -9999 -9999 -9999 -9999 -9999 -9999 -9999 -9999 -9999 23.971389122804 23.9876657857571 23.9051084719322 23.2271476510866 23.6095325634803 22.5962602107613 23.7013357496556 23.8069588366114 23.6114219104066 23.0600483832536 23.5603104698805 23.3617464679995 23.334870138654 23.3468664263502 22.8910226239099 23.229906745163 23.2476236120418 23.111899054492 23.0182499216663 22.9565416035829 22.8280794117922 23.050898957694 23.4019405108911 23.6049635948958 23.7064240523327 23.8598236203194 23.775178989069 23.9096640308698 23.6449009330184 23.1115640871319 23.013673219931 23.1756693229999 23.3762768155263 23.762514843249
-9999 -9999 -9999 -9999 -9999 -9999 -9999 -9999 -9999 -9999 -9999 -9999 -9999 -9999 -9999 -9999 -9999 -9999 -9999 -9999 23.9647694561216 24.0073960180636 23.4686621544538 23.4069228363626 23.6147906073082 23.3318753597177 23.8054140379399 23.1050100456049 23.3430154052046 23.5399958740782 23.3118557163963 23.0738047050841 23.2505863505381 23.0995154551518 23.0705471360389 23.2446844901568 23.5064388579057 23.3053541402758 23.0631907346808 23.1013101072223 22.9376087150456 23.0805055282734 23.444863694244 23.5202860164789 23.6209681489585 23.649523465133 23.5265688481154 23.9343142454271 23.7405148413446 23.5416708779188 23.2994929351924 23.350950180822 23.3641276447125 23.749421266126
-9999 -9999 -9999 -9999 -9999 -9999 -9999 -9999 -9999 -9999 -9999 -9999 -9999 -9999 -9999 -9999 -9999 -9999 -9999 -9999 -9999 24.0108172219476 23.7330689677486 23.4081695043746 23.7501526314535 23.6938262020364 23.640831219267 23.2137655402407 23.5912692527712 23.69574013529 23.5931627579677 22.9856874640341 23.1594348292292 23.2377801530155 23.0831787802555 23.3959900811866 23.7726054466065 23.3820356494115 23.2521502449189 23.1984451802424 23.1572579621533 23.1914223182348 23.3367322670825 23.5473662505915 23.5617372977881 23.4152718943578 23.5860036616708 23.7087588611944 23.5976955347591 23.7453518055839 23.4958685420913 23.5500636651192 23.5045546552281 23.3977157670039
-9999 -9999 -9999 -9999 -9999 -9999 -9999 -9999 -9999 -9999 -9999 -9999 -9999 -9999 -9999 -9999 -9999 -9999 -9999 -9999 -9999 24.0113058425026 24.0374207984518 24.0543535284054 23.9288665842127 23.8571055548427 23.6231525040703 23.5967370551309 23.7267367953871 23.6617178729287 23.6953944769907 23.2281017552187 23.442377101492 23.5380180859271 23.2408895565404 23.2379766013887 23.7090708352901 23.521688013533 23.3017195031231 23.3205151045028 23.380662663189 23.4564599939335 23.3708331005809 23.4431490242481 23.552219066355 23.5028528270162 23.5591866519716 23.5024622959119 23.7104911731349 23.7400516043475 23.7809439713572 23.6046328732997 23.5517281511684 23.7841912743486
-9999 -9999 -9999 -9999 -9999 -9999 -9999 -9999 -9999 -9999 -9999 -9999 -9999 -9999 -9999 -9999 -9999 -9999 -9999 -9999 -9999 -9999 -9999 -9999 23.8653493342576 23.8077142451281 23.5910050161827 23.7412317699856 23.6548934509725 23.7199420916445 23.5815164737495 23.4582047196818 23.5988437301583 23.5941205004115 23.3710899067514 23.4955212634287 23.6270920680629 23.6155312677225 23.4165814239302 23.4160617741538 23.5093708448204 23.5845529147872 23.4934783979699 23.53772994611 23.5628071197021 23.8042095099702 23.5737766842783 23.6224902705646 23.9704502191808 23.8966100949564 23.5919144171256 23.7713936897708 23.8350740111169 23.8687585790952
-9999 -9999 -9999 -9999 -9999 -9999 -9999 -9999 -9999 -9999 -9999 -9999 -9999 -9999 -9999 -9999 -9999 -9999 -9999 -9999 -9999 -9999 -9999 -9999 23.8726336552773 23.5561762853169 23.7036351227466 23.7962295173127 23.4966335064099 23.5382669084602 23.6268007963528 23.5277075762366 23.7820799653177 23.6221399767163 23.4629823196817 23.6187467434524 23.7333148163042 23.6968178271511 23.6855381533688 23.6546529953126 23.6763463869507 23.6855880890364 23.6482472647119 23.6651950193776 23.6416483666426 23.8681103144163 23.741633891765 23.7261119164802 24.1911104103665 23.8515236460868 23.8214040060102 23.8839983319795 24.218182427059 24.2088763322359
-9999 -9999 -9999 -9999 -9999 -9999 -9999 -9999 -9999 -9999 -9999 -9999 -9999 -9999 -9999 -9999 -9999 -9999 -9999 -9999 -9999 -9999 -9999 -9999 23.745940636779 23.7843114106743 23.8447424207205 23.5891316959151 23.5978491543988 23.5989093790084 23.6829629719257 23.6474990462079 23.9562952845185 23.8574846538497 23.5409695591455 23.698421867247 23.9337112869745 23.7267233184826 23.7346549441049 23.7820874771218 23.8304741618074 23.7802125870446 23.7897221188486 23.7996834711528 23.8306891333174 23.9727042917116 23.8598096216902 23.8360974686381 23.9005356639992 24.028261259235 23.8690934441708 24.0218842423257 24.334778557589 24.3319521669252
-9999 -9999 -9999 -9999 -9999 -9999 -9999 -9999 -9999 -9999 -9999 -9999 -9999 -9999 -9999 -9999 -9999 -9999 -9999 -9999 -9999 -9999 -9999 -9999 23.7363990180286 23.9588576704632 23.8247460298332 23.7355798081851 23.739809669683 23.694620930707 23.6774977954081 23.9087347945314 24.1991500075217 24.0336142500977 24.0015850865547 23.9309577982367 24.0346787777948 23.8138127320343 23.8481068179195 23.8633302645919 23.9249032247214 23.8811192902518 23.9036833040508 23.9131076599345 23.9295203133866 23.9806154043586 23.9490214012287 23.9238037118941 23.9331079449919 24.1684908491594 24.1447412306144 24.288274292004 24.4079007370972 24.383120665874
-9999 -9999 -9999 -9999 -9999 -9999 -9999 -9999 -9999 -9999 -9999 -9999 -9999 -9999 -9999 -9999 -9999 -9999 -9999 -9999 -9999 -9999 -9999 -9999 -9999 -9999 23.9820281982422 23.8639504962497 23.809211789973 23.7891138717716 23.9819943622307 24.1679378881866 24.2102513035138 24.1885990281164 24.0518936862916 23.9269846618912 23.8924027458385 23.8493142610715 23.8513751743752 23.885724493898 23.9534455013864 23.9955334860602 23.9773794562728 23.972288086017 23.9942052219385 24.0161493274901 24.0311405518173 23.9691261877248 24.0320807769711 24.3618149901614 24.493582864676 24.4650624986048 24.4886196772994 24.4207310195322
-9999 -9999 -9999 -9999 -9999 -9999 -9999 -9999 -9999 -9999 -9999 -9999 -9999 -9999 -9999 -9999 -9999 -9999 -9999 -9999 -9999 -9999 -9999 -9999 -9999 -9999 24.190586571561 23.8173240354768 23.872244108827 23.9143657047807 23.887562615636 24.2812898627034 24.2622317558453 24.1644083004675 23.8731079064034 23.8713845562788 24.0734779797218 24.1073945032961 23.9061169263021 23.9275504179207 24.0018710698611 24.0301153294098 24.0514975356467 24.0385881446026 24.0455363912347 24.0589254976055 24.0718798608692 24.0144728068216 24.0470995301818 24.3381989963997 24.6252078311679 24.5496016995406 24.5164378551053 24.4658479529398
-9999 -9999 -9999 -9999 -9999 -9999 -9999 -9999 -9999 -9999 -9999 -9999 -9999 -9999 -9999 -9999 -9999 -9999 -9999 -9999 -9999 -9999 -9999 -9999 -9999 24.2541168809673 24.1584708809853 23.8540439980265 23.8987136564873 23.9487215574141 23.977027747219 24.2023619094749 24.1414480216709 23.9430460032122 23.9309192656735 24.1386569976071 24.2014644962034 24.3564362721679 23.9868403904232 23.9955867577482 24.0641173168465 24.0923480003704 24.1272655477494 24.2004119959878 24.3858455014082 24.3355027639572 24.1345938245455 24.1378442311728 24.133080089313 24.409758199733 24.6586522178885 24.5491296880775 24.5610945009891 24.5711145810139
-9999 -9999 -9999 -9999 -9999 -9999 -9999 -9999 -9999 -9999 -9999 -9999 -9999 -9999 -9999 -9999 -9999 -9999 -9999 -9999 -9999 -9999 -9999 -9999 -9999 24.2267552439077 24.306273173918 24.0330939192095 23.9630754991078 23.9572532917982 23.9955517784313 24.00694071599 24.0106671841792 24.0003039480727 24.2985111991564 24.3392946262418 24.3206919883504 24.4128978902175 24.3611397366465 24.0373507248031 24.0791471159017 24.120780779035 24.1620712065402 24.3757569670677 24.4654945773843 24.4235733105077 24.1772688878907 24.1495690946226 24.1564442803094 24.4851350071989 24.6377455514154 24.6141219312762 24.5960668438011 24.5642865150063
-9999 -9999 -9999 -9999 -9999 -9999 -9999 -9999 -9999 -9999 -9999 -9999 -9999 -9999 -9999 -9999 -9999 -9999 -9999 -9999 -9999 -9999 -9999 -9999 -9999 -9999 24.2857675634784 24.2595389498605 23.9958687244374 23.9842959646825 24.0305979414487 24.0430956736023 24.0282048271026 24.0449630566585 24.3416196684043 24.3773490107354 24.4010188369839 24.4537533994074 24.5492478007888 24.4472031116486 24.3224882685108 24.1841256129889 24.2040790096477 24.2514716249189 24.5735095136695 24.4978536959784 24.3301262932795 24.2266047438722 24.2456506150004 24.6186561091447 24.7209348955272 24.6518410664282 24.5823987380222 24.6794100860019
-9999 -9999 -9999 -9999 -9999 -9999 -9999 -9999 -9999 -9999 -9999 -9999 -9999 -9999 -9999 -9999 -9999 -9999 -9999 -9999 -9999 -9999 -9999 -9999 -9999 -9999 -9999 24.323959738752 24.028386707144 24.0506369186772 24.0587026928678 24.0790028127623 24.0714403429149 24.0826583403128 24.2459556380172 24.2580876223835 24.3135915775358 24.4045591138027 24.5740056840726 24.577524141397 24.4106469633403 24.2193764975042 24.2606011472367 24.2860735729889 24.3632271918986 24.3713502460056 24.2941785483448 24.2982446012673 24.3079544649448 24.680522339138 24.7984073366648 24.7049317015542 24.5784167536983 24.6470536766965
-9999 -9999 -9999 -9999 -9999 -9999 -9999 -9999 -9999 -9999 -9999 -9999 -9999 -9999 -9999 -9999 -9999 -9999 -9999 -9999 -9999 -9999 -9999 -9999 -9999 -9999 -9999 24.3811930654961 24.0956115166346 24.0847566354422 24.0934648408566 24.1217106618263 24.1420642674705 24.1474237377261 24.1306986838947 24.1333870259332 24.148177816912 24.3921291602982 24.5220304772442 24.6481825664455 24.4935271425012 24.3123411455272 24.3245663320577 24.3348709790059 24.5016198813179 24.6586622608297 24.5616372417521 24.3706963369876 24.3709029299241 24.6868279434281 24.8756604917991 24.8341717319724 24.6773803942733 24.6776643622805
-9999 -9999 -9999 -9999 -9999 -9999 -9999 -9999 -9999 -9999 -9999 -9999 -9999 -9999 -9999 -9999 -9999 -9999 -9999 -9999 -9999 -9999 -9999 -9999 -9999 -9999 -9999 24.4168178057229 24.1286035291943 24.1252324323595 24.1347524322845 24.1640431942763 24.1784648054912 24.1847021151472 24.1756392167674 24.1789232318048 24.2086533199122 24.2568154861898 24.3946313755748 24.5627066619602 24.6002140141564 24.3823659257388 24.36621802383 24.3686382302531 24.4056975919523 24.6176939067281 24.6084763776373 24.406880580128 24.3975935505496 24.6605977261508 24.9561542900992 24.9523210290773 24.8888034988333 24.8373789149302
-9999 -9999 -9999 -9999 -9999 -9999 -9999 -9999 -9999 -9999 -9999 -9999 -9999 -9999 -9999 -9999 -9999 -9999 -9999 -9999 -9999 -9999 -9999 -9999 -9999 -9999 -9999 24.3943435916194 24.1900190620511 24.1446050101592 24.1617169127052 24.1988705699091 24.221086227158 24.2210886504915 24.2197504353376 24.2308591900784 24.2615262544449 24.2763621231656 24.296452723977 24.4428215304275 24.6015792953379 24.5874705472846 24.4923096834142 24.4458550297184 24.5781113924068 24.6149772035487 24.6770151284006 24.521470355914 24.4699588726332 24.7299254999484 24.8849945841748 25.0710460709201 25.1184640258918 25.020730257623
-9999 -9999 -9999 -9999 -9999 -9999 -9999 -9999 -9999 -9999 -9999 -9999 -9999 -9999 -9999 -9999 -9999 -9999 -9999 -9999 -9999 -9999 -9999 -9999 -9999 -9999 -9999 24.3786950358638 24.404415592588 24.2351259065999 24.1956804193832 24.2265470261927 24.2565121304106 24.2640713944847 24.2631150822581 24.2748816278246 24.3065295660937 24.3076153358559 24.3355974899398 24.3470173740093 24.3707386169905 24.4215808226003 24.4879223749225 24.6536311421129 24.7204939434558 24.7630249899111 24.7441303632142 24.7592098680543 24.7022283042655 24.7749582193516 24.9633742866693 25.1079127134364 25.0315829915765 25.1355629535369
-9999 -9999 -9999 -9999 -9999 -9999 -9999 -9999 -9999 -9999 -9999 -9999 -9999 -9999 -9999 -9999 -9999 -9999 -9999 -9999 -9999 -9999 -9999 -9999 -9999 -9999 -9999 -9999 24.395918191951 24.4287528972567 24.2367628193196 24.2682096184036 24.2915925062733 24.3066892476729 24.3059836016761 24.3328423363927 24.3581078076068 24.3742679100714 24.3884065215234 24.4003351739159 24.4320369498965 24.4538826389077 24.4730673609692 24.743699271517 24.7173499141946 24.8224279308025 24.8016394213394 24.8354555072608 24.8941988309224 24.9780913653197 25.0560138722997 25.1299001461194 25.192474799686 25.1590248842298
-9999 -9999 -9999 -9999 -9999 -9999 -9999 -9999 -9999 -9999 -9999 -9999 -9999 -9999 -9999 -9999 -9999 -9999 -9999 -9999 -9999 -9999 -9999 -9999 -9999 -9999 -9999 -9999 24.430986903847 24.4491932780654 24.4451135581658 24.3459518754188 24.311569977984 24.3415235423012 24.3557428775746 24.3758488863339 24.3943493183012 24.4110299058902 24.4256725182504 24.4454411577295 24.4701810202481 24.4923168084504 24.5042387563505 24.5206060001144 24.7287839723222 24.6716385538195 24.7375549335539 24.8568782749735 25.0253126368111 25.1034147444331 25.4405577651512 25.4371319282938 25.4664421278018 25.4707480627078
-9999 -9999 -9999 -9999 -9999 -9999 -9999 -9999 -9999 -9999 -9999 -9999 -9999 -9999 -9999 -9999 -9999 -9999 -9999 -9999 -9999 -9999 -9999 -9999 -9999 -9999 -9999 -9999 24.2180138601197 24.4766006285026 24.530789472733 24.5115187380049 24.4401765795402 24.4047406782339 24.3900266235993 24.4177862349852 24.4293659723099 24.4464835069062 24.4763161736506 24.489187165175 24.5069605265135 24.5146356367035 24.5416300665449 24.5963086097329 24.5565225105963 24.5738297133534 24.587720365436 24.5832468533957 24.9063670382823 25.1874681753141 25.4839646238604 25.5059126908397 25.5074919816888 25.5416816860805
-9999 -9999 -9999 -9999 -9999 -9999 -9999 -9999 -9999 -9999 -9999 -9999 -9999 -9999 -9999 -9999 -9999 -9999 -9999 -9999 -9999 -9999 -9999 -9999 -9999 -9999 -9999 -9999 -9999 -9999 24.4992076387376 24.5380925709083 24.5471654796306 24.518874728974 24.4159698823352 24.4366024448548 24.4631218305341 24.4732362787665 24.4887296072495 24.5093841169351 24.5201759311888 24.543051009708 24.5555780240047 24.5907145282369 24.5858397101914 24.5958573763753 24.602299821524 24.5827458416238 24.8834674281839 25.3482666831694 25.5059804813362 25.5129243825689 25.5145331183333 25.5485679569068
-9999 -9999 -9999 -9999 -9999 -9999 -9999 -9999 -9999 -9999 -9999 -9999 -9999 -9999 -9999 -9999 -9999 -9999 -9999 -9999 -9999 -9999 -9999 -9999 -9999 -9999 -9999 -9999 -9999 -9999 -9999 -9999 24.5508749730057 24.5735933331796 24.433625273057 24.4616410453378 24.488331473168 24.5211883475751 24.521923828125 24.5430394603882 24.5394800033098 24.5777394770104 24.5907760814384 24.6080721151682 24.6070588416523 24.6099405678702 24.6240855839517 24.7301422573902 25.0340302061887 25.3652775799051 25.5314908564827 25.5386717871383 25.5479250393532 25.5593157780023
-9999 -9999 -9999 -9999 -9999 -9999 -9999 -9999 -9999 -9999 -9999 -9999 -9999 -9999 -9999 -9999 -9999 -9999 -9999 -9999 -9999 -9999 -9999 -9999 -9999 -9999 -9999 -9999 -9999 -9999 -9999 -9999 24.568759362418 24.5910374458925 24.5316086989862 24.4710525368467 24.5052198833889 24.5231382704076 24.5392906533347 24.5608092324233 24.5502579772178 24.5816477878594 24.5952517402761 24.6056710724477 24.6201385283176 24.6309354216964 24.6380271668052 24.9726834167669 25.3174052976532 25.5325136297279 25.5530158842787 25.5680004448067 25.5774256953487 25.588868233304
