T2m/med_mese_clima/temp_med_04_2002-2019.txt
NCOLS 177 
NROWS 174 
XLLCORNER 1436301.375 
YLLCORNER 4916704.5 
CELLSIZE 1500 
NODATA_value -9999 
[rows 96 to 119 of 174, columns 54 to 107 of 177]
14.5739524035809 14.2561279442233 13.796153988076 13.5638297515871 13.5414051568762 13.52508904228 13.502914283055 13.488412286166 13.4948307667338 13.4848908433562 13.4885128299262 13.5058984259086 13.5165065132488 13.5737150693898 13.5872736278437 13.5979417215744 13.6336349330775 13.6692715995959 13.7040834951454 13.7412160840036 13.7876567075313 13.8343633621765 13.8723803715177 13.9245493533369 13.954289599243 13.9924904993295 14.0187407679229 14.0443817789189 14.06908720367 14.0848868751974 14.0918745764735 14.0981541441963 14.1041472892338 14.0948644058385 14.0944237777976 14.1267291533686 14.092239882691 14.0729825593928 14.0699554616062 14.0570067141138 14.0580586959545 14.0622486299389 14.0701541051585 14.074615294285 14.0873285522708 14.1083500489241 14.1450019163418 14.1819919890285 14.2079538766523 14.2409128544434 14.2655480372955 14.2994183025694 14.3270509136793 14.3549062042018
14.0014390388666 14.0001348986488 13.8646909006815 13.5864965851694 13.5727566832862 13.556544448437 13.5387004842294 13.5242771046181 13.522363786679 13.516740843128 13.5204611391145 13.5255497514822 13.5445754180625 13.5979386770475 13.6157378121139 13.6346917985465 13.6623636860758 13.6980995326577 13.7370003490499 13.7781492277316 13.8165435913426 13.8632042912914 13.9090576953353 13.9491310426977 13.9865159320811 14.0204209924763 14.0580447858793 14.0713523432379 14.0915349388851 14.110592921048 14.1207142077918 14.1261220586559 14.1311527135298 14.1247274114228 14.1153644414578 14.1427467015577 14.1146401771856 14.090212244737 14.0820019766486 14.0792706793062 14.0674014734949 14.0817446179372 14.0882905665405 14.0876590856012 14.0953627178448 14.1302396294073 14.1545544845376 14.190593229974 14.2119798498113 14.2515608361275 14.2791937759158 14.3125371647173 14.3362171072001 14.3746876644729
13.6668968291033 13.6572224763683 13.7521534780805 13.740682374347 13.6144308007601 13.5983555808326 13.5806631194285 13.5621697201943 13.5561754779178 13.5464978342463 13.5461792730046 13.5472305328722 13.5663766538978 13.6280963977729 13.6499831760333 13.6648097443198 13.6924555958635 13.7321467504468 13.7709184186362 13.807877368382 13.8500871894457 13.8924890693835 13.9340535527337 13.981746954304 14.0187297979 14.0521801990874 14.0814270743331 14.1020320043715 14.1215781419791 14.1399244388701 14.1414153203124 14.1459863364981 14.1540403923063 14.1544189916021 14.1400748491689 14.181557011655 14.1447855845028 14.1073602231087 14.1016677352344 14.0898013789781 14.0842059344329 14.0970795837601 14.1173351843048 14.1113777308693 14.1137499820803 14.1396720494949 14.1699524238381 14.1934738977471 14.2173830618009 14.2520803182297 14.286004780295 14.3184650941737 14.3557989170823 14.3827864179609
13.6914400784798 13.6778900637999 13.778054019309 13.6452400887079 13.6362630639286 13.6205125691626 13.6031041588256 13.5932525097016 13.5748336511562 13.573660483227 13.5817541912178 13.5869348088528 13.6472378474617 13.6552981981847 13.6729676533258 13.6957631783755 13.7272292683412 13.7625878719838 13.8010394073921 13.8376256704961 13.8874853668466 13.9214147236977 13.9585184820346 14.0097623338437 14.0422446061731 14.0751577097433 14.1038361328454 14.1238207596427 14.1427257142689 14.1564546234877 14.1334106313376 14.1372329544117 14.1839403976588 14.1794685123335 14.1601609576637 14.1967096571284 14.1510048116833 14.123922931574 14.1207930392303 14.1113550148712 14.1003835045555 14.1079003982196 14.1226460713962 14.1189013092908 14.1196493364105 14.1438026097359 14.1687095143522 14.2016394475081 14.220291119688 14.2462448717854 14.2788027164128 14.3207477211598 14.3533311556025 14.3864738404132
13.7210799124339 13.703707504223 13.6814043846625 13.6634753475484 13.6549339259042 13.6522783234659 13.6309073974313 13.6212680062904 13.6113744375669 13.5976778235604 13.6015977189492 13.619160310117 13.6749910858358 13.6829836957985 13.6962337033861 13.7268411737309 13.7619447087383 13.7927342860185 13.8306442143821 13.8423860038282 13.9119008921526 13.9532503363858 13.9937227976861 14.0363435477347 14.0721770597999 14.1004581602789 14.1285007721215 14.1478314477856 14.1660872954799 14.179150388431 14.1434009434943 14.1703472425959 14.200476030084 14.1834300291632 14.2098575916229 14.2218288643004 14.1675961431812 14.1394233248401 14.1388597226539 14.1280179369243 14.1155958147499 14.1137542105322 14.1268160365793 14.1400943259634 14.1352607155751 14.1463075785863 14.1619630273275 14.1894216421245 14.224566231094 14.248682109243 14.2831012401704 14.3162139751794 14.3472862007181 14.3790613452685
13.7425004809698 13.7215057978297 13.7040938778262 13.6909642554237 13.6743667566159 13.6636173140179 13.6552412762814 13.6457914597703 13.6359796517052 13.6306264167461 13.6343625223986 13.6433521043827 13.6987803832064 13.7144126726379 13.7313232538939 13.7572221004465 13.7955722046257 13.8257070697666 13.8588662301482 13.882083373798 13.9144430702569 13.9711795385157 14.0187533884306 14.0565914404147 14.0916912303697 14.1271696407003 14.1506074864571 14.1654428585187 14.1908723348139 14.1994085725802 14.2067126091932 14.1933304735936 14.2148017046086 14.2087903218986 14.2379373309189 14.2299998975002 14.1863408081666 14.1610300952713 14.1514622780561 14.1431195913352 14.1292154452 14.1219849930618 14.1182423002024 14.1373439037704 14.1381019157575 14.14715889855 14.1607754408747 14.186197039406 14.2154364634917 14.2411754642712 14.2770508466649 14.3012788768502 14.3341785998941 14.3678801749212
13.7685217341827 13.75253099441 13.7314851006117 13.7189117536371 13.6985363358058 13.6923702787513 13.6883823690665 13.666460533442 13.6608151867294 13.663632229077 13.6629214182218 13.6673630832624 13.6895004382255 13.7492712380467 13.7613920753698 13.7824381250697 13.8118796541218 13.8530503708591 13.8852012209176 13.9274149910412 13.9588647452195 13.9745157797048 14.0608248702901 14.0819492992432 14.1043828932172 14.1508671860086 14.1696427018777 14.1877100301447 14.196891503901 14.2165832132209 14.2194432075865 14.2174239582947 14.2225921827655 14.2237836666415 14.2634232995299 14.2396844499667 14.1991912393306 14.1729084582955 14.1545763565195 14.1527152400842 14.1450691118991 14.1248361785292 14.1270148025428 14.1329783140688 14.1428858661325 14.1388287170722 14.1576810110489 14.1771099724216 14.2113171534263 14.2277140281571 14.2614557143696 14.2975952004197 14.3214837757227 14.3533193538334
13.7903932391417 13.779467297982 13.7633755183737 13.7471074771011 13.7314300717671 13.721307084408 13.7174416523341 13.6997285990144 13.6856165697202 13.6881412211907 13.6869962151997 13.6908391070068 13.724600902303 13.7750339443875 13.7901949339307 13.8061375142956 13.8384242208647 13.8783684087783 13.9052859392711 13.9462505267772 13.9883634485941 14.0069125156337 14.0326633162381 14.0725194585642 14.1176454870986 14.163284187148 14.1891356084185 14.2025979611497 14.2190180653552 14.226462929647 14.2288683254152 14.2303327098798 14.2351068305755 14.2358871656369 14.2521612368438 14.2616963104046 14.2132251647528 14.1786911171731 14.1671467972735 14.1449723000969 14.1475221737761 14.137288669505 14.1265047713561 14.1304998094356 14.1384867827288 14.1433789670732 14.1526333788674 14.1625573456128 14.1801657694277 14.2157150106302 14.2400834662697 14.2809706912965 14.3027687138155 14.329136585867
13.8208320294691 13.8021854794338 13.7910750842907 13.7753979547501 13.7559261254599 13.741865387303 13.7422771715651 13.7411647553976 13.7143143160387 13.7163787718703 13.7146047056441 13.7217642392257 13.733932569893 13.7470399471354 13.8093960180606 13.8280184066047 13.8588777093885 13.8933507759776 13.9267469432373 13.9777759054136 14.006685365549 14.0121410586928 14.044501137127 14.0831595804099 14.1114478002231 14.1871894775892 14.189111365361 14.2136770010204 14.2295431100952 14.2404556775737 14.2464086793211 14.2475682175058 14.2364603406304 14.2370002408361 14.2263756396527 14.2320734189768 14.254284666737 14.2528290427373 14.1771474353423 14.1465983265469 14.136634297547 14.1363231345365 14.1202909235377 14.1337162158274 14.1250537486847 14.1279229628324 14.1386639732346 14.1426682281813 14.1687551198996 14.1911861935719 14.2238675195362 14.2518656984588 14.2749429429747 14.30945639833
13.846895151753 13.8248826122859 13.8060356315516 13.7994041758855 13.7887379953065 13.7748859906057 13.7669616105239 13.7656491071492 13.7467458602594 13.7357829173786 13.7373294036736 13.7597534657072 13.754443641256 13.7702936438004 13.8307933323014 13.8518143808659 13.8808791180713 13.9135149336039 13.9412599743157 13.9827796612979 14.0216545166554 14.0178909452268 14.0527289048447 14.0860944755062 14.1131994433454 14.149045203871 14.1928447224717 14.2128057867565 14.2281551456191 14.2348672832537 14.2405683052229 14.2415646733383 14.2381614204068 14.2229921544877 14.220078804711 14.2142648591207 14.2178702388627 14.2164198618072 14.2217028027753 14.1944282836007 14.1498874447009 14.1371629615665 14.1159852234221 14.1092987915056 14.1136735182584 14.1255882888542 14.1304902418625 14.1394319030388 14.1558738214048 14.1793700810224 14.191852000523 14.2521466420176 14.2487345873134 14.2742893426557
13.8643148702253 13.8559599348572 13.8504551770748 13.8233656056753 13.8089188206154 13.8035793378378 13.7955773262764 13.7856671151445 13.7827047751045 13.7628301061921 13.759261595013 13.7682809155175 13.7737159977809 13.7838760836117 13.8026738036745 13.8537805375499 13.8887819833923 13.9310867294142 13.9451886426949 13.9886119100857 14.0333246166858 14.074596063941 14.0612628135115 14.0931329059139 14.1149929492179 14.145794910357 14.2039499605267 14.2155458026139 14.2227370826097 14.2291272398106 14.2269126369203 14.2356034882776 14.2284120821345 14.2249474508443 14.2180996017416 14.2161200489887 14.2007047038562 14.1764848728469 14.1745623313464 14.1875567937127 14.1902497049012 14.1654386818715 14.121128326769 14.112935934962 14.1081839255063 14.1145362885167 14.1136872293523 14.1276267617751 14.134556550196 14.1591151302162 14.1797093341334 14.2237208369015 14.231664675025 14.2480962389169
13.8900690483432 13.886823328817 13.8737172395494 13.8472885304115 13.8415148955036 13.823837705961 13.8157054264445 13.8012971489941 13.789552520847 13.7851650386366 13.7804284830912 13.7757536664371 13.7877316692152 13.8000426195338 13.8168309809156 13.8379107742906 13.8629453995602 13.8954251569517 13.961912432241 13.9914976214466 14.0379383237355 14.077020647844 14.1158169273603 14.1422422444183 14.1630264747335 14.1465383718257 14.1919377962928 14.2028337271746 14.2363526117066 14.2348063964222 14.224935451189 14.2221078204751 14.2188987669043 14.2080244963345 14.2014318330857 14.1920754386512 14.180624830624 14.1640239558706 14.1582096800875 14.1411942812382 14.1288782813874 14.1256809506635 14.1134234979924 14.1184900079843 14.1230162102369 14.1056904186998 14.1101247374834 14.1111047263656 14.122871588259 14.134495387301 14.1527455589814 14.1875741399591 14.2001173127975 14.2177768532653
13.9198247807679 13.9092194340656 13.9011108628108 13.8712017662029 13.8616301272621 13.8440739571755 13.8439644674833 13.829084492191 13.8165727044235 13.8070267697006 13.8089123800478 13.806713124924 13.8086763378827 13.8189144174052 13.8334554688301 13.8482012525718 13.8707713357647 13.9007290461342 13.9296297343872 13.987829380986 14.0242159980073 14.0688155364705 14.1168514590074 14.1415161095205 14.1645202869823 14.1851435892773 14.1762355038008 14.1825710971356 14.2117843664933 14.2329631802622 14.2345305824722 14.2318415654286 14.1983167274771 14.195449597612 14.1930749581034 14.1802929985518 14.1729778614844 14.1603889862524 14.1470549174443 14.1299168835079 14.1285020558714 14.1097473979211 14.1551139345027 14.1479793282114 14.1365195323385 14.1175357307501 14.0948886854585 14.0974582108963 14.1070789145579 14.1129108497048 14.1359224666498 14.1474903320149 14.1752170964095 14.1872601441095
13.9411072856527 13.9274637880908 13.9202370858718 13.911667286576 13.8859532774292 13.8725905099894 13.863986107319 13.8485803097263 13.8352220487058 13.8364045081754 13.8327992586401 13.8288329496351 13.8248234841251 13.8406795945517 13.8409421381946 13.8570483941222 13.8808609528835 13.9041379219959 13.9263889877935 13.9588048077518 13.9964986555915 14.0465752213984 14.1074722605133 14.1265045893371 14.1590672166879 14.1820676835577 14.1986214540914 14.1742588962615 14.1800066221917 14.2236266048458 14.2215779369931 14.2153772950115 14.1548464697028 14.1874736076599 14.1894518965481 14.181018518997 14.1665697973114 14.1543780137686 14.1450021207591 14.1128525112593 14.1150275718208 14.0995746711654 14.0895304162362 14.0817181154958 14.0874927034275 14.0997432540361 14.1006574211299 14.0977261204065 14.0874569978277 14.0947361679826 14.1050014858078 14.1319452133244 14.1539989659565 14.1604454757926
13.9665080342171 13.9540590914609 13.939520599989 13.9437038673055 13.914535786231 13.9012146632099 13.8841831788895 13.8800612324248 13.8657541079286 13.8576977114897 13.868216349107 13.8466055530818 13.8443693231432 13.853814094333 13.8593368743591 13.872646038022 13.885715512629 13.9060575534556 13.925404341738 13.9548606090034 13.9859733140063 14.0219676472451 14.0770217074342 14.1014788994677 14.1434390768212 14.1724001488911 14.1841276428718 14.2003494578665 14.1682358544634 14.1774882602524 14.2018566212408 14.2220964081345 14.178593540896 14.1767705622109 14.1755826545446 14.1678312020632 14.1540323215772 14.1386036828117 14.1258802421368 14.1053794043181 14.1036599773371 14.0843465171234 14.0738929065734 14.0690782094032 14.0593342686353 14.0596363696164 14.0592617435678 14.1014768393988 14.0857149031903 14.1087347405795 14.084979184004 14.0993566147741 14.1439192215882 14.1378470824694
13.9836853475644 13.9643559210326 13.9549883665472 13.9559377402449 13.9511657588297 13.9456754206319 13.9204697048391 13.8999121265006 13.8924657647732 13.8908567643394 13.8992816122691 13.8875507483815 13.8636565213993 13.874386675686 13.8771345625045 13.8758049834493 13.8974264337816 13.910762196132 13.9308324113993 13.9533441375399 13.9701167283256 13.999553408551 14.0181215610263 14.0441752758474 14.1107919354007 14.1419240203686 14.1635592140413 14.1751734287101 14.172611509894 14.1629952314803 14.1721973682077 14.1815467708397 14.1948111876917 14.163717443742 14.1556307762257 14.1523044779017 14.1392852120122 14.1208551377772 14.1161721272627 14.0998144284774 14.0835473700183 14.0753561917697 14.0609906827466 14.0557155398728 14.0415735191563 14.0336226942279 14.0393532310163 14.0442672796434 14.0700562242235 14.0842435088399 14.0834185605926 14.1098848714352 14.0893631967125 14.1269011358644
14.0010310133876 14.0154278369759 13.9870773421536 13.9765894429064 13.9682913009767 13.9589507503508 13.9453027712771 13.9280468114227 13.9117477366726 13.9009052530522 13.8921910887376 13.8899680442922 13.8830218571262 13.8908305358612 13.8792553355312 13.8940826474028 13.9047150704766 13.9072490476077 13.9278490714494 13.9396032058238 13.960930657328 13.9836815363052 14.0072343282685 14.0271308836804 14.0952092448111 14.1172196456394 14.1448867010907 14.1592545470117 14.1709641783891 14.1462507283795 14.1591925726743 14.1762716866165 14.1639638061045 14.1521852662493 14.1411738078494 14.1312668396726 14.1191327625512 14.1052633144466 14.0976188916839 14.0744419712002 14.0660336477787 14.0580762620958 14.0436975387616 14.0308141760965 14.0271900547679 14.0221289870666 14.0159344777681 14.0196934972335 14.0261976615553 14.0282821186772 14.0473421326866 14.0510300571322 14.0781823408743 14.1000375393005
14.026730659118 14.0343499627668 14.0192214761246 14.0016568111979 13.9899566384178 13.9768543481774 13.9629853656165 13.9528717255279 13.9355627038923 13.9117469384524 13.8935539751949 13.8891488469561 13.8989564475186 13.9000983019621 13.8932296519907 13.9009750763847 13.9007818156893 13.9075288533103 13.9247317099866 13.9407509393642 13.9513527949722 13.9710976151779 13.988092536628 14.0093015720599 14.034122150794 14.0505692464669 14.0881028166677 14.1346907402561 14.1530712990176 14.1688228233243 14.1558537198811 14.1619929090109 14.1316347247582 14.1391871304015 14.1290105693182 14.1162967626588 14.1051165278511 14.0959054138987 14.0853992686922 14.0703871182819 14.0514083728307 14.0401406051451 14.0333353564947 14.0166795505829 14.0053977311825 14.0034636197251 13.9964985222553 13.995675270721 13.9938329631081 13.9982453545187 14.0052194008262 14.0146114499692 14.0333008829458 14.0538312525692
14.0485734141605 14.04585431114 14.0399019177075 14.0349926679011 14.0315691869287 14.02248091849 13.9891963636062 13.9669680350477 13.9563506362046 13.919798744893 13.884293087577 13.8193125539658 13.8928240414371 13.9138822905353 13.9189250747504 13.8973138736652 13.9012430724669 13.9194966705765 13.9182580137488 13.9271130759241 13.9382010381386 13.9585804055602 13.9689386417815 13.9875319764878 14.0100376858692 14.0207672276618 14.0567721241025 14.083669313007 14.116031005545 14.1350140763853 14.1330147078094 14.1356571756231 14.1132351054048 14.1214356395133 14.1232385011372 14.0928852784359 14.0827043250888 14.0819611961449 14.0649490924546 14.0507912957008 14.0325233642575 14.018089301748 14.0116475879115 13.9951171988492 13.991097895359 13.9924788645412 13.9849426893852 13.9797028517022 13.9732862405302 13.9766051826983 13.97877836203 13.9904781351735 14.0043144155714 14.0022792867664
14.0744486528366 14.0733916421081 14.0649499728391 14.0533793779277 14.0429570023196 14.0417850126309 14.0199882650443 13.9935066189931 13.966777505723 13.9517475660994 13.9263563324914 13.8444939497179 13.8029469039118 13.8837666170431 13.9269249232053 13.9059238560667 13.9027312377094 13.9062624649465 13.9238483145403 13.9218055441729 13.9258029208165 13.939205064682 13.9578452901341 13.9662056223648 13.9825246952042 13.994982348466 14.0218633567376 14.0363159094666 14.0751905495272 14.0935951424037 14.1024509842994 14.1052028897931 14.0943205452567 14.0770828275546 14.0871753602623 14.0688920553422 14.059721860205 14.0488213836751 14.0402890403338 14.0382185676974 14.0170793919901 13.99959149946 13.9899478777315 13.9847834040827 13.9734702748803 13.9747466304727 13.9632078314644 13.9574352150166 13.9539279774967 13.9563824736701 13.9503301472879 13.9681708488768 13.9737102151634 13.9847446763457
14.1159140202829 14.1011967736274 14.0904384410814 14.0800448362059 14.066618892931 14.0544226840555 14.0440046224603 14.028448846976 13.9934671154498 13.9958208529063 13.972553380909 13.9504191537993 13.9187414006412 13.7617806929085 13.6556848647147 13.8973563761631 13.9349934748055 13.9129606662584 13.9158507993439 13.9140431149292 13.9183537612375 13.9247505192798 13.9402977456807 13.9496180641533 13.9596769296116 13.9775005624151 13.995004316901 14.0043301865295 14.0198845383408 14.0635260814553 14.0831327596733 14.0785068514945 14.0642199225202 14.047525256987 14.0620746242333 14.0632885800185 14.0402691625844 14.0304119739703 14.0191884686811 14.0143930754978 14.0015728183348 13.9885822935006 13.9758369378546 13.9674354649457 13.9637506249412 13.9577415014818 13.9497115241157 13.9435911465919 13.9395570696473 13.9377048001412 13.9416864559638 13.9442034896092 13.9487840692851 13.9660111546726
14.1531302650337 14.1291962614209 14.1162908085697 14.0996658148311 14.0909265277213 14.0792395324579 14.0651468127897 14.0640155605003 14.0359346512484 14.0146982529745 13.9935963974674 13.9769366386728 14.0045969016151 13.9477999831787 13.9290575389578 13.9273115529558 13.9210241895404 13.9464293194347 13.9422018809195 13.9586224242573 13.9161831369621 13.9304074377943 13.9279901255985 13.9455485202894 13.9494192713716 13.9537225235718 13.9729630161323 13.9770664948498 13.9877350584177 13.9898423608262 14.0459941334601 14.0523408024267 14.0604607785979 14.066572127008 14.0632074842527 14.0578534899774 14.0506633481491 14.0120702592245 14.0093373390501 13.9869857187577 13.971422650435 13.9667329240179 13.9547287214661 13.946926923615 13.9399791179013 13.934215551137 13.9262467912865 13.9236817248178 13.9230008425315 13.9279783716209 13.9240749010004 13.9295044433003 13.9368962543378 13.946081292184
14.1973762218787 14.1904636635546 14.1756307321481 14.134662713105 14.1231705476357 14.1447474234175 14.1306512206817 14.0783598369349 14.0857940413377 14.0917193400352 14.0656845062974 14.0504627508894 14.0257478095103 13.9848419594653 13.9916120133402 13.9795221479712 13.9699714000127 13.9595829269864 13.9519302920629 13.9576728247479 13.9158590918191 13.9193618407491 13.9320520385094 13.9646286087846 13.9332771600259 13.9462963816526 13.9524568621097 13.9622761632451 13.9679810199732 13.9654704420078 13.9728855661153 14.0086130953262 14.0315778915833 14.0305900001586 14.031503183747 14.030618467838 14.0317244353992 14.0238985303548 14.0147664333524 13.997196949121 13.9826148871646 14.0128687236382 14.0330712283791 13.9835808111395 13.9243981668096 13.9264225177205 13.9186494708725 13.9087599156053 13.9079706737698 13.912699957967 13.9120256526504 13.9096590637052 13.9236749555523 13.9285847045595
14.211827947655 14.2179778903972 14.2158388163012 14.2092979572568 14.198681430576 14.1844312258102 14.1704949142319 14.1505377294625 14.1355195625984 14.1157571891588 14.0919010165093 14.0611518900945 14.0447454581514 14.0225797944879 14.0124186507139 13.9938922043245 13.9776786934349 13.9849675549099 13.956488097234 13.9516784466023 13.9494952058876 13.9532912754957 13.9522207096477 13.9530307341493 13.9553710114678 13.9588444479807 13.944798641065 13.9528935750914 13.9609242231938 13.9758393586034 13.9715684842399 13.9660964424806 13.9852860463476 14.0067433124809 14.0118066531173 14.0041543786922 14.0097864086919 14.0177409854143 13.9910485884978 13.981922919862 13.9720894144967 14.0054122418841 14.0113246608787 13.9647696176889 13.9134579960942 13.9123183656769 13.904915770762 13.8989198624411 13.8981962375584 13.9028084146913 13.8982600302068 13.9028164556917 13.9091365116102 13.9171324538859
