T2m/med_mese_clima/temp_med_09_2002-2019.txt
NCOLS 177 
NROWS 174 
XLLCORNER 1436301.375 
YLLCORNER 4916704.5 
CELLSIZE 1500 
NODATA_value -9999 
[rows 72 to 95 of 174, columns 54 to 107 of 177]
18.6338863431037 18.9130703264117 18.8188197439962 18.5844753840569 18.6211666223494 18.8248841583272 18.6868084111509 17.5769992363407 15.7636332343288 16.7638143071879 18.6235751386346 19.2416345817757 17.7790496079858 17.221734172083 17.0566643803056 15.2242090128467 15.2261717839031 14.9140305283121 15.6181234517735 18.2251695583302 18.6056670862825 17.3152892995307 17.1323225150696 14.7464329474159 15.3202141202882 15.3760258536001 15.8897065557206 16.3137668361305 15.293763995418 17.225781417974 18.0961524325388 18.0321503621865 15.7257168275871 15.8080869205915 15.4891469722583 17.1295446757689 18.3477040471017 18.2805659004783 14.5301786489299 13.5241352639055 14.8616595699489 15.0880388602291 17.8957093192852 19.630475439293 19.6210489418848 16.009201136985 16.3799811379929 13.8670918660031 11.2459836219126 10.0139187939897 12.9963489566783 13.6257698267679 15.0985706224562 16.6842947109182
18.3311417182743 18.7506897247766 18.5898523278925 18.7313433783569 18.5676328379989 18.2606732358116 18.5048496593385 17.2483041761479 16.1306949007785 16.2641070585978 17.4237341232988 19.2287878240358 19.228900512935 18.0602215773986 17.9117630650486 17.2488341426636 17.5491761081825 17.6331240736129 18.0037130416201 18.2225273924465 18.7963021379321 17.9518199223896 17.8238368189655 17.0419307090199 15.7040801442408 17.8565354571032 17.1015645288036 16.8196772484639 18.1247133801419 18.3827616956803 17.6440321717835 17.8347116443846 17.7126777864812 17.5251285345085 16.1336959748699 18.1288027477142 18.2876798643006 14.2572511065356 14.728381107308 13.4902493825627 15.3969288815864 15.4072587475618 15.0759821481822 19.6532968895493 19.6415699873771 18.3861649703629 17.327852835334 16.0193040470092 12.9191486132099 10.418857648629 11.4498843470491 11.9991126425878 15.9259043858502 17.1069634248471
18.1985424666417 18.9157094581678 18.8591343388627 18.6358503747261 18.2008946740079 18.1392942276114 17.6487721479183 18.2392524859534 17.9176000548886 18.2432679749388 18.4230514651743 19.0737728558738 19.1948282535582 18.7937043954358 17.9793175560533 17.8213933911436 17.8987175371988 18.1043920065556 18.5811894118481 18.5963611783576 18.6581675691166 18.4682835877551 18.3431670235644 18.0267799116034 16.7182037104706 17.3149512010706 18.401678682858 18.5255325524134 18.6392389538188 17.9892011383027 16.1625818873388 14.5002633884149 16.2029426805056 15.4543324833971 14.51985420005 16.2797754274474 17.1593958722715 14.7058497132736 14.4279430622608 16.0149930237125 14.3464989213803 14.7937609498719 16.4322586007806 18.5061655715964 19.6563409435186 19.6369996354041 17.9365181485584 16.6071306084346 14.4967748500873 14.5472236339997 14.1337518423111 13.9046845144163 15.649744986384 15.6141520448571
18.4421699512203 18.87774890391 18.4287453285427 18.438304344166 18.4141188584753 18.0493330191226 17.977667349242 18.0674611849575 18.0616250680629 18.2469428956585 18.7354149509359 18.5772499738221 19.1098501277685 17.389093467597 17.4311539520858 18.287186704262 18.6412357309236 18.7590683143334 18.7405726787079 18.7919716066937 18.733176846081 18.5816777844843 18.4946940650124 17.7184155370617 18.4850562041671 18.6272328244011 18.7983884242759 18.7168962503302 18.5336920690186 17.6970132049625 16.4781770063314 17.160977016102 16.6180735906993 16.9341863769453 16.9617591996607 19.3886640061592 17.9960279947344 15.4241444589915 15.091851087651 17.2569683416821 15.8229743848777 16.2281652963024 15.0813138923806 19.6800338841718 19.665688499637 19.6460048750823 19.3884085169012 16.6403927188723 13.3418875044809 15.3855633216114 14.1528729059725 14.6582004377097 17.1895127728448 16.7170810140527
18.4721990144725 18.6123428196666 18.4920796940762 18.4370569625577 18.4143723894962 17.990093961948 18.2020045357113 17.3934927991143 18.5461488914216 18.5530496226341 18.1733697940944 18.4390256849437 19.0137659904296 18.2958436631152 18.3263601463569 18.2612070325158 18.5122787997717 18.8797386726353 18.8909885369118 19.2374738072679 18.8583978714081 18.8070998093634 17.4599838712815 18.7703998805539 18.9255613573134 18.9199950930259 18.9899933889299 18.7550814788537 18.8473838366768 18.6853993742478 18.3382077612563 18.6027656601383 18.6522663641402 18.7792910960138 18.8917816310245 17.7810933559105 18.0867266584173 16.044278425808 17.7897616858531 16.4441930999549 13.0482769124828 16.6946508788705 18.187441236443 19.6846364045737 19.6700023532599 17.5876466228626 19.6269170430276 17.3813651244835 14.5398802945098 15.2013804583333 17.1507006546394 17.1070485208493 17.790535757311 15.478092633616
18.7415059426202 18.5721916721927 18.4855153258048 18.3015994771763 17.9473946583987 18.2912794216078 18.4634840421445 18.5055540164083 18.6718588636981 18.6129253766622 18.5665751769092 18.3895279219705 18.9256814351712 18.3776897473658 18.7373577023299 18.8127827492101 18.9423265252001 18.9645138242845 19.0933335097281 19.1943075417863 19.054678509785 18.9855972837899 18.9407768119721 18.9780503733709 19.0882475663495 19.0364541958347 19.1283701939144 19.0571653665178 19.0743612493287 18.8766969269948 17.8231555451074 19.06121289437 19.0446980804167 18.8331473717897 18.1784278499593 18.1556152374428 18.525218251869 17.375681471189 18.7865850820015 15.6384637649831 15.5152297257464 17.1566052256416 15.1044216008897 18.8606134771083 19.6697274714442 18.8869719389983 19.1295634372253 15.9270340198339 15.6670323784819 17.3454369209888 18.5499503765146 16.544395975112 17.192767329828 14.7560402006291
18.8165666603722 18.9101159594296 18.5394813803573 18.5174662852957 18.5902956827695 18.381934237739 18.6116899687364 18.5612613060161 18.7864492328535 18.7675663249931 18.749245538299 18.7313501882066 18.8094652721023 18.7627132520137 18.8591001323433 18.8669021294035 19.0300813322627 19.0213313986515 19.0314587707873 19.1748206796241 19.1327434073691 19.1692345462083 19.2375622121082 19.2139490263139 19.1654786238421 19.1443256703069 19.1985768748883 19.1494358279011 19.175688507837 19.1418798182583 19.2321795768284 19.1714522822226 19.2160194846558 19.1328277515193 18.8400039527075 18.0818598493458 18.613130224086 17.9371956899705 19.2125916784751 17.8677422929541 17.373437272273 18.945548191305 19.4287890289478 19.6785901898321 19.6653436443282 19.6488251030674 17.8028708268552 16.3426432512501 16.3792334431318 15.6429077690969 18.4962550478192 15.6855039525002 14.007128646319 14.1488414989121
18.9185502714885 18.8816911858313 18.5891854626009 18.505047527576 18.5456846090721 18.5870227229473 18.5984305656428 18.7009342362293 18.7136346142868 18.7866269683853 18.7947906843776 18.7742719894625 18.7430657768386 18.9008967572321 18.9594369851157 18.9539852043373 19.0498873815607 19.069791138667 19.0965157226204 19.29192761485 19.0747026830798 19.1573111712933 19.3016019253438 19.2524042357887 19.2059531048568 19.1368036822037 19.1600061674837 19.2073270146417 19.2419063400948 18.9841490352139 19.339681203985 19.3026776169908 18.8460606018017 18.3807897689927 18.2270073471246 17.8647348610149 19.1466003950604 19.3952858642905 19.4951679797541 19.6883434243738 19.687688304128 19.6842350095777 19.6779912149921 19.6690008705755 19.6248064719017 17.1863471161893 15.4379447334723 15.7635886739383 18.0498793988773 18.1127570212687 18.7781238937667 17.7404264959757 17.6454285432705 15.5238045695717
18.9609496905581 18.940387120763 18.7876123634868 18.7574763845743 18.6990258713487 18.6605775846147 18.6121262644595 18.7137546745982 18.7569364311975 18.7129352036031 18.7704194162997 18.7821323803863 18.7717944459745 18.803523408651 18.9295857199307 18.9459165424908 19.0396382606578 19.1169450990237 19.2073361421073 19.1500853429885 19.1763585850806 19.2340566886263 19.2176518739792 19.2141241437707 19.2160257113619 19.2049850486552 19.2597119615605 19.2708873310308 19.3052687289843 19.3753033400267 19.3946031870209 19.3686048990237 19.2152280504905 18.8344995279726 18.2756588757419 18.1254821780922 18.7378186955763 19.4544964798109 19.4504259251163 18.7696811278585 19.0595560610903 19.6369796058075 19.6312164205244 19.6234226838839 17.9215675992261 16.995791310209 17.1897153303237 16.7506638727654 16.8201671537502 15.0867108094243 16.6558881966851 18.879743193149 18.1985937307849 18.0715441049706
19.0190958067832 19.0197792863176 18.8963068245243 18.8650880506212 18.7224955488363 18.8031218381525 18.7712638532674 18.8011552772531 18.7972452944266 18.783599713144 18.7955697778693 18.7629583026943 18.8133829246307 18.8421969708736 19.2135343112404 18.9564528974537 19.0595095337275 19.1523939580068 19.2645619659284 19.1935034223367 19.3156292382937 19.2654284207224 19.2892768907517 19.2765954609575 19.274741617732 19.3136796246772 19.3452750346974 19.3875035621121 19.3791345392912 19.4606668154779 19.4419264213335 19.4702628145273 19.459149186296 19.4768427687663 19.4108757968911 19.2850609634495 19.4729718684313 19.5202576631102 19.0475125689616 17.1552666357575 19.3642305479044 19.4890521421819 19.6131054199518 18.4859947275994 18.4074772859746 18.1572261402624 17.9683091166033 18.1360278225684 16.8478287784418 15.510141390132 17.4067754485141 17.9287102995476 14.7711414125573 16.5386415200824
19.0586739120432 19.0583633893903 19.0562346193602 18.9053049096659 18.9405813005159 18.8314379181518 18.8705705544729 18.8341974483215 18.8067559397388 18.8174027390255 18.8012544499808 18.7935888430777 18.817198920524 18.8428570535676 18.8645736029322 18.9399988986599 19.0170869169564 19.1955797500613 19.2165791584157 19.2852256765844 19.3306052667275 19.3226472190361 19.3255013530815 19.327136592428 19.3512600103862 19.361637136717 19.3941235868867 19.4488812477957 19.4526112488784 19.4906042400905 19.5200434536846 19.5099063670194 19.5343833956606 19.5565598401911 19.4889537571034 19.4312251374259 19.5036380841358 19.4862167443961 19.3139746374859 19.0218498506613 19.4056264300608 19.4665998300373 19.4626164050394 19.3272534666695 18.990675231468 19.1157815558776 18.7378985657622 19.234065520162 16.9646571842837 16.0820327642663 17.4165520325474 18.922762351132 16.8726854319583 14.88441621869
19.179693444783 19.1480970949049 19.1245231050261 18.8645940132981 18.904131036837 18.8971959250107 18.8749132072256 18.8677271575611 18.8635846906238 18.8507612400128 18.823704112992 18.840613910141 18.860205268799 18.8938795916194 18.9355936671201 19.1665921008754 19.0421379770356 19.1652117695464 19.2424938222381 19.2673227638577 19.2980307526363 19.3401007714323 19.3753311863576 19.3972413680334 19.4172790346627 19.4471249033436 19.4321607908527 19.4810538390511 19.5089894801492 19.5524294323848 19.5624231665299 19.5941801996447 19.6109810157526 19.6066862733352 19.5875563398479 19.5850315256137 19.5240643618588 19.4611524974934 19.3199235870007 18.9302077071496 19.4438037650415 19.3444686671326 19.4066913872386 18.977113686188 19.3364112431214 19.3275891152683 19.39908559569 18.7223629087095 18.2779691163379 16.3808249076246 18.3617776242176 19.3618878494962 18.4490842723679 17.1787366311174
19.4548628128884 19.421839395626 19.2195413651975 19.1444402006699 18.9003860644454 18.8919955403336 18.8747435394832 18.8728888072882 18.8625590861757 18.891357904155 18.8762467738388 18.8823162680385 18.897486001177 18.9214498422383 18.9714540245813 19.0705634096345 19.1656622093832 19.1863072743666 19.2662863697129 19.2941871847991 19.3336547477644 19.3841905309932 19.4276820200461 19.4458537252089 19.4676480454656 19.4986700335682 19.4848354223968 19.5397865650069 19.5674576527162 19.5858098027198 19.6129927151048 19.6371138103849 19.6462230214595 19.6221543223541 19.6016447458078 19.5975636443264 19.5605425213108 19.4967657055511 19.4190281499391 19.0957613553505 19.2218986359517 19.0571566623746 19.3813288230473 19.2174468446585 19.3827333465161 19.4973012390493 19.574153431759 19.5930041566891 18.5458602256702 19.0613930033922 19.0650458160792 18.5453562566566 19.4587258886103 18.1356797232977
19.2913696620123 19.5989359026515 19.4322578264151 19.2714610527225 19.2069781130682 19.0799494412743 18.8949407611618 18.8802441432406 18.8873204004643 18.9160006430719 18.9248867082109 18.9200095724633 18.9071398549457 18.967917435052 19.0258070471795 19.0803593571083 19.2411904971414 19.3614768310144 19.3124233031334 19.3142463083773 19.3679022645128 19.4265519464305 19.4604167468931 19.4921960329796 19.5272460875992 19.553399092469 19.5820888678613 19.5953448223733 19.6286088801816 19.658228703652 19.6663773512779 19.6949107502688 19.7025793801474 19.7016755876489 19.6681245772089 19.6016072232757 19.5825126496159 19.5749199812896 18.3183344951991 19.3547764313937 19.3535156492834 19.385721552646 19.4845931732106 19.5531593114328 19.5587926395475 19.6183087828439 19.6729933078262 19.7663351941383 19.7295062073422 19.7119535285775 19.456735924286 18.9477072811066 19.6236330370489 19.6595838611915
19.246565583451 19.4504366456929 19.5306169434449 19.4040887021622 19.2168187329672 19.1529553602634 18.8763328352955 18.8905817867467 18.8852412002221 18.9137835327921 18.9053771456996 18.9598992873045 19.0065741238314 19.0335903377064 19.0814411136991 19.1089258303587 19.1852214283489 19.3365188905943 19.2955096013853 19.3344334913929 19.3844407486657 19.4562966221442 19.4978288678907 19.5312449401518 19.5732192510922 19.5829711046027 19.612002633807 19.6312449128768 19.6579941378319 19.6865298005813 19.6878477529472 19.6971819736111 19.7557724798395 19.7183445245218 19.6600420660747 19.6229424487281 19.5965660107471 19.5820416570243 19.629773917859 19.4839623190967 19.4967964908933 19.5501727639563 19.5284733092496 19.5672700041631 19.6338485733226 19.6960397181535 19.7660042507286 19.8257448337163 19.8936682987107 19.9151330687686 19.1908716137686 18.8240515560787 19.8514606309044 19.785871630732
19.328731897538 19.5140903332909 19.4619335729729 19.5916441942768 19.2728895492481 18.9422156714084 18.8912946596304 18.8985694220544 18.9103667360765 18.9384588742317 18.9769261438652 19.014069827961 19.0497810264352 19.0837968192414 19.1100256510012 19.1337284992709 19.2797700977036 19.3477402899229 19.3032395918479 19.3556730311036 19.4133530364183 19.4755073051952 19.5243224333377 19.5647738236425 19.6133936642078 19.6181740383992 19.6474119794019 19.6722838300474 19.7042341291296 19.7202709603431 19.7205231757609 19.7226767381261 19.7563220807191 19.7114790929232 19.6695903886019 19.631454106111 19.6224755007645 19.6195768989518 19.6296683406388 19.6471614804152 19.617598904694 19.6024878409478 19.6087313845544 19.6367754760754 19.6744261358509 19.7329284846783 19.8425802378362 19.8710209594452 19.9322380291852 19.9656555190169 19.7459288883864 19.9904606502936 19.9259965593711 19.8859719040293
19.6378452675477 19.8270000362457 19.6001245511522 19.542858482549 19.2182362563765 19.0062928748237 18.9157754773914 18.9102707292081 18.9272789784623 18.9492086014528 18.9992564312571 19.0482940885451 19.067445500372 19.1025546885846 19.1187529525842 19.1441352628505 19.3033835019721 19.3448881151804 19.3247765678708 19.3791216577987 19.4386191859099 19.5081395842944 19.5697833041578 19.599903255054 19.6378638875667 19.6659701680467 19.6837953220991 19.7026133388091 19.728162447307 19.7374417671832 19.7422382735658 19.7312937763687 19.7401030132901 19.7577259717925 19.6794119516476 19.6580513085442 19.6420543791005 19.6442363386638 19.6595073690969 19.6825004062053 19.6602820960346 19.6408056680727 19.6548498496699 19.6786943026658 19.7185342563828 19.7621126359146 19.8455486219581 19.920149430271 19.9679700175008 19.9593891538727 20.0889110152977 19.8822393607286 19.8483885498491 18.6516242858931
19.9926404856326 20.0595978386557 20.0330594069732 19.6659043518824 19.2973079308011 19.0670752639895 18.9503811297137 18.9438926730957 18.94269822536 18.952733069468 19.002930727917 19.0466838166555 19.0953870006905 19.1314429090017 19.1429947662247 19.1811792239604 19.2279668871318 19.3563751863794 19.4063728132391 19.3885690457976 19.461119002081 19.5206590483624 19.5775667200981 19.6256403015263 19.6641888876528 19.6982948885871 19.7105672164591 19.734733041904 19.7651363288458 19.7734977176667 19.7654721075395 19.7588435873522 19.754363572803 19.7352094179826 19.6902692058382 19.6675259749932 19.6739854569027 19.6810550054447 19.6777435667898 19.6945060765606 19.6726127564527 19.6720808993354 19.6874875812619 19.7132274552247 19.7554486341403 19.8260803896729 19.882614926893 19.9545820399567 19.983740676713 20.0340932737441 20.1446865455249 19.9728561322351 19.9449953085923 20.2546563494099
19.9117479719041 20.1947348758788 19.8225349347329 19.4019392560192 19.2708852369895 19.0951076092467 19.2314001432172 18.9530150721737 18.9571556353782 18.9844419383759 19.0231253893744 19.072711456705 19.1161027761559 19.1416555719205 19.1716897883102 19.1940208714964 19.3213243162876 19.3492458068776 19.3837861283605 19.4298668616804 19.4808341327907 19.5413831126796 19.6049660926502 19.6481090755907 19.6927441874683 19.7324706357482 19.7446209597253 19.7739674393777 19.7750521473501 19.7879630845245 19.7844630970428 19.776489052736 19.7588128241619 19.7786861153779 19.7206058517041 19.7081124411841 19.6954483982475 19.7013903959044 19.7209938716995 19.7195370195013 19.7214808515434 19.7155611230724 19.7260857221039 19.7414641088757 19.7974882119765 19.8521798889832 19.9056765841342 19.9573528001592 20.0130153245853 20.0890647754511 20.158126027001 20.2314820067712 20.2327604715547 20.3110219209359
20.2444984375822 19.98707003174 19.5171542531914 19.3671536734125 19.117535517438 19.2370703350538 19.3153147038981 19.0442125261363 18.9937203627361 19.009111287912 19.0418973174588 19.0804302275257 19.1355275764852 19.1565012845424 19.198852476489 19.2451300782034 19.3111496759177 19.3627063960103 19.3818330958124 19.4461567157149 19.5039302595578 19.5651929722968 19.6236214978028 19.6783471909443 19.7175528881346 19.7572586531459 19.7693080161419 19.7923038976783 19.8040178936941 19.8046037380038 19.8055698266812 19.8017213976018 19.7765999077837 19.8228615023396 19.7585773601614 19.7387363345078 19.7363018606662 19.7291149245444 19.7298006973352 19.7451461860732 19.7409993050047 19.7354934937576 19.7466642707777 19.7865890633329 19.8316321832771 19.8873707240645 19.9258810125701 19.9859361510776 20.028043381099 20.0611906117863 20.0943384755921 20.1220985243756 20.1677272148516 20.2132257255862
20.2998697965919 19.998833827741 19.4544088354817 19.2731828609265 19.0912297068123 19.2336517698007 19.1198589298993 18.9791608085121 18.9942781454378 19.0211925655413 19.0539046359625 19.0869388727621 19.1257009106958 19.1809716214013 19.2129825242863 19.3046978748241 19.3440515099814 19.3911851358673 19.4227604144758 19.4711737908699 19.5297352775912 19.597391142052 19.6453257766415 19.7058583506755 19.7506382709719 19.7681544352689 19.8073665286922 19.8241378819882 19.8293182087127 19.8285896937205 19.8280620110598 19.8114930582762 19.8021136864848 19.8008596562182 19.8478576572919 19.7591572606015 19.7663946609996 19.7633875032951 19.7626819607931 19.7539841544887 19.7494378436266 19.7610563498043 19.7668140161768 19.7953045360963 19.8354148884919 19.8869790270791 19.9328124755339 19.989445483852 20.0287060576228 20.0774274334064 20.1237007836653 20.1720616064614 20.2159320236699 20.2425573041917
20.3324895592866 20.1433900577203 19.441892628012 19.2980721254154 19.3538323431103 19.0510710831803 18.9927674577611 19.0016235963062 19.0107509646836 19.0374378528479 19.0590224854867 19.0980703040938 19.1541940812711 19.198817921781 19.2816365025509 19.3240699754364 19.3531739938229 19.4067160385931 19.4835260535185 19.4941485188473 19.5533803994856 19.6159429509826 19.6808052217519 19.7194664230901 19.7586984927855 19.7923628739242 19.8255471394969 19.8414543771196 19.851119712547 19.8547563498809 19.8527975060702 19.8403218818655 19.823476196972 19.814729934299 19.8596077399997 19.7863493570499 19.7860389155827 19.7757647944517 19.7736608870565 19.7637429397606 19.7639458323728 19.7693535483051 19.7805492103785 19.8035917030897 19.8216468562797 19.8850371431878 19.9377396925427 19.9905294892812 20.0262350878116 20.0772278512118 20.1370480938281 20.1826062886803 20.2182950951435 20.2538252048109
20.3720826537825 20.0153744124057 19.3735483793463 19.043043934865 19.0303381190066 19.0338009941471 19.0137635737772 19.0224413015757 19.0314899451583 19.0582510460915 19.0856199798152 19.1192594779177 19.1588983541095 19.2152699467323 19.2988979142364 19.3252529953327 19.3828051943204 19.4259318739062 19.4757838656467 19.5145415185283 19.5743158178387 19.6317739901186 19.6913951590448 19.7466832041969 19.7857256730017 19.8411489817983 19.857075525198 19.8720765177394 19.8917135392645 19.8717553494534 19.8682404829624 19.8651717533934 19.8578267588469 19.8360342241795 19.8288195766937 19.8652340922014 19.801525919716 19.7894778787176 19.7856627376143 19.774406600539 19.7678276188148 19.7778895949495 19.7884514180332 19.8055035504649 19.8292461531677 19.8818441554428 19.9352096025743 19.9779320301376 19.8910798264494 20.0009007965468 20.1620175599824 20.1766644976224 20.2089660145618 20.2468724985004
20.3943990231474 19.973672706277 19.289836754668 19.0568402781036 19.0440071432983 19.0415553985352 19.0329711556739 19.0415592908783 19.0562878604288 19.0773941769834 19.1049546620703 19.1388736997147 19.1844924373569 19.2357247290255 19.3031717786615 19.3411736797784 19.3992832635326 19.448455066821 19.5043325676924 19.5489830696339 19.6035204458587 19.6779064609934 19.7153358628847 19.7649708860298 19.8148355789264 19.8419901215939 19.8571129997723 19.8655468397137 19.8896364588314 19.9017217592033 19.8966770175925 19.8863483257068 19.8827993606394 19.8590880389186 19.8443399731684 19.8845507575254 19.8411022035327 19.8103755755138 19.7935926839995 19.7806799567446 19.7726092920906 19.7758258248883 19.7965198486929 19.8127856720453 19.8415646240553 19.8828010904302 19.9306814083651 19.9958030658359 19.9504543261586 20.0205389148964 20.1492760609621 20.1816183654056 20.2154459987564 20.2603954398388
