T2m/med_mese_clima/temp_med_06_2002-2019.txt
NCOLS 177 
NROWS 174 
XLLCORNER 1436301.375 
YLLCORNER 4916704.5 
CELLSIZE 1500 
NODATA_value -9999 
[rows 96 to 119 of 174, columns 108 to 161 of 177]
23.7360317691076 23.7740169146965 23.7931336980518 23.8212768366206 23.8283958274438 23.8573731972644 23.9147050711844 23.9275112343931 23.8737719319333 23.8913206312696 23.8202836597255 23.74769755745 23.5545098583665 23.4731958053273 23.5743562031066 23.7539797174824 23.7376337371871 23.767499226111 23.6948642904274 23.684790099337 23.645648904611 -9999 -9999 -9999 -9999 -9999 -9999 -9999 -9999 -9999 -9999 -9999 -9999 -9999 -9999 -9999 -9999 -9999 -9999 -9999 -9999 -9999 -9999 -9999 -9999 -9999 -9999 -9999 -9999 -9999 -9999 -9999 -9999 -9999
23.7832460479566 23.8065330775914 23.8328920564737 23.8683787693923 23.8831562439448 23.9052358896187 23.9267381256111 23.8750772312531 23.9015415230169 23.9264341832578 23.8708954621701 23.8284741783203 23.6230205605009 23.7061742397256 23.664144647837 23.7109807009593 23.6369977189968 23.6241459982757 23.5797898880519 23.454498906778 23.3350963540004 23.3471908637847 23.4315991751079 23.4101523557538 23.3556806544082 -9999 -9999 -9999 -9999 -9999 -9999 -9999 -9999 -9999 -9999 -9999 -9999 -9999 -9999 -9999 -9999 -9999 -9999 -9999 -9999 -9999 -9999 -9999 -9999 -9999 -9999 -9999 -9999 -9999
23.8030874018164 23.8329739306469 23.8589027396107 23.8869543634307 23.9088977101814 23.9382681759838 23.967148361611 23.9520285622066 23.9356491411174 23.9537185409212 23.9131663112044 23.8283770460431 23.6761749701938 23.5218042471704 23.5326177679564 23.4853636332399 23.6172451232281 23.6476460032232 23.546139971811 23.5505527940746 23.4969486966444 23.314035987108 23.4060140129555 23.3776415821693 23.4455120936512 -9999 -9999 -9999 -9999 -9999 -9999 -9999 -9999 -9999 -9999 -9999 -9999 -9999 -9999 -9999 -9999 -9999 -9999 -9999 -9999 -9999 -9999 -9999 -9999 -9999 -9999 -9999 -9999 -9999
23.7962065406838 23.8467034061141 23.8862389108383 23.9137000795525 23.9137746424511 23.9358702841694 23.9505168733926 23.9715121753067 23.948408060832 23.9598127229765 23.9270515735731 23.8718076521866 23.7871978531852 23.5623742132656 23.47675451937 23.4377658442519 23.5636530121168 23.5664540688349 23.4943238610204 23.5139539125322 23.4395293322407 23.3437352151554 23.2706872953309 23.3511077474665 23.2903874803472 -9999 -9999 -9999 -9999 -9999 -9999 -9999 -9999 -9999 -9999 -9999 -9999 -9999 -9999 -9999 -9999 -9999 -9999 -9999 -9999 -9999 -9999 -9999 -9999 -9999 -9999 -9999 -9999 -9999
23.8065730481008 23.8412086992581 23.8796196884427 23.8990867969938 23.9058121732825 23.9348113001687 23.9422596462385 23.9848979659769 23.7825056373845 23.9670241536004 23.9279051595873 23.9307101355963 23.8973477126538 23.6702307186364 23.5500099116206 23.325508143101 23.439862565367 23.5103485594155 23.2626108974028 23.3373877246261 23.3438660458282 23.2343180273989 23.1032383062069 23.3815315098598 23.0979662124225 -9999 -9999 -9999 -9999 -9999 -9999 -9999 -9999 -9999 -9999 -9999 -9999 -9999 -9999 -9999 -9999 -9999 -9999 -9999 -9999 -9999 -9999 -9999 -9999 -9999 -9999 -9999 -9999 -9999
23.7841690681294 23.8315762397125 23.8758218787791 23.8942443732253 23.914564115182 23.9430990438352 23.9432582158695 23.9717264639007 23.9637784566611 23.9478121409014 23.9523588603179 23.9561505963976 23.9311176973893 23.8350671509978 23.682250157855 23.5736426277179 23.4155583161656 23.274168353504 23.053213179416 23.0650124930483 23.3116013724381 23.1003886966718 22.8793128143477 23.3112505777129 23.3398334410608 -9999 -9999 -9999 -9999 -9999 -9999 -9999 -9999 -9999 -9999 -9999 -9999 -9999 -9999 -9999 -9999 -9999 -9999 -9999 -9999 -9999 -9999 -9999 -9999 -9999 -9999 -9999 -9999 -9999
23.76573844058 23.8112332915285 23.839531811185 23.8711297403198 23.9049456570949 23.9114933073292 23.9257701817296 23.9544092818695 23.961162608017 23.9459196144898 23.9514631124292 23.9422002111206 23.9186105038471 23.8455754032841 23.7376593587347 23.6168553801789 23.5271905190948 23.323916485407 22.91537753406 22.9762673996113 23.1983045356331 23.2526859752215 23.2279381373681 23.1906778869501 -9999 -9999 -9999 -9999 -9999 -9999 -9999 -9999 -9999 -9999 -9999 -9999 -9999 -9999 -9999 -9999 -9999 -9999 -9999 -9999 -9999 -9999 -9999 -9999 -9999 -9999 -9999 -9999 -9999 -9999
23.7521734422651 23.7738705369552 23.8220003369058 23.8521699450177 23.8849594478102 23.8980206860893 23.9263228340167 23.9407161551874 23.9408504694206 23.9335992088872 23.9472428489462 23.9323080249825 23.9174365430956 23.8535865080159 23.7836455407423 23.6795784223582 23.5995944507734 23.5375833805189 23.5089204154557 23.4138701025249 23.1944113985028 23.2872840258201 23.2577678296301 23.0704310481576 23.3497796041908 -9999 -9999 -9999 -9999 -9999 -9999 -9999 -9999 -9999 -9999 -9999 -9999 -9999 -9999 -9999 -9999 -9999 -9999 -9999 -9999 -9999 -9999 -9999 -9999 -9999 -9999 -9999 -9999 -9999
23.7151021975667 23.7490439749921 23.7809027484398 23.8167763937022 23.8484837679266 23.8679923141901 23.8817695880149 23.9034534259622 23.9254007069239 23.9261008942569 23.9267598245945 23.9204132616292 23.8792265382611 23.8457470329937 23.7923600675959 23.7267886907966 23.6711486606915 23.6476549594491 23.6288132550311 23.5799694348265 23.4228450286739 23.0825679258825 23.2019044444783 23.3075269072449 23.3787784144035 23.2517678510793 -9999 -9999 -9999 -9999 -9999 -9999 -9999 -9999 -9999 -9999 -9999 -9999 -9999 -9999 -9999 -9999 -9999 -9999 -9999 -9999 -9999 -9999 -9999 -9999 -9999 -9999 -9999 -9999
23.6770087313835 23.7229885309744 23.7528443609009 23.7871245493682 23.8248037617478 23.8435981722018 23.8499734100254 23.8717822706562 23.8871819979843 23.8888741935654 23.8909084389645 23.8862835665163 23.8752468312837 23.8370521420263 23.8004145699899 23.7518899191081 23.7204519620648 23.6857525339376 23.6415819799002 23.5959005156392 23.5637682624551 23.4963494272829 23.4083137740577 23.3504708056858 23.4098269001582 23.3001207105654 23.2364155220041 23.2487987657464 23.2361354570584 23.2710070874956 -9999 -9999 -9999 -9999 -9999 -9999 -9999 -9999 -9999 -9999 -9999 -9999 -9999 -9999 -9999 -9999 -9999 -9999 -9999 -9999 -9999 -9999 -9999 -9999
23.645789302248 23.6821730836445 23.7099754711373 23.7498404287744 23.786359103475 23.7972563199918 23.8247209291044 23.839558618431 23.8556008934975 23.8583214370531 23.8618127170803 23.8519360821975 23.8430748607768 23.8143587301974 23.7733269629198 23.7489343709568 23.7135469457503 23.675020369305 23.6412739411929 23.6346049052241 23.5774199143528 23.5132378493537 23.4356580311159 23.388214240738 23.4219670981587 23.3148376813794 23.2898844204187 23.275649743747 23.2868769561651 23.302110241443 23.3139825109321 -9999 -9999 -9999 -9999 -9999 -9999 -9999 -9999 -9999 -9999 -9999 -9999 -9999 -9999 -9999 -9999 -9999 -9999 -9999 -9999 -9999 -9999 -9999
23.5858230204113 23.6488583629159 23.6673691235435 23.7273256328828 23.7338073019171 23.7582776238178 23.7926776554545 23.8077059634039 23.8172749511584 23.8068069961031 23.804732939521 23.8038876645105 23.7902106107576 23.7711522543415 23.7542615582355 23.7401334115067 23.7080184180922 23.665763023332 23.6427112928905 23.6111088526051 23.5645426073294 23.5180872733566 23.4724464546675 23.4354796044214 23.4366793476454 23.3321359955336 23.3315683553806 23.3053455138115 23.3188941796925 23.3141921966469 23.3056960349491 23.3301279735139 -9999 -9999 -9999 -9999 -9999 -9999 -9999 -9999 -9999 -9999 -9999 -9999 -9999 -9999 -9999 -9999 -9999 -9999 -9999 -9999 -9999 -9999
23.5630680716205 23.5874006838786 23.6620754757147 23.6696293739219 23.6893535957483 23.7131174727418 23.7401313841876 23.7697945171694 23.7943941471982 23.7634135516667 23.7629049948653 23.7784099014783 23.7599113418377 23.7434978938042 23.7295955110479 23.7115489268059 23.6899719137037 23.6583759783176 23.6389935755791 23.5895229265151 23.5753333449059 23.5252425325785 23.5047196333284 23.4929359111445 23.4466911490393 23.3520519183057 23.3470595867241 23.3523758772385 23.3463100035072 23.3435701959282 23.329257933116 23.3475834095463 -9999 -9999 -9999 -9999 -9999 -9999 -9999 -9999 -9999 -9999 -9999 -9999 -9999 -9999 -9999 -9999 -9999 -9999 -9999 -9999 -9999 -9999
23.5272641118763 23.5638505681721 23.6074602712008 23.6498420431848 23.6465019764876 23.6768021994624 23.6963600812439 23.7262976085089 23.715576821284 23.736116388444 23.7299780748965 23.7331719291926 23.7242083188674 23.7176885724372 23.7068109197178 23.6776553497461 23.6739213205541 23.6459052412751 23.615843188108 23.5916453328169 23.5668495155842 23.534792756136 23.5544375993435 23.5169950426005 23.4446153767112 23.4035716847746 23.3649542824975 23.3654428322349 23.361588599962 23.3754027057272 23.362522641361 23.3597591721844 23.3521388972399 23.3691797893623 23.3660385802788 -9999 -9999 -9999 -9999 -9999 -9999 -9999 -9999 -9999 -9999 -9999 -9999 -9999 -9999 -9999 -9999 -9999 -9999 -9999
23.508108235182 23.5203696325669 23.5327624565949 23.6250222337505 23.6057611660482 23.6281289260354 23.6547304025707 23.69224092665 23.6893698268619 23.6966214965587 23.6920393183161 23.6972583027635 23.6906506656687 23.6796614530747 23.6645949864296 23.6530903298432 23.6529336033501 23.6430473371788 23.6166679032461 23.5889804867188 23.5679102988383 23.546793048257 23.5703024173757 23.5213694528297 23.4960448061369 23.4799423864823 23.4365299442262 23.3880233455587 23.3862303920176 23.3869905553254 23.3754255794474 23.3736508131636 23.3443483969109 23.3765866100255 23.3734210473824 23.3793699815203 23.3790937673543 -9999 -9999 -9999 -9999 -9999 -9999 -9999 -9999 -9999 -9999 -9999 -9999 -9999 -9999 -9999 -9999 -9999
23.4691999044607 23.464506830825 23.4897849046712 23.529342641395 23.5749759368817 23.5893313365573 23.6084524043675 23.6316998620752 23.6513281490459 23.6524381604079 23.663917488522 23.6638769790587 23.6596004111861 23.6585255128214 23.6464016754204 23.6308791632092 23.6269994601132 23.5988000946484 23.5979470634978 23.5739059836472 23.5564892565306 23.5536188860049 23.5958496010167 23.5426261741692 23.5054956829868 23.492314954751 23.4586160463848 23.4122857260369 23.3902422063348 23.400016497911 23.3971154020664 23.3888045081234 23.3600110066044 23.385057600522 23.396892317943 23.3948946088971 23.3939466557131 -9999 -9999 -9999 -9999 -9999 -9999 -9999 -9999 -9999 -9999 -9999 -9999 -9999 -9999 -9999 -9999 -9999
23.4255421915274 23.4409281762928 23.4792010434743 23.5173383119919 23.5178206527218 23.5388903435163 23.5724676149406 23.6033377991478 23.6383909813746 23.6257937404388 23.631501393376 23.6333397255394 23.6386590345 23.6255747245037 23.6163299825152 23.6112381410172 23.5960572685471 23.5859192061698 23.5813318354721 23.5681776828388 23.5469669309156 23.5402614886124 23.5562147126648 23.565679500919 23.5165403687025 23.4986142464372 23.4822850611779 23.4677004421351 23.4027036727616 23.4065685796707 23.4197817329855 23.3972790264078 23.3987436434623 23.4016660499086 23.4057735106497 23.4108715976944 23.4091911022081 23.4157127370323 23.4303103579567 -9999 -9999 -9999 -9999 -9999 -9999 -9999 -9999 -9999 -9999 -9999 -9999 -9999 -9999 -9999
23.4220752385689 23.4578390529482 23.4349400590663 23.5090029069138 23.4785970711312 23.4990503645644 23.5251189548698 23.5562528568971 23.5993853068291 23.602474591056 23.5948647806471 23.6058622578856 23.5986346627561 23.602694631308 23.5961827547462 23.5940847679268 23.5894090133608 23.5825852435058 23.5666967444645 23.5790660752799 23.5464909397932 23.5506020176913 23.5625473789937 23.5751178512019 23.5361924998148 23.5133496408718 23.4918149938833 23.4792316151761 23.4380531087993 23.4359787200907 23.4278221275767 23.4210083724439 23.415393992935 23.4108204987009 23.4222634953101 23.419265952832 23.4319804801034 23.4375133675786 23.4433309671066 23.4645553667426 -9999 -9999 -9999 -9999 -9999 -9999 -9999 -9999 -9999 -9999 -9999 -9999 -9999 -9999
23.3472070505945 23.3812073574974 23.4462995197277 23.4670094207481 23.4429027666534 23.4627613942133 23.4886072616772 23.5125685063967 23.5563744942195 23.5825840297178 23.5761978745004 23.5814963470321 23.5909947130263 23.5826134553814 23.5860415533433 23.5867515934838 23.5702960147102 23.5739615303803 23.5834900964418 23.5621243199169 23.5474590095067 23.5399383863727 23.5399613271576 23.585494326449 23.5490639526421 23.5436449617262 23.546921050107 23.521090429633 23.466344627993 23.4429058695966 23.4432303575111 23.429467676776 23.4392886818749 23.4423025491746 23.4383293502937 23.4271995014919 23.4391320056995 23.4436650441372 23.448293946712 23.4605725169334 -9999 -9999 -9999 -9999 -9999 -9999 -9999 -9999 -9999 -9999 -9999 -9999 -9999 -9999
23.3204388320065 23.3453567386587 23.3716372469985 23.4136713229377 23.4632578203657 23.4376304090251 23.4707326757345 23.4650123828825 23.5168249023981 23.543908713345 23.5386416324406 23.5528543961459 23.5567899976654 23.5653037935838 23.5711039341273 23.5669888611193 23.5680507062191 23.5597979650948 23.5649084358227 23.5539594891732 23.5422278300099 23.522590464483 23.5479354442765 23.5888000663517 23.5697937031511 23.5590743785617 23.549180937605 23.5478227960652 23.5244882868015 23.5249606578743 23.4655423028107 23.4523081999477 23.4548213900582 23.4502206153949 23.4535302616475 23.4570347332559 23.4606204148605 23.479408027873 23.475299567479 23.4634660421508 -9999 -9999 -9999 -9999 -9999 -9999 -9999 -9999 -9999 -9999 -9999 -9999 -9999 -9999
23.3122164604764 23.3356349016819 23.3605908349556 23.3865050292106 23.4654284263479 23.4688317937869 23.4641970976864 23.4733166196033 23.4957130619849 23.5309735401076 23.5341013206376 23.5571531703646 23.5626752268461 23.5506801464396 23.5511721464714 23.5493584767764 23.5454777841519 23.5472347566603 23.5476042253 23.5468415947557 23.5377781685742 23.5282512342184 23.5336171391671 23.5845016979471 23.5752900857883 23.5665663792865 23.5584440347031 23.5662748911828 23.8695807143342 23.8508223900393 23.4943297990285 23.4815570164762 23.4918803897702 23.4948307547533 23.4902621935458 23.4932629500312 23.488525071744 23.483586085406 23.4784086591744 23.4806953922847 23.4750781643893 23.4693276869992 23.471257110589 -9999 -9999 -9999 -9999 -9999 -9999 -9999 -9999 -9999 -9999 -9999
23.2850755560444 23.3071005966319 23.3308101424312 23.3631948969525 23.4187045371396 23.4517831842714 23.4616508104031 23.440612509409 23.4857190079311 23.5142204017779 23.5256011522593 23.5800455886285 23.5642890130119 23.5537845350012 23.5410380063538 23.5412394093828 23.5395238996313 23.5361244530057 23.5463978801194 23.5480382238464 23.548887078485 23.5416851636703 23.5342360559856 23.5267657491439 23.5119072875605 23.5200384532507 23.5134507808192 23.5073034057672 23.7922739184831 23.7577701809306 23.6449122243914 23.5168484431878 23.4969588352193 23.499843895207 23.510290470236 23.5052038890192 23.4998039740256 23.4940426906863 23.4879070990083 23.4891272592971 23.4823494294746 23.475374292292 23.4760400477801 -9999 -9999 -9999 -9999 -9999 -9999 -9999 -9999 -9999 -9999 -9999
23.2766516916597 23.2898327340568 23.3048147495222 23.3286433320393 23.345701677513 23.4006758868161 23.43284056683 23.4719252085473 23.4871229434988 23.5084391473049 23.5204266000677 23.553170421495 23.5611581450678 23.5670559136804 23.5331258532492 23.535036164073 23.5276123496155 23.518622000936 23.5385081206245 23.5346729313886 23.5375910054983 23.5324001669275 23.5344565579261 23.5515397056309 23.5156608451524 23.5102186839395 23.5277498243412 23.5152052240506 23.5486051684595 23.5440792589048 23.555022150849 23.5429116304046 23.5152985479487 23.5182199195731 23.5131252619651 23.5076213013167 23.509352689578 23.502885127433 23.5036352841638 23.4962297132189 23.4884549284956 23.4804267356527 23.4800088712386 -9999 -9999 -9999 -9999 23.45212570202 23.4552000676535 -9999 -9999 -9999 -9999 -9999
23.2642792699285 23.2762706617743 23.2977027309961 23.3205307356699 23.3367202224098 23.3608834259355 23.3774564636165 23.4010713213857 23.4162565780325 23.4302055609637 23.4728423854857 23.4911316185619 23.4999919150068 23.4993833955829 23.5044781271069 23.5229252840215 23.5245728335923 23.5247535415536 23.5312420928311 23.5442806001215 23.5413709838576 23.5378828934022 23.5416028595519 23.5527084387582 23.5182213364585 23.5292864257653 23.5328478526186 23.521304732386 23.5098177806628 23.5211466772346 23.5171901882075 23.574549417919 23.5239498790349 23.5268498745915 23.5215711797639 23.5157403454166 23.5170216109713 23.5099845226393 23.5023589190548 23.4942049521139 23.493336739668 23.4844523652303 23.4831526140905 -9999 23.4732086322012 23.4649940604299 23.4574948853764 23.4509385856937 23.4455375812976 23.4414967274909 23.4544338981311 -9999 -9999 -9999
