T2m/med_mese_clima/temp_med_11_2002-2019.txt
NCOLS 177 
NROWS 174 
XLLCORNER 1436301.375 
YLLCORNER 4916704.5 
CELLSIZE 1500 
NODATA_value -9999 
[rows 72 to 95 of 174, columns 0 to 53 of 177]
-9999 -9999 -9999 -9999 -9999 -9999 -9999 -9999 -9999 -9999 -9999 -9999 -9999 -9999 -9999 -9999 -9999 -9999 -9999 -9999 8.00950299535972 8.03449195670665 8.01347440824794 7.73957368677593 7.92185576183474 7.43287073272875 7.99434320917196 8.05728940310276 7.99063098181721 7.73028974454104 7.99976936497315 7.91597479678789 7.90478168082683 7.9235171500168 7.67728704869665 7.88877864746502 7.90857059986685 7.8336956429054 7.78017125121128 7.74360848609287 7.65750271734787 7.80796289267618 8.03645601804014 8.12816662489531 8.16299762813931 8.26050101412946 8.21425175080185 8.34420308657936 8.17545671294495 7.81513791761113 7.74202201738686 7.84806746302809 7.97771498366414 8.22375030530702
-9999 -9999 -9999 -9999 -9999 -9999 -9999 -9999 -9999 -9999 -9999 -9999 -9999 -9999 -9999 -9999 -9999 -9999 -9999 -9999 7.9567926555647 7.992792922519 7.77780909425459 7.76857344315726 7.87145317126078 7.76588692037884 7.98554653721339 7.68027982474297 7.81413094616053 7.92287552804373 7.82601233929923 7.71056084791704 7.81946212899206 7.74658288964752 7.73989415074674 7.85113894957255 8.00149243915609 7.90640138546192 7.76597269228035 7.79450654551149 7.69231619928483 7.78644950995607 8.0203360151324 8.06882302264309 8.09468064490038 8.14714407536158 8.06720474363997 8.31409155467535 8.19274004852504 8.06201772498949 7.89797614029709 7.927334209882 7.93243710082963 8.17615463258043
-9999 -9999 -9999 -9999 -9999 -9999 -9999 -9999 -9999 -9999 -9999 -9999 -9999 -9999 -9999 -9999 -9999 -9999 -9999 -9999 -9999 7.94408977580386 7.832757912318 7.7171951350566 7.87372650414146 7.86813815856166 7.86399108178635 7.68402592131801 7.87725766045353 7.940736510111 7.9125449773532 7.61353486622273 7.72111963236564 7.77666990458646 7.70101416514876 7.89033338237409 8.06461569866897 7.90564424711509 7.8375211344358 7.81156427806586 7.79064086681107 7.8150980559972 7.90847668211442 8.04083361320324 8.05015234778509 7.95653989483004 8.06171161965458 8.13371414521239 8.06135564627122 7.9950939374186 7.96107580681779 8.0175436162006 7.98518365275849 7.91518493384344
-9999 -9999 -9999 -9999 -9999 -9999 -9999 -9999 -9999 -9999 -9999 -9999 -9999 -9999 -9999 -9999 -9999 -9999 -9999 -9999 -9999 7.8953351992806 7.92217636708125 7.94558643172294 7.90237660564446 7.88589232980562 7.80483438004921 7.81094333358026 7.88394390539908 7.87452365671196 7.90784611501839 7.6968074238132 7.81993893937982 7.88236926507172 7.74385648627532 7.75440140734593 8.02161461264311 7.93756098243984 7.82222446641296 7.84133856708131 7.88411633564182 7.9351892255348 7.88642084997935 7.93292365029402 8.00022288298687 7.96934765504027 8.00209597863034 7.9636462316741 8.08783043597964 7.92037378690024 8.07877396182356 8.01248384538797 7.97685423023981 8.11727876102581
-9999 -9999 -9999 -9999 -9999 -9999 -9999 -9999 -9999 -9999 -9999 -9999 -9999 -9999 -9999 -9999 -9999 -9999 -9999 -9999 -9999 -9999 -9999 -9999 7.82322802915689 7.81390680839964 7.74140438677994 7.82126977601882 7.8034122086491 7.84978775749921 7.80720897043357 7.76702494317836 7.85314615446745 7.8648124950491 7.76921425373484 7.84988722460851 7.93228949569862 7.94074701795558 7.84462608637523 7.85365043611848 7.91538394961068 7.96489913387485 7.91763681207158 7.94674436994059 7.96320380658059 8.104000331385 7.968682101545 7.99580600714238 8.19657742857508 8.11758785925267 7.96834404003723 8.07306740991851 8.10860945626955 8.1273281523694
-9999 -9999 -9999 -9999 -9999 -9999 -9999 -9999 -9999 -9999 -9999 -9999 -9999 -9999 -9999 -9999 -9999 -9999 -9999 -9999 -9999 -9999 -9999 -9999 7.77970941357631 7.66270178712425 7.7398963774561 7.79660892940425 7.68698957544267 7.7227306246538 7.78043859524145 7.75341959194822 7.89987139860884 7.83369378769708 7.77257193631073 7.86657636218571 7.93981846363904 7.93735102669739 7.94548399492531 7.94136570222615 7.96330854214363 7.97690083409453 7.96283334316751 7.97694047269187 7.96644352239414 8.09607742347132 8.02514397518502 8.01529582550862 8.25917932954005 8.08405576059092 8.06463120062122 8.09881717432231 8.17167636267992 8.11977155550375
-9999 -9999 -9999 -9999 -9999 -9999 -9999 -9999 -9999 -9999 -9999 -9999 -9999 -9999 -9999 -9999 -9999 -9999 -9999 -9999 -9999 -9999 -9999 -9999 7.67978036696373 7.71201515343604 7.75549875498435 7.6653084414112 7.68661445323248 7.70513839340587 7.76066507384112 7.77338881320742 7.92668117039149 7.88980428969615 7.76850313656237 7.86213956589006 7.99422558012003 7.90896732273236 7.9275585898576 7.96494846900809 8.00163386622652 7.985301384599 7.99819022067531 8.0095507371059 8.03074447175837 8.11150415141613 8.05091975824234 8.03785744863131 8.06775416030675 8.14380533650724 8.05316241479328 8.13781202658873 8.23419403860174 8.36838694705208
-9999 -9999 -9999 -9999 -9999 -9999 -9999 -9999 -9999 -9999 -9999 -9999 -9999 -9999 -9999 -9999 -9999 -9999 -9999 -9999 -9999 -9999 -9999 -9999 7.63556868939935 7.75212695800017 7.70575914441193 7.68488232535295 7.70517268922151 7.70523334389338 7.71717793093897 7.83886492785657 7.98712145541149 7.89300184386448 7.93675598199368 7.93556088170235 8.00468715762659 7.91123790004894 7.94373443442901 7.9655391684186 8.00973487110624 7.99778237415719 8.01842452390123 8.03044643162199 8.04451355726642 8.07615127189458 8.06101060570525 8.04819041363119 8.05341360327405 8.1862832025246 8.16034198688564 8.20355922216466 8.25022762866394 8.29626890475465
-9999 -9999 -9999 -9999 -9999 -9999 -9999 -9999 -9999 -9999 -9999 -9999 -9999 -9999 -9999 -9999 -9999 -9999 -9999 -9999 -9999 -9999 -9999 -9999 -9999 -9999 7.74320857857536 7.70414305166634 7.69786420502161 7.70809826176052 7.83663885988664 7.96358877444807 8.02382097613841 7.94227724456681 7.93046389461969 7.89647032588896 7.8955766147093 7.8913828677068 7.90820644470817 7.93958995440421 7.98732577307619 8.02089551960337 8.02060224839387 8.02540674881055 8.04309267270257 8.05934573570918 8.07052281951431 8.0377073484022 8.07232243033081 8.21367251906228 8.233343496387 8.20525947761182 8.32011824682072 8.24586935015673
-9999 -9999 -9999 -9999 -9999 -9999 -9999 -9999 -9999 -9999 -9999 -9999 -9999 -9999 -9999 -9999 -9999 -9999 -9999 -9999 -9999 -9999 -9999 -9999 -9999 -9999 7.81178575329606 7.6509024337662 7.69393862882109 7.73267154284536 7.73995078680832 8.01992879081382 7.99772764999422 7.90630193741189 7.81466768211481 7.83325306187923 7.9564787830731 7.98813024025571 7.90230407861785 7.92774639498408 7.97945885610451 8.00601754504815 8.02732850308503 8.0283705380909 8.03844811536197 8.05052765218929 8.0610460613755 8.03122022803254 8.05065342161262 8.15065554871927 8.4730799031369 8.41789057815405 8.336694330544 8.26228788687536
-9999 -9999 -9999 -9999 -9999 -9999 -9999 -9999 -9999 -9999 -9999 -9999 -9999 -9999 -9999 -9999 -9999 -9999 -9999 -9999 -9999 -9999 -9999 -9999 -9999 7.8007347900334 7.76989768600367 7.64029046107963 7.67906624843858 7.72175004241867 7.75870062913315 7.88844321823053 7.89255109331018 7.79993352961792 7.81431123681347 7.93709441107331 7.95438722924199 8.0653317514272 7.91470576339542 7.93412166616381 7.98368449606963 8.01072948298036 8.04000745265186 8.08606877714248 8.17004993499947 8.17578934093459 8.06832799523065 8.07285939981661 8.07197118300261 8.19258755766855 8.43512668962785 8.26124732998795 8.27969424881615 8.3395872779378
-9999 -9999 -9999 -9999 -9999 -9999 -9999 -9999 -9999 -9999 -9999 -9999 -9999 -9999 -9999 -9999 -9999 -9999 -9999 -9999 -9999 -9999 -9999 -9999 -9999 7.76660035948093 7.82002130318226 7.704807119493 7.68809507661011 7.7037478642267 7.74202491196852 7.76775007952453 7.79002500049885 7.80532176556485 7.97650213853698 8.10776736350025 8.07211954344901 8.12844942348988 8.0370291403403 7.9321127272367 7.96770980525666 8.00206807463802 8.03498283802085 8.16841012047657 8.19367340791412 8.19780708280162 8.06899159468286 8.05647478851778 8.06257243029929 8.23734811488116 8.30918790067614 8.3078527795508 8.32181226659793 8.31614327495653
-9999 -9999 -9999 -9999 -9999 -9999 -9999 -9999 -9999 -9999 -9999 -9999 -9999 -9999 -9999 -9999 -9999 -9999 -9999 -9999 -9999 -9999 -9999 -9999 -9999 -9999 7.79395862201103 7.79760318298887 7.68744238268339 7.7001825205012 7.742374362182 7.76861335604571 7.78148220306681 7.8102782391568 8.02446748147971 8.12753265987167 8.14982897203221 8.21614384477733 8.28467422295 8.1699416324763 8.09132919733448 8.0173856785361 8.03872504415168 8.07348881542351 8.23935037726465 8.22827581757805 8.13893180061855 8.08129380377049 8.0945808185854 8.31948871727645 8.41065264547502 8.35202328480574 8.32980524912673 8.37840350000411
-9999 -9999 -9999 -9999 -9999 -9999 -9999 -9999 -9999 -9999 -9999 -9999 -9999 -9999 -9999 -9999 -9999 -9999 -9999 -9999 -9999 -9999 -9999 -9999 -9999 -9999 -9999 7.81764299242271 7.69188832347228 7.72125607006896 7.74457277024973 7.77464969888389 7.79116822017292 7.81714841433328 7.93851789301615 7.96323121680953 8.00208817737959 8.07012435994025 8.35779168777723 8.30167798238117 8.11914280584808 8.0224302599416 8.05489611944171 8.07752323025134 8.12994118946832 8.14161621887312 8.10043743924594 8.1063690584657 8.11445764678028 8.3583279751039 8.53349594023176 8.39092457346938 8.31825405715154 8.37415229528687
-9999 -9999 -9999 -9999 -9999 -9999 -9999 -9999 -9999 -9999 -9999 -9999 -9999 -9999 -9999 -9999 -9999 -9999 -9999 -9999 -9999 -9999 -9999 -9999 -9999 -9999 -9999 7.8391770206449 7.71774321514093 7.73113084170645 7.75490942927437 7.7888886600429 7.81942701104886 7.84265151603532 7.85453424354941 7.87536736110332 7.9016268233634 8.06303210066807 8.20674776163645 8.33586847845877 8.16572593251004 8.06222737055359 8.07940038956471 8.09401150489875 8.20701714260215 8.31624461180182 8.27448436520208 8.13586313969649 8.13892948800867 8.37173698439803 8.61603401416772 8.52798209911414 8.3870397791648 8.39738430477906
-9999 -9999 -9999 -9999 -9999 -9999 -9999 -9999 -9999 -9999 -9999 -9999 -9999 -9999 -9999 -9999 -9999 -9999 -9999 -9999 -9999 -9999 -9999 -9999 -9999 -9999 -9999 7.85483036992419 7.7319458989236 7.74902240804168 7.77327020083673 7.80784446186952 7.83548500677214 7.85911218795962 7.87481873097544 7.89606272311651 7.92979991953559 7.97842351651935 8.08734695888188 8.18973409295931 8.23076995875413 8.10045902226777 8.09697123744079 8.10734207313835 8.13443397452761 8.29992778955152 8.29693692855107 8.15015714852101 8.14816587118275 8.3580283893932 8.71506563957985 8.70511611329651 8.59485496180623 8.52343226511016
-9999 -9999 -9999 -9999 -9999 -9999 -9999 -9999 -9999 -9999 -9999 -9999 -9999 -9999 -9999 -9999 -9999 -9999 -9999 -9999 -9999 -9999 -9999 -9999 -9999 -9999 -9999 7.84639316243951 7.76453252291147 7.7611831118733 7.78926735708485 7.82782282567054 7.8593718829148 7.879912221192 7.89942732696939 7.92454912799998 7.95870682247702 7.98388430289103 8.01052667577974 8.12526315162858 8.24276207464322 8.24507363018297 8.17980484484281 8.14908253686809 8.25145069776206 8.28394192907607 8.34446121431024 8.21899699845968 8.18557410680227 8.40505475036334 8.54271814959443 8.88145880705175 8.97433932452133 8.81882886060421
-9999 -9999 -9999 -9999 -9999 -9999 -9999 -9999 -9999 -9999 -9999 -9999 -9999 -9999 -9999 -9999 -9999 -9999 -9999 -9999 -9999 -9999 -9999 -9999 -9999 -9999 -9999 7.8450628140681 7.87587752321732 7.81230112811278 7.81288917382738 7.84853252065323 7.8840269974221 7.90836384539784 7.92808281654564 7.95350521296499 7.98807111728822 8.00616751617763 8.03662902563295 8.05729580401562 8.08278456351227 8.12073593647525 8.16894670178281 8.31720350836185 8.37364576360227 8.41515653189323 8.40523403409832 8.4184987115537 8.37605877543573 8.45463016252611 8.6413233092182 8.92664522161373 8.80749287681138 9.01284668106416
-9999 -9999 -9999 -9999 -9999 -9999 -9999 -9999 -9999 -9999 -9999 -9999 -9999 -9999 -9999 -9999 -9999 -9999 -9999 -9999 -9999 -9999 -9999 -9999 -9999 -9999 -9999 -9999 7.88171561631379 7.91747997915262 7.84367404109636 7.87985877287938 7.91227413425941 7.94047737481889 7.96040812840175 7.9933755232908 8.02467113467167 8.05029342702949 8.07359710060408 8.09434497818862 8.12364454694651 8.14640423637514 8.16626485488809 8.39592890932976 8.3789732058585 8.476609011374 8.46382885836375 8.49687307742616 8.5466224472348 8.63920289829173 8.7843389539135 8.91610364739491 9.06259615059661 8.99576162223
-9999 -9999 -9999 -9999 -9999 -9999 -9999 -9999 -9999 -9999 -9999 -9999 -9999 -9999 -9999 -9999 -9999 -9999 -9999 -9999 -9999 -9999 -9999 -9999 -9999 -9999 -9999 -9999 7.91172041384543 7.94078021042572 7.95962714288573 7.93210558993165 7.93630702929776 7.97200769810424 7.9994602259792 8.02908555840056 8.05693528818532 8.08269224722364 8.10607088788446 8.13054394281157 8.15597373618276 8.17851462220086 8.19428131167054 8.21074968701805 8.39984850585363 8.3371268201569 8.40809178026806 8.52681455376553 8.70661172941208 8.82781313389317 9.32188219938349 9.33666368260391 9.38999548578669 9.40906249990168
-9999 -9999 -9999 -9999 -9999 -9999 -9999 -9999 -9999 -9999 -9999 -9999 -9999 -9999 -9999 -9999 -9999 -9999 -9999 -9999 -9999 -9999 -9999 -9999 -9999 -9999 -9999 -9999 7.82280547005464 7.96975352976962 8.0175170174451 8.02985122217452 8.01649306768479 8.02020842465421 8.03347154789417 8.06694593356836 8.09130743370494 8.11716770623195 8.14798692290252 8.16877487383993 8.19041748684187 8.20530951066509 8.22830170240818 8.27682928160674 8.2498593400741 8.26348306040527 8.27408908058657 8.27422499061617 8.60290579171253 8.98730261447979 9.3827755224808 9.41688021044854 9.43756750594572 9.47106699586449
-9999 -9999 -9999 -9999 -9999 -9999 -9999 -9999 -9999 -9999 -9999 -9999 -9999 -9999 -9999 -9999 -9999 -9999 -9999 -9999 -9999 -9999 -9999 -9999 -9999 -9999 -9999 -9999 -9999 -9999 8.02009665291198 8.06115474219612 8.08762364630861 8.09547078428302 8.065497648427 8.09548663591739 8.12726095193685 8.14954559456998 8.173004142087 8.19743174812949 8.21525692885228 8.23744563343714 8.25276271818054 8.28481605113683 8.28123138939366 8.29067188520503 8.29701786369925 8.28908778041185 8.59518103217757 9.21945391203644 9.41805483034745 9.44445268865743 9.4648916240464 9.49780208761771
-9999 -9999 -9999 -9999 -9999 -9999 -9999 -9999 -9999 -9999 -9999 -9999 -9999 -9999 -9999 -9999 -9999 -9999 -9999 -9999 -9999 -9999 -9999 -9999 -9999 -9999 -9999 -9999 -9999 -9999 -9999 -9999 8.10952596695843 8.14253850082471 8.09493912538124 8.12869031275714 8.16056975950247 8.20168912254281 8.21009356800792 8.23453489263012 8.24492632248332 8.27443952801374 8.28963817253907 8.30529680278693 8.31020445708242 8.31559729237564 8.32534375946138 8.43278380861557 8.75885711846874 9.23144319966687 9.45157770186743 9.47783150637046 9.50168027056708 9.52293332545202
-9999 -9999 -9999 -9999 -9999 -9999 -9999 -9999 -9999 -9999 -9999 -9999 -9999 -9999 -9999 -9999 -9999 -9999 -9999 -9999 -9999 -9999 -9999 -9999 -9999 -9999 -9999 -9999 -9999 -9999 -9999 -9999 8.1390836032882 8.17219629620816 8.16467658615045 8.15509096678823 8.1906939796478 8.21676116403108 8.24030473464867 8.26475698689695 8.27145804490412 8.29719974764857 8.31230932161237 8.32411992086799 8.33634728267118 8.34517887846868 8.35081890598458 8.70906912151652 9.19067561443513 9.44380985988852 9.47950288459547 9.50923127797938 9.53272023805587 9.55335550986717
