T2m/med_mese_clima/temp_med_11_2002-2019.txt
NCOLS 177 
NROWS 174 
XLLCORNER 1436301.375 
YLLCORNER 4916704.5 
CELLSIZE 1500 
NODATA_value -9999 
[rows 120 to 143 of 174, columns 108 to 161 of 177]
8.7074317517322 8.72820725319468 8.74926266899862 8.76389925816404 8.78173379483328 8.79934603151261 8.81659548585545 8.8430518891366 8.85601889067299 8.87482029698916 8.89304017268006 8.90732771093028 8.93086939591113 8.95057565488889 8.96324156838292 8.97555737201614 8.99092295356152 8.993036165265 9.01161560564881 9.02707511788685 9.04282703925956 9.05569185942752 9.07235927510512 9.08630688906853 9.09428643929406 9.11283548764792 9.1287522981751 9.14531870319481 9.16249237855596 9.18683481271707 9.20500752530505 9.24039877713565 9.25918289471671 9.27134404816044 9.29026803407321 9.31584393772112 9.32769401504211 9.3459848240352 9.3672480302543 9.38465174316525 9.40151555493055 9.41779411969823 9.436834694972 9.45524559976039 9.46965290723928 9.48344472115558 9.48652396993051 9.50928438213781 9.52140189559871 9.5364111284086 9.55098376461248 -9999 -9999 -9999
8.70508977049276 8.7224524942344 8.74331341160712 8.76093377066373 8.77844067047893 8.79894292464598 8.81579796509472 8.83549158926754 8.85130187300221 8.86651235360573 8.88441781396733 8.89840815087847 8.90854260448787 8.92148724679644 8.9406232021281 8.9693677720731 8.98143462504575 8.99345536414944 8.99896485526402 9.0145964577028 9.03057006713881 9.04699586874347 9.06066286395015 9.074940547192 9.09319652542869 9.11219575396486 9.12515467715673 9.14214125183561 9.15974520154025 9.17789370869807 9.19650216493149 9.21884353314496 9.24143307566897 9.26415326499317 9.28350684813825 9.31626931243597 9.32853067447844 9.34047122686362 9.362136730277 9.37993312479878 9.39718005167326 9.41382967018734 9.42985210958072 9.44861075175925 9.466727233901 9.48421173846707 9.49771279478981 9.50726503157845 9.52302448907276 9.53154452211449 -9999 -9999 -9999 -9999
8.69944576004992 8.71673070092329 8.74073164392316 8.75811127326198 8.77866376339468 8.79554723444183 8.80866708696937 8.83129110438751 8.84999835968335 8.86476374140033 8.87892214382595 8.88918056591898 8.90554305285449 8.9214412703478 8.93365894715743 8.95224847412616 8.96739567441924 8.98254877973009 8.99783904821428 9.01008145770948 9.02271053134513 9.03583439284161 9.04954591988802 9.06391034128009 9.08566767687839 9.10483506072194 9.12472704739897 9.1351908370539 9.15304856647892 9.17485540434306 9.1937664146572 9.21306008329691 9.22586202281202 9.25232805665537 9.27205859933893 9.29169586090831 9.30436572132729 9.33024106249095 9.34895139999898 9.37393521641042 9.38823171716977 9.40868734638181 9.42175621287233 9.44430956356567 9.45945511652945 9.47395875813924 9.49459017248407 9.5045044573103 9.52060798122457 9.52945317606655 -9999 -9999 -9999 -9999
8.7035049930034 8.72073402223023 8.73801045884774 8.75854533780663 8.77545274843211 8.79870295861436 8.81810132747624 8.83023556607189 8.84846603475736 8.86272076081847 8.87635732806877 8.89273922231803 8.90192997973507 8.91400764439416 8.93239058684467 8.94389685362055 8.95530500995153 8.97339812875127 8.99166833966006 9.00027176421075 9.00930740746733 9.02552743040144 9.04238232816262 9.05661036444335 9.07834283259951 9.09409375746655 9.11061224566258 9.12787261743573 9.145818703323 9.16438426988073 9.18347620513349 9.20637094346213 9.22618969747142 9.24619169368859 9.26287380095242 9.28287353779433 9.30269636303563 9.32561186740143 9.34814198880466 9.36682327801459 9.38834467240592 9.39913717651893 9.41606166814683 9.43233634115015 9.45132991897077 9.47304529013921 9.48062353778665 9.50446262504656 9.5142301552062 9.52683453680773 9.55242406642186 9.55734073202904 -9999 9.57947899538605
8.70381655332168 8.724417732188 8.74157885502282 8.76192211078299 8.78191986516327 8.79808566752671 8.81707409593982 8.83207941944418 8.84978907810359 8.86347329909626 8.88320612909605 8.89897417837955 8.91085379667974 8.92228672914478 8.93338203915751 8.94426556124861 8.95507246138924 8.96594409545031 8.98035305911768 8.99177053907155 9.00698846966601 9.01945678350013 9.03598515438909 9.04988038645256 9.06796146838197 9.08348427384391 9.09983098605931 9.11359467869051 9.13486996788419 9.1534395700703 9.17259438076756 9.19561292864996 9.21560892125516 9.23584343738987 9.25619214312455 9.27652496438357 9.29672158133834 9.32005115500187 9.33964561070809 9.35879680731471 9.37743515370766 9.39549708452572 9.41631772844628 9.42973578836362 9.4661382256426 9.48160641603273 9.47955093046608 9.49712444107212 9.52421878151419 9.52714181012302 9.54303461613422 9.54834081783355 9.55658594524728 9.5711734205798
8.70009407743954 8.72063812211175 8.74103378174807 8.76458810828455 8.78432035710537 8.80012973189371 8.81869323530584 8.83656668226171 8.85035228259143 8.86678275454726 8.88251288242744 8.9009531376328 8.9121077538326 8.9227984634041 8.93649243195403 8.94327497457138 8.94999517786737 8.96013778797759 8.97384809870125 8.98458838155465 8.99583432634524 9.01103883213935 9.02701843684339 9.0404101972671 9.05466148645841 9.07318652563226 9.08921140020949 9.10271686919845 9.12381187291687 9.13888208951969 9.16138314329283 9.18443593182626 9.20453257376094 9.22493875496648 9.24551810508974 9.26614635194952 9.29007859962423 9.31042483282306 9.33046169631171 9.35009728180984 9.36924197648487 9.38783672982503 9.40582651390483 9.42655604885138 9.44662510658195 9.46264789689653 9.47801284473133 9.49610760751364 9.51021131251068 9.53047453418897 9.54344481056977 9.5491701506233 9.56453994680732 9.57611859116933
8.70538040316192 8.72593687243482 8.74625238350931 8.76964200945804 8.789109061254 8.80794898565534 8.82269214347323 8.83667767787541 8.85325231738889 8.86903979483053 8.88407146292647 8.9017749211371 8.91213901276495 8.92536890823653 8.93486996196659 8.94414738905288 8.95335254274801 8.95929385069338 8.96882852473517 8.98210269652024 8.98253521618503 9.00708300950604 9.01897588094514 9.03172649582488 9.04539311940569 9.06001103573548 9.07559060914242 9.09549768881201 9.11291154389466 9.13115008307534 9.15012963178675 9.17313361395587 9.1932618246827 9.21377334811079 9.23453849590815 9.25542042181065 9.27628633713109 9.29701285450231 9.31748100180751 9.33759004092734 9.36063293353998 9.37976676423503 9.40169623085816 9.41961728414664 9.44363881691773 9.4602341929771 9.47278220834182 9.4948002622126 9.50942944721022 9.52682097595576 9.54026603210623 9.54980407625574 9.56558617190534 9.57417716379415
8.7194447716142 8.73667465551086 8.75357803944143 8.77000576742742 8.79261469415938 8.81449896997642 8.82879884153925 8.84225984865171 8.86162154602513 8.87336364863033 8.89104134288383 8.90796580415647 8.91748855011782 8.92989444450735 8.93848704774488 8.943426920471 8.94833817426163 8.96004787176263 8.96529721254175 8.97431256258715 8.9838897195244 8.99416523709967 9.0086008836584 9.02399288946661 9.04036215963616 9.05435215750968 9.06937716008105 9.08541878603502 9.10583567421879 9.12037829714544 9.13574925184517 9.1620199562097 9.18210688246513 9.20266559702486 9.22356089286754 9.24465164004796 9.26580009852045 9.28687437078128 9.30436458519584 9.32831802097618 9.34847657003096 9.37152511374627 9.39401147443435 9.41250314621735 9.43372492765619 9.45427588365915 9.4741468628253 9.48996829241692 9.50850663078088 9.5230367767309 9.53696601661953 9.55032825654086 9.56316303781858 9.57551035832605
-9999 8.74932503100145 8.766142035992 8.77898732652017 8.79794679778953 8.81949202636405 8.8401466578459 8.85307905779676 8.86507014435572 8.87275905468872 8.89308447749199 8.91259494337807 8.92468054154959 8.93276227519166 8.93699463881211 8.94437689568518 8.95165782016274 8.95901480537316 8.96662383328141 8.97465663433443 8.9832730611223 8.98591671005434 8.99277249761976 9.00059212408334 9.0295778319815 9.03946219731868 9.05725007020597 9.07273766586727 9.0892919872589 9.10684992635459 9.1287205768443 9.14801055650868 9.15787338594586 9.19193940937961 9.21290869308245 9.2341583828312 9.25554459819686 9.27692784158775 9.29817488480865 9.3225539013299 9.34318088162331 9.36335374892036 9.38299414842625 9.40204116616901 9.42720990424463 9.44832624823859 9.46200463632598 9.47500128233795 9.50082291225351 9.51586228102443 9.53364509180291 9.54745834215589 9.56071267493649 9.5734471063545
-9999 -9999 -9999 8.79976431839934 8.81164506645972 8.81592836759641 8.83609797348953 8.85192866321142 8.87690101059725 8.88052471668124 8.90012499198506 8.90531742969488 8.919886292568 8.93381940085191 8.94394216713122 8.94691689386085 8.95319032908153 8.95952677420304 8.96274977055562 8.97312734563271 8.97738623504973 8.98240781022859 8.98162763538337 9.01206148100411 9.02002399898191 9.0325399499919 9.04623712824273 9.06111033563274 9.08053175316368 9.09764781691595 9.11577456597698 9.13820545152641 9.15803172343405 9.17851063812559 9.20289572363515 9.22425123958119 9.24582097664677 9.26746057380342 9.28903137584675 9.31379233900882 9.33485245879852 9.35549440946089 9.3756353111863 9.39858449864462 9.42428807077921 9.43918253805277 9.45339658691359 9.47029542731351 9.48987747912191 9.5121542145708 9.53377268736221 9.548019597495 9.56167834230861 9.57478515992306
-9999 -9999 -9999 -9999 8.82325961672294 8.85096707399452 8.86397936167497 8.87590298697944 8.88672805346081 8.89647567343626 8.90520345761075 8.91638455460889 8.92673493279364 8.9364033431579 8.94217146731777 8.94759832814724 8.95624687213119 8.95819782168841 8.9637604230743 8.96975556498128 8.97636417269366 8.98039437216348 9.0056487516196 9.00478307462394 9.01193342393081 -9999 9.0467702112314 9.05418206022453 9.06628161447912 9.08625618329035 9.10738031439913 9.12950382688749 9.14911183023558 9.16946283759331 9.19041799576482 9.21182115697964 9.23351961123089 9.2553627194768 9.28397953327071 9.30228987051414 9.3237244589453 9.34816990438843 9.37214492049266 9.39218351250131 9.41837403685109 9.4371443234387 9.45184937429057 9.47260970943504 9.48928838850687 9.51202000976664 9.53069878026858 9.5453536504507 9.55939153883419 9.57284964334913
-9999 -9999 -9999 -9999 -9999 8.85994398420889 8.8759817287596 8.87723154847488 -9999 8.90347197310857 8.91152602332527 8.92535586853351 8.9281441229827 8.94034865158725 8.94859896630822 8.95309204933087 8.95740314929067 8.961738562463 8.96630317394045 8.97129821103789 8.97355102183203 8.97660653823752 9.00087013754271 -9999 -9999 -9999 9.04205315751682 9.05218039259697 9.06701961226279 9.08311722528734 9.09700186945129 9.11537481826021 9.13811005340628 9.16167797500105 9.18253255637675 9.2039212664033 9.22568381421707 9.24427058527425 9.27308786615941 9.29504742664701 9.32017817196432 9.34497531250521 9.36594796549368 9.38639896185452 -9999 9.43898660071824 9.45412663381604 9.47194158797223 9.49241930868212 9.50880960128316 9.52450714932575 9.54290354920593 9.55728616987525 9.57106259378226
-9999 -9999 -9999 -9999 -9999 -9999 -9999 -9999 -9999 -9999 8.92570240667581 8.93545798701826 8.94088661012202 8.95230204372213 8.95295287213234 8.95656995947419 8.96335107231917 8.96675489778297 8.97037296623028 8.974414450597 8.97571408752843 8.99474244656483 -9999 -9999 -9999 -9999 9.03565095499093 9.04849139232358 9.0695134177617 9.08165120794099 9.09505564287401 9.11302887299736 9.13205007092932 9.15198580970549 9.17608224254192 9.19399752913471 9.21575427175278 9.23779458574839 9.26335201158788 9.28888230050913 -9999 -9999 -9999 -9999 -9999 -9999 -9999 9.47515318076433 9.4892390133042 9.50598346103499 9.52201926125023 9.5407366772653 -9999 -9999
-9999 -9999 -9999 -9999 -9999 -9999 -9999 -9999 -9999 -9999 -9999 8.96362151191617 8.97180229686296 8.96200625781796 8.96188984109757 8.96470731440266 8.96728425122448 8.97658392732989 8.97257992407876 8.97573662900786 8.98966687073944 8.99424993732245 -9999 -9999 -9999 -9999 -9999 -9999 -9999 9.07522080977132 9.0881250417218 9.10906493748713 9.12772513487577 9.14737291991331 9.16785773364635 9.18902270195611 9.21070002071956 9.23272833967588 -9999 -9999 -9999 -9999 -9999 -9999 -9999 -9999 -9999 -9999 -9999 -9999 -9999 -9999 -9999 -9999
-9999 -9999 -9999 -9999 -9999 -9999 -9999 -9999 -9999 -9999 -9999 -9999 -9999 8.97955071468905 8.98557557219259 8.9808101342343 8.98263929408951 8.98441818391689 8.98979645710295 8.99899169764533 8.99168887849603 -9999 -9999 -9999 -9999 -9999 -9999 -9999 -9999 -9999 -9999 -9999 -9999 9.1411890857404 9.1681932086296 9.19253985668483 -9999 -9999 -9999 -9999 -9999 -9999 -9999 -9999 -9999 -9999 -9999 -9999 -9999 -9999 -9999 -9999 -9999 -9999
-9999 -9999 -9999 -9999 -9999 -9999 -9999 -9999 -9999 -9999 -9999 -9999 -9999 -9999 -9999 -9999 8.98568350497995 8.99356290114739 -9999 -9999 -9999 -9999 -9999 -9999 -9999 -9999 -9999 -9999 -9999 -9999 -9999 -9999 -9999 -9999 -9999 -9999 -9999 -9999 -9999 -9999 -9999 -9999 -9999 -9999 -9999 -9999 -9999 -9999 -9999 -9999 -9999 -9999 -9999 -9999
-9999 -9999 -9999 -9999 -9999 -9999 -9999 -9999 -9999 -9999 -9999 -9999 -9999 -9999 -9999 -9999 -9999 -9999 -9999 -9999 -9999 -9999 -9999 -9999 -9999 -9999 -9999 -9999 -9999 -9999 -9999 -9999 -9999 -9999 -9999 -9999 -9999 -9999 -9999 -9999 -9999 -9999 -9999 -9999 -9999 -9999 -9999 -9999 -9999 -9999 -9999 -9999 -9999 -9999
-9999 -9999 -9999 -9999 -9999 -9999 -9999 -9999 -9999 -9999 -9999 -9999 -9999 -9999 -9999 -9999 -9999 -9999 -9999 -9999 -9999 -9999 -9999 -9999 -9999 -9999 -9999 -9999 -9999 -9999 -9999 -9999 -9999 -9999 -9999 -9999 -9999 -9999 -9999 -9999 -9999 -9999 -9999 -9999 -9999 -9999 -9999 -9999 -9999 -9999 -9999 -9999 -9999 -9999
-9999 -9999 -9999 -9999 -9999 -9999 -9999 -9999 -9999 -9999 -9999 -9999 -9999 -9999 -9999 -9999 -9999 -9999 -9999 -9999 -9999 -9999 -9999 -9999 -9999 -9999 -9999 -9999 -9999 -9999 -9999 -9999 -9999 -9999 -9999 -9999 -9999 -9999 -9999 -9999 -9999 -9999 -9999 -9999 -9999 -9999 -9999 -9999 -9999 -9999 -9999 -9999 -9999 -9999
-9999 -9999 -9999 -9999 -9999 -9999 -9999 -9999 -9999 -9999 -9999 -9999 -9999 -9999 -9999 -9999 -9999 -9999 -9999 -9999 -9999 -9999 -9999 -9999 -9999 -9999 -9999 -9999 -9999 -9999 -9999 -9999 -9999 -9999 -9999 -9999 -9999 -9999 -9999 -9999 -9999 -9999 -9999 -9999 -9999 -9999 -9999 -9999 -9999 -9999 -9999 -9999 -9999 -9999
-9999 -9999 -9999 -9999 -9999 -9999 -9999 -9999 -9999 -9999 -9999 -9999 -9999 -9999 -9999 -9999 -9999 -9999 -9999 -9999 -9999 -9999 -9999 -9999 -9999 -9999 -9999 -9999 -9999 -9999 -9999 -9999 -9999 -9999 -9999 -9999 -9999 -9999 -9999 -9999 -9999 -9999 -9999 -9999 -9999 -9999 -9999 -9999 -9999 -9999 -9999 -9999 -9999 -9999
-9999 -9999 -9999 -9999 -9999 -9999 -9999 -9999 -9999 -9999 -9999 -9999 -9999 -9999 -9999 -9999 -9999 -9999 -9999 -9999 -9999 -9999 -9999 -9999 -9999 -9999 -9999 -9999 -9999 -9999 -9999 -9999 -9999 -9999 -9999 -9999 -9999 -9999 -9999 -9999 -9999 -9999 -9999 -9999 -9999 -9999 -9999 -9999 -9999 -9999 -9999 -9999 -9999 -9999
-9999 -9999 -9999 -9999 -9999 -9999 -9999 -9999 -9999 -9999 -9999 -9999 -9999 -9999 -9999 -9999 -9999 -9999 -9999 -9999 -9999 -9999 -9999 -9999 -9999 -9999 -9999 -9999 -9999 -9999 -9999 -9999 -9999 -9999 -9999 -9999 -9999 -9999 -9999 -9999 -9999 -9999 -9999 -9999 -9999 -9999 -9999 -9999 -9999 -9999 -9999 -9999 -9999 -9999
-9999 -9999 -9999 -9999 -9999 -9999 -9999 -9999 -9999 -9999 -9999 -9999 -9999 -9999 -9999 -9999 -9999 -9999 -9999 -9999 -9999 -9999 -9999 -9999 -9999 -9999 -9999 -9999 -9999 -9999 -9999 -9999 -9999 -9999 -9999 -9999 -9999 -9999 -9999 -9999 -9999 -9999 -9999 -9999 -9999 -9999 -9999 -9999 -9999 -9999 -9999 -9999 -9999 -9999
