T2m/med_mese_clima/temp_med_04_2002-2019.txt
NCOLS 177 
NROWS 174 
XLLCORNER 1436301.375 
YLLCORNER 4916704.5 
CELLSIZE 1500 
NODATA_value -9999 
[rows 96 to 119 of 174, columns 0 to 53 of 177]
-9999 -9999 -9999 -9999 -9999 -9999 -9999 -9999 -9999 -9999 -9999 -9999 -9999 -9999 -9999 -9999 -9999 -9999 -9999 -9999 -9999 -9999 -9999 -9999 -9999 -9999 -9999 -9999 -9999 -9999 -9999 -9999 13.5005438789307 13.5443604848072 13.5432782611671 13.5475834878652 13.4964069782329 13.5198598303642 13.5382848064859 13.5606530055747 13.5726060982999 13.592315188703 13.6100790405891 13.625517457117 13.6429095626458 13.6526959023984 13.6592653870349 14.0124157537964 14.3626312763736 14.4723994240907 14.544642089922 14.5602216438734 14.565778120905 14.5658395493339
-9999 -9999 -9999 -9999 -9999 -9999 -9999 -9999 -9999 -9999 -9999 -9999 -9999 -9999 -9999 -9999 -9999 -9999 -9999 -9999 -9999 -9999 -9999 -9999 -9999 -9999 -9999 -9999 -9999 -9999 -9999 -9999 -9999 13.5593544313309 13.5847753641067 13.5791883312025 13.5275478527232 13.5503620031521 13.5636518350472 13.581030973718 13.6113694724431 13.6216516396052 13.6347526777369 13.6548937598355 13.6770458735411 13.6868933714798 13.77998008297 14.0734645480809 14.199476370844 14.2370777796992 14.1290774765546 14.2903904562071 14.2765393354865 14.0472709514453
-9999 -9999 -9999 -9999 -9999 -9999 -9999 -9999 -9999 -9999 -9999 -9999 -9999 -9999 -9999 -9999 -9999 -9999 -9999 -9999 -9999 -9999 -9999 -9999 -9999 -9999 -9999 -9999 -9999 -9999 -9999 -9999 -9999 13.5794338466766 13.6220857643787 13.6201840473079 13.5914824533664 13.5765103864838 13.598619614214 13.6155939543927 13.6316914541212 13.6464899792021 13.6595575205249 13.675135759839 13.6927223362119 13.7073337725015 13.7097802057762 13.9254139524422 14.0376070689004 13.9123775828689 13.8326906743394 13.7161741101398 13.6990797953873 13.6795878185133
-9999 -9999 -9999 -9999 -9999 -9999 -9999 -9999 -9999 -9999 -9999 -9999 -9999 -9999 -9999 -9999 -9999 -9999 -9999 -9999 -9999 -9999 -9999 -9999 -9999 -9999 -9999 -9999 -9999 -9999 -9999 -9999 -9999 -9999 13.6504414444504 13.6475735829862 13.6500920034388 13.6210586088347 13.6195488174281 13.6173924695068 13.6519184106959 13.6711254245548 13.6841654305942 13.6997301304739 13.7128734574659 13.7277758192547 13.7441210263618 13.7526665555901 13.7488165361269 13.7415728962577 13.7354060743958 13.7436085213547 13.7313819232505 13.7080069194889
-9999 -9999 -9999 -9999 -9999 -9999 -9999 -9999 -9999 -9999 -9999 -9999 -9999 -9999 -9999 -9999 -9999 -9999 -9999 -9999 -9999 -9999 -9999 -9999 -9999 -9999 -9999 -9999 -9999 -9999 13.50499683523 13.5137724679757 13.5289481934872 13.569055399933 13.6740143547646 13.6792532815568 13.6899678766118 13.6831434300505 13.6491358570403 13.6652259391353 13.6807322159605 13.6997806401436 13.7173528976734 13.7239302631651 13.7327715774085 13.7570702846288 13.7648054432673 13.7737000159917 13.7704085523612 13.7769763129945 13.7713972082549 13.7626749895731 13.7598323869135 13.7327065608366
-9999 -9999 -9999 -9999 -9999 -9999 -9999 -9999 -9999 -9999 -9999 -9999 -9999 -9999 -9999 -9999 -9999 -9999 -9999 -9999 -9999 -9999 -9999 -9999 -9999 -9999 -9999 -9999 13.523710995953 13.522936468219 13.5286319011264 13.5408056744804 13.5451481166726 13.584063834701 13.6925165017693 13.7102489250814 13.7155128680687 13.7350517443005 13.7054287282885 13.689179518781 13.6998147984716 13.7141763758028 13.7363379630213 13.7476242536841 13.7567552456187 13.7724084014146 13.7894615125938 13.7900850148021 13.791876340374 13.7903390816576 13.7899062503508 13.8506072795573 13.7798025950773 13.7621315920221
-9999 -9999 -9999 -9999 -9999 -9999 -9999 -9999 -9999 -9999 -9999 -9999 -9999 -9999 -9999 -9999 -9999 -9999 -9999 -9999 -9999 -9999 13.5295055334422 13.5116196372279 -9999 -9999 -9999 -9999 13.5446435466164 13.5520528996623 13.565785105088 13.5764314532887 13.5794678314192 13.5982047259168 13.6874638155334 13.7358334735143 13.7581732303016 13.7633990247604 13.769239643754 13.730328768487 13.718052523784 13.7459467768314 13.7499983022037 13.7750064864671 13.7889379389998 13.7915490251662 13.8047570917972 13.8016540119389 13.8130484028389 13.8255126034594 13.8171044192533 13.809935879415 13.7955814700911 13.7873699648495
-9999 -9999 -9999 -9999 -9999 -9999 -9999 -9999 -9999 -9999 -9999 -9999 -9999 -9999 -9999 -9999 -9999 -9999 13.5585179779812 13.556660571609 13.5587581033375 13.5552277773152 13.5659545391089 13.5716082348654 -9999 -9999 -9999 -9999 -9999 13.5704324392086 13.5968200698623 13.6060180471042 13.6123297629262 13.6157722416742 13.6488322884387 13.7556447573601 13.7814550698482 13.79489996375 13.8046396263414 13.7879749555266 13.7487122088553 13.7584141983619 13.7716497267646 13.7879241538451 13.8023090423846 13.8099538558359 13.8194182729111 13.8215373490222 13.8337829500059 13.8427118413676 13.8352613014771 13.8377076213773 13.824290499226 13.8083645882772
-9999 -9999 -9999 -9999 -9999 -9999 -9999 -9999 -9999 -9999 -9999 -9999 -9999 -9999 -9999 -9999 -9999 -9999 13.5901378844502 13.5981271731528 13.5950534859218 13.5959598317476 13.5962109166301 13.601007236577 13.6009081595126 -9999 -9999 -9999 13.59235141693 13.5920390244407 13.5980859708807 13.6199609425709 13.6249143494719 13.6317518494814 13.6636549089898 13.6785197634236 13.7763748417792 13.8158922886177 13.8339631346103 13.817115778512 13.750873855526 13.7696310985467 13.7875702443187 13.8042262926457 13.8236011757574 13.8452377192388 13.8465877280929 13.8495836857264 13.8363547425129 13.8551213519914 13.8617510287719 13.8565895122144 13.8442236959999 13.8293128579336
-9999 -9999 -9999 -9999 -9999 -9999 -9999 -9999 -9999 -9999 -9999 -9999 -9999 -9999 -9999 -9999 -9999 -9999 13.6301489225678 13.6331228091849 13.6248094724636 13.6349948769516 13.6344924503366 13.6286016083792 13.6225602551914 13.6215793800304 -9999 -9999 13.6180912023018 13.6210020120193 13.6255548761451 13.6506689231055 13.6635059046798 13.6690243398081 13.6943349731975 13.8541228260136 13.7286638203364 13.8039058671026 13.8743120831524 13.8532516846842 13.8365760614577 13.7838899455465 13.7931861995564 13.8058912901381 13.8259500961389 13.8351004894437 13.8374578684645 13.8591891220708 13.8690345792925 13.875687084307 13.870498463471 13.8708457816666 13.8639428802608 13.8501218462661
-9999 -9999 -9999 -9999 -9999 -9999 -9999 -9999 -9999 -9999 -9999 -9999 -9999 -9999 -9999 -9999 -9999 13.6881382704533 13.6732190381046 13.666145182741 13.662354633205 13.6621059356674 13.6656221935138 13.6490710599522 13.6659031587285 13.6539975008648 -9999 13.6461936297338 13.6461852829413 13.652300584174 13.6600574093085 13.6695855821948 13.6764144528857 13.6853081509405 13.7938858503821 13.8414814416176 13.7375919625661 13.7763391570694 13.8472078938637 13.8913613774886 13.835471086549 13.7920387896803 13.8062569884962 13.8195765446586 13.8315171884899 13.8460527011984 13.8627319787421 13.8854241143784 13.8877305095304 13.8913144656644 13.8917455117541 13.8933481163729 13.8833906679268 13.8792832312168
-9999 -9999 -9999 -9999 -9999 -9999 -9999 -9999 -9999 -9999 -9999 -9999 -9999 -9999 -9999 -9999 -9999 13.7238285753235 13.723497135485 13.6968112475974 13.6925345990054 13.6915212143861 13.68926792615 13.6765710063705 13.6825742746036 13.6741636730963 13.6613637260369 13.6682919420303 13.666801166007 13.6667271498216 13.6683534203278 13.676524837116 13.6820907666138 13.6898424440836 13.6814929174502 13.6936425177046 13.7396330076733 13.7689311243915 13.8484796727335 13.8839441835476 13.8413653702881 13.7984234856972 13.8221512915445 13.8273087508458 13.8534947409703 13.8646481613371 13.8736832709662 13.9019536632321 13.9012997632235 13.9063003644024 13.9081565414628 13.9111511360564 13.9110824717815 13.899688421092
-9999 -9999 -9999 -9999 -9999 -9999 -9999 -9999 -9999 -9999 -9999 -9999 -9999 -9999 -9999 -9999 -9999 13.747294753122 13.7516589431933 13.7294487639366 13.7294022555184 13.7179603683902 13.7051593597564 13.705772759615 13.7009829845191 13.7007864074232 13.681824168152 13.6825631385548 13.67489932997 13.6686946299799 13.6736508270447 13.6759022473471 13.6802822006997 13.6915645655387 13.6914609137906 13.7074048667682 13.7209686606773 13.7725762325466 13.8518724390668 13.8786698138082 13.9019341831515 13.8029333302016 13.8229184619925 13.846751908711 13.8650626832593 13.8774462277676 13.8834910775282 13.9088403083203 13.9140691153757 13.9249294494275 13.9240474160547 13.9328189646161 13.9341057284615 13.9198628708501
-9999 -9999 -9999 -9999 -9999 -9999 -9999 -9999 -9999 -9999 -9999 -9999 -9999 -9999 -9999 -9999 -9999 -9999 13.7671874176591 13.7638733074073 13.7534782015707 13.7411879081565 13.7273900668646 13.7172798463684 13.7160335188634 13.7145024373334 13.7036516398705 13.6840056148523 13.6796659653597 13.6861947669016 13.6803988204207 13.6813319633432 13.68457781864 13.6902827664943 13.7076480172974 13.7046921512833 13.7223737790472 13.7422269834194 13.8439894489145 13.8668332551112 13.907700887321 13.9320277272299 13.8703799738024 13.851217557801 13.8664099296643 13.8932837663066 13.8965125365842 13.9234272906126 13.9303378730567 13.9471594652834 13.9479634825147 13.9455789450977 13.9484349421367 13.9482421937992
-9999 -9999 -9999 -9999 -9999 -9999 -9999 -9999 -9999 -9999 -9999 -9999 -9999 -9999 -9999 -9999 -9999 -9999 13.8036237399749 13.7853033506278 13.7693224760096 13.7609350080745 13.7604590198768 13.7443462007573 13.7274798315838 13.7293577497066 13.7264611909652 13.7101810831038 13.7089780659271 13.6953499819988 13.6928909143462 13.6834160310132 13.6902131589241 13.6950174892847 13.7070865061153 13.7081812655584 13.7210087518435 13.7407775413183 13.8336371374322 13.8480811487731 13.9112702075173 13.932135651346 13.9448982043641 13.8627918414477 13.8706723445858 13.886077857606 13.9127107507895 13.9327266110383 13.9415004229777 13.9601178506644 13.9585810220529 13.9706043094328 13.9667575803655 13.9681093142621
-9999 -9999 -9999 -9999 -9999 -9999 -9999 -9999 -9999 -9999 -9999 -9999 -9999 -9999 -9999 -9999 -9999 -9999 13.8125373192969 13.7887132238278 13.7767330687529 13.7865254839985 13.7847664596425 13.7721910365437 13.7493611743678 13.7355978588977 13.7266590432984 13.7090345781492 13.7018606776579 13.6962478735257 13.6925986427505 13.6866584824324 13.683330623257 13.6828137267866 13.6943231118251 13.7041699047299 13.7213688148911 13.7411453911409 13.7632344689596 13.8662422199021 13.8955893187069 13.9259897311198 13.9484548608934 13.9498918978209 13.9635405082403 13.9122910080799 13.9320604693051 13.9538849515499 13.956179600537 13.9682765622946 13.9771805164896 13.982737621398 13.9807667316837 13.983793040458
-9999 -9999 -9999 -9999 -9999 -9999 -9999 -9999 -9999 -9999 -9999 -9999 -9999 -9999 -9999 -9999 -9999 -9999 13.8178694513692 13.7980997754846 13.7851956458893 13.8033263877624 13.7956626098044 13.777137543384 13.7530292646607 13.7285841555914 13.7276667424253 13.7087355497987 13.7002889946695 13.6934784454618 13.6841252735396 13.6818311280698 13.6776953908623 13.676545682136 13.6876115965446 13.7017626074567 13.7233641812742 13.7343827688003 13.7525041272619 13.7994408085252 13.8863547679113 13.9221586513108 13.9459306577603 13.9657995308756 13.9853326638365 13.9454700780603 13.9501156725625 13.9613075530588 13.9742511832899 13.9801217224134 13.9870153288286 13.9946771731596 14.0029633639588 13.9913322565156
-9999 -9999 -9999 -9999 -9999 -9999 -9999 -9999 -9999 -9999 -9999 -9999 -9999 -9999 -9999 -9999 -9999 -9999 13.8576605288148 13.8132173360978 13.8088401824861 13.8067381168974 13.8073168401149 13.7734274186674 13.7527506637505 13.7363695107296 13.7294603302447 13.6999770118468 13.6903542277224 13.6824501289214 13.6813322038914 13.6735882920191 13.6687763643595 13.6671416262976 13.6824460914632 13.700938663939 13.7136836369471 13.725114628744 13.7394582613884 13.7607777959109 13.8279169353509 13.8995918829703 13.9292760329787 13.9551543618765 13.9848407823474 14.0136560884775 13.9961509059908 13.9637281765678 13.9832354941183 13.9956548642129 14.0172727759559 14.0147163406048 14.0209588910379 14.0276485227648
-9999 -9999 -9999 -9999 -9999 -9999 -9999 -9999 -9999 -9999 -9999 -9999 -9999 -9999 -9999 -9999 -9999 -9999 -9999 13.8481820295678 13.8189589977883 13.8062313112048 13.7961804541006 13.7610935136643 13.7485581873387 13.7402605707894 13.7274313875989 13.6967815412791 13.6814140740896 13.6679065685867 13.6705235744093 13.6574895009993 13.6521576700202 13.6638396608989 13.6788723114521 13.6839503404966 13.7059392850266 13.7179337383639 13.7330883700391 13.7510598905451 13.7845397288855 13.8964976120912 13.9194899950825 13.9431372894245 13.975011870667 14.0222639330268 14.0438275730829 14.0635237678071 14.0124596285706 14.03533391156 14.0266996435024 14.0995018898877 14.0389423113076 14.0436113442224
-9999 -9999 -9999 -9999 -9999 -9999 -9999 -9999 -9999 -9999 -9999 -9999 -9999 -9999 -9999 -9999 -9999 -9999 -9999 13.8270982967935 13.8157610766742 13.7971541275881 13.7859095236593 13.7590233205198 13.740573384246 13.7357322821087 13.7124361947231 13.6853661124938 13.6690152470608 13.6638445407105 13.6564970501314 13.6520459716105 13.6463013633796 13.6486609534052 13.6636475522385 13.6779080643313 13.6914523052466 13.7086160464978 13.7247439974819 13.7483152699455 13.7744648668322 13.7939701392529 13.9125664534617 13.9423722158576 13.968257025614 14.0017026946993 14.0418878325319 14.0681486410014 14.0880397755057 14.1011323028557 14.2970084795921 14.2891006832978 14.0689605731508 14.0316603428055
-9999 -9999 -9999 -9999 -9999 -9999 -9999 -9999 -9999 -9999 -9999 -9999 -9999 -9999 -9999 -9999 -9999 -9999 -9999 13.8308168953573 13.8088574831209 13.7937974896291 13.7813538642764 13.7626497134528 13.7336519284443 13.7136864690336 13.6986568226035 13.6659938204358 13.6487847923172 13.6474749221589 13.6395358798804 13.6346563017388 13.6286726826457 13.6264636805816 13.6461086575118 13.6607720428854 13.6749591336896 13.6930136745784 13.7102923279222 13.7308641201136 13.7586394061232 13.7843595307861 13.8160959703008 13.8657624609037 13.9606659584173 13.9885925062763 14.0313893940438 14.0643407872955 14.090925572582 14.0833990144279 14.1270933309317 14.1359626535354 14.144744794745 14.1456475892802
-9999 -9999 -9999 -9999 -9999 -9999 -9999 -9999 -9999 -9999 -9999 -9999 -9999 -9999 -9999 -9999 -9999 -9999 -9999 13.8120495951634 13.8031532137487 13.7915890424287 13.7639215804927 13.7441089316527 13.7187143469855 13.6884135356266 13.6817293826462 13.6574728003421 13.6487187770163 13.6511320519793 13.6290254608715 13.619280157028 13.6177070530484 13.6200728672646 13.6310547656733 13.637371139432 13.6523834705801 13.6714955450557 13.6944582441278 13.7209131231991 13.7373912298872 13.7780264731244 13.8033464595504 13.851074327999 13.8823221380445 13.9175257333893 13.951731879141 13.9924630170223 14.0857267765641 14.1160997627648 14.1314509828342 14.1545061744504 14.1732687970759 14.1765904519252
-9999 -9999 -9999 -9999 -9999 -9999 -9999 -9999 -9999 -9999 -9999 -9999 -9999 -9999 -9999 -9999 -9999 -9999 -9999 -9999 13.7940734760779 13.7767106678187 13.7480137214126 13.7131139253662 13.7007582822831 13.6834912000992 13.6666094744852 13.6462407854087 13.6321941126366 13.6295853143244 13.6207791049519 13.6063669389994 13.6048285474294 13.5984935448344 13.6055134956114 13.6170062798862 13.6285380469502 13.653234609808 13.681933185361 13.7142554942345 13.7326376209414 13.7581243463001 13.806930783269 13.8401081571213 13.8656031100292 13.9160149351475 13.9529971161285 13.9883398133979 14.0804146250331 14.1175176596643 14.1433847013232 14.1615381240565 14.1792298575638 14.1924375594495
-9999 -9999 -9999 -9999 -9999 -9999 -9999 -9999 -9999 -9999 -9999 -9999 -9999 -9999 -9999 -9999 -9999 -9999 -9999 -9999 -9999 13.7542802214404 13.7338646962004 13.6980989345612 13.6755225817324 13.6574710760691 13.6398997186656 13.6189805828986 13.6090550237332 13.6016063434684 13.5972027034257 13.5918491365909 13.5815377447149 13.5801111365387 13.5832953918735 13.5912120285668 13.6082521286149 13.6342237859442 13.6643638644965 13.6897894223036 13.7272663826948 13.75483577229 13.7889578144671 13.8246596025596 13.8694897728584 13.9306327924592 14.0059967219167 14.0160522716688 14.0865768638111 14.1226556559142 14.151350375315 14.1797748145553 14.1925979685731 14.2045758323599
