T2m/med_mese_clima/temp_med_09_2002-2019.txt
NCOLS 177 
NROWS 174 
XLLCORNER 1436301.375 
YLLCORNER 4916704.5 
CELLSIZE 1500 
NODATA_value -9999 
[rows 96 to 119 of 174, columns 54 to 107 of 177]
20.4172724179762 19.8735446858376 19.3282472807938 19.0736904188439 19.0609475260417 19.0585677380534 19.0500389400722 19.0530206797071 19.0848930271802 19.0947871513826 19.1225308394523 19.1679775906325 19.2025933670663 19.299289375201 19.3332797168239 19.3603007706646 19.4187573252358 19.4738190905268 19.5243410400352 19.5747338868725 19.6349711435279 19.6926629794131 19.7355041509996 19.7960803152501 19.8231640202713 19.8608718467246 19.8807495707981 19.8993684360198 19.9167468328586 19.9219158741326 19.9153485697424 19.908970231716 19.9036812094132 19.8780489847502 19.866980363126 19.9053003730521 19.8486401287608 19.8158588106833 19.8083514877206 19.78795288212 19.7893620610694 19.7965811868585 19.810269599445 19.8197188664746 19.8419111184157 19.8768271063556 19.935213643891 19.9943883234057 20.03733788189 20.0907477854464 20.1317512234661 20.1865494005372 20.2320073065402 20.2778458243205
19.533614366866 19.5374110808851 19.3878848991555 19.0877417873301 19.0867561225233 19.0846029724046 19.0819494836936 19.0850618278006 19.1057292446018 19.1214165193139 19.1492965803369 19.1779144440194 19.2239971549118 19.3153038885478 19.3550619154522 19.3934453420179 19.4407405842234 19.4958731562927 19.5520262609725 19.6079822072657 19.6568832859911 19.7143948425659 19.7681470679293 19.8115029060597 19.8492220761219 19.8806290250095 19.9164689163063 19.9172478989623 19.9278589077912 19.9373541362821 19.9349497753085 19.9269858401549 19.9199873579721 19.8981628297313 19.8739190397363 19.9048204286878 19.8572321480109 19.8167801511166 19.8016316222734 19.7961054238019 19.7787055897302 19.8009114982525 19.8128382530097 19.8150870698013 19.8302488467855 19.8860329492339 19.9266479551259 19.9849112309411 20.021574880923 20.0853915235092 20.1314159791208 20.185978556235 20.2260362017962 20.2883724062531
19.1425787616583 19.138986648956 19.2524518112951 19.2516300670641 19.127032254505 19.1252398495473 19.1228424783791 19.1204206576597 19.1355410029833 19.1456198656544 19.1678730347224 19.1908374826494 19.2369397604983 19.3396322645371 19.3849572468535 19.417551187796 19.4647073296599 19.525290973494 19.5812183095578 19.6312658406918 19.6854517815746 19.7369344570932 19.7845736488529 19.8385910186274 19.8756325168019 19.906257275649 19.9299907005305 19.9409652335205 19.9504386492997 19.9586684472792 19.9436003142542 19.9341209235472 19.9311568305791 19.9188582363942 19.8871391815244 19.9386117547788 19.8778738562175 19.8183785880586 19.8067787425881 19.7878673124587 19.7796259167703 19.7997679593919 19.8320388030047 19.8266645075413 19.8343012437205 19.877235914822 19.9271975284868 19.9673580984427 20.0081863324533 20.0652627424643 20.1211936344056 20.1748906756117 20.2359746730343 20.2814795324248
19.1592587196812 19.1509621159708 19.2741694802449 19.1354678962499 19.1413539215294 19.1400720127317 19.1380646656223 19.1473486461935 19.1454812373542 19.1670290766852 19.2006389249787 19.2291465238745 19.3318411761545 19.3605460878533 19.3999148870641 19.4434497124619 19.495841790357 19.5503418029573 19.6057801281279 19.6552826883616 19.7201669191416 19.7597475815017 19.8010714520744 19.8600279878002 19.890634130853 19.9203913526593 19.9431811993226 19.953109994093 19.9614668522377 19.9628497207987 19.9123749455882 19.9014578954546 19.9537221489814 19.9341521671905 19.894987535431 19.9391456319835 19.8650728561184 19.8203767717341 19.8123355835562 19.7968673475781 19.7807313972278 19.7930443976574 19.8174140834717 19.8153652786295 19.820755438596 19.8614585231775 19.9037900088238 19.9584334566523 19.9918079018821 20.0361813749086 20.0904931337745 20.1590051512837 20.2133593170655 20.2685758418202
19.1836190256808 19.1708649080984 19.1541929906888 19.1459242671462 19.1525701617068 19.1691003719661 19.1617748242152 19.1713198512069 19.1809842730391 19.1853747881692 19.2131360876606 19.2584444360563 19.3550514065747 19.3833404283871 19.416482171717 19.470726226215 19.5280991499984 19.5762093540657 19.6308751545494 19.645655194081 19.7379944877911 19.7880002467644 19.8340928573185 19.8808943491481 19.9162230192092 19.9393826605869 19.9611911096183 19.9700801246924 19.9773589180423 19.9776001311886 19.9087264583485 19.9306780708475 19.9589084363227 19.9208265927407 19.9478920301943 19.956257699017 19.8691806348271 19.8225053831231 19.8180346170376 19.8003436377222 19.7819024458014 19.7805063691785 19.8024418287426 19.8257830165812 19.8229747656281 19.8444100617221 19.8731614366117 19.9198881403696 19.9783761476953 20.0203886215943 20.0779456809867 20.1335391389304 20.1860218587811 20.239565353969
19.198439629827 19.1814197016782 19.171794340947 19.1703434431233 19.1663630449452 19.172072580491 19.1823928688449 19.1921843202407 19.201900440386 19.2175605341621 19.2449920515448 19.2784457311776 19.3744275068643 19.4133040112934 19.4513114436528 19.4989671377539 19.5609666076733 19.6080641432512 19.656033951889 19.6867173167176 19.727089947896 19.7986503414724 19.8549170659648 19.8950063384508 19.929292662771 19.9627058027957 19.9778617772715 19.9801127888538 19.9976348095927 19.991166680252 19.9837302342533 19.9476194705619 19.9632417213262 19.9408093315203 19.9718580113517 19.9506212102956 19.8786745447461 19.8357701020679 19.8179067830397 19.803657217615 19.7828346362211 19.7733231602881 19.7702364085354 19.8021729599166 19.8077244450306 19.826290173663 19.8521569747654 19.8960571990159 19.9460512253517 19.9907973221816 20.0510108647142 20.0933887639189 20.1489848901409 20.2058056779444
19.2210325183844 19.2114255083856 19.1974832029254 19.1972090791468 19.188443716192 19.2005485354103 19.2169975315626 19.2098541520488 19.2252284261382 19.2520021986535 19.2732509820321 19.300344897565 19.3500870443015 19.4502737500049 19.481503442672 19.5222948737452 19.5717197821819 19.6343830302072 19.6809734485159 19.7384823178575 19.7775468130906 19.7912732439632 19.9026463304291 19.9189873321379 19.935192932533 19.9844084930146 19.992854565344 19.9997115525325 19.9936466050331 20.0031379483364 19.9890360861141 19.9689509580495 19.9607523118704 19.9484655800374 19.9948359446203 19.9498472340871 19.8820316542611 19.8373077688394 19.8061641409784 19.8011211427083 19.7892541471265 19.7602509350764 19.7657552772174 19.7780299782372 19.7972464848828 19.7961214669667 19.8299200743399 19.8650010301997 19.9227445331113 19.9535176679778 20.0107367429621 20.0716530187757 20.1137629547186 20.1680358277579
19.2399922076465 19.2379435411967 19.2312961164791 19.2265597374808 19.2245120693897 19.231579348464 19.2484008608954 19.2470923874951 19.2509287119597 19.2772660898294 19.2978505357091 19.3240398984607 19.3896808195693 19.4771200698987 19.5125792030326 19.5461893227822 19.5996311041663 19.6606125008329 19.6998777875194 19.7557047231748 19.810014255735 19.8278528156941 19.8531576243549 19.8962270763261 19.9449373442551 19.9929613586739 20.0115750135133 20.0117494369908 20.0160324884481 20.0076380430662 19.9926290796787 19.9773038851042 19.9681820583983 19.9549005415628 19.9664776974939 19.9704592284267 19.890112283548 19.8326151296021 19.8109964864997 19.77554054328 19.7783612626418 19.7638013238042 19.7497189413009 19.758921371642 19.7750808356061 19.7873077966929 19.8066484322189 19.8273553453186 19.8599351627769 19.9199708525096 19.9630593245285 20.0315237205528 20.0705683224503 20.1166633330999
19.2726580131785 19.2611126808371 19.2618509146978 19.2584765127183 19.2517555324435 19.2538189539736 19.2766671170829 19.2981422705288 19.284672707167 19.3103997249484 19.3301071859182 19.3608159670656 19.3967098744817 19.431777452981 19.5331831374235 19.5705731465061 19.6220513640845 19.6753843899812 19.723897059454 19.7943219211747 19.8299551217188 19.8291987253027 19.8640339948513 19.9054964540258 19.9301599781784 20.0216547471125 20.0056030799374 20.0216897737477 20.0250459820375 20.0214772237367 20.0113629358862 19.9952841072247 19.9626509664464 19.9485433519572 19.9199115085495 19.9173765543701 19.9419421511744 19.933431428511 19.8150845912986 19.7665537740383 19.7502808744804 19.7500789177677 19.7277018674108 19.7507245053429 19.7415247142391 19.7504516266391 19.7718645323206 19.7834931836579 19.8289142240358 19.8689921544734 19.9248309769545 19.9736704011454 20.0147861778584 20.0737198567634
19.3019712707397 19.2868265415593 19.2779286254107 19.287356350157 19.2930696623764 19.2958051976801 19.3075844221873 19.328966624207 19.3264732876576 19.3344467995191 19.3587185048889 19.4105804745646 19.4222596804605 19.4610954022194 19.5601839953379 19.6010073910956 19.6501047382866 19.7010152384467 19.7416235895525 19.7986150017796 19.8486843754277 19.8348092375892 19.8733086625963 19.9073216670774 19.9303598689774 19.9643345783116 20.008703245666 20.0180632821445 20.0205010535008 20.0105459504353 19.9997283109151 19.9829999280387 19.9611063329729 19.9235416819386 19.9055612441224 19.8853352085841 19.8810887932777 19.8715129622174 19.8744687551054 19.8299251081539 19.7611350594885 19.7417970506396 19.711166036502 19.7034662181695 19.7134422775582 19.735671055766 19.7479963041128 19.7669165113496 19.797566144098 19.8392876250382 19.8641599601713 19.9632363927243 19.9631739009842 20.0081951915076
19.3224691263713 19.3266044191322 19.336561137689 19.3190657202616 19.3201787974947 19.3348891647154 19.3468870629829 19.3567786427217 19.3763143391673 19.3721232218608 19.3894543311301 19.4227491043232 19.4494002443164 19.4804177941186 19.5209633102819 19.604096502294 19.6616932509579 19.7265305890206 19.7478515001854 19.8077436794038 19.866371596301 19.9171405844914 19.8867085760657 19.9187210214777 19.9343390200254 19.9611030844056 20.0263619800485 20.0234790845925 20.0138430719098 20.003141497439 19.9804130162697 19.974456598742 19.9464583339058 19.925421796349 19.9011004822541 19.8858471243698 19.8526474833489 19.8083112466305 19.7990648831749 19.8145121523628 19.816479931846 19.7781480890657 19.7115480317847 19.7010118889398 19.6967294929813 19.7101022780018 19.7133177624656 19.7395683534605 19.7554151813189 19.7987170123887 19.8360163910864 19.909822286203 19.9274750517094 19.9582782039088
19.3570991061809 19.369140425823 19.3696610523747 19.353755466973 19.3671945288568 19.3656091911963 19.3777686441615 19.381783257461 19.3893958683367 19.4066001527382 19.4224303652881 19.4369889589866 19.4726731605913 19.5067979476461 19.5446313572798 19.5856450546823 19.6291630217855 19.679992206899 19.776011376926 19.8163484322385 19.8776677261519 19.9257023748234 19.9706185034561 19.9949968630022 20.0090154057338 19.9673570195453 20.0142326541102 20.0101885467501 20.0387564899821 20.0162038131311 19.9818324192426 19.9585412692369 19.9358053528258 19.9031755759798 19.8784714610641 19.8514754870385 19.8232740430235 19.7893597380107 19.7734218922611 19.7426925077368 19.7207512211526 19.7141301853827 19.6954492923553 19.7045051240449 19.7138740890404 19.6905877010119 19.7013825825576 19.7073775558788 19.730378997166 19.7534112284391 19.7868625310798 19.8462023891099 19.8708998087037 19.9035369801795
19.4002435788189 19.4033407285372 19.4114458257211 19.3915469824583 19.4004136366939 19.3994538722748 19.4228928806605 19.426564293232 19.4333601625943 19.4436825610136 19.4689114470592 19.4869929801002 19.5090111070818 19.5403711776776 19.5751996524109 19.6074645396317 19.6476816628628 19.6951348518199 19.7378520843398 19.8191906227082 19.8663134614094 19.9224592980906 19.9811555042882 20.0031539645155 20.0205925158005 20.0328121222603 20.0004551681674 19.9896070829296 20.0116299237023 20.0219502984183 20.0039435470546 19.9803780502286 19.9124437285109 19.8908754100364 19.8716030845545 19.8386812747514 19.8156990654015 19.7868072132878 19.7587222077457 19.7268356355062 19.720330613136 19.6894021683574 19.757965470487 19.7477123323604 19.7319166948055 19.7054256463416 19.6739912391622 19.6819273740396 19.7011868245376 19.7148949798877 19.7554361278603 19.7783460958098 19.8264783686301 19.850183367006
19.4351585794759 19.435108362182 19.4452066408187 19.454871039928 19.4424713325531 19.4476796840038 19.4599413670799 19.4631855691073 19.4690474033889 19.4945153004822 19.5122779224872 19.5280598627729 19.5418781013933 19.5812754224924 19.5962237654442 19.6305737459644 19.6727397267541 19.7109745388439 19.7444901462564 19.7891520108376 19.8383274690782 19.9023213258268 19.9799989565807 19.9939117594545 20.025554236743 20.0413575173947 20.0462778124621 19.9899731484714 19.9774966188546 20.0205415739639 19.9965887417586 19.967200593283 19.8591813427964 19.8887653291454 19.8751016922229 19.8477289675144 19.8132278181203 19.7839287003719 19.7608114528169 19.7054032203795 19.7033008979883 19.6763881217322 19.6592392935911 19.6468717769112 19.6565261217141 19.677247643014 19.6814129756404 19.6802958914223 19.6683031607938 19.6837833730425 19.704144585026 19.7506068063802 19.7896239739268 19.804349697603
19.4788255037247 19.4812994103398 19.4823156702945 19.5100851900885 19.4933734003687 19.4990959466645 19.5002680906924 19.5194670305246 19.5242766555242 19.5371017969127 19.5747562660187 19.5660808364246 19.5825503779858 19.613133568074 19.635654355146 19.6662806803848 19.6935164623942 19.7278263172656 19.7574582566171 19.7982084673483 19.8381993192061 19.8821723962043 19.9512129334274 19.973247619843 20.0188457634333 20.0435453479774 20.0412677280595 20.0446326099289 19.9758555861725 19.9679583563049 19.9825708456956 19.9920275641051 19.9074024210183 19.8858519939094 19.8666440202815 19.8393290280002 19.8047780295213 19.7696034971096 19.7403956563385 19.7012490527764 19.692415835186 19.6585395465942 19.6397104760392 19.6309232985456 19.6158557346193 19.6172736228121 19.6185816167872 19.6864568929106 19.6653245232267 19.7047342036495 19.6718221118395 19.6983057046226 19.7720669909531 19.7668775697245
19.5146301030199 19.5086702052432 19.5173480779427 19.5410944787859 19.55842515811 19.5755162804291 19.5657497362387 19.5624381924193 19.5770009077448 19.5990054585316 19.6340874629916 19.6393641751845 19.6256199850205 19.658183476287 19.6770071507947 19.6872379611963 19.7268051650865 19.7514561918656 19.7824172152261 19.8135789802552 19.8332553618941 19.8680199043656 19.8842430107895 19.9086174668404 19.9900069771522 20.017895048301 20.0302536294987 20.0266468539016 20.0012411377363 19.9649438569905 19.9567504623384 19.9492831579951 19.9485573363639 19.8824383096144 19.8521487927148 19.8305915114904 19.7961552469286 19.7553311533855 19.7371487366666 19.7031391680545 19.6710481714852 19.6529528120697 19.6270571613677 19.6165020373741 19.5936876849044 19.5814790935428 19.5912716867899 19.6006769092984 19.6430475797081 19.668145671582 19.670219737946 19.7152180509549 19.6869352786858 19.7495015329404
19.5537779321311 19.5942461484922 19.57771318089 19.5865565475985 19.5994156609702 19.6115019070996 19.617986048661 19.6194787415204 19.6219292201225 19.631218427747 19.6423486512283 19.6610256630266 19.6712177931349 19.6999525164812 19.6987200708225 19.7319832470454 19.756288078629 19.7657986128772 19.7978020847072 19.8138236313259 19.840306635751 19.8657155844215 19.8893445353018 19.90501107285 19.9888378034987 20.0033491590318 20.0246877592262 20.0250571682612 20.0206560961055 19.9615249071237 19.9584557339073 19.9619870243706 19.9222794912784 19.8843170101844 19.848740117151 19.8162813729786 19.7821047474294 19.7470420711266 19.7232098244844 19.677658385929 19.6562941606855 19.6373636431773 19.6102850947572 19.5869698808035 19.5791736660409 19.5703956834201 19.5609153989859 19.5676428591155 19.5793584687956 19.5848323867619 19.6170784533785 19.6258418318336 19.6714303705123 19.7090587267702
19.6071152015283 19.6390742250405 19.6410902640372 19.6407215399228 19.649209794071 19.6563305767636 19.6626821979024 19.6742115505278 19.675371783142 19.6667049627271 19.6646737250027 19.6803403620062 19.7140447976565 19.733551380887 19.7391262580456 19.7625998598482 19.771715513553 19.7874974366349 19.8149212302681 19.8373551296396 19.8487386277961 19.8700960079068 19.8845149638324 19.9022654093621 19.9228026719233 19.9290941042081 19.9646688225473 20.0127476790247 20.0181283005353 20.0191063351863 19.9769069026409 19.9636086570729 19.8961239225335 19.8863698463711 19.8511868682173 19.8135472985977 19.7797706260383 19.7506501660569 19.7213464550969 19.6870095574917 19.6484096624233 19.6232411016069 19.6065324342799 19.5763153513349 19.5556873435185 19.5506423628422 19.5389752996607 19.5376960683524 19.5356358988532 19.5438816290097 19.5566213457901 19.5735278448535 19.6052173680958 19.6400920752136
19.6580676110235 19.676390966617 19.6913303723357 19.7086271134373 19.7287257076223 19.7415715530229 19.7212266628922 19.7160208339816 19.7264773164368 19.7001129024559 19.6743090594256 19.6066967211616 19.7275792665561 19.7750835809214 19.7977172989651 19.7796745943155 19.7948603615983 19.8273224111261 19.8286672618959 19.8411106789249 19.853469399162 19.87602123169 19.8811272752696 19.8953129551724 19.9126682981068 19.9107485578739 19.9440093261224 19.9627258853742 19.988689345266 19.9942125358725 19.9680768734422 19.94902302772 19.8927876773846 19.8833140200658 19.8653755189891 19.8002090676763 19.7669255109278 19.7495204681105 19.7092480038698 19.6750354466539 19.6363266419481 19.605138325067 19.5877809156099 19.5565827326376 19.5459396406761 19.5449160681526 19.5313496431705 19.5223053172706 19.5122750682012 19.517978694209 19.5224916285254 19.5422412207681 19.5657073110913 19.5647720344755
19.7171727101084 19.7380514871115 19.7497846713316 19.7580555679698 19.7685667100157 19.7922806825065 19.7877793433109 19.7766531816616 19.764690896294 19.7681462663115 19.7560285966972 19.6650135898499 19.6274699425636 19.7559322265677 19.832219717565 19.8151925329504 19.8204295635223 19.8320838325249 19.8605996336441 19.857731118018 19.8602032845657 19.872992928153 19.8903217705426 19.8899858571484 19.8985734568626 19.8992952469969 19.9191594783831 19.9194151362925 19.9548136969103 19.9592431765787 19.9490458657763 19.9297195731223 19.8902497328104 19.8419233010951 19.8355963127366 19.787778447224 19.7550725161192 19.7212940649359 19.6927488281809 19.6757660366566 19.631528819734 19.5945366036389 19.571119515908 19.5561437626604 19.5332121348548 19.5309220873305 19.5101457090137 19.4992694113675 19.4927751115912 19.4962491290323 19.4872013118456 19.5156800297409 19.5255401177501 19.544284036295
19.7997910847381 19.8021531773024 19.8107633878825 19.8206150391702 19.8269142104291 19.8352945059881 19.8463032087299 19.8501058007337 19.8265619467121 19.8539638870597 19.8447193147503 19.8355297716108 19.8111340936801 19.6129689867089 19.4839418301713 19.8268862592002 19.8902789202077 19.8657420904091 19.873483346416 19.8712160819107 19.8744396223267 19.8774661952737 19.8906302943083 19.8919696070225 19.8917476697748 19.9004633321996 19.9068421099911 19.8995881300624 19.9003314916354 19.9421236924209 19.9478154878583 19.9171131993923 19.8720882896567 19.8240159995863 19.823723440388 19.8045634315997 19.750077379199 19.7169503567319 19.6833424739835 19.6611661957065 19.6284950826588 19.5972339419189 19.5679769252604 19.5469232794197 19.5345636228264 19.5200071396118 19.5035763595677 19.491160138509 19.4828965878959 19.478811014848 19.4844361591613 19.4883801014868 19.4959989040138 19.5236731131643
19.8786312608883 19.8682501154689 19.873811229778 19.8749526119095 19.887411281143 19.8962052548982 19.9018202464395 19.9252434615736 19.9109403315936 19.9053511512995 19.8988231704077 19.8970332834989 19.9563068888349 19.8937724420318 19.8827521691377 19.893168347739 19.8942603485642 19.9378975887484 19.9357807970823 19.9604544527305 19.8961553833951 19.9107970934109 19.8984402491596 19.9121165135126 19.9031842015636 19.8925733668289 19.9017847323478 19.8869837026943 19.8805648569555 19.8604416678996 19.9204030730411 19.9059232152513 19.8942616653473 19.8800670649205 19.8523884876173 19.8227156826591 19.7914815700754 19.7140757196023 19.692447661402 19.642651414582 19.6047740869062 19.585080917387 19.5558714975495 19.5346321506214 19.5161787616719 19.5009135808296 19.4835152448289 19.4755350861741 19.4714629650877 19.4769960899539 19.4695651610007 19.477197657105 19.488416845695 19.5029183470883
19.9687483342291 19.9814362406807 19.9840058432761 19.9513733060043 19.9596820894633 20.0139716810346 20.0192927505017 19.9714314697042 20.0060614992223 20.038521979047 20.0247909654298 20.025101707889 20.0100440270295 19.9697453744262 19.9952899671301 19.9912331341023 19.9879658599009 19.9804111022221 19.9736270125418 19.9830973565883 19.9199474842536 19.9195214118309 19.9296066643787 19.9660716355227 19.9057641970624 19.9083434750979 19.8986840127072 19.8926468425707 19.8790938757921 19.8522448862497 19.8394585616059 19.8686447479259 19.8790344731789 19.853857577456 19.8321779950368 19.8087154717433 19.7894772222672 19.7579747534727 19.7259299250018 19.6825249267797 19.6452854786872 19.6905716655355 19.726756717396 19.6182360507139 19.5119706517131 19.5076061375677 19.4895077657578 19.4692833400016 19.4640736682281 19.4682865005039 19.4649641080682 19.4596942443957 19.4804492253301 19.4875502786569
20.0191179870189 20.0492707623376 20.0688183212493 20.0829779782058 20.0920395658543 20.0964365309987 20.1014964582058 20.0979859244321 20.1011499107874 20.0969183027059 20.0858417077996 20.0635427203824 20.0600778845687 20.0463504276665 20.0476015046486 20.0342439506702 20.0214075220042 20.0397957016834 20.0029230568068 19.9973466149692 19.9924049632074 19.9931395571122 19.9836171432702 19.9739454197168 19.9638066555957 19.9528797097209 19.9138356766177 19.9056804964597 19.8959348671053 19.8953520244185 19.8653579271312 19.8331582789068 19.8377305682211 19.8460775102616 19.830426476734 19.7963644371179 19.78351302051 19.7754689297457 19.7160105667961 19.6847603388825 19.653943118198 19.6926183879452 19.7009211319616 19.6023735593181 19.5163000676291 19.5061043455226 19.4875923672246 19.4723823582076 19.4663222832546 19.4695038577378 19.4592810967797 19.4639125341124 19.4719218636838 19.4830962850368
