T2m/med_mese_clima/temp_med_08_2002-2019.txt
NCOLS 177 
NROWS 174 
XLLCORNER 1436301.375 
YLLCORNER 4916704.5 
CELLSIZE 1500 
NODATA_value -9999 
[rows 72 to 95 of 174, columns 54 to 107 of 177]
23.0040465566847 23.3073619691678 23.2080302919871 22.9578677588775 22.9965262223173 23.2144185498909 23.0625362358711 21.8960252501347 20.0016766708574 21.0369461456935 22.9735953618715 23.6510539650181 22.0624800626143 21.4717917374623 21.2892049720994 19.3653977742166 19.3580862253536 19.018672041687 19.7508392124264 22.4710188596337 22.8803742678813 21.4898810620661 21.2901820273311 18.7952136113688 19.3915524204572 19.4430118785228 19.9695815513899 20.4020322813664 19.3381977700893 21.3370563272341 22.2503934190597 22.174980707669 19.764943212933 19.8452426950137 19.5098590866283 21.2035609130506 22.483799643649 22.4073925455411 18.4925347678455 17.4212432662278 18.8383374714557 19.0748221440816 21.9901756055561 23.8993321941959 23.8929993717759 20.036310007322 20.4213187845401 17.813160781176 15.021919918649 13.7160701043076 16.9077863542386 17.5922492479469 19.1434708193496 20.7799423786593
22.7016815482834 23.1501661226337 22.9796534815688 23.1322972659711 22.9559894293915 22.6299684543668 22.883464354571 21.5673317643595 20.3920685488501 20.5228222026501 21.7234470064993 23.6513974554745 23.6451857842045 22.3597570278026 22.1928746348546 21.4877496790739 21.7912111821734 21.8689077254431 22.2506351390003 22.4755341323805 23.0972811230171 22.1681733196164 22.0233439936314 21.193418624666 19.7945223359414 22.0336243353508 21.2322241278342 20.9318056852729 22.2970384572759 22.5670126222534 21.7724268564471 21.9669327017702 21.8318944972238 21.6289641103627 20.1807256969405 22.2556317138819 22.4209421912829 18.2098534415533 18.7053730533447 17.3896626961452 19.4023094854973 19.4131066019153 19.0690623549767 23.9291903850473 23.9210990117656 22.530775265414 21.4123435763665 20.0636486166789 16.8149311950913 14.1497173072011 15.2624753421471 15.86023300647 20.002901029734 21.230785514911
22.5778056646571 23.3468043403125 23.2871557965691 23.0455916495235 22.5834623620098 22.5159094393989 21.9999118150752 22.6114514643028 22.2663871695966 22.6015504432313 22.7840227141792 23.4910235525649 23.6195757269859 23.1621170543594 22.2734889942923 22.0959485113621 22.1667546950005 22.3749248080048 22.8804969868542 22.8878531925472 22.946933095102 22.7286247585291 22.5834635477007 22.2349658081561 20.8518681795509 21.4665412139009 22.6121827548669 22.738579382867 22.8548494010796 22.1460547695925 20.233462632659 18.4897723827097 20.2643807629008 19.4833879292747 18.4985026750668 20.3304162497138 21.2376539268612 18.6865923809784 18.3922809593472 20.0474279651671 18.3060221005001 18.7775672047226 20.4781029200848 22.6568471360354 23.9434271813175 23.9289425596779 22.0618246148398 20.6770735856192 18.5004116189333 18.5618430592396 18.137601518815 17.9060033173105 19.7299459048259 19.7024896717366
22.8467490455986 23.3220560032644 22.8371620787514 22.8475739986072 22.8203399731789 22.4327773174386 22.3528382695752 22.4411875759378 22.427848131274 22.6160970557619 23.1351516435912 22.95276364169 23.5353864167208 21.6709036849899 21.7034627613462 22.5984284500281 22.9723792885557 23.0927319740072 23.0619053126117 23.1091110003583 23.0334518648224 22.855812573948 22.7505784145844 21.9106697503431 22.7210582984818 22.8677221711771 23.0477219644152 22.9482124668581 22.7385931587514 21.8385327560666 20.5617240458359 21.2651189773171 20.6956159291444 21.0185787217117 21.0425029831904 23.6367043982318 22.1142161147094 19.4406067211687 19.0922210208428 21.3352921338729 19.8519565346065 20.2709248482445 19.0841300147551 23.9696221564287 23.960210790384 23.9460953033265 23.6612318877821 20.7191683535223 17.2818635728992 19.4400483797362 18.164769515432 18.7042729995869 21.330799783895 20.8474192887912
22.891972372267 23.0465980188346 22.9178181786596 22.8583938335195 22.832425910676 22.379734442705 22.5990021616588 21.7418275868451 22.9547706931462 22.9542451794501 22.5371511220196 22.8112499545386 23.4374399420656 22.6363112607856 22.6577408101088 22.5764732733185 22.8361334719776 23.2324635476242 23.2332211415709 23.5903615635118 23.1755439388163 23.1073815127214 21.6496847307976 23.0453437084769 23.1898805719099 23.1762186020245 23.2465004795863 22.9890623041877 23.0818460850068 22.8946244859401 22.5116738404757 22.7891575685254 22.8358756826984 22.967932599415 23.0856985379884 21.8924783246753 22.2114106017866 20.0851313858856 21.8940223295747 20.4957358210911 16.9268897030457 20.7557714281259 22.3203423475778 23.9806886001869 23.971725506547 21.7004987328141 23.9418286894575 21.4979665498675 18.5577112516503 19.2556338267562 21.2821072069215 21.2455936020539 21.9794165977725 19.5801417321335
23.1869517683247 23.0152167571916 22.9221272724646 22.7232750270102 22.345852861581 22.7068612628513 22.887661046452 22.9272259133098 23.1024810284744 23.0288957426577 22.9684015151895 22.7647885911994 23.3469078225854 22.7295153773861 23.1129548558482 23.1853004707966 23.319012268973 23.3320863663414 23.4423986463635 23.5439429155102 23.3847652265319 23.3085431087164 23.2465350037004 23.2559946366298 23.3667461786741 23.3054056222056 23.4034576120936 23.3203042390906 23.3331241049884 23.1034576474884 21.9641421073749 23.2919642018683 23.2661021628498 23.0260528451131 22.3162563403447 22.2881561659736 22.6803253540286 21.4645645641986 22.9602686044611 19.6642669980173 19.5372824791773 21.2383248745659 19.1140873769919 23.0593045640139 23.978299211352 23.1051177283128 23.3850510998273 19.9950967993265 19.7343699049802 21.4852321720418 22.790569548548 20.6674529661367 21.3538961125745 18.8398417791467
23.3185217409958 23.3967668153621 22.9910334018277 22.9663368058793 23.0443252181565 22.8121157534329 23.0589673542682 22.9965482828058 23.238680017436 23.2086263554332 23.1781108384515 23.1472462037463 23.2230327876262 23.1585962234456 23.2542096803218 23.2503210884553 23.4224961213859 23.3996346438373 23.3982886602849 23.5489174931138 23.472685726778 23.5040530445399 23.5624053945512 23.52447601233 23.4580235049313 23.4270190520787 23.4751651160511 23.4197225009953 23.4450453781051 23.3971698448982 23.4903114145185 23.4134699886964 23.4563017388185 23.3567179007295 23.0277329660492 22.2099392022616 22.7755362229583 22.0528247346113 23.432664630001 21.9796702444553 21.4636973431817 23.1452728498865 23.6925023482906 23.9862900644909 23.9802981612859 23.9717422037213 21.9482318114351 20.4288052978339 20.4749865502487 19.7228410516992 22.7410048740882 19.7863189007029 18.04717398422 18.2085565053018
23.4411907469785 23.3698170941553 23.0549095537192 22.9607014670048 23.0031875611087 23.0449077484784 23.0518748000816 23.1589964302969 23.1647517625932 23.2371047075884 23.2355845730982 23.2008396209022 23.1535401479698 23.3189496470086 23.3721876695568 23.3524793227514 23.4480286239106 23.45703188203 23.4738819758833 23.6846301647616 23.4221149354805 23.5032361325658 23.6326846172044 23.5664569924643 23.5094732194771 23.4306326497484 23.4457136252044 23.4886579390661 23.5176595286823 23.2182537416617 23.6101626596333 23.5599872319787 23.0435388453949 22.5351288938228 22.3664901025501 21.9799405635139 23.3608573437473 23.6402258111371 23.7546145475941 23.9787425142747 23.9819647295975 23.9835673578727 23.9834918830866 23.9816844988016 23.9405807228736 21.2960121857531 19.4878094169829 19.8334782951408 22.2400376350791 22.3196641144929 23.059475913607 21.9416905604763 21.8509023210149 19.6442889047993
23.4914348471312 23.43769651541 23.2849375710075 23.2498609687075 23.1811923102832 23.1333203565927 23.0730020824038 23.1795437801031 23.2193506796419 23.1592735362642 23.2130374841484 23.2140601041876 23.1893086176596 23.2117651647992 23.3412176327205 23.3455982431218 23.4382382669567 23.512319562391 23.6018810588637 23.5216517157761 23.5377364420596 23.5889464693305 23.5578829404013 23.5408129759777 23.5304340108677 23.5057876015887 23.5566693327309 23.5584488576577 23.5873157627789 23.6575818420192 23.6707772134999 23.6332503717623 23.4525056252509 23.0241760520288 22.4170878586946 22.254569366979 22.910639717623 23.7093917235916 23.7062408551022 22.9495051429596 23.2734778594824 23.934162620409 23.935281134314 23.9354281399721 22.0670511950681 21.0999274384828 21.3116511013773 20.8607945598938 20.9432133424429 19.1506420248085 20.7916437982041 23.1921391367176 22.4562446400707 22.3290455591531
23.5447383791576 23.5418454573478 23.4035713613769 23.3669613226696 23.2134038711036 23.3000000089775 23.2573986389755 23.2833480025515 23.26948431458 23.2432222323653 23.245002230082 23.1950734420323 23.2389495100504 23.2576550947295 23.6696308988848 23.3587554703524 23.4618073985164 23.5536903959733 23.6681230679706 23.5710569891665 23.6834591830218 23.6249547389554 23.6384666961652 23.6103138105369 23.5952561947299 23.6275442429531 23.6520019626912 23.6893802478725 23.6693686398459 23.7534151585014 23.7231591760376 23.7480427407188 23.7287404565164 23.7437603639232 23.6645142694314 23.5191503281211 23.731933656666 23.786652973699 23.2543807558807 21.2352942163562 23.6198855667938 23.7690127742879 23.9199392691071 22.6700716243114 22.5943468358046 22.3335037705339 22.1410114847584 22.3333083394869 20.9756857048582 19.5926773074232 21.586396672034 22.1575554030177 18.8537980095104 20.7043749446486
23.6050943343728 23.5933300992589 23.5813241831314 23.424577759887 23.4662753116201 23.3362926370568 23.374320679903 23.3242502928516 23.2830338637034 23.2840554925395 23.2532910276342 23.2312655761654 23.244217947015 23.2589347466274 23.2687280109635 23.3397969686691 23.4128031958033 23.603282975709 23.611961567034 23.6681115330737 23.7034267708843 23.6893470647894 23.6782843841447 23.6663243428425 23.6809315258338 23.6802982420833 23.7058444792842 23.7578486325564 23.751758070934 23.7861351467209 23.8116373487461 23.7925753637596 23.8146543985532 23.8353823131249 23.7541195404382 23.6860942222454 23.7686464772548 23.7498153387028 23.5561978178996 23.2317825872957 23.6707468402974 23.7477886645146 23.751996219894 23.6076302309095 23.2392827619741 23.3913298482512 22.9830840419104 23.5503469371501 21.1012405537529 20.1879214002026 21.6007939591084 23.2520621637503 21.048221272966 18.9825258242495
23.724353582182 23.7054758517095 23.6825453290233 23.3855231080526 23.4272416776345 23.413960254781 23.381329627611 23.3643832888132 23.3494259595135 23.3231056943352 23.2791818337676 23.284961290124 23.2930348238091 23.3166905969013 23.3492090353995 23.600716323102 23.4404083654468 23.5668470792564 23.6404421295649 23.6534831818975 23.6736544244819 23.7073977502776 23.733682681381 23.7450671161398 23.7548909804703 23.7767551074057 23.7474893639117 23.7929464722121 23.815049062982 23.856078544443 23.859462643332 23.889206088693 23.9029026428123 23.8935422327047 23.8684669008962 23.8641151452506 23.7938794170633 23.7232534853765 23.5653077618575 23.1319634048291 23.7179636936865 23.6123690959112 23.6925066767651 23.2170805900185 23.6339092571058 23.6359272828073 23.7300113580109 22.9830474453208 22.5088360792325 20.499790868715 22.6258641607967 23.7500176357634 22.7451687788522 21.3842079299467
23.9700802955363 23.9419842144589 23.7740026311374 23.6780873186058 23.4233981505588 23.4081506813014 23.3809975479856 23.3699579797409 23.3476307563576 23.3691048956212 23.3386731094784 23.331688766347 23.3344139370654 23.3466969867547 23.3887208586858 23.4874191191461 23.5815932261355 23.5891515038632 23.6661039760083 23.6825101572054 23.7127715206441 23.756408102792 23.7923362354437 23.7992609625245 23.8110907122677 23.8344520361335 23.8063208434317 23.8592513815856 23.8813930488663 23.8937109740428 23.9175054752532 23.9389707688196 23.9442232178317 23.9121109295039 23.8857190477259 23.8800655507011 23.8378581506971 23.7664337595304 23.6807947980769 23.31882171962 23.4681329755871 23.2902803850763 23.6673665414622 23.4911657536471 23.690868749957 23.8343153188994 23.9352740089099 23.9695439414478 22.804953196608 23.3899274955561 23.4063412377864 22.8418575757815 23.872814551327 22.4147643338015
23.8500316880368 24.1044662567568 23.9648702820878 23.8319357468758 23.749166843847 23.6020771365107 23.4022524306804 23.3761404200836 23.3737402902709 23.3950710401123 23.3922285360319 23.3723981136157 23.3425446826735 23.3974581901674 23.4486201355487 23.4957789769879 23.6679849511311 23.7937699929432 23.7180094343645 23.7034032249156 23.7504267358486 23.8038349280387 23.8285591977614 23.8514719876978 23.8789840269972 23.896805742199 23.9185229163847 23.9229894438643 23.9521579874151 23.9781760569708 23.9800574223936 24.0074451138208 24.0114792616279 24.0067503043899 23.9650396873922 23.8864679390266 23.8652229445952 23.8590581328781 22.4590950702443 23.6151852365629 23.6208248116352 23.6660721958419 23.7894198804726 23.8791313173594 23.896919034587 23.9777748709844 24.0536374624865 24.1760032794358 24.1437594763291 24.1342143328837 23.8513104917091 23.2882856798761 24.0618698438744 24.1109872469931
23.8049072032357 23.9942991345017 24.0666836404506 23.951821745325 23.7568450579673 23.6722551272975 23.3766780014391 23.38410962224 23.3670949088203 23.3883728922149 23.3652700976089 23.4146675974498 23.4542094182821 23.4700049824185 23.5098421880492 23.5254103203615 23.5983667744531 23.7612061096562 23.6949666859191 23.7243050770259 23.7672670758065 23.8368506599356 23.8708546311767 23.8958714098106 23.9319307176419 23.9303390602271 23.9527938954624 23.9646044706121 23.9865587103514 24.0119002897062 24.0059561018591 24.0110087384412 24.0766643769211 24.028544210431 23.9573015139427 23.913370842551 23.8838908248477 23.8698823603583 23.9304388370779 23.766313938447 23.7884170171655 23.8586788144377 23.8431130223068 23.8985353834835 23.9874024610461 24.0721752077709 24.1670741377053 24.2498105043246 24.342007154815 24.3776151885957 23.5500445551343 23.150912668602 24.3352212632144 24.2551501399941
23.8920635998985 24.0538587714419 24.0074625659136 24.1235638995965 23.8169973690569 23.453277213338 23.3884704495654 23.387791508289 23.3909096263809 23.4118918437281 23.4439503836043 23.4734312203195 23.5003735414994 23.5246300408134 23.5391311898644 23.5502780702379 23.7071237705372 23.7710656787878 23.7006314517539 23.7463520952949 23.7987850591724 23.8571358240681 23.9001710769571 23.9339331704157 23.9783399889499 23.9710789230871 23.9941798703906 24.0131474320535 24.0418115390672 24.0526338199774 24.045829355128 24.0427161512551 24.0789451696255 24.0222797470328 23.9708120670583 23.9256883788992 23.9168593481735 23.9167080124219 23.9333573061007 23.9602243258629 23.9324375353478 23.9229592048828 23.9396711683568 23.9829011360068 24.0380097069122 24.1188649940638 24.2613885571191 24.3058231228664 24.3892561529889 24.43840735643 24.1841651020963 24.5068733705415 24.4391800816412 24.3692073805833
24.1620922075378 24.327323887304 24.1366247021858 24.0864272491432 23.7408245987362 23.5140342548306 23.4100596907698 23.3944223034529 23.40387079311 23.4177952100465 23.4638889729241 23.5078078582699 23.5153795386538 23.5412465014575 23.5440777471772 23.5574996005606 23.7308233969006 23.7633935085049 23.7223338625313 23.7707318320686 23.8257602981579 23.893415819642 23.9523049352346 23.9740730468138 24.0061285704742 24.0272828467834 24.0371017322864 24.049239399183 24.0706918635486 24.0738318474204 24.0729194813304 24.0544716432507 24.0612475301013 24.0801519215107 23.9850628495216 23.960059215478 23.9429620157789 23.9491117648872 23.9723392893503 24.0061411344711 23.9866573426459 23.9714560685334 23.997315681643 24.0355316696344 24.093347454439 24.1558266442499 24.2662604300328 24.3659095361645 24.4326070785522 24.4298537355146 24.6166350063718 24.3881377351873 24.3528244527034 22.9924606182693
24.4711989766286 24.5348676131831 24.5125963102152 24.1957541164057 23.8255383243531 23.5695333351324 23.4421617387254 23.4255284189442 23.4136786732409 23.4137786024882 23.4604317492909 23.498483695145 23.5416331473692 23.5690571941711 23.5667038241286 23.5958479091709 23.6351514315164 23.7726576585829 23.8160939282105 23.7781014638918 23.8493206908673 23.9055011592529 23.9593195341988 24.0032386950505 24.0365061977763 24.065383878755 24.0688195719395 24.0878846964718 24.115797657216 24.1182291329643 24.1022318018071 24.0893656076472 24.0805178595914 24.0554237849918 24.0007634601475 23.9742897127882 23.9843722584071 23.9965566640283 23.997516261869 24.0238237642212 24.004573575582 24.0119187384476 24.0391409096895 24.079284699022 24.1395554623486 24.2341841633673 24.3118339658519 24.4080307427012 24.4509582266395 24.5238321265321 24.6846741155342 24.4944271985395 24.4649399580779 24.8228283854178
24.4102598553086 24.6579631164486 24.3346594739107 23.9420937937719 23.7824802336869 23.5886882383882 23.7251044765667 23.4263835516977 23.4211453651205 23.4421357356472 23.4755722859759 23.521271294429 23.5587023399494 23.5739864625313 23.5941441478552 23.6047619319992 23.742049533791 23.7589568715037 23.784234044802 23.823779167658 23.8696909800724 23.9278045669014 23.9903157698519 24.028826147833 24.0700551183135 24.1064558058609 24.1101400536519 24.1360345187746 24.1287790966623 24.1372157675249 24.1270323903472 24.1127985272143 24.0882432325387 24.1107249712502 24.0401581788505 24.0261821323707 24.0133486752157 24.0242515814893 24.0528517391947 24.0570979385464 24.0663792369542 24.0669190477442 24.0878921282144 24.1150963926021 24.1916900881279 24.2668116874165 24.3402801083194 24.4112885488404 24.4863914369065 24.5909441964862 24.6840040849315 24.7885754650758 24.7963197257048 24.8902104630146
24.7003624470146 24.4745949575195 24.0535144740417 23.8859597360646 23.6076892620987 23.72674476313 23.8126762228983 23.5135839382807 23.4542016460572 23.4614862196239 23.4885118447704 23.5214720875393 23.5739151339472 23.5839403980308 23.6195827659265 23.659666955839 23.7238457122703 23.7702295339402 23.777142949899 23.8394601656331 23.894302507168 23.954212174813 24.0113903946347 24.0648812106362 24.1001470536361 24.1371348813728 24.1409991495403 24.159715505809 24.165767451201 24.1593920556852 24.1549284511142 24.1460929044971 24.1127222732997 24.1682976791888 24.0893549561501 24.0664965388216 24.0661257344999 24.0611606926094 24.0668849911219 24.0914488506906 24.0930397552473 24.0935958321448 24.114926784642 24.1715674844053 24.2347964219841 24.3113764176398 24.3658466811533 24.4466355267866 24.5038998362459 24.5489878609592 24.5925811395233 24.6284782283836 24.6854443079895 24.7410187733026
24.7509614763437 24.4853450090797 23.9768156483585 23.7634341722653 23.5703626604728 23.7114160138148 23.5881177854391 23.4348002855425 23.4435109822102 23.4651445931123 23.4928668848526 23.5199329308522 23.5531284033516 23.605865874629 23.6295271342919 23.7263682151282 23.7584319532653 23.8000870355853 23.8227288183607 23.8664284092409 23.9231231559942 23.9916879586967 24.0366047530999 24.0981019289405 24.1410160688706 24.1509625303157 24.1892668493736 24.2007880739224 24.1992112175918 24.1917015372971 24.1858328826633 24.161429538403 24.1473769574989 24.1448332726955 24.2039589945917 24.0951067975274 24.1068342988138 24.1070517773246 24.1110901686144 24.1059444604097 24.1065784876729 24.1277939191571 24.1418944032104 24.1843718154931 24.2411466168033 24.3118828509325 24.3749026397128 24.4506905579273 24.5034873410508 24.5670975566646 24.6263921015792 24.6870724995931 24.7408351383827 24.7719670629796
24.7752391829903 24.6109269236341 23.9464877504625 23.7806502980215 23.8409949845002 23.5141792959637 23.4465659944364 23.4497016407089 23.4517184588644 23.4738741759165 23.4886201308833 23.5237262873738 23.5789875651583 23.6194850288056 23.7067174794497 23.7436351655442 23.7637914625215 23.8142154440468 23.8937184934999 23.8911916213271 23.9495865675402 24.012760627049 24.0795796737995 24.1145741521576 24.1512646488937 24.182085922618 24.2134965839945 24.2245392610998 24.2290810320112 24.2274333353396 24.2201628083064 24.2011019274776 24.178068324298 24.1664369366051 24.2233974276501 24.1333885119285 24.1358785313589 24.1269612553679 24.1290923561579 24.1221805630643 24.1284133048705 24.1414699012115 24.1618774071152 24.1969962148019 24.22559635779 24.3107254990825 24.3816947073112 24.4518608974086 24.4993727841495 24.5650545416791 24.6406821904359 24.6970391906338 24.7397096869386 24.7811309941021
24.8094043656632 24.4970440751976 23.8543444520161 23.5072819602342 23.4892335904233 23.4893108750567 23.4591673556669 23.4625740274971 23.4650541897909 23.4879409369127 23.5105033568394 23.5397798354243 23.5756104050595 23.6314538950537 23.7206650872289 23.7384163184666 23.7947380487566 23.8331234543412 23.8799918452899 23.913332506536 23.9732788350847 24.030940802892 24.0920394089487 24.1485911884426 24.185804655964 24.2446957226889 24.2551231770604 24.2656220726761 24.2832612159811 24.2524734620695 24.2436863369412 24.2367984043227 24.2258680091228 24.1980790093357 24.189824536406 24.2377146299239 24.1604730343377 24.149227030189 24.1490927269429 24.1401676210356 24.1375195231703 24.1560290790634 24.1751588148835 24.2022519448657 24.2373614956567 24.3082946608832 24.3794846238913 24.4362309082791 24.329389730427 24.467538150078 24.6706389411732 24.6870274436327 24.7247902766422 24.7685636570424
24.824308935654 24.4552609260436 23.755202007956 23.5100398564044 23.4920920617786 23.4853441453274 23.4695471061601 23.4734083090299 23.4834743187015 23.5001568950253 23.5236886206232 23.5541071432608 23.598177450601 23.6485599073363 23.7186874970978 23.7518107993367 23.8097989008015 23.8566109557211 23.9119274059932 23.9534877853629 24.0078456677772 24.0876613914967 24.1218772227381 24.1722251859712 24.2238153271469 24.2479177310143 24.2580054199254 24.260857049477 24.2846445747364 24.2946124308639 24.2843023991143 24.2686254622024 24.2627625783285 24.2326993819372 24.2150923960739 24.267955760529 24.2161255353027 24.181167876794 24.164475028456 24.1531520789052 24.1482709917021 24.1577348748843 24.1891928201104 24.2147746119234 24.2557119730078 24.3117680501055 24.3754197963226 24.459986553148 24.4034179867786 24.4919208259494 24.653757784396 24.692061315716 24.7311489659327 24.7834044892847
