T2m/med_mese_clima/temp_med_07_2002-2019.txt
NCOLS 177 
NROWS 174 
XLLCORNER 1436301.375 
YLLCORNER 4916704.5 
CELLSIZE 1500 
NODATA_value -9999 
[rows 120 to 143 of 174, columns 108 to 161 of 177]
25.0388421573021 25.0610152647819 25.0863513192277 25.0993506010668 25.1217669837269 25.1454965180085 25.1698976964862 25.21663401458 25.2331644157569 25.2635597159097 25.2925741951407 25.3124442349246 25.35266992229 25.3834000162136 25.3971718892639 25.408901990711 25.4261253287027 25.4118930783537 25.4332572736858 25.4459082445981 25.4575251429169 25.460922114128 25.4711943479232 25.4736614437751 25.4610292975549 25.4706198824041 25.4727252182401 25.4748036457433 25.4768274533896 25.4936570350035 25.4953564200136 25.5343568899749 25.5353080176277 25.520636202303 25.520363847341 25.5344275475284 25.5175542132354 25.5149560634001 25.5191283579962 25.5150572635509 25.5103933073856 25.505286203196 25.5074649002817 25.5095930835347 25.5043529576725 25.4995322652805 25.472736251575 25.492132847471 25.4900217096747 25.4968040336797 25.5051103108459 -9999 -9999 -9999
25.0463306257018 25.0592297136048 25.0828282114164 25.1016191522281 25.1224987559848 25.1523070823999 25.1755217287276 25.2064931422104 25.2297310176455 25.2522359498489 25.2810636095059 25.3009682396312 25.3117415076421 25.3281322231263 25.3575204362104 25.4073754830861 25.4182271211971 25.4274463912587 25.4203364257459 25.434328256713 25.4473104678554 25.4595001908732 25.4636463410324 25.4673610709332 25.4782393142765 25.4889688430745 25.4845154625398 25.4874199364656 25.4901362002632 25.4925954041658 25.4947068544082 25.5038934750321 25.5125190703221 25.5204765655376 25.520134765572 25.5491332236632 25.5320054158016 25.5140081498358 25.5178180760072 25.5133393272942 25.5082400977612 25.5026805300771 25.4968525547304 25.4985273979328 25.5003948316162 25.5027072241277 25.4981615625782 25.4870091631089 25.4921324470897 25.4835447916278 -9999 -9999 -9999 -9999
25.0433758350802 25.0545932697661 25.0840125787405 25.1011661659052 25.1279915206962 25.1489014425395 25.1633333527748 25.2006959802575 25.230500933344 25.2522874867475 25.2731525127534 25.2853104121891 25.3109310986819 25.3349153303806 25.3497303764025 25.3777691412855 25.3967118804837 25.4141467737563 25.4302306510784 25.4376851246681 25.444165638126 25.4498622351223 25.4549509707056 25.4595746541465 25.4788422649289 25.4903740424433 25.5016733046667 25.4901462473251 25.4933927580898 25.5038218615968 25.5062758229397 25.5081858390643 25.4943654709392 25.5099533008205 25.5096278381936 25.508412420161 25.4911901431319 25.5032397540999 25.4993430521017 25.5097782681754 25.496933791814 25.4987196279897 25.485140716956 25.4941698839635 25.4883016554662 25.4828907603835 25.4932985898153 25.4820159619973 25.4870359929991 25.4783712009589 -9999 -9999 -9999 -9999
25.0597373552528 25.0693660371833 25.0821842669705 25.105244090822 25.1229848606351 25.1574170139837 25.1854428916066 25.1990395911682 25.2277346466059 25.2485678839831 25.268660909011 25.2951808072903 25.3054363826175 25.3217254017606 25.3514354780868 25.3646426726271 25.3763507072572 25.4016162474214 25.4256252061438 25.4261080572634 25.4256681463601 25.4394247174263 25.4525856388204 25.4577957628686 25.4777016569803 25.4822388040431 25.4864943712582 25.4904603037569 25.4940889825056 25.497315308562 25.5000474284461 25.5097306522322 25.5111743845322 25.5118290264665 25.5040714186651 25.5029428912534 25.5008792328982 25.505445701031 25.5091486984565 25.5045321638202 25.5068322317836 25.4860120122815 25.4800349934601 25.4740235007103 25.4757730935827 25.4855417406118 25.465828504533 25.4848468605383 25.4748673093908 25.4738673069595 25.5046895375958 25.4919572195889 -9999 25.5024249536756
25.0651626416195 25.0808459025842 25.0921031601635 25.1135746105953 25.137241325555 25.1550717754128 25.1816038285509 25.2012877495201 25.2286875482695 25.2483429255309 25.2824088327679 25.3080569213555 25.3250605831912 25.3407677760831 25.3550896958069 25.3680068867442 25.379557754081 25.3898264632549 25.4064221382141 25.4145112836067 25.4292265472589 25.4357439002137 25.4492334607207 25.4547283820164 25.4674039004026 25.4722280193258 25.476762007784 25.4734487106771 25.4848749655264 25.4883393209658 25.4912971398713 25.5012023412151 25.5028559240294 25.5037185988309 25.5037207014031 25.5028116252687 25.5009744381463 25.5057828668459 25.5021838399363 25.4978288841836 25.4928537327566 25.4874263380781 25.4892992076314 25.4760397966261 25.5158877576575 25.5108607292911 25.4687783882206 25.4730010730985 25.5010969376122 25.4777240823816 25.4861745918239 25.4737265254245 25.4707060182536 25.4847255545634
25.0593405089261 25.073615409489 25.0908927370001 25.1183343291283 25.1403944610078 25.1566014279554 25.1815409645622 25.2072004523542 25.2256069567469 25.2514012126275 25.2767023727482 25.3087323806168 25.3247165743951 25.3395369601102 25.3606125334899 25.3653928706675 25.3689324570291 25.3787997799155 25.3951053827633 25.4029788752397 25.4100661017277 25.4239999119882 25.4374675873621 25.4429709717815 25.44814651763 25.4605913720749 25.4652186647609 25.462013918235 25.4735842657678 25.469654120045 25.480350420946 25.4904720897292 25.4923654989696 25.4935032050551 25.4938083445584 25.4932403510735 25.499337554861 25.4970011387342 25.4938443725492 25.4899621877405 25.4854804914675 25.4805676167394 25.4754162917167 25.477800723432 25.4804033065284 25.4759109318992 25.4721319215533 25.4768621532269 25.4752230711925 25.4900881564911 25.4914194806123 25.4793730690155 25.4918268109545 25.4986461339173
25.07203443617 25.0850041348257 25.100842115099 25.1267459926046 25.1471837650846 25.1692636130768 25.1849871533888 25.2014531747059 25.2257689721054 25.2500111270834 25.273842002433 25.3045077358499 25.3192167084158 25.3403949705907 25.3529125309285 25.3642688183873 25.3744859233315 25.376126108199 25.3843153469357 25.3991736512125 25.3832942270202 25.4194455071732 25.4250629301424 25.4303345687595 25.4353326640747 25.4401033455207 25.4446648873665 25.4565526567859 25.4606111377845 25.464324974793 25.4676177422206 25.4779546845106 25.4801229089866 25.4815906267843 25.4822944977401 25.4821831251368 25.4812370994209 25.4794701433476 25.4769318464362 25.473708377429 25.4774832166271 25.4732912629475 25.4764355605031 25.4720081492706 25.4829118928792 25.4791506113094 25.468524036952 25.4814971995207 25.4805067138172 25.4884280622005 25.4903261398828 25.4863518570676 25.4992799166544 25.4989718865465
25.1029400436231 25.1071670323242 25.1140960934721 25.1233901951784 25.1497536782129 25.1776827702552 25.1916606112763 25.2063668482833 25.2364814193896 25.25147892612 25.2811958039248 25.3102937323812 25.3235019301191 25.3433317611983 25.3545463314763 25.3571315254694 25.3587353019803 25.3744217550313 25.3742031548494 25.3807611353603 25.3867050584452 25.3921667164491 25.404772520654 25.417162657152 25.4293599941848 25.4338426975557 25.4381957411766 25.4423958249298 25.4539747096874 25.4501642557574 25.4460165446187 25.464135364765 25.4666007794716 25.468457851145 25.4696379462878 25.4700861278875 25.4697782247155 25.4687211199307 25.4593947555548 25.4645627350719 25.4616492810809 25.4659194924213 25.4699858402028 25.4664854236591 25.4707529676549 25.4754556387295 25.4808205597931 25.4795159272206 25.4868747011379 25.4879759614114 25.4905524568057 25.4947487584603 25.5006745543745 25.5084047653793
-9999 25.1322594379201 25.1378591296849 25.1381077077654 25.1553152806229 25.1815348922471 25.2088265700841 25.2217000813396 25.2348880497026 25.240515997454 25.275989322162 25.3108979570277 25.3300146375174 25.3406664605494 25.3427903063503 25.3515346094414 25.3593467230414 25.366296170008 25.3724825680992 25.3780261191321 25.3830547981792 25.3726566545021 25.3695114849526 25.3662016281375 25.4079541006942 25.4044418543209 25.4160411481504 25.4200204418765 25.4239183704794 25.4276682532864 25.4387594454082 25.4419629923355 25.42210844608 25.4546240326063 25.4563449824298 25.4574399531624 25.4578738363437 25.4576480526247 25.4567865058228 25.4629239232452 25.4610237261395 25.4587858345773 25.4563659017469 25.453945975392 25.4668465725434 25.4725965906808 25.4638550027653 25.4559602877976 25.4793397876216 25.4812826846853 25.4921848829882 25.4970724665824 25.5036096960674 25.5118709369206
-9999 -9999 -9999 25.1781370725161 25.1786343657676 25.1654106871581 25.1908750644437 25.2094363927105 25.2509233151689 25.2470789055765 25.2806659018552 25.2835397933 25.3083491382775 25.3323448083283 25.3479702914203 25.3475426153636 25.3538643616953 25.3594192317974 25.3567813757025 25.3686708591602 25.3650862436236 25.3612276977227 25.3421624179976 25.3908047616482 25.3866875389476 25.3902123413704 25.3938265016049 25.3975122765259 25.4088150092849 25.4125232655325 25.4161332351926 25.4271284666326 25.4302740991116 25.4330452896195 25.4429406213172 25.4447511355082 25.4460085642191 25.4467007002713 25.4468455728189 25.4540620763361 25.4532963598952 25.452229217909 25.4510019665883 25.4573414394885 25.4714318156978 25.4632165161916 25.4555923172721 25.4563155949116 25.4655754940009 25.4835515534436 25.5028461542394 25.5084764940503 25.515664105798 25.5244819802266
-9999 -9999 -9999 -9999 25.1967193248831 25.2346670946221 25.2432425010352 25.2523595860711 25.2617040645193 25.2709884265323 25.2799683701109 25.2959940361388 25.3113558385843 25.3259619997607 25.3322184823177 25.3376775762917 25.3499259326929 25.3464215985051 25.3498970587312 25.3529367952435 25.3556772511682 25.3507140327383 25.3910534448094 25.3708825877419 25.3660719794992 -9999 25.3948017123305 25.3829799162017 25.3789745803968 25.3901397042804 25.4014013313217 25.4126194611008 25.4161274575157 25.4194009270197 25.422363006995 25.4249393144507 25.4270803739995 25.4287644264139 25.4451276951366 25.4383637518059 25.4388117261139 25.4465663242487 25.454182770002 25.4542404846645 25.4696001714394 25.4701824985169 25.4637420245159 25.4731498334879 25.4759026499442 25.4948487682843 25.5074587163366 25.5138619051303 25.5217227770223 25.5311085468457
-9999 -9999 -9999 -9999 -9999 25.2455039628494 25.2598699004562 25.2444372653961 -9999 25.2742821056166 25.2812748798618 25.3028745036802 25.3011862326551 25.3214399387071 25.3333992235454 25.3370836466919 25.340099128161 25.3425360455925 25.3445096731186 25.3461522112658 25.3400666974945 25.3339288373788 25.3731812914948 -9999 -9999 -9999 25.3815845716147 25.3769512698238 25.3802311371874 25.3837826714839 25.3799539448302 25.3838187570189 25.3952703207363 25.4066416256957 25.4102588605734 25.4136280905317 25.416688112933 25.4118260221717 25.4293147045153 25.4313219383175 25.4406025324339 25.4496631342688 25.4510391066104 25.4524274469158 -9999 25.4860976559145 25.4808775162255 25.4838831941287 25.495277378515 25.5000919552497 25.5060316158666 25.5207773973912 25.5293109996819 25.5392535556246
-9999 -9999 -9999 -9999 -9999 -9999 -9999 -9999 -9999 -9999 25.2995165471677 25.3115901883738 25.3154968327946 25.3338401674488 25.32883260515 25.3307204018405 25.3395667878198 25.3403717575986 25.3408093606248 25.3410183596758 25.3336027911416 25.3640580982338 -9999 -9999 -9999 -9999 25.3622043068762 25.3647486990617 25.3829444599004 25.3788069637469 25.3750282132331 25.3791032950819 25.383344660497 25.3876580415685 25.3995202233026 25.3961139372101 25.400098740613 25.4038471722308 25.4149055917322 25.425700179883 -9999 -9999 -9999 -9999 -9999 -9999 -9999 25.5036997011414 25.5010457684964 25.5068468935696 25.5136676271021 25.5291837025572 -9999 -9999
-9999 -9999 -9999 -9999 -9999 -9999 -9999 -9999 -9999 -9999 -9999 25.359901062206 25.3694917149014 25.3404510482594 25.3336011926333 25.3337129802616 25.3333087121999 25.3475970424988 25.3314077850477 25.3301916226928 25.3516855135376 25.3506614642379 -9999 -9999 -9999 -9999 -9999 -9999 -9999 25.3604846824098 25.3567555685102 25.3686134503211 25.3732116849334 25.3780319444927 25.3829686036816 25.3879266879441 25.3928235719233 25.3975980334076 -9999 -9999 -9999 -9999 -9999 -9999 -9999 -9999 -9999 -9999 -9999 -9999 -9999 -9999 -9999 -9999
-9999 -9999 -9999 -9999 -9999 -9999 -9999 -9999 -9999 -9999 -9999 -9999 -9999 25.3639076346968 25.3704480826855 25.3536298659848 25.3515764037768 25.3491944238728 25.3542262231862 25.3668261101952 25.3415442241563 -9999 -9999 -9999 -9999 -9999 -9999 -9999 -9999 -9999 -9999 -9999 -9999 25.3629628352913 25.3836851181071 25.3969776378002 -9999 -9999 -9999 -9999 -9999 -9999 -9999 -9999 -9999 -9999 -9999 -9999 -9999 -9999 -9999 -9999 -9999 -9999
-9999 -9999 -9999 -9999 -9999 -9999 -9999 -9999 -9999 -9999 -9999 -9999 -9999 -9999 -9999 -9999 25.3414971949878 25.3527531244137 -9999 -9999 -9999 -9999 -9999 -9999 -9999 -9999 -9999 -9999 -9999 -9999 -9999 -9999 -9999 -9999 -9999 -9999 -9999 -9999 -9999 -9999 -9999 -9999 -9999 -9999 -9999 -9999 -9999 -9999 -9999 -9999 -9999 -9999 -9999 -9999
-9999 -9999 -9999 -9999 -9999 -9999 -9999 -9999 -9999 -9999 -9999 -9999 -9999 -9999 -9999 -9999 -9999 -9999 -9999 -9999 -9999 -9999 -9999 -9999 -9999 -9999 -9999 -9999 -9999 -9999 -9999 -9999 -9999 -9999 -9999 -9999 -9999 -9999 -9999 -9999 -9999 -9999 -9999 -9999 -9999 -9999 -9999 -9999 -9999 -9999 -9999 -9999 -9999 -9999
-9999 -9999 -9999 -9999 -9999 -9999 -9999 -9999 -9999 -9999 -9999 -9999 -9999 -9999 -9999 -9999 -9999 -9999 -9999 -9999 -9999 -9999 -9999 -9999 -9999 -9999 -9999 -9999 -9999 -9999 -9999 -9999 -9999 -9999 -9999 -9999 -9999 -9999 -9999 -9999 -9999 -9999 -9999 -9999 -9999 -9999 -9999 -9999 -9999 -9999 -9999 -9999 -9999 -9999
-9999 -9999 -9999 -9999 -9999 -9999 -9999 -9999 -9999 -9999 -9999 -9999 -9999 -9999 -9999 -9999 -9999 -9999 -9999 -9999 -9999 -9999 -9999 -9999 -9999 -9999 -9999 -9999 -9999 -9999 -9999 -9999 -9999 -9999 -9999 -9999 -9999 -9999 -9999 -9999 -9999 -9999 -9999 -9999 -9999 -9999 -9999 -9999 -9999 -9999 -9999 -9999 -9999 -9999
-9999 -9999 -9999 -9999 -9999 -9999 -9999 -9999 -9999 -9999 -9999 -9999 -9999 -9999 -9999 -9999 -9999 -9999 -9999 -9999 -9999 -9999 -9999 -9999 -9999 -9999 -9999 -9999 -9999 -9999 -9999 -9999 -9999 -9999 -9999 -9999 -9999 -9999 -9999 -9999 -9999 -9999 -9999 -9999 -9999 -9999 -9999 -9999 -9999 -9999 -9999 -9999 -9999 -9999
-9999 -9999 -9999 -9999 -9999 -9999 -9999 -9999 -9999 -9999 -9999 -9999 -9999 -9999 -9999 -9999 -9999 -9999 -9999 -9999 -9999 -9999 -9999 -9999 -9999 -9999 -9999 -9999 -9999 -9999 -9999 -9999 -9999 -9999 -9999 -9999 -9999 -9999 -9999 -9999 -9999 -9999 -9999 -9999 -9999 -9999 -9999 -9999 -9999 -9999 -9999 -9999 -9999 -9999
-9999 -9999 -9999 -9999 -9999 -9999 -9999 -9999 -9999 -9999 -9999 -9999 -9999 -9999 -9999 -9999 -9999 -9999 -9999 -9999 -9999 -9999 -9999 -9999 -9999 -9999 -9999 -9999 -9999 -9999 -9999 -9999 -9999 -9999 -9999 -9999 -9999 -9999 -9999 -9999 -9999 -9999 -9999 -9999 -9999 -9999 -9999 -9999 -9999 -9999 -9999 -9999 -9999 -9999
-9999 -9999 -9999 -9999 -9999 -9999 -9999 -9999 -9999 -9999 -9999 -9999 -9999 -9999 -9999 -9999 -9999 -9999 -9999 -9999 -9999 -9999 -9999 -9999 -9999 -9999 -9999 -9999 -9999 -9999 -9999 -9999 -9999 -9999 -9999 -9999 -9999 -9999 -9999 -9999 -9999 -9999 -9999 -9999 -9999 -9999 -9999 -9999 -9999 -9999 -9999 -9999 -9999 -9999
-9999 -9999 -9999 -9999 -9999 -9999 -9999 -9999 -9999 -9999 -9999 -9999 -9999 -9999 -9999 -9999 -9999 -9999 -9999 -9999 -9999 -9999 -9999 -9999 -9999 -9999 -9999 -9999 -9999 -9999 -9999 -9999 -9999 -9999 -9999 -9999 -9999 -9999 -9999 -9999 -9999 -9999 -9999 -9999 -9999 -9999 -9999 -9999 -9999 -9999 -9999 -9999 -9999 -9999
