T2m/med_mese_clima/temp_med_01_2002-2019.txt
NCOLS 177 
NROWS 174 
XLLCORNER 1436301.375 
YLLCORNER 4916704.5 
CELLSIZE 1500 
NODATA_value -9999 
[rows 96 to 119 of 174, columns 54 to 107 of 177]
3.98361017823133 3.42365647527606 2.56716106499736 2.23023510741608 2.21135113816586 2.19272122503387 2.17674252550184 2.16245185546687 2.14865647311304 2.14140664361312 2.13702129680227 2.13585855573292 2.14150098916055 2.14542376863641 2.16252674454143 2.18611273329456 2.21094427917499 2.24079585150008 2.27512736996107 2.31250435412662 2.35053362817707 2.38983343863654 2.43107009934277 2.46843736739013 2.50832177152222 2.54327853417044 2.57666983314665 2.60529600362806 2.62860360981267 2.64795311814042 2.66319347779552 2.6725734747793 2.67628411464399 2.67828252727915 2.67374554582261 2.65767859545796 2.65512148904821 2.64735996925786 2.63549375872977 2.62697999627175 2.61722351568962 2.60994088859572 2.60598937223992 2.60803558727506 2.6138394309635 2.62385426228592 2.63631871317837 2.65527619481165 2.68386144312183 2.71675532117674 2.75774015130192 2.80105917687792 2.85012029124587 2.90215776270376
2.89373541281772 2.91719637845075 2.6765203493032 2.23398466997807 2.21409719285544 2.19557689297777 2.17916719019525 2.16502050555069 2.15258837248069 2.14488278403022 2.14061484043249 2.14147258420446 2.14582337455592 2.15040488617955 2.16663389179371 2.18849156941874 2.21424370541095 2.2434643204543 2.27625189891679 2.31189728725038 2.3503353761165 2.38842684119238 2.4267199733802 2.46504721360652 2.50173045427278 2.53590648261582 2.5651282412768 2.59461338237826 2.61718675540079 2.63417966279817 2.64710172490285 2.65516093878311 2.65770372819864 2.65778806835204 2.65418643521708 2.63871323157244 2.63366312629973 2.62653717927888 2.615579060488 2.60449246645774 2.5978089486333 2.58830336388481 2.58500021845856 2.58875902504825 2.59639354804203 2.60343696681488 2.61984007174884 2.63985538978856 2.67033420246482 2.70209341382674 2.7427507986917 2.78672166169751 2.83744338969896 2.88682361934307
2.29531562691935 2.27663059506955 2.4629953674899 2.4401241876333 2.21780566703712 2.19952956678526 2.18339451585951 2.17012508288551 2.15858146721805 2.15175891238468 2.14834682723313 2.15000924094323 2.15444882297188 2.15770616817986 2.17305957800368 2.19523330928033 2.22049853487704 2.24832542535614 2.28026255915737 2.31562800892911 2.35214893089667 2.38967966256524 2.42730305141264 2.46253765980185 2.4975953592972 2.53010229912799 2.55932131384373 2.58545201444168 2.60640691865199 2.62186312414811 2.63502171340962 2.64179367002172 2.64239392841564 2.63976491649705 2.63621722125774 2.61648118387173 2.61306564203663 2.60818970875307 2.59630625894291 2.58710340902089 2.57889625532471 2.56984829701803 2.56334005101377 2.56853994274839 2.57763609448342 2.58734128642882 2.60229382200356 2.6258219213849 2.65588065016424 2.68899389781171 2.72792895244134 2.77214316734289 2.81872929324375 2.87115587417224
2.30204314248512 2.28413638951303 2.45078048299112 2.2462180089063 2.22636356706263 2.20852104373346 2.19284424128815 2.1788245838781 2.16950395538013 2.16181998699363 2.157439046594 2.15862338019581 2.15654578142383 2.16827730396916 2.18410443799092 2.20451566636842 2.22850820854026 2.25629919671242 2.28730967564238 2.32155332848805 2.35535329014859 2.39293137813761 2.42977134689403 2.4626922405969 2.49682266223948 2.52761669568678 2.55512208377735 2.57954040575809 2.59887804045172 2.61364003544445 2.6300512921217 2.63560151777429 2.62718824007684 2.62447220226968 2.62092112667413 2.60172047077133 2.59952892294378 2.59169163223958 2.57893787268908 2.56891812227279 2.56174553439857 2.55398088978068 2.54866017933348 2.55335503511204 2.5628583840251 2.57282211415802 2.58908877083632 2.60978096268033 2.6409459236745 2.67619356913032 2.71502202293504 2.75571894663731 2.80296319243852 2.85273241137076
2.30978396099492 2.29283265892282 2.27540722091953 2.25698992421756 2.23762937993549 2.2185507152512 2.20398285759289 2.19045162415921 2.18035877893592 2.17489724670074 2.17142841077966 2.17086520264488 2.16928849461791 2.18107399177998 2.19727779100134 2.2158690054233 2.23851247975288 2.26612275798313 2.29607856314427 2.33331901572187 2.36223181088629 2.39681694567736 2.43126255766329 2.46397413326333 2.49557039934237 2.52531085268855 2.55104338677742 2.57371374345968 2.59141412502424 2.60465181782104 2.62176595372563 2.62152410144193 2.61533678863831 2.61419732260373 2.59976639866551 2.58504712271513 2.58437499663544 2.57640478798686 2.56275423069324 2.55278231594577 2.54580334494773 2.53989681161994 2.53483477178663 2.53496776669244 2.54558156804968 2.55853903739589 2.57686105446629 2.59857559836525 2.62446760743183 2.65929847818377 2.69654987644943 2.73870060198305 2.7850827608061 2.83384267128243
2.32033086060694 2.30452232447424 2.28711751573106 2.26870512143233 2.25110580406639 2.23378970233652 2.21799825347148 2.20498497604264 2.19534359789383 2.18899009805195 2.18571709608806 2.18651040887845 2.18477027675871 2.19485881564773 2.2100539223839 2.22868987693131 2.24967613844806 2.27633267182898 2.30583810166781 2.33968143535754 2.37341904346141 2.40354463482792 2.4346321336847 2.46622673151601 2.49595498563127 2.5222745799678 2.5469862867558 2.56879112955569 2.58318743441266 2.59573423403199 2.60307868181076 2.60926377444169 2.60360156820683 2.59920241002124 2.58305833817071 2.5725060465674 2.56876514208872 2.55983567716462 2.54779270158584 2.53699185341683 2.53008567577208 2.52523820455471 2.52405645220007 2.52256372789158 2.53128127250791 2.54415526277394 2.56227399706638 2.58370318753901 2.60992194079317 2.64306850158494 2.67825315997882 2.72167195745699 2.76582208439293 2.81217113110407
2.33218350552588 2.31648337946783 2.30035836191155 2.28260895240887 2.26628115166013 2.24895222548608 2.23304729548638 2.22243893394096 2.21255095757668 2.20516545637974 2.2026764093072 2.20410561235491 2.20764523782963 2.20952531658633 2.22486017327443 2.24343751306257 2.26491555444465 2.28809047979959 2.3161762279218 2.34473204877851 2.37685090196442 2.41242086417736 2.43397310866946 2.46669481399823 2.49679923986726 2.51879177375063 2.54238271865402 2.56154473174874 2.57754007365634 2.58612542148271 2.59294876695549 2.59571475863741 2.5922503429388 2.58545323244933 2.56592266927693 2.55871066939154 2.55392134853853 2.54481997253918 2.53451090788761 2.52210975588043 2.51355832051859 2.51141626751749 2.50854998213604 2.50984723813871 2.51552978902373 2.53112286768729 2.54690668437232 2.56865103721401 2.59204775582822 2.62642227172664 2.66054747685277 2.69812779095832 2.74304345243392 2.78775809296753
2.34668615124729 2.33119237085495 2.3152494157974 2.29884091495054 2.28259341616198 2.26647082649743 2.25104998259922 2.24024843400569 2.23199631827402 2.22476094459489 2.22228037560847 2.22351851995998 2.22464291878075 2.22703612675667 2.24082358741404 2.25911789241982 2.27859733605873 2.30031403359465 2.32751641264473 2.35426829994492 2.38213772851435 2.41500077143187 2.44596948472964 2.47268729369368 2.49596970267186 2.51594061135844 2.53596219268901 2.55404738011713 2.56673093396339 2.57621944891391 2.58171678096104 2.58256061203062 2.57824297760305 2.57080493574492 2.55617968422562 2.54032105541296 2.53728167514857 2.53003107539697 2.51810971356478 2.51005635627282 2.49905158050973 2.49439996750117 2.49428087749914 2.49535173017358 2.50089732247994 2.51317865176848 2.53036873576952 2.55347011684771 2.58025498192187 2.60714823855671 2.6421512594237 2.67600522211535 2.71924371599034 2.76326300834904
2.36220153693485 2.34886128145686 2.33315714925749 2.31754939038131 2.30265015653227 2.28777184407207 2.27214101166264 2.25902342569294 2.2530081336943 2.24577181474571 2.2431171151457 2.24328413139816 2.24714922751663 2.25544782709726 2.25923305717053 2.27549183679255 2.29345224216797 2.31420185819647 2.33799019212561 2.36007790917676 2.3882149479309 2.42128184872476 2.44838933948964 2.47280133284131 2.49694355532711 2.50811112865965 2.53117691009387 2.54500508449879 2.55596902098067 2.56314891271722 2.56655433287924 2.56633405149759 2.56437534949955 2.55636514692332 2.54759956726734 2.53267191980634 2.51193208203344 2.49641898714118 2.50046767989567 2.49447735942303 2.48629079515086 2.47898479066664 2.47982417190815 2.47800474419249 2.48718972410917 2.49907877168936 2.51468156942813 2.5379533355923 2.560632487883 2.58944927563157 2.61981859001162 2.65530437808051 2.69558883888504 2.73410203548157
2.38071107073213 2.36906046405915 2.35558296944499 2.33948535001088 2.32395468358873 2.30963716128363 2.29575641491586 2.28284798789391 2.27557294354555 2.27024357310795 2.26651135782245 2.26311587496674 2.26904533119169 2.27554162484925 2.27761948123731 2.29154006547145 2.30760778797166 2.32626858551873 2.34871511255616 2.37015389767412 2.39333472346453 2.42571438786202 2.44953319432058 2.47223051069991 2.49395241489839 2.51102539897929 2.52288419511953 2.53552803864149 2.54474266868501 2.55127844657446 2.55341909555502 2.55218567253757 2.54788164912156 2.54248758451933 2.5318464689173 2.51950786369419 2.50369729279053 2.48861870950072 2.4720679331995 2.46556508238636 2.46584472594969 2.46146784562668 2.46323955477615 2.46610840834839 2.47126846373234 2.47982740172111 2.49571862949141 2.51603647973847 2.5395911606908 2.56594478616578 2.60000666121818 2.62256653899171 2.66874575486372 2.70753691129355
2.40306724082063 2.39057430595085 2.37602726685552 2.36416449215736 2.3500181609407 2.33482005667428 2.32123726053141 2.30982148323993 2.29956577262549 2.29541338646338 2.29178763052176 2.28973754998059 2.29229255780139 2.29809688917902 2.30629538951038 2.31202631695794 2.3243272645728 2.33810770734753 2.36065702963759 2.37862288162401 2.39740504319855 2.41722963224697 2.44844081571842 2.46846157534345 2.48838382214974 2.50379784069329 2.50987064381247 2.52220466231724 2.53136100729642 2.53636560256425 2.53889176726621 2.53503792533406 2.53088973452453 2.52260052583754 2.51241372059681 2.4991826074432 2.48791044111705 2.47845099859326 2.46447384195238 2.44805055888818 2.43635134233011 2.43497851869088 2.44261805646068 2.4453926231301 2.45216271233791 2.46124179102337 2.47737818740671 2.49475225490091 2.51915515648717 2.54298262725022 2.57214912946881 2.59732216817059 2.63688172610242 2.67573777106178
2.42673484536871 2.41470292450597 2.40258415526259 2.39166782668318 2.3767397331279 2.36413555847553 2.35075745075526 2.34004936195764 2.33103106565347 2.32338666308851 2.31893109389158 2.31792106675914 2.31761011095318 2.32090514326734 2.32712956627158 2.336143241865 2.34769845442107 2.36066795871195 2.36861935973342 2.38627447687112 2.40121616731202 2.41791810668019 2.43420712679686 2.45230322447563 2.4698092751145 2.49301758053033 2.49905436871742 2.50929453647806 2.5105893244676 2.51577144065731 2.51886369220578 2.51656346294175 2.51088203877142 2.50392903968477 2.49358890849994 2.48215449087017 2.47022845389927 2.45934035840343 2.44666245024324 2.43806808718563 2.43068301569506 2.42416437684446 2.4234095842085 2.42227240170004 2.42584500343901 2.44023371458109 2.45370416347799 2.4731160510507 2.49422710249986 2.51978647602136 2.54731318503335 2.57300950456355 2.60821827607155 2.643745345666
2.45230871038167 2.442980571842 2.43122844608305 2.42200311564706 2.40843231150539 2.39623788430751 2.38145870740886 2.37060426391318 2.36114151741229 2.3534798347044 2.34627421144696 2.34316349174322 2.3426283797987 2.34392519104908 2.34787459615066 2.35518594259574 2.36399156044783 2.37399898907573 2.38647364831322 2.39402692600559 2.40746067959933 2.41918591616848 2.42949232860258 2.4445728345577 2.45828290308767 2.47018587048586 2.48619893786484 2.49514520274509 2.49540974100986 2.49387790049006 2.49314353734355 2.48992651301131 2.49050779617693 2.48148439536637 2.47019421988448 2.45974509546284 2.44725008334514 2.43590250658268 2.42544428643156 2.41733431161812 2.40772834392444 2.4051509980304 2.38909381772817 2.39075531398953 2.39801202541828 2.41211265715143 2.43189848022339 2.44938041922891 2.46931632815386 2.49447352834734 2.51826571441279 2.54855554485636 2.57628959833818 2.6108053531908
2.48195757052253 2.47476762349123 2.46414705915479 2.45208110519062 2.44216733616098 2.42955558366963 2.41626228510224 2.40512968045258 2.3950567143104 2.38384984276722 2.37617074460145 2.37143837114768 2.36981563872972 2.3671197063863 2.37106261211657 2.37471828934933 2.37963432161555 2.38723990214771 2.39718013959253 2.40657498091574 2.4155908066745 2.42215750610968 2.42529315802019 2.43813806393574 2.44599707743175 2.45418264758076 2.46141003288328 2.47560804093079 2.47915857339436 2.47063058288345 2.46967561750237 2.46649398512981 2.47195894182202 2.45545296395201 2.44328747456935 2.43217483841557 2.42176101005942 2.41090354955888 2.40007658311912 2.39602411063115 2.38604607471805 2.38295822356354 2.38178562948374 2.38375669132281 2.38621983755109 2.39093969854274 2.40305944411777 2.42065782304666 2.4446224414258 2.4673808251271 2.49270661217209 2.51577207301455 2.54254399334503 2.57610215973864
2.51339655391209 2.50768527620734 2.49980160668944 2.48607139689616 2.47779406663065 2.465432293166 2.4536471997347 2.43943374235183 2.42859101785547 2.41795379571713 2.40520267271177 2.40216715707005 2.39750039253395 2.3930946636609 2.39252529242336 2.39309512727436 2.39640728120865 2.4005225537711 2.40687032367356 2.4124784093906 2.41867822079711 2.42422956006841 2.42484415779731 2.43241201875428 2.43420335027729 2.43752055770663 2.44317695263197 2.44504039514195 2.45604164009344 2.45391215249492 2.44537101338371 2.43487905083456 2.43738618379771 2.42783029675503 2.41655007380737 2.40569318503801 2.39570933953937 2.38625902770739 2.37691639066752 2.37093045700099 2.36229613833378 2.36064205739471 2.3598530919641 2.36109536660452 2.36735201092121 2.37495327301264 2.38671805165 2.39023658271749 2.41409430250386 2.43021079132405 2.46354324645688 2.48817432211345 2.5054252729514 2.54015993782777
2.54879259987705 2.54627566843182 2.53886912290206 2.52692575940434 2.51397052402318 2.49989454545624 2.48981400353185 2.47868347267237 2.46509063112776 2.45128416476431 2.43648946514056 2.42885703343479 2.42650783816203 2.41840001509121 2.4148010543166 2.41474531859019 2.41178130955224 2.41306791354499 2.4146554742257 2.41723075055494 2.42234481973165 2.42494120677916 2.43027912277124 2.43334463293243 2.42527604192709 2.4246522203969 2.42469181089651 2.42516683685657 2.42688215066511 2.42789708927868 2.42164396373949 2.41304026589514 2.40138442967334 2.3989738187376 2.38946555352392 2.3779145100174 2.36841495170044 2.360496307281 2.35001705043497 2.34381315499472 2.3395380699059 2.33571646770905 2.33629188805198 2.33782385895557 2.34506991101892 2.35440329377182 2.36388520040417 2.37700647981534 2.38762641771899 2.40474299220549 2.42908425105687 2.44786136346822 2.48282837426461 2.50143138551832
2.5864011944476 2.57863735843347 2.57694014842736 2.56841033624277 2.55689747116106 2.5439063574717 2.53084286216479 2.5181923928463 2.50543831427297 2.49202247309305 2.47926087518911 2.46649542139141 2.45683572121293 2.44556337724941 2.44169603239949 2.43339692787527 2.42849234293082 2.4278847896963 2.42446887537355 2.42492221278898 2.42408775254193 2.42364002645954 2.42327969183599 2.42364202435261 2.41093991302378 2.40916591954463 2.40436330646343 2.40150979300924 2.39744344452214 2.40081262993146 2.39238147808794 2.3810555909504 2.37540107420064 2.36817320542918 2.35969021450328 2.35031761820549 2.34134115823849 2.33316398421033 2.3243468335477 2.32072646139779 2.31536104074659 2.31220043378947 2.31329513217605 2.31702544624253 2.32165576813129 2.32997250097337 2.34195364879193 2.3545398189523 2.36953186925669 2.38875987444054 2.40569732939703 2.42936845516899 2.44783604911147 2.46910351832535
2.62420875182432 2.61969657323078 2.61670140451221 2.61098614593354 2.60100682943001 2.58912548943973 2.575811224262 2.56053607197732 2.5466836956229 2.53470340093258 2.52195373480482 2.50675591127914 2.48944059525076 2.47597411865751 2.46681407963796 2.45574156530135 2.44899766727969 2.44237850639115 2.43477586968269 2.4290926960839 2.42608522808854 2.42155353489511 2.41822229615706 2.41390874050551 2.40841856489741 2.40437251813709 2.39389544273621 2.37955828794901 2.37139896306321 2.36244211640396 2.35980736745148 2.3503887903665 2.34912219281021 2.33707145065808 2.32871025409823 2.32061953554822 2.31219743842907 2.3038063614361 2.29668468299897 2.29204802173302 2.29018292611016 2.2886389848445 2.28850508811855 2.29355262892173 2.30024452399809 2.30759058265747 2.31934236977656 2.33248512996673 2.34882853125724 2.36612466898853 2.38508375818162 2.40537967776904 2.42453967054346 2.4442856330038
2.66434253640339 2.66435780222908 2.66085843820418 2.65320033585573 2.6417481089422 2.62899401893378 2.6205367825722 2.60759404738364 2.59055909439247 2.58019493026232 2.56927512607157 2.56582322611108 2.52946635980091 2.50655988105723 2.4896503301774 2.482309182578 2.46949504433859 2.45455065956171 2.44687010960389 2.43793070369465 2.42969735468134 2.42000011493293 2.41368752554016 2.4055777667269 2.39653382717617 2.39024312955 2.37687008601734 2.36505835937153 2.35077473417878 2.33908525664568 2.33216283287436 2.32288669691354 2.31934078042756 2.30704739271536 2.29591932026189 2.29299199629388 2.28512648493846 2.27563126993412 2.27111179974799 2.2673034394062 2.2662443082591 2.26634561881666 2.26685177522372 2.27237558708473 2.27748199061014 2.28387771763874 2.29548525990216 2.30924390274674 2.32598875362378 2.3424726013205 2.3614455749097 2.37953198017409 2.39843499247048 2.42306709555471
2.7044332432497 2.70624627558274 2.70521479677032 2.70066336958435 2.69190934920877 2.67718919912525 2.66547137940875 2.65296679212334 2.63902545159855 2.62081879873684 2.60519444704665 2.60397844433092 2.59254014946977 2.55126227555616 2.51888800341962 2.50684759219257 2.49111532722932 2.47512652866296 2.45679732187401 2.44572799434335 2.4342978847702 2.42141428267213 2.40806559047854 2.39816933657477 2.38654441084992 2.37607577952955 2.36177911808038 2.35041368108137 2.33210249919415 2.31865793051956 2.30736286801423 2.29719544759046 2.29026262388721 2.28444585380827 2.27158556736791 2.26612096411496 2.25880396893112 2.25271921687122 2.24718189765239 2.24137751599047 2.24217880966694 2.24394086863352 2.24602155838206 2.24923009934334 2.25656666912211 2.26314838849955 2.27568218497183 2.28918120172543 2.30444524506081 2.32025024187646 2.34035159074259 2.35537851029363 2.37514520284325 2.394272605089
2.74085538766236 2.74870807944735 2.75027684324538 2.74685338042948 2.73987693212733 2.7286002794585 2.7134423255682 2.69703388467239 2.68431641147842 2.6589022109307 2.64025957158647 2.62089281211741 2.60447894822869 2.62045168580523 2.61480860884009 2.53810021650029 2.50486470784103 2.49153735112554 2.47218389910224 2.45581859770839 2.43911442451886 2.42314061614381 2.40575780435729 2.39109483882718 2.37696519816479 2.3613170654707 2.34607012856678 2.333235245875 2.31872489354063 2.29653020670001 2.28083235440024 2.27183449325142 2.26539851874369 2.25938937515338 2.24557848588986 2.23564602768133 2.23281607656282 2.2274143181334 2.22355982981254 2.219478495412 2.2191741682879 2.22081952722291 2.22447991175353 2.22922076567905 2.235039561156 2.24379310133894 2.25537486770603 2.26869056709559 2.28356503348867 2.29977878086854 2.31609658508438 2.33423648524898 2.35293854819397 2.36886237196021
2.77784297300619 2.79118951726667 2.79549325976026 2.79554183189475 2.78821672478917 2.7772641941948 2.76306146978974 2.74133027539183 2.72549700691179 2.70533223415087 2.68363261625725 2.65966353789348 2.62001984940756 2.60966889507903 2.58677571286418 2.55923820142434 2.53447830106853 2.50075370391289 2.47850855427285 2.45108085727323 2.44431579108069 2.42105864977843 2.40406775244773 2.38250441689862 2.36609608874405 2.35033771588128 2.33117112971413 2.31694322366904 2.30135017197333 2.28856352720807 2.26136052386357 2.24834952326709 2.23527009483255 2.22327051886454 2.21441606841656 2.20681567352365 2.20060701494823 2.20364936786092 2.19861265598584 2.20016480335943 2.20162490172685 2.20211335931709 2.20646479307512 2.21179398972627 2.21901546344271 2.22804817895942 2.23973255245102 2.25200295569286 2.2656220414709 2.27941264783722 2.29704229830333 2.3133838124708 2.33013867426714 2.34705644800959
2.81153339883138 2.82236784405364 2.82958426921281 2.83937369647845 2.8340340232993 2.812274248489 2.7978730669929 2.79285568288441 2.76359696975518 2.73153087287668 2.70942781583105 2.68176879211151 2.6570342739931 2.63802885934409 2.60167822744515 2.57306474624146 2.5446413289361 2.51788803143176 2.49170194464659 2.46257786941248 2.45114439176541 2.42612691750745 2.39971654887381 2.36870606996472 2.35928066664862 2.33725534119193 2.3185259612986 2.29980691457541 2.28324874279682 2.26985417382957 2.25451734451494 2.23241966664267 2.21455757263816 2.20427129681493 2.19440542692208 2.18605568133976 2.17838178086708 2.17429882169569 2.17195822724273 2.1732831983958 2.17553609433304 2.28853228590329 2.36654731137547 2.26824673392763 2.20303248316723 2.21048380455794 2.22230701222904 2.2364598311163 2.24988456140673 2.26331984058074 2.27942804367636 2.2970402677775 2.31105476315733 2.32802042220372
2.85351133668553 2.8627301798195 2.86792877521858 2.86809531999435 2.86349435544062 2.85448067683327 2.84000700415374 2.82326681298357 2.80050071641589 2.7763480203382 2.75124074802405 2.72701642512168 2.69573576350662 2.66614666877018 2.63178148852049 2.60115955982623 2.57047860902891 2.53204211041432 2.50876270940527 2.47821130244255 2.44854947157223 2.41857507544673 2.39229092701884 2.36719271761523 2.34334446007726 2.32080266897799 2.30520102563654 2.28421125839837 2.26469130575142 2.24447535019352 2.23118955386979 2.21923065841855 2.20176147787782 2.18497131147126 2.17408444725799 2.16789126469636 2.15963523989229 2.15234229235932 2.15533202231629 2.1554994858334 2.1575427947445 2.23901358368577 2.2984221185113 2.22459206834902 2.18833666181055 2.19708061203767 2.20908925408587 2.22231556040028 2.23561670513179 2.24880837457443 2.26541224271596 2.28051235530264 2.2957623313732 2.31094966947773
