T2m/med_mese_clima/temp_med_07_2002-2019.txt
NCOLS 177 
NROWS 174 
XLLCORNER 1436301.375 
YLLCORNER 4916704.5 
CELLSIZE 1500 
NODATA_value -9999 
[rows 96 to 119 of 174, columns 54 to 107 of 177]
25.6208579086963 25.2675685215143 24.763588791129 24.5044104854266 24.4780504436405 24.4623750569644 24.4364017999466 24.4228887474831 24.4443508382933 24.4359023561448 24.4488711698556 24.4834547911161 24.503312596274 24.6028070965667 24.6212133620256 24.6307758819174 24.6814265876641 24.7284500349451 24.7706120715465 24.8138418001893 24.8712575885249 24.926972275678 24.9651450201317 25.0281332736398 25.0495186461343 25.086586325772 25.1023873749339 25.1184183731491 25.1346615991475 25.1367935653822 25.125332321061 25.1156932613732 25.1089343162231 25.0770221334917 25.0652708734259 25.1192038703112 25.0497181888716 25.0122759200908 25.0083444164123 24.9878949326497 24.9960732410719 25.0117892920235 25.0357101972456 25.0536074240267 25.087545862242 25.137339313457 25.217038600018 25.2967201760522 25.3537183802069 25.4232033781799 25.4749254231835 25.5435396301157 25.5986346792292 25.653053889304
24.9736210768605 24.9731251921919 24.8137123982847 24.5124495966935 24.5014248702997 24.4864395488928 24.4684583620525 24.4556713472914 24.4634446843171 24.4631067453343 24.4770274616318 24.490773609391 24.526253361908 24.6197644993847 24.6465113259392 24.6716288660044 24.7088050319089 24.7568944711008 24.8073366460241 24.8587741494179 24.9025068784937 24.9589948959557 25.0123225053152 25.0539582543903 25.0901211706944 25.1199570262874 25.157472772142 25.1511406943386 25.1594133469058 25.1679345826308 25.16258836315 25.1515121814645 25.1431002978925 25.1165676796878 25.0880088138727 25.1325384853799 25.0750939446467 25.027598479942 25.0136233593211 25.0124386211236 24.9957830386397 25.0308122059445 25.0520429372788 25.059971003032 25.0841262182336 25.160882168346 25.2166237465393 25.29448899509 25.3425954813575 25.4252441829369 25.4830642973199 25.5508587473704 25.5982310677752 25.6739407861674
24.5865490590349 24.5796599807563 24.6719790522699 24.6659050059171 24.543343229647 24.529254305657 24.5120989945936 24.492771904704 24.4940989417794 24.4872593424938 24.4947188568704 24.5020082605474 24.5384088110777 24.6476846527906 24.6826239493894 24.7012206992985 24.7392119645336 24.7954348223445 24.8466450194518 24.8914641861562 24.9431146740178 24.9928489236184 25.0392991361059 25.0958688261332 25.1321669742649 25.1619703183204 25.1846404176435 25.192481269807 25.2001154787746 25.2077982505898 25.1866236648442 25.1741934403961 25.171588465461 25.1579611979149 25.1199511181425 25.1919256315555 25.1171837675719 25.0447869721018 25.0354125858825 25.0165799444104 25.0116580314842 25.0437390227377 25.0913933801798 25.0888865080145 25.1027220557501 25.1620828624125 25.2297628033308 25.2832874950803 25.336413362144 25.4097925381896 25.4803353143327 25.5466330147084 25.6215573378551 25.6747609608703
24.5977390343024 24.5847642895616 24.6934118765372 24.5535298195886 24.5519734342893 24.5389205343194 24.522738735249 24.519058435493 24.4991632911894 24.5078506253384 24.5307881381041 24.5461276435558 24.6568904948087 24.6713850177365 24.6996139503555 24.733470538884 24.7793567474242 24.8287837930668 24.8804804979283 24.9257150925236 24.9924284845959 25.0277820506949 25.0671101539223 25.1312039493043 25.1601671198268 25.189857656941 25.2122705508162 25.2196686882296 25.2267053951452 25.226238798065 25.1596748558092 25.1459832092862 25.2159203634586 25.1932367095977 25.1458498081307 25.2085266023506 25.1164314974237 25.0634964661834 25.0587461696731 25.0443164951271 25.0288680103826 25.0504117775111 25.0874522856724 25.0889565641497 25.0994563503766 25.1555893337285 25.2128501345346 25.2852613037015 25.3282352012617 25.3845081600142 25.4527120972857 25.5385742447259 25.6044840924534 25.6705249833472
24.6189628931475 24.6001689069065 24.5742334766888 24.5569250393797 24.5566085639559 24.5668611725171 24.544306497515 24.5415523510656 24.5372040516064 24.5245221891521 24.5407630127889 24.57875834961 24.6828064919254 24.6977053481856 24.718916745024 24.7678059923796 24.8213194443856 24.8636027136703 24.9154749122667 24.9166784365972 25.0203275763694 25.0704357672621 25.1171362125579 25.1665229842251 25.2027425724047 25.224885511987 25.2470258541313 25.2540169861582 25.2605304221312 25.2593835425966 25.1695626013809 25.1992917412593 25.2385231555244 25.1920662937341 25.2318772309356 25.248097126793 25.1388824191358 25.0833654556745 25.0833072590239 25.0658842018357 25.0472327282399 25.0506333234133 25.0842527340959 25.1190428719844 25.1184564371904 25.148909837817 25.1879651613442 25.2496741144745 25.3257959728624 25.3788680460718 25.451368018065 25.5201088119436 25.5836412573302 25.6476266041214
24.6282033845966 24.6037175406644 24.5867890859092 24.5783437580974 24.5645655659982 24.5612293575281 24.561884079892 24.560028344172 24.5564281126599 24.5590805318621 24.5758025412942 24.5994316907577 24.7037858018169 24.7335833308138 24.7622031127229 24.8036990474036 24.8645185210822 24.9066649955732 24.9510126798241 24.9740710110576 25.0112702680223 25.090687243806 25.1519351405126 25.1937487212964 25.2297517889076 25.2664036883248 25.280868679653 25.2801001351557 25.3009701901748 25.2918618420024 25.2828434047876 25.2375476494983 25.2609536895781 25.2354449072738 25.2811194261651 25.258562083156 25.1694140706533 25.1188951358383 25.1013269515685 25.0883916208774 25.0665184257207 25.059089309345 25.0595350312598 25.1054450172701 25.1157280712216 25.1422437163047 25.177366569675 25.2352449747515 25.3002190486149 25.3569694732442 25.4332417207736 25.4844847234679 25.5524095037101 25.621075598546
24.6476566782704 24.6324599920232 24.609857110256 24.6029754179495 24.5831995067037 24.5884482655996 24.5975236387165 24.5743166730728 24.578734906073 24.5965976504632 24.6061917777415 24.6225382330241 24.6677758133706 24.7786600173255 24.7995883930612 24.8333207295265 24.8789373654642 24.9427398803793 24.9865719899719 25.0459965865553 25.0826964225298 25.0878466587744 25.2225450662183 25.2344401873924 25.2479239156217 25.3064526632244 25.3132039124583 25.3195022963447 25.3103827689165 25.3230815459917 25.3061021249971 25.2824036932286 25.2752627811314 25.2635642804481 25.3300991761832 25.2763881904843 25.1927882036309 25.1400202319946 25.1050466778102 25.1041940054776 25.0940479021013 25.0608772918766 25.0725137378698 25.0923716963809 25.1207032091088 25.121021864738 25.1666479839955 25.2129502877041 25.2883885128998 25.3266574624144 25.3991847770449 25.4756301691503 25.5259039098834 25.5916360596816
24.6626039566081 24.6568337094637 24.6434712545371 24.6308262995732 24.6198599980201 24.6189217854429 24.6289456009865 24.6138497063407 24.603973019491 24.6220703526044 24.6316913216203 24.6478482573121 24.7148519622691 24.8104322819062 24.8380931512809 24.86367595652 24.9158504567764 24.9787841389945 25.0143541453061 25.0729248737847 25.1309614949756 25.1427394658695 25.1659725862521 25.2142055590212 25.2715629740998 25.329724019913 25.3509476023692 25.3495437678732 25.354987701884 25.3451309891395 25.3277793724596 25.3110474270067 25.3033149910562 25.2908291570198 25.3118777464937 25.3234195012369 25.2233771019512 25.1538188075578 25.1314383656154 25.0906358586417 25.099814688865 25.0855977506549 25.0713220990734 25.0871825755378 25.1114216671314 25.1294878942731 25.1560064159058 25.1832842248457 25.2253138850501 25.3029489754895 25.3569359807321 25.4439607216988 25.4906310088105 25.5459719944147
24.695363510538 24.6769458076836 24.6728933783225 24.6619370118335 24.6450211379263 24.6378591809008 24.6561088881375 24.671124921316 24.6394237048832 24.6575251205468 24.6669017052209 24.6899369983761 24.7193351741926 24.7475490807751 24.8627075435939 24.894522629108 24.9454617040393 24.999740246711 25.0488171957157 25.1281670834547 25.1629888091558 25.1516334407859 25.1887267883177 25.2361886103948 25.2633011364642 25.3800310921522 25.3566538000548 25.3772353434268 25.3824942409256 25.3799125491837 25.3698334526868 25.3528692925418 25.3149560453715 25.301933880647 25.270294108067 25.2734582597827 25.3128004732691 25.3083161940545 25.1577956238647 25.0997000263797 25.0837173370667 25.0885184010606 25.0632489133028 25.0974343550794 25.0880235359992 25.1017657104098 25.1311620822659 25.1465504659547 25.2059633686219 25.2573078812641 25.3287648024383 25.3900404248708 25.4400850858217 25.5133851770266
24.7238599118627 24.7003221484614 24.6835170046783 24.6890122022158 24.688263038647 24.6821794818949 24.6864217304153 24.7018335288689 24.6850191559321 24.6808042287091 24.6970086808558 24.748671395396 24.7475518550402 24.7818511373467 24.8954259425034 24.93305801293 24.9823049714536 25.0348706270442 25.074949278287 25.1380094751164 25.193385722019 25.1660560633665 25.2093685618153 25.2484458116102 25.2747647503276 25.3170259394028 25.3745026561949 25.3874157528083 25.3925465049567 25.3825191968753 25.3724127315445 25.3553922206531 25.3322555121816 25.2890668265613 25.271873987089 25.2520219460682 25.253335851063 25.2475188903602 25.2582091808319 25.20536525691 25.1198681846077 25.0993563876476 25.0631890795113 25.0566348661611 25.0727179151994 25.1042391649735 25.1217270251409 25.1470862844108 25.1871561948164 25.2411352984699 25.271721560278 25.4010035815062 25.396435584919 25.4517339016184
24.740927784384 24.7418108759839 24.7491169061926 24.7195216955226 24.7127783121886 24.722405151379 24.7272559832644 24.7281999900753 24.7406975597511 24.7213511575151 24.7293944550149 24.7578004388897 24.777348461784 24.8026375062672 24.840698327768 24.9351618082435 24.9970119059822 25.0694651916439 25.0855150647369 25.1539253362167 25.2221419339563 25.281535714276 25.235232026783 25.2731137009315 25.2910834240325 25.3252256044635 25.4116868146408 25.4096196525627 25.3999123699135 25.389939901711 25.3650976493035 25.3630928489161 25.3326258343679 25.3117857639436 25.2868593224773 25.2739956969832 25.2373584596463 25.1857862346702 25.1802571333485 25.2071167371891 25.2156418107174 25.1699810815446 25.0860486763495 25.0758051789101 25.0730699642205 25.0929491968803 25.0985395867884 25.1339389726704 25.1546283640979 25.211201005291 25.2589676342629 25.3549766462526 25.3749543201776 25.4119378763217
24.7761848870619 24.786759633856 24.7813891948005 24.7535815052044 24.7627949416637 24.7513311871776 24.7566621932719 24.7503771847413 24.7478846850955 24.7571606344647 24.7641038893917 24.7690599589436 24.8014767431918 24.8320460649184 24.8678418016728 24.9084079191273 24.9530826860004 25.0083822318801 25.1245784532877 25.1686611132857 25.2420027075726 25.2993889297232 25.3542667884885 25.3834936419387 25.4005901750959 25.3456289235456 25.409289951972 25.4069484350858 25.4489274187588 25.4243618257252 25.3850525915623 25.3610822631989 25.3383411078541 25.3028502364218 25.2779712711588 25.2500407029817 25.2203572785413 25.1828248187348 25.1686273273862 25.1343845378469 25.1111702369319 25.1075686139825 25.0873321631072 25.1032263901499 25.1187828022021 25.0900962065767 25.1059869251869 25.1146972009429 25.1453233419377 25.1752624067995 25.2184210119424 25.2956014600065 25.3257812248336 25.3660232618267
24.8223382661372 24.8206315224553 24.8246263398065 24.7912887944116 24.7944217032856 24.7838080378962 24.8040564253007 24.7977088368233 24.7946969960207 24.795697514952 24.8158239341812 24.8263394045977 24.8420091565009 24.8701581479591 24.9033080927384 24.9337584734699 24.975536999364 25.0278970109828 25.0752745948456 25.1751180464839 25.2312548119345 25.3009726193952 25.3757706082897 25.4033729074914 25.4265151400625 25.4442608083472 25.4043415610437 25.3943068547013 25.4288513540486 25.4488573717482 25.4321910744832 25.4087584908362 25.327126088113 25.3069382008211 25.2898119311274 25.2545318047942 25.2321120403431 25.2014960999106 25.1714553384869 25.135825189249 25.1331190019478 25.0974175125728 25.1931783063912 25.1835349656917 25.1657534810496 25.1329451923017 25.0928208018527 25.1043990657653 25.1304011051302 25.1483434466668 25.2015157660585 25.2305535789625 25.2928351204336 25.3218586067359
24.8575521382285 24.8510135438707 24.857044886071 24.8618012013259 24.8370527293211 24.8344588847808 24.8403236147062 24.8337511669706 24.8300201546999 24.8515737468078 24.8627335305567 24.8711884541276 24.877167405832 24.9170833845933 24.9253988005497 24.9599661217795 25.0057578932356 25.0475075996952 25.0843342606668 25.1372193356355 25.1977002739906 25.2793780981759 25.3810306005272 25.3994566743756 25.4430349121123 25.467021526893 25.4779121625571 25.4088405847549 25.3990288170032 25.463536770697 25.439997396425 25.4097848463941 25.2764512767762 25.3241392566834 25.3150134460426 25.2875502264794 25.2503164271514 25.2194570250717 25.1962158029462 25.1296605924029 25.1328688850373 25.102563659718 25.0844658633809 25.0719836624316 25.0880374898881 25.1181866308053 25.1256743019746 25.1254712299064 25.1101369280874 25.1308670331667 25.1575816793206 25.2187386180148 25.2695130825043 25.2872534704797
24.9038596038465 24.899811209867 24.8934016256421 24.9213981793251 24.8906843659319 24.8887025911867 24.8802172974304 24.8948855982151 24.8902472963304 24.8958466348089 24.9339540601513 24.9111888134921 24.921710858816 24.9512335446882 24.9707851902202 25.0018343124861 25.0294418596191 25.0675399714782 25.1008102191819 25.1501988299835 25.2001566104683 25.2569596842483 25.348683660413 25.3795376424436 25.443258589359 25.4806035587081 25.4833504971898 25.4947742014019 25.4114850956717 25.4097564380846 25.4383826154986 25.460623481097 25.3584328106156 25.3397182845775 25.323891181416 25.2970099209267 25.2601128763623 25.2218071033189 25.1907432039579 25.1457945271039 25.1402536297286 25.1007732903516 25.0804722959613 25.0727591834686 25.0560290134247 25.0605266727047 25.064288656432 25.1561878467784 25.129017160189 25.1821072458485 25.1381694166013 25.1731311792209 25.2710297248982 25.2628472766023
24.9396242835639 24.9237302114934 24.9266178209105 24.9488183835406 24.9623884885399 24.9752636615877 24.9524826073352 24.9378402364107 24.9464497110726 24.9647311658035 25.0004153601181 24.9968436155054 24.9685285482142 25.0018368313342 25.0177909854018 25.023350612764 25.0686928388513 25.0955854512291 25.1322154970817 25.1705804391408 25.1952562644158 25.2415169876299 25.2647764970491 25.3003781766067 25.4131347685684 25.4562512131385 25.4799427277512 25.4834908815814 25.4589926310528 25.42075718656 25.4203177502862 25.4211022649282 25.4308760361907 25.3538723099379 25.3240573467296 25.3053486431086 25.269010529474 25.2235313269827 25.2072735896817 25.1692705623897 25.1329955796401 25.1144398717233 25.0847877273589 25.0747169750708 25.0477296395802 25.0341776774989 25.0492617192828 25.0634082878078 25.1210259918077 25.1553023081503 25.1585353368594 25.2187491009265 25.1807203311979 25.2638796895375
24.9794406993889 25.0232900171368 24.9924801496812 24.9947035340615 25.0020491282881 25.0081753015518 25.0067555566629 24.9986262445097 24.9916890755112 24.993798901343 24.9985123993438 25.0135050783923 25.0178149881186 25.0473433976556 25.0380018725807 25.0753638244705 25.1020372905849 25.1103636726921 25.1499766182752 25.1698813171298 25.2052380867946 25.2407543230204 25.2754766047737 25.301160697731 25.4188183804353 25.4456842804396 25.4828212512864 25.4930420397241 25.4977299976496 25.4303584028173 25.4378070568597 25.4541457784765 25.4131236280924 25.3741875270267 25.3380006843143 25.3053708526823 25.2697808648333 25.2322300014673 25.2086897175253 25.1555425189895 25.1335140273895 25.1138476134818 25.0826027703138 25.0555874253497 25.0484487092789 25.0394297858079 25.0289770283081 25.039622915527 25.0565493447545 25.064855418897 25.1085673036399 25.1207601767263 25.1818844467033 25.232217880458
25.0374964165835 25.0693472687845 25.0620439467607 25.0516165610449 25.0528091429928 25.0521902586943 25.0505589884004 25.0557902370706 25.0474925529074 25.0264497736354 25.0144868890444 25.02634709161 25.0626418070293 25.0811217745145 25.0820172485746 25.107806043566 25.1157492586124 25.1339235217483 25.1690429382854 25.1990757243869 25.2160243466313 25.2478143086404 25.271962955778 25.3020271375591 25.3371701598903 25.3546920828613 25.4121814211945 25.487258324579 25.5062656014054 25.519904852355 25.4764347409761 25.4714431605221 25.3944500002596 25.3936165827292 25.3585759736137 25.3195969406469 25.2849288877146 25.2555203177311 25.2249246562705 25.1867163449158 25.1419281414262 25.1139812192063 25.0963815210778 25.0601611409658 25.0359497743624 25.031809750089 25.0184225813106 25.0184326269744 25.0171017425296 25.0292288902365 25.0471542862462 25.0704818060369 25.113390021486 25.1604369131135
25.0922654265975 25.1052979823984 25.1141428061474 25.1262984275818 25.1423380600082 25.1490134589466 25.112149210403 25.0954415842339 25.0996835626938 25.0557383123739 25.0131863471166 24.9166515897086 25.0680802460806 25.1246691302753 25.1494936583955 25.1213746918572 25.1388155052691 25.1806769066387 25.1826751024635 25.2010299109382 25.2208924804205 25.2559003759314 25.2693086028099 25.2962479525142 25.3287431105419 25.336901076046 25.3927568571067 25.430174615133 25.4778397804425 25.4987253828549 25.477695310263 25.4660288116814 25.4047872260765 25.4050614694754 25.3934702534734 25.3185386024875 25.2849031668386 25.271238868472 25.2263192511635 25.1883569896221 25.1434357788828 25.107476951605 25.0889066888962 25.051265787784 25.0401309998683 25.0412042773064 25.0252042827783 25.0148597443545 25.0029465380274 25.0117577026656 25.0188740218127 25.0461891167694 25.0784087143562 25.0780636691753
25.1576813470434 25.1730940441291 25.176901361751 25.1765247161006 25.1794512410959 25.2001492750498 25.1840301309839 25.1595702027097 25.1344696850688 25.1302892857864 25.1062093070996 24.9794418637399 24.9240457257371 25.0871729728616 25.1842453459899 25.1587385998832 25.164320575823 25.1799679738504 25.2196405661695 25.2191780698888 25.227480410205 25.2511228610704 25.2823464011705 25.291581143494 25.313987973222 25.3271315033053 25.3666170260788 25.3808771246009 25.4423161437482 25.4629342656077 25.4641552572633 25.4530799248336 25.4148942687629 25.3644434010541 25.3687950344733 25.3173242995033 25.2848129341632 25.2497680839933 25.2204863539448 25.2053563132698 25.1530843794346 25.1093776084759 25.0826542677703 25.0663032739986 25.0387255372089 25.0379150157357 25.0121999276273 24.9992929234181 24.9919926938451 24.9978116746302 24.9869658473833 25.0259802377518 25.0402934841168 25.0664453015651
25.2540319929152 25.2441372263579 25.2429970095187 25.2440255588955 25.240893783172 25.2410443051362 25.2452242424459 25.2404991295603 25.2002845951804 25.228167381993 25.2084232230981 25.1896980975881 25.151914895611 24.888161468653 24.7212499437509 25.1638774967488 25.2482308384813 25.2170399846854 25.2305339253243 25.2323780801561 25.2432128680341 25.2554249701676 25.2826648595892 25.2956396576063 25.3078461851603 25.3330184250702 25.3560200252651 25.3616181854113 25.3782924149507 25.4496345843798 25.4729808441651 25.4477174781723 25.4029731063195 25.3535539076652 25.366455962187 25.3533456744235 25.2923314436718 25.2583692956854 25.2225241588958 25.2005595469916 25.1635339377103 25.1272686028922 25.0926628848653 25.0680480277833 25.0542137185733 25.0369150449464 25.0167322316288 25.0015888629872 24.9917906891417 24.9874806702873 24.996078875992 25.0025360170706 25.0139758895209 25.0521646298008
25.3458009103934 25.3180178506139 25.3120200693607 25.3008693604558 25.3053335175838 25.3056709643499 25.3025524079064 25.3238290149488 25.295932771983 25.2805218469214 25.2648681611926 25.2565853674471 25.3312436183294 25.2442935141516 25.2276853089715 25.2412144297435 25.2438938573555 25.3051210190779 25.3068545564457 25.3461708731857 25.268218440774 25.2973562503303 25.2921383679649 25.322979620283 25.3249981369501 25.3259183991839 25.3540242526266 25.3508468012751 25.3591896844499 25.3494569916048 25.4457875136976 25.4429284408505 25.4431688010692 25.4391936634058 25.4163467421944 25.389705568552 25.3597355507774 25.267435959607 25.2475103111915 25.1890409990593 25.145054371563 25.1239167231836 25.0891607049807 25.0640341648349 25.0418519440256 25.0233149545428 25.0015570039367 24.9920005874134 24.9875124022549 24.9957476445922 24.9869269847134 24.9982141762604 25.0144479326996 25.0352364001451
25.453003808157 25.45472231809 25.4438624656495 25.3872407557052 25.3857050627102 25.4461723100256 25.4425733072522 25.3690614398615 25.4064913213989 25.4424158616566 25.417602870273 25.4129189798125 25.3889160071626 25.3324824954257 25.3659500334734 25.3612938398932 25.359368475131 25.3534113306322 25.3502434588509 25.3706112453967 25.2954917317555 25.3059893294617 25.3321069615859 25.3948261249949 25.3296360051926 25.3494021353162 25.3536753261531 25.3633276671539 25.3632899085681 25.3456482253693 25.346430258177 25.4022849790844 25.4324775777481 25.4145690143844 25.4001558501779 25.3821060521367 25.3682537819868 25.3367616977957 25.3031101182655 25.2530559233677 25.2097985578172 25.2355816968429 25.2524589568009 25.1595752501193 25.0465163330237 25.0420167337965 25.0189955117526 24.9929328807342 24.9866293539972 24.9928389115834 24.9892530243338 24.9833125632486 25.0120983963395 25.0230726462088
25.5080621626642 25.532022849498 25.5429243269526 25.5476928316517 25.5467238292282 25.5405998390398 25.5364995747437 25.5220602977423 25.5178042954133 25.5048802318396 25.4840828172219 25.4495787429221 25.4419140296218 25.4219987656599 25.4238810005011 25.407804621149 25.3941938141246 25.4243720490256 25.3820295131501 25.3835587324919 25.3876743250423 25.401068252693 25.4022453567864 25.4046236488554 25.4075984926871 25.4105263734305 25.3767809352757 25.3846991771533 25.3907176167877 25.4088505780255 25.3875913514031 25.3628830973749 25.3860210185434 25.4130561931634 25.4070505605803 25.3753259552114 25.370132025598 25.3697099890974 25.2999345033993 25.2658621604796 25.2309326029854 25.2605699107971 25.2509107596344 25.1601574363532 25.0607991047847 25.0482045722596 25.0242449223995 25.0044205945951 24.996621410052 25.0011347737577 24.9881471629496 24.9950840509968 25.0068300295759 25.0231143496655
