T2m/med_mese_clima/temp_med_05_2002-2019.txt
NCOLS 177 
NROWS 174 
XLLCORNER 1436301.375 
YLLCORNER 4916704.5 
CELLSIZE 1500 
NODATA_value -9999 
[rows 48 to 71 of 174, columns 54 to 107 of 177]
6.50825978531932 11.4331249497203 15.0496447828449 17.129541346394 17.1284596819937 14.3022276246989 12.7441232463736 8.87894429304047 9.97801462983735 4.68536806726948 3.8837727351175 7.24055131974563 8.97552326431822 6.58330506615787 7.73366327698333 5.64395448765314 8.89345087487535 12.6903921660358 9.00057279958833 12.3709943530322 9.33544284913845 6.35265343817487 5.66691991997146 10.1879672805825 7.03401242582628 9.80957834649105 4.68159404974683 4.57359244927974 7.52746012471619 6.3865614978564 5.26627907276981 8.00901402454916 6.10100443263326 6.64118340822493 6.64430589599867 5.59015999344547 9.61086913286004 5.76398107826239 3.64196326697648 3.33522905594712 7.34630750332452 1.60743011343943 1.4833297853925 1.61077891973353 1.64337757777872 1.92769266730928 5.77404350514126 8.24829168157478 4.1556233328257 3.00666854790275 4.72868839796653 2.12922156902949 3.82394181727619 7.16519647480342
7.58220832852503 11.8077282420118 14.8476068669815 17.1568681440604 17.1040171954367 15.9630803722842 15.1457952790238 12.4762682050099 11.8684432879665 9.01344514646502 7.95611487735091 5.29323732986972 3.07652301925619 5.87298022296054 4.08045522465289 6.13023286023294 10.8414342438222 12.3116307777571 9.40847217666879 9.17372687714517 9.32360074377973 6.93184825964547 6.13975420245227 6.26881255059205 5.32065384248621 5.78973417312642 6.1620902915778 4.09111610315037 6.99205143758556 4.509707422852 4.36041687850391 8.23598054275315 4.4801872590076 6.9785238703988 6.62149756676 4.50167684288009 8.00024692348785 5.64175476059595 4.25595129270328 0.825291254143812 1.4630149521132 3.56220894684221 2.71288979216061 4.2710700166622 4.59434113928014 2.41106100158835 7.9439126388643 6.52152314302134 6.74005186050508 2.61181145000246 4.84303607069413 3.57302416322646 6.86315318578438 9.03274425104588
10.1007202666339 13.2041682488757 16.5376620255135 17.1845192150937 17.1774613422376 13.9608160101521 11.8342531235383 11.9738279097656 13.568483704862 11.7677428523274 10.3298425583141 7.64597388791401 9.05823727768798 6.02353520734986 5.39299673795756 4.05911080028179 9.04933405301087 11.3481941442057 9.47979799910466 6.72287847503025 10.5702647988218 6.02356286025644 5.56122234962245 4.54636622138398 5.5701759973235 3.72067470555468 5.44047772744335 3.34704723449788 5.05578897035852 3.84696013619535 4.50296470953872 7.30305213781334 3.56311038609369 5.19856000923208 6.52770914873753 4.54913866671071 3.35241673416119 4.26851370690984 4.88642187064406 0.488433067185086 4.89010651071491 5.38838181976866 9.78892573754484 6.07188225149144 2.70300992123086 1.76838639061652 5.14430370771504 2.86867732857438 4.2259619803337 3.03518369964404 6.06295480177157 7.01344817738649 8.11134197989552 10.7841593589506
13.5231936982017 14.0328838342318 17.2183997369475 17.2126991943445 17.2026443358557 15.2522257626057 11.2864666842147 7.71282688491601 10.2519294949358 12.8207926655165 13.2018317158943 12.8579595833741 11.0209426724749 9.39410581978427 6.9730655434909 5.81601731371592 6.62608842779088 10.7425316751696 6.38839428113324 7.53535319458654 6.65268780425062 6.00229849220161 8.10841510862893 8.38214270834298 6.06984224510469 8.2549901047156 5.59070145093947 7.57946311402827 6.6906689194292 4.30752319028269 3.52876535916251 3.85569277872333 2.87047160597956 2.6031151529571 1.33941094661592 0.967794770541806 5.46687337226153 9.42396533965966 7.66008957845073 4.80742855604993 5.54008184754474 11.6234557411763 9.94372601610217 3.61450859623696 2.76830662970604 4.57082948339827 3.78502961001055 8.51724408257065 5.5818695355375 3.96527599259103 5.60732814088226 6.13238336573309 9.92387022653646 8.37821994619118
14.6686042284892 17.2533400752294 17.2497501255185 17.2416064193587 16.7605790194538 14.6214337460973 12.4024574916212 11.79792726638 12.3758066886553 11.3084437816946 10.5284015817181 10.6906130353368 7.60736712412449 10.4572392254169 7.76263262530349 3.76742513644801 8.00486372921638 6.98285348785808 9.22718574409638 5.09503584833316 7.0695676673494 7.38221388298604 10.5454035857853 7.3931310763185 3.94971761326712 8.76316803010995 9.28556895153401 9.62135869612468 5.78330739696828 7.59518240077394 5.19568401065907 4.47970049528497 6.579900152395 4.92794333544436 5.06885251548562 2.94484241776446 4.20137094331243 9.67920444921449 9.17202404376399 12.4154488167553 12.8195863031679 10.9971342213813 7.27143987262852 7.73074522814442 3.99892038320222 5.7098405705995 2.58444751835565 9.12754430156932 8.22417290944327 5.57936646180205 7.80850886366617 6.28993048441627 6.4788410274947 6.32218456406598
16.4031993654039 17.2873363580233 17.2818430337641 17.2714120083017 15.0679448775487 14.505070863241 15.7189415819483 15.4080434200572 13.6762844031792 11.0318921802548 8.6645859449546 10.8181065813431 5.82693003698003 8.14768170145678 7.31839272052865 4.65409467071541 3.92972257222676 4.56750904395509 5.64157842373057 4.78300120086143 6.65879207498417 10.2637129980082 8.19074236905943 11.0407444869967 6.63835617490299 5.02259029057631 7.8835916149322 10.9007529430803 7.19395629807123 11.2051194076803 8.93844706587411 8.49971605421764 7.78394866786447 5.55330879506171 5.08638580600938 4.65786855125304 9.382123795223 9.35283595781312 12.9882675413134 9.97230724296733 8.70276381354233 10.4717989689958 8.70841914155947 5.43668088075615 8.81463992067084 6.55465594253573 7.45448600099164 10.0757993948715 8.91388901219341 9.36824691476422 11.0623037167955 10.6809065882497 9.12759624165756 6.30748734217353
14.0928515170275 17.3219632537277 17.3147500318878 17.3022318262745 15.1721696091839 11.0851430733401 9.72743302561478 14.4233957259559 15.3534970318462 12.6820481373204 10.3419949349298 8.54338612528647 7.2326325949768 7.02315713448654 5.88121933240161 4.61108077672805 3.07995560554406 6.07078132028659 7.98917646075597 7.46979173680467 9.96504299497574 11.5195369154502 9.48622432946794 12.2588383647182 11.3684521188045 8.42325902175646 6.52346733760244 11.1749970501017 11.9563153074111 8.20891376763908 5.64236496166305 4.84312403397621 4.14077535063355 3.45864300715047 3.25055154801701 6.52364631404679 8.71509169034849 12.1818520095222 10.9110425984826 6.09548685488882 6.35220616765268 6.70291628249512 9.22539177100315 9.50035726873923 11.6035059520917 9.95976048955063 12.1561344208385 12.56486551084 11.9800822552115 11.2358270523038 8.15493776992646 6.33026767239507 9.56059570301717 7.79478386034546
15.9805652394339 17.3571566296212 17.3484576717203 17.3341431455112 13.7623452876269 13.8512328612768 12.3117085440291 10.7010588899952 14.3686665440599 14.9602730195648 12.5283708794893 11.7662574239115 10.1773277359627 7.86933678651683 5.66916307093792 8.72238442214848 9.40863960648057 8.68048612682852 11.3181832436366 10.2387509629039 10.7912813389165 12.7636361488118 10.0742501715727 12.3768524460868 11.4575101589331 11.0311156594011 7.67467562407646 9.89523123377987 10.9662306591346 5.23754664570036 6.29256520950247 4.60090087562634 3.43661858299792 4.07597663692851 6.86010438698665 8.16242860760997 8.87130767646945 12.5854998811803 11.687820743613 7.5832775785615 8.48874565316637 5.65441714216033 8.35024323306918 11.6642634426991 11.9891086390897 12.7203449492561 12.0526467044378 8.35711068746691 7.70405294080854 8.23734453243647 4.94992153401801 10.7482666531812 12.9913840184655 13.0960867170566
17.2866748122889 17.3927909583221 17.194315420919 17.3671178132664 14.9588553687673 12.6826911458171 11.4360356250791 10.1950543394628 12.4372282609527 13.4914644939848 14.8206661744066 14.6789015379585 12.626849896286 11.3923389725718 9.00205432391779 9.62314094056112 11.2810042045214 12.0272557399385 11.726549242108 10.9686364509257 11.7761337982258 12.817121272917 12.0413772550894 13.1286276188599 11.5119284802146 8.65426897496744 9.66577653598919 12.3257362047463 8.5940717745658 5.46556465991567 4.79397245310581 4.42833691199492 5.84768397101949 5.04027709975961 8.98693113882597 10.8901946844192 10.9919670601199 13.5158965893458 10.7021032960204 9.84845265741187 7.92990616887366 4.6532861183819 6.01878779307492 9.0989930858055 11.3841756562763 12.5759595889815 12.7388648680423 10.0157400382448 8.13362798394483 5.19028342963405 6.91872679420297 9.29999396692948 9.42903917404384 13.4362973403369
17.4337180450375 16.852148272557 16.7348005784882 17.4010444230503 17.3704297742358 13.3125619261169 11.0490763204399 8.02997865499467 7.83650565944554 9.01899125567108 12.0234849198595 12.9297838287405 13.9515934838925 12.5861122306482 8.21039829938092 6.99019639404691 10.5506913591122 11.6411723804149 12.7657440878635 11.2375715945646 13.2918281143232 13.478882820265 13.7419104204594 11.9330374332602 10.7101289048084 8.75577354513104 12.3476946267966 11.5370288002853 6.77818432739781 5.95518619249765 8.25131287287251 8.00784887882994 6.60799031559746 9.07143985055348 10.2550656134018 9.07853251545063 12.9635963834133 12.7708767261356 11.0435754335532 8.77545966387925 5.59708389533833 6.90829073316618 5.50088042830216 6.31894308156634 8.66070202757736 10.1009045677824 12.9205614975136 8.10532446191514 7.02162918790232 6.53918054691792 9.48757416997551 10.5917950903497 12.6353069654206 13.8206971369132
16.0262966507011 14.5128349795938 15.6274118370664 17.4357176090096 17.4116677247816 15.2195409334184 10.3050765755371 11.1790061508869 6.10637394472058 4.89956802240069 9.83037603909587 13.2640403253705 13.9745321305262 10.5162863208263 7.43896784972682 5.70761791710026 6.67098783029502 10.3789461552306 10.7494106532235 10.2185448514816 12.8388172093319 10.5645013657779 10.9826912290232 13.6273094850512 11.990440935606 12.0944769986126 12.4779979386148 11.7994893117834 11.3180466761476 10.8828371763408 6.43835431648252 9.2197486992795 11.2197391676182 11.3133061941214 11.2889344625166 11.3653249029959 13.0283869170986 10.065637073327 8.26039477772309 8.72574419366026 7.90055274707564 10.0174425386175 5.99811346643858 5.06468987298696 4.80807247246609 11.101338583646 12.3114125961478 11.9323383758649 11.7172994228796 9.96242041640357 11.7146256818806 13.3051614407289 12.9885095130641 14.871947866623
13.8532662575812 14.405764929196 13.6260585325368 17.4708304324268 17.4464389554512 14.9344231979898 11.2834489982308 12.1476391367706 8.39500121982354 6.81483244264888 10.4138542579763 12.5990750220823 14.1995460639949 12.7452409209293 10.1032852162159 7.71016404655899 6.97209800505374 7.20015788719843 6.91380841307467 8.40165862768208 11.2248438868172 9.86362847441993 11.2039847707341 13.4750987369038 14.004356286431 12.9625630619999 11.7717827349171 10.2584477707537 5.70832478715748 6.27997367454472 5.18843599901423 6.79684205710759 9.74111135047602 9.28801283074132 9.01973201334357 10.6463269196511 13.193489169242 13.5357865220465 11.3903119946393 9.54763955926587 9.48678024620598 8.79099130796599 9.40085502861902 7.85912166235328 9.74383834440294 11.4201753023276 13.9954371297065 11.8081026968489 10.4961956615875 11.8739432455466 12.5259235886834 13.199081549377 14.7782954076834 17.0617186895307
12.687962126925 12.9626158504942 13.7742239461637 16.8075175386152 17.4817324697603 16.4952049796964 15.4291164913111 12.8480883157364 9.17839870427039 7.18898784153165 11.848628812995 12.6238554814624 13.7213518616042 13.4488087487258 12.6192303998327 10.0802327130943 8.42983887798949 9.77538456919543 8.25702876503138 10.8430620875204 7.31357668419659 10.1311558327999 11.2831200635111 14.3031997137324 11.477313223211 9.8013076848336 8.19704028357108 6.14614253132255 5.5002930885861 9.40194392875728 6.00782001137099 6.43645267219906 6.02517141114144 7.37384990955872 6.07088145756521 9.52056964032401 13.5875242991488 12.0793314197305 10.3861765265291 12.9885102348195 10.955730071492 10.334800825661 11.4750712589838 11.6633280037557 11.974423289282 9.3538559555411 12.8585315747474 12.725989395272 10.833505469387 10.147261731827 10.1674772501007 14.0366107815486 17.2384581983273 17.0639763483479
10.1460334760891 10.3477817987372 14.191793546191 14.1314209699999 17.517042339768 17.4053608075704 15.0621333924157 10.4995620469379 10.6211948179827 9.04574041358946 10.5400694448193 13.9256654186473 12.0307412365314 11.0582711325774 11.5792672747338 8.1063340992552 9.76003930077652 11.6422567025195 10.5263517461629 12.3878193569082 9.07842931081921 9.69904860986633 12.6040124169241 14.4397701668059 12.3708874049597 12.6366389123907 11.3969556714299 7.84369337331966 9.19798332070846 11.3180170541191 10.2635901317613 6.46838220668303 8.93494269797797 11.0316896471973 7.76386022446622 8.12219843202508 13.1742273640945 13.9550044554987 12.5178572894982 10.936548973022 11.2368315507083 12.7092877149927 12.7639088030956 12.9848360027451 12.6084896736376 10.2644627890815 13.5593402848062 15.5040392191874 13.9755999080745 8.62649989653685 13.9747682302454 17.1518106003051 17.2640956704079 14.8014468768497
10.5455388365435 11.6520760961452 14.3241903589463 13.1529895689476 17.0182649839807 17.5223909097689 16.8374962139277 14.3756332013526 11.6311347883591 11.7324015262814 13.3895482723084 11.8080111175546 10.2650675132974 11.0493906627748 11.1844299322391 11.7214726596004 11.4354493324245 12.0490764642249 12.5889645107504 11.283867733522 9.23225070504762 11.798171941798 12.8801763677027 13.0236659562698 11.918383144378 11.5775715731527 12.6314980757837 11.5555142726486 12.4698972897535 12.0456869425758 10.4840099867103 7.07039782365656 7.50487606088316 12.4321042960717 10.4138481307388 10.8758359672077 14.3274313229194 12.8762623072314 12.5068328085746 13.5265073050411 13.3852368117115 13.7734135618088 13.4585922630987 12.4352300074687 12.4172762502279 11.1484064397184 9.12205005577967 14.8841655913142 15.3383675771363 14.3276568420323 17.4328432496683 17.2494156126623 16.2195708263619 11.5869592295609
12.5456184626592 13.2227206999137 15.2406118861319 13.6281378858527 14.8964274606403 17.4766985729153 17.5228445847461 17.3995275981632 11.0859691790785 12.9787025265488 14.3730160437984 12.3814306213302 11.8124819256319 11.3391159868796 12.4009146182533 12.5181293626534 12.9578966520313 13.3822737693787 13.7658493256863 13.518436929234 13.2888986701307 14.2934534250954 14.0889858176863 13.9536330520279 12.2572787148625 10.6713533206153 11.6448681212697 11.947915825188 11.3026400633807 11.8965059491058 11.6700658937882 9.97053845169591 10.2575519458063 12.5902392467231 12.1538107355988 13.1023941148302 14.6800822772178 14.2622466110797 14.4922410077611 14.4781994692613 13.5721572920772 14.101187706196 13.1360363623357 11.7137359461247 10.4012969883454 8.98871368126541 7.50645273536429 12.4998642177367 15.8644252815548 16.9959363545717 17.4077304413473 16.5861638739705 10.5027849992525 11.5659750259855
12.2312452057124 13.8256315924503 15.456921176318 13.2835781158948 15.6295092164366 13.5080833577815 14.1843620273618 17.519424881133 16.7507456255548 15.3380294160526 15.0887162368423 13.0287673253152 11.6090092187279 10.4227398468636 12.0776723585149 10.7679971427507 11.5005053608563 12.3639439350477 13.3644995346021 13.6057577662078 10.4022587434417 12.6325080567442 14.7042383832604 13.6131604394933 12.8003929905501 12.8160773497512 12.8168313298144 11.6926234586647 7.48991372656093 7.89308518653945 12.5020365715073 12.9416591535702 12.2207364354697 12.9193908953602 14.5606392091991 15.0455214012184 14.6307439382337 14.1831618388034 14.5342431126737 15.1308912348968 14.5410430984181 12.9803671317129 13.1709160017677 12.0060203189099 10.0059201755536 8.32262426781521 13.0011718540257 13.2718789045291 17.5461557692216 17.5444674937078 16.8086803723081 13.6271781276773 8.29770425585505 10.4917400211498
13.0211405998487 14.3864293584669 15.0615501996544 15.8851319029191 13.9037568883855 11.3616247486473 13.3308536561551 15.2286949190277 17.5132309193596 17.095120284366 15.8021909550016 13.8863977284895 11.5727085745474 8.15442125063382 10.7606597589069 12.3602047612592 10.9401242998558 11.0860269524111 11.2262956824507 12.3975219018022 9.62263371813949 11.7455534250338 13.7410375539857 14.0169330055607 13.1979268476781 11.1549743719142 13.1275090982011 10.1217328149266 9.28299907718148 6.84789737684402 11.0689499146345 12.9777367744457 14.3130187046749 14.5398414017794 15.0420216781674 12.359518842521 13.0626522599179 12.0574577898269 11.9980219625675 12.5860695426065 15.5823310304939 13.7060652429215 11.3760315776106 11.0612892847988 11.418084963997 12.2935713607404 13.6463227386874 17.4315708756079 17.6445174660947 17.4292089927344 14.6870501588064 12.6192306004028 12.5167400108702 7.91154170592137
14.6942744529726 13.6547449886063 16.5467375922534 16.0114906598572 14.5672797522059 11.45613969127 15.4214875902843 17.3942119797807 17.2900655569302 17.6311038438553 16.1801457309613 14.5544083892839 10.9738691553951 10.517219077868 12.2870049028669 14.7401266922278 13.5040793259203 12.6223433607016 13.8297824575209 13.4957072813708 11.8007091051221 11.9990296920256 13.4155237413575 15.5711039429461 13.2725015890129 12.8776145103537 13.93958181806 13.1632790021322 10.1316457954956 11.5767345644304 9.55738117213301 13.2557934418965 12.3313732197025 12.9420097207765 15.1781609738499 13.4780621533869 9.19096978612017 9.39792203957411 9.95157357115258 11.9892869193492 15.1734645998772 15.0544876954806 12.5992087496422 11.1624127076122 13.4573182109835 13.335595611768 17.7002542929149 17.7351115844132 17.6351543126283 15.8568308542356 14.0661075775592 11.82720584957 7.52675628250226 6.27505570351407
16.3684400634449 16.4626640177803 14.9709637512671 14.8922554161078 11.9884972900405 14.7281786574442 16.8596149593592 16.5710492426415 14.1181291804913 17.5430267540025 17.2374608516693 12.7553181420414 13.706318038932 10.3268629436219 13.2160449680079 14.1446709191266 15.0068575795786 12.9347774259746 12.912576015427 15.2168890970541 12.524352522107 11.6125047119283 14.3172587757953 15.587346548026 13.9281996069407 12.6005410288909 14.8393090213063 12.6532192852762 9.67173068851522 13.349001242993 12.0066125270209 12.6307240798196 11.6189701849635 14.5871752717429 13.8276408102777 11.263186650894 11.7385367677846 12.2106980119349 10.5666685031493 10.1950705591681 12.5943071731964 15.8084707608561 14.8068281976897 12.7717290877376 14.9391577837644 17.2668368615854 17.7945842632909 17.628785139727 15.5581542152681 12.7823926403158 12.0381049250925 12.631331934489 7.16155914619253 7.16959381781982
17.0486632685418 16.4438836897781 16.2685516257529 15.2985789500545 16.0069478456805 17.2725531012924 17.4810488998522 17.3913312054343 15.5730101011785 17.2859703237812 17.5351571964261 13.8966804344621 14.9477814268091 11.1284868589365 14.2563325211958 15.4791702499176 15.6471840987787 14.44786866597 13.74730433818 14.9056701719485 14.1581421690959 12.7754689451537 12.5605134233189 14.0983762879155 13.7366458554419 14.6466631419405 15.1680712538001 14.3139729584809 11.9032882366237 12.8040241799329 14.5559962298859 14.6236932464588 13.9886322150444 15.7839939074016 14.5570054291207 14.570528732001 14.5673636666418 13.9085385327814 11.8555213276251 10.9830319130902 12.6830723120227 14.6086918437554 16.5424901979205 16.4431315853456 17.6675243335374 17.8506955759761 17.8361267140618 14.9884756408724 13.6500082756611 13.3138168774664 10.6334740950809 7.85641776839924 8.22498660997732 11.4555529298005
17.2454201814017 17.3458095177456 17.2876978015274 17.328489424601 17.204576040602 17.2565473619251 17.4999415491834 17.4482602080445 16.100859620045 16.9092609594266 17.5681083387063 16.7262878685638 14.3533460890713 13.9542720225306 10.8164736300137 14.4042087310074 15.7301977451201 15.2570569034988 15.2176602052686 14.7770048726764 15.2675921229853 13.7652261953663 13.6488160436168 14.661937212852 15.6176997425748 14.0930254002596 12.5503329855148 14.6452457884488 12.1707322301642 11.5328826657077 13.0087244795152 13.9925397264093 15.324095814997 15.3609167704428 15.5753875666746 15.4175921307118 13.0350152774909 11.7972583897555 12.2882600413842 12.3065833353791 13.268562523156 16.3925877285224 16.0493289846145 16.6502741513797 17.8754085316334 17.8854876042884 17.678932231959 13.8956016747948 11.2413009984879 12.1075396276627 10.6173216474659 7.66854915661343 10.0191532897827 10.5608012917637
17.3614000537329 17.3973440485604 17.3386550387851 17.2889719209921 17.214488908299 17.2688131606321 17.2520475788249 17.0625589924278 15.4201472208916 16.0389706700672 17.531352698619 17.4955521835773 15.3385885722383 13.3772523647105 11.7244161782515 11.6009057398868 13.9437271010453 15.0460592558355 15.7638531089933 14.4237559795748 14.025221928623 15.52454149173 16.3381099207718 16.3251700022522 16.0511796313119 14.8492595668192 12.6883520514417 14.2486084459372 12.7776720056287 11.1704209102783 12.2445702710269 15.4691245044639 15.0733787377859 15.1154876618474 15.1305349841162 15.1761101993146 12.9891135434954 15.4775111363074 16.6593122968335 16.5001673397091 16.440501253822 16.1881349234669 15.1181163731549 17.3363006819178 17.9031376744126 17.9094637317422 14.3283081456651 15.0202260790048 12.8576618563855 11.5147819217484 10.2073179528313 10.7137282967488 13.4916368806723 12.4145707658768
16.727988458342 17.192414086542 17.1607093580895 17.2904912342812 17.2848202698577 17.2553665568615 17.22837867402 16.5423560942029 14.8172242576693 15.4929174238241 17.2676311866553 17.5848161655812 16.436252593663 14.8460429205847 13.9797582538684 11.1641256795135 11.616281560337 13.291914368384 15.3030321918704 14.4506530234015 15.5216275350915 15.9281713927234 14.9082891424037 14.7318917947695 15.1818885292536 13.1075254907394 12.369450966002 12.8840347325176 12.8321180834906 15.0726229878487 13.1449997623578 16.2593580980176 15.1665244546018 15.0865340727715 15.1251207113634 13.1236228065542 13.5739658789134 16.6789135907535 14.0498361039401 15.0432886572716 15.6810745715543 15.678183594346 16.8042830976071 17.9171742468704 17.926608814943 14.8847795822554 13.5913115387254 10.859310062617 11.112721542942 10.7977633743738 10.9434239113765 14.2818991775222 15.1257851272454 14.7734287907312
