T2m/med_mese_clima/temp_med_12_2002-2019.txt
NCOLS 177 
NROWS 174 
XLLCORNER 1436301.375 
YLLCORNER 4916704.5 
CELLSIZE 1500 
NODATA_value -9999 
[rows 24 to 47 of 174, columns 54 to 107 of 177]
-9999 -9999 -3.99958347013451 -4.45074847685346 -3.49168057940049 -1.93868848611491 0.791455669583804 -2.19100299266655 -3.55857327044466 -6.27013105572482 -4.16897760771974 -2.68253739427026 -6.25550250375573 -9999 -9999 -9999 -9999 -9999 -9999 -9999 -9999 -9999 -9999 -9999 -9999 -9999 -9999 -9999 -9999 -9999 -9999 -9999 -9999 -9999 -9999 -9999 -9999 -9999 -9999 -9999 -9999 -9999 -9999 -9999 -9999 -9999 -9999 -9999 -6.42020399009478 -6.12633423849859 -4.32256700861667 -7.21903537648051 -5.44864246532783 -5.22055815731979
-9999 -9999 -9999 -4.84296109530662 -2.58478489922922 -2.75162659972742 -0.166655018635014 0.169300028856298 -1.01304433030693 -2.6475906217076 -5.15097643282698 -3.79187150845223 -5.10981390447643 -9999 -9999 -9999 -9999 -9999 -9999 -9999 -9999 -9999 -9999 -9999 -9999 -9999 -9999 -9999 -9999 -9999 -9999 -9999 -9999 -9999 -9999 -9999 -9999 -9999 -9999 -9999 -9999 -9999 -9999 -9999 -9999 -9999 -9999 -9999 -7.36003442652546 -5.21435613868503 -6.54785532388416 -6.59561475995298 -5.21244814194926 -3.83926605930146
-9999 -9999 -9999 -5.56530744383733 -4.52120119712792 -2.62096163047838 0.0392458353998492 -0.380527069590347 -3.60493963327499 -3.62156639996901 -5.84631152238237 -4.50051881745172 -5.23841099572939 -9999 -9999 -9999 -9999 -9999 -9999 -9999 -9999 -9999 -9999 -9999 -9999 -9999 -9999 -9999 -9999 -9999 -9999 -9999 -9999 -9999 -9999 -9999 -9999 -9999 -9999 -9999 -9999 -9999 -9999 -9999 -9999 -9999 -5.11567076034301 -5.81078267833363 -6.95175407881129 -6.59928537070627 -6.67048048273696 -6.5275141149543 -4.22466618997989 -2.7836808067212
-9999 -9999 -9999 -4.59786539250154 -3.41594563534966 -3.86334511902246 -0.426782063573707 1.45031004479419 -2.17721771273627 -3.58399607629788 -5.31659700719887 -4.82244167257559 -6.60436289803324 -4.96167443273763 -9999 -9999 -9999 -9999 -9999 -9999 -9999 -9999 -9999 -9999 -9999 -9999 -9999 -9999 -9999 -9999 -9999 -9999 -9999 -8.12727253111031 -10.5478348229004 -8.56788950380106 -10.7040571229598 -10.0595277219508 -9.00189101136514 -9999 -9999 -9999 -9999 -9999 -9999 -9999 -6.90571702730627 -4.770537741082 -5.71956254511897 -5.70220843322102 -4.24903218994784 -3.38817898838868 -1.4883804871955 -2.90870444085306
-9999 -9999 -9999 -5.20155748516195 -3.26870728028561 -2.60604702578974 -1.01281826933627 2.17563243404943 -1.24935679700458 -2.21919873297256 -3.84793539393006 -3.82101233025699 -2.60098279668825 -4.24885764022207 -3.60128924629209 -9999 -9999 -9999 -9999 -9999 -9999 -9999 -9999 -9999 -9999 -9999 -9999 -9999 -9999 -9999 -9999 -8.0132240697705 -7.33290241039879 -6.71798931358804 -6.38443997236789 -7.49193652750148 -8.2187187212141 -8.19834054162137 -8.31299355798843 -8.53981554242562 -9999 -9999 -9999 -9999 -9999 -6.30067261426593 -5.69440771221182 -3.8931443251076 -4.59940034416571 -6.12507703849529 -5.64925357342713 -5.199603787862 -3.44416935902829 -2.00069598103224
-9999 -9999 -9999 -9999 -3.05643576616788 0.168298280449625 1.17701766051353 2.07652385524359 -0.0721799152822067 -1.50280762508833 -0.431778640042967 -1.09426743241858 -1.12699834980428 -1.40670779342335 -1.9867258643632 -1.07148509031129 -9999 -9999 -9999 -9999 -9999 -9999 -9999 -9999 -9999 -9999 -5.52130321049112 -6.84297653366582 -6.78837883991174 -7.42917206034891 -6.47772430611702 -7.81762020422468 -7.50278757226425 -6.06823456616468 -4.96208240638747 -6.52925163743206 -7.37214544084006 -5.8335781863715 -5.88540521345892 -7.31770053050699 -9999 -9999 -9999 -9999 -9999 -5.28256708652079 -4.87487989386722 -2.67282000253937 -5.23894095561679 -4.7009401233953 -4.99468794698061 -4.80959461157706 -1.37187800735072 -0.947118420405773
-9999 -9999 -9999 -9999 -1.84419060518402 -1.70057373094827 -0.651997915756411 2.22731517924302 1.8195195003458 1.78917976448616 2.36317861453109 2.07953856910245 1.50404383411185 1.85890120486083 1.6143953436315 1.85605687036984 -9999 -9999 -9999 -9999 -9999 -9999 -9999 -9999 -9999 -5.61386472817079 -6.24909557759946 -3.630950066113 -5.92155149622537 -5.71884213461079 -3.16927979263831 -5.10756835097054 -4.82946235432626 -5.70097074984305 -4.42054958227869 -5.84449936550094 -6.13518434325923 -4.94057879167903 -4.38343876575335 -6.08051594757309 -9999 -9999 -9999 -9999 -9999 -5.6227771242752 -4.99841370414022 -3.23120987903036 -1.81928177819223 -1.62452494403147 -0.654575818626478 -1.49301705136823 -1.50717358615378 -0.87188225989147
-9999 -9999 -9999 -3.72442183176836 -2.3821626859993 -2.09763201307296 -0.549104599077602 1.48388828941368 2.52607606066925 2.48683849352868 2.24156649100098 2.31706283818208 2.03978649606299 1.07981736196445 1.16856328245086 0.385308771460917 -0.722258100962972 -9999 -9999 -9999 -9999 -9999 -9999 -9999 -9999 -5.95412818533271 -5.90592054495777 -3.21451053442911 -2.4172062133201 -1.15698590310314 -1.15120472383015 -1.9762767829226 -3.81410145991048 -6.22706430567267 -3.29287283540509 -3.69891199469212 -7.23317605446895 -2.9415353338103 -3.866212272578 -5.75822334642671 -5.0708262967792 -9999 -9999 -9999 -9999 -9999 -5.62545871698542 -5.1442555221722 -3.28090537717503 -4.59322465371874 -1.84597249277938 -1.26937109940718 -0.106978748485339 -0.30683420943305
-9999 -9999 -9999 -3.96798513866826 -2.05530145023572 -0.169459695808967 1.41900726792299 2.54980245314926 2.51791012118058 2.52492998100551 0.982048051316218 0.173006165144783 -0.892052989726077 -0.816950693405885 -2.29892558014109 -2.0671900740095 -2.49755271840432 -5.23501391599408 -2.98723877662911 -9999 -9999 -9999 -9999 -9999 -9999 -7.98060136226836 -6.1776003868659 -3.52903309987521 -1.75978756592214 -3.83293276652106 -2.2188119376086 -0.465462923083037 -1.11614792837251 -2.81524709834162 -3.42475022703696 -2.12234932199413 -2.45232813210305 -4.46234884747648 -5.24167373871831 -5.75631315540943 -4.95047941926132 -9999 -9999 -9999 -9999 -9999 -3.25930062743759 -6.14838813390469 -5.07632578402118 -4.10340380588723 -4.88854226387191 -3.51349808147183 -0.122068322881841 1.0125731977339
-9999 -9999 -1.37664069334984 -2.6444440344075 -0.333983924272642 -0.609180731793966 1.3430698760274 2.60898968240154 2.52382400676211 2.3018288422256 1.33027134772489 0.580436366848559 -3.4955502531681 -1.58726367457346 -3.06827442311746 -4.56555065307712 -2.93923788332138 -2.92275102880622 -5.91531398414562 -6.940605951118 -6.75436023723303 -5.4722769472792 -6.23922054439521 -5.64341310062672 -7.72660608480956 -8.2582063797898 -4.87926574096082 -3.7205520713783 -3.75494733162314 -4.73683542472613 -4.01279188881428 -1.76291697651727 -0.561356343795562 -2.79500649145025 -3.5657662458561 -0.5910592272635 -2.45340255668071 -3.82138988171143 -4.59934486007017 -6.36137644642429 -5.44599267505542 -9999 -9999 -9999 -9999 -9999 -9999 -5.19665750592999 -5.55147262311056 -3.62987944936607 -5.47477828290154 -3.5345870085901 -0.843710097675949 1.39485472077255
-9999 -9999 -3.65921155136931 -2.82075731835148 -1.38768065185843 -0.829316000733158 2.2713652637344 2.69513341282188 2.5401440187055 2.5536633903052 1.27998669877692 -2.44488160906109 -3.63362157443325 -2.70632617680781 -3.62562830082616 -2.72988105018181 -0.267672372511062 -4.19924596032889 -4.88624979175895 -3.41973947992512 -6.35050395439145 -5.21368857295282 -4.24589814825217 -3.3070916591883 -4.06628117492008 -5.07353042368355 -6.92487490308898 -6.67541325454981 -5.39380355728879 -5.6522797753825 -5.11726410322245 -2.39328939809929 0.181838468486513 -0.146741944887262 0.0423119839072848 -0.369701935540292 -3.21955121395331 -3.77428699550025 -6.89379062826833 -7.56892898800459 -6.34979518119948 -5.53516141353057 -4.13533221211574 -9999 -9999 -9999 -9999 -9999 -5.09312727008365 -5.73879030983622 -5.05918221762645 -1.41156785356743 0.804170578024167 1.81991352010649
-9999 -3.92449687757668 -1.44611133535647 1.33988598441289 1.52188620156259 1.98071568979848 0.544926049096125 2.40923390306889 2.57673917572852 2.54720188112318 2.29122836641896 -1.0379940491305 -1.76729789038963 -0.0817132071936058 0.132255675884812 0.513027550633619 -0.228183142820323 -3.10488180826195 -3.17836272991835 -2.6896293992496 -3.84534141264747 -2.28964450037693 -2.09202431334379 -0.48421614819308 -0.828230640926886 -3.58079977209806 -7.25348613803218 -8.49122758822119 -6.68149438842004 -5.8745761254611 -3.43775860203154 -0.676335081128923 0.307093936837787 0.19695910740651 -0.147173664343383 -1.91389203678445 -4.85861654791265 -4.7811682294583 -5.28113817052986 -5.34705879476966 -3.29230144027271 -0.988890285051442 -4.19827205694259 -4.5794154273218 -9999 -9999 -9999 -9999 -9999 -4.878394084981 -3.40737080843516 -0.736231705596878 1.42509804491301 1.93643778627218
-9999 -1.80530194797142 0.840148067519371 -1.97306378745626 0.868194713680266 1.39151552974104 -0.0694918466279116 2.6625000703245 2.72866739658203 2.58809973967779 2.56036444221851 2.52033573723319 0.0156714345849777 1.8526863913213 -1.10901871729946 -1.79662389183202 -1.4344589641261 -4.59949284432879 -1.66465884406244 -0.475927572659279 -1.3196188430538 0.545608063867564 0.361546977374985 -1.40561192934637 -3.3960864436561 -5.78697408919425 -5.36962859233195 -6.06627846359294 -5.70344522025431 -4.30085482702068 -2.27134973935036 -0.551789100969962 0.368823926404511 -0.714665273194738 -3.02455549720682 -4.81787647501708 -3.0619513025355 -3.50676339716856 -6.36437125414879 -6.30249854063163 -4.76385317472558 -0.629455122416538 -4.76851829275038 -5.6876756442357 -9999 -9999 -9999 -9999 -1.26041134764705 -2.03379172548548 -1.25971297395134 1.11022545597064 1.94819452085067 1.72804888393221
-9999 -1.78757130716341 -1.10856203604276 -2.74936730114487 -2.18070762899771 -1.36783455790063 -1.02607340547534 -0.0623003022795959 2.72589120879368 2.63434946983609 2.6019811284333 2.64974380266806 0.24217596976285 2.02814719189301 -0.136770992866742 -2.821183133631 -6.14165214698044 -4.86067399219889 -1.56473971800912 0.0123510935005529 0.994031059428158 1.04341651435196 -2.82008545749587 -4.48593942467052 -4.5130425069758 -3.14317136521746 -5.31301596026702 -5.18967298870536 -2.81152617401785 -2.47553556545338 -1.10245768129903 -0.00780911939533799 0.346967126295641 0.249205471026886 -1.51627478010046 -1.39124242405363 -4.57533225247474 -5.29615039325232 -6.97978885547734 -4.37308867873561 -3.34269075284098 -0.251165954340976 -4.51091197778408 -4.62943623082771 -9999 -9999 -9999 1.48873356342729 0.779661808768099 0.970016407425502 1.32854813058254 1.92110893722287 1.91494259117761 1.14046832891791
-3.19193454401605 -2.12727784367125 -2.08092467517387 -0.591958731891142 -1.0602428122884 -2.71294733134965 -1.84982510359839 -0.766751335715315 2.52038420960287 2.82006603309882 2.65244220613621 2.61013143832027 2.49928470375371 1.88807662950539 -1.31857295152796 -4.56914033904076 -3.62783367956684 -6.05578919701943 -5.24655721534238 -2.71272825516114 -2.87803197690734 1.07563809485057 -1.31022715162277 -0.583178873669449 -1.29467164118436 -3.39827577262926 -4.40464979803423 -3.94572187799392 -4.71105967980704 -4.10588877482118 -2.76348753095366 -1.56323865077584 0.326494252893968 0.350410655031518 -3.20785018858278 -0.00960994487819253 -4.96548084373974 -4.06929191358714 -4.26335835544409 -4.71808862578828 -1.71188945942057 -1.74163922927714 -4.85109162871227 -4.75561669214476 -3.43864597147317 -2.93589490141234 -0.855944663247095 1.10331743474245 1.83303617257735 1.89197350539886 1.63415788078006 1.532711224648 1.35051699178047 -0.194362515576031
-1.96158183848965 -0.773906247212318 0.463367994414878 -0.24276770206978 0.64224003636939 0.0165774107048585 -1.43786133200804 -1.54095528289376 -0.682065544235976 -0.0653869087307454 2.59897178999642 2.72392167041611 2.61026253385488 2.00595202444723 -0.598327924401492 -1.02483730950585 -1.11524643367854 -3.95828413656765 -2.92987584989286 -3.09691970396623 -1.57228912480684 0.973561210086199 0.705178354736511 -1.26291507170589 -2.278177003 -2.44321983907351 -2.95408403220704 -3.90208680128736 -2.76019338464129 -1.88940953623726 -3.31936908775929 -3.48050008666593 -0.545415455244045 0.319930133683086 0.325578810514308 -0.463223349921448 -2.08548191879394 -2.81080952778313 -1.26538393230767 -2.83952928431948 0.402208212335945 -0.252877962728641 -3.5685511776934 -0.695725274878914 -1.66329343875905 0.812281889259967 1.08138119297967 1.75980008823754 1.8491962794227 1.6388075078044 1.20996374461376 1.40532034064705 -0.817969763172762 -1.97765565134001
0.356277482452869 -0.399031270792639 -1.20068366452713 0.102106383205462 2.69551129244693 1.74376332306753 0.0714492830887739 0.634410984751969 1.3491846693984 1.49640164634688 2.85513566487206 2.71130443904279 2.65594708003619 2.13258176942582 1.45830573855771 -0.622620792788805 -2.08205346925332 -4.46133395506287 -4.37308079957447 -1.01931198746079 0.407545299076337 1.26527058868697 -0.173809118075451 0.237079928310018 0.0685129579018364 0.593808935586506 -0.114785888144038 0.236156365770351 0.168926245478017 -0.256202107316015 -1.29825978234142 -2.93132174388942 -0.536534208423712 0.291307211742681 0.396354918036586 -0.220748375459664 -0.252804062960817 0.414588861734434 0.615843096971418 0.545167056788359 0.678121900277332 -0.930676587194024 -0.786710442837716 0.147353055798535 0.923978541072518 1.12961233585589 1.51618657243453 1.76424745757256 1.27504483659393 0.561827076080494 -0.899157065065487 -1.94040814385107 -1.61048437229905 -0.153783328897535
2.10313494954977 1.9266184914584 2.00780202281664 0.863467152759745 2.80362662772696 3.07400719813221 2.13497699705466 2.63443927057402 2.94456398700061 2.83892756781776 2.81995596455904 2.76564279603552 2.49894947734109 0.916081160889477 -1.83218111904389 -2.71902039337333 -3.25870464625628 -3.24427422154407 -1.57645337673171 -1.3155000644637 0.962309780510524 1.02166047670218 1.15467728468855 1.04676708266106 0.907244919601173 0.775258952407567 0.512497386945752 0.561445871107277 0.493076395427985 0.455120849677432 0.407191740716995 0.428344859537376 0.438244025930981 0.303946852466622 0.314993958164697 0.320214321022296 0.426087699066898 0.491261680029141 0.517708137779262 0.590944893369474 0.663820971949221 0.862122765066343 0.853814321978124 0.923615810900344 1.08863909544655 1.42152612908616 1.65521321668664 1.40808089336665 1.29786608884407 -0.259947434474254 -0.952254100804416 -0.506400810325448 -0.715497026785645 0.655417834667038
2.55242933369425 2.6555945479342 2.81346073247302 2.75900660425296 3.08381649035548 3.18531670973957 2.963386004783 3.0992078168907 2.97203031242751 2.92995259067415 2.87924244640189 2.82518415476643 1.4388977343564 0.906291865333247 0.619668463350429 0.113181543374065 0.501283329401301 -0.736049370533381 0.339049525234728 0.974457724960737 1.35186087310619 1.36541262896155 1.53016121337993 1.41107399795685 1.26418449710358 1.13571775057299 0.896024985162498 0.694481059922209 0.56236900319653 0.462529220063469 0.481901182387365 0.278814174395956 0.246527311941939 0.606866956702698 0.629531152403638 0.659734585593708 0.730250432588578 0.728643067471972 0.607950876170064 0.738000282828923 0.946065457535733 0.803362398159961 0.887181088957038 0.978947616466189 1.08223586070202 1.54075663870724 1.44481326156356 1.3726441599491 1.10515972773095 1.01405781725031 1.22661289688098 1.60919003197526 1.65623063672378 1.70211987530639
2.46640218604502 2.96640067926001 3.28981419377955 3.27902021861703 3.01076125792036 3.23475049162117 3.16017070291432 3.07292378187604 3.03607510154364 2.99179518090762 2.93800448649889 2.8815087046043 2.80524779665493 2.66084330379353 2.50773989005753 2.33162698481155 2.17784301053702 1.74209211866476 1.6080490846959 1.68627149121801 1.51458313959108 1.40095570090404 1.52432775011964 1.21071279516358 1.20972362687981 0.998677094278456 0.980064580323208 0.875750474182289 0.782863854112281 0.698659851302894 0.629944728254649 0.58233621942894 0.494500044145049 0.466529096199658 0.384379513755058 0.384474562150371 0.328147534918142 0.624336464437555 0.556430223233841 0.669479867803602 0.780468166376115 1.05976627068979 1.17179588935293 1.29622561518464 1.40507505917633 1.28207147452469 1.33660895471786 0.969416443420347 1.38853352630977 1.2640297690907 0.630287757534587 1.32500794934271 0.793988833990617 0.455173215442739
1.22907725238898 1.98667558843937 2.88604657106323 3.30546248099695 3.23357642677562 3.20311965146146 3.17711277809745 3.14421975305084 3.10891053567866 3.05500847779974 2.99630398106082 2.92780700280564 2.84913794602922 2.75876890252382 2.65860613031982 2.5483740914719 2.42214503704983 2.2616626552376 2.14646165119875 1.9886064483192 1.83160636881698 1.62893890231022 1.13268615043694 0.97962814790342 0.540004079920299 0.580165672708769 0.61464522469792 0.51035183794964 0.418273178924133 0.334164928158708 0.291780729670813 0.226625843725627 0.257718550599377 0.407938141640334 0.539919600936461 0.585939951679489 0.691021198904662 0.663575474233046 0.814087148584328 0.871221325844714 0.934522012861659 0.86493863826945 0.906877233268905 1.17886488068206 1.26026948686698 1.27607217233014 1.37497597141479 0.505671500205167 -0.0131663520580602 -1.60177916277984 -0.13050874220678 0.916651886855421 -2.0957866709213 -3.61611148796892
3.22668578556607 3.35827107008579 3.40830666015186 3.32880619260108 3.30387743863142 3.28104166949307 3.25177579093622 3.21675780268104 3.1881731025468 3.12943067036325 2.85200737481716 2.9773960874099 2.88783237322917 2.7646577633095 2.58945412473868 2.40469964201792 2.43252353520568 2.2904329415118 2.13169297381705 1.88197990183829 1.67455784169821 1.41629125161869 1.10496114650483 0.896120991295473 -1.03285340686578 -0.751549563883753 0.0543074418857239 0.557019241477839 0.59833202086276 -0.0819733796778149 0.570989013856702 0.591831429468628 0.492484796343024 0.632667802646548 -0.494098566004017 0.463051210342427 -0.613508052951006 0.239530441869243 0.176006767563186 -0.00153932364828799 0.741118062443207 0.928536621993532 0.983527357123119 -0.344804083031058 -0.307543941345479 -0.441669414716146 0.761672957468124 0.132894404112957 -3.66300926601729 -2.31402730442441 -1.36314066218375 -1.99610234159537 -1.03534533106223 -4.23925234734864
2.29280779839641 2.38591906275367 3.29799120018484 3.40458088184763 3.38462312959046 3.38911535198045 3.32582591782207 3.29848288096237 3.14264670071809 2.93380574148308 1.86440625437691 2.29835968009152 2.16828434979982 1.21014359079731 1.26804024912852 1.54278555329613 1.78604742349837 1.81322879613656 1.72005520499969 1.06088051332662 1.22247041193749 1.18834872477705 0.438595088206686 0.0610398550720142 0.132200458305266 -1.48169161815403 -2.57321598534422 0.598302847488443 -0.995712818972549 0.397486254283636 -2.67714400678452 0.624082465388754 0.100797555393777 -1.38649489233455 -1.77770189809836 0.679494523492433 -1.280707696603 -0.860966177666094 -3.81669565831293 -2.02043630236625 0.58979035682431 -0.559944325267018 -0.442849873379241 -0.351797024423861 -2.91256390492278 -2.46223466349715 -2.15423338194113 1.40635521612633 -2.61902642094848 -3.20738286907859 -2.76208389155544 -1.99044478200651 -1.51027499290762 -4.49157085304529
-0.65421701281651 2.21884731896045 3.39372843489002 3.48772427583238 3.46475256141559 3.43563386013148 2.69386842575667 2.47183104731734 2.65516274788254 1.80513407313563 -0.931640698163314 0.145871399189389 1.85462129915523 1.50710305371991 -0.668481188169242 -0.666027327298732 0.474951420248605 1.8147396300155 1.37909266017331 1.3124864111087 -0.591478544726025 0.335854264736954 -1.63238873895818 0.380593505624725 0.139785917678869 -2.46493987671633 -3.44441551277538 0.137541815340747 -0.438161001505118 -0.0708864510291541 -2.78204127055298 -0.453338228525543 -2.08516273495117 -3.58676080288488 0.317524218824999 0.47078173215828 -0.700473120190477 -4.6249740224155 -4.96576919121355 -2.53629309674013 -0.0498145404715019 -3.97146855056359 0.0227989879075194 -4.04356976896349 -3.77706549470009 -4.0502348712034 -3.21544568820777 0.742716997996461 -2.40364912617125 -5.02422709873937 -1.99137020639973 -4.64281989588005 -5.0854263415095 -4.24672853645551
