T2m/med_mese_clima/temp_med_12_2002-2019.txt
NCOLS 177 
NROWS 174 
XLLCORNER 1436301.375 
YLLCORNER 4916704.5 
CELLSIZE 1500 
NODATA_value -9999 
[rows 72 to 95 of 174, columns 0 to 53 of 177]
-9999 -9999 -9999 -9999 -9999 -9999 -9999 -9999 -9999 -9999 -9999 -9999 -9999 -9999 -9999 -9999 -9999 -9999 -9999 -9999 3.38961480448904 3.42349002393883 3.45848396461758 3.51561868165182 3.53371668564897 3.43940210973534 3.57182755324656 3.58527732038083 3.61119961247426 3.5786013174522 3.63895030638467 3.63749292383453 3.71377993609586 3.68646552794461 3.54793864048114 3.64073955109474 3.64942703702431 3.61438871412014 3.58427623808057 3.56021611239125 3.50145348730084 3.58716192276969 3.7084568765813 3.76210740007553 3.78231541710657 3.82514790138139 3.79493275787601 3.85147643445923 3.76018028238927 3.53667981155051 3.47932563777312 3.53910833961091 3.61083633684175 3.7429415466239
-9999 -9999 -9999 -9999 -9999 -9999 -9999 -9999 -9999 -9999 -9999 -9999 -9999 -9999 -9999 -9999 -9999 -9999 -9999 -9999 3.31204250263719 3.34339654989537 3.40555727676204 3.43543889895563 3.45186289412841 3.48052917106848 3.48377223032485 3.49012124455353 3.52605884360018 3.54545180557529 3.54433739715347 3.51433117311905 3.55209138157742 3.52791757310013 3.52425438714792 3.56908288557743 3.6429539670886 3.5929004903478 3.52699701654518 3.53833206308438 3.4788186075305 3.52659870202395 3.6461015758077 3.66868077990777 3.68887486136596 3.70275201791433 3.65933013287479 3.77794806452286 3.71391280256124 3.63864183197497 3.53486429466358 3.54436453793594 3.53879551708724 3.66776929383722
-9999 -9999 -9999 -9999 -9999 -9999 -9999 -9999 -9999 -9999 -9999 -9999 -9999 -9999 -9999 -9999 -9999 -9999 -9999 -9999 -9999 3.26336412028963 3.30585776990242 3.3530348621549 3.3588461239793 3.38678255393921 3.41139062209029 3.42143730620671 3.44874067963235 3.46414860965961 3.47961451103965 3.41914350053003 3.45860521546979 3.4790613181046 3.45176115565848 3.52146185051365 3.63482119212385 3.53383923780006 3.50739059447656 3.494432964852 3.48144215422416 3.49105443327468 3.53572513712793 3.59759450491286 3.60079997962941 3.55092582863766 3.60103204865383 3.63210098556531 3.59169300093292 3.50117696366795 3.52811687298915 3.54852214432904 3.52310624779421 3.47602999760753
-9999 -9999 -9999 -9999 -9999 -9999 -9999 -9999 -9999 -9999 -9999 -9999 -9999 -9999 -9999 -9999 -9999 -9999 -9999 -9999 -9999 3.18383594027429 3.21094660494553 3.23679846045827 3.26590396775088 3.29258014926685 3.32911244505295 3.34898512426694 3.3626698279693 3.38251012787834 3.39911090112126 3.38419597862588 3.46571116143322 3.515036294514 3.40870882556149 3.41427165132407 3.49348770584103 3.48100546062282 3.44333674880438 3.45167246289826 3.4701998512654 3.49255733605279 3.46965218790103 3.49006870387354 3.5195321938379 3.50281792519417 3.51545661724998 3.49211858723222 3.54851904114684 3.39241007659413 3.55658231014317 3.49572653967046 3.47089305728416 3.53572017308346
-9999 -9999 -9999 -9999 -9999 -9999 -9999 -9999 -9999 -9999 -9999 -9999 -9999 -9999 -9999 -9999 -9999 -9999 -9999 -9999 -9999 -9999 -9999 -9999 3.1869540718492 3.21341267345052 3.24836344601188 3.2604595154491 3.28361818571586 3.29960297258843 3.31724836524213 3.32828514797358 3.4000244668292 3.45361763691374 3.35283678661429 3.37884767087948 3.4045325373584 3.41503679419178 3.3925466749627 3.39813646097567 3.42310137361381 3.44328067037125 3.42669056457157 3.43859587778357 3.44491541186519 3.50369947743877 3.44342496851929 3.45284580295045 3.53926500088135 3.52565934976784 3.42760732941522 3.47272582471519 3.48485568891495 3.48898508344448
-9999 -9999 -9999 -9999 -9999 -9999 -9999 -9999 -9999 -9999 -9999 -9999 -9999 -9999 -9999 -9999 -9999 -9999 -9999 -9999 -9999 -9999 -9999 -9999 3.10710750837264 3.14926987319545 3.16200634314216 3.17682401768681 3.20606341986046 3.22202974192283 3.23862471177934 3.25233261116642 3.37779873597949 3.32180797393102 3.28746074592653 3.31300073305254 3.33714982253261 3.34733709617345 3.35797081530708 3.36387035947281 3.37627577050295 3.38539806163634 3.38371712377493 3.39090830324656 3.38762619351175 3.4394391227645 3.41095346399072 3.40527544224933 3.52489647786822 3.43086352752495 3.41941266936992 3.43138813057822 3.44651485636619 3.4028219940782
-9999 -9999 -9999 -9999 -9999 -9999 -9999 -9999 -9999 -9999 -9999 -9999 -9999 -9999 -9999 -9999 -9999 -9999 -9999 -9999 -9999 -9999 -9999 -9999 3.03797280190021 3.05753150286459 3.0755248059782 3.1098715097732 3.12778642983892 3.14513820272309 3.16174550525474 3.24737029713486 3.31488519048336 3.32020785067205 3.21898849897701 3.24401650407417 3.27388706967053 3.27480703670186 3.28857841401145 3.30633158171368 3.32363498672714 3.32634627610957 3.33555173091594 3.3433200967065 3.353640590497 3.38382740978377 3.36409957221338 3.35914555655779 3.37905894501888 3.39853324258286 3.36149934250166 3.39330996594763 3.50777087005489 3.72988440561813
-9999 -9999 -9999 -9999 -9999 -9999 -9999 -9999 -9999 -9999 -9999 -9999 -9999 -9999 -9999 -9999 -9999 -9999 -9999 -9999 -9999 -9999 -9999 -9999 2.96557940029319 2.97691174921989 3.00278397243274 3.02874581494025 3.04844739712643 3.06978517834534 3.08857347608178 3.22616024668071 3.37018319842351 3.3127119285944 3.27304222281408 3.25397297927067 3.20685512161042 3.20981912095343 3.22726589033685 3.2425314382705 3.2620994863833 3.26814779804324 3.2807778260395 3.29016586294855 3.29918154277827 3.31292455221561 3.31073516507083 3.30779059737713 3.31025945873164 3.35762199680412 3.3811354793071 3.42669152680014 3.47909173229815 3.56100552139589
-9999 -9999 -9999 -9999 -9999 -9999 -9999 -9999 -9999 -9999 -9999 -9999 -9999 -9999 -9999 -9999 -9999 -9999 -9999 -9999 -9999 -9999 -9999 -9999 -9999 -9999 2.92861984576234 2.95223107502274 2.97528566930772 2.99640051244957 3.12624136586519 3.35796252126119 3.43050913153083 3.26648637723078 3.21419177394044 3.16978527977092 3.1649297499536 3.14423455798431 3.15956885038249 3.17666929599395 3.19679247271586 3.21420899495696 3.22291978884934 3.23140065167386 3.24223474400543 3.25185794087335 3.25912535859806 3.25141337782186 3.26904115170892 3.389343490758 3.39782776480215 3.36314387456687 3.53129996002879 3.4502995708083
-9999 -9999 -9999 -9999 -9999 -9999 -9999 -9999 -9999 -9999 -9999 -9999 -9999 -9999 -9999 -9999 -9999 -9999 -9999 -9999 -9999 -9999 -9999 -9999 -9999 -9999 2.85986119019533 2.88990380141764 2.90813738814307 2.92767095937012 2.94905038739826 3.35710331709837 3.31881965343638 3.14908835430779 3.02952972491848 3.04822511413778 3.19471608952977 3.13129804995833 3.10109910792069 3.11779809888181 3.13905185842677 3.15550774767324 3.17011192211045 3.17873518274017 3.18841764880593 3.19763067657152 3.2054863979879 3.20008133668434 3.20883057137677 3.32642346655484 3.69517527076211 3.65170034735382 3.53428281233659 3.39164386095431
-9999 -9999 -9999 -9999 -9999 -9999 -9999 -9999 -9999 -9999 -9999 -9999 -9999 -9999 -9999 -9999 -9999 -9999 -9999 -9999 -9999 -9999 -9999 -9999 -9999 2.78078541983106 2.8026069819616 2.82939917107848 2.8486218623369 2.86852734097931 2.91911822214926 3.06485967734104 3.06688604303108 2.95281122226036 2.97300328263809 3.12653375356148 3.15020409104733 3.17593885030546 3.05011962388509 3.067040490338 3.08883533818854 3.10625757385879 3.12368840168609 3.18004521899432 3.28542484359964 3.27648399381591 3.16165659075367 3.16779007681276 3.17135898193479 3.32924232970772 3.60136749768018 3.37797554419774 3.39045924325523 3.48263416398193
-9999 -9999 -9999 -9999 -9999 -9999 -9999 -9999 -9999 -9999 -9999 -9999 -9999 -9999 -9999 -9999 -9999 -9999 -9999 -9999 -9999 -9999 -9999 -9999 -9999 2.72972892058954 2.74868639110127 2.7740560721758 2.79520365017046 2.81608640371661 2.83751778288739 2.85921859678582 2.88093602112865 2.90224880175768 3.186133458747 3.42092563790492 3.34845527375709 3.36110980575601 3.18509164205501 3.02064059286099 3.04044374572174 3.05987493516458 3.07872361032132 3.24249008168028 3.27060031254123 3.27814472340238 3.12134667603236 3.12331232440522 3.12966080372471 3.33512536203505 3.39142633441136 3.39282424405737 3.39050734537596 3.3906639614605
-9999 -9999 -9999 -9999 -9999 -9999 -9999 -9999 -9999 -9999 -9999 -9999 -9999 -9999 -9999 -9999 -9999 -9999 -9999 -9999 -9999 -9999 -9999 -9999 -9999 -9999 2.70334071293096 2.72411832451528 2.74892014817825 2.77014535840767 2.79204364109118 2.8143086449062 2.83613978268386 2.85864471969574 3.23044041973512 3.4044865071218 3.41379714765562 3.4924648330482 3.52492394192986 3.37400908779251 3.14596288100996 3.0244651669869 3.04139865553381 3.06032476576022 3.28097164685568 3.26794359733988 3.14693295442807 3.09586674314767 3.10489549831136 3.34812422176252 3.49298420613705 3.37858656359718 3.35278977636019 3.43734316935643
-9999 -9999 -9999 -9999 -9999 -9999 -9999 -9999 -9999 -9999 -9999 -9999 -9999 -9999 -9999 -9999 -9999 -9999 -9999 -9999 -9999 -9999 -9999 -9999 -9999 -9999 -9999 2.6843501687878 2.70904009083241 2.7307002397794 2.752969548877 2.77584679704976 2.79854960710211 2.82162967716193 2.9961908567663 3.02002672968064 3.07289743689764 3.20467807315901 3.64749050873221 3.49371295337214 3.15596043343867 2.99272594095609 3.01194055384633 3.02857661986147 3.07796481216844 3.09534679844388 3.06318133025751 3.07181206703039 3.07966827491832 3.35666227401855 3.63727651750228 3.41099978978002 3.30454493065599 3.39683887791518
-9999 -9999 -9999 -9999 -9999 -9999 -9999 -9999 -9999 -9999 -9999 -9999 -9999 -9999 -9999 -9999 -9999 -9999 -9999 -9999 -9999 -9999 -9999 -9999 -9999 -9999 -9999 2.65131697388045 2.67435712990985 2.69693225496718 2.71994260650744 2.74342190420922 2.76740636383779 2.79150069303618 2.81494292880355 2.83801791388726 2.86114048094292 3.08658305528199 3.34478115274512 3.47172362597106 3.14648731797126 2.97142732409822 2.98909649304533 3.00516510147155 3.12859535681929 3.29332366202085 3.26532035944991 3.05347347995591 3.06071280190631 3.36238315503175 3.70821571170499 3.57750872587452 3.37035815687597 3.38920187655787
-9999 -9999 -9999 -9999 -9999 -9999 -9999 -9999 -9999 -9999 -9999 -9999 -9999 -9999 -9999 -9999 -9999 -9999 -9999 -9999 -9999 -9999 -9999 -9999 -9999 -9999 -9999 2.62457901439115 2.64668494706005 2.6695717475513 2.69315145153693 2.7173578825478 2.74204142737992 2.76685105039727 2.79128865454323 2.81551075764319 2.83998825567841 2.90238893636276 3.03418568250916 3.20249601168642 3.21021038226178 2.98704125013953 2.97120706929723 2.98726848326727 3.00457790701822 3.21789820229461 3.21227793745996 3.03745943265017 3.04404597354246 3.3026177795494 3.80441718237499 3.78247094142998 3.63031699602682 3.53088114027916
-9999 -9999 -9999 -9999 -9999 -9999 -9999 -9999 -9999 -9999 -9999 -9999 -9999 -9999 -9999 -9999 -9999 -9999 -9999 -9999 -9999 -9999 -9999 -9999 -9999 -9999 -9999 2.60337640130018 2.6250708349847 2.64853537715217 2.67267589038013 2.69761718318517 2.72310669763247 2.74859872045045 2.77394181277128 2.79921004131295 2.82464394715712 2.84904541917338 2.87288080908889 3.01658062062227 3.17342479838372 3.13525211584193 3.0406446280049 2.98456421390805 3.11363024282294 3.14914042434203 3.22924404282859 3.06832949065518 3.0376587597111 3.31848860615342 3.53584328496398 3.98216560538543 4.10094853965343 3.89510142395949
-9999 -9999 -9999 -9999 -9999 -9999 -9999 -9999 -9999 -9999 -9999 -9999 -9999 -9999 -9999 -9999 -9999 -9999 -9999 -9999 -9999 -9999 -9999 -9999 -9999 -9999 -9999 2.58753138967058 2.61054043503308 2.63341050177276 2.65806233209089 2.68375768342408 2.71009206619013 2.73646711508449 2.76264374786636 2.78880318734448 2.81512811310096 2.83986004418329 2.86475527027033 2.88796634487669 2.91063020113405 2.93371817299498 2.97208078433093 3.18586052026599 3.2632816965713 3.31726184417657 3.29676316280088 3.30241023641698 3.24562913054186 3.36940695586054 3.63485488378028 4.02026281653524 3.86542246460344 4.12912230318897
-9999 -9999 -9999 -9999 -9999 -9999 -9999 -9999 -9999 -9999 -9999 -9999 -9999 -9999 -9999 -9999 -9999 -9999 -9999 -9999 -9999 -9999 -9999 -9999 -9999 -9999 -9999 -9999 2.60020959948482 2.62521821290915 2.6489444101905 2.67550398403368 2.70260179159668 2.72991001717217 2.75690636109219 2.78433857936059 2.81139863619047 2.83755693248449 2.86276729485554 2.88679751236508 2.91060981052341 2.93261684927273 2.9529854541791 3.26954787839589 3.23149292909407 3.38118214856811 3.34797025468051 3.38734378530243 3.44195864992627 3.60323818446308 3.80318123477118 3.9705321530666 4.17013376317531 4.06769937190842
-9999 -9999 -9999 -9999 -9999 -9999 -9999 -9999 -9999 -9999 -9999 -9999 -9999 -9999 -9999 -9999 -9999 -9999 -9999 -9999 -9999 -9999 -9999 -9999 -9999 -9999 -9999 -9999 2.59486348131676 2.62041198260107 2.64681328552561 2.67261507407982 2.69978326912287 2.72815993496616 2.75636128372882 2.78449655297661 2.81216561646127 2.83910611709116 2.86506125712328 2.89009317927204 2.91407203207613 2.93651273956404 2.95681614055701 2.97557876091879 3.2303840870371 3.12949070052568 3.229730080907 3.39747100155748 3.67289907239998 3.83131760810977 4.50987500945477 4.52699293109416 4.59596082968063 4.61457937197623
-9999 -9999 -9999 -9999 -9999 -9999 -9999 -9999 -9999 -9999 -9999 -9999 -9999 -9999 -9999 -9999 -9999 -9999 -9999 -9999 -9999 -9999 -9999 -9999 -9999 -9999 -9999 -9999 2.59079184119248 2.61949703452358 2.6473554646793 2.67544013311062 2.70304329988083 2.73112050338754 2.75953926411387 2.78868532061742 2.81694008528542 2.84462413815697 2.87183203196428 2.89725749538113 2.92150252239299 2.94370335486039 2.96505706035455 3.02686348320048 3.00006679440069 3.01495363761893 3.02740859334548 3.03648382117163 3.49375958350911 4.03421866460256 4.57700816470451 4.61079375493632 4.63636857180812 4.65583953162736
-9999 -9999 -9999 -9999 -9999 -9999 -9999 -9999 -9999 -9999 -9999 -9999 -9999 -9999 -9999 -9999 -9999 -9999 -9999 -9999 -9999 -9999 -9999 -9999 -9999 -9999 -9999 -9999 -9999 -9999 2.65004215884622 2.67947200236734 2.70921321582567 2.73879282416342 2.76611006852528 2.79583026832248 2.82523517207444 2.85339287310013 2.88068205808634 2.90690974443807 2.93129749520158 2.9545331194569 2.97549748020354 3.01632014032204 3.01155285721551 3.02597367228424 3.03786347401895 3.045979179381 3.45491008627766 4.33893353406855 4.60957918369014 4.64277102023959 4.66831101449848 4.68726146352072
-9999 -9999 -9999 -9999 -9999 -9999 -9999 -9999 -9999 -9999 -9999 -9999 -9999 -9999 -9999 -9999 -9999 -9999 -9999 -9999 -9999 -9999 -9999 -9999 -9999 -9999 -9999 -9999 -9999 -9999 -9999 -9999 2.71649875484548 2.74750166534657 2.77532135547558 2.80597740863142 2.83610179560901 2.89152451621123 2.89307598479497 2.91984108250214 2.94414828775198 2.96829263246809 2.98954521401394 3.00887585004499 3.02515446402231 3.03921119571499 3.05134194352273 3.19975749475085 3.6815255431942 4.31938673912017 4.63502540203155 4.66828510432279 4.6939309940154 4.71163143043559
-9999 -9999 -9999 -9999 -9999 -9999 -9999 -9999 -9999 -9999 -9999 -9999 -9999 -9999 -9999 -9999 -9999 -9999 -9999 -9999 -9999 -9999 -9999 -9999 -9999 -9999 -9999 -9999 -9999 -9999 -9999 -9999 2.72577581507267 2.75748734902566 2.78818551824753 2.81772603978117 2.84867956422265 2.87835714771455 2.90684514225595 2.93411343389886 2.9586416680533 2.98279192168543 3.0042801533681 3.02344484584277 3.0404394737355 3.05465740760716 3.06615028381664 3.56475503560473 4.26754157924389 4.61192842225575 4.65294139918063 4.68635108394411 4.71171831971131 4.72870317695415
