T2m/med_mese_clima/temp_med_02_2002-2019.txt
NCOLS 177 
NROWS 174 
XLLCORNER 1436301.375 
YLLCORNER 4916704.5 
CELLSIZE 1500 
NODATA_value -9999 
[rows 96 to 119 of 174, columns 0 to 53 of 177]
-9999 -9999 -9999 -9999 -9999 -9999 -9999 -9999 -9999 -9999 -9999 -9999 -9999 -9999 -9999 -9999 -9999 -9999 -9999 -9999 -9999 -9999 -9999 -9999 -9999 -9999 -9999 -9999 -9999 -9999 -9999 -9999 3.71982699796587 3.76445983339236 3.80013849402811 3.83669126130953 3.85932063155865 3.89835491050193 3.93466371815712 3.97014943130695 4.00092993464201 4.0311904497837 4.05826406442425 4.08182477891084 4.10279008207092 4.11856963273618 4.13020211557024 4.68103044392067 5.32415453242684 5.48994076143545 5.59010034532603 5.62006729376476 5.64037979283261 5.65184612481446
-9999 -9999 -9999 -9999 -9999 -9999 -9999 -9999 -9999 -9999 -9999 -9999 -9999 -9999 -9999 -9999 -9999 -9999 -9999 -9999 -9999 -9999 -9999 -9999 -9999 -9999 -9999 -9999 -9999 -9999 -9999 -9999 -9999 3.77121475645518 3.81274410434063 3.84795071438226 3.87177147966069 3.91114268218644 3.94679158695369 3.98159607175136 4.01741475323612 4.04580000502675 4.07209218237473 4.09714130832259 4.11952639611583 4.13531785575916 4.27724239988701 4.77122708211995 5.00509987482156 5.06881681399295 4.8742143661519 5.18071935398691 5.15519984658857 4.76036668620341
-9999 -9999 -9999 -9999 -9999 -9999 -9999 -9999 -9999 -9999 -9999 -9999 -9999 -9999 -9999 -9999 -9999 -9999 -9999 -9999 -9999 -9999 -9999 -9999 -9999 -9999 -9999 -9999 -9999 -9999 -9999 -9999 -9999 3.77823929325604 3.82350420913959 3.86000185348489 3.89034834297788 3.92184023333708 3.96015490739601 3.99540318029354 4.02822498400096 4.0581836047444 4.08487153144428 4.1091009678895 4.13041644870679 4.14743134729006 4.15819812073628 4.4790764208725 4.66335491684373 4.4584651887228 4.3032992153172 4.15785233502642 4.14449472338891 4.12823456282345
-9999 -9999 -9999 -9999 -9999 -9999 -9999 -9999 -9999 -9999 -9999 -9999 -9999 -9999 -9999 -9999 -9999 -9999 -9999 -9999 -9999 -9999 -9999 -9999 -9999 -9999 -9999 -9999 -9999 -9999 -9999 -9999 -9999 -9999 3.83142883737045 3.86810259958447 3.90532511167327 3.93507657432649 3.9688396913286 3.99999643264962 4.03773677982072 4.06908835044622 4.09620833551845 4.12066415706181 4.14118950414721 4.15852026494738 4.17249494592165 4.1811023644622 4.18338872626755 4.18139750608459 4.17619212091449 4.17062288476517 4.15817630780854 4.14109602894298
-9999 -9999 -9999 -9999 -9999 -9999 -9999 -9999 -9999 -9999 -9999 -9999 -9999 -9999 -9999 -9999 -9999 -9999 -9999 -9999 -9999 -9999 -9999 -9999 -9999 -9999 -9999 -9999 -9999 -9999 3.65858314891952 3.6948703146864 3.73391467876988 3.77917923546403 3.83715655923766 3.87568861532828 3.91485141656385 3.94970965045329 3.97757379131356 4.013622335945 4.04731268533508 4.07912597692796 4.10768611512708 4.13070876470874 4.15074144872946 4.17040653860223 4.18285992561006 4.19165314807267 4.19430064283662 4.19519315986674 4.19024694483379 4.18146898471374 4.17091766107109 4.15322144136793
-9999 -9999 -9999 -9999 -9999 -9999 -9999 -9999 -9999 -9999 -9999 -9999 -9999 -9999 -9999 -9999 -9999 -9999 -9999 -9999 -9999 -9999 -9999 -9999 -9999 -9999 -9999 -9999 3.59968454707837 3.6297934923948 3.66344742241434 3.70034304161005 3.73689302042412 3.78189764250053 3.84051681604925 3.88166456123594 3.92006768758745 3.96038468482622 3.98995611743276 4.02013517338341 4.05335732788477 4.084743173718 4.11479268992019 4.13934860848836 4.15997309848506 4.17829106248074 4.19291588414079 4.20053739359141 4.20455741025752 4.20422743964972 4.20057359367485 4.26918699596149 4.18201255757016 4.16635881975498
-9999 -9999 -9999 -9999 -9999 -9999 -9999 -9999 -9999 -9999 -9999 -9999 -9999 -9999 -9999 -9999 -9999 -9999 -9999 -9999 -9999 -9999 3.47934592621831 3.48860609037182 -9999 -9999 -9999 -9999 3.60399806536737 3.63537291016513 3.67026540266534 3.7063929250396 3.74261383349943 3.78310798263972 3.83793875224822 3.88505732477929 3.92697932990031 3.96488897925346 4.00169889439026 4.02832015356448 4.05772816283666 4.09242743091333 4.1194683894879 4.14734720844898 4.16953491350524 4.1858644611995 4.20034887751113 4.20787159103091 4.21424747195002 4.21704740345191 4.21237079604267 4.20460307111566 4.19253131058479 4.17899492836064
-9999 -9999 -9999 -9999 -9999 -9999 -9999 -9999 -9999 -9999 -9999 -9999 -9999 -9999 -9999 -9999 -9999 -9999 3.46759945835777 3.46974789469531 3.47472822292254 3.48079821171574 3.49238812780054 3.50562037980932 -9999 -9999 -9999 -9999 -9999 3.63780230859673 3.67450249532397 3.70984642827171 3.74636396726507 3.78363992434061 3.82765585328261 3.8858042309082 3.928523917075 3.96833177852838 4.00634105412321 4.03779072235535 4.06294123479609 4.09477583050554 4.12437052592797 4.15129572207919 4.17435444053007 4.19243324715614 4.20699141542576 4.21626848974242 4.22350832949694 4.22631495491647 4.22249461987101 4.21708603264714 4.20577725875515 4.19138404673069
-9999 -9999 -9999 -9999 -9999 -9999 -9999 -9999 -9999 -9999 -9999 -9999 -9999 -9999 -9999 -9999 -9999 -9999 3.48446917911269 3.4878248331376 3.49073253624276 3.49662044991004 3.50478735223937 3.51656771059165 3.53013202390245 -9999 -9999 -9999 3.61216729816924 3.64019556012694 3.67199084432749 3.70912133777899 3.74488242516285 3.78251405102409 3.82613282360044 3.86691821205024 3.92326835032654 3.9682163220603 4.00822168444524 4.04034879419192 4.06129675825777 4.09561200904937 4.12694198954846 4.15484609779735 4.17976105298161 4.20137101911072 4.21539743411022 4.22579268239056 4.22932207785533 4.23478102748824 4.23434144104867 4.22836763815035 4.2180173673796 4.20452009080429
-9999 -9999 -9999 -9999 -9999 -9999 -9999 -9999 -9999 -9999 -9999 -9999 -9999 -9999 -9999 -9999 -9999 -9999 3.50452327167528 3.50582359774354 3.50644972520032 3.51296447512273 3.51956467109589 3.52760800367747 3.53840758110576 3.55323435230364 -9999 -9999 3.61558710329881 3.64309986013343 3.67363542665314 3.71059559620293 3.7472349498263 3.78420344915987 3.883182140585 4.16579836666068 3.90869190252396 3.96059828817051 4.01044550511819 4.04267024037716 4.07373051628311 4.09584549251916 4.12658798972409 4.15483655419325 4.18098067901793 4.20146293161154 4.2168695568435 4.2317965869108 4.2406140956406 4.24495761479249 4.2434874807038 4.23948086315126 4.23103024541663 4.21859396173319
-9999 -9999 -9999 -9999 -9999 -9999 -9999 -9999 -9999 -9999 -9999 -9999 -9999 -9999 -9999 -9999 -9999 3.53114494779127 3.5266294565325 3.52464943080628 3.52485326735006 3.52766821160135 3.53338624559348 3.53761918491918 3.55110933297844 3.56204773893364 -9999 3.59630621501922 3.61890432726805 3.64573158741492 3.67576395259147 3.70871514169568 3.74345355129482 3.78051309813248 4.03638409645096 4.18548928014347 3.90338525049626 3.94885561560171 3.9994909816991 4.04383044862767 4.06898810061942 4.09394322673342 4.12671933480938 4.15630501142334 4.18227391135089 4.20506111061593 4.2243817170497 4.24077075582968 4.24959565162463 4.25470548756996 4.25547257453036 4.25285472230953 4.24500201845953 4.23523084831952
-9999 -9999 -9999 -9999 -9999 -9999 -9999 -9999 -9999 -9999 -9999 -9999 -9999 -9999 -9999 -9999 -9999 3.55388935676637 3.5510495707709 3.54416348128672 3.54272207762973 3.5435750328674 3.54627617449913 3.54946479881312 3.55887607922305 3.56857611963795 3.58060562489579 3.59960318721427 3.62030086080191 3.64448553291657 3.67206553387665 3.70368431100039 3.7373417116738 3.77358059772156 3.80868450755831 3.84873218303486 3.8956248550073 3.93970255382142 3.99239380218481 4.03600130582012 4.06456548933488 4.09087236355958 4.12661707809426 4.15614337692034 4.18609669127094 4.20980676725891 4.22933581081458 4.24820978786632 4.2580937384272 4.26496468630812 4.26743650604804 4.26642830447957 4.2615151959285 4.25171233628765
-9999 -9999 -9999 -9999 -9999 -9999 -9999 -9999 -9999 -9999 -9999 -9999 -9999 -9999 -9999 -9999 -9999 3.57568499541078 3.57241622468539 3.56483688895029 3.56245516543671 3.5595022112333 3.5582600765556 3.56186368773822 3.56717436921594 3.57634352868896 3.58521694746795 3.60113548183295 3.61889674322534 3.64031854658886 3.66712242773118 3.69649194210641 3.72899180907821 3.76517690625727 3.80136218246212 3.84194814733396 3.88312505002289 3.93155421312477 3.98470173849287 4.02764711925975 4.0686589300664 4.08677957289865 4.12326849507539 4.15762836348956 4.18781930648513 4.21346319658291 4.23425336084016 4.25436082806365 4.26702642903388 4.27659672521385 4.28027963596504 4.28177728468468 4.27849333903693 4.26960379233233
-9999 -9999 -9999 -9999 -9999 -9999 -9999 -9999 -9999 -9999 -9999 -9999 -9999 -9999 -9999 -9999 -9999 -9999 3.59244082630825 3.58670430954658 3.58054820182335 3.57541948051161 3.57186643429087 3.57127750426759 3.57500684292434 3.58170712581413 3.58995343839319 3.60002354833079 3.61650506717713 3.63859846832641 3.66187448451088 3.68966933444334 3.72095221509674 3.75540383191863 3.7942413430836 3.83132419413275 3.87336245987691 3.91652230179037 3.9742170405703 4.01748394657008 4.06252540683405 4.10321207928713 4.12760684433443 4.1562297715201 4.18770880898786 4.21771316978245 4.24000191998438 4.26230421072769 4.27722148404608 4.28966824426992 4.29548547473136 4.29693074831085 4.29552291599772 4.29029973298407
-9999 -9999 -9999 -9999 -9999 -9999 -9999 -9999 -9999 -9999 -9999 -9999 -9999 -9999 -9999 -9999 -9999 -9999 3.61705658247801 3.60684799532399 3.59768510044353 3.59114539158986 3.58779613444109 3.58377827890879 3.58227675129909 3.58727292611132 3.59463165652437 3.60323550812462 3.61819817573834 3.6347692875468 3.65702499449659 3.68164988534204 3.71247734067541 3.74599074201084 3.78340996427466 3.82105528568021 3.86238159492261 3.90596585766924 3.96268562753014 4.00551618717857 4.05551042014871 4.09711110401878 4.13546185507641 4.15592377731116 4.18815851541061 4.21831765053182 4.24664625167263 4.26994153668103 4.28733323536217 4.30213555125202 4.30966949276182 4.31525184304541 4.31463576880744 4.31127363424199
-9999 -9999 -9999 -9999 -9999 -9999 -9999 -9999 -9999 -9999 -9999 -9999 -9999 -9999 -9999 -9999 -9999 -9999 3.63722484412879 3.62414576348157 3.61365388836278 3.60817372137233 3.60214665867495 3.59637412388859 3.59144151398238 3.59113477554637 3.59507553911298 3.60120905123302 3.61303254918302 3.62910527611251 3.64948800680758 3.67333172630907 3.70127758283249 3.73305931112819 3.7698752569975 3.80889236888533 3.85113596930041 3.89519271656332 3.9403899532257 3.999328474827 4.0450579319406 4.08976262510054 4.13144557799327 4.16760012628232 4.20284191965792 4.22474578234313 4.25421524896034 4.28006078319356 4.2988082146899 4.31485965692987 4.32621140499537 4.33292431248354 4.33458270414541 4.33323737500413
-9999 -9999 -9999 -9999 -9999 -9999 -9999 -9999 -9999 -9999 -9999 -9999 -9999 -9999 -9999 -9999 -9999 -9999 3.65702650558842 3.64276624949782 3.62998146333235 3.6235737487685 3.61411166626543 3.60482855326224 3.59718532817341 3.59257043180323 3.59547031403905 3.59909226607367 3.60855741490987 3.6224840921734 3.64018178286394 3.66322292388216 3.68989662049991 3.7207474791893 3.75698697376945 3.79658310515026 3.83975251368962 3.88280907999605 3.92815632241605 3.97882163713926 4.03544690543585 4.08265893196329 4.12632727352497 4.16739404564556 4.20574882924787 4.23238288662192 4.26191915413428 4.28862990427742 4.31151114830462 4.32910475307096 4.34256001848713 4.35185913359193 4.35708826197235 4.35564196121781
-9999 -9999 -9999 -9999 -9999 -9999 -9999 -9999 -9999 -9999 -9999 -9999 -9999 -9999 -9999 -9999 -9999 -9999 3.6827688258693 3.66227629159072 3.64882785840485 3.63650854097404 3.626031415486 3.61161004365219 3.60204793200434 3.59632020311597 3.59576430465294 3.59528592568592 3.60239702765236 3.61418277276527 3.63157630575853 3.65224530449053 3.67766378944577 3.70761858985951 3.74408234307314 3.78426665870244 3.8261132047412 3.86978827011253 3.91537807345851 3.96288638476766 4.01799256242315 4.07268212220237 4.11939781846792 4.16360197637189 4.20558175563608 4.24435690614362 4.27398257752873 4.29708876483534 4.32359591584704 4.34476466052626 4.3628071306863 4.37308102267719 4.38026392654623 4.38334546155166
-9999 -9999 -9999 -9999 -9999 -9999 -9999 -9999 -9999 -9999 -9999 -9999 -9999 -9999 -9999 -9999 -9999 -9999 -9999 3.6847773480738 3.66486593410148 3.64840349287531 3.63367006510725 3.61660407496556 3.60592903016376 3.59909893531939 3.59512573137233 3.5921726262976 3.59617925548063 3.60508629453855 3.62140561459851 3.63975897138394 3.663969192804 3.69536585710247 3.73130359975532 3.76908008999748 3.81270429089774 3.85704998926348 3.90368793878693 3.95187559149542 4.0029755220252 4.06577255456821 4.11355369754164 4.15973517035899 4.20462647175431 4.24805055602896 4.28522268272613 4.31833599540497 4.33918851690456 4.36437840384156 4.39346440875891 4.50006367189145 4.40453001852082 4.40950610166547
-9999 -9999 -9999 -9999 -9999 -9999 -9999 -9999 -9999 -9999 -9999 -9999 -9999 -9999 -9999 -9999 -9999 -9999 -9999 3.69695421110282 3.67799264596541 3.65825562434072 3.64094719098229 3.6228599099419 3.6087389773756 3.60006646540497 3.59197138891749 3.58740592347806 3.58917017647769 3.59759208869406 3.61057213459455 3.6289878896067 3.65203833171668 3.68108286936142 3.71654856334586 3.75576732615955 3.79821464015532 3.84402009340325 3.89175716279658 3.94211969095317 3.99357405006386 4.04390067587212 4.10833477450347 4.15760928830286 4.20430097893187 4.24899768827671 4.29095446313079 4.32763437859378 4.35947825245315 4.38620316690847 4.69323388885528 4.77163121369399 4.43111445978956 4.43329823609076
-9999 -9999 -9999 -9999 -9999 -9999 -9999 -9999 -9999 -9999 -9999 -9999 -9999 -9999 -9999 -9999 -9999 -9999 -9999 3.71245469000735 3.68961207490573 3.66828471509044 3.64848124684867 3.62944055791155 3.61119043689457 3.5976393025873 3.58868033485083 3.58104725245929 3.58067165720228 3.58791503267642 3.59921016141054 3.61622448065761 3.63819247131341 3.66573901571474 3.7015576894215 3.74076157312071 3.78358182563747 3.83014480584304 3.87902862178856 3.93018086827798 3.9834826494176 4.03668396621811 4.09030546832573 4.14529093544051 4.20414872993287 4.25109023606305 4.29619803511825 4.33650526499965 4.37197223888658 4.40008877157297 4.42746888644147 4.44712854431353 4.46174634859442 4.47085977146272
-9999 -9999 -9999 -9999 -9999 -9999 -9999 -9999 -9999 -9999 -9999 -9999 -9999 -9999 -9999 -9999 -9999 -9999 -9999 3.72293459114793 3.7003311796981 3.67750530651618 3.65296681125709 3.63152458014708 3.6116625854825 3.59419559566903 3.58448380927754 3.5762257944085 3.57536599596591 3.58153484690912 3.58895910934376 3.60391013962072 3.62563485370641 3.65325486480169 3.68725291815297 3.72502735927023 3.76827692966376 3.81563956897823 3.86640011855356 3.91976964646032 3.97286099984364 4.0302387700795 4.08500302491934 4.14202091559109 4.1948433346012 4.24576447683579 4.29345034011342 4.33832969839002 4.38405451505483 4.41823675145436 4.44636034100587 4.46986859907941 4.48769717461299 4.499535868796
-9999 -9999 -9999 -9999 -9999 -9999 -9999 -9999 -9999 -9999 -9999 -9999 -9999 -9999 -9999 -9999 -9999 -9999 -9999 -9999 3.7091727783225 3.68341810395477 3.65669230587687 3.63068658083429 3.61092656141853 3.59358038582824 3.58019366374975 3.5706976753278 3.56720491990156 3.57093914421276 3.57920587846585 3.59222117267859 3.61304672719441 3.63860670855864 3.67162682545039 3.71024155775357 3.75322635989055 3.80211320649426 3.85470940268779 3.91020306012675 3.96517373359852 4.02206084406101 4.08236165512959 4.13954651088297 4.19410072806506 4.24978696879291 4.30062247724735 4.34765144212388 4.39624917152219 4.433954363444 4.46579800852983 4.49187291991993 4.51247734642888 4.52733894472929
-9999 -9999 -9999 -9999 -9999 -9999 -9999 -9999 -9999 -9999 -9999 -9999 -9999 -9999 -9999 -9999 -9999 -9999 -9999 -9999 -9999 3.68675769473183 3.6595854040444 3.6315625128833 3.60822800980849 3.58889272015959 3.57358770669027 3.56229299141271 3.55788711409828 3.55937005820396 3.56711004717525 3.58058607338986 3.59914928500159 3.62496884838219 3.65708280344363 3.69513177313109 3.73932429415314 3.78902087430865 3.84272531147263 3.89837831765865 3.95773506324002 4.01668211650571 4.07684322062589 4.13665613587237 4.19632872307804 4.25589667785156 4.31362914141407 4.3605481050404 4.40913670327305 4.44971485134836 4.48468346582284 4.51418781618998 4.53729335097357 4.55468908576566
