T2m/med_mese_clima/temp_med_03_2002-2019.txt
NCOLS 177 
NROWS 174 
XLLCORNER 1436301.375 
YLLCORNER 4916704.5 
CELLSIZE 1500 
NODATA_value -9999 
[rows 96 to 119 of 174, columns 0 to 53 of 177]
-9999 -9999 -9999 -9999 -9999 -9999 -9999 -9999 -9999 -9999 -9999 -9999 -9999 -9999 -9999 -9999 -9999 -9999 -9999 -9999 -9999 -9999 -9999 -9999 -9999 -9999 -9999 -9999 -9999 -9999 -9999 -9999 8.846101517232 8.89586564632236 8.91862779593529 8.94428206536409 8.9350847524989 8.97087344059997 9.0023743394169 9.03492490048955 9.05937993438946 9.08680719711822 9.11099487390373 9.13154390976452 9.15099835891893 9.16328639623745 9.17108681124854 9.62938296865844 10.1135726852722 10.2483218792728 10.3316083838237 10.3516457721614 10.3613924586238 10.3635240833301
-9999 -9999 -9999 -9999 -9999 -9999 -9999 -9999 -9999 -9999 -9999 -9999 -9999 -9999 -9999 -9999 -9999 -9999 -9999 -9999 -9999 -9999 -9999 -9999 -9999 -9999 -9999 -9999 -9999 -9999 -9999 -9999 -9999 8.90518068021941 8.94454103873894 8.96515181632564 8.95679696419479 8.99297124962556 9.02210385114117 9.05233604265729 9.08893490439546 9.11118692237518 9.13308119824175 9.15708340778962 9.17993381159383 9.19253389795002 9.30926423277045 9.70545039550412 9.88065271779789 9.92912257281481 9.77634137477065 10.0061462705021 9.98236249409508 9.66726112967842
-9999 -9999 -9999 -9999 -9999 -9999 -9999 -9999 -9999 -9999 -9999 -9999 -9999 -9999 -9999 -9999 -9999 -9999 -9999 -9999 -9999 -9999 -9999 -9999 -9999 -9999 -9999 -9999 -9999 -9999 -9999 -9999 -9999 8.91665974955245 8.96689377595234 8.99048744780602 8.99736887623035 9.01126552809587 9.04661957920697 9.07735864181363 9.10584425127312 9.13157483388344 9.15406389338479 9.17576738739779 9.19616180370306 9.21203796023452 9.21781698423086 9.48799880096612 9.63570166453569 9.46538715824322 9.34053345885887 9.20290392387444 9.1816206022076 9.15698486511993
-9999 -9999 -9999 -9999 -9999 -9999 -9999 -9999 -9999 -9999 -9999 -9999 -9999 -9999 -9999 -9999 -9999 -9999 -9999 -9999 -9999 -9999 -9999 -9999 -9999 -9999 -9999 -9999 -9999 -9999 -9999 -9999 -9999 -9999 8.98290038710479 9.00656848340039 9.03291342652699 9.03945179227883 9.06122164893173 9.08085988844039 9.12143747681093 9.1505010919154 9.17360464862343 9.19580314948255 9.21394319742435 9.23043249621916 9.24499857885081 9.25202328881238 9.24874964873712 9.24069261267177 9.23061029577473 9.22648878446105 9.20805312874759 9.18107169983817
-9999 -9999 -9999 -9999 -9999 -9999 -9999 -9999 -9999 -9999 -9999 -9999 -9999 -9999 -9999 -9999 -9999 -9999 -9999 -9999 -9999 -9999 -9999 -9999 -9999 -9999 -9999 -9999 -9999 -9999 8.79261092004714 8.82227455553198 8.85663914774377 8.90660801599425 8.99499986098647 9.02404357366748 9.05586199069129 9.07649581039825 9.07963857638282 9.11125457186595 9.14077693896878 9.17041820505885 9.19690856744057 9.21429452913479 9.23040160155517 9.25306184378817 9.26287552275502 9.27038150868322 9.2677871003055 9.26814625871752 9.25862696539426 9.2447072572448 9.23190005754103 9.20281988131231
-9999 -9999 -9999 -9999 -9999 -9999 -9999 -9999 -9999 -9999 -9999 -9999 -9999 -9999 -9999 -9999 -9999 -9999 -9999 -9999 -9999 -9999 -9999 -9999 -9999 -9999 -9999 -9999 8.75455359765096 8.77602156238159 8.80282225313048 8.83473011384952 8.86272257938354 8.91228855463143 9.00307507381423 9.03992991435462 9.06907907248816 9.10587412072059 9.11264799863391 9.12568822082741 9.15296716971595 9.18047107956138 9.21039636734847 9.23127995269472 9.24819128836026 9.26621445347203 9.28200212005481 9.28514080333112 9.28599763759128 9.28199795671118 9.27586130642498 9.3360016095125 9.25055273302745 9.22725096285181
-9999 -9999 -9999 -9999 -9999 -9999 -9999 -9999 -9999 -9999 -9999 -9999 -9999 -9999 -9999 -9999 -9999 -9999 -9999 -9999 -9999 -9999 8.6625036720167 8.66173801607916 -9999 -9999 -9999 -9999 8.76282280652448 8.78911608603926 8.82070379320252 8.8516603545421 8.8790641354483 8.91657029198825 8.99633546774915 9.05155710641846 9.09119279499165 9.12012445437061 9.14840322931544 9.14902180386014 9.16343685203511 9.19972343408181 9.2195249344993 9.24924852375457 9.26967713066356 9.28058440819984 9.29474525589472 9.29632093232154 9.30338192306418 9.30810386431273 9.29779501275282 9.28554506400834 9.26670751803975 9.24926884919071
-9999 -9999 -9999 -9999 -9999 -9999 -9999 -9999 -9999 -9999 -9999 -9999 -9999 -9999 -9999 -9999 -9999 -9999 8.6609143060001 8.66168656746008 8.66653249311418 8.66978744836173 8.68363323864215 8.69644402114463 -9999 -9999 -9999 -9999 -9999 8.79536021053355 8.83428650187252 8.86426849123699 8.89364161812469 8.92211238652027 8.96881161073116 9.05880655282814 9.10081971307893 9.13505827237406 9.16620009772565 9.18063254770884 9.18008238056732 9.20627846210934 9.2322925575326 9.25758117492739 9.27904092480359 9.29366885538575 9.30637651699974 9.31174498778554 9.31998748250226 9.32328091191395 9.31417940385234 9.30808950916688 9.29037458010983 9.26902722148278
-9999 -9999 -9999 -9999 -9999 -9999 -9999 -9999 -9999 -9999 -9999 -9999 -9999 -9999 -9999 -9999 -9999 -9999 8.68313309647218 8.68915930293703 8.69009060410328 8.69520416998832 8.70183665958052 8.7132634618017 8.72383612372814 -9999 -9999 -9999 8.78257392992724 8.80339148413164 8.82973643835292 8.86704985937176 8.89549891340653 8.92601825066418 8.97215095282957 9.00829879636907 9.09301395051557 9.14284674597751 9.17935738674868 9.19441472051824 9.17886364196764 9.21113304832585 9.24070047691343 9.26703189615873 9.29224703681564 9.31589957428089 9.32470584245344 9.33142531886255 9.32564286194493 9.33545776973565 9.33526363794119 9.32553456739153 9.30915367756219 9.28908512106382
-9999 -9999 -9999 -9999 -9999 -9999 -9999 -9999 -9999 -9999 -9999 -9999 -9999 -9999 -9999 -9999 -9999 -9999 8.71181619454866 8.7139950614713 8.71085651875682 8.7206414691021 8.72583175421643 8.72977506338783 8.73575659377355 8.7470103690631 -9999 -9999 8.79353363577669 8.81566099216126 8.8406255467864 8.87951663080866 8.91241376185021 8.942059527197 9.01363754811373 9.24868224413823 9.05946643239856 9.13066317978866 9.19745479828199 9.21124443704066 9.22557484163895 9.21695219814001 9.24229773972119 9.26720503598693 9.29373687393564 9.31104537865828 9.32141722345191 9.34000799812266 9.34858148812157 9.35224880621432 9.34617231924628 9.34050377889798 9.32812392908198 9.30950565173935
-9999 -9999 -9999 -9999 -9999 -9999 -9999 -9999 -9999 -9999 -9999 -9999 -9999 -9999 -9999 -9999 -9999 8.75445720814922 8.74377821225599 8.73896186942968 8.73756489876814 8.73995784242173 8.74642283577163 8.74283243972183 8.76136478833774 8.76496204964737 -9999 8.78855882023751 8.80606316433317 8.82936215726258 8.85562878259621 8.88468681371041 8.91365796559922 8.94509279835236 9.1403729357513 9.24957436710086 9.05846110908902 9.1087323778033 9.17690019986299 9.22790523975623 9.22088680461302 9.21853648762754 9.24764781199718 9.27385975943442 9.29664685658166 9.31812516098945 9.33788081633565 9.35800316428256 9.36328270128708 9.36624587594643 9.364444040933 9.36050401832181 9.34736818735946 9.33523809304889
-9999 -9999 -9999 -9999 -9999 -9999 -9999 -9999 -9999 -9999 -9999 -9999 -9999 -9999 -9999 -9999 -9999 8.78409908607646 8.78129164103904 8.76384272099522 8.7610578038712 8.76176614817452 8.76351369843936 8.76102571985978 8.77180344766758 8.77627056419198 8.78046812938624 8.79877721927317 8.81441901233488 8.83316327032948 8.85503980766998 8.88269866096203 8.91048255796911 8.94095890036819 8.96308440658286 8.99794202313652 9.05295682796662 9.09805218584057 9.17170061535492 9.21850307076337 9.21975112092639 9.21860807924736 9.25418879385847 9.27665266873323 9.30878640412278 9.32940505031246 9.34586608262465 9.37032591963023 9.37509761876304 9.38005444464477 9.38023583303016 9.37822846493515 9.37183073376691 9.35661250399511
-9999 -9999 -9999 -9999 -9999 -9999 -9999 -9999 -9999 -9999 -9999 -9999 -9999 -9999 -9999 -9999 -9999 8.80789038407085 8.80694217366125 8.79108390046782 8.78963070175367 8.78286955431605 8.77702421697278 8.78110230408317 8.78410881319263 8.79214165261978 8.79140569541475 8.80483695665233 8.81571242882588 8.82983359908232 8.85285467942295 8.87634487558913 8.90289728703598 8.93507424940351 8.96184206710943 8.99889536398952 9.03505875163008 9.09348034263645 9.16736618578089 9.20987890132903 9.24919705344325 9.21727195263971 9.25163561540366 9.28599808070699 9.31465514213455 9.33717856482016 9.35316974762953 9.37720366961714 9.38664195175588 9.39622980666384 9.3961282594141 9.39864766922268 9.3941865871679 9.37854006344792
-9999 -9999 -9999 -9999 -9999 -9999 -9999 -9999 -9999 -9999 -9999 -9999 -9999 -9999 -9999 -9999 -9999 -9999 8.82635590448 8.82062152415397 8.81176073743799 8.80315675193181 8.79532315826641 8.79159565781635 8.79526969801396 8.80109317389841 8.80382257507553 8.80385029681562 8.81551650878558 8.83614596136687 8.8518459218542 8.87373314553552 8.89900634291901 8.92747535492685 8.96420215965205 8.99012840797116 9.02879948816849 9.06900643540728 9.15634801193085 9.19741155994391 9.24713430512174 9.28638492652259 9.27585797087727 9.28655576857519 9.31461918613216 9.3467173798665 9.3624250771499 9.38868610742472 9.40046544415136 9.41481374666705 9.41704372171236 9.41457478900406 9.41230246799044 9.40579686709484
-9999 -9999 -9999 -9999 -9999 -9999 -9999 -9999 -9999 -9999 -9999 -9999 -9999 -9999 -9999 -9999 -9999 -9999 8.85934560550867 8.84356074981842 8.83008055067798 8.82241072729009 8.82103763843605 8.81224683372903 8.80514004441881 8.81150423038106 8.8174439294659 8.81815242402696 8.83033533744835 8.83788538264879 8.85452242852183 8.86947247894246 8.89613531100385 8.92357513463943 8.95688553889435 8.98505817087235 9.02095692442702 9.0613582404953 9.1438918484817 9.18073982566511 9.24376474019218 9.28203704409635 9.31426273797002 9.29123660050404 9.31635821987284 9.34321902265698 9.37369251637698 9.39742919605347 9.41173269368702 9.428531531148 9.43092433158456 9.4379681501028 9.43333087445489 9.42900902091887
-9999 -9999 -9999 -9999 -9999 -9999 -9999 -9999 -9999 -9999 -9999 -9999 -9999 -9999 -9999 -9999 -9999 -9999 8.87704464708805 8.856790840782 8.84436774228779 8.84603984655437 8.84233132723568 8.83410764452407 8.82198736612687 8.81752875313192 8.81843113926129 8.81693355905045 8.8242918591974 8.83531918737784 8.8501908478946 8.86629692395694 8.88630987738324 8.91009526020179 8.94271094458613 8.97582684226398 9.01429796427225 9.05489994520706 9.09703376733346 9.18499356359553 9.2299280528406 9.27433802725025 9.31292631349727 9.33825681801385 9.3679982062896 9.35903682906305 9.38701052026414 9.41320118446117 9.42539543817018 9.44002742807567 9.44980902509622 9.45473105514425 9.45261261446241 9.45060376619799
-9999 -9999 -9999 -9999 -9999 -9999 -9999 -9999 -9999 -9999 -9999 -9999 -9999 -9999 -9999 -9999 -9999 -9999 8.89347610819444 8.87442766593688 8.86012262800259 8.86518650463415 8.8564981644346 8.84322471683704 8.82878408952923 8.81652126800278 8.82057906333629 8.81686275454682 8.82211080311556 8.8311891177811 8.84162377287653 8.8589056940723 8.87767249548089 8.90049674425285 8.93245121322864 8.96786746195979 9.00884946008237 9.04457296921533 9.08481042932203 9.14157685723284 9.21979214032858 9.26807504292749 9.30836917426889 9.34490575101156 9.37915583882187 9.37889866821826 9.39980897390469 9.4215631266426 9.44131469957158 9.45405702744043 9.46430662493163 9.47196224046369 9.47704104415985 9.46836013648239
-9999 -9999 -9999 -9999 -9999 -9999 -9999 -9999 -9999 -9999 -9999 -9999 -9999 -9999 -9999 -9999 -9999 -9999 8.93078876904963 8.89605283738066 8.88543797131705 8.87713213673356 8.87175922003941 8.84793575622279 8.83393178142048 8.82480969001132 8.82383330955185 8.81249838672247 8.81567925007243 8.82285289115906 8.83695391102424 8.85008553681099 8.86765470010656 8.88958071068662 8.92356455932163 8.96122713315625 8.99704999683479 9.033188429696 9.07163072692659 9.11423887542338 9.18267825727215 9.25193634424886 9.2966542617727 9.33770207702062 9.37858575199839 9.41663870167165 9.42801412086401 9.42751093448549 9.45254489729737 9.47056968358783 9.49059380755342 9.49417397743213 9.49965267014888 9.50253568819359
-9999 -9999 -9999 -9999 -9999 -9999 -9999 -9999 -9999 -9999 -9999 -9999 -9999 -9999 -9999 -9999 -9999 -9999 -9999 8.9297082813231 8.90320067959677 8.88726123115426 8.87417841068965 8.84815352056998 8.83735417090508 8.83140029116908 8.82545093319727 8.81198333826375 8.81044668113442 8.81309584824831 8.8282297206174 8.83730498053382 8.85376028541687 8.88278039697632 8.91611056936926 8.94577276562564 8.98686024665414 9.02347756499684 9.06273783219275 9.10397274979798 9.15394789600816 9.24669160474413 9.28889945242083 9.3300097849423 9.37355176355479 9.42249349300282 9.45580289576191 9.48532940225761 9.47535485171603 9.50055711899017 9.51172015708951 9.59871853057228 9.5226577276889 9.5259073816106
-9999 -9999 -9999 -9999 -9999 -9999 -9999 -9999 -9999 -9999 -9999 -9999 -9999 -9999 -9999 -9999 -9999 -9999 -9999 8.93068537660351 8.91341387228197 8.8926770133581 8.87746784369729 8.85475993781793 8.83900585511831 8.83356057891869 8.82003425789821 8.80724175233216 8.80379030406961 8.81004132764075 8.81826021571158 8.83134691543641 8.84674554982217 8.86971054851168 8.90252604272215 8.93720321487793 8.97336664874438 9.01308325710932 9.05323170066447 9.09818410985986 9.14466701006085 9.18694960363497 9.28306351023587 9.32860427901226 9.37041336499948 9.41390285766083 9.45824267537183 9.49276507110385 9.52108160322923 9.54284311971745 9.78271407859612 9.81411953948191 9.55238457705725 9.5343680687958
-9999 -9999 -9999 -9999 -9999 -9999 -9999 -9999 -9999 -9999 -9999 -9999 -9999 -9999 -9999 -9999 -9999 -9999 -9999 8.94618284592288 8.9214960568068 8.901548311476 8.88427426415947 8.86493421846609 8.84159388723698 8.8258977943713 8.81577504127334 8.79837544543488 8.79313453509357 8.80041965124742 8.80720781868049 8.81909374879058 8.83355506532417 8.85323870954349 8.88826458189097 8.92289611551752 8.95934678499621 8.99968504229264 9.04080113504735 9.08453749449972 9.13262374290014 9.17929348405225 9.22864537560093 9.28681131739059 9.36717050488422 9.40940936939281 9.45666905454943 9.49622870744019 9.5296134339327 9.54304576359904 9.57830023420098 9.59311083387106 9.60450094012952 9.60877565822099
-9999 -9999 -9999 -9999 -9999 -9999 -9999 -9999 -9999 -9999 -9999 -9999 -9999 -9999 -9999 -9999 -9999 -9999 -9999 8.94827074302992 8.93011171268339 8.91097755037763 8.88357320863131 8.86227087796701 8.83969376241018 8.81664296086863 8.81003957244735 8.79623659041664 8.79467116260257 8.80289045255597 8.80045359064163 8.80860199792343 8.82482264328521 8.84651124105522 8.87610426583577 8.90567361841143 8.94250796141181 8.98354744003848 9.02818731049283 9.07573324162853 9.11804407406462 9.17394879093109 9.2206538699211 9.27882828552761 9.32630288834212 9.37406996466613 9.41901276676944 9.46494667212008 9.53428819870654 9.56805209409863 9.59115015632356 9.61453882431903 9.63226325766913 9.63935640621927
-9999 -9999 -9999 -9999 -9999 -9999 -9999 -9999 -9999 -9999 -9999 -9999 -9999 -9999 -9999 -9999 -9999 -9999 -9999 -9999 8.93633175471506 8.91273858391282 8.88359927535736 8.85231328712028 8.83609299601934 8.81937466025834 8.80558896371301 8.79284626315409 8.78704264614132 8.79129169011247 8.79553570947987 8.80013296086425 8.81563453678888 8.83173869138212 8.85862321511899 8.89088691059446 8.92563192335524 8.96992772255776 9.01805532722919 9.0693028450581 9.11332204551458 9.16144890726097 9.22218468887302 9.27327947841894 9.31876094800198 9.37622310795625 9.42406241479499 9.46847509023801 9.53894985252355 9.57766573510519 9.60754359395477 9.63022774216826 9.64914625588324 9.66239368130437
-9999 -9999 -9999 -9999 -9999 -9999 -9999 -9999 -9999 -9999 -9999 -9999 -9999 -9999 -9999 -9999 -9999 -9999 -9999 -9999 -9999 8.90967486928622 8.8842839306301 8.85146224790462 8.82818831717926 8.80989358391941 8.79459511757063 8.78044812777654 8.77596843848502 8.77644747522723 8.78232276994206 8.79132497619488 8.80110382925152 8.81946571123553 8.84373731142225 8.87369240672857 8.91147209160898 8.95653857374629 9.00566971875443 9.05342248473536 9.10870066677136 9.15868181665073 9.21206216870471 9.26555620450398 9.32283862798342 9.38723454788449 9.45607073961987 9.4887450730615 9.5490770160191 9.5888738503199 9.62171812388151 9.65088050081977 9.66904570037236 9.68320311736543
