T2m/med_mese_clima/temp_med_12_2002-2019.txt
NCOLS 177 
NROWS 174 
XLLCORNER 1436301.375 
YLLCORNER 4916704.5 
CELLSIZE 1500 
NODATA_value -9999 
[rows 120 to 143 of 174, columns 108 to 161 of 177]
3.26458468897508 3.27651279541076 3.28812580656976 3.30026817705935 3.31159572144341 3.32254567383074 3.33313258275989 3.34197607668999 3.35242960936146 3.36174548657403 3.37096581546097 3.3806545010127 3.38904830806729 3.39814207968704 3.40851399394411 3.41935085327765 3.43028498601271 3.44373421990019 3.45560556216804 3.46874369613713 3.48272268979214 3.4980099189035 3.51369496885866 3.53063312144656 3.54920556686352 3.56712176365604 3.58604905026486 3.60543040586234 3.62513988895095 3.64418489914441 3.66413330957863 3.68195905525573 3.7015920764653 3.72166971444759 3.74046843752557 3.75789674256653 3.77626804947262 3.79312090333913 3.80880960459105 3.82410347250351 3.83859566402234 3.85229180849445 3.86481110675005 3.87658061198057 3.88804062255996 3.89883351263265 3.91020551266185 3.91860821043066 3.92768308181713 3.93587324106551 3.94361738930519 -9999 -9999 -9999
3.25559197699102 3.26755005894066 3.27872277914767 3.28991549264673 3.30069803102722 3.31062896950301 3.3206241891865 3.32985537632411 3.33926272736694 3.34849824417989 3.35721385348387 3.36640993678117 3.37621915222437 3.38584908875369 3.39496100045807 3.40323306608658 3.41438957312231 3.42625636760939 3.43981479756801 3.45287841840623 3.46683368445624 3.48169491869546 3.4978949913071 3.51494571343263 3.53236495484162 3.55051956960063 3.57012206777654 3.58980763910965 3.60986659201762 3.63015495834597 3.65053612879179 3.67046398042032 3.69020639344586 3.70963493032151 3.72903434302679 3.74630081181275 3.76533698057879 3.78368125885927 3.80009116898799 3.81612547807912 3.83137357063231 3.84583201017329 3.85951293880304 3.87204537729882 3.88385815422725 3.89498848821151 3.9058773215252 3.91656975524773 3.92590480378809 3.93552592276481 -9999 -9999 -9999 -9999
3.24984437317585 3.26151266583097 3.27192744491183 3.2827009487394 3.29260092969149 3.30245863494591 3.31232653149741 3.32057904934004 3.32897384435484 3.33761000037783 3.34617342981555 3.35522157671413 3.36356119786783 3.37219153692533 3.38168018040024 3.39082668586353 3.40106506179179 3.41205763502407 3.42388344596743 3.4370389054758 3.45112682458569 3.46616444541127 3.4821474723803 3.49903679192746 3.51594610728717 3.53406323225848 3.55286212108382 3.5734444116414 3.59365348676012 3.61376016919837 3.63442476494132 3.65511142351891 3.67647557305335 3.6959961368889 3.71593972517659 3.7354091888282 3.75510453738488 3.77257004282098 3.79013075765493 3.80615943597432 3.82261898604614 3.83751259903738 3.85243708100582 3.86541995612865 3.87847208439496 3.8908301414274 3.90173062313734 3.9132053402474 3.92329105006629 3.9336269433443 -9999 -9999 -9999 -9999
3.24557757276891 3.25702700198435 3.26798020673251 3.27801753977617 3.2879166237397 3.29650890767278 3.30502924057442 3.31396541083366 3.32176983594422 3.3297727521312 3.3376792231701 3.34518482528958 3.35369566535153 3.36206972738468 3.37000409004477 3.37934351686394 3.38934346914256 3.39925656637528 3.41003097797819 3.42300732638477 3.43695524159619 3.45104701945019 3.46614002084376 3.48261923584296 3.49921117310596 3.51746296617037 3.53646943095262 3.55612482851054 3.57629731944597 3.59686317386843 3.61767837300455 3.63820378703589 3.65909653132662 3.67982510745235 3.70066740863844 3.72071158078901 3.74026529439478 3.75884625923642 3.7767858219585 3.79443400481875 3.81095866450543 3.82793354087231 3.84336863099938 3.8580626366408 3.87163251219042 3.88409771815416 3.89747943666771 3.90821354887568 3.91992490461015 3.93064550275555 3.9391923363303 3.94961370012052 -9999 3.96731493728056
3.24421289740823 3.2551547368055 3.26589558660208 3.27565946173622 3.28481775806899 3.29378453358122 3.30183023915493 3.30980926933655 3.31701658437107 3.32435756623539 3.33073490729607 3.33749839268819 3.34478992124585 3.35234235786536 3.36029410051419 3.36877992068418 3.37792645977003 3.38784571184275 3.39821585353848 3.40995071082253 3.42227192704586 3.43604778200229 3.45047054234391 3.46632216738425 3.48276827146381 3.50054082373329 3.51915595848118 3.53891358951299 3.55849417976109 3.57896999987957 3.59980333770962 3.62045874440791 3.64158750039142 3.66265963298391 3.68355245417657 3.70414288613623 3.72432756031185 3.74362109782757 3.76273874987634 3.78122419553397 3.79903950748449 3.81614878506839 3.83213644444791 3.84819393797528 3.86074104341437 3.87495725362201 3.89047468278415 3.90292063781072 3.91350905998183 3.92627093319195 3.93682008112328 3.94798718211257 3.95818560694484 3.96702775160831
3.24552925451696 3.25639734590734 3.26661536981826 3.27579302966007 3.28465946667973 3.29324843676031 3.30084741751141 3.30790457022866 3.31490399419124 3.32117145404833 3.32722152267196 3.33279019186205 3.33921931354969 3.345862091475 3.35246015376018 3.36037203810923 3.36892917312018 3.37783795754433 3.38720875758858 3.39795088539702 3.4097255801622 3.42216155554798 3.43571258096043 3.45074934000107 3.46685552977065 3.48358045437199 3.50163871434868 3.52094147547628 3.54018714923194 3.56083753698209 3.58118011349159 3.60186553558904 3.62314437833568 3.6444930163134 3.66576922272165 3.68685957826449 3.70725255275612 3.72763442109668 3.74752577501321 3.76686119333935 3.7855723524967 3.80362686413249 3.82098854474299 3.8372432803734 3.85277930638352 3.86798910913385 3.88248757002413 3.89588110143729 3.90898676404916 3.92061796822687 3.93239559126634 3.94433988303732 3.95445713325684 3.96437279650592
3.24782165289754 3.25867068563028 3.26879877531084 3.2778172722369 3.28643598229176 3.29431293506866 3.30186907164531 3.3088045575794 3.31482396005075 3.32041721027047 3.3257114384841 3.33045500058776 3.335973236085 3.34124573087678 3.34721771545364 3.35365040676 3.36068737159815 3.36886970801524 3.37751340179905 3.38671926496278 3.39859565390912 3.40875800849656 3.42167257284346 3.43574812722641 3.4509658898507 3.46728747711685 3.48465540794218 3.50258550329578 3.52176819077322 3.54168618313562 3.56222057724533 3.58284243217845 3.60419417169274 3.62573861888211 3.64734731201247 3.66888575125119 3.69023142603425 3.71127612717525 3.73191884250246 3.75207829860075 3.77129186297763 3.79028609008269 3.80822742418964 3.82587481939625 3.84201645123088 3.85822956639203 3.87410860772817 3.88806661157818 3.90209990949541 3.91501872396147 3.92763913229935 3.93997288086445 3.95083004004399 3.96183523990381
3.25093592201575 3.26217035231305 3.27262119532688 3.28224786186698 3.2903017128228 3.29752030034155 3.30468616056488 3.31113764550622 3.31620617343924 3.32151098440396 3.32566210676088 3.32956375656458 3.33414125070747 3.33841755553415 3.34330682604498 3.34898053564557 3.35523132412412 3.36140247991767 3.36921252411687 3.3775898847562 3.38703039217586 3.39761317613333 3.40898468579402 3.42159004143455 3.43541689606785 3.4508253866012 3.46738490850355 3.48501476883746 3.50324424840559 3.52312295953538 3.54375220243515 3.56383441572531 3.58517043705266 3.6068424664933 3.62871313972657 3.65064096087406 3.67249549770617 3.69415555827636 3.71590200790112 3.73646618160846 3.75693372425217 3.77644812360763 3.79534317316656 3.81396725249378 3.83149472098376 3.84829756353055 3.86435533497792 3.88006123698973 3.89461374461578 3.90881410775963 3.92227143256893 3.93499179381447 3.94698900090773 3.95827561103653
-9999 3.26709697669232 3.27752857905699 3.28741935294647 3.29567596647368 3.30264830703272 3.30873360215208 3.31473061178183 3.32000160554277 3.32503706526079 3.32807112252274 3.33075888445922 3.33402820497663 3.33765252342807 3.3418134333842 3.34594088655356 3.35057623634527 3.35588181778486 3.36200768354378 3.36908918960167 3.37724113734232 3.38735486486051 3.39830638689186 3.41054103454969 3.42168217360339 3.4364793610552 3.45175947454851 3.46861239961677 3.4865796038292 3.50555569809879 3.52503543467914 3.54566198541418 3.56809095356886 3.58825637048003 3.6103149542338 3.63256526513338 3.65486506721619 3.67708356222604 3.69909226902489 3.72039517308369 3.7416679024456 3.76244072922943 3.7826371570551 3.80219641146966 3.82028121691439 3.83803193796687 3.85582599548585 3.87285005546484 3.88749913038324 3.90255490340334 3.91642462617272 3.92991154060008 3.9426269572338 3.95458194670906
-9999 -9999 -9999 3.29281920684345 3.30164871456871 3.31023195871046 3.31600706469715 3.32124280040063 3.3245360083048 3.32931931995361 3.3316481711775 3.33503000290802 3.3370010114908 3.33886403294525 3.34119292084016 3.34452337246795 3.34793269649357 3.35196436021484 3.35717482905227 3.36254726057825 3.3697720739225 3.37818584457928 3.3886690857262 3.39692265794096 3.40928986180718 3.42264747609118 3.43736031234274 3.45337328696115 3.47023915560268 3.48863096363961 3.50805197474187 3.52799068544883 3.54908489060859 3.57079382183214 3.59258835860902 3.6150876656704 3.63775600636131 3.66045193854743 3.68304101086558 3.70501105639176 3.72702742840674 3.7485963907203 3.7696335782524 3.78966829107528 3.80864034384862 3.82807113740106 3.84674780092324 3.8642411099233 3.88052787699301 3.89559432832627 3.90983326975813 3.92404648884522 3.93744438054104 3.95003512076409
-9999 -9999 -9999 -9999 3.30912608542494 3.31501575007626 3.3212470619998 3.3264704312478 3.33076526205572 3.33423550050033 3.33701205114074 3.33887283650115 3.34034879824537 3.34162536346657 3.34326900171298 3.34509937485424 3.34692857966385 3.35009351215929 3.35362654720427 3.35807718158556 3.36359614945504 3.37070093136369 3.37680184181254 3.38732467292842 3.39854056650041 -9999 3.42338042054634 3.43927361369098 3.45615607296395 3.473512987777 3.49204524546588 3.51161773642613 3.53248105035294 3.55409537232842 3.57631763722897 3.59898436694419 3.62194042415174 3.64503632701098 3.6673415977554 3.69066899473126 3.71333230942053 3.73521988805548 3.75662117660266 3.77783303013617 3.79760614462014 3.8174548798291 3.83693550145539 3.85482334393837 3.87227801833383 3.8880868060855 3.90343558098522 3.91832228152318 3.93235099521198 3.94553365905245
-9999 -9999 -9999 -9999 -9999 3.32369686939474 3.32936279542072 3.33535080704502 -9999 3.3414960359789 3.34366669870888 3.34444916096337 3.34586339772664 3.34586417876497 3.34613759417499 3.3468934499904 3.34796086793804 3.34954258358255 3.35183258788823 3.35501294725811 3.35963793974071 3.36546723900293 3.37030698680213 -9999 -9999 -9999 3.41204080767127 3.42664362859047 3.44233164849612 3.45940479344786 3.4781491175856 3.49768356256286 3.51786309102358 3.53893064837521 3.56110628572956 3.58385372711743 3.6070070685621 3.63078669324856 3.65348471640415 3.67690063891801 3.69972214381466 3.72221436303514 3.74465201574957 3.76654906956976 -9999 3.8067970529487 3.82698652392381 3.84597070932966 3.86371186543145 3.88097812931438 3.89736174401362 3.91245124191005 3.92704921875733 3.94076657052655
-9999 -9999 -9999 -9999 -9999 -9999 -9999 -9999 -9999 -9999 3.3507619930954 3.35128103451699 3.35159057374441 3.35077146624934 3.35088073294897 3.35064494592407 3.35027236619857 3.35073118532725 3.35185191693639 3.35383044683761 3.35723319653238 3.359932896116 -9999 -9999 -9999 -9999 3.40321283488563 3.41652634331042 3.43064230798711 3.44738363476361 3.46552935944293 3.48458326071212 3.50478734726271 3.52599879877473 3.54767102470627 3.57079269180029 3.59403882275002 3.61762386547996 3.64099799376409 3.66438519530492 -9999 -9999 -9999 -9999 -9999 -9999 -9999 3.83705551037798 3.85617328298195 3.87400789768433 3.89093722087309 3.90654856883938 -9999 -9999
-9999 -9999 -9999 -9999 -9999 -9999 -9999 -9999 -9999 -9999 -9999 3.35748747110679 3.35679486674005 3.35740227694915 3.35669526294276 3.35556800569461 3.35461325429682 3.35329451387466 3.35410081226362 3.35497081690997 3.35571888824277 3.35878910698629 -9999 -9999 -9999 -9999 -9999 -9999 -9999 3.43845631994061 3.45597762203687 3.47412235882919 3.49390775554734 3.51480756129609 3.5366573738965 3.55928960940738 3.58252589559135 3.6061965534817 -9999 -9999 -9999 -9999 -9999 -9999 -9999 -9999 -9999 -9999 -9999 -9999 -9999 -9999 -9999 -9999
-9999 -9999 -9999 -9999 -9999 -9999 -9999 -9999 -9999 -9999 -9999 -9999 -9999 3.36458491507791 3.36244765390637 3.36125289340484 3.35944764905036 3.35797539314787 3.35669917361799 3.35583593872592 3.35778549722324 -9999 -9999 -9999 -9999 -9999 -9999 -9999 -9999 -9999 -9999 -9999 -9999 3.506332274381 3.52712637378584 3.54917392186126 -9999 -9999 -9999 -9999 -9999 -9999 -9999 -9999 -9999 -9999 -9999 -9999 -9999 -9999 -9999 -9999 -9999 -9999
-9999 -9999 -9999 -9999 -9999 -9999 -9999 -9999 -9999 -9999 -9999 -9999 -9999 -9999 -9999 -9999 3.36735082693367 3.36435683835138 -9999 -9999 -9999 -9999 -9999 -9999 -9999 -9999 -9999 -9999 -9999 -9999 -9999 -9999 -9999 -9999 -9999 -9999 -9999 -9999 -9999 -9999 -9999 -9999 -9999 -9999 -9999 -9999 -9999 -9999 -9999 -9999 -9999 -9999 -9999 -9999
-9999 -9999 -9999 -9999 -9999 -9999 -9999 -9999 -9999 -9999 -9999 -9999 -9999 -9999 -9999 -9999 -9999 -9999 -9999 -9999 -9999 -9999 -9999 -9999 -9999 -9999 -9999 -9999 -9999 -9999 -9999 -9999 -9999 -9999 -9999 -9999 -9999 -9999 -9999 -9999 -9999 -9999 -9999 -9999 -9999 -9999 -9999 -9999 -9999 -9999 -9999 -9999 -9999 -9999
-9999 -9999 -9999 -9999 -9999 -9999 -9999 -9999 -9999 -9999 -9999 -9999 -9999 -9999 -9999 -9999 -9999 -9999 -9999 -9999 -9999 -9999 -9999 -9999 -9999 -9999 -9999 -9999 -9999 -9999 -9999 -9999 -9999 -9999 -9999 -9999 -9999 -9999 -9999 -9999 -9999 -9999 -9999 -9999 -9999 -9999 -9999 -9999 -9999 -9999 -9999 -9999 -9999 -9999
-9999 -9999 -9999 -9999 -9999 -9999 -9999 -9999 -9999 -9999 -9999 -9999 -9999 -9999 -9999 -9999 -9999 -9999 -9999 -9999 -9999 -9999 -9999 -9999 -9999 -9999 -9999 -9999 -9999 -9999 -9999 -9999 -9999 -9999 -9999 -9999 -9999 -9999 -9999 -9999 -9999 -9999 -9999 -9999 -9999 -9999 -9999 -9999 -9999 -9999 -9999 -9999 -9999 -9999
-9999 -9999 -9999 -9999 -9999 -9999 -9999 -9999 -9999 -9999 -9999 -9999 -9999 -9999 -9999 -9999 -9999 -9999 -9999 -9999 -9999 -9999 -9999 -9999 -9999 -9999 -9999 -9999 -9999 -9999 -9999 -9999 -9999 -9999 -9999 -9999 -9999 -9999 -9999 -9999 -9999 -9999 -9999 -9999 -9999 -9999 -9999 -9999 -9999 -9999 -9999 -9999 -9999 -9999
-9999 -9999 -9999 -9999 -9999 -9999 -9999 -9999 -9999 -9999 -9999 -9999 -9999 -9999 -9999 -9999 -9999 -9999 -9999 -9999 -9999 -9999 -9999 -9999 -9999 -9999 -9999 -9999 -9999 -9999 -9999 -9999 -9999 -9999 -9999 -9999 -9999 -9999 -9999 -9999 -9999 -9999 -9999 -9999 -9999 -9999 -9999 -9999 -9999 -9999 -9999 -9999 -9999 -9999
-9999 -9999 -9999 -9999 -9999 -9999 -9999 -9999 -9999 -9999 -9999 -9999 -9999 -9999 -9999 -9999 -9999 -9999 -9999 -9999 -9999 -9999 -9999 -9999 -9999 -9999 -9999 -9999 -9999 -9999 -9999 -9999 -9999 -9999 -9999 -9999 -9999 -9999 -9999 -9999 -9999 -9999 -9999 -9999 -9999 -9999 -9999 -9999 -9999 -9999 -9999 -9999 -9999 -9999
-9999 -9999 -9999 -9999 -9999 -9999 -9999 -9999 -9999 -9999 -9999 -9999 -9999 -9999 -9999 -9999 -9999 -9999 -9999 -9999 -9999 -9999 -9999 -9999 -9999 -9999 -9999 -9999 -9999 -9999 -9999 -9999 -9999 -9999 -9999 -9999 -9999 -9999 -9999 -9999 -9999 -9999 -9999 -9999 -9999 -9999 -9999 -9999 -9999 -9999 -9999 -9999 -9999 -9999
-9999 -9999 -9999 -9999 -9999 -9999 -9999 -9999 -9999 -9999 -9999 -9999 -9999 -9999 -9999 -9999 -9999 -9999 -9999 -9999 -9999 -9999 -9999 -9999 -9999 -9999 -9999 -9999 -9999 -9999 -9999 -9999 -9999 -9999 -9999 -9999 -9999 -9999 -9999 -9999 -9999 -9999 -9999 -9999 -9999 -9999 -9999 -9999 -9999 -9999 -9999 -9999 -9999 -9999
