T2m/med_mese_clima/temp_med_04_2002-2019.txt
NCOLS 177 
NROWS 174 
XLLCORNER 1436301.375 
YLLCORNER 4916704.5 
CELLSIZE 1500 
NODATA_value -9999 
[rows 72 to 95 of 174, columns 0 to 53 of 177]
-9999 -9999 -9999 -9999 -9999 -9999 -9999 -9999 -9999 -9999 -9999 -9999 -9999 -9999 -9999 -9999 -9999 -9999 -9999 -9999 13.1648835621841 13.1712191317321 13.1146725703276 12.6341124665396 12.9147846723049 12.1149205080272 12.979046190958 13.0515227227521 12.920418522032 12.5058644087454 12.8897665043529 12.7468891817361 12.6795994205374 12.7179711206084 12.3840638629291 12.6546222610528 12.6692328572628 12.5629853995146 12.4878452583912 12.4363131679649 12.3267233601812 12.5049980256438 12.7755368799066 12.9161567957311 12.9813778469551 13.0958668113416 13.0331727463745 13.129932615155 12.9311319144905 12.5093575994583 12.4251133632165 12.5523943284593 12.7085560577675 13.0057705405048
-9999 -9999 -9999 -9999 -9999 -9999 -9999 -9999 -9999 -9999 -9999 -9999 -9999 -9999 -9999 -9999 -9999 -9999 -9999 -9999 13.1324458003204 13.1557468989683 12.7889418406711 12.7412950443429 12.8901208136137 12.6840177081273 13.0212815497891 12.510280901383 12.6978139334038 12.8463406035002 12.6809613415974 12.4998292128608 12.6415160919039 12.5275635148992 12.5081073703907 12.6463962812506 12.8376722939007 12.6960635063822 12.5076154559657 12.5365007610217 12.4045327624653 12.5154841985999 12.7951053146863 12.8486302733144 12.9136143365796 12.9365648181816 12.8400588080354 13.1357239809293 12.9916000537988 12.8380609333568 12.645345192003 12.6823099162691 12.6900082857052 12.9855977492324
-9999 -9999 -9999 -9999 -9999 -9999 -9999 -9999 -9999 -9999 -9999 -9999 -9999 -9999 -9999 -9999 -9999 -9999 -9999 -9999 -9999 13.1310835579752 12.946265352906 12.7147955544719 12.9552959708829 12.9179818523473 12.8828532691586 12.5695931064319 12.8536465842173 12.9311883082201 12.8635813304045 12.4077482155151 12.5483579778706 12.6135797777198 12.4977244298377 12.7421381501303 12.9867243669953 12.7366864675779 12.6382389899265 12.5967814367854 12.5639233902233 12.5887510432018 12.6988022006224 12.8557936899818 12.863348380534 12.7484458294789 12.8741064807912 12.9612368566685 12.8751626044659 12.9705598745186 12.7897673889752 12.8286884523248 12.7911361894388 12.7063634735743
-9999 -9999 -9999 -9999 -9999 -9999 -9999 -9999 -9999 -9999 -9999 -9999 -9999 -9999 -9999 -9999 -9999 -9999 -9999 -9999 -9999 13.1062075568049 13.1195524169488 13.128271230531 13.0464589842274 13.0006757503153 12.8446474136616 12.8287465467234 12.9230460245522 12.8827198016889 12.9113235090081 12.5740551218121 12.7240639107256 12.7899072177496 12.5995081327132 12.601694858583 12.9521219796778 12.8219343696945 12.6594663130489 12.675095572454 12.7213322695162 12.7782351032627 12.7119179856697 12.7649861573204 12.8442951729212 12.8045516730242 12.8435951182821 12.7972939674615 12.949145693527 12.9529980578332 13.0024388746203 12.862292160989 12.8198026657125 12.9930057586355
-9999 -9999 -9999 -9999 -9999 -9999 -9999 -9999 -9999 -9999 -9999 -9999 -9999 -9999 -9999 -9999 -9999 -9999 -9999 -9999 -9999 -9999 -9999 -9999 12.9809904070269 12.9441189045276 12.7976915229236 12.9046656696623 12.8494030162512 12.8992021218558 12.8078487315753 12.725123887683 12.8211089938815 12.8102989187214 12.6783639343796 12.7756788120908 12.8749265022645 12.8710631132151 12.7297526588467 12.7317279174473 12.802499985314 12.8581328053039 12.7915793214924 12.823418980364 12.8405360041259 13.013540470937 12.8443979229029 12.8778450422127 13.1256224626751 13.0806993337308 12.8474408924546 12.9779440951254 13.0229707323479 13.0465870888988
-9999 -9999 -9999 -9999 -9999 -9999 -9999 -9999 -9999 -9999 -9999 -9999 -9999 -9999 -9999 -9999 -9999 -9999 -9999 -9999 -9999 -9999 -9999 -9999 12.9634643149603 12.7488267276469 12.8535735214132 12.9187322038084 12.7144648607138 12.7492064927358 12.8178026115414 12.7536556221667 12.9238439179608 12.8278189979887 12.7265776111322 12.8444998563864 12.9308129060882 12.9108352570272 12.9074756382913 12.8894181017257 12.9078107088498 12.9165597295318 12.8911815840093 12.9038802646729 12.8867562607568 13.0474376227412 12.9569352056232 12.9443225011005 13.2766598735188 13.0312938889108 13.0082161163957 13.0517881630919 13.3009737650882 13.2921369821092
-9999 -9999 -9999 -9999 -9999 -9999 -9999 -9999 -9999 -9999 -9999 -9999 -9999 -9999 -9999 -9999 -9999 -9999 -9999 -9999 -9999 -9999 -9999 -9999 12.8598920958596 12.8856215761159 12.9269499951066 12.7559700927895 12.7659988501763 12.7716655449375 12.8364443331302 12.809474677146 13.0254180360339 12.9634283074109 12.7638844987633 12.8820510453623 13.047392388802 12.9145926724067 12.9256878286675 12.9635310170944 13.0009197596244 12.9697749384496 12.9789735398013 12.9877469697141 13.0105571208724 13.1085191262787 13.0314916899014 13.0144643784563 13.0618426130055 13.1461691981066 13.0352305504898 13.1408255457549 13.4025450259409 13.4532974003368
-9999 -9999 -9999 -9999 -9999 -9999 -9999 -9999 -9999 -9999 -9999 -9999 -9999 -9999 -9999 -9999 -9999 -9999 -9999 -9999 -9999 -9999 -9999 -9999 12.8360467354805 12.981753780784 12.8955500356706 12.8387268575487 12.8454976650889 12.8197412997232 12.8138415153593 12.9714456998165 13.2265404589554 13.0981191512635 13.0593071760964 13.0230081908275 13.0957558251701 12.9584648053734 12.9880883191316 13.0043003210626 13.0507657159892 13.0261377169195 13.0451278473278 13.0545602487645 13.0680141316932 13.1041597732255 13.0840947773175 13.0676045322845 13.0741685147963 13.2319891830463 13.2316105170051 13.3456704848437 13.4435675126402 13.4484732665602
-9999 -9999 -9999 -9999 -9999 -9999 -9999 -9999 -9999 -9999 -9999 -9999 -9999 -9999 -9999 -9999 -9999 -9999 -9999 -9999 -9999 -9999 -9999 -9999 -9999 -9999 12.9822178190087 12.907673980176 12.8754211325825 12.8669775719751 13.0014654652743 13.2060578963061 13.2691494609583 13.1968847673767 13.0816199746432 13.0058178886311 12.9903707112519 12.967742584751 12.9764846040324 13.0062380196588 13.0573659780745 13.0906655439115 13.0836453605515 13.0843304045277 13.1022710989286 13.1195849280779 13.1315619340003 13.0915223141141 13.1363148868808 13.3863384297347 13.477068696466 13.449823328012 13.5096729123587 13.4464171618545
-9999 -9999 -9999 -9999 -9999 -9999 -9999 -9999 -9999 -9999 -9999 -9999 -9999 -9999 -9999 -9999 -9999 -9999 -9999 -9999 -9999 -9999 -9999 -9999 -9999 -9999 13.1045356196117 12.863785786178 12.9029385876886 12.934931678912 12.9233893204235 13.2891355238139 13.2650620848018 13.1495406819132 12.9451393641918 12.9527061722426 13.1059324389423 13.1275787840515 13.0008236294109 13.0225781467172 13.0783430938978 13.1032069338638 13.1229300538151 13.1195449636123 13.1283591259759 13.1406696134224 13.1520276147691 13.1164665228686 13.1395533603627 13.3668554066914 13.6296316336458 13.576177054224 13.5302943084662 13.4629586703973
-9999 -9999 -9999 -9999 -9999 -9999 -9999 -9999 -9999 -9999 -9999 -9999 -9999 -9999 -9999 -9999 -9999 -9999 -9999 -9999 -9999 -9999 -9999 -9999 -9999 13.1373185358447 13.0744816626161 12.8773604850551 12.909222146142 12.9459136870763 12.9714982973362 13.1471691152159 13.1036588886317 12.9702548220692 12.9712161416622 13.131685024549 13.1924351340274 13.2982488584308 13.0435591686394 13.0576136165997 13.1098886355764 13.1354732387549 13.164711369834 13.2272681158078 13.3757539182292 13.3410144959274 13.1884677798724 13.1934831527402 13.1925898292239 13.4167490492594 13.6367020537975 13.511508107252 13.5208234147143 13.5525648304449
-9999 -9999 -9999 -9999 -9999 -9999 -9999 -9999 -9999 -9999 -9999 -9999 -9999 -9999 -9999 -9999 -9999 -9999 -9999 -9999 -9999 -9999 -9999 -9999 -9999 13.114388622371 13.1633157493014 12.9870313470264 12.9432776424761 12.9431438125749 12.973014577843 12.9866928980485 12.9964921875224 12.998037295595 13.2664158903868 13.3564295846479 13.3303299450731 13.3967463438034 13.317720351817 13.0773773989331 13.112960731553 13.1478580219481 13.1819023936583 13.3571635472571 13.4299797720242 13.4059098595961 13.2135377806664 13.1989517732812 13.2061874289411 13.4702039225612 13.5747739015802 13.5576342804691 13.5519221297908 13.5331270297823
-9999 -9999 -9999 -9999 -9999 -9999 -9999 -9999 -9999 -9999 -9999 -9999 -9999 -9999 -9999 -9999 -9999 -9999 -9999 -9999 -9999 -9999 -9999 -9999 -9999 -9999 13.1475106731108 13.1298549849764 12.9601304172758 12.9555768638636 12.9902106967696 13.0041967293183 13.0016363282444 13.0205384351658 13.3141376739195 13.3814437264044 13.4011641712372 13.4561783072152 13.5275597920966 13.4341976414322 13.2917337255103 13.1850843174427 13.2059831595059 13.2439142776229 13.5072334045919 13.4574406672879 13.3245684338792 13.2490304543674 13.2647197696929 13.5616526946742 13.6566039322903 13.5903386682491 13.54283491807 13.611086954374
-9999 -9999 -9999 -9999 -9999 -9999 -9999 -9999 -9999 -9999 -9999 -9999 -9999 -9999 -9999 -9999 -9999 -9999 -9999 -9999 -9999 -9999 -9999 -9999 -9999 -9999 -9999 13.1709352804012 12.9802999557647 12.9971190188131 13.006262719899 13.0248519275483 13.026607155971 13.0416727717625 13.1820412668605 13.2001509092877 13.2593461695859 13.3610506396138 13.5769287974863 13.5474896017137 13.3606117642572 13.2066167592922 13.2416071098798 13.2658007430599 13.3296456325824 13.3427182082875 13.2898658537746 13.2970236682108 13.3069215107003 13.6088445947254 13.7460828618138 13.6347812343148 13.5360099548998 13.5982042269943
-9999 -9999 -9999 -9999 -9999 -9999 -9999 -9999 -9999 -9999 -9999 -9999 -9999 -9999 -9999 -9999 -9999 -9999 -9999 -9999 -9999 -9999 -9999 -9999 -9999 -9999 -9999 13.210899661556 13.026224212469 13.0207871366105 13.0298173977183 13.0530181426668 13.0724723520698 13.0834643984439 13.0812445276445 13.092202732038 13.1115787480535 13.325258775236 13.4833980126435 13.5952074666232 13.4174744827277 13.2673060948774 13.2842135412675 13.2992252569259 13.4369742072871 13.5798354775378 13.5154988734314 13.3475037652507 13.3516489753504 13.6219014481785 13.8159410419571 13.7571522005564 13.6205070309489 13.6241963506096
-9999 -9999 -9999 -9999 -9999 -9999 -9999 -9999 -9999 -9999 -9999 -9999 -9999 -9999 -9999 -9999 -9999 -9999 -9999 -9999 -9999 -9999 -9999 -9999 -9999 -9999 -9999 13.2404904105948 13.0535356200845 13.052162181495 13.0610187429003 13.0843477969207 13.099477598162 13.1106152421354 13.1130099930281 13.1242684821157 13.1531739160457 13.2013991699912 13.3220094360738 13.4786166928435 13.5113213420212 13.3231038005099 13.315135942474 13.325516724011 13.3571908667372 13.5434472158047 13.5403218991471 13.3768038456147 13.3752264818807 13.6025813645493 13.8931684715365 13.8860930892821 13.8085647279945 13.7485114557468
-9999 -9999 -9999 -9999 -9999 -9999 -9999 -9999 -9999 -9999 -9999 -9999 -9999 -9999 -9999 -9999 -9999 -9999 -9999 -9999 -9999 -9999 -9999 -9999 -9999 -9999 -9999 13.2361205330655 13.1027376567323 13.0732623538891 13.0864119863153 13.1142754593713 13.1339318635264 13.1405708690996 13.1475368735269 13.1635576712975 13.1929504119991 13.2126557001901 13.2360600082234 13.3637916051499 13.5115783627586 13.49543330867 13.4195030610819 13.3830401288894 13.5003152346503 13.535539648699 13.5968559068856 13.4662024957701 13.4295607926601 13.6586428175803 13.7913470858044 14.0065039835845 14.0551923978824 13.9582465228813
-9999 -9999 -9999 -9999 -9999 -9999 -9999 -9999 -9999 -9999 -9999 -9999 -9999 -9999 -9999 -9999 -9999 -9999 -9999 -9999 -9999 -9999 -9999 -9999 -9999 -9999 -9999 13.2392316985843 13.2531834093697 13.1437415172054 13.1195743671422 13.1427532756356 13.1669024538549 13.177956303427 13.1848083285684 13.2009486775986 13.2307121753122 13.2414519660446 13.2698528422953 13.2878062189598 13.3136114478357 13.3564223343391 13.4119316452225 13.5702204431679 13.6353843585002 13.6781957634555 13.6653958458078 13.6791898088344 13.633983339164 13.7080773700473 13.8729788744571 14.0466532341135 13.9692938864923 14.0800181491429
-9999 -9999 -9999 -9999 -9999 -9999 -9999 -9999 -9999 -9999 -9999 -9999 -9999 -9999 -9999 -9999 -9999 -9999 -9999 -9999 -9999 -9999 -9999 -9999 -9999 -9999 -9999 -9999 13.2633048614573 13.2831271729021 13.1604092929296 13.183301272188 13.202607737582 13.2180726006447 13.2247626920115 13.2501969251694 13.2755021198271 13.2956880952653 13.3150544899818 13.3332632933229 13.3640372260332 13.3883688757791 13.4106398576302 13.6586542126947 13.6375669193624 13.739510192311 13.724203648933 13.7562601462133 13.8048244836233 13.8841440666275 13.981223857053 14.0624394363804 14.1333656690976 14.0982540935542
-9999 -9999 -9999 -9999 -9999 -9999 -9999 -9999 -9999 -9999 -9999 -9999 -9999 -9999 -9999 -9999 -9999 -9999 -9999 -9999 -9999 -9999 -9999 -9999 -9999 -9999 -9999 -9999 13.3043605752826 13.3141837675921 13.311579845083 13.2498752587834 13.2315754232261 13.2560371000572 13.2718051027599 13.2924963261844 13.3131310458817 13.3333622270022 13.3528319226419 13.375842885648 13.4020606774018 13.4264956313719 13.4441465394759 13.4640740824353 13.6574188569278 13.6033077394194 13.6710698768416 13.7850869076724 13.9414091177266 14.0283538907003 14.3644186828385 14.3658007907456 14.3978733975883 14.4037359697057
-9999 -9999 -9999 -9999 -9999 -9999 -9999 -9999 -9999 -9999 -9999 -9999 -9999 -9999 -9999 -9999 -9999 -9999 -9999 -9999 -9999 -9999 -9999 -9999 -9999 -9999 -9999 -9999 13.1877396364353 13.3523364616579 13.3864358800584 13.3754320470292 13.3328967229053 13.3148408746775 13.3115616352351 13.3366745904024 13.3524810028278 13.372633284736 13.4014410506066 13.4198454461739 13.4415000168375 13.4566825454197 13.4837511448882 13.5372054806891 13.5116110243716 13.530583670324 13.5464134594868 13.5496453448624 13.8498340413797 14.1341772458425 14.4150324554907 14.4354082768638 14.4412429767969 14.4653354391246
-9999 -9999 -9999 -9999 -9999 -9999 -9999 -9999 -9999 -9999 -9999 -9999 -9999 -9999 -9999 -9999 -9999 -9999 -9999 -9999 -9999 -9999 -9999 -9999 -9999 -9999 -9999 -9999 -9999 -9999 13.3888737917059 13.4144503710201 13.4226762976302 13.4088055856272 13.3485958727388 13.3686588048729 13.3935291014182 13.4088052310023 13.4281510028254 13.451179545128 13.4681533442631 13.4927347934618 13.5105248058398 13.5468835222726 13.5478355452261 13.5621139047588 13.5731988023422 13.5669522581558 13.8455710622267 14.2963512932327 14.4459486222549 14.4569189136855 14.4626978988525 14.4864908452901
-9999 -9999 -9999 -9999 -9999 -9999 -9999 -9999 -9999 -9999 -9999 -9999 -9999 -9999 -9999 -9999 -9999 -9999 -9999 -9999 -9999 -9999 -9999 -9999 -9999 -9999 -9999 -9999 -9999 -9999 -9999 -9999 13.4488762237371 13.4668313692753 13.3826351956123 13.4068976457155 13.4313803072951 13.466182170492 13.470153313258 13.4930627555759 13.5005872291254 13.5345586588396 13.5523831671853 13.5724647118375 13.5804306596094 13.590069927205 13.6058482248657 13.7091314778788 13.9855858237854 14.316084834546 14.4780126858507 14.4890435565249 14.4993996756915 14.5090431115218
-9999 -9999 -9999 -9999 -9999 -9999 -9999 -9999 -9999 -9999 -9999 -9999 -9999 -9999 -9999 -9999 -9999 -9999 -9999 -9999 -9999 -9999 -9999 -9999 -9999 -9999 -9999 -9999 -9999 -9999 -9999 -9999 13.4855685909738 13.5026960682141 13.4698708866099 13.4370671780101 13.4657672165752 13.4849958176698 13.5038150555367 13.5265238434843 13.5292015340236 13.5584649397649 13.5763042766927 13.5917586781094 13.6091872725557 13.6234630489196 13.634495207821 13.9495320274402 14.2894204110978 14.4854454604259 14.5065168174386 14.5222429100086 14.532516907106 14.5417317904218
