T2m/med_mese_clima/temp_med_03_2002-2019.txt
NCOLS 177 
NROWS 174 
XLLCORNER 1436301.375 
YLLCORNER 4916704.5 
CELLSIZE 1500 
NODATA_value -9999 
[rows 96 to 119 of 174, columns 54 to 107 of 177]
10.366216271315 9.95623864840318 9.30513487322667 9.01113424810114 8.98119197892049 8.95516374135201 8.92646657836826 8.90338817177626 8.89392262309021 8.8768251850484 8.86967267417723 8.87273447811398 8.87442398036656 8.90509442394976 8.91364786880543 8.92314815241451 8.94912805605973 8.9772219421683 9.006711791959 9.03899539432641 9.07752593476808 9.11683826816385 9.15154890618116 9.19380089430629 9.22305055698484 9.2559012644323 9.28084092655796 9.30383117687148 9.32451793562166 9.33847494713686 9.34577741866528 9.35093951848002 9.35438255813329 9.34825062033745 9.34597274666744 9.36079411424156 9.33953370831612 9.32683926018045 9.32376644900642 9.31668895389411 9.31890515400417 9.32495552880618 9.33547469304566 9.34690832394943 9.36565539392763 9.39180017630742 9.42910953262145 9.4693943922651 9.50660129008829 9.54980085439068 9.59072328020932 9.63791712846817 9.68290788907612 9.72846664235702
9.59209128324426 9.5944355588454 9.39888346121449 9.0303809901016 9.00497831315958 8.97845210895314 8.95171750627255 8.92812240717573 8.9132686571759 8.89813478063533 8.89050565162202 8.88604310441705 8.89204745688904 8.92008695883959 8.93060231894241 8.94435504802455 8.96540023221393 8.99314114050522 9.02450711043898 9.05862126353693 9.09228933457273 9.13121214014584 9.16988713706371 9.20512296427007 9.23822805901985 9.26839294263175 9.29923739013293 9.3151775494764 9.33312704694506 9.34863002147399 9.3574150243128 9.36190686231324 9.36465822733147 9.3599316722351 9.35268713638167 9.36486707267013 9.34689793429869 9.33134517417431 9.32545023249888 9.3238613544611 9.3190990737404 9.33060422089634 9.34037588615013 9.34907054452035 9.36513184601619 9.39853778678312 9.42929572503738 9.46902873088459 9.50372399538846 9.55021638787922 9.59246596514183 9.63916610268637 9.68192807172475 9.73262685231436
9.13470552360437 9.11288184430601 9.24075546370504 9.21559072638354 9.03525130753887 9.00837580584446 8.98131621041106 8.95496531428311 8.93733931618952 8.91947962159448 8.90914592123544 8.90199389758564 8.90768197108126 8.94005662324103 8.95247762570497 8.96349601969317 8.9841331519093 9.01367337055407 9.04454858004807 9.07590852927868 9.11128250649959 9.14741879999117 9.18330343753911 9.22234937664529 9.25483948889005 9.28437916175577 9.31028866168966 9.32988876467754 9.3471876118197 9.36202738316827 9.36584577568992 9.3696756053994 9.37392093149005 9.3727491956519 9.36266115337733 9.3820804642181 9.35969295414001 9.33694164513874 9.33234365903629 9.32573340385024 9.32428296336384 9.33492283122729 9.35187768806946 9.35757875941068 9.37056948029773 9.39904902955143 9.43255505075045 9.46540761353418 9.50113219889818 9.54463496397364 9.58969582955987 9.63552331209456 9.6847134969422 9.72907740086524
9.15639812987582 9.13214428639188 9.25472659897271 9.07787459319573 9.05457026415421 9.02765362389578 9.00052294240061 8.97888493923539 8.9538657150894 8.94059834801635 8.93476957584236 8.92964390653822 8.95827987647007 8.95990290302765 8.96958793021401 8.98470545047778 9.00707639652139 9.03376544360576 9.06402058311997 9.09470978225653 9.13388531106541 9.16482947622204 9.19776967054642 9.23835310854172 9.26790517168719 9.2967277855576 9.32192873427463 9.34081036383383 9.35742538386742 9.36943820978338 9.35942788220047 9.36263922481006 9.38803458583652 9.38405079218813 9.3710768200016 9.38768634372727 9.36037795048367 9.34310796260231 9.3398205440835 9.33439735554792 9.32987219690759 9.33748258418853 9.35114725204611 9.35782451531772 9.36967612949407 9.39671865536678 9.42696706339779 9.46408986896865 9.49653369933299 9.53500124938486 9.57870216423955 9.62850840303448 9.67457296458617 9.72127652384799
9.1810763879848 9.15457551636762 9.12423423254851 9.0958452405277 9.07271776172958 9.05324953861564 9.02373000179078 9.00207747103899 8.98178398155733 8.96116719327087 8.95274253116897 8.95441175434227 8.98001667965381 8.98148341627455 8.98832655962023 9.00746411146082 9.0314605518279 9.05512467249595 9.08459186234636 9.10086766982489 9.15053323073284 9.18508110329104 9.21935899635024 9.25463735002564 9.28554142375274 9.31130535379922 9.33570408916742 9.35380030239371 9.36968493574395 9.38100266739282 9.36359573271618 9.37939406149502 9.39543467578227 9.38442172420234 9.39597960692477 9.39880924286557 9.36720387008556 9.34933136302641 9.34726837524533 9.34091482228484 9.33546250222424 9.33767831096386 9.35010192221661 9.36524768397632 9.37373827391733 9.39338403255765 9.41826446114046 9.45193258732916 9.49200470551389 9.52865985017513 9.57236825427589 9.61679940126171 9.66110559701419 9.70610795303777
9.20103487997599 9.17261680556588 9.14524338159394 9.11972301548252 9.09202701002462 9.06794598839328 9.04590384946945 9.02433823879769 9.00403219114784 8.98807650596128 8.97937192453038 8.97595489257373 9.0009711546466 9.00627775652547 9.01492711853212 9.03100147817934 9.05619124610624 9.0790742495296 9.10542198790434 9.12770548716276 9.15599375317361 9.19856466674171 9.23603663043058 9.26805357400261 9.29797780109612 9.32712247433931 9.34853252087061 9.36382730928365 9.38312409402925 9.39164648897907 9.39779330770124 9.39101905695212 9.40195073692588 9.39678140389415 9.40917242707277 9.40153980523556 9.37546038361178 9.3590731110006 9.3519148126209 9.34667314814448 9.34015286566507 9.33919945559206 9.34241630883418 9.36018662502729 9.37100623767635 9.38894288331073 9.41200023266325 9.44378525309268 9.47962989729613 9.51608670256897 9.55915840174615 9.5982693204438 9.64230940930896 9.68705910177221
9.22386674137929 9.19865252943863 9.16946922206921 9.14450534181928 9.11485107879208 9.09354755451362 9.07409104514513 9.04550081064222 9.02757496426581 9.01619990671285 9.00486696776351 8.99870585151551 9.00492906442755 9.03422178733262 9.03988073732062 9.05286707931877 9.07271437477652 9.10098429676871 9.12615346465073 9.15818536615789 9.18544440287668 9.20465074760071 9.2624690288385 9.28478126486771 9.30722286612569 9.34166140319287 9.35997254525354 9.37645719737382 9.38657408341159 9.40066961809891 9.40408406769614 9.40333726679548 9.40508236277951 9.40358322985206 9.42075159725694 9.40501801460948 9.38068793594264 9.36359179932603 9.3515736607478 9.34956882625838 9.34607112062555 9.33783062831396 9.34372492809065 9.35404937145153 9.36873917551014 9.37931588324146 9.40409571675011 9.43166788553042 9.46873292343136 9.49951718655364 9.54029240066725 9.58351708771568 9.62195988244197 9.66441447293019
9.24464457515997 9.22279998545733 9.19687964827561 9.17016205823948 9.14352022287702 9.12019658230458 9.10098562492662 9.07493496393155 9.05229521147815 9.04074748715503 9.02909291788207 9.02242606352931 9.03494954178517 9.0584259967851 9.06529769493743 9.07500109959496 9.09579245262182 9.12273436977434 9.14435501772898 9.17494956040239 9.20716935890681 9.22728250073287 9.25150024523953 9.28312554780013 9.31702827403748 9.35031975237369 9.37178062836615 9.38518740786034 9.3986694118664 9.40573443848967 9.40852097234609 9.40933201990077 9.4106289438048 9.40872175957272 9.41361553672507 9.41429376995294 9.38602744898771 9.36471084145624 9.35613004893496 9.34302126991498 9.34454043585703 9.34120387809128 9.33984709142056 9.34826055346562 9.36123304534733 9.37536245914986 9.39429204033926 9.41612577176525 9.44404571703924 9.4825849200925 9.51751983608299 9.56139482258498 9.59739093077527 9.63579081888253
9.27078528858758 9.24511280768892 9.22258528603134 9.19669626441026 9.16831764719937 9.14310821606304 9.12658765930928 9.11012024729224 9.08041741926595 9.06862613625521 9.0565435506144 9.0515672486353 9.05163259247058 9.05451140711073 9.08656653953575 9.09712765735129 9.11646228521189 9.13968518259454 9.16398789182097 9.19866916632792 9.22309426926449 9.23546629441226 9.26233254988132 9.29242587605368 9.31640913391938 9.36453646577163 9.3729778400379 9.39171863170534 9.40432951231059 9.41277244617246 9.41706054480274 9.41737489339714 9.40984418582248 9.4076092342284 9.39863787134772 9.39743489127797 9.40402934235664 9.39906403026616 9.35858918228832 9.34111112157058 9.335756198212 9.33691404073368 9.33235782118275 9.34475663655078 9.34868654888402 9.36086896388848 9.37943430754542 9.39716949891507 9.42783531154863 9.45868909907733 9.49604948544113 9.53231365118245 9.56728288529617 9.60760977059766
9.29497248889594 9.2681093949757 9.24183340505893 9.22167136857673 9.19878845669495 9.17412797674996 9.15324301383416 9.13689835061161 9.11183689554705 9.09274533192431 9.08244359275416 9.08565269143021 9.07575871364353 9.07974042903974 9.10986145510818 9.12103499240168 9.13849580180007 9.15974064661643 9.1801746090172 9.20897206614948 9.23740682410649 9.24414408832449 9.271326447963 9.29757594844141 9.31997442896549 9.34631609560525 9.37581173007895 9.3913480204503 9.40305263837896 9.40882035952112 9.41253114184751 9.41240176096436 9.40875157073476 9.39781062956459 9.392839752461 9.38568536221968 9.38321397416515 9.37838930639786 9.37718662368751 9.36140017432637 9.33847161697918 9.33294537146942 9.32520660363283 9.32692614334361 9.33646937900625 9.35210710915346 9.36665644269734 9.38547949494003 9.41007115416478 9.43983472196408 9.46607143819647 9.51515675452249 9.53656513127062 9.57125348561277
9.31490215446432 9.29663225227958 9.27863911231669 9.24759082427552 9.22317516263876 9.20379962443131 9.18325013334792 9.16234240446146 9.14629757158871 9.12234029311056 9.10906410526292 9.10467606733487 9.1002562565292 9.10053972959536 9.10762346498187 9.13418020426086 9.15381896559312 9.17893481956333 9.19132505195304 9.21991966868018 9.2501300910104 9.27918354050225 9.28046374743502 9.30481253948486 9.32334110251057 9.34599342649438 9.38174101202218 9.39222218131525 9.39908734638395 9.40410142380373 9.40318192163177 9.40670797023243 9.40084170263281 9.39587859797144 9.38847812627723 9.38313719565063 9.37090797661218 9.35451116479406 9.35005081554292 9.35366395162583 9.35336494990315 9.34149890171569 9.32212604041849 9.32234835485082 9.32648015851833 9.33836793821868 9.3489218898097 9.36880738189117 9.38743698253895 9.41602251994936 9.44432219944342 9.48427552688538 9.50894362919221 9.53779121296553
9.3402995117771 9.32580801373609 9.30438472069656 9.27449939411621 9.25559738609376 9.22984552062749 9.20963861619125 9.18650560179353 9.16579236331226 9.15042630698598 9.13635613582961 9.12401065659597 9.12280893401069 9.12360841182127 9.12884095042458 9.13835331360471 9.15184473258917 9.17102043708207 9.20921843010439 9.22949425623606 9.25925523112299 9.28568927400534 9.31222305053368 9.3326541661951 9.34989605645533 9.3474266201432 9.3753246396304 9.38457963754558 9.40406890603128 9.40441834837133 9.39922599966265 9.39637087384661 9.39222055480852 9.38327160924382 9.3758381609442 9.36663021642434 9.35630069253693 9.34363392249297 9.33704450478412 9.32571076312535 9.31799482562124 9.31638597826075 9.31193854486639 9.31773079579407 9.32534123985421 9.32477048618369 9.33667371996467 9.34906063359591 9.36843941770801 9.38948884531149 9.41505868510799 9.44927675604098 9.47415903155354 9.50176959879127
9.36870101648059 9.35109137218269 9.33339299405544 9.30241481652588 9.2820903837568 9.25699126672199 9.24169233027533 9.21859497103495 9.19759611446475 9.17932892393616 9.16856114946462 9.15725544069162 9.14994454939899 9.14891398509045 9.15207307067431 9.15719221023848 9.16823977976725 9.18482943560465 9.20224511652391 9.23579650089543 9.25900475154407 9.28678835020367 9.31632405371935 9.33451982282958 9.35153381553106 9.36673369784055 9.3663844628455 9.37239253433258 9.38888368776006 9.40011874106252 9.40019801238717 9.3969938755095 9.37711321627006 9.37200440945992 9.36655644548588 9.35549117547039 9.34716437510362 9.33642186513896 9.32587201234912 9.3142619259613 9.311680009955 9.30189049999247 9.32417578735398 9.32330821770427 9.32244206939405 9.32023316950785 9.31826142273347 9.3300682308066 9.34699154768176 9.36378810542721 9.38989869638299 9.41182817595279 9.44179269620846 9.46519781174543
9.39315529357321 9.37494845384571 9.35872982513691 9.34053505724569 9.31196452080793 9.28980951970857 9.27020921713686 9.24711186085184 9.22576350533399 9.21309441913922 9.19912657585006 9.18642735558578 9.17530908470147 9.17644724708443 9.17104032321518 9.17577099089826 9.18623997463447 9.19792207771859 9.210364569004 9.22933276868588 9.25161116965738 9.28075998105537 9.31498516930377 9.32898336420958 9.34921489749815 9.36428624445078 9.37546894887745 9.36555845845106 9.36928591307325 9.39093371506895 9.38879327619505 9.3834563652153 9.34872271188147 9.36222476126341 9.35884348333529 9.34988601792239 9.33784561464207 9.32721606745754 9.3184652614831 9.29912557676045 9.29802165769549 9.28943475819662 9.28498361258773 9.2832899280505 9.28988772075663 9.30118965629399 9.30903208306929 9.31698527225737 9.32334741555123 9.33929582665611 9.35793456041416 9.38506813020325 9.41068912907275 9.42996303155634
9.42069652615245 9.40431484414876 9.38507157798398 9.37463918166158 9.34516418821967 9.32363807677535 9.29981502117388 9.28292743987053 9.26114714847257 9.24344600686088 9.2365991416298 9.21405409563356 9.20317064055299 9.19999393845308 9.19632796724116 9.1983608278294 9.20177258531409 9.21044628079679 9.21982536363034 9.23551432820196 9.25279701655285 9.27316379563382 9.30313773154578 9.31816327148764 9.341421204181 9.35795177640131 9.36566091282494 9.37467134879386 9.35913122041198 9.3628483595931 9.37316874014749 9.38029108075908 9.35529436293233 9.35026091024937 9.34512109132273 9.33641821996515 9.32464098376851 9.31229375604743 9.30174438819595 9.28817216441716 9.2846856780484 9.27389158335999 9.26878331475087 9.26793285854021 9.266355663293 9.27129133738094 9.27759302672203 9.3049758174489 9.30747353464187 9.32894678128864 9.33073872833036 9.3506477147136 9.38451434573051 9.39662691649584
9.44442199512677 9.42545149905057 9.41016152714444 9.3990516766921 9.38332936676797 9.36641865247095 9.33875286768501 9.31345601622561 9.29530632228344 9.28080033081685 9.2720624144349 9.25428688757368 9.23146181044748 9.22796630560065 9.22169302145358 9.21469039360482 9.22107393086169 9.22449530755032 9.2325287929695 9.24286345154463 9.25119457506266 9.26649945352748 9.27676284068635 9.29094495596688 9.32495970900434 9.34115509040881 9.35230595028413 9.35798519705124 9.35606182982743 9.34990292568256 9.35198686141704 9.35335512321992 9.35592464102419 9.33638821848227 9.32758620779539 9.32087234811647 9.30944083508018 9.2956064709404 9.28891022941279 9.27723331476151 9.26651265518992 9.26081792345133 9.25340338520886 9.25179363107607 9.24740822945329 9.2475656709114 9.2558266565141 9.26504360629571 9.28522550799746 9.30133451968568 9.31190526931838 9.33550433118673 9.33914154368753 9.36878220671016
9.46892868781815 9.46946219909201 9.44514297459348 9.42868053588912 9.4118936763918 9.39357501349545 9.37237887500388 9.34903167955801 9.32624420441952 9.30666695494977 9.28883530849046 9.27525167545276 9.26024786377168 9.25390240693161 9.23913194166642 9.23901178664032 9.23808017404625 9.23443573356213 9.24092875337167 9.24406826643244 9.25282465773114 9.26295743532196 9.27394923115035 9.28336017234405 9.31629358133373 9.32663093004789 9.33923278741567 9.34509456230302 9.34909153377385 9.33497589288612 9.33823519327807 9.34287785077522 9.33271072761013 9.32232557960427 9.31198215656816 9.30201834241113 9.29100118155069 9.27937629908812 9.27122172559104 9.25615829614528 9.24911431394501 9.24330190797845 9.23552961170092 9.22976967324273 9.22984972389856 9.23063712280475 9.23229302465815 9.23995899174045 9.25021082356358 9.25967595637429 9.27791166140567 9.29007334630655 9.31337859884038 9.33466395548462
9.49859668120422 9.49661218058983 9.48048346936185 9.46122208366876 9.44346844251943 9.42379206517704 9.40288089577153 9.38342889720142 9.36008109062565 9.33351272117564 9.31026570614701 9.29480680068016 9.28758466387849 9.27662074451123 9.26292904782971 9.25763304221022 9.24968450918708 9.24634657499091 9.24927953204774 9.25263964363286 9.25417101439196 9.26092306905301 9.26682110247426 9.27515093974697 9.28545208852637 9.29155869077573 9.3077578999511 9.32769220005842 9.33377716410728 9.33814144639397 9.32856057719227 9.3273646906397 9.30828938346507 9.30706292787695 9.29700624531985 9.28563232880663 9.2750788238468 9.26573938770476 9.25619979375626 9.24506924966301 9.23278024322635 9.22517601160615 9.22079309070271 9.21278514350229 9.20862663100295 9.21019503932659 9.210678825755 9.21530310951119 9.22068811683875 9.23007923557937 9.24163281770177 9.25511577879847 9.27342443773153 9.29294053991717
9.52655965422234 9.52038613887734 9.51018415250402 9.49845894687271 9.4857496689122 9.46873000374313 9.43822413484019 9.41268538686615 9.39272147298134 9.35933958546481 9.32625599509266 9.27737102230104 9.30375042121339 9.30176082368487 9.29244091355111 9.27124012578712 9.26357404632229 9.26403043244779 9.25599956941761 9.25387659052848 9.25370214542416 9.25883812590134 9.2595875813384 9.26483907978626 9.27231945091047 9.27405157168565 9.28818199581738 9.29759839923296 9.30927633957625 9.31427514493159 9.30914699390481 9.30581690545023 9.29030027475159 9.28910441966315 9.28463433367144 9.26482055651947 9.25476259120586 9.24958972956687 9.23690512466937 9.22618892394114 9.2141856891922 9.20490539569177 9.20047657425927 9.19218922271523 9.19103072663772 9.19349411877291 9.19298925343148 9.19472457770742 9.19705158557097 9.20490163241081 9.21315272782328 9.22652733014963 9.24147523571426 9.24970426928801
9.55674248284517 9.5527191675496 9.54238915170608 9.52822321426267 9.5127129698386 9.50030066671757 9.47609323218054 9.44855571766562 9.42026546677114 9.39761924026498 9.36964275419201 9.31136003155645 9.27480876971976 9.30490490375936 9.31338354636518 9.29092053831395 9.27803591568485 9.26941540307812 9.26864433221357 9.25923484300441 9.25361292944836 9.2533521414436 9.25631967295683 9.25471752263498 9.25743978272753 9.25850650511781 9.26685106494463 9.26905979346628 9.28293522293165 9.28676464649713 9.28599943416695 9.28220315672519 9.2718558764383 9.25820130172982 9.25768474247464 9.24357883922076 9.23402976948586 9.22394724861467 9.21545194479264 9.21053987806368 9.19724125100702 9.18638175746268 9.18022795004957 9.177068692697 9.17205201233318 9.17398759060351 9.17100526117206 9.17177444133431 9.17461760514761 9.18116093863646 9.18464632243017 9.19981008615491 9.20992205575343 9.22296880859208
9.5949261096245 9.58521492867923 9.57485921456512 9.56226887793962 9.54601556525776 9.52855494098708 9.51049297263523 9.4886493413564 9.4561279307491 9.44192600262562 9.41450706247861 9.3876408524513 9.35613644500783 9.25697103867823 9.18126542673017 9.30210999992127 9.30732480382243 9.28452850107267 9.27466155082894 9.2634152640108 9.25598619094892 9.25035248947132 9.24990597102209 9.24700343173719 9.24495754798564 9.24716574055912 9.24944805440419 9.2479712488654 9.24959264307709 9.26461120047293 9.26815112393327 9.26039175944141 9.2480866132722 9.23445700175634 9.23591059943089 9.23107484798392 9.21505398776775 9.20554009618417 9.19580017917415 9.18961399115599 9.18026743036317 9.17156246155021 9.16377728315617 9.1589069618465 9.15717738280025 9.1553066622923 9.15344765144261 9.15343552847623 9.15531724036242 9.15907168157224 9.16629946725924 9.17352243848301 9.18225417704264 9.19718412673117
9.63031620878755 9.61760669049036 9.60731831372639 9.59256696155896 9.5794484990696 9.5628118674264 9.54323072925053 9.52861099179449 9.49963776520106 9.47318764153105 9.44630232276503 9.42142840241618 9.4170724537197 9.37380599974049 9.34863751833622 9.33215676254821 9.31427523049214 9.31203260285962 9.29688278860919 9.29211426842257 9.26098379421318 9.25726989760328 9.24619504463359 9.24549779364974 9.23887305732938 9.23287470684032 9.23455753946985 9.22937395674933 9.22760036851117 9.22199031971577 9.24223937734442 9.23906132649915 9.23686846950662 9.23391163292416 9.22668878893851 9.21875635733817 9.21024683028646 9.18724910186335 9.18162138099473 9.16724405399314 9.15667068063695 9.15190248129813 9.14442053089234 9.13971351244497 9.13624112666522 9.134182112658 9.13195219240978 9.13311228682661 9.13596793127326 9.14222785853102 9.1450565058934 9.15283420643136 9.16203270348589 9.17242260623737
9.66828275208812 9.66529438120411 9.65549080692531 9.6301414159031 9.61640010294135 9.61610947102619 9.59673513276376 9.55773095979127 9.54548384453295 9.530866793728 9.50124560839645 9.47592186739361 9.446339321149 9.40956316880732 9.39451235116942 9.37153413978033 9.35038926115815 9.32967241114777 9.31105348691348 9.29942425643281 9.26693718876386 9.25614352948622 9.25036410710071 9.25462820791534 9.23003268211856 9.22669168143303 9.22074833810883 9.2170649978303 9.21190270739604 9.20322912485537 9.19965144270366 9.2099476320627 9.21428227341445 9.20773534247215 9.20238877408327 9.19652683056067 9.19192955326374 9.18356741442202 9.17504490568625 9.16308275129356 9.15306283163642 9.22284788478809 9.26809717607339 9.19067563996416 9.11981831864687 9.12121224011121 9.11875531223357 9.11607643814993 9.11840954137372 9.12401582786403 9.12772635341448 9.13122242958017 9.1427429069179 9.15047269921429
9.69157884857194 9.69596747914419 9.69320498144474 9.68531524788134 9.67269820589281 9.6558546575535 9.63678666405137 9.61313030353409 9.58992573931273 9.56338630633417 9.534121170786 9.50124994456042 9.47421485835433 9.4446373093039 9.420480857869 9.39308721443557 9.36727204234719 9.35243891270185 9.32285352398968 9.3045285678838 9.28832285564549 9.27566895673579 9.26184509536833 9.24977325002896 9.23925172205981 9.23004954469472 9.21345350453695 9.20779765955223 9.20275118802453 9.20145580418095 9.19177378221661 9.18185186250791 9.18410519618987 9.18780245706218 9.18425076007423 9.17518033827565 9.17273577005153 9.1718624093711 9.15523815879703 9.14736415795398 9.13972098312555 9.19609864055893 9.22443794207328 9.15914771169269 9.10637332835133 9.10614119853931 9.10364127810084 9.10249671878639 9.10449766368776 9.10956629492157 9.11099282913071 9.1171368266175 9.12453445472054 9.13306381266899
