T2m/med_mese_clima/temp_med_10_2002-2019.txt
NCOLS 177 
NROWS 174 
XLLCORNER 1436301.375 
YLLCORNER 4916704.5 
CELLSIZE 1500 
NODATA_value -9999 
[rows 72 to 95 of 174, columns 0 to 53 of 177]
-9999 -9999 -9999 -9999 -9999 -9999 -9999 -9999 -9999 -9999 -9999 -9999 -9999 -9999 -9999 -9999 -9999 -9999 -9999 -9999 13.3549415968393 13.3734448193745 13.3381598773401 12.9565004537842 13.1954273607688 12.5185608136845 13.264722502368 13.3336668663594 13.2295431751045 12.868488361107 13.2149205017415 13.0915953474085 13.078062470416 13.0876432557205 12.7608837354888 13.0196547716488 13.0364209018395 12.9364807678502 12.8644523027272 12.8147247933518 12.7075047220368 12.8832690907665 13.1530604831276 13.2831438026678 13.3396439877051 13.4513155957707 13.3892013617688 13.5073477837774 13.3042447006951 12.8786260752076 12.794185291003 12.9211936699939 13.0778871300136 13.3754515546891
-9999 -9999 -9999 -9999 -9999 -9999 -9999 -9999 -9999 -9999 -9999 -9999 -9999 -9999 -9999 -9999 -9999 -9999 -9999 -9999 13.3173622730867 13.3494533829391 13.0638097438685 13.0336629794359 13.163277364982 12.99935089889 13.2875527918753 12.8583337216211 13.0254145886335 13.1599242858088 13.0180336737108 12.8567586978876 12.9886518192098 12.8857451594673 12.8689253499059 13.0014707530274 13.1879750542688 13.0538925145373 12.8732725169739 12.9023070583327 12.7727486741787 12.8818534324222 13.1588089809695 13.2120802663313 13.2633512781174 13.2985835080621 13.2002757377141 13.4959337548111 13.3485555576322 13.1927846271407 12.9994110996524 13.0361598400514 13.0448225127556 13.3395695530706
-9999 -9999 -9999 -9999 -9999 -9999 -9999 -9999 -9999 -9999 -9999 -9999 -9999 -9999 -9999 -9999 -9999 -9999 -9999 -9999 -9999 13.3179669170479 13.176687269851 13.0011000213498 13.2039491413681 13.1826231284937 13.1617280616833 12.900563304351 13.1502960901756 13.2237990229553 13.1707709474112 12.7642308495508 12.8951104716294 12.957111435218 12.8511580804259 13.0824686291171 13.3258615007914 13.0829944740739 12.9903125963576 12.9512434167948 12.9193450187114 12.9433389457518 13.0508307828833 13.2053517148129 13.2118469953859 13.095957194862 13.2190487189977 13.3038015967074 13.2157646326371 13.2267878751857 13.1156474816532 13.1660911003978 13.1297744951084 13.0488929865215
-9999 -9999 -9999 -9999 -9999 -9999 -9999 -9999 -9999 -9999 -9999 -9999 -9999 -9999 -9999 -9999 -9999 -9999 -9999 -9999 -9999 13.2866830373654 13.3096047230313 13.3282953928607 13.2690787649685 13.2397510430209 13.1199566180835 13.1135200613707 13.2002959801629 13.1728112005367 13.2042365974091 12.9092172940871 13.0598955017081 13.1320542462466 12.939410864075 12.9433379321733 13.2745624457762 13.1553449157924 13.0020611206903 13.0177298872582 13.0627584649089 13.1180055070048 13.0523715101987 13.1030746889496 13.1794027209259 13.137971201293 13.1740890736887 13.1257263164576 13.273576831882 13.1730945636645 13.2953356530057 13.183703048725 13.1428920288053 13.3147090998191
-9999 -9999 -9999 -9999 -9999 -9999 -9999 -9999 -9999 -9999 -9999 -9999 -9999 -9999 -9999 -9999 -9999 -9999 -9999 -9999 -9999 -9999 -9999 -9999 13.2044345660717 13.1835037538864 13.0722678937218 13.1687437925647 13.1300283074641 13.1794109146887 13.106660879212 13.0388511730374 13.13885951701 13.1458702762493 13.0067996900365 13.0994553661661 13.1946893278762 13.1939677170552 13.0619283115658 13.0642589675475 13.1322135110409 13.185469028141 13.1197412893647 13.1488824737523 13.163242161474 13.3302982573409 13.1612016108646 13.1910204858945 13.4322657695661 13.3628668885494 13.1544554168634 13.2816421401768 13.3261738579352 13.3510463281178
-9999 -9999 -9999 -9999 -9999 -9999 -9999 -9999 -9999 -9999 -9999 -9999 -9999 -9999 -9999 -9999 -9999 -9999 -9999 -9999 -9999 -9999 -9999 -9999 13.181475192052 13.0168668471998 13.1108334422278 13.173052167559 13.0092362690547 13.0448631831003 13.1100248500021 13.0594618397607 13.2361532738372 13.1390049743859 13.0468792610434 13.157750450033 13.2406751852172 13.2247619004578 13.2234911748345 13.2073737094054 13.2248964326905 13.2325153303997 13.2064756725598 13.2163853036728 13.196787376588 13.3501084470478 13.2582008657586 13.2423459395835 13.549320565532 13.3211780023566 13.296540803591 13.3380994661447 13.4885638097915 13.4401473159172
-9999 -9999 -9999 -9999 -9999 -9999 -9999 -9999 -9999 -9999 -9999 -9999 -9999 -9999 -9999 -9999 -9999 -9999 -9999 -9999 -9999 -9999 -9999 -9999 13.0895523100617 13.1204040733272 13.1642736399773 13.0326135017379 13.0484415069611 13.0601556991428 13.1225044758515 13.116455152135 13.318420027738 13.2619461422121 13.0779769862548 13.1883528947436 13.3426281175415 13.2234105221465 13.2350428925897 13.2711028449328 13.305960834617 13.2753276416897 13.281944877156 13.2874484048481 13.3059353434262 13.3965806285885 13.3180956670302 13.2974307251703 13.3350069538104 13.4180275232152 13.3080702689051 13.4089320849213 13.5518205873267 13.6804415901617
-9999 -9999 -9999 -9999 -9999 -9999 -9999 -9999 -9999 -9999 -9999 -9999 -9999 -9999 -9999 -9999 -9999 -9999 -9999 -9999 -9999 -9999 -9999 -9999 13.0637963907989 13.1950830963026 13.1331497825602 13.096733996782 13.1114157717807 13.0983806442544 13.1007708840923 13.2529525257038 13.4112091893163 13.3032396075546 13.3424852874932 13.3153181715906 13.3841073030589 13.2601918234622 13.2885203250017 13.3036856217175 13.346326967394 13.3213666771123 13.3365522872723 13.3419652780716 13.3506257984725 13.3806814815084 13.3566136034585 13.3359761190026 13.3378637503361 13.4874524400512 13.4709778023861 13.5369669990309 13.5790379489197 13.6053839600789
-9999 -9999 -9999 -9999 -9999 -9999 -9999 -9999 -9999 -9999 -9999 -9999 -9999 -9999 -9999 -9999 -9999 -9999 -9999 -9999 -9999 -9999 -9999 -9999 -9999 -9999 13.2027621921712 13.1501072129539 13.1335336048409 13.1359777210144 13.2761509236661 13.3943223466482 13.4429111405348 13.3856828316293 13.360098359774 13.2968552320543 13.2843839735366 13.266447000732 13.2748539852354 13.3015380486245 13.3472813233299 13.3759644343949 13.3657591880628 13.3620371688004 13.3740028058846 13.3850366845297 13.3909527544432 13.3472279148234 13.3836081293032 13.5678990731952 13.5896811662943 13.5599159818378 13.6460847983789 13.5764465757467
-9999 -9999 -9999 -9999 -9999 -9999 -9999 -9999 -9999 -9999 -9999 -9999 -9999 -9999 -9999 -9999 -9999 -9999 -9999 -9999 -9999 -9999 -9999 -9999 -9999 -9999 13.3037638074937 13.1115914928089 13.1550563156494 13.1925004944274 13.1920156743729 13.4638479866363 13.4428731472554 13.374199378917 13.2381410178579 13.2486334824704 13.3866852167396 13.4092697325301 13.2954947531593 13.3140302793111 13.3632184269213 13.383056797704 13.3972005263336 13.3886424599161 13.3910426709226 13.3964298621523 13.4008281648426 13.3603699830533 13.376722439267 13.5116590602456 13.7987653446499 13.7322788680904 13.6633273406502 13.6108549681771
-9999 -9999 -9999 -9999 -9999 -9999 -9999 -9999 -9999 -9999 -9999 -9999 -9999 -9999 -9999 -9999 -9999 -9999 -9999 -9999 -9999 -9999 -9999 -9999 -9999 13.3148693112627 13.2755325509419 13.1215285968156 13.1600948741316 13.2024102567301 13.2360899548107 13.3817236438555 13.3731368447844 13.2567118958442 13.2626908372205 13.4013260787974 13.4190600889114 13.5325105600832 13.3340746121359 13.3450029647604 13.3904935416955 13.4102034859719 13.4325838589153 13.4794647700947 13.5778323342674 13.5652805236286 13.4273953402929 13.4250976323348 13.4176731448201 13.560753846894 13.7700216421894 13.6168118634873 13.6289902501567 13.6738517915801
-9999 -9999 -9999 -9999 -9999 -9999 -9999 -9999 -9999 -9999 -9999 -9999 -9999 -9999 -9999 -9999 -9999 -9999 -9999 -9999 -9999 -9999 -9999 -9999 -9999 13.29204919172 13.3497501078407 13.2139848567105 13.1896128648872 13.201152272803 13.2377752017908 13.25922387251 13.2759758074805 13.2840027690149 13.4521511037926 13.545671066221 13.5118932946469 13.5691818781004 13.5012528772667 13.3631455953579 13.3921406174093 13.4196104830035 13.4454841726485 13.5885082111713 13.6135829054676 13.6063589125837 13.444108267794 13.4221484844814 13.4217777091213 13.611588319813 13.6750056583457 13.6629817308596 13.6787249304003 13.6691339592488
-9999 -9999 -9999 -9999 -9999 -9999 -9999 -9999 -9999 -9999 -9999 -9999 -9999 -9999 -9999 -9999 -9999 -9999 -9999 -9999 -9999 -9999 -9999 -9999 -9999 -9999 13.3338880349381 13.334325634521 13.2045591525404 13.2133567516412 13.2547628027299 13.2771558379927 13.2835032408554 13.3072324799965 13.4968016338949 13.5726794522202 13.5909553315709 13.6501415891613 13.7163889672837 13.6050475285311 13.5473024928551 13.4531884456007 13.465606465765 13.4932088648106 13.6677099240116 13.6471379767425 13.5382928858022 13.4626995053913 13.469560402431 13.703258011401 13.7667082601543 13.7206071630047 13.6992482922161 13.7193199005196
-9999 -9999 -9999 -9999 -9999 -9999 -9999 -9999 -9999 -9999 -9999 -9999 -9999 -9999 -9999 -9999 -9999 -9999 -9999 -9999 -9999 -9999 -9999 -9999 -9999 -9999 -9999 13.3687083769503 13.2219595923106 13.2501104491642 13.2704728543684 13.2975491593363 13.3084211108792 13.3291676909114 13.451498597163 13.4700757103374 13.5015330797694 13.5458908043641 13.7901086022954 13.7308179984824 13.590024027452 13.4723552148404 13.4968995467544 13.5106118063776 13.5584372374471 13.5608051407588 13.5041176002418 13.5013896300262 13.501940381032 13.744727325547 13.8738040547907 13.7537207601402 13.6924569750394 13.7295595637888
-9999 -9999 -9999 -9999 -9999 -9999 -9999 -9999 -9999 -9999 -9999 -9999 -9999 -9999 -9999 -9999 -9999 -9999 -9999 -9999 -9999 -9999 -9999 -9999 -9999 -9999 -9999 13.4015592223692 13.2603018253766 13.2708098178476 13.2920343853691 13.3238336339934 13.3508087442278 13.3686291857479 13.3728386726558 13.3864925790199 13.4055973142845 13.5638082096544 13.6627059970729 13.772324426271 13.6467521511461 13.5275299457998 13.5346530284961 13.5390633568944 13.6520636807032 13.7441293805451 13.694007457764 13.5425756055459 13.5370520999402 13.7571731132191 13.9507535254433 13.870797379803 13.754734778399 13.7564641585699
-9999 -9999 -9999 -9999 -9999 -9999 -9999 -9999 -9999 -9999 -9999 -9999 -9999 -9999 -9999 -9999 -9999 -9999 -9999 -9999 -9999 -9999 -9999 -9999 -9999 -9999 -9999 13.4242351829257 13.2818783847473 13.2969833699167 13.3190929497426 13.3518154586102 13.3757733269462 13.3943006404233 13.4030561817419 13.4172821003836 13.4448876069824 13.4862908690925 13.5887513536788 13.668474442498 13.7085987114118 13.5763631689391 13.5615759463952 13.5610643497194 13.5794129760357 13.7375103680385 13.7250449808861 13.5644884827096 13.5529912869067 13.7547229383195 14.0404242306557 14.026919065041 13.9259094487858 13.8552480575249
-9999 -9999 -9999 -9999 -9999 -9999 -9999 -9999 -9999 -9999 -9999 -9999 -9999 -9999 -9999 -9999 -9999 -9999 -9999 -9999 -9999 -9999 -9999 -9999 -9999 -9999 -9999 13.4162180320435 13.3206181267836 13.3131754810649 13.3398674176529 13.3772750256658 13.4058486283178 13.4211500924121 13.434434214454 13.4532018871939 13.4813642384215 13.4988330244564 13.5173947080901 13.6247217819451 13.7273378188574 13.7273677218004 13.6536929510206 13.611489689041 13.7068562684029 13.7286021320105 13.7756344143002 13.6425638014077 13.5979975592903 13.8032733706122 13.8977243726584 14.1870691769837 14.2777855032848 14.1159566314408
-9999 -9999 -9999 -9999 -9999 -9999 -9999 -9999 -9999 -9999 -9999 -9999 -9999 -9999 -9999 -9999 -9999 -9999 -9999 -9999 -9999 -9999 -9999 -9999 -9999 -9999 -9999 13.4131742024773 13.4452877401285 13.369617228626 13.3657141751084 13.4000284161876 13.4331950555507 13.4529619462636 13.4666839855825 13.4859708854038 13.5147407093241 13.5244644098541 13.5474344651905 13.5590194444083 13.5756252679669 13.6058730153143 13.6463076996243 13.7793162076631 13.8202650441084 13.8461720293888 13.8311318945784 13.8364456402943 13.7882868908265 13.8444100019746 13.9884413460786 14.2288463426777 14.1160618283407 14.3017538759627
-9999 -9999 -9999 -9999 -9999 -9999 -9999 -9999 -9999 -9999 -9999 -9999 -9999 -9999 -9999 -9999 -9999 -9999 -9999 -9999 -9999 -9999 -9999 -9999 -9999 -9999 -9999 -9999 13.447441126689 13.4841282126034 13.3962513203284 13.4313067058301 13.4611775678838 13.4854153728047 13.4995290907824 13.5274435585382 13.5527609891386 13.5710912725333 13.586281459014 13.5981663499786 13.6192358262409 13.6327671960788 13.6429477065957 13.8488242940862 13.8287163770898 13.8983989766052 13.882177955164 13.9017652557921 13.9368175730234 13.9978894926148 14.1169658896065 14.2228670781409 14.3584574797731 14.2772881550553
-9999 -9999 -9999 -9999 -9999 -9999 -9999 -9999 -9999 -9999 -9999 -9999 -9999 -9999 -9999 -9999 -9999 -9999 -9999 -9999 -9999 -9999 -9999 -9999 -9999 -9999 -9999 -9999 13.473903725294 13.5030262481469 13.5196416840156 13.4829751350735 13.481191764064 13.5139724985668 13.5366478482675 13.5610140908348 13.5827018360388 13.6014354854845 13.6169843832264 13.6333410840941 13.6504460258067 13.6640914461029 13.6700569568599 13.6768354045884 13.8468951091808 13.7829244727453 13.837495912819 13.9295106910755 14.0682455498231 14.1682505917218 14.6804725786878 14.6850396344691 14.7372590524915 14.7501143634135
-9999 -9999 -9999 -9999 -9999 -9999 -9999 -9999 -9999 -9999 -9999 -9999 -9999 -9999 -9999 -9999 -9999 -9999 -9999 -9999 -9999 -9999 -9999 -9999 -9999 -9999 -9999 -9999 13.3640712543075 13.5255478504186 13.5746179109476 13.5829273823652 13.5614947545457 13.5583666884996 13.5652584869173 13.5941310432083 13.6121538458036 13.6312925618079 13.6555006713471 13.6680827818828 13.6813211333846 13.68682119704 13.7013305889856 13.7397016284056 13.7032274921574 13.707749977939 13.7093405011857 13.6998192976815 13.9809535016438 14.3049426395492 14.7440845377283 14.7713432384862 14.7847716403596 14.8140670238638
-9999 -9999 -9999 -9999 -9999 -9999 -9999 -9999 -9999 -9999 -9999 -9999 -9999 -9999 -9999 -9999 -9999 -9999 -9999 -9999 -9999 -9999 -9999 -9999 -9999 -9999 -9999 -9999 -9999 -9999 13.5648547659384 13.6053625220798 13.6286812351278 13.6303198530396 13.5888668135815 13.6140326821564 13.6406305527677 13.6560803627204 13.6724302044032 13.6895331577478 13.6989831119948 13.7131700822428 13.7196070695779 13.7422604258474 13.730344812848 13.7307395653765 13.7281105371882 13.7101102747655 13.9759010530968 14.5565639404971 14.7782575148491 14.7970434171734 14.8103824498109 14.8392461720256
-9999 -9999 -9999 -9999 -9999 -9999 -9999 -9999 -9999 -9999 -9999 -9999 -9999 -9999 -9999 -9999 -9999 -9999 -9999 -9999 -9999 -9999 -9999 -9999 -9999 -9999 -9999 -9999 -9999 -9999 -9999 -9999 13.6382291520645 13.6681498317396 13.6071634919902 13.636733803747 13.6637112714715 13.6973980652467 13.7005259488249 13.7181198198005 13.719806078565 13.7427649630314 13.7496943323002 13.7572207125648 13.7529249018713 13.7494795580556 13.75132003321 13.8438718461958 14.106689163924 14.5622316811648 14.8112566084037 14.8301553048837 14.8476221572102 14.8636008582549
-9999 -9999 -9999 -9999 -9999 -9999 -9999 -9999 -9999 -9999 -9999 -9999 -9999 -9999 -9999 -9999 -9999 -9999 -9999 -9999 -9999 -9999 -9999 -9999 -9999 -9999 -9999 -9999 -9999 -9999 -9999 -9999 13.6542520240648 13.6842706035888 13.6684325192744 13.6497159574851 13.6811191994004 13.7015391246841 13.7188638299669 13.7370015936553 13.7351858484041 13.7545796131393 13.7621296035497 13.7661103700707 13.7707671872329 13.7719703468207 13.7700380907314 14.0772946258898 14.5234174280991 14.8099423219024 14.8387484537415 14.8619315639506 14.8793455828487 14.8949498101517
