T2m/med_mese_clima/temp_med_02_2002-2019.txt
NCOLS 177 
NROWS 174 
XLLCORNER 1436301.375 
YLLCORNER 4916704.5 
CELLSIZE 1500 
NODATA_value -9999 
[rows 96 to 119 of 174, columns 108 to 161 of 177]
4.87123023443356 4.92365822789457 4.97383479078379 5.02249081356861 5.0666517209356 5.10871393175557 5.14843725986354 5.18015445934803 5.20138535942957 5.22261672402422 5.23022422059195 5.2292548124662 5.19919460905087 5.18225227715718 5.1980291437036 5.20898876621434 5.18924287473184 5.16869828328713 5.13794645544553 5.10888440655557 5.07611981054741 -9999 -9999 -9999 -9999 -9999 -9999 -9999 -9999 -9999 -9999 -9999 -9999 -9999 -9999 -9999 -9999 -9999 -9999 -9999 -9999 -9999 -9999 -9999 -9999 -9999 -9999 -9999 -9999 -9999 -9999 -9999 -9999 -9999
4.864303209081 4.91595287658778 4.96658518761281 5.01557744373961 5.06039258873735 5.10178840931926 5.13866860991243 5.16581231423302 5.19256359817613 5.21324527527632 5.22273417491305 5.22642701344025 5.20123748230233 5.21256345182649 5.19941801915622 5.19004249928617 5.16511746869433 5.14133482529454 5.1119076759933 5.0732339313034 5.03201575081696 5.00372168100758 4.97940138818352 4.94665341407559 4.91241505284226 -9999 -9999 -9999 -9999 -9999 -9999 -9999 -9999 -9999 -9999 -9999 -9999 -9999 -9999 -9999 -9999 -9999 -9999 -9999 -9999 -9999 -9999 -9999 -9999 -9999 -9999 -9999 -9999 -9999
4.85320636597997 4.90484402151202 4.95503366878008 5.00312342581457 5.04780666687522 5.08905819901522 5.12574376693493 5.15491304321574 5.17840234608429 5.19792921217573 5.20805923026931 5.2090103891395 5.19449942983699 5.16624821394312 5.1621433558562 5.1431097733993 5.14407430898463 5.12304233167567 5.08933624618195 5.06111029676233 5.02702919500707 4.98151070649218 4.95815946426571 4.9253494502168 4.90004447774845 -9999 -9999 -9999 -9999 -9999 -9999 -9999 -9999 -9999 -9999 -9999 -9999 -9999 -9999 -9999 -9999 -9999 -9999 -9999 -9999 -9999 -9999 -9999 -9999 -9999 -9999 -9999 -9999 -9999
4.83808981830943 4.88995456303662 4.94002207106296 4.9872093255148 5.02998623910677 5.07003335188295 5.10517250351125 5.13551615572692 5.15803144065402 5.17654339089696 5.18660654040249 5.18930216577223 5.18400411892835 5.15472270269042 5.1328209013449 5.11515543580583 5.11675100239699 5.09437983901481 5.06308211021378 5.03646004774858 5.00142073474557 4.96377935295049 4.92768422932931 4.90440681892052 4.8712806964398 -9999 -9999 -9999 -9999 -9999 -9999 -9999 -9999 -9999 -9999 -9999 -9999 -9999 -9999 -9999 -9999 -9999 -9999 -9999 -9999 -9999 -9999 -9999 -9999 -9999 -9999 -9999 -9999 -9999
4.82093314537487 4.87088566770684 4.91970315326205 4.96551261006789 5.0076199400093 5.04695367754561 5.08075097460529 5.11127231947055 5.12283653303385 5.15059868659457 5.15997552764328 5.16555687353434 5.16351357853516 5.14355013995134 5.12173413398576 5.07213206321211 5.07825599591512 5.06509788445004 5.01091316000045 4.998554003768 4.97158274978367 4.93307757612322 4.89010114838664 4.88761567618854 4.8380682836136 -9999 -9999 -9999 -9999 -9999 -9999 -9999 -9999 -9999 -9999 -9999 -9999 -9999 -9999 -9999 -9999 -9999 -9999 -9999 -9999 -9999 -9999 -9999 -9999 -9999 -9999 -9999 -9999 -9999
4.79947026338471 4.84854827971969 4.89617024905526 4.94070554861941 4.98214330418538 5.02020509953501 5.05271858299108 5.08143948239409 5.10335381526721 5.11930244421449 5.13030635697337 5.13551041512583 5.13391937606452 5.12371078528829 5.10434760294839 5.08231238808585 5.04932675016185 5.00934791813475 4.94687219039534 4.93108849466144 4.94577739631368 4.89535966459506 4.83070652213544 4.8640159124728 4.8403433317001 -9999 -9999 -9999 -9999 -9999 -9999 -9999 -9999 -9999 -9999 -9999 -9999 -9999 -9999 -9999 -9999 -9999 -9999 -9999 -9999 -9999 -9999 -9999 -9999 -9999 -9999 -9999 -9999 -9999
4.77504052089618 4.8223503496176 4.86800654080481 4.91153545398717 4.95206069379865 4.98825690512502 5.02013293267828 5.04787061369083 5.06955059996013 5.0849499194518 5.09566663344718 5.10003481038986 5.09867496741971 5.09031835365458 5.07492000142004 5.05369437952796 5.03027364239863 4.99186562064322 4.89105055853151 4.89097396417358 4.91154330766498 4.89159215302278 4.86428081070661 4.83672477144561 -9999 -9999 -9999 -9999 -9999 -9999 -9999 -9999 -9999 -9999 -9999 -9999 -9999 -9999 -9999 -9999 -9999 -9999 -9999 -9999 -9999 -9999 -9999 -9999 -9999 -9999 -9999 -9999 -9999 -9999
4.74834865006336 4.79321924281795 4.83738717622826 4.87909108001977 4.91794948265751 4.95293537472777 4.98390823317371 5.00998430777385 5.03082013954289 5.046233261577 5.0563573057301 5.06077100106176 5.0598851676422 5.0534896691662 5.04182763853699 5.02364086881039 5.00268878319949 4.97987890994986 4.95691979929281 4.92807666960985 4.88750528258076 4.87204486672691 4.84667592945055 4.80923222809918 4.80821263014713 -9999 -9999 -9999 -9999 -9999 -9999 -9999 -9999 -9999 -9999 -9999 -9999 -9999 -9999 -9999 -9999 -9999 -9999 -9999 -9999 -9999 -9999 -9999 -9999 -9999 -9999 -9999 -9999 -9999
4.71867292546028 4.76190585990496 4.80389167147652 4.84385154631648 4.88099202473511 4.91453176612966 4.94403727111824 4.96918989035661 4.98939174698249 5.0044235655051 5.01419246140484 5.01877731232024 5.01859280849562 5.01336821658259 5.00357231165877 4.98968326703491 4.97256880115759 4.95326444181056 4.93202837356675 4.90882231754489 4.88023507265733 4.83216763152206 4.82275475181979 4.81063855634661 4.79372503372287 4.77167470578231 -9999 -9999 -9999 -9999 -9999 -9999 -9999 -9999 -9999 -9999 -9999 -9999 -9999 -9999 -9999 -9999 -9999 -9999 -9999 -9999 -9999 -9999 -9999 -9999 -9999 -9999 -9999 -9999
4.68704129730466 4.72822186023067 4.7681066142365 4.80610948800135 4.84147915114399 4.87356405751124 4.90188000096779 4.92592174260213 4.94535817691384 4.9600545962121 4.96984538901762 4.9748088792054 4.97510787096253 4.97114919036196 4.96308436709016 4.95144861210646 4.93665377716213 4.91937426552022 4.90021051767509 4.87977651337439 4.85875016346727 4.83746224912744 4.8159338999257 4.79571621061172 4.77960200813144 4.76201626650343 4.74667621294046 4.73647365445945 4.72762976375261 4.72253958190457 -9999 -9999 -9999 -9999 -9999 -9999 -9999 -9999 -9999 -9999 -9999 -9999 -9999 -9999 -9999 -9999 -9999 -9999 -9999 -9999 -9999 -9999 -9999 -9999
4.65387571145899 4.69280860442004 4.73057410719989 4.76667936054242 4.80030193719747 4.83082470435404 4.85786000001707 4.88093912314274 4.89977638739843 4.91419840894768 4.92410537807065 4.92958941131926 4.93075850235922 4.92795898986021 4.92146976055422 4.91167768242548 4.89913187510388 4.884353754361 4.8679326580684 4.85020547957738 4.83234977014076 4.8144177651375 4.79657696873284 4.78000448268897 4.76582725940106 4.75170070522478 4.74065425251297 4.73207417293885 4.72639717166859 4.72290858568539 4.72189567139547 -9999 -9999 -9999 -9999 -9999 -9999 -9999 -9999 -9999 -9999 -9999 -9999 -9999 -9999 -9999 -9999 -9999 -9999 -9999 -9999 -9999 -9999 -9999
4.61903386473197 4.65624307689556 4.69181837257958 4.72603230151636 4.75787629270364 4.78694166123736 4.81270783513907 4.83488139655337 4.85316462583986 4.86748575180131 4.87761031910062 4.88366591571215 4.88581495847176 4.88431496728585 4.87937718471028 4.87144803730375 4.86124959167941 4.8491641816197 4.8354451677945 4.82093486803992 4.80614413626243 4.79147182712782 4.77737673527626 4.76429446960739 4.75275635602339 4.74210592243124 4.73452879086019 4.72857308879476 4.72526788272976 4.72403145457949 4.72493411166941 4.72832975851506 -9999 -9999 -9999 -9999 -9999 -9999 -9999 -9999 -9999 -9999 -9999 -9999 -9999 -9999 -9999 -9999 -9999 -9999 -9999 -9999 -9999 -9999
4.58392292847577 4.61843495500829 4.65235677950703 4.68452536647181 4.71470184000361 4.74233567108166 4.76694019228462 4.78817259142811 4.80580839298275 4.82025077684404 4.83063260040614 4.8370997825332 4.84036910028578 4.84026127279131 4.83712121231298 4.83140053298502 4.82353523086006 4.8140479277719 4.80327439099433 4.79196059419434 4.78028544578006 4.76892312672512 4.75821111842833 4.7485230555343 4.74024196007121 4.73302153276512 4.7281951919984 4.72548332179356 4.72469318609047 4.72588066733849 4.72892289118187 4.73421290711296 -9999 -9999 -9999 -9999 -9999 -9999 -9999 -9999 -9999 -9999 -9999 -9999 -9999 -9999 -9999 -9999 -9999 -9999 -9999 -9999 -9999 -9999
4.54798369778431 4.58058950700013 4.61241242810453 4.64282471150562 4.67129238983808 4.69752304719622 4.72107326931863 4.74155842741036 4.75902325569317 4.77296988775197 4.78369896768096 4.79103325503479 4.79529063762869 4.79656549029703 4.795240392224 4.79175549207383 4.78623706837339 4.77942902364557 4.77163779246059 4.76330923759256 4.75485799979628 4.74676663701787 4.73926036487862 4.73297888255815 4.7278960174083 4.72421994127004 4.72211836036847 4.7222175441653 4.72400715043188 4.72780256820473 4.7330631367017 4.7400484910152 4.74842757953852 4.75848244003508 4.7693275408062 -9999 -9999 -9999 -9999 -9999 -9999 -9999 -9999 -9999 -9999 -9999 -9999 -9999 -9999 -9999 -9999 -9999 -9999 -9999
4.51223570438147 4.54263916591945 4.57239927499939 4.60145078208835 4.62823112902734 4.65316956877774 4.67568356029466 4.6954943613588 4.71246530037241 4.72645529524474 4.73748899143037 4.74554937922169 4.7508651786602 4.75363732323289 4.75413176026783 4.75265484814942 4.7495319838193 4.74523724289212 4.74029694367318 4.73499951254677 4.72970138794281 4.72480901295675 4.72070841249771 4.71758430634099 4.71572838055859 4.71533178393899 4.7162805439094 4.71870219790453 4.72310353753187 4.72913688157794 4.73652077094534 4.74540116351717 4.75507220213036 4.76676838775843 4.77876852071167 4.79162647287894 4.8048471991154 -9999 -9999 -9999 -9999 -9999 -9999 -9999 -9999 -9999 -9999 -9999 -9999 -9999 -9999 -9999 -9999 -9999
4.47668799254035 4.50501536683977 4.53316228476049 4.56036581416103 4.58607987990393 4.60971382165086 4.63125954150237 4.65042225048775 4.6670342626584 4.68099835712789 4.69233454999289 4.70112029341952 4.70747415343501 4.71162054330397 4.71381278482841 4.71437303110132 4.71354894971277 4.7119172604059 4.70958628577088 4.70715481802129 4.70485678038397 4.70304678441505 4.70228978437439 4.70215127313864 4.7032208915164 4.70577863376696 4.70952720426585 4.7145594962251 4.72120755298951 4.72960398923127 4.7391393858124 4.74974121479035 4.76098942777575 4.77394773917216 4.78739036600313 4.80102169788779 4.81495874594446 -9999 -9999 -9999 -9999 -9999 -9999 -9999 -9999 -9999 -9999 -9999 -9999 -9999 -9999 -9999 -9999 -9999
4.4418551266352 4.46872136035946 4.49538549634846 4.52104916418235 4.54498159941552 4.56752306688816 4.58825709991417 4.60680584366197 4.62302359578527 4.6369907397618 4.64862710580182 4.65803720969406 4.66534474853608 4.67080454210113 4.67460348536745 4.67701859840873 4.67841186812193 4.67908289034096 4.67936751638037 4.67962874463286 4.68014205623231 4.68122454911584 4.6832843959828 4.68639752361209 4.69014448640042 4.69538446948601 4.70192099105393 4.70976542194351 4.7181635127818 4.7286252020533 4.74035048155936 4.75244277765745 4.76571201045374 4.77964925304121 4.79406080450803 4.80877205992213 4.82344496287518 4.83825370565444 4.85307020425953 -9999 -9999 -9999 -9999 -9999 -9999 -9999 -9999 -9999 -9999 -9999 -9999 -9999 -9999 -9999
4.40887610743 4.43440223066024 4.45867259406228 4.48329795142667 4.50565536884759 4.52710719128576 4.54695708419452 4.56494664958671 4.58090621183332 4.59476817045997 4.60665566979623 4.61662639929973 4.62482927479793 4.63142162901011 4.63666624898648 4.6408128709544 4.64415632923928 4.64700796799258 4.64963612923196 4.65245046051602 4.65548357419209 4.6592993277363 4.6640718006464 4.66989876397663 4.67627996441904 4.68397192294707 4.69284290370895 4.70299285835221 4.71378665494544 4.72620167235504 4.73941890036754 4.75341405395247 4.7680295602202 4.78309702646188 4.79876966294938 4.81423996596044 4.83000871289676 4.84542443622675 4.86052887516471 4.87556754165469 -9999 -9999 -9999 -9999 -9999 -9999 -9999 -9999 -9999 -9999 -9999 -9999 -9999 -9999
4.3761715412209 4.40042095695253 4.42455762335314 4.44723428289399 4.46838678426106 4.4888217640895 4.50785196516748 4.52519272021443 4.54090449840521 4.55475187943978 4.56674621696739 4.57717780245786 4.5861168887237 4.59370224354492 4.6002242956004 4.60589225327901 4.6109207279546 4.61571332246716 4.62053886145946 4.62541005468287 4.63077542083408 4.63688632683422 4.6439221847551 4.65251360235401 4.66120883561288 4.67139393891931 4.6828268074911 4.69488087786728 4.70738049864728 4.72125868496033 4.73631529968021 4.75171144506623 4.76802844602211 4.78450001552282 4.80093983757977 4.81717374781084 4.83373144587292 4.84980244235317 4.86543401060127 4.88070927078691 -9999 -9999 -9999 -9999 -9999 -9999 -9999 -9999 -9999 -9999 -9999 -9999 -9999 -9999
4.34622545939188 4.36901690024842 4.39139287151284 4.41323379612633 4.43418473684548 4.45305025150088 4.47132772628282 4.48780635791461 4.50328186127177 4.51701831479685 4.52905310648444 4.53984841364616 4.54934613326354 4.55780262894577 4.5653833148725 4.57227747305759 4.57882056420344 4.58517178071862 4.59175532631278 4.59855361728911 4.60588670252202 4.61386978935707 4.62327517208082 4.63394859560585 4.64488193628971 4.65698306383396 4.67014350857891 4.68443455947744 4.69924658045931 4.7152558254108 4.73072480462515 4.74756374437828 4.76505217173126 4.78255347067419 4.80022496833361 4.81774517876192 4.83496632071721 4.85211501305037 4.86818665206879 4.88343831010142 -9999 -9999 -9999 -9999 -9999 -9999 -9999 -9999 -9999 -9999 -9999 -9999 -9999 -9999
4.31889339453658 4.34043475467306 4.36158121963084 4.38208319229013 4.40257491619538 4.42074898703003 4.43771617151048 4.45363998948172 4.46842925899102 4.48203878890353 4.49405993981726 4.50512297105762 4.51499421142575 4.52384078121141 4.53216782644135 4.54003794277221 4.54768947084328 4.5554060637371 4.56338155331371 4.57179953290955 4.58076627192172 4.59052718480299 4.60141198706881 4.61402818537222 4.62680162415686 4.64062094391973 4.65546354604154 4.67153139912439 4.86684207524765 4.85924898295222 4.7224203217442 4.74058723616375 4.75949260165101 4.77831802115693 4.79688314408926 4.81537252203769 4.83329305416732 4.8506924906271 4.86746361295444 4.88369746290443 4.89898020084099 4.91344323062283 4.92723894801848 -9999 -9999 -9999 -9999 -9999 -9999 -9999 -9999 -9999 -9999 -9999
4.29355309115726 4.31403753818993 4.33413637246423 4.35377330146292 4.37299400056446 4.39082496600137 4.40716995915005 4.42195320846927 4.4365763589098 4.44982155147223 4.46173145409783 4.47328896041883 4.48299969124677 4.49214819808658 4.50080174455203 4.50935695525839 4.5178419671929 4.52645789807588 4.5356392183127 4.54526172331757 4.55561334881523 4.56670761246891 4.57876894074604 4.59185200683814 4.60586602307604 4.62133868734233 4.63754857461284 4.65468491120879 4.81843954976932 4.8151607546541 4.77015387136446 4.7306443241412 4.750033260607 4.76994944833227 4.78988689453824 4.80917360883298 4.82800382108016 4.84625540642488 4.86382213589557 4.88079623871059 4.8967640644812 4.91185986950329 4.92623699569537 -9999 -9999 -9999 -9999 -9999 -9999 -9999 -9999 -9999 -9999 -9999
4.27126865214465 4.29063043559591 4.30960531019878 4.32815625903086 4.34579112709997 4.36325571051495 4.37926869705327 4.39436212072501 4.40795102051106 4.42065018287658 4.43223787100702 4.44334748056337 4.45335401218598 4.46281040559959 4.47130642832209 4.48024419819618 4.489112246407 4.49824146299816 4.5082916352377 4.51862894845391 4.52988636380119 4.54193874404984 4.55514802041728 4.56971764284447 4.58438300663733 4.60069008549923 4.61847683415137 4.63658548908304 4.65646720633318 4.67624024976694 4.69685144111396 4.71731973237883 4.73761191944033 4.75856606710165 4.77917379298777 4.79943983770412 4.81939899937165 4.83856869511197 4.85720042890043 4.87485256850583 4.89163424042343 4.90750408630116 4.92261809415871 -9999 -9999 -9999 -9999 4.98376451312287 4.99361082174101 -9999 -9999 -9999 -9999 -9999
4.25169357066304 4.27020293607894 4.28847551893869 4.3061425177736 4.32289610344014 4.33894600608193 4.35390072305234 4.36801890222249 4.381004252229 4.39304235648085 4.40474834184493 4.4152842189379 4.42506164617303 4.43425960142646 4.44333518304336 4.45261797070347 4.46178382680836 4.47130851330556 4.48150589993875 4.49257359319192 4.504233902101 4.51688270856325 4.53076353470599 4.54592663931953 4.56130571257757 4.57873206660686 4.59706610315518 4.61603517512482 4.63584148060124 4.65686137678224 4.67807924697746 4.70103524156999 4.72176458741995 4.74370989218289 4.76530384490804 4.78656555400819 4.80751425063458 4.82767236235952 4.84710125523269 4.86570965664946 4.88361066382764 4.90039364427686 4.916390865945 -9999 4.94528488115078 4.95820878133923 4.9702118819676 4.98133578233629 4.99162243261359 5.00112303290293 5.01022660998845 -9999 -9999 -9999
