T2m/med_mese_clima/temp_med_04_2002-2019.txt
NCOLS 177 
NROWS 174 
XLLCORNER 1436301.375 
YLLCORNER 4916704.5 
CELLSIZE 1500 
NODATA_value -9999 
[rows 96 to 119 of 174, columns 108 to 161 of 177]
14.3784465377441 14.4075281747449 14.4268329932388 14.4500050934291 14.461618910753 14.4830297567016 14.5171339240409 14.5272835638029 14.5023108557368 14.5111675406011 14.4734519312035 14.4319294126068 14.3228936354409 14.2720361269646 14.3194179402346 14.4006386173255 14.3791519505294 14.37871987293 14.3276669392565 14.3062005533247 14.2703758057232 -9999 -9999 -9999 -9999 -9999 -9999 -9999 -9999 -9999 -9999 -9999 -9999 -9999 -9999 -9999 -9999 -9999 -9999 -9999 -9999 -9999 -9999 -9999 -9999 -9999 -9999 -9999 -9999 -9999 -9999 -9999 -9999 -9999
14.4053183422123 14.4271974939372 14.4502658316685 14.4771804610128 14.4928667286568 14.510893673697 14.527119888179 14.5054511153914 14.5205767138949 14.5327551736622 14.5033066938057 14.4779635454602 14.3655736053156 14.4024536447447 14.3715354788984 14.383123892002 14.3332996006757 14.3120657863348 14.2744867181962 14.196971520322 14.1216334719086 14.1111226325967 14.1348200623763 14.1081227194661 14.066518196774 -9999 -9999 -9999 -9999 -9999 -9999 -9999 -9999 -9999 -9999 -9999 -9999 -9999 -9999 -9999 -9999 -9999 -9999 -9999 -9999 -9999 -9999 -9999 -9999 -9999 -9999 -9999 -9999 -9999
14.4164387247987 14.4415393237436 14.4643536930265 14.4875409951818 14.5067406233884 14.5283253688122 14.5481180357885 14.5446300621816 14.5386223820325 14.5473348304536 14.5253484357296 14.4795705536397 14.3967008761066 14.3076506906072 14.3051851409506 14.2700750163429 14.3251557302814 14.324627001815 14.2593959625418 14.244538565289 14.2013957651679 14.0960834768029 14.1232217894037 14.0930818437021 14.109374035189 -9999 -9999 -9999 -9999 -9999 -9999 -9999 -9999 -9999 -9999 -9999 -9999 -9999 -9999 -9999 -9999 -9999 -9999 -9999 -9999 -9999 -9999 -9999 -9999 -9999 -9999 -9999 -9999 -9999
14.4122269866778 14.4472665195792 14.4766062268682 14.4993083541059 14.5076734707355 14.5255908254333 14.5383633682644 14.5524724925271 14.5432256683793 14.5486919217646 14.5305816319969 14.499440446814 14.4518958570624 14.3304182234426 14.2764163928685 14.2458819906395 14.2985630086677 14.2850929904024 14.2342600819573 14.2268653938084 14.1739357857752 14.1107609986133 14.0588185516053 14.0808414134178 14.0362946803659 -9999 -9999 -9999 -9999 -9999 -9999 -9999 -9999 -9999 -9999 -9999 -9999 -9999 -9999 -9999 -9999 -9999 -9999 -9999 -9999 -9999 -9999 -9999 -9999 -9999 -9999 -9999 -9999 -9999
14.4141596556638 14.4411149506753 14.4695751901928 14.4882554042816 14.4997745212612 14.5208795758651 14.5300318727625 14.5545613914681 14.4581229044093 14.547843262255 14.5268409930867 14.5239065485975 14.5014463417424 14.3833239933251 14.3137536656449 14.1854033625075 14.2350121093733 14.2562638142451 14.1168820158726 14.1406348134372 14.1274440812912 14.0578455799295 13.977226027287 14.0956584520574 13.9452989840105 -9999 -9999 -9999 -9999 -9999 -9999 -9999 -9999 -9999 -9999 -9999 -9999 -9999 -9999 -9999 -9999 -9999 -9999 -9999 -9999 -9999 -9999 -9999 -9999 -9999 -9999 -9999 -9999 -9999
14.3980873090597 14.4307670985375 14.4616095610323 14.4794857061146 14.4973317870406 14.5179510272044 14.5235599508136 14.5410219482561 14.5392717202109 14.5317336548372 14.5318522539742 14.5294668352607 14.5113351821583 14.4575073721838 14.3743044828186 14.3105540778077 14.2201171057611 14.1346086855852 14.0042883024295 13.9986434626731 14.1107150220483 13.9908372001493 13.8612091991257 14.0626575361109 14.0612741936466 -9999 -9999 -9999 -9999 -9999 -9999 -9999 -9999 -9999 -9999 -9999 -9999 -9999 -9999 -9999 -9999 -9999 -9999 -9999 -9999 -9999 -9999 -9999 -9999 -9999 -9999 -9999 -9999 -9999
14.381824074881 14.4130193609679 14.4358170427582 14.4596204959971 14.4835907612415 14.4935653062019 14.5057570264742 14.5232284858425 14.5285039416325 14.5214544506885 14.522286461915 14.5139929516236 14.4970113197187 14.454861315556 14.3941537559391 14.3254236466891 14.2701841571201 14.1577250485827 13.9269862510651 13.9502751924934 14.0540262549149 14.0652551881789 14.0382241564452 14.0057175741769 -9999 -9999 -9999 -9999 -9999 -9999 -9999 -9999 -9999 -9999 -9999 -9999 -9999 -9999 -9999 -9999 -9999 -9999 -9999 -9999 -9999 -9999 -9999 -9999 -9999 -9999 -9999 -9999 -9999 -9999
14.3661354038018 14.3853975738441 14.4169915317121 14.4396054738512 14.462673513451 14.475457874743 14.4940611300925 14.5046483681702 14.5069157513983 14.5039291328912 14.5086502459749 14.4981949310244 14.4858027985581 14.4490050825238 14.4074809436475 14.3480237303049 14.2983884909077 14.2562206720178 14.229075699014 14.1696599671132 14.050090208275 14.080375415868 14.0520290429103 13.9489213237325 14.0679127873778 -9999 -9999 -9999 -9999 -9999 -9999 -9999 -9999 -9999 -9999 -9999 -9999 -9999 -9999 -9999 -9999 -9999 -9999 -9999 -9999 -9999 -9999 -9999 -9999 -9999 -9999 -9999 -9999 -9999
14.3375932536734 14.3620530575749 14.3854027225346 14.4101835802284 14.4323190300667 14.4478015974845 14.459450665567 14.4733930448835 14.4858081505573 14.4867209255009 14.4857630196758 14.4797333792562 14.4560950000709 14.4340603168976 14.4012240167183 14.3612808513076 14.3245724199565 14.3014951910794 14.2796695157023 14.2434668534603 14.1565405597558 13.9803013758957 14.0248698834556 14.0622394022515 14.0824133823227 14.0123125712886 -9999 -9999 -9999 -9999 -9999 -9999 -9999 -9999 -9999 -9999 -9999 -9999 -9999 -9999 -9999 -9999 -9999 -9999 -9999 -9999 -9999 -9999 -9999 -9999 -9999 -9999 -9999 -9999
14.3072355300887 14.3365838946822 14.3583392111432 14.3818124713839 14.4062384102065 14.4211098755721 14.4292248312337 14.4431294553502 14.4526254600724 14.4542850666917 14.4544106399109 14.4497795609908 14.4405145459033 14.4173122644047 14.3932363565667 14.3623612251199 14.3379144442516 14.3109256171704 14.2788268566604 14.2454541928592 14.2178530929917 14.174262000795 14.1213581433584 14.0825578798344 14.0977814838262 14.0371132884186 13.9981044509245 13.9952216890413 13.9820475761587 13.9918106046415 -9999 -9999 -9999 -9999 -9999 -9999 -9999 -9999 -9999 -9999 -9999 -9999 -9999 -9999 -9999 -9999 -9999 -9999 -9999 -9999 -9999 -9999 -9999 -9999
14.2789992102259 14.3031505641128 14.3232951982067 14.3488035617098 14.3722492342147 14.3831639906509 14.4007727559287 14.4114539220767 14.4213929835066 14.423830871136 14.4251072605255 14.4187538929127 14.4112988051734 14.3933403356795 14.3683775325864 14.3496156543931 14.3247165506781 14.2974120158493 14.2714818801325 14.2571577112789 14.2197959416303 14.1791756188642 14.1326010777326 14.1000090461286 14.104702921617 14.0464716094105 14.0263348640981 14.0121308090463 14.0106533681129 14.0122397530118 14.013645934751 -9999 -9999 -9999 -9999 -9999 -9999 -9999 -9999 -9999 -9999 -9999 -9999 -9999 -9999 -9999 -9999 -9999 -9999 -9999 -9999 -9999 -9999 -9999
14.2364436769073 14.272389538529 14.2875516973525 14.3217968273638 14.3309372536259 14.3477983343588 14.3684106210287 14.3791663381461 14.3863058131358 14.3830851565096 14.3823587901101 14.3808090881175 14.3720344527854 14.359461363085 14.346548224 14.3336710339337 14.311627599364 14.2841132986811 14.2645131884884 14.2405441480821 14.2095203795084 14.1784409513692 14.1478305952695 14.1214397935587 14.1127876782205 14.057002596349 14.0490861659439 14.0304977412932 14.030967604231 14.0243193447212 14.0171332941646 14.0259816093587 -9999 -9999 -9999 -9999 -9999 -9999 -9999 -9999 -9999 -9999 -9999 -9999 -9999 -9999 -9999 -9999 -9999 -9999 -9999 -9999 -9999 -9999
14.2107657236457 14.227893113996 14.2685530172152 14.2779875979729 14.2928214320563 14.3090679160901 14.3261438355728 14.3435961162953 14.3577420177036 14.3455396316919 14.346050547066 14.3525907450224 14.3425017978573 14.3321420626339 14.3217575780531 14.3084234994382 14.2925342289318 14.2713047830307 14.2549225423416 14.2244827608616 14.2096601288027 14.1785143243811 14.1607955735793 14.1472322182613 14.1186152880697 14.0686020962704 14.0598660293303 14.0566410584587 14.0491891196687 14.0441873094429 14.0350285746659 14.0416423556381 -9999 -9999 -9999 -9999 -9999 -9999 -9999 -9999 -9999 -9999 -9999 -9999 -9999 -9999 -9999 -9999 -9999 -9999 -9999 -9999 -9999 -9999
14.1785763145614 14.2007756672781 14.2264162571815 14.251463870782 14.2552033530007 14.2741706535077 14.2876882610651 14.3052924769368 14.3035115242851 14.315113559244 14.313569958926 14.3152337431096 14.3103168128655 14.3054480346438 14.297591337029 14.2805171670632 14.274090367222 14.2559478608094 14.2362834471581 14.2188258618586 14.2007807950445 14.179353545207 14.1811845747048 14.1575875600442 14.1186258256374 14.0941986380571 14.0714381336607 14.067123608873 14.0615790722628 14.0648666285276 14.0570363256019 14.0546982592652 14.0511127174963 14.0595718525513 14.0598327644384 -9999 -9999 -9999 -9999 -9999 -9999 -9999 -9999 -9999 -9999 -9999 -9999 -9999 -9999 -9999 -9999 -9999 -9999 -9999
14.1541002257055 14.1643106367196 14.174878056983 14.2226494977103 14.2186057963563 14.2336572585961 14.2502840386723 14.2714001540529 14.2733388073299 14.2792006802399 14.2788486085942 14.2821023175077 14.2790691766871 14.2731520481917 14.2645129478824 14.2566707484977 14.2531993412199 14.2446360344277 14.2281224733875 14.2106123274391 14.1958020296156 14.18083831299 14.1861247472114 14.1586537390328 14.1422352579566 14.1303690504223 14.1066905389353 14.0813054206786 14.0776551120693 14.0758928361213 14.0693435480486 14.068014235774 14.0550762839433 14.0707026702408 14.0711451765047 14.0765402293401 14.0797569657555 -9999 -9999 -9999 -9999 -9999 -9999 -9999 -9999 -9999 -9999 -9999 -9999 -9999 -9999 -9999 -9999 -9999
14.1205024522043 14.1222035702327 14.1382949065957 14.161204290838 14.1869245065628 14.1979943320857 14.211046607161 14.2256262622644 14.23805114999 14.241391744307 14.2488386441144 14.2503056734941 14.249094627009 14.248599224863 14.2423282843232 14.2338199741739 14.229909626412 14.2144705599952 14.2108741530026 14.196462149576 14.1847795164569 14.1795178051434 14.1951224686944 14.1669406674595 14.1463734340743 14.137159063989 14.1188494280908 14.0954761089969 14.0836256436539 14.0867540398178 14.0848100048527 14.0810972686576 14.068830829737 14.0815550582715 14.0891632701844 14.091012443649 14.0939586229699 -9999 -9999 -9999 -9999 -9999 -9999 -9999 -9999 -9999 -9999 -9999 -9999 -9999 -9999 -9999 -9999 -9999
14.0849755647893 14.0955916018443 14.1172942718227 14.139119755934 14.1434775991312 14.1574393103053 14.1770641143603 14.1951327017499 14.21469115407 14.2120419523333 14.2172391102465 14.2201030014908 14.2239395343671 14.2188012678019 14.2147934743855 14.212071379192 14.2042369294218 14.198197251718 14.1942481438155 14.1861027630414 14.1740831030814 14.1684796041048 14.1733107882181 14.1753588876082 14.1504497038959 14.1402013208915 14.1309953048529 14.1229686411697 14.0923518857242 14.0936166367608 14.0997285991782 14.0900908870311 14.0919488814599 14.0951329933029 14.0994298500105 14.1047364649182 14.1074388776965 14.1144360818051 14.1256308229737 -9999 -9999 -9999 -9999 -9999 -9999 -9999 -9999 -9999 -9999 -9999 -9999 -9999 -9999 -9999
14.0688220566141 14.0884977305388 14.0811393187616 14.1192950151877 14.1090135913289 14.12246156875 14.1384874652384 14.1566776287769 14.1800621440917 14.1847652148033 14.1842166773248 14.1917263850567 14.1904598857189 14.193831503528 14.1919013871395 14.1914906312687 14.1894543987956 14.1860375508671 14.1781585338938 14.1828007172629 14.1668711623433 14.1675031748796 14.1718617975715 14.176547175511 14.1574739111539 14.146021291287 14.1354080370601 14.1292367985888 14.1101558687832 14.1095892608304 14.1066282169191 14.10474178713 14.103880152729 14.1039803338417 14.1119772734762 14.1137593849946 14.1232724617117 14.1298977273256 14.1370671204142 14.1517267814357 -9999 -9999 -9999 -9999 -9999 -9999 -9999 -9999 -9999 -9999 -9999 -9999 -9999 -9999
14.019661418261 14.0382797854285 14.0717191009789 14.0846629231118 14.0769945084668 14.0899496764548 14.1057334271269 14.1205517636811 14.1443444218381 14.159803663749 14.160038159605 14.1653240209001 14.1721659302081 14.1704690129809 14.1737703418402 14.1754455875045 14.1689458153544 14.1712640883195 14.1760244147333 14.1663666069174 14.1596413420265 14.1561190033698 14.1560401476124 14.177155136629 14.1601785433518 14.1577836375652 14.1596709248404 14.1481474804664 14.1235435180453 14.1137896968548 14.1154079496284 14.1108654684275 14.1176498066937 14.1216788943288 14.1228771959095 14.1211704082242 14.1305367538331 14.1368607358273 14.143589573251 14.1541865852755 -9999 -9999 -9999 -9999 -9999 -9999 -9999 -9999 -9999 -9999 -9999 -9999 -9999 -9999
13.9938764355278 14.0079123787906 14.0229514132666 14.0456074990209 14.0719797463929 14.0635349465007 14.0824947344573 14.0835087193363 14.1110419455195 14.1270139691685 14.1279246208893 14.1375751966054 14.1422560790894 14.1487503131087 14.1537035090598 14.1538302901446 14.1560356772719 14.1537296257926 14.1573529056443 14.1533957310437 14.1489315917665 14.1407033521515 14.1533260859451 14.1732950488091 14.16529681305 14.1613091528688 14.1578494068292 14.1586055120065 14.1491783927415 14.1512652835239 14.1256934287901 14.121955371868 14.1258551163333 14.1267973301333 14.1317563786687 14.1371540785824 14.1429344211139 14.1560804924947 14.1589526643148 14.1585621988583 -9999 -9999 -9999 -9999 -9999 -9999 -9999 -9999 -9999 -9999 -9999 -9999 -9999 -9999
13.9776672887584 13.9907076580398 14.0048251807215 14.0196971650367 14.0596821694208 14.0643396389621 14.0655496475592 14.0732607000911 14.0871484084061 14.1069220125522 14.1117564302225 14.125696379799 14.131332298149 14.1286675650674 14.1316013206034 14.1332645601329 14.1337753411866 14.1366613516004 14.1388063051442 14.14028235945 14.1377886342275 14.1350108427766 14.1391292272257 14.1645701148861 14.1619510242411 14.1596418253624 14.1577362945685 14.1635395587957 14.4274389986698 14.4050076488319 14.1371764678039 14.1342013919704 14.142238183942 14.1471467304286 14.1488721049328 14.1544158726917 14.1566803686511 14.1591546977568 14.161809010613 14.1682549685254 14.1712280037026 14.1743639838831 14.181299678901 -9999 -9999 -9999 -9999 -9999 -9999 -9999 -9999 -9999 -9999 -9999
13.9533309022151 13.9655465281949 13.9788902886482 13.9966012666947 14.0253699005976 14.0439109726419 14.0516020077275 14.0450501864672 14.069379729567 14.0860971630644 14.0947211135291 14.1235397423316 14.1192588664113 14.1173693410173 14.1143260714164 14.1172249954638 14.119101448232 14.1200650743877 14.1273063391609 14.1304183646003 14.1330949988556 14.1319744206672 14.1307321923341 14.129499997193 14.1248825454832 14.131063926666 14.1305056521077 14.1303017859696 14.3630437151544 14.3359814549494 14.2436082748973 14.1473739484698 14.141895149436 14.1472700522861 14.1564962058073 14.1587292337798 14.1610988730383 14.1635776145678 14.166148381149 14.1724358992186 14.1751831515038 14.1780399205966 14.1846569574927 -9999 -9999 -9999 -9999 -9999 -9999 -9999 -9999 -9999 -9999 -9999
13.9386962992399 13.946617101618 13.9557019937571 13.9692321560667 13.9798208798949 14.0083718780334 14.0264183744596 14.0479050039774 14.0581451111897 14.0713357109973 14.0801310111132 14.09870045362 14.1055576990509 14.1113796714085 14.0984324146815 14.1022602511263 14.1016382897798 14.100221111052 14.1122544213049 14.1131412288683 14.1171597001365 14.1173843567653 14.1210198006034 14.1317164635721 14.117767617182 14.1181349482215 14.1293452687191 14.126688928758 14.1457508277367 14.147214314241 14.1562304086614 14.1545604530173 14.1458099628912 14.1517838607941 14.1542361862086 14.1567683510923 14.1629897723879 14.1656006423991 14.1718679071968 14.1745212272459 14.177211193138 14.179964276422 14.1864427050762 -9999 -9999 -9999 -9999 14.2074386632657 14.215495023291 -9999 -9999 -9999 -9999 -9999
13.9230545928738 13.9303525674594 13.9423792839244 13.9552950955779 13.9652958162752 13.979223608293 13.9897399270245 14.0036658494754 14.013732312744 14.0232756512182 14.046292474359 14.057910889317 14.0650670065451 14.0677430874296 14.0730796246855 14.0846563530027 14.0882993287158 14.091231571057 14.097103133667 14.106043346209 14.1075259216462 14.1087788288918 14.1134711285223 14.1216993480148 14.1087316781435 14.1171907663344 14.1223034872061 14.1205516382796 14.1190374463673 14.1283841947412 14.1308473275896 14.1625599589866 14.1434325327571 14.1499348003709 14.1528388443227 14.1557595942354 14.1623079364702 14.1651856859879 14.1680295444975 14.1708468271012 14.177291368851 14.180123181589 14.1866483577375 -9999 14.1964522556436 14.199847016206 14.2035212505833 14.2075305659714 14.2119212977418 14.2167373515242 14.2292108415367 -9999 -9999 -9999
