T2m/med_mese_clima/temp_med_05_2002-2019.txt
NCOLS 177 
NROWS 174 
XLLCORNER 1436301.375 
YLLCORNER 4916704.5 
CELLSIZE 1500 
NODATA_value -9999 
[rows 96 to 119 of 174, columns 54 to 107 of 177]
18.6525943290304 18.3874689166928 18.0589194132222 17.8685660601582 17.8567301390348 17.8537934717573 17.8398094982093 17.8361149900673 17.8638322878031 17.8617871785789 17.8783410521201 17.9137016141488 17.9338135454758 18.0273174900332 18.0438234270355 18.0513039743459 18.0967443512914 18.1385971051675 18.1760294351681 18.214898168268 18.2676847220571 18.3198412081342 18.3568886401845 18.418303418785 18.442620891259 18.4829743148736 18.505149198535 18.5289244815523 18.5540939859034 18.5672267651116 18.568526328861 18.5718190213412 18.5776562299993 18.5599379627793 18.5597363370068 18.6180482770926 18.5619607877952 18.5328987759572 18.5318519204855 18.5129178521442 18.5169678463612 18.5246280867376 18.5364208078311 18.5394393020574 18.5537951910569 18.5794493869499 18.6293227982374 18.676635232531 18.7013271351655 18.7355712977089 18.7525278851206 18.7839406728744 18.8028599322578 18.8213750067316
18.1996360266282 18.2041758246996 18.113026492684 17.8985939549259 17.9015222395828 17.8994890666118 17.8932234765203 17.8903187243291 17.905144345282 17.9106575085793 17.9279082050662 17.9433909912904 17.9777723120686 18.0651400762576 18.0888713897379 18.1102486816821 18.142327126971 18.1843612625643 18.2286632075722 18.274282322732 18.3134383606322 18.3654374387529 18.4157049094085 18.4565287513129 18.4938158350594 18.5268481420146 18.5685149869433 18.5712647948 18.5888032812395 18.6076520560332 18.6145340481658 18.6165946405243 18.6211155373741 18.6086638315592 18.5935244038517 18.6437378799106 18.5992664702881 18.5617530965511 18.5522840886204 18.5516360385918 18.5338660860503 18.559801272588 18.5698563568386 18.5645401916386 18.5706693286513 18.6212562040046 18.6499398349244 18.6960089134949 18.713002366821 18.7593449622761 18.7819521685441 18.8126730171619 18.8246177381571 18.8622175779975
17.9438600187316 17.9532596213214 18.0304810112641 18.039057753557 17.9622668597065 17.9611544233413 17.9557108577387 17.9466419863112 17.9553040854357 17.954540932804 17.9654677244616 17.9745547839153 18.0093810946485 18.1109637784737 18.1417398215076 18.1563573341311 18.188472322071 18.237279101176 18.2814515248493 18.3200542805739 18.3657054975445 18.4105672442619 18.4536295176656 18.5074893326671 18.5441793420065 18.5765400601758 18.6039841484876 18.6193669968181 18.635999607304 18.6538717227218 18.6461863542413 18.6470910259603 18.657129552666 18.6567954077029 18.6334817195748 18.709087358875 18.6496134191384 18.5902052793606 18.5857110981956 18.5698720480925 18.5636496861408 18.5877632966012 18.6225914791778 18.6086992900681 18.6063036137157 18.6419061161486 18.6820511013637 18.7067682515324 18.7288450877975 18.7672814381343 18.8017178545763 18.8313736996533 18.8683213084568 18.885743078847
17.9737439898061 17.9773578250482 18.0727361132701 17.9776796162496 17.9896252696161 17.9894421881732 17.9848387555576 17.9903603865041 17.9788821467279 17.9924791014121 18.017640560755 18.0338918568176 18.1377947256889 18.1501172435872 18.1740394164383 18.2022473192877 18.24100503675 18.282713501137 18.3265397744046 18.3647120959229 18.4235065839541 18.4542122297081 18.489890898525 18.5499526640515 18.579180825934 18.6108253813084 18.6375093031077 18.6520665010552 18.6678410807877 18.6780506214242 18.6287008722623 18.6285792283438 18.7051994057349 18.6969132490364 18.6655148482617 18.733162143385 18.6586493186377 18.6177541581569 18.6183228926894 18.6074101318916 18.5926193100067 18.6081813502459 18.6344089685767 18.6251880316087 18.6207955202203 18.654422363087 18.686062203734 18.728636101293 18.7423321402735 18.7660328179966 18.7989502787958 18.8466934209253 18.8759116769205 18.9051825379148
18.0113888666218 18.0092333822339 17.999833113323 17.9977880414989 18.0107186806423 18.0322990478925 18.0214677449362 18.0276180751162 18.0304844341528 18.0236739943057 18.0421904037396 18.0792853318983 18.1763513462411 18.1885730050964 18.2053776583554 18.2469862681112 18.2921720233228 18.326520136845 18.3697646686324 18.366299465409 18.4586228675312 18.5022418522172 18.5439912526696 18.5897345512002 18.6250018091481 18.6490948698403 18.6750168086938 18.6887863553601 18.7037692001204 18.7131602337699 18.6424635836739 18.6821905167014 18.7308464759662 18.7012349697543 18.7496702304225 18.7755038015268 18.6862911484492 18.6439231836501 18.6496638974658 18.6370510387568 18.6204553863885 18.620707268737 18.6449942546494 18.6669828681298 18.6537786075362 18.6653726407407 18.6817070905809 18.715687240789 18.7601960138406 18.7819023122758 18.8194687856936 18.8524881047231 18.8801493694017 18.9080433380457
18.0354800319966 18.0274947575949 18.0261846919486 18.0321257995603 18.0319958705593 18.0404341024749 18.051123289304 18.0577738231347 18.0609836902515 18.0682038563637 18.0867473363141 18.1099261071947 18.2067837959454 18.2323825733897 18.2555766146492 18.2897065904037 18.3410392597134 18.3746315344248 18.4102316579701 18.4264258092936 18.456423303816 18.5265350341797 18.5810429957546 18.6191497745337 18.6536257910876 18.6905255403048 18.7089220111017 18.7152062217395 18.7430440060518 18.7449648548423 18.7482397817167 18.7193144133797 18.7536652144459 18.743495032412 18.7975792658918 18.7888675734953 18.7186581106834 18.6817328207287 18.6725636485182 18.6651015659909 18.6467719324945 18.6384772039858 18.634102962488 18.667455018045 18.6653864726976 18.6747544691886 18.6888339314932 18.7205888926615 18.7562005661152 18.7823065879536 18.8242182611315 18.8424111764004 18.8747907818835 18.9075409985251
18.0666101986243 18.0667435997798 18.0594615805296 18.066315683281 18.0600031265506 18.0760418599403 18.0941652910209 18.0802858920745 18.0905904710661 18.1116478229746 18.1230658226175 18.1389809369305 18.1801898672625 18.2809358203485 18.2964795218574 18.3228792584237 18.3595664464029 18.4126953441052 18.4472456759509 18.4965367634723 18.5254801095268 18.5262939029638 18.6479760048566 18.6579466440427 18.671179387746 18.7276918711118 18.7385863800476 18.7509996297919 18.7511229941138 18.7728359470029 18.7687982365305 18.7596997872915 18.7663709742052 18.7691234114361 18.8424574922264 18.806214040849 18.7418777613728 18.703845010753 18.6799664546678 18.6845939192507 18.678119852955 18.6479264565088 18.6550595541427 18.6663639121585 18.682006546671 18.6692885051539 18.6942680698486 18.7170062226646 18.7633431111589 18.7741277013296 18.8138467272491 18.855706172041 18.8731924398814 18.9041207473219
18.0904872670218 18.098688391035 18.0993457667254 18.100021025612 18.1013413366712 18.110902895898 18.1293224071279 18.1225180938656 18.118889387743 18.1396926877675 18.1506843574253 18.1659850597382 18.2271125910459 18.3130685187784 18.3344408245366 18.352833256383 18.3951591786779 18.4470136188798 18.473448462214 18.5214717302058 18.569640403618 18.5761227917892 18.5945323537529 18.6375695261322 18.6907430460791 18.7465012630195 18.7703082455529 18.7753657775161 18.7885888903229 18.7895471901437 18.7851563288842 18.7825093554494 18.788856743037 18.7912465652934 18.8238672689155 18.8472352212594 18.7689065656912 18.7166895307141 18.7052977777925 18.6750285768215 18.687337757923 18.6756899100027 18.6609735994059 18.6702152387963 18.6837779928873 18.6886350805377 18.6980379845625 18.7052702369513 18.7231446154692 18.7706755668293 18.795098008381 18.847672409739 18.863026648723 18.8855963599903
18.1278961222481 18.123102010621 18.1316098289725 18.1329972822725 18.1278852940342 18.1308377431499 18.1563315279322 18.1771985276982 18.152506359823 18.1728028963745 18.183099786367 18.2044127122488 18.2299799549359 18.2528980831673 18.3553908175156 18.3792289608423 18.4200619464671 18.463551934229 18.5021434268834 18.568904897865 18.5953012216974 18.5801339184061 18.6109688181568 18.6529326409102 18.6779588368572 18.7870433241129 18.7697833509357 18.7947436765756 18.8076206528478 18.8151270201545 18.8173628810379 18.8146014018559 18.793714692416 18.7960029597636 18.7814683042927 18.798034584559 18.8463113671835 18.8537026602177 18.7279593902606 18.6833898350413 18.6743953780995 18.6813741188726 18.658372754852 18.685739810636 18.6707971574715 18.6735179219717 18.6872461332583 18.6855273802707 18.7206534968114 18.7461955535191 18.7877654904937 18.8186304774549 18.8382570995961 18.8780532734998
18.1576832333833 18.1468502534392 18.1421982769981 18.1581210363058 18.1673203817488 18.1704397133839 18.1819965950501 18.2025696074521 18.1912537500814 18.1900854580564 18.2063379199049 18.2540109979518 18.250721326544 18.2790274214597 18.3797035997297 18.4086905741397 18.4476877227242 18.4893309766496 18.5193939118106 18.5709220849437 18.6159954943039 18.5859368712078 18.6222621759147 18.6562585907586 18.6803222145195 18.7209758236452 18.7775405239544 18.7953159361342 18.8079693447661 18.8086647351583 18.8109337244873 18.8082804100749 18.8011108369739 18.7763882192565 18.7755285905835 18.771996914531 18.7868808873274 18.7941621224821 18.8147151770047 18.7761848733013 18.7060494590689 18.6918009312433 18.6606762801424 18.6531936957144 18.6629649083923 18.6834850537188 18.6883774434343 18.6974402248124 18.7170055893836 18.7466260137381 18.7531976793283 18.8465400590573 18.8185987281211 18.8434755414724
18.1728379330149 18.1838041491347 18.2006932812709 18.1823274713607 18.1848586720081 18.201868885682 18.2131846625128 18.2194472756651 18.2350246838581 18.2191414518857 18.2273076252437 18.2529138038188 18.2686509617317 18.2883242022108 18.3186625033617 18.4003896098078 18.4509680526124 18.5108675873574 18.5186805159222 18.5750493208199 18.6318250583646 18.6814177343139 18.6352623665774 18.6680161827876 18.6842657668355 18.7173302875993 18.8002022222604 18.8041978255834 18.8032764572788 18.8040304860951 18.792974305484 18.8041614951175 18.7906319470685 18.7866093289705 18.7792484189257 18.7827187227246 18.7641946614524 18.7312700811728 18.7384906337953 18.7730215885757 18.7888476127092 18.7535879919926 18.6812901915959 18.6723005259479 18.6670536786318 18.679049917798 18.675226902557 18.6952322400278 18.6993229977511 18.7331131244515 18.7568282932043 18.821979830552 18.8175288183454 18.8273360324127
18.2012806903801 18.2199802457182 18.2235697431329 18.2056659708052 18.2221699571904 18.2183208438717 18.2292526255051 18.2279931628042 18.228913635273 18.2393963504721 18.2461400706827 18.2494967524284 18.2770924595035 18.3015686502059 18.3297351736713 18.3613849173725 18.3961672673623 18.4404075383772 18.5407684536996 18.5747585267564 18.6362796061201 18.6840238718339 18.730697744864 18.755400078385 18.7707809717567 18.722248578182 18.784187883249 18.7879210165989 18.8340699432073 18.8215666130369 18.7974810407853 18.7888960370311 18.782679679769 18.7658076020303 18.7590572616936 18.7496304813727 18.7382650082126 18.7190385356361 18.7196393676746 18.7005607194003 18.6894326569121 18.6936236022431 18.6802934056079 18.6966254375231 18.7097100098192 18.6801420576778 18.6875736302432 18.6856677560894 18.700657179547 18.7124972142187 18.733922775844 18.7838903505493 18.7902050697509 18.8043750018985
18.2360444687031 18.2416149496664 18.2526792724927 18.2282556807553 18.2378907393894 18.2338473560266 18.257987046904 18.2559302792137 18.2557600084278 18.2580022944712 18.2767449548215 18.2850671267068 18.2968579480677 18.3190412507381 18.3447832645457 18.3671273311715 18.3993679172831 18.4410690300627 18.4780897347648 18.5637428632857 18.609631759333 18.6688771308204 18.7339175941032 18.7572234601518 18.7781889280051 18.7961317420742 18.763511707091 18.7602877746026 18.7997500320276 18.8278904887629 18.8244947083202 18.8165810269338 18.7572603722413 18.7546842672207 18.755496539525 18.7401131487187 18.7361504505078 18.7241638743583 18.7116510640324 18.6926623487546 18.7014691441883 18.6784459678479 18.7711076677214 18.7663700052618 18.7514947447512 18.7201889002765 18.6794425597529 18.6821844568959 18.6950788581445 18.6981667446869 18.7304699950748 18.7391222177096 18.7758800823747 18.7814843035039
18.2564547739279 18.255893155123 18.2674750623144 18.2777917138956 18.2598923427455 18.2624093179718 18.2721425485464 18.2691732242152 18.2677769263217 18.2888841339835 18.2989511545425 18.3051921705037 18.307896331063 18.3411303154848 18.3438899780497 18.3703010473354 18.4065502524376 18.4387137662849 18.4663006647869 18.50903778996 18.5592983934982 18.6298940086438 18.7198265620956 18.7349487419482 18.7747600276529 18.7985322323846 18.8123546696004 18.7554113406458 18.7545899696556 18.823348704422 18.8138819851993 18.8000518604193 18.6940520898795 18.7535403651956 18.7621071123783 18.7544417482835 18.7379089898533 18.7266764593345 18.7214277038604 18.6759112878346 18.6915261507034 18.6749860851853 18.6671227692086 18.6617560072446 18.6792501037872 18.7065794289848 18.7106543620795 18.7049237200507 18.6828086676789 18.6904366781682 18.701009093317 18.7403585877683 18.7685613966283 18.7655904400128
18.2834841932412 18.2837064871082 18.2820523545698 18.3130799923782 18.2883868611153 18.2905000549776 18.2858559247888 18.3022174434529 18.2994511978126 18.3052456880425 18.3403662220563 18.3173111410789 18.3243214143279 18.3480462510277 18.3615451575061 18.3850195252969 18.4047767278589 18.4339986875101 18.4587506665124 18.4986943483721 18.539706584664 18.5878694970667 18.6691560732362 18.6959984077348 18.7545156613912 18.7907206403988 18.7972845472303 18.8138176427579 18.7462314621534 18.7549388443614 18.7930784438127 18.8270390574947 18.7497207201189 18.7492742892769 18.7522865161116 18.7457906739947 18.7303518829522 18.7133561672988 18.7021814108631 18.6773973785801 18.6865837586147 18.6633973906069 18.655301473906 18.6560840933779 18.6461487803194 18.6524815156136 18.6553038525728 18.7344777532934 18.7038177895325 18.7426165251452 18.6916971381064 18.7094306720628 18.7818062722315 18.7571229031424
18.2967040787876 18.284095377797 18.2898733648253 18.3142528814666 18.3303324485635 18.3455016064791 18.3265547556274 18.3147030796166 18.3239850107167 18.3414340403345 18.3741185307503 18.369047237436 18.3399117636092 18.3674724333448 18.3779925983629 18.3781929368222 18.4149491479735 18.4343303199904 18.4627472123246 18.4930494107214 18.5113257951942 18.550344373157 18.5693360925825 18.6010466912278 18.7049270211914 18.746730808233 18.7726816380833 18.7822649984448 18.7683711311332 18.7440439046533 18.7559877194372 18.7707723621969 18.7951939873857 18.7423292571012 18.7331726563198 18.7346739087944 18.7204891680567 18.6979271490633 18.7011581303529 18.6838503755537 18.6667787773374 18.6639576079669 18.6491518965842 18.6496431220093 18.6324435806569 18.6246187783318 18.6396694868067 18.6510992355185 18.698752060091 18.7227659202652 18.7162003392791 18.7586967050661 18.710542438722 18.7697218489132
18.3101768074212 18.3529246556906 18.3252719860386 18.3294572088453 18.3386513312658 18.3466109183835 18.347165414507 18.3409357422664 18.3352409642788 18.3373514862708 18.3410941854671 18.3536334833981 18.3552904110632 18.3796948357497 18.3671515841175 18.3975475978336 18.4175707388439 18.4204277330711 18.4522956138408 18.4662541919652 18.4950415221997 18.5247890862786 18.5548837864473 18.5779905967138 18.6868091880907 18.7141375025481 18.7527028821501 18.7686166127891 18.7814831494549 18.7307994371579 18.7501115494672 18.7792160979392 18.7578912395018 18.7398379531907 18.7253550041237 18.7148400227229 18.7020297250998 18.6874638615567 18.6851349739381 18.6553618320344 18.6524440266836 18.6501134912541 18.6355123878997 18.6225659122438 18.6250568241985 18.6232633072285 18.6174640258153 18.627833111529 18.6410237234684 18.6437113087854 18.675574529171 18.6766901313891 18.7196087460459 18.7509616733701
18.3377282912716 18.3676640750081 18.3610611146983 18.3520719636002 18.3544886394415 18.3553202354246 18.3551118964398 18.3611194946148 18.3539204937072 18.3341554596468 18.3223558772493 18.3323044757416 18.3644293213332 18.3790476019 18.3766637649801 18.3969832475171 18.4003864843536 18.4131500766601 18.4416723525818 18.4657570668209 18.478303651015 18.5053252055689 18.526338429841 18.5540513917988 18.5878701051812 18.6071744577752 18.6647691963263 18.7402162865724 18.7663940396942 18.7896035191086 18.7627100217122 18.7726707999721 18.71893528056 18.7356967686135 18.7226342161865 18.7068745590654 18.6955184961543 18.6890558539717 18.6812805309708 18.6660274421727 18.6438633827148 18.6354891389608 18.6346919221643 18.615163525755 18.6041413343247 18.608654548099 18.6021967314276 18.6050263888674 18.6038454657719 18.6119941913051 18.6226754224227 18.6356876385065 18.6639700277352 18.6939469995322
18.359124116434 18.3698087706978 18.3774365385741 18.3889516341466 18.4046763921226 18.4117548725487 18.3775759352946 18.3625267336766 18.3671135215112 18.3257461273008 18.2852793173658 18.1932635291123 18.3349793325972 18.3860708948271 18.4067251369909 18.3776227464279 18.3907332135939 18.4263621179778 18.4250769206403 18.4392498178615 18.4553287077833 18.4861026370599 18.497942394938 18.5234268565973 18.5553716627536 18.5665811787049 18.6231076704131 18.664518794491 18.7171364050588 18.7471971592417 18.7409283670746 18.7450059618847 18.7057259103398 18.723771588118 18.7322803077506 18.6843851456672 18.6745155818668 18.6829393836451 18.6630814975426 18.6490367289311 18.6278933457018 18.613618328873 18.6134069974776 18.59419092157 18.5966406960914 18.6076872527599 18.6007713225153 18.5962280001905 18.5875014820585 18.5946310252687 18.597524533338 18.6159754515062 18.6364180480625 18.6254607019233
18.3880484408434 18.3998303999136 18.4016015115343 18.4002859697298 18.4028388616847 18.4228484527564 18.4080220691216 18.3854091960707 18.3621937528437 18.35867268995 18.33601225357 18.2157466241239 18.1628736235477 18.3160492877534 18.4054490655661 18.3796392836688 18.3826593230168 18.3949621172967 18.4295913736394 18.4272643438828 18.4335584267054 18.4547148807917 18.4837202112248 18.4935917045231 18.5168842745048 18.5331593832484 18.5751526863119 18.5957876010809 18.6612297875646 18.6912865044526 18.7054805481508 18.7102570569442 18.6920585344603 18.6643247467132 18.6875541812108 18.6612607671891 18.6528710569128 18.6426027249775 18.6375821917145 18.6450270539081 18.6182381980949 18.598171207272 18.5919730696413 18.5933953093526 18.5826512606056 18.5937123144482 18.5798449479871 18.5748495461764 18.5721553842595 18.5784822868344 18.5670937144094 18.5978604542252 18.6039472634042 18.6183805480415
18.4444919376462 18.4308927483029 18.4270049818872 18.4263114022252 18.4225145224068 18.4225681119495 18.4269425819318 18.4231029483271 18.3855892626592 18.4128940311479 18.3947306276104 18.3773426377847 18.3416910472107 18.0920132587721 17.9350639832976 18.3512042048537 18.4288195173682 18.3984902608174 18.409875570624 18.4106881222607 18.4202699872079 18.4317480938302 18.4579015819747 18.4719096396072 18.4864363324127 18.5142365015215 18.5415473715758 18.5545912780512 18.5794869947949 18.6559875529857 18.6904934422837 18.6824292505597 18.6583584821519 18.6316958751943 18.6628972886889 18.6716061966287 18.6377189112666 18.6289006463172 18.6185657011506 18.6206141713961 18.6084978674665 18.5961697756876 18.5840766864426 18.5793856155725 18.5824942361425 18.5802864975767 18.5730635417096 18.5677913461938 18.5646285549726 18.5636430573316 18.5715053796032 18.5747600700016 18.57993456633 18.6067353367438
18.4948331163621 18.4630770659741 18.453737414104 18.4407242422486 18.4438569189958 18.443880631048 18.4412699489314 18.4624610243388 18.4369209313466 18.4234702765206 18.4098229377358 18.4030715073332 18.4742895641813 18.3929429250367 18.3776941678406 18.3904972656642 18.3929465581606 18.4498316981542 18.4512543932155 18.4877215479627 18.4159714176331 18.4439698037542 18.4409532206294 18.4721063227933 18.477837918754 18.4838693067248 18.5162487974873 18.521556373474 18.5390648733319 18.5418268573137 18.642962034065 18.6553826952422 18.6722848072464 18.6868862695164 18.6857000416812 18.6822500564434 18.6767141048187 18.6153522607353 18.6199029632925 18.5895326793194 18.5718894087974 18.5741493607377 18.5629770121825 18.5590305323954 18.5559463893558 18.5540700445573 18.5469719549388 18.5483497540156 18.5516261865695 18.5636038491387 18.5575010191879 18.566750692475 18.5778273498938 18.5905732483039
18.5588434303248 18.5547570685913 18.5401196488996 18.4827439801193 18.4798374463011 18.5376549290286 18.5345548023044 18.4651370695712 18.5024970155439 18.5383895487697 18.5165418021105 18.5138171246758 18.4927393890825 18.4410064156777 18.4738187624349 18.4705143137111 18.4696217595059 18.464904865181 18.4628359832514 18.4827823572321 18.4145389781322 18.4262084273277 18.4528993775447 18.5140683533233 18.4584841267194 18.4822627925579 18.4931496961985 18.5104358052766 18.5204324297331 18.5160458089761 18.5301608806039 18.5960857363027 18.6402828793835 18.6421811439373 18.6486869453648 18.6531041779268 18.6623899608851 18.6563312442582 18.6487451882642 18.6263503581653 18.6099406336561 18.6048765774862 18.606355577229 18.5876481095214 18.5435262603524 18.555589125149 18.5487373905049 18.5367282522313 18.5399102447578 18.5516440434588 18.5518287710937 18.5471794189494 18.5711375279927 18.5765027681619
18.5717186209596 18.5886305683925 18.5946046632381 18.59621075458 18.5936770088511 18.5873645378484 18.5840098379571 18.5715306079314 18.5694164673487 18.5594223042697 18.5422041341478 18.5121166912126 18.5075641438181 18.4913369243528 18.4955500186961 18.4826813215091 18.4720340343905 18.502276578472 18.4646954029431 18.4682225618466 18.4743699086301 18.48949801094 18.4938280362774 18.4999878533828 18.5076052948649 18.5162508436191 18.4924733484969 18.5083417627179 18.5239500380593 18.552205453206 18.5460764609001 18.5385323360378 18.5762004041009 18.61894714744 18.6330295269504 18.6249230910599 18.6421227490093 18.6644622283217 18.6241561161515 18.6166121468132 18.6081757270996 18.6243101128825 18.6115149550232 18.5861709935062 18.5386567771067 18.5445531276641 18.5380930197828 18.533028306858 18.5362672388186 18.5480014256857 18.5411774616918 18.5496096267376 18.5596826552609 18.571259694666
