T2m/med_mese_clima/temp_med_10_2002-2019.txt
NCOLS 177 
NROWS 174 
XLLCORNER 1436301.375 
YLLCORNER 4916704.5 
CELLSIZE 1500 
NODATA_value -9999 
[rows 48 to 71 of 174, columns 54 to 107 of 177]
5.44296526227685 9.29765928349867 11.9818634115834 13.4146703691569 13.4015855056961 11.3946008709617 10.2278461985596 7.26872912326693 8.08831329846949 4.04620552768689 3.40309412133586 6.03071901365186 7.30011499954925 5.54230115755605 6.39679800996811 4.82721225529734 7.21751819502177 9.84530141866381 7.28626964973965 9.54407823471195 7.50889295612587 5.39626970626037 4.85858000897727 8.05331974378025 5.92406656920441 7.83157783660267 4.02555959770427 3.92361185582704 6.30854993182697 5.41994561506929 4.48384499257129 6.67869447753556 5.16577663777826 5.60381123218938 5.59900736467411 4.70113899019638 7.84260855175471 4.82430316687613 2.96696281349809 2.69412804137183 6.13341290410239 1.28188345813047 1.18376618010131 1.28105173141015 1.30598247337412 1.52588153332711 4.70875891549487 6.85339022140516 3.30376169769201 2.37007060544871 3.76636118195456 1.69442026202864 3.01364795813586 5.83479358700997
6.27346369184304 9.5767207646852 11.8349714014834 13.4707957477792 13.4245346471788 12.6318858986374 12.0013176358999 9.99691862373169 9.5155606353214 7.35627615227525 6.56583299644293 4.53236105046627 2.73899117271853 4.99790867346301 3.56798673978432 5.20791276350996 8.57187903101497 9.58657961412505 7.57783599423 7.41982074105938 7.52066357821501 5.84955528171382 5.2473475674635 5.35125728550611 4.58899494266908 4.96993527983985 5.26884029167933 3.52419457050106 5.92215973348366 3.86432663857515 3.72226774652456 6.87072318690129 3.80007552619593 5.90057166228164 5.60371424980027 3.77564809353834 6.70279925784614 4.74071717650492 3.51607089319612 0.694889433761807 1.182448938098 2.87958518115784 2.16599249875224 3.46240533684937 3.72853059236521 1.91269005016537 6.61271963988217 5.36044623161401 5.53761830316264 2.06843442604878 3.87319027376768 2.82438257553649 5.59009643027704 7.49601119032351
8.24273657411559 10.6187891775318 13.1102373102378 13.5262148098491 13.5085357558488 11.1322521078009 9.52260371679149 9.61007473364625 10.7845690398592 9.41396004539201 8.32530052101005 6.3362344178028 7.37351748830934 5.1144914923477 4.62630200228285 3.55102708915086 7.35136361436552 8.9176012759968 7.64209488345313 5.69086432033253 8.35015924429341 5.16400669777831 4.79834570880368 3.9573114164901 4.80723666474266 3.23658511609507 4.69657474018768 2.89250754712194 4.36150319438022 3.30311844670771 3.86382149016799 6.18484408661307 3.01501020605038 4.43184926682105 5.54699420990765 3.83594119855126 2.77644586072657 3.55932507563468 4.08678118624815 0.44713821434132 4.05912178429125 4.47932644749996 8.07578435244926 5.04189005388898 2.15915385153436 1.4197447205797 4.19145187651313 2.28176473579641 3.38495004783342 2.41006789099242 4.92748457879978 5.74573579410101 6.71181266697454 8.88811963155606
10.8436263277531 11.2177219361275 13.5965957557805 13.5807945543049 13.5608942281087 12.1114238806723 9.09893236293542 6.37679352939444 8.29431291935227 10.1979405387788 10.4620687710922 10.1811518813383 8.8001741597728 7.61669644181413 5.84826964782274 4.96709581628067 5.60114243540112 8.51754205690441 5.43600686009143 6.30352773291252 5.65394185164439 5.15630669805977 6.74335573463958 6.94465276145319 5.22292829160483 6.8760072372505 4.83458822988556 6.40144724851188 5.72228910166374 3.71972357545247 3.0262855055147 3.29940172793576 2.43029098172651 2.19028406545619 1.14488220603327 0.844503822558124 4.64085806918396 7.78885117580946 6.46049732259052 4.01848920005692 4.64307295264638 9.27132532838552 8.20007967358064 2.93102413315191 2.2233675508839 3.72330589504575 3.04604047586925 7.11494829093629 4.55219012259076 3.17208678819496 4.54545523920582 4.98280110094298 8.23547749867398 6.94185407922399
11.6947136166531 13.665395936954 13.6519899248341 13.6343940086985 13.293524174997 11.6178652220246 9.92681163347086 9.46007430901432 9.87568906397634 9.06430589812534 8.47478241466584 8.58004221798914 6.31375260700926 8.38481810246995 6.44062526837458 3.30552161722255 6.63059600519246 5.88361078719371 7.49938163268692 4.42137303380069 5.97670497932406 6.21861933937747 8.3667885908475 6.24535351499651 3.45939900940794 7.2401399516141 7.59587746099381 7.82166125634173 5.00029283803908 6.43689937183215 4.49329321466275 3.86091664827549 5.63647683384459 4.22853189885072 4.33833340614492 2.46801577902644 3.54674809183801 7.97623204076556 7.632385139664 9.70510507038014 9.97704115829866 8.90611254849689 6.11331791590675 6.49034488822321 3.25921140332056 4.72107709807336 2.07892269949257 7.61713355093651 6.86334747046005 4.54559884410663 6.4770260617023 5.12785712727602 5.27702143146153 5.12628584313442
13.0944585749722 13.7208298958332 13.7060430939137 13.6868480738942 11.9765425683529 11.5198453024737 12.4888585559231 12.2260823080391 10.8458193128964 8.85639342183696 7.09793420759376 8.67450827045176 4.94543582646047 6.72309261517954 6.1117979515724 4.03374169227107 3.44223688007778 3.97688761398046 4.85634462519818 4.16675892287117 5.67111557515283 8.20716771343891 6.82474578032094 8.6969180357458 5.68848517474204 4.38090888497651 6.64307241677404 8.61962462495295 6.13781499672824 8.81592357105695 7.42257563654625 7.12569193898944 6.59835223402233 4.78083827009664 4.36601723750816 3.97655635215256 7.77488450835919 7.76223520799986 10.0621971489668 8.20765260477683 7.29870559594739 8.57401654231257 7.30062547263951 4.52857718933046 7.37933186574771 5.46201143272932 6.22540475280315 8.35216130029679 7.44289033001621 7.80477418947977 9.09894030144157 8.82293007641521 7.59184993008658 5.11978805104835
11.2109606959941 13.7744682168059 13.7585190129869 13.7379397281296 12.0583892084247 8.92714493887409 7.90046341246358 11.4329748830203 12.1814735514655 10.0715199747645 8.33822295257293 7.01000856913284 6.0303519324639 5.87981197764268 5.00515719300834 3.99501046247473 2.72997238749381 5.18647260358103 6.64746413001993 6.27557874422063 8.02667556751791 9.04556911046987 7.71812161869415 9.53261732122505 8.92440687844273 7.02834891415671 5.61426875370571 8.807270511052 9.29339503076872 6.91105231103656 4.89039408693521 4.19870819037526 3.57196513062173 2.96050195176716 2.76672043245258 5.5847832789349 7.30870644443735 9.57435358212026 8.81846935567586 5.17167332761128 5.37554941536083 5.65826949559991 7.69748333210277 7.90533915496702 9.39326869367548 8.25607922971565 9.79676696894451 10.0802017989103 9.71868655197644 9.21822092630206 6.78291573321672 5.17464384223542 7.94139881741051 6.42485187166301
12.7610781978935 13.825947418625 13.8090930304318 13.7874459674145 10.91758991096 10.9821956701802 9.81494800990644 8.61943243392086 11.3792836540496 11.8590880375152 9.93802838660489 9.36433548976004 8.20695652651903 6.51890510879226 4.83312482379177 7.15896906306481 7.65101185936631 7.14080083258684 8.95995236210662 8.22307448004294 8.58822233243092 9.968046018826 8.1177631062232 9.64943210934648 9.00666348472965 8.73472677768519 6.50012615442619 8.0373418097473 8.71047764208214 4.55860092816531 5.43300656918355 3.99358089748103 2.96181557090022 3.51016665255047 5.87234872237385 6.89728050243 7.42403967568365 9.86090847781817 9.32146130547309 6.418518156197 7.13758598127856 4.76624471373301 7.01932872899299 9.42369967520334 9.65919455138656 10.1559161041137 9.74259426556414 6.98623633319855 6.41479392002154 6.86299528270018 4.0237261748183 8.86836964183014 10.4442801879158 10.5183236387549
13.8086411230634 13.8748645598414 13.7236647132186 13.8350443551294 11.8679895252196 10.0790584900417 9.15693247446871 8.23718926692215 9.88014509307468 10.6726441040374 11.7465643669915 11.6263659075995 9.98978623674214 9.07382887670798 7.35987730259402 7.80784193138756 8.96681632422511 9.489567503045 9.26149243128879 8.7281956521177 9.27590618494615 10.0394021423136 9.44520484914289 10.2594597900474 9.0670253590623 7.19957874216988 7.88931965324882 9.61508998469331 7.18458700614505 4.75202936508168 4.17324451225443 3.84642746443371 5.05387686282702 4.35768730760916 7.49761768450596 8.77291871406581 8.85458110624721 10.5301941791105 8.70032941095138 8.13058760646733 6.69005117989158 3.90618533910148 5.06446908204659 7.59612724733161 9.26122117254518 10.0812677846956 10.2092197667727 8.297394322052 6.78052930213985 4.24580699883194 5.70057567943776 7.72132137063109 7.81812652852016 10.7530681029215
13.9337117751991 13.4873426131214 13.3859837905446 13.8803680193369 13.8473222418976 10.5329555842258 8.86205046905505 6.59290213443347 6.45105387571424 7.35463976526455 9.55545176592265 10.2261942316704 11.0331871554421 9.95395841378882 6.78067667232287 5.86818831414778 8.4663269832542 9.22513733373258 10.0545423234343 8.92723503685809 10.4570082823746 10.598419150448 10.800584188744 9.38582945071488 8.56505434920366 7.27186591287541 9.66973364980486 9.10781227219692 5.81907330572839 5.1561175244772 6.95020567424571 6.77267233717399 5.67719167302095 7.54862615355309 8.35583321800992 7.5627767800914 10.1680791320743 10.0533481721255 8.93033793756387 7.34820593892299 4.73843134774158 5.83018352066678 4.62334448297493 5.30293416892567 7.24268224192066 8.3471645124588 10.3468700880685 6.76067738431087 5.8184988694248 5.38988778086238 7.86750781328183 8.7312590838188 10.2227374024377 11.0188637509522
12.7895093203818 11.4625632959951 12.4285618073034 13.9229977632286 13.8952476656915 12.0767000768773 8.30490487165251 8.94547126226736 5.09474260944753 4.142284239874 7.95793877175867 10.4841493516779 11.0581724036586 8.45555044463175 6.19605375460163 4.8566084664171 5.6281245057116 8.35288048223564 8.60811179509375 8.24207226110061 10.1200782679703 8.47883076847153 8.75916823949055 10.7353368640031 9.44777896761388 9.51942928231491 9.80034646733329 9.30872034157184 8.99095857779073 8.71602670601249 5.54104523017591 7.63498397106325 8.96272851097632 9.03620594016051 9.03441358219344 9.09969078983 10.2516763025025 8.25670369166592 6.94908505497302 7.30119127354783 6.65127803214472 8.25409353509747 5.04403607147809 4.235701352557 4.00174585933363 9.07185149559104 9.94077753173729 9.68873573005474 9.54560531168307 8.23284052027235 9.55785381116022 10.6808057321688 10.4684325973038 11.742649016609
10.9028249864814 11.3531411193827 10.7297886624648 13.9624634433032 13.9352694262601 11.8205566980274 9.01171502241381 9.63869721296551 6.86818318210158 5.6554173885571 8.38318466186606 9.97354478804003 11.2509171463303 10.0844316697237 8.16216126317866 6.40846322929642 5.85447703230486 6.0411301153536 5.83226581169571 6.96308490852855 8.94415713673332 8.01012431082318 8.92492671305651 10.6470687669458 11.072456762749 10.2181671046943 9.31309195854082 8.30454591486853 4.93930444147952 5.40518783721468 4.49921885028228 5.81507599476513 7.99172447069245 7.68618536532072 7.50155617770222 8.62795070968162 10.4083535868276 10.6745809941949 9.17205060754808 7.89389063129352 7.85268055165557 7.33311407349421 7.79226058061157 6.57751182443524 8.05194626042115 9.29462423885463 11.1274859641501 9.59583175171549 8.63068961939226 9.66012109358591 10.1354898070165 10.6148516548726 11.7061108393661 13.3826192292396
9.99707092213926 10.2020251447788 10.8240794106045 13.4515657054559 13.9721002249438 13.1860377600049 12.2533871560629 10.1437432194933 7.456394374843 5.93984119919341 9.4186246561728 9.99181431899801 10.859500537885 10.6443669062648 9.99468347572318 8.14993144816774 6.953810405053 7.93726985619549 6.84365731885968 8.69202755909631 6.15203348927904 8.1998769494987 8.99487681318381 11.3631801425942 9.12819266953022 7.98878857196574 6.86574676835495 5.28444172739981 4.75624701269728 7.73693206680383 5.16895016898389 5.51372559195114 5.17331318511952 6.251307492895 5.19554936145111 7.84718835602207 10.742986605527 9.64171756639681 8.47429019762534 10.3276965070825 8.89609059816255 8.46194173693484 9.29073312386542 9.43888506921523 9.67604775081342 7.73781200599325 10.3365134588831 10.2527644223933 8.8712908479518 8.34451086452726 8.35742925619968 11.2088867944831 13.5531521892612 13.4195499456223
8.13049681815192 8.28519522608237 11.1400222543966 11.0982159014035 14.005197209966 13.9149691976147 11.9211457690839 8.42763385447227 8.52086612465151 7.35710294008991 8.46969418042386 11.0198143297906 9.55519416376331 8.85186845735542 9.22922534766474 6.69729231309191 7.92370771763026 9.27441870565316 8.47681817813779 9.82961906381729 7.4534248739271 7.90013504703842 9.99537015557487 11.5108471936354 9.80728733350922 10.0146779416333 9.08785492978102 6.59471808392371 7.58260329996073 9.04090257715999 8.32675343403497 5.52413618036186 7.41113271090579 8.8706150762816 6.53589889856652 6.8099035366861 10.4568295813333 11.0713608031586 9.9860727280672 8.86437305382224 9.08986481865185 10.1686501112996 10.2226766732701 10.3986420095708 10.1353950165423 8.41532897396142 10.8536411907742 12.3000013955978 11.170830997992 7.11727320644734 11.1768924251874 13.5306766794098 13.6075613260936 11.7646168898863
8.41080595391467 9.21354829921216 11.2303327860436 10.314892469956 13.6180460032857 14.0064720075164 13.4701072547723 11.3342329718025 9.24485728244029 9.32424951749193 10.5722530021171 9.39012493002257 8.27512163144183 8.8475999038346 8.94784303160136 9.34043792569248 9.13276710096802 9.58532223475629 10.0013281417986 9.02335973525324 7.56012115371375 9.39608311261633 10.2395143448178 10.3574840937168 9.48104198420439 9.23000557970042 10.0321694488697 9.21496102437392 9.90219492512663 9.57759883482344 8.47539756353082 5.98469301123491 6.32188419838314 9.88759982107777 8.44702309016612 8.77766547678643 11.4023967383441 10.260048466085 9.99037098135825 10.779561948281 10.6794479732901 10.9869058793498 10.7548661229142 9.9978341421556 9.99574231597911 9.06237929258362 7.51551066104568 11.8633333133111 12.2054880096514 11.4477058697866 13.7795111679874 13.6381456224961 12.848642494276 9.40919926138523
9.82762505056809 10.3320399704898 12.0060569404215 10.6610086938786 11.7239034210658 13.9721231656494 14.0033585210641 13.9080665966243 8.84608406059169 10.2393689603538 11.3766578860142 9.81172330672781 9.39990671820329 9.05957028407062 9.84924920462884 9.94499124422064 10.2964496605008 10.6506457935285 10.9814253447131 10.7805167567451 10.5929019974173 11.4471783907056 11.2764788002461 11.162800643447 9.75677618142462 8.59399607410816 9.29152676655435 9.51707266661552 9.04455791369842 9.48064976601432 9.31602804523058 8.11433481029422 8.31974503804189 10.027000465139 9.69707662298615 10.4414595071264 11.7254813134712 11.3845957027768 11.571907405962 11.5615159263849 10.8434635840523 11.2664310169679 10.5215246663721 9.45627627693157 8.47924757882949 7.39514345078301 6.18595813124067 10.0791528894374 12.6371346411321 13.5005698329643 13.7964989452496 13.1687089265836 8.55110945152596 9.37493283914521
9.58333485548271 10.7771965338305 12.1833749725311 10.3810209051523 12.3641342699628 10.580198897977 11.1381770757966 13.9972538813489 13.401756357512 12.1893133675366 11.9905096311103 10.3031965099309 9.25229388712902 8.39198744546462 9.61180531703786 8.65361275258569 9.19288086704818 9.84587268618932 10.6562769072633 10.867979300663 8.39914365514698 10.070647257544 11.8168616825378 10.8939889829098 10.2097574779843 10.2222651528126 10.2220260409965 9.3372354714685 6.27258642435816 6.5836332037546 9.96437258693503 10.3210793651888 9.74766805472981 10.3054397655945 11.6664065973101 12.0632944493626 11.7193418929503 11.3485373894993 11.6368687206077 12.1230690723105 11.6419910320563 10.4000404557282 10.5566509426421 9.66855715670605 8.15858616206093 6.84679850550807 10.4510855106954 10.6640639298697 13.9494472281064 13.9386186865883 13.3811605042514 10.9381096688448 6.7584206588195 8.51424596986063
10.1364967825302 11.2155943052171 11.8085335295268 12.5684233159187 10.8633174514158 9.00117577252793 10.4501647876108 12.0423469225355 13.9895438080631 13.6776602650682 12.6123996092236 10.9868250353489 9.2262678532887 6.68213178472182 8.64375990488898 9.83841015138373 8.78407492823754 8.89440268480699 9.00002176480221 9.88997255196553 7.82676797104025 9.39012354105643 11.0157743081718 11.2557655776835 10.5572261506486 8.94628747400819 10.4974923848628 8.19784290711712 7.59354827270141 5.74918176861317 8.88346409109325 10.3665262855191 11.4940957005518 11.6821534431383 12.0982970832423 9.87713505664488 10.4445572665699 9.65487102045557 9.61645848694251 10.0801011838549 12.5200625533652 10.985736383995 9.17214612245864 8.93899312654115 9.21629144988477 9.89514737747623 10.9545694653263 13.9109575090585 14.0536212878785 13.8871309671413 11.759931029873 10.1607266765427 10.079255192725 6.40542187191288
11.4465855236527 10.6089084378603 13.1504785895716 12.6659817926324 11.3959583454537 9.05973097697058 12.1801469932297 13.8915289016418 13.8134085139191 14.0376689546247 12.9358666392049 11.5436718766201 8.78582500238805 8.45621455115215 9.7787212849124 11.7930341673796 10.7659117051767 10.0648863004419 11.0671440966058 10.7957212235083 9.43855517071023 9.59168696650318 10.7491519022308 12.5769237343452 10.6330904223973 10.3003201331042 11.2089933245892 10.5401117080876 8.19594181388696 9.26098665412613 7.77751246828853 10.6130480215387 9.85077189757586 10.349636207614 12.2420000845279 10.7982293465816 7.50486142887956 7.6573447237139 8.0694190026299 9.61334629725308 12.2139597363595 12.1113462808858 10.110194094434 9.00053599489505 10.8037115460503 10.7093576523738 14.147017436585 14.1603478732484 14.0778036348752 12.7010984149873 11.2836519259823 9.53069783067568 6.07862082923069 5.04725932539215
12.9541555589594 13.0460792384398 11.6925365723968 11.6404415767529 9.41684929002213 11.5390324203352 13.4433692011338 13.2101572501991 11.1016155148218 14.0030520304532 13.7833727011043 10.0965619208494 10.8613637171395 8.3103377678505 10.5059704815338 11.2883922188865 12.0441004184299 10.3210302162458 10.3125170509271 12.2706230340206 10.0112458078802 9.29966026341167 11.5336720905988 12.6106232427545 11.2084375736927 10.0795507087197 11.9965523868252 10.1213235511375 7.84726028531163 10.7070170984066 9.59609016776925 10.0991891777801 9.2952049677423 11.768215552204 11.1095970669749 9.02965219665243 9.3983537259516 9.77287477873887 8.51308051490714 8.23516235473249 10.0934077914373 12.7580979133633 11.9211150670193 10.2494465635331 12.0218351156109 13.8754193412991 14.2433382608042 14.1145172781001 12.4945963999642 10.2706023496794 9.68270280550518 10.1478653530423 5.76184211525895 5.75737101173364
13.5444788552821 13.005710453094 12.8516791957327 11.9805444656702 12.6373361274422 13.7558234992403 13.925825996536 13.8646985031848 12.3346791822278 13.8029619768055 13.9953103404423 10.992307448274 11.8980534690654 8.90325494030153 11.3620902855975 12.4279093158495 12.5912477381568 11.5868277448793 11.0087181734007 12.0121011522773 11.3846550891546 10.2252213964934 10.0519676773786 11.3593280093591 11.0503333661687 11.8428320400394 12.2897381683209 11.558341375789 9.51871200153902 10.2511906326794 11.7661841061354 11.8226049877899 11.2658717887598 12.8034813798447 11.7546831210643 11.7626821091861 11.7561430252152 11.1847633112857 9.49246654153145 8.8179390853854 10.1633531644113 11.7731701470693 13.373384887479 13.2839198776854 14.205654345554 14.3217372537579 14.2996191026528 12.0567738912801 10.9617123710667 10.688346307636 8.55547660573947 6.32755548356137 6.62192294095232 9.19389054411837
13.6808941097447 13.7229322273008 13.727165985411 13.7655558437385 13.6719420687928 13.7232053217099 13.9221145364605 13.8919308821544 12.7882015468783 13.4971246953525 14.009425081154 13.3851660611763 11.3923186391657 11.0874009234985 8.67358924388906 11.509349111221 12.6604556672172 12.2791646433229 12.2643735401236 11.9049749163846 12.3377834893007 11.0619650785363 10.9696661673951 11.8526120228085 12.6701904434053 11.3696385776692 10.0477045961116 11.8557426292184 9.73370800358447 9.2251935395231 10.4277391380671 11.280292795379 12.4384697594933 12.4674844356932 12.6463901393713 12.5090070477595 10.446657464117 9.43663791444029 9.83302847578079 9.85090275506712 10.6475138984482 13.2863198039403 12.9932538547323 13.472700813093 14.3759883968412 14.3709270862334 14.2135514436497 11.1648540585601 9.02168385094106 9.7110725854752 8.52271606108942 6.15463746938099 8.03636326182931 8.46217082289782
13.752858515185 13.7842046484719 13.7432009323879 13.7093336128342 13.6573071509416 13.7116163667705 13.7100336850517 13.5723327213369 12.1764559843843 12.7443784366754 13.9707142176544 13.9567926771237 12.2215150349992 10.6217427598522 9.35569711464574 9.27034649673442 11.1445555393055 12.0979575868155 12.7254391422849 11.6036033727083 11.276800113283 12.5701281539406 13.2406551756336 13.2397071639318 13.0326616961043 12.032066889177 10.1649749145143 11.514496639512 10.2372192797884 8.93886126639526 9.79061650588827 12.5773108887308 12.2352064517771 12.2694372188317 12.2794290943146 12.3153185209978 10.4090979479919 12.5663557840373 13.5455201921611 13.4107673779866 13.3545683808261 13.1363335642711 12.2250670153947 14.0259695721146 14.417584895039 14.4086381720448 11.5308263125479 12.1018866064117 10.3075637059588 9.22197271491455 8.17749835389714 8.57636967735129 10.8090503779706 9.93063648261186
13.1842786294994 13.5909692493946 13.5707306984306 13.685319596391 13.6903146143313 13.678340448853 13.6703185349243 13.1191191541721 11.6523143729773 12.2570076848288 13.7633707442666 14.0076679679807 13.1482139305407 11.825004392371 11.1308463399143 8.93319017811557 9.28645156610795 10.6242050115922 12.3345639403333 11.6263162728093 12.5546082460626 12.9092807339913 12.0601471825961 11.9181913631163 12.3146022578194 10.5210613558026 9.90076729052515 10.3297982881001 10.2842479523882 12.2433742385401 10.5491067031808 13.2499484071367 12.3249213713026 12.2530173923424 12.2841024434895 10.5245686791179 10.912558905207 13.5851180654556 11.3238605946357 12.1894169472405 12.7333845792968 12.722472696046 13.6449170336642 14.4580291194312 14.4519240277279 12.0118508408251 10.9140742548753 8.68598207984887 8.88646733822645 8.63302340441712 8.74616467155371 11.4599193107729 12.1413713275053 11.8434629362191
