T2m/med_mese_clima/temp_med_08_2002-2019.txt
NCOLS 177 
NROWS 174 
XLLCORNER 1436301.375 
YLLCORNER 4916704.5 
CELLSIZE 1500 
NODATA_value -9999 
[rows 120 to 143 of 174, columns 108 to 161 of 177]
24.1469883241771 24.1673938440688 24.1913450282297 24.203765575459 24.2260199045694 24.2502551044211 24.2759095215503 24.3242349622426 24.343840192939 24.3778669111523 24.4113924602668 24.4367610972605 24.4828386162534 24.5202821263561 24.5416731611446 24.5615238765876 24.5871038119734 24.5820298719553 24.6119511598422 24.6332619000364 24.6533666524622 24.6650915526313 24.683147025697 24.6930309965287 24.6875031454328 24.7031701540506 24.7108250721001 24.717786314826 24.724039377033 24.7442271028772 24.7489747876738 24.7896686180138 24.7927567179556 24.7802338614876 24.7815324594945 24.7966861989027 24.7815285489883 24.7803436729643 24.7858749104871 24.7835080819365 24.780779111974 24.7778741008706 24.7823824649976 24.7871415771084 24.7849849666342 24.7835187810439 24.7607947309076 24.783489955281 24.7852985312909 24.7959200096719 24.8080830778605 -9999 -9999 -9999
24.1597784156417 24.1711031420731 24.1933232498022 24.2113535471169 24.2320229432465 24.2621056799535 24.2864730104988 24.3192317180427 24.3452350832062 24.3713566187723 24.4045038243871 24.4297034598427 24.4466938949661 24.4698637171292 24.5063632168888 24.5634195371174 24.5825685404701 24.6003420834188 24.6021810059194 24.6246904669721 24.6460437684147 24.666335522687 24.6783391652284 24.6894377439846 24.7070176702223 24.7238052350503 24.7251244988706 24.7329820430573 24.740016772644 24.7461930804782 24.751467112185 24.763155830348 24.7738715533121 24.7835921676806 24.7849448576386 24.814814614293 24.799515566193 24.783368413831 24.788624833469 24.7859243347321 24.7828178430045 24.7795037800883 24.776197716557 24.7805126947385 24.7852972966653 24.7907808266304 24.7897910163726 24.7825302539048 24.7913506356286 24.7868439724416 -9999 -9999 -9999 -9999
24.1625209753896 24.1722159144319 24.2001247614254 24.2165183469837 24.2429579424269 24.2642444051342 24.279894165198 24.3187801896054 24.351058461931 24.3762934004819 24.4014353443811 24.4188212458734 24.4501456744877 24.4805344683153 24.5025107563278 24.5379404655945 24.5648112483967 24.590443130555 24.6148623601154 24.6307953437905 24.6456304204317 24.6594380332364 24.6722850652389 24.6842238760289 24.7099794915429 24.7275596709899 24.7443006045288 24.7381176763111 24.7457480807363 24.7598049007816 24.7655224351235 24.7702174947585 24.7591181083226 24.7764190518562 24.7779103936972 24.7783601852847 24.7630740396035 24.7764036453065 24.7742114232646 24.786169903661 24.7755471317121 24.7794624436785 24.7685995457349 24.7801201708523 24.7773293751257 24.7752337722867 24.7888387769829 24.7813985141707 24.7900518112713 24.7853907183365 -9999 -9999 -9999 -9999
24.1841946248655 24.1923764590864 24.2040577792827 24.226231750294 24.2437330471145 24.2782065599053 24.3070839670705 24.3225503323255 24.3535894653679 24.3777099052329 24.4018904804447 24.433140983037 24.4491591457967 24.4717523163484 24.5080899434325 24.5287154074804 24.548240248583 24.5813217035782 24.6133009951792 24.6221898960479 24.6300538371375 24.6516255225664 24.6722798307737 24.6847042714372 24.7109868881143 24.7217078570966 24.7315695385874 24.7405489235013 24.7486056529446 24.7556979831354 24.7617766532633 24.774171766602 24.7781046433213 24.7809305593555 24.7752773208383 24.7759317269296 24.7755808502804 24.781700540472 24.7870361253803 24.7843570124956 24.7886163324486 24.7704710249547 24.7670802281227 24.7639035905585 24.7685673231696 24.7813106211615 24.7654055402603 24.7875743734248 24.7814837650752 24.7842500426151 24.818183007726 24.8094318392836 -9999 24.8267433981837
24.1950791319947 24.2092569471877 24.2194498284364 24.2400821631337 24.263374825613 24.281530660538 24.3088664380121 24.3301886406945 24.3598142111743 24.3826069926774 24.4202943150644 24.4504671667093 24.4728625820007 24.4946291992694 24.5156034346716 24.5356749038637 24.5547751358262 24.5728760632468 24.5973291386793 24.6134527625125 24.6359876715843 24.6502687995081 24.6710512617488 24.6836318490682 24.7027616761349 24.7137037870325 24.723809358588 24.7256785177154 24.7413825273514 24.7487604016139 24.7551334225837 24.7678365742719 24.7720784439717 24.7752206574988 24.7772706191481 24.7782582815047 24.7782453665763 24.7847120287978 24.783008201034 24.7806744789636 24.7778921908803 24.7748630254357 24.7791965996042 24.7689549582976 24.8109050569711 24.8091643649119 24.7713452923445 24.7789913322454 24.8101110758605 24.7909067650636 24.8028531817742 24.7942819210482 24.7948252533689 24.8118894418817
24.1947533426461 24.2076245338828 24.2237665052767 24.2502812444428 24.2720053979644 24.2885418941945 24.3142535982308 24.3413390960222 24.3620174951759 24.390667809454 24.4195638388027 24.4557768637751 24.4769270566511 24.497559794526 24.5248852099166 24.5366856266687 24.5476358093597 24.565060441803 24.5889561519947 24.6046110007498 24.6194182248763 24.6407700272254 24.6613481289811 24.6737839585469 24.685467027882 24.703767102736 24.713909853167 24.7158623055176 24.7317148412451 24.7319015733254 24.7458951121495 24.7588885896 24.763459410638 24.7669761133783 24.7694366513947 24.7708749915347 24.7787361040528 24.7783289905683 24.7771614447052 24.7753828409277 24.7731637981939 24.7707032315525 24.7682126960637 24.7733085411566 24.7788289459399 24.7776038473035 24.7772456777685 24.7853502722434 24.7873108175802 24.8054682581513 24.810364522463 24.8020945281894 24.8176891229771 24.8275920084229
24.2122417031983 24.2239326781697 24.2387425233553 24.2638046177081 24.2839603722095 24.3062467748 24.322879832983 24.3408706416318 24.36722668115 24.3942036583836 24.4214730788896 24.4561342800105 24.4757907976339 24.5023980752921 24.5210431865704 24.5390041256392 24.5562125936702 24.5652634817141 24.5809016335894 24.6031389507247 24.5951345955884 24.6380320848506 24.6507337882931 24.6627652108669 24.674129886171 24.6848217109103 24.6948229880981 24.7114790466832 24.719980059141 24.7276546049265 24.7344573003274 24.747728117675 24.7526520042508 24.7565909072205 24.7595495840649 24.7615483177297 24.7626379573787 24.7628990951144 24.7624412339411 24.7614023909157 24.7673415537234 24.7656546857622 24.7713323409911 24.7697991810463 24.7834600004149 24.7829497347643 24.7758728543917 24.7920093188315 24.7945546991295 24.8058496282425 24.811222788434 24.810767184805 24.8267282324073 24.8295459064437
24.2471633496108 24.2504143885624 24.2565971790272 24.265449635335 24.2914517320233 24.3194783335851 24.334373477874 24.3505759259065 24.3825209162117 24.4002940105803 24.4331657912996 24.4660833619259 24.4840325195848 24.5090209686462 24.5261066572902 24.5351998661035 24.5436491053781 24.5661853749075 24.573267959371 24.5870650562239 24.6002198946329 24.6127651795929 24.6321062639907 24.6508941619485 24.6691281256853 24.6794082944776 24.6891105994766 24.6981940557192 24.7140158838696 24.7143402964245 24.7139015676799 24.7348332080576 24.7401233215391 24.7445338962991 24.7480610004178 24.7507167037622 24.7525427244328 24.7536086249499 24.7466172808482 24.7538811917658 24.7533627003063 24.7600236128878 24.7666578662984 24.7660689206771 24.7732559786167 24.7810292254259 24.7895868157899 24.7917176005281 24.8023869512258 24.8069440328045 24.8129065142737 24.8203654234792 24.8293764487461 24.8399651757729
-9999 24.2793336805738 24.284320055629 24.2843895300671 24.3014732530088 24.3278468677291 24.3557858197041 24.3701457312078 24.3854050153567 24.3938644234781 24.4322235674034 24.4706501355878 24.4941372000141 24.5099017547972 24.517824613165 24.5326352407903 24.5468754911128 24.5605267607871 24.5735934329622 24.5860987643401 24.598073267348 24.5947786365762 24.5984075857533 24.6016007568365 24.6486958767897 24.6510177460718 24.6676889334196 24.6764798656658 24.6847530676259 24.6924542725822 24.7069276521235 24.7133252000367 24.6968161887593 24.7313253723545 24.7354774873198 24.738869810178 24.741529435876 24.7435155296767 24.7449058395845 24.7532135231259 24.7537710144196 24.7541363678597 24.7544795159204 24.7549849301209 24.7706389834851 24.779440378039 24.7741773383853 24.7698250604265 24.7961292078466 24.8014496648753 24.8154908706377 24.8235450073525 24.8330653058894 24.8440790776117
-9999 -9999 -9999 24.3276688158512 24.3284431700353 24.3161967827214 24.3423350931686 24.3622378598761 24.4051833408114 24.4042456094865 24.4406110726757 24.4474238919623 24.476317236085 24.5049355253025 24.525772844347 24.5313305687021 24.5438097042066 24.5557875319028 24.5598839081364 24.5783216666292 24.581549735864 24.5844096221306 24.5721527049571 24.6261307903278 24.6280530316594 24.6370927497193 24.6458381465188 24.6542532460189 24.6697081262683 24.6773462678915 24.6845148670821 24.6985620715736 24.7046388920443 24.7101003454791 24.7223323193597 24.726522240521 24.7300894016101 24.7330762203093 24.7355498860648 24.7450050809501 24.7467534703973 24.7483324217943 24.7498957628821 24.7590088535238 24.7758478417809 24.7709860326331 24.7668013982567 24.7708538998792 24.7832919540965 24.8042493787812 24.8264381734677 24.8351423399684 24.8452159367962 24.8566862679558
-9999 -9999 -9999 -9999 24.3497932230985 24.3877528405484 24.3973669655529 24.4079978120916 24.4193691886502 24.4312192460637 24.4433174356266 24.4628717156104 24.4822963178158 24.5014711726595 24.5128940552841 24.5239184497315 24.5419269157045 24.54471071414 24.5545094234708 24.5639599775827 24.573114030891 24.5746190003407 24.6203534660516 24.6066662988545 24.6076712339749 -9999 24.6462988565733 24.6394614425706 24.6398472615966 24.6547843000771 24.669429123696 24.6837186655145 24.6901966601978 24.6962150821715 24.701749112503 24.7067774300222 24.7113038598755 24.7153569499652 24.7337857487761 24.7296543208169 24.7326663823775 24.7429396368839 24.753205759437 24.7562074326439 24.7743066376374 24.7780558575819 24.775015868964 24.7875395989712 24.7935654677727 24.8154168307781 24.8309960611808 24.8403829286128 24.8510361828186 24.8629797401987
-9999 -9999 -9999 -9999 -9999 24.4015477888378 24.4168675132004 24.403419461368 -9999 24.4375241839591 24.4475600704735 24.4724341814901 24.4749457517524 24.4994494042279 24.5162295916198 24.5252515738393 24.5339167629495 24.542245923737 24.5502779198282 24.5580668375816 24.558270234679 24.5583535145094 24.602813279408 -9999 -9999 -9999 24.6325684030115 24.6326510837049 24.6401291871513 24.6475410726335 24.6474244912465 24.6545408710285 24.6688216169675 24.6828139611968 24.6890597828376 24.6949456208282 24.7004588369234 24.6981989143071 24.7178151223395 24.7223430521694 24.7340668344203 24.745678102823 24.7498851868841 24.7542198869917 -9999 24.7934309162475 24.7915709823738 24.7977990240962 24.8122406600434 24.8202048100071 24.8291904497294 24.8466744550216 24.8579115326758 24.870323807737
-9999 -9999 -9999 -9999 -9999 -9999 -9999 -9999 -9999 -9999 24.4679784698987 24.4833746211028 24.4912117497421 24.5136453310649 24.5135491461666 24.5205599179239 24.5346866818122 24.5411384765013 24.5473818557498 24.5534830690902 24.5521065372008 24.5877969954485 -9999 -9999 -9999 -9999 24.612524931887 24.6195126824909 24.6414911951548 24.6413408521517 24.6412546304273 24.6485838091668 24.6558455192748 24.6629854851299 24.6773557275166 24.6766889208629 24.6831846800115 24.689426057427 24.7028322570854 24.7160281104806 -9999 -9999 -9999 -9999 -9999 -9999 -9999 24.816519936956 24.8171683284971 24.8260446722125 24.8358314497971 24.8540028804614 -9999 -9999
-9999 -9999 -9999 -9999 -9999 -9999 -9999 -9999 -9999 -9999 -9999 24.5326815460935 24.5459168930113 24.5217757046223 24.5196641611464 24.5247024799571 24.5294993907581 24.5489311189563 24.5385798489606 24.5430126140147 24.5697306956038 24.574326288185 -9999 -9999 -9999 -9999 -9999 -9999 -9999 24.6218301584691 24.6217663521384 24.6367022713025 24.644333678484 24.6520086202357 24.6596603901298 24.6672358721127 24.6746929700728 24.6820098060885 -9999 -9999 -9999 -9999 -9999 -9999 -9999 -9999 -9999 -9999 -9999 -9999 -9999 -9999 -9999 -9999
-9999 -9999 -9999 -9999 -9999 -9999 -9999 -9999 -9999 -9999 -9999 -9999 -9999 24.5460371397896 24.5568459072967 24.5451282836773 24.5480773376094 24.5508976045214 24.5610973667951 24.5787703795198 24.5594518002169 -9999 -9999 -9999 -9999 -9999 -9999 -9999 -9999 -9999 -9999 -9999 -9999 24.635458808843 24.6585898740056 24.6743696097238 -9999 -9999 -9999 -9999 -9999 -9999 -9999 -9999 -9999 -9999 -9999 -9999 -9999 -9999 -9999 -9999 -9999 -9999
-9999 -9999 -9999 -9999 -9999 -9999 -9999 -9999 -9999 -9999 -9999 -9999 -9999 -9999 -9999 -9999 24.5385341678137 24.5545184064794 -9999 -9999 -9999 -9999 -9999 -9999 -9999 -9999 -9999 -9999 -9999 -9999 -9999 -9999 -9999 -9999 -9999 -9999 -9999 -9999 -9999 -9999 -9999 -9999 -9999 -9999 -9999 -9999 -9999 -9999 -9999 -9999 -9999 -9999 -9999 -9999
-9999 -9999 -9999 -9999 -9999 -9999 -9999 -9999 -9999 -9999 -9999 -9999 -9999 -9999 -9999 -9999 -9999 -9999 -9999 -9999 -9999 -9999 -9999 -9999 -9999 -9999 -9999 -9999 -9999 -9999 -9999 -9999 -9999 -9999 -9999 -9999 -9999 -9999 -9999 -9999 -9999 -9999 -9999 -9999 -9999 -9999 -9999 -9999 -9999 -9999 -9999 -9999 -9999 -9999
-9999 -9999 -9999 -9999 -9999 -9999 -9999 -9999 -9999 -9999 -9999 -9999 -9999 -9999 -9999 -9999 -9999 -9999 -9999 -9999 -9999 -9999 -9999 -9999 -9999 -9999 -9999 -9999 -9999 -9999 -9999 -9999 -9999 -9999 -9999 -9999 -9999 -9999 -9999 -9999 -9999 -9999 -9999 -9999 -9999 -9999 -9999 -9999 -9999 -9999 -9999 -9999 -9999 -9999
-9999 -9999 -9999 -9999 -9999 -9999 -9999 -9999 -9999 -9999 -9999 -9999 -9999 -9999 -9999 -9999 -9999 -9999 -9999 -9999 -9999 -9999 -9999 -9999 -9999 -9999 -9999 -9999 -9999 -9999 -9999 -9999 -9999 -9999 -9999 -9999 -9999 -9999 -9999 -9999 -9999 -9999 -9999 -9999 -9999 -9999 -9999 -9999 -9999 -9999 -9999 -9999 -9999 -9999
-9999 -9999 -9999 -9999 -9999 -9999 -9999 -9999 -9999 -9999 -9999 -9999 -9999 -9999 -9999 -9999 -9999 -9999 -9999 -9999 -9999 -9999 -9999 -9999 -9999 -9999 -9999 -9999 -9999 -9999 -9999 -9999 -9999 -9999 -9999 -9999 -9999 -9999 -9999 -9999 -9999 -9999 -9999 -9999 -9999 -9999 -9999 -9999 -9999 -9999 -9999 -9999 -9999 -9999
-9999 -9999 -9999 -9999 -9999 -9999 -9999 -9999 -9999 -9999 -9999 -9999 -9999 -9999 -9999 -9999 -9999 -9999 -9999 -9999 -9999 -9999 -9999 -9999 -9999 -9999 -9999 -9999 -9999 -9999 -9999 -9999 -9999 -9999 -9999 -9999 -9999 -9999 -9999 -9999 -9999 -9999 -9999 -9999 -9999 -9999 -9999 -9999 -9999 -9999 -9999 -9999 -9999 -9999
-9999 -9999 -9999 -9999 -9999 -9999 -9999 -9999 -9999 -9999 -9999 -9999 -9999 -9999 -9999 -9999 -9999 -9999 -9999 -9999 -9999 -9999 -9999 -9999 -9999 -9999 -9999 -9999 -9999 -9999 -9999 -9999 -9999 -9999 -9999 -9999 -9999 -9999 -9999 -9999 -9999 -9999 -9999 -9999 -9999 -9999 -9999 -9999 -9999 -9999 -9999 -9999 -9999 -9999
-9999 -9999 -9999 -9999 -9999 -9999 -9999 -9999 -9999 -9999 -9999 -9999 -9999 -9999 -9999 -9999 -9999 -9999 -9999 -9999 -9999 -9999 -9999 -9999 -9999 -9999 -9999 -9999 -9999 -9999 -9999 -9999 -9999 -9999 -9999 -9999 -9999 -9999 -9999 -9999 -9999 -9999 -9999 -9999 -9999 -9999 -9999 -9999 -9999 -9999 -9999 -9999 -9999 -9999
-9999 -9999 -9999 -9999 -9999 -9999 -9999 -9999 -9999 -9999 -9999 -9999 -9999 -9999 -9999 -9999 -9999 -9999 -9999 -9999 -9999 -9999 -9999 -9999 -9999 -9999 -9999 -9999 -9999 -9999 -9999 -9999 -9999 -9999 -9999 -9999 -9999 -9999 -9999 -9999 -9999 -9999 -9999 -9999 -9999 -9999 -9999 -9999 -9999 -9999 -9999 -9999 -9999 -9999
