T2m/med_mese_clima/temp_med_06_2002-2019.txt
NCOLS 177 
NROWS 174 
XLLCORNER 1436301.375 
YLLCORNER 4916704.5 
CELLSIZE 1500 
NODATA_value -9999 
[rows 72 to 95 of 174, columns 0 to 53 of 177]
-9999 -9999 -9999 -9999 -9999 -9999 -9999 -9999 -9999 -9999 -9999 -9999 -9999 -9999 -9999 -9999 -9999 -9999 -9999 -9999 22.1039570074429 22.1118287992203 22.0200778617408 21.330009448574 21.7101790965898 20.7092894818134 21.7988915151868 21.9047122494166 21.7093263017263 21.1678672614073 21.6627516738909 21.4695708996035 21.4134373368736 21.4458829007691 21.0265319337486 21.3536183082738 21.372881367441 21.244775022964 21.1572695478778 21.0993759388516 20.977387528386 21.1861203825946 21.5154063275338 21.688784256292 21.7657289325354 21.9101985240044 21.8292957455643 21.9725820024428 21.7145627720679 21.2078043702386 21.1109969659327 21.2565396284235 21.4382065941091 21.7974705820948
-9999 -9999 -9999 -9999 -9999 -9999 -9999 -9999 -9999 -9999 -9999 -9999 -9999 -9999 -9999 -9999 -9999 -9999 -9999 -9999 22.0908897398837 22.1256178698929 21.5708473611 21.5040798862471 21.7090744196531 21.4237014780708 21.8973308257368 21.2004633649403 21.4369442743055 21.6347416361478 21.4122271706775 21.1847046243733 21.3600728851321 21.2184574134353 21.1950800354149 21.3656882139763 21.6129577423269 21.4291580507429 21.1996825827645 21.2365899964082 21.0824822856549 21.2159539259789 21.5591537476652 21.6277022178678 21.7033025908973 21.7417565530516 21.6193363156127 22.0017319548861 21.8110562575503 21.6162701968489 21.3825325312742 21.4250362563788 21.4319688366443 21.7904835889166
-9999 -9999 -9999 -9999 -9999 -9999 -9999 -9999 -9999 -9999 -9999 -9999 -9999 -9999 -9999 -9999 -9999 -9999 -9999 -9999 -9999 22.1233507541709 21.8322194064105 21.4993923818776 21.8396104249918 21.7801541196585 21.7256070833706 21.3013960820353 21.6775460926052 21.7835481332789 21.6844968173087 21.095783263483 21.2671500499221 21.3476544489197 21.2037802959006 21.5094604733499 21.8372710539768 21.5014355275518 21.3783056255654 21.3282276411394 21.289775271944 21.3215692807584 21.4580414147136 21.6562918072916 21.6663188531633 21.522685933273 21.6802018420297 21.7917452579409 21.6803828745814 21.7714737032184 21.5615449060578 21.6178109624148 21.5692076948335 21.4630650947606
-9999 -9999 -9999 -9999 -9999 -9999 -9999 -9999 -9999 -9999 -9999 -9999 -9999 -9999 -9999 -9999 -9999 -9999 -9999 -9999 -9999 22.1188083694508 22.1377011631945 22.148575148211 22.0155931970017 21.9393615436432 21.702012699302 21.6757417300652 21.8067906281196 21.7438129593891 21.7800211034058 21.3238499154685 21.5240542607746 21.6107022973161 21.3509390713459 21.3526870262349 21.8134426946537 21.6341334425703 21.4241268508051 21.4438754343743 21.5022512301707 21.5745994069187 21.4915635908929 21.5585025358246 21.6596987116154 21.6088911226807 21.6582382623187 21.5994424966865 21.7921928688408 21.7648004238252 21.8217350942574 21.6743868059202 21.6184947936775 21.8339048671996
-9999 -9999 -9999 -9999 -9999 -9999 -9999 -9999 -9999 -9999 -9999 -9999 -9999 -9999 -9999 -9999 -9999 -9999 -9999 -9999 -9999 -9999 -9999 -9999 21.9459186277018 21.8839933761844 21.6642647482655 21.8147173803656 21.729186206409 21.7960239122045 21.6615522257594 21.5438726709187 21.6734935133165 21.6558355663928 21.4725679420268 21.5981902826868 21.7298811359348 21.7217573612586 21.5319544518435 21.5335693499442 21.6245443937042 21.6970181513107 21.6088639009806 21.6497156805006 21.6713080129861 21.8988454397078 21.6748180992302 21.7168807628283 22.0445428215072 21.9447718723219 21.6721973682957 21.8375591863313 21.8925920136054 21.919159201446
-9999 -9999 -9999 -9999 -9999 -9999 -9999 -9999 -9999 -9999 -9999 -9999 -9999 -9999 -9999 -9999 -9999 -9999 -9999 -9999 -9999 -9999 -9999 -9999 21.9490309856632 21.6258873212155 21.7723089055768 21.8646206839788 21.5665687605034 21.6100291183854 21.7004264741946 21.6065600135317 21.834782633783 21.6987614565425 21.5568268491695 21.7131926078602 21.8287174043223 21.7964170562201 21.7883345273872 21.7607009805939 21.7830464841458 21.7925323738525 21.7564758476474 21.771681471346 21.7473082463251 21.9617268809261 21.8369205038362 21.8181375263599 22.2434235459924 21.9286090902137 21.8945739821152 21.9490833282471 22.2154089086053 22.1939162221829
-9999 -9999 -9999 -9999 -9999 -9999 -9999 -9999 -9999 -9999 -9999 -9999 -9999 -9999 -9999 -9999 -9999 -9999 -9999 -9999 -9999 -9999 -9999 -9999 21.8166941483892 21.8516733085363 21.9102591508726 21.6522696246589 21.6616310990709 21.6644754934661 21.7504360003261 21.7054410128073 21.9917966542649 21.8948132932034 21.6272830562726 21.7853935687859 22.0199689559857 21.8208311154468 21.8317396394518 21.880359275169 21.9291109019845 21.8813455899937 21.8907690551394 21.8997998487675 21.9283050277376 22.062977809635 21.9513195944167 21.9250080147009 21.9773514111685 22.1013397107027 21.9433776631209 22.0852684422014 22.3116465226139 22.2951395339208
-9999 -9999 -9999 -9999 -9999 -9999 -9999 -9999 -9999 -9999 -9999 -9999 -9999 -9999 -9999 -9999 -9999 -9999 -9999 -9999 -9999 -9999 -9999 -9999 21.804401828145 22.0262015613407 21.8864501080218 21.7947929574231 21.79880367994 21.7545899191198 21.7395905708825 21.9329229302105 22.1948011265556 22.0330486073805 22.0352404427026 21.9910428034924 22.1141074845617 21.9005865693701 21.9373882470003 21.9549939279964 22.0169678558031 21.9758871636171 21.9984397484729 22.007491118949 22.0225108101831 22.0703063801331 22.0374834024434 22.0103066246552 22.0158088593571 22.2394569156499 22.1945007255023 22.296618461647 22.382899612569 22.3537103947095
-9999 -9999 -9999 -9999 -9999 -9999 -9999 -9999 -9999 -9999 -9999 -9999 -9999 -9999 -9999 -9999 -9999 -9999 -9999 -9999 -9999 -9999 -9999 -9999 -9999 -9999 22.0436902723322 21.9209923659705 21.864508407326 21.8444054058228 22.0181492543084 22.1588825712106 22.1916385755837 22.1833301070093 22.0811382012197 21.9856619271967 21.9595131126172 21.9295072901142 21.9351171382618 21.9717196947009 22.040341171078 22.0832357561528 22.066654364268 22.0621556704757 22.0831917681152 22.1035121961343 22.1163971658944 22.0539717081635 22.1100162956602 22.3753163409568 22.4745164034391 22.4481436335797 22.4568799353118 22.3944511230498
-9999 -9999 -9999 -9999 -9999 -9999 -9999 -9999 -9999 -9999 -9999 -9999 -9999 -9999 -9999 -9999 -9999 -9999 -9999 -9999 -9999 -9999 -9999 -9999 -9999 -9999 22.2547942621117 21.8714608075442 21.9250807254403 21.9667557321517 21.9400320649147 22.2676830616795 22.2490500464445 22.1681349061686 21.935260442672 21.9372531897644 22.1073841716747 22.1691003624126 21.9827377085942 22.0070461646046 22.0826431020695 22.1124769103634 22.1349556912712 22.1233134568879 22.1304037604448 22.1430949346468 22.1547001330408 22.0972432577899 22.1267879992 22.3393608499913 22.5838137477979 22.5112203978868 22.4818215037519 22.4572577545393
-9999 -9999 -9999 -9999 -9999 -9999 -9999 -9999 -9999 -9999 -9999 -9999 -9999 -9999 -9999 -9999 -9999 -9999 -9999 -9999 -9999 -9999 -9999 -9999 -9999 22.3248953357586 22.2221067106282 21.9073805098789 21.9498297002733 21.9986845208082 22.0216814031013 22.21174830636 22.1636814470873 21.9962707434045 21.9869688037179 22.1590004664956 22.2055881219806 22.3696022795306 22.0560349224475 22.0679419092444 22.1382377512686 22.1684191367787 22.2046422165168 22.2658279508847 22.4055694492765 22.379722972749 22.213921932996 22.2161700903304 22.2100474521575 22.4100020459328 22.6183693420765 22.5274452761596 22.538555731338 22.5391307513147
-9999 -9999 -9999 -9999 -9999 -9999 -9999 -9999 -9999 -9999 -9999 -9999 -9999 -9999 -9999 -9999 -9999 -9999 -9999 -9999 -9999 -9999 -9999 -9999 -9999 22.2991675615006 22.3725972148194 22.0896878958434 22.014253717463 22.0055988122296 22.0427787244548 22.0537182237682 22.0578825258737 22.048793720826 22.2797791357622 22.3032657690584 22.2894103723467 22.3804281634085 22.3464739978085 22.1030481976872 22.1472962428251 22.191032004501 22.2339937607752 22.4077355706372 22.473296625975 22.4438687435436 22.2533415028419 22.225999225107 22.2320282865758 22.4833951283765 22.6122399605478 22.5909883507443 22.584031464915 22.5557228880976
-9999 -9999 -9999 -9999 -9999 -9999 -9999 -9999 -9999 -9999 -9999 -9999 -9999 -9999 -9999 -9999 -9999 -9999 -9999 -9999 -9999 -9999 -9999 -9999 -9999 -9999 22.3543833173707 22.321265054693 22.0480329279013 22.0324632548662 22.0767962229967 22.0878763446634 22.0723649617736 22.08967309821 22.3142517539429 22.3387824741512 22.36085723331 22.405916918131 22.4995349896822 22.4067516852156 22.3498289248267 22.2480865666312 22.2703610242631 22.3193373187596 22.5638793661981 22.5104783210109 22.3878524211327 22.2996731054889 22.3184700357807 22.6181406055221 22.6839313617459 22.646272584244 22.5956609827272 22.653472911733
-9999 -9999 -9999 -9999 -9999 -9999 -9999 -9999 -9999 -9999 -9999 -9999 -9999 -9999 -9999 -9999 -9999 -9999 -9999 -9999 -9999 -9999 -9999 -9999 -9999 -9999 -9999 22.3892101430802 22.0829591001283 22.1006518405592 22.1050641270281 22.1230024033503 22.1138199356172 22.1246118738125 22.2564449002383 22.2679479089048 22.3105755957227 22.3733579264442 22.5094028884119 22.5262627338998 22.4138327717096 22.277660070746 22.3212309505595 22.3489736709482 22.420044662281 22.4286258424683 22.3629328430384 22.3682137986938 22.3786542552641 22.6766571653757 22.7459496877812 22.6895781007154 22.6041587033187 22.6434881841314
-9999 -9999 -9999 -9999 -9999 -9999 -9999 -9999 -9999 -9999 -9999 -9999 -9999 -9999 -9999 -9999 -9999 -9999 -9999 -9999 -9999 -9999 -9999 -9999 -9999 -9999 -9999 22.4514297413643 22.1547603854959 22.1375320809935 22.1414509856381 22.1663267476196 22.1842438886525 22.1880338190083 22.1705911544319 22.1736015503891 22.1894978382274 22.3854486280018 22.4739988296272 22.5945801217285 22.493610382042 22.3649019439482 22.3798955388529 22.3929335557562 22.5384515848958 22.6503311164611 22.5704393826834 22.4378173954947 22.4396780092902 22.6821339877553 22.8171235625543 22.7904540235664 22.6839612336071 22.6818527078415
-9999 -9999 -9999 -9999 -9999 -9999 -9999 -9999 -9999 -9999 -9999 -9999 -9999 -9999 -9999 -9999 -9999 -9999 -9999 -9999 -9999 -9999 -9999 -9999 -9999 -9999 -9999 22.4934149759787 22.1932330475989 22.1824282665438 22.1859674424428 22.2107328648083 22.2215088676675 22.2251045149709 22.2143401349794 22.2170229658466 22.2471049293248 22.2896513267876 22.4083971954778 22.53037917869 22.5755743127825 22.423605780568 22.417073020457 22.4225426339479 22.4621748682944 22.635593846878 22.633025492212 22.4719333531452 22.4652615214292 22.677344782561 22.8920144902716 22.8911822164576 22.8447134358521 22.808198945504
-9999 -9999 -9999 -9999 -9999 -9999 -9999 -9999 -9999 -9999 -9999 -9999 -9999 -9999 -9999 -9999 -9999 -9999 -9999 -9999 -9999 -9999 -9999 -9999 -9999 -9999 -9999 22.4781874942369 22.2618506897531 22.2074241702888 22.2175120847588 22.2490510361633 22.2665542704012 22.2627457368876 22.2586917857025 22.2682607248521 22.2984284043388 22.3135205747828 22.3346247048822 22.4625673592471 22.5874736569774 22.5932918232063 22.5241531779178 22.4946005565149 22.608291378309 22.6447218319694 22.6963015709496 22.5770750386048 22.5364843445567 22.7439235402402 22.8471415247269 23.0008509354345 23.0430990286257 22.9615041670671
-9999 -9999 -9999 -9999 -9999 -9999 -9999 -9999 -9999 -9999 -9999 -9999 -9999 -9999 -9999 -9999 -9999 -9999 -9999 -9999 -9999 -9999 -9999 -9999 -9999 -9999 -9999 22.4713906166958 22.4866383455189 22.3058090464594 22.2575298579716 22.2815034801324 22.305666089743 22.3083929097896 22.3037448268132 22.3130007066489 22.3431817692815 22.3437677241985 22.3720764893073 22.3846542121959 22.4101496164902 22.4631091084897 22.5290271160246 22.6610938282077 22.7158545994058 22.7538245582946 22.7464762204832 22.7673142741162 22.7303505579098 22.7817174259426 22.9178042978163 23.037033984792 22.971324056425 23.0653467676192
-9999 -9999 -9999 -9999 -9999 -9999 -9999 -9999 -9999 -9999 -9999 -9999 -9999 -9999 -9999 -9999 -9999 -9999 -9999 -9999 -9999 -9999 -9999 -9999 -9999 -9999 -9999 -9999 22.4876385535165 22.5100323692973 22.3063402555759 22.3297042578725 22.3460591911204 22.3552439389025 22.349770270583 22.3731133685487 22.3959549870984 22.4107526889021 22.4245396429247 22.4370562450563 22.4700771285885 22.4940185274353 22.5159545717035 22.7336621215974 22.7227967139405 22.8010441849667 22.7978878120581 22.8307903689138 22.8840909973643 22.9360100278681 22.9957879162078 23.0638797532096 23.1185896950054 23.0981938940964
-9999 -9999 -9999 -9999 -9999 -9999 -9999 -9999 -9999 -9999 -9999 -9999 -9999 -9999 -9999 -9999 -9999 -9999 -9999 -9999 -9999 -9999 -9999 -9999 -9999 -9999 -9999 -9999 22.5343637751132 22.540920520689 22.525915962412 22.4160405765472 22.3729809072739 22.3960097016122 22.4044120854497 22.4199536208677 22.4350875925515 22.4495717461386 22.4631449743097 22.4829016129176 22.508596273446 22.5325843412072 22.5472010500434 22.5669640056399 22.7387692886447 22.7061756334695 22.7626182499364 22.8577242963311 22.9746460971324 23.0394936736821 23.3304243902289 23.3302488238723 23.3588996126886 23.3666774497331
-9999 -9999 -9999 -9999 -9999 -9999 -9999 -9999 -9999 -9999 -9999 -9999 -9999 -9999 -9999 -9999 -9999 -9999 -9999 -9999 -9999 -9999 -9999 -9999 -9999 -9999 -9999 -9999 22.3311082382007 22.580623668653 22.6236808596138 22.5931516160682 22.5113075718112 22.4672219925685 22.4453969361073 22.4676252072951 22.4748694976247 22.4889476168354 22.5169930402879 22.5292343640388 22.5475080410259 22.5567433499513 22.5862652640766 22.6376987782475 22.6087711708451 22.6309444302572 22.6502858270554 22.6517509306908 22.9028093705232 23.1167645255725 23.3731643489037 23.3974332673949 23.4020299116009 23.440399879849
-9999 -9999 -9999 -9999 -9999 -9999 -9999 -9999 -9999 -9999 -9999 -9999 -9999 -9999 -9999 -9999 -9999 -9999 -9999 -9999 -9999 -9999 -9999 -9999 -9999 -9999 -9999 -9999 -9999 -9999 22.604124750823 22.63170413534 22.6300974868114 22.5918281195188 22.4798783006796 22.4939640098529 22.5153075955989 22.5215013118539 22.5344453846434 22.5538719745584 22.5646653761504 22.5887593726317 22.6036000519725 22.6388607365418 22.6414835213245 22.6566066111641 22.6688650694615 22.6556772159967 22.9000326610845 23.2588903154145 23.3981387140955 23.4075281136642 23.4124247944066 23.4509995167892
-9999 -9999 -9999 -9999 -9999 -9999 -9999 -9999 -9999 -9999 -9999 -9999 -9999 -9999 -9999 -9999 -9999 -9999 -9999 -9999 -9999 -9999 -9999 -9999 -9999 -9999 -9999 -9999 -9999 -9999 -9999 -9999 22.646164232934 22.6586647473685 22.5078647392844 22.5284519930909 22.549075564548 22.5738021137614 22.5746385558279 22.593886366064 22.589715378152 22.6288732916003 22.6439519088387 22.6644756915773 22.6676988535076 22.6757978610076 22.696050288729 22.7882519893034 23.0100232257316 23.2854145301713 23.4283639807659 23.4381861083809 23.4510586555586 23.4669811652538
-9999 -9999 -9999 -9999 -9999 -9999 -9999 -9999 -9999 -9999 -9999 -9999 -9999 -9999 -9999 -9999 -9999 -9999 -9999 -9999 -9999 -9999 -9999 -9999 -9999 -9999 -9999 -9999 -9999 -9999 -9999 -9999 22.6783813130429 22.6895500876362 22.6189730167389 22.5490349345813 22.5763537698779 22.5887290689985 22.6008237709183 22.6198211905295 22.6080163607271 22.6398606768513 22.655182245172 22.6686002449971 22.687290795842 22.7034493484564 22.7168583770593 22.9822333479065 23.2440651174097 23.4337035899418 23.4561505930482 23.4740435260314 23.4872813990594 23.5035193895167
