T2m/med_mese_clima/temp_med_11_2002-2019.txt
NCOLS 177 
NROWS 174 
XLLCORNER 1436301.375 
YLLCORNER 4916704.5 
CELLSIZE 1500 
NODATA_value -9999 
[rows 48 to 71 of 174, columns 54 to 107 of 177]
1.2254812569802 4.8855360209808 7.04617922544675 8.06886347522019 8.04588379460881 6.60608266082115 5.70312412206513 2.97497506045465 3.74365981723728 -0.102194825916557 -0.741020044742422 1.8170379627275 3.00089221951766 1.35921577313568 2.16266709111016 0.672669441924071 2.92278300016605 5.20775805655374 2.98571124281227 4.93145180079169 3.18875682927696 1.2164774024193 0.686623313525216 3.67504324027265 1.71845463877224 3.47929213640989 -0.168996165601857 -0.278505997888173 2.08109531161068 1.21131751241002 0.268847533236447 2.4363240424139 0.948464091547411 1.38723149691156 1.38258479573806 0.473502399582938 3.5463828118331 0.599438090560341 -1.28511370724797 -1.55714843387197 1.93953337837977 -2.93658474793379 -3.02911272104543 -2.93293714749733 -2.90596661453486 -2.6898295993312 0.512380021873928 2.69735071265086 -0.91709317494104 -1.84621883694498 -0.439838169753723 -2.50000052257342 -1.19295311382151 1.68811310947679
2.02364620978715 5.13601329295477 6.94651018042406 8.13518566995803 8.08475046032754 7.48910883913741 7.02247021355837 5.49524194529978 5.06827663708971 3.05483283102234 2.31708527641725 0.381049172336379 -1.40774444625771 0.838328254463042 -0.573770658218105 1.04374740229518 4.17178252833357 5.01921375959949 3.25660724240603 3.11257737275603 3.20473102249127 1.65802619875408 1.07399848127251 1.17238920946077 0.413641639508099 0.787705497257018 1.07936732471323 -0.678109368709154 1.71506887177765 -0.347744589634385 -0.497423627577506 2.62581914503507 -0.429220724844867 1.68811908698218 1.39172507708486 -0.464213915174452 2.48262058674229 0.516556964883706 -0.730135013322021 -3.49937369421819 -3.0310310018984 -1.3672153202444 -2.07208797426056 -0.774684670838049 -0.500508839604235 -2.31049533248595 2.45460953953011 1.1897042501092 1.37575232377834 -2.14062048493848 -0.32977719379571 -1.38385276629645 1.43739613555519 3.33688581819969
3.89593042656993 6.02439482020739 7.89222342115287 8.20119586486539 8.17343472772434 6.40776661721592 5.07442807122638 5.1497617129617 6.10979226623942 4.96665520819194 3.95688147246509 2.1042742049357 3.06971728425646 0.951573022824588 0.478470155244623 -0.591477767425078 3.05111581850904 4.47309568480522 3.31805402639727 1.51174455198178 3.95380419872023 0.999470732479205 0.635651147110618 -0.211450545497389 0.635067542401255 -0.952406448898069 0.513413109802114 -1.31228669355822 0.164283008297027 -0.912114568484465 -0.351748258033805 1.97231882941549 -1.21855253743013 0.210120710171142 1.33772576711065 -0.401336508233334 -1.46992108732337 -0.684751875708802 -0.148806702065813 -3.73352215487499 -0.174477806674405 0.257951968068677 3.83066622963163 0.843788126239795 -2.07058234464741 -2.78702773808037 -0.0187003035178303 -1.9378106224825 -0.832360669785725 -1.80207640352612 0.751486930977906 1.59487457953264 2.56693831300467 4.63457449321724
6.19780817838476 6.48940950768334 8.29158600604687 8.26660286144452 8.23654814774362 7.13087070066254 4.68107487752696 2.13290794262729 3.928058391407 5.63240853788063 5.82654860210441 5.5925938871361 4.39029797037034 3.29434177711131 1.6549359061068 0.812928539535471 1.42543976223894 4.11514018522585 1.26952917413074 2.09262068434558 1.47913976804743 0.99470004299646 2.50601023420807 2.69326399457716 1.05041529715933 2.63286369400325 0.654385518938433 2.18777491556386 1.52796383953499 -0.48968373429798 -1.1953035026444 -0.926261461538333 -1.80014542548657 -2.04108006777489 -3.06159891747866 -3.351671307677 0.4171932688991 3.52303014459707 2.26000381354239 -0.217243680053319 0.422966636746697 4.79317162284094 3.94640744268527 -1.30795911741608 -2.00578386626143 -0.50121735274861 -1.18137689741474 2.95398363563853 0.358217675390662 -1.04182376952009 0.357531365032914 0.809666168364301 4.04292924311024 2.79212845615274
6.85669823273708 8.37979300710511 8.3579881428995 8.33110053361369 8.04266935170823 6.76705235490334 5.41761364542021 5.00266841616685 5.36380605576792 4.63678085365926 4.08924944044503 4.18499835064839 2.085457274785 4.0012414054431 2.20945411153427 -0.840267694305665 2.39109281289522 1.69632575039763 3.19146755012163 0.274559103791825 1.78873362538043 2.01794271619335 3.96616630956537 2.0440668259498 -0.718434769496597 2.97081507890479 3.29484312737025 3.49857028254683 0.811154264177621 2.22321880505597 0.288921092524877 -0.357904966451714 1.43355089399679 0.00551353215488203 0.113647529242061 -1.77168831995593 -0.69499321658287 3.6954395543611 3.38860635657769 4.99136824924225 5.16238502760886 4.53664547362731 1.93254514681606 2.31537588945274 -0.974847020259123 0.519419239198694 -2.13797786931256 3.44118207418225 2.70852043540468 0.353737118705826 2.32869597412536 0.957687736939953 1.11238383146623 0.958292763677539
7.95683453993418 8.44627012059466 8.422941157909 8.39435410257319 7.05362732523277 6.69329444085432 7.41800829915538 7.19895316222118 6.14006253298742 4.44069846824102 2.81020404995827 4.26854498148148 0.782363186039236 2.46863492334372 1.90242145689795 -0.109403927688542 -0.70431663298309 -0.166945854194668 0.706111705659011 0.0198507150334978 1.49802626878319 3.82936968036347 2.58542547110076 4.24201774371237 1.50997839404937 0.207171069871137 2.42065509404596 4.17054560913056 1.93705499139738 4.31785062719051 3.15176909209843 2.87945243861036 2.37962436068848 0.566130985701186 0.14157521976667 -0.257426605291427 3.50547546235492 3.50153332877746 5.13893440080707 3.92391768662464 3.08747803340858 4.26778663890546 3.1034296498595 0.312492357443703 3.19317916061724 1.28120412626642 2.0624313131691 4.13516894427297 3.2757300498185 3.62867961983574 4.82237829289614 4.5839766681703 3.42654183369727 0.950192029279388
6.47581653339848 8.5106738340704 8.48604471564282 8.45597182703452 7.12238141077646 4.51032034101762 3.55487205743033 6.6016666876424 7.15364179459861 5.5089559028534 3.95628399253298 2.72875020173276 1.81773222854682 1.6795635367565 0.844901316009118 -0.15009407132751 -1.42573783097389 1.02717634838156 2.41237607463481 2.06899411159168 3.6694273107129 4.53697316826184 3.39713017534371 4.83324977231718 4.41652919206954 2.77857959039903 1.43114858909628 4.31750637372539 4.6178023704859 2.6743479847917 0.689680288838317 -0.0157732649852823 -0.65586373334443 -1.27489929005391 -1.4717096603807 1.37660968072961 3.07034545998415 4.90407718016517 4.42674524208181 0.959125823077613 1.17045194974475 1.46306076274391 3.48162667083247 3.6862148159985 4.98750142771777 4.03065203921585 5.32908182565333 5.54944786545265 5.31348821159634 4.9214678650125 2.62902187763672 1.00226276676866 3.76301154657446 2.27284794299228
7.72236753456988 8.57247092489769 8.54680060555723 8.515565708741 6.2248563761884 6.27016414998148 5.30158278643272 4.21772738401853 6.5463038271312 6.89452723929171 5.38465085784079 4.88551214096827 3.8309241287655 2.27647425064027 0.674700525315947 2.87351077020253 3.32491419854473 2.86202404977577 4.49374681053754 3.84328557874443 4.16389904688342 5.17286585509258 3.7511623109963 4.91872485372593 4.4829005190534 4.27064396392287 2.2842346975708 3.6904870549102 4.25027350530879 0.358991724684245 1.23381904695619 -0.224928107732588 -1.26950086131376 -0.723678112819837 1.66401558847383 2.67067620460172 3.1768964930954 5.07792288936431 4.8003855383769 2.21748066766802 2.92771731382758 0.545824788150115 2.82526690328653 4.99625339524837 5.19315751474932 5.55783422441867 5.30226904312599 2.81975953895127 2.25472116188551 2.70415131168572 -0.179105129123243 4.62888807970721 5.91249670772795 5.97338860274468
8.58365754837939 8.63109129152351 8.46611136668175 8.57264296836422 6.98171577065256 5.52625386411266 4.71033975413766 3.86095690946401 5.34395509947715 5.98296101961282 6.79407325954396 6.67866011093285 5.40454495222532 4.61580726574389 3.05383221670658 3.46480348456331 4.50889002105927 4.94028583901984 4.74526076679699 4.28788278155132 4.73417349102279 5.23627144696393 4.826758173635 5.3078736357746 4.53394950306631 2.93251023093364 3.55643017712847 4.84349447343715 2.92369190964031 0.55182221402657 -0.0388091561876747 -0.375423019242696 0.841678500913405 0.13260401821065 3.23169559318962 4.35277024892483 4.42996298174809 5.46107439303104 4.33453287005979 3.8513465801656 2.48684928450144 -0.333323160266701 0.852442861706905 3.38767672021021 4.894668120593 5.52762348003444 5.6433480174629 4.08285642914167 2.61653368941486 0.0414544518188765 1.53485812888002 3.54753130523299 3.64167561312537 6.15156034696361
8.70722442285068 8.32410667043511 8.23223918192182 8.62667538555609 8.58400518603474 5.89963453275129 4.43679211864255 2.32389590556389 2.19272955764521 3.03968391099441 5.05027755362484 5.60423545379837 6.21258003888495 5.36322058286278 2.51823139540143 1.66789475760624 4.0596892187341 4.72438071249476 5.34876158790634 4.45944118251321 5.56521624925089 5.6270640351202 5.73040642995037 4.78202887323935 4.13609182967253 2.99525351788175 4.9158751460672 4.5548141568362 1.61768730144276 0.955036295354583 2.70335666387945 2.53584977565705 1.46535203292931 3.26987585591874 3.99795581912805 3.29313344640709 5.27272778459205 5.24608980094753 4.52157315331259 3.11609705896349 0.50966344624715 1.62834272342435 0.39722215449814 1.09793629994607 3.04889836025797 4.10984426501795 5.75304974386444 2.58961923955441 1.64633275560614 1.21128651830042 3.68543754045784 4.5049007037781 5.77901961526992 6.34616587186601
7.77637830253048 6.67331047833552 7.46369326888681 8.67709430772066 8.63892405287095 7.14926097656218 3.91964325333968 4.50825552142909 0.893429332423783 -0.035317942678012 3.59586593502503 5.80928253442535 6.23867169885195 4.05063270483804 1.96989375230491 0.688783739863998 1.43831533406672 3.95505023215491 4.18227536710097 3.85546696846063 5.35871978587297 4.06404615047552 4.30436065926182 5.68825815474568 4.82578902483983 4.86167378403939 5.02240890021173 4.70548681288912 4.47715992880196 4.26408333313466 1.3314173401046 3.33579474649672 4.47222399366898 4.53655591870851 4.54624091521755 4.60836743644693 5.36021814234297 3.93567530626328 2.72020925060984 3.06582585885237 2.43942506115128 3.97736328598415 0.825140930777832 0.00316451879179654 -0.230836893002919 4.75453263565906 5.47593769400817 5.30054944280866 5.19878573052213 4.02958214829657 5.23179084432315 6.11277418904805 5.97263705674816 6.84699945388387
6.20962455163068 6.58255909117161 6.06376417032085 8.72329146143295 8.68566921562287 6.94564439861334 4.567720355017 5.12749846087017 2.57936146127446 1.43453249855187 3.98490979059856 5.39711598221564 6.39583542673184 5.47079835510592 3.78086204029615 2.1680939327765 1.64930762915404 1.82853429971143 1.63233917095117 2.69284284844677 4.47008795097791 3.64703079094198 4.44539943651883 5.6646992074692 5.93774420694413 5.33203803436389 4.72769424227717 3.91285836261795 0.734476072121632 1.19498259212944 0.281510022054178 1.59529020399552 3.65666370053026 3.38494065543183 3.21922790859684 4.23125475882363 5.49370197073776 5.68773211858493 4.71453081912474 3.61965137688384 3.59060245772947 3.10502219960136 3.55240328041087 2.37786566309002 3.81671280547744 4.94280719098133 6.30630735354176 5.22713085086555 4.39204229981665 5.30888318403044 5.70465644738357 6.07864324480353 6.83513306501658 8.09823202404382
5.44399519220026 5.6185757041302 6.13894980842685 8.3084506281184 8.72805687150815 8.06600166145608 7.2928935702774 5.5587188895534 3.12626964879942 1.701945613453 4.92314949655876 5.41244295364993 6.0993357736389 5.91684092019727 5.39189852904584 3.76767822878808 2.67355730752073 3.57537555125011 2.57593528140877 4.25237701862044 1.9324177169465 3.81338529812676 4.50601170202262 6.21713530822695 4.60634681252361 3.62840878699445 2.60434500602538 1.07803053406494 0.54623553024164 3.41003492241956 0.949711367714327 1.2905410920746 0.946422988135521 2.01548056058799 0.963515149993304 3.53714268743974 5.74831536603592 5.05180894261303 4.12799515609306 5.57080129287395 4.51987929232081 4.15444265438118 4.88431029828003 5.02511126628764 5.23615641313918 3.5208273437571 5.7859701702349 5.74740862077892 4.60831877923676 4.12859165134398 4.14604334953835 6.50558513332014 8.24426372911235 8.14943435059476
3.75598012899532 3.89897354482268 6.40039051534993 6.36315685731462 8.76544489385073 8.67277357556476 7.02613737831272 4.0245513643549 4.1094639126924 3.0319277776665 4.06045126691634 6.24563242258483 5.03554448057423 4.40609767092821 4.74264636641603 2.42886404374173 3.55964283506077 4.77044465942314 4.06005781600319 5.21331354175073 3.13459604187496 3.54109606534853 5.2963546718835 6.36974424890573 5.13394145961192 5.26671398683843 4.57069408017164 2.34188911760985 3.26095194874819 4.53023710487758 3.93173019672018 1.2951228065106 3.11258749440754 4.40963181733192 2.28612928939145 2.55316588408514 5.60268873824028 6.04085398164401 5.33183421083707 4.47369496979173 4.67972034721495 5.53931687765862 5.60582189534226 5.76083649537852 5.59447782606739 4.15471342162516 6.16856082606201 7.21931746348643 6.43916793475218 2.933625025343 6.48439320373711 8.23434767580378 8.30962148117218 6.93033866373407
4.01284500776047 4.7470156318974 6.47426826310138 5.70492977838674 8.44529093046476 8.75908400725048 8.29618386207852 6.53983381018366 4.76889815582334 4.83854993984355 5.89893457584807 4.89316533247078 3.87862799301173 4.40092419218703 4.48989317507257 4.83737475872666 4.65079039863724 5.03852222960207 5.37048618689244 4.54408559721816 3.22710672349436 4.85364291348417 5.49636507338048 5.56582761904651 4.90198259241055 4.69447931978785 5.29705307686723 4.67557456058537 5.19192931610519 4.95327500262494 4.05621385436571 1.74279194151367 2.07006260566812 5.19539293536437 4.05275469048192 4.34643203324063 6.30352159258203 5.52189220207237 5.34963856671369 5.93157024398599 5.89050913546454 6.13327969859038 6.00147883508764 5.47092251569836 5.49213760954254 4.73284304188492 3.30119211455482 6.9275959224095 7.20207122297638 6.67217470652747 8.44445748322876 8.34284017939004 7.74372805112898 5.11751683947327
5.28332662123428 5.71529368888073 7.12560639581199 5.99262675550077 6.87975378650206 8.73452797093395 8.74716850293016 8.6499559742668 4.40446700450812 5.63000471670625 6.5543423333749 5.26121908660093 4.89898354650822 4.59188973605442 5.28186839938767 5.35695622884934 5.6353990144549 5.90117189263934 6.14039722445329 5.97128326594984 5.81383687166533 6.4418332126161 6.29437679803985 6.19176373135493 5.13071132716498 4.15154715477705 4.74622643525405 4.92422805642299 4.53726565091583 4.89095254874278 4.76087884124973 3.73536138959595 3.92244570314492 5.31745888236969 5.08037216802439 5.6391695842786 6.59361787200158 6.35457835910752 6.51497478247624 6.52936139416483 6.03192483238854 6.36236777590448 5.85096148729672 5.0341321246448 4.18802734052343 3.16953298564666 1.98212150845204 5.62108977078781 7.55147383769821 8.23115181614964 8.48004282266296 8.00104768279265 4.32376579284916 5.08374010205643
5.06584986184373 6.08696788371489 7.27435297231461 5.753372384312 7.41501814053994 5.92069766659565 6.38390643392839 8.73147946117845 8.22363945565285 7.22820443202855 7.05676553235748 5.67802704150617 4.76677246797166 3.98116804339432 5.07995777875821 4.21845355431731 4.70445876082444 5.26702358170744 5.90973941843918 6.0608124177891 3.98087518975542 5.4199459584117 6.7440645791358 6.02485703545926 5.49803375142126 5.49803046575249 5.48940591182611 4.7861331913147 2.01024686220412 2.30583474527689 5.27891275425534 5.5471072875566 5.11669513170366 5.54584037911003 6.57106347740017 6.8887844701009 6.63534961809012 6.3677427219496 6.60512468083716 6.99866050367443 6.64965476401177 5.74808434738123 5.89022917633795 5.20845328706874 3.88259485190501 2.62556606846572 5.89832090445891 6.08373746351136 8.60185278514576 8.60553992422194 8.17566893468177 6.35492151767581 2.57176093929244 4.2864634199004
5.53828218731718 6.45389903341182 6.95433149805569 7.59198235495215 6.15540244315224 4.54308269912653 5.80876531421927 7.12740368608758 8.71380635102456 8.43521944727061 7.56703930816661 6.24139683344279 4.74246470960436 2.39068760761358 4.20894619498026 5.2742176720026 4.33421132975657 4.43258719783258 4.52553729885955 5.29794886675318 3.45594873047139 4.86070694834859 6.16134974072881 6.33486055552413 5.78733107064486 4.45802443242738 5.72418236047208 3.79019478854778 3.24086823029254 1.49490751117419 4.4003777187294 5.60835447610186 6.47098650322585 6.62223250891353 6.95552023748821 5.25203660440986 5.7056951297172 5.09613083407565 5.07856191264868 5.46867149409169 7.36799715311616 6.20612597127364 4.76453691810614 4.57453625657912 4.83458051241353 5.43100818810129 6.29247408321478 8.58112132166859 8.71043384122915 8.58426895975879 6.96013150138054 5.73930797214646 5.67943954498634 2.21739239497851
6.64578141221069 5.93490173505509 8.08555995248085 7.67118623798241 6.59875766270196 4.593130420066 7.24682673138102 8.64379566695692 8.53613181970092 8.70298038145459 7.8341633253532 6.69792000831926 4.33959213170786 4.0356141183326 5.22762791428147 6.86865298291411 6.04214511235422 5.46219678665047 6.26687645441647 6.04340039149018 4.90963459802863 5.03822755321147 5.97979172558381 7.40222167968947 5.87117918837687 5.60154931847216 6.30458316251073 5.7772627149278 3.78328918097091 4.72589049395441 3.4047632383797 5.82382072501256 5.22169586449912 5.62498102692403 7.11624566631086 5.98834432248766 3.17590416188321 3.32562527080248 3.71702199672241 5.09152078533481 7.16447708502376 7.09973384260409 5.55200855598154 4.62196893897755 6.14426633771797 6.0900577864361 8.78906874781423 8.81007034602125 8.75121371088533 7.68348397679736 6.61248113563812 5.19444451220352 1.88402618022177 0.845149087141053
7.92727820159931 7.99921473233858 6.84637565555038 6.80096434559078 4.90917483227604 6.71287475855944 8.28695920281629 8.08763830676948 6.34605366521088 8.71517707705553 8.51693346442423 5.50644484178238 6.14289672309556 3.89839260414776 5.84638863948278 6.47775205277801 7.07410987563507 5.68273517792128 5.67108433180249 7.22784504235425 5.40767035640056 4.78424166932419 6.62298223224955 7.46570884980978 6.35005758350946 5.43666918974391 6.96297930994008 5.46113859309776 3.45936119134001 5.92560266113973 5.01472429643985 5.4345377898103 4.76087026832906 6.77365385531255 6.25170154043761 4.54585482327939 4.87403866534925 5.20063904374225 4.11360495100975 3.87075732806347 5.50717909209794 7.64579038440219 6.99265002220523 5.68587586938169 7.10475221828085 8.5812257913697 8.89189983383392 8.79342586364938 7.53188578510037 5.79990918531006 5.31148441609895 5.71933064467279 1.56142514555859 1.55967943653481
8.41411497366953 7.95726787718868 7.82175916406238 7.08096948059741 7.63015495509229 8.5451481633554 8.67860823191408 8.61608455865022 7.3597068228824 8.54370591577593 8.6972528289354 6.25340848911807 6.98858772355452 4.4418184407848 6.54927244708962 7.39871189774302 7.52267714281663 6.71816433315189 6.24903988800731 7.04625390852107 6.54051306104471 5.59064577210067 5.43857934359169 6.50276506661885 6.24889492662265 6.88024270737635 7.23338737939103 6.64319851016378 4.95506730262453 5.57537649241528 6.80465367153783 6.85041598051939 6.39861477446554 7.65205707897141 6.80189200143508 6.81342953926725 6.81457129885925 6.36149284152866 4.97489991055801 4.39199639324343 5.56887794277579 6.88253685935867 8.18400923577114 8.12244329690859 8.86895403883378 8.97195753413392 8.95988257556036 7.19137766234188 6.34613694867084 6.13957130583867 4.27918301410868 2.11711263668246 2.41254198521892 4.88868294476623
8.48675805820908 8.47543094299704 8.53958339763032 8.56323255865098 8.47788314128646 8.51091006890372 8.66901036021777 8.63377234179786 7.72898874755931 8.29522512786131 8.70743090631451 8.19130702703307 6.58078502572312 6.33174094973024 4.22635565895371 6.67210571858033 7.59007116397163 7.28353305977061 7.26848157021459 6.97899879367703 7.32018464914928 6.29191184914618 6.21226669361325 6.92364112176732 7.57531092436839 6.52483983228619 5.42363727642987 6.91488752409756 5.14590109461395 4.69733898037764 5.73461686466328 6.43677223447461 7.39063065916754 7.41710715467129 7.56684008132916 7.45917489553199 5.76785311673009 4.91507721972576 5.26741681812423 5.29395240021921 5.9764859080382 8.13548268024602 7.90607237874948 8.30110081173911 9.03394485501148 9.03422049255421 8.90877946432082 6.4966371362041 4.68146417390516 5.30991878182401 4.23883347663505 1.93903715194204 3.78978079945164 4.20021255345265
8.55015268737199 8.55418581546349 8.54111695780255 8.50552677220668 8.45541863114893 8.49183163995782 8.48264439688124 8.3643728425423 7.22097631985655 7.68382883807186 8.67050025265258 8.65179361354785 7.25379741332743 5.9484516565923 4.8478169942798 4.76930346057352 6.38052496326382 7.15054134798333 7.64873855060666 6.75041836797293 6.48309602516411 7.52302804331135 8.05190613113111 8.05244210857203 7.89197337991733 7.08903664385946 5.53177201433994 6.66015579128832 5.58783708028869 4.43918987646222 5.19715677817354 7.53694497605699 7.25667013689895 7.28705119008875 7.29794630582491 7.3312131888894 5.74588503833105 7.54898839805508 8.35655542968326 8.25342660867053 8.21348363630089 8.04143620736533 7.30378769635459 8.76485161132355 9.08980292859893 9.08493666448985 6.78166996115482 7.25073620664482 5.80453456510843 4.8647955891226 3.90258866877489 4.2867750697801 6.25764900733855 5.52599134359112
8.07581523273198 8.40813426058844 8.38545036597661 8.47270835911605 8.46990818321522 8.45315915991919 8.43980235269503 7.98937517655686 6.78356163556251 7.2800050379718 8.4902495187818 8.69059733845907 7.99670144889007 6.93326133443027 6.3698642349007 4.45754821211072 4.77965628035401 5.95270767222643 7.34930019075665 6.7788710112917 7.52716233509797 7.81158907300822 7.13275845215494 7.01751918761192 7.34120998444161 5.84922872905717 5.30594683840281 5.67836485838167 5.63630964864852 7.28823259223149 5.86155867236129 8.11975669111725 7.35993926566093 7.30125542448442 7.32952642594823 5.84780732315282 6.18228900684576 8.41567761142277 6.53919054890607 7.2705385299613 7.73044605427289 7.72727463553516 8.4834696026808 9.14141047859338 9.13738984514572 7.17018401982803 6.2851657016774 4.34214102500983 4.5380218234785 4.31302401489196 4.42724298517077 6.76924304544445 7.31338004658419 7.07655953855251
