T2m/med_mese_clima/temp_med_06_2002-2019.txt
NCOLS 177 
NROWS 174 
XLLCORNER 1436301.375 
YLLCORNER 4916704.5 
CELLSIZE 1500 
NODATA_value -9999 
[rows 120 to 143 of 174, columns 108 to 161 of 177]
23.263065524561 23.2815508922398 23.3019334810143 23.3086288505892 23.3239392273575 23.3398216042482 23.3558184503748 23.3941448712258 23.4015624160815 23.4230373627381 23.443255022035 23.4543537036213 23.4865868437945 23.5095006363754 23.5155074043749 23.5198726703533 23.5302924146141 23.5089746395442 23.5244193075565 23.5312837644707 23.5373627146846 23.5352563569524 23.5403332124116 23.5375431827049 23.5193977313328 23.5239768200298 23.5209142613685 23.5178115000213 23.5146354225251 23.5265515455798 23.5230203222954 23.5576849900291 23.553424098787 23.5332236361534 23.5278343004133 23.5372082877281 23.5150284186329 23.507575597419 23.5071754945801 23.4984676792247 23.4892779284205 23.4797535544002 23.4777908319106 23.4758703157515 23.4664950842754 23.45761567476 23.426312324949 23.4423047558406 23.4363314697417 23.4394871951063 23.4442316535789 -9999 -9999 -9999
23.2653491656138 23.2752342297961 23.294637188068 23.307956581067 23.3223791254891 23.3450407044793 23.3603547220029 23.383131633697 23.3977205059842 23.4114380605224 23.4316408416473 23.4428682338689 23.4450045609383 23.4531989607622 23.4750409822811 23.5181838984234 23.5218615292133 23.524249446118 23.510305228209 23.5182324291646 23.5253939045496 23.5319632951784 23.5304878571786 23.5286986602525 23.5343128228096 23.5398559797922 23.529885280787 23.5274725579211 23.5248849257199 23.5220519203793 23.5188914767323 23.5230130780855 23.5266153552828 23.5296057554802 23.5241922019085 23.5489059747559 23.5265332810571 23.5033951263166 23.5026952700444 23.4936378058498 23.4840636269343 23.4741260273855 23.4640080878561 23.4616470813447 23.4595484259333 23.457957201001 23.4493873445924 23.4340878044508 23.4354560705589 23.4228164035242 -9999 -9999 -9999 -9999
23.2557757549359 23.2647460221026 23.2908330555163 23.303219306743 23.3244038014881 23.3386447941968 23.3455474885944 23.3753434289461 23.3970548547091 23.4103725819752 23.4226913695743 23.4261808981536 23.4435936779659 23.4595809140425 23.4665017533728 23.4872655953027 23.4990831219221 23.5097022825426 23.5192640276095 23.520306096147 23.5206120228859 23.5203358966424 23.5196182730097 23.5185658226829 23.5325945595976 23.5388058035767 23.5448397082083 23.5275526217269 23.5254371073359 23.530719524523 23.5278897112661 23.5245665628487 23.5052206880897 23.5160599476533 23.5107140918649 23.5045697997356 23.4821663603929 23.4898336173474 23.4813062935344 23.4875569703631 23.47009878696 23.4677021092382 23.4496693430733 23.4548286727105 23.4447986776649 23.4352714870016 23.4419480240969 23.4264488958612 23.4276303981608 23.4148165865267 -9999 -9999 -9999 -9999
23.264676698323 23.272790700083 23.2827506945355 23.3018997909922 23.31449902522 23.3432019620106 23.3645882592043 23.3706392795038 23.3916831029481 23.4044262042904 23.4162860714461 23.4347062180173 23.4366148664577 23.4448690671726 23.4670741352542 23.472706506231 23.4771100737126 23.4956651151866 23.5132303448777 23.507048432626 23.5001718502392 23.5080033522456 23.5154068036098 23.5148424179618 23.5294463263009 23.5284122653391 23.5271706218007 23.5257028069533 23.5239538804629 23.521858616198 23.5193274605777 23.5239877984746 23.5203031502464 23.5159086929884 23.5030136887141 23.4970141609662 23.490175008926 23.4902354399668 23.4895248308036 23.4804084176153 23.4784618982258 23.4529453692613 23.4426789386519 23.4324266854222 23.4301466995881 23.4360880181098 23.411880080499 23.4272869533049 23.4130232050958 23.4079352484809 23.4353928367297 23.4182968769951 -9999 23.4209163268103
23.2613841528941 23.2764163069037 23.2855143981723 23.3037621887403 23.3231148008033 23.3355265123482 23.3560095602221 23.3688539640352 23.38909553431 23.4010971004327 23.4276249449067 23.4454916435488 23.4545711581887 23.4624507160022 23.4691051913861 23.4745581746101 23.478877315576 23.4821571256314 23.4921627546331 23.4937374352039 23.5023074808553 23.5027150540669 23.510441478946 23.5101351658808 23.5173081324018 23.5165513349676 23.5155897748729 23.5066792866736 23.5129311285713 23.5111114649176 23.5088535187954 23.5137904560429 23.5103762157423 23.5062527053658 23.501354456633 23.4956335541084 23.4890733033152 23.4894193021883 23.4812654199728 23.4724307593867 23.4630416023472 23.4532553823819 23.4509860092957 23.4332716782431 23.4698997366017 23.4606264882161 23.4134408310912 23.413604897862 23.4381694538688 23.4100640457252 23.4144955304847 23.397542401977 23.3902398408753 23.4003890928637
23.2456800521258 23.2599345185291 23.2758554208781 23.3009168909884 23.3193277588749 23.3307621234678 23.3502716560626 23.3698315334198 23.3814570203442 23.4002469447685 23.4182917994862 23.4430852363393 23.4514826768355 23.4587634109903 23.4725677450955 23.4699258420659 23.4662368486363 23.4692409349127 23.4790540823991 23.480490001606 23.4813381425113 23.4893664273875 23.4971137903203 23.4968581868771 23.4963959111412 23.5034841599745 23.5026682753064 23.4939251773507 23.5003844200423 23.4910634944874 23.4967925185445 23.5020197288896 23.4989197926351 23.4951429958544 23.4906139022089 23.4852925943993 23.4868894021478 23.4799532387144 23.4722654380256 23.4639121769032 23.4550095556796 23.4457146169125 23.4362089201561 23.4344281309866 23.4328728300706 23.424048663632 23.4159328016437 23.4164917593106 23.4105042069199 23.421368267116 23.418364447576 23.4016619818725 23.4100220644916 23.4126384486641
23.247940882184 23.2615253038485 23.2766610643568 23.3008485390766 23.3183051861566 23.3364271332021 23.3471980845487 23.3580170709207 23.3762910924043 23.3940684452824 23.4111403495568 23.4350201344429 23.4425493114144 23.4567053241139 23.4621139468666 23.4664819035037 23.469865340002 23.46469582505 23.4664167909482 23.4751464519007 23.4527052501609 23.4835565952658 23.4833870957942 23.4830054023409 23.4824672939677 23.4818039990933 23.4810218371042 23.4878223353419 23.4866925365319 23.4852889847025 23.4835346809292 23.489068640603 23.4863302505184 23.4829623534762 23.4789019354915 23.4740954912333 23.4685206392716 23.4621848387889 23.4551311310376 23.4474356972243 23.4469448567807 23.4383363528879 23.4372479735968 23.4284152940467 23.435251730612 23.4270623290523 23.4118166441053 23.4206708161158 23.4152002084149 23.4188072838241 23.4162216417939 23.4076095028551 23.4162839036031 23.4114358262997
23.2679921410702 23.2732961589653 23.280024556593 23.2879252254126 23.3121353621532 23.3369340573082 23.3466130953334 23.3563092247432 23.3811517814567 23.3901089905627 23.413771448921 23.436592707232 23.4430902864437 23.4563490113536 23.4608433612005 23.4566125527957 23.4515435066869 23.46100979914 23.4544223804279 23.4549263604604 23.4549740061145 23.454688669469 23.4618338852702 23.4689111200329 23.4759026901323 23.4750986965528 23.4742490625625 23.4733216420749 23.4800172294389 23.4710383482972 23.4617857465647 23.475383476736 23.4730399101782 23.4701476072748 23.4666363507852 23.4624480397309 23.4575537650978 23.4519540069965 23.437948193206 23.4388083261396 23.4314302823401 23.4314134917192 23.431187348652 23.4232068094562 23.4231444717519 23.4234894039835 23.4244661257337 23.418571248898 23.4214886148314 23.417959552539 23.4159026608004 23.4154788108012 23.4168179618292 23.4200176841759
-9999 23.2874463528661 23.2934449393478 23.2927683555303 23.3083108965769 23.3320673386713 23.3560471953408 23.3645665810787 23.3728080088151 23.3728567001007 23.4030252802418 23.4323704443672 23.4454781767814 23.4498676384394 23.4455451970661 23.4480650596235 23.4497390197611 23.4506623488429 23.4509511636439 23.4507317785864 23.4501321721503 23.4339323457935 23.4252561390172 23.4165234002422 23.4538715966664 23.4450875666863 23.4518386599052 23.4508593226301 23.4498570269856 23.4487603950013 23.4552298045097 23.4536860022661 23.4286378201854 23.4571628536301 23.4542689354636 23.4507865575386 23.4466753049372 23.4419298843406 23.436566225033 23.4383819727453 23.4319858838772 23.4252400736242 23.4182907949614 23.4113117507439 23.4199615403306 23.4212486273484 23.4076573033442 23.3948746296942 23.4140230583201 23.4111945174663 23.4174894284014 23.4176050721457 23.4193999578517 23.4229718463479
-9999 -9999 -9999 23.3229121516339 23.3220553708716 23.3062524036582 23.3290418658981 23.344084008215 23.3819237869818 23.3729875541434 23.4018952025916 23.399182664328 23.4186867035516 23.4372658698343 23.4473016607655 23.4409426186581 23.4415618550427 23.441494422169 23.4331816034451 23.4398074131816 23.4307654842563 23.4215560196917 23.3969382571382 23.441490600849 23.4322612271151 23.4309163799231 23.4297186316658 23.4286428485946 23.43540120239 23.4344296297808 23.4333947740904 23.4399503764826 23.4385117188876 23.4367253427152 23.4422586808412 23.4395526347641 23.4363065724324 23.4325013285548 23.4281470814427 23.4310260736318 23.4257306149788 23.4201055669998 23.4142833178528 23.4161564322572 23.4259037501054 23.4127769732079 23.4001902955398 23.3960760053852 23.400630665541 23.4140453840276 23.4287657443895 23.429479985706 23.4317771393525 23.4357550324608
-9999 -9999 -9999 -9999 23.3300092087852 23.3671335887787 23.3734089325671 23.3795150540493 23.3852454761892 23.3904211696994 23.3948985906853 23.4062777531558 23.4167831528689 23.4263938111973 23.4274285108346 23.4276471060355 23.4348267096821 23.4259995510599 23.4243731027514 23.4223901319626 23.4201906635539 23.4102180757742 23.4465967897102 23.4211832237731 23.4115633019086 -9999 23.4316035378177 23.414892221167 23.4062237436592 23.4130393785078 23.4199937402365 23.4269167642332 23.4259655793051 23.4247868114352 23.4232980908866 23.4214216801855 23.4191024276793 23.4163119618616 23.4285243791486 23.4170635117273 23.4129502552527 23.4162707909618 23.4194011485744 23.414744349884 23.4256738228664 23.421419078439 23.4099096445745 23.4145385227898 23.4122939246824 23.4265541639821 23.4342870895738 23.4356409260292 23.4384755878156 23.4428823779065
-9999 -9999 -9999 -9999 -9999 23.3680585588532 23.380948335351 23.3626961396724 -9999 23.3864947967755 23.3896510852251 23.4074126870239 23.401183701338 23.4172016175162 23.4246701695605 23.4236595189891 23.4219716619106 23.4197245355919 23.4170533681281 23.4141012501747 23.403326692024 23.392554649448 23.4281694818274 -9999 -9999 -9999 23.4191766850945 23.4100670283934 23.4090480158156 23.4082999766101 23.3999934064779 23.3995439152151 23.4068419223088 23.4140435273772 23.4132998999812 23.4122839600495 23.4109297910869 23.4014479640495 23.4147927883637 23.4122642035837 23.4171278131876 23.4217113187182 23.4183733185437 23.4149780961593 -9999 23.4395595497403 23.4291745187527 23.427127250538 23.4335899684925 23.4332620009761 23.4340362447584 23.4437876488362 23.4471738456462 23.4520137597013
-9999 -9999 -9999 -9999 -9999 -9999 -9999 -9999 -9999 -9999 23.4014883888636 23.4102254827361 23.4103884740351 23.4251152098103 23.4159032240377 23.4136668136902 23.4185030132266 23.4151356740168 23.4114109424643 23.407479480537 23.3958007455024 23.4228183100354 -9999 -9999 -9999 -9999 23.4005778447117 23.3990722759169 23.4135452265331 23.4051423445059 23.3970701221001 23.3969924419471 23.3970465656289 23.397134103233 23.4049012305484 23.3970102313835 23.3966331421796 23.3959658331646 23.402720711621 23.4091475447628 -9999 -9999 -9999 -9999 -9999 -9999 -9999 23.4493283363747 23.4413067809619 23.441871135247 23.4434292013465 23.4538507086259 -9999 -9999
-9999 -9999 -9999 -9999 -9999 -9999 -9999 -9999 -9999 -9999 -9999 23.4533766417515 23.4600418762686 23.4270089207024 23.416560658017 23.4131283530178 23.4091146774067 23.4200603691706 23.3999046722135 23.395018802292 23.4133156275384 23.4086193223109 -9999 -9999 -9999 -9999 -9999 -9999 -9999 23.3884170488532 23.3805853516663 23.3886312131376 23.3891868133807 23.389903060245 23.3906722473763 23.3913962101875 23.3919897760773 23.3923867956127 -9999 -9999 -9999 -9999 -9999 -9999 -9999 -9999 -9999 -9999 -9999 -9999 -9999 -9999 -9999 -9999
-9999 -9999 -9999 -9999 -9999 -9999 -9999 -9999 -9999 -9999 -9999 -9999 -9999 23.44605883739 23.4499332327039 23.4297938818067 23.4246868733245 23.4191882925472 23.4212336410812 23.4309876517013 23.401957644585 -9999 -9999 -9999 -9999 -9999 -9999 -9999 -9999 -9999 -9999 -9999 -9999 23.37712743159 23.3941319511007 23.4034473930282 -9999 -9999 -9999 -9999 -9999 -9999 -9999 -9999 -9999 -9999 -9999 -9999 -9999 -9999 -9999 -9999 -9999 -9999
-9999 -9999 -9999 -9999 -9999 -9999 -9999 -9999 -9999 -9999 -9999 -9999 -9999 -9999 -9999 -9999 23.4113006167028 23.4202690430528 -9999 -9999 -9999 -9999 -9999 -9999 -9999 -9999 -9999 -9999 -9999 -9999 -9999 -9999 -9999 -9999 -9999 -9999 -9999 -9999 -9999 -9999 -9999 -9999 -9999 -9999 -9999 -9999 -9999 -9999 -9999 -9999 -9999 -9999 -9999 -9999
-9999 -9999 -9999 -9999 -9999 -9999 -9999 -9999 -9999 -9999 -9999 -9999 -9999 -9999 -9999 -9999 -9999 -9999 -9999 -9999 -9999 -9999 -9999 -9999 -9999 -9999 -9999 -9999 -9999 -9999 -9999 -9999 -9999 -9999 -9999 -9999 -9999 -9999 -9999 -9999 -9999 -9999 -9999 -9999 -9999 -9999 -9999 -9999 -9999 -9999 -9999 -9999 -9999 -9999
-9999 -9999 -9999 -9999 -9999 -9999 -9999 -9999 -9999 -9999 -9999 -9999 -9999 -9999 -9999 -9999 -9999 -9999 -9999 -9999 -9999 -9999 -9999 -9999 -9999 -9999 -9999 -9999 -9999 -9999 -9999 -9999 -9999 -9999 -9999 -9999 -9999 -9999 -9999 -9999 -9999 -9999 -9999 -9999 -9999 -9999 -9999 -9999 -9999 -9999 -9999 -9999 -9999 -9999
-9999 -9999 -9999 -9999 -9999 -9999 -9999 -9999 -9999 -9999 -9999 -9999 -9999 -9999 -9999 -9999 -9999 -9999 -9999 -9999 -9999 -9999 -9999 -9999 -9999 -9999 -9999 -9999 -9999 -9999 -9999 -9999 -9999 -9999 -9999 -9999 -9999 -9999 -9999 -9999 -9999 -9999 -9999 -9999 -9999 -9999 -9999 -9999 -9999 -9999 -9999 -9999 -9999 -9999
-9999 -9999 -9999 -9999 -9999 -9999 -9999 -9999 -9999 -9999 -9999 -9999 -9999 -9999 -9999 -9999 -9999 -9999 -9999 -9999 -9999 -9999 -9999 -9999 -9999 -9999 -9999 -9999 -9999 -9999 -9999 -9999 -9999 -9999 -9999 -9999 -9999 -9999 -9999 -9999 -9999 -9999 -9999 -9999 -9999 -9999 -9999 -9999 -9999 -9999 -9999 -9999 -9999 -9999
-9999 -9999 -9999 -9999 -9999 -9999 -9999 -9999 -9999 -9999 -9999 -9999 -9999 -9999 -9999 -9999 -9999 -9999 -9999 -9999 -9999 -9999 -9999 -9999 -9999 -9999 -9999 -9999 -9999 -9999 -9999 -9999 -9999 -9999 -9999 -9999 -9999 -9999 -9999 -9999 -9999 -9999 -9999 -9999 -9999 -9999 -9999 -9999 -9999 -9999 -9999 -9999 -9999 -9999
-9999 -9999 -9999 -9999 -9999 -9999 -9999 -9999 -9999 -9999 -9999 -9999 -9999 -9999 -9999 -9999 -9999 -9999 -9999 -9999 -9999 -9999 -9999 -9999 -9999 -9999 -9999 -9999 -9999 -9999 -9999 -9999 -9999 -9999 -9999 -9999 -9999 -9999 -9999 -9999 -9999 -9999 -9999 -9999 -9999 -9999 -9999 -9999 -9999 -9999 -9999 -9999 -9999 -9999
-9999 -9999 -9999 -9999 -9999 -9999 -9999 -9999 -9999 -9999 -9999 -9999 -9999 -9999 -9999 -9999 -9999 -9999 -9999 -9999 -9999 -9999 -9999 -9999 -9999 -9999 -9999 -9999 -9999 -9999 -9999 -9999 -9999 -9999 -9999 -9999 -9999 -9999 -9999 -9999 -9999 -9999 -9999 -9999 -9999 -9999 -9999 -9999 -9999 -9999 -9999 -9999 -9999 -9999
-9999 -9999 -9999 -9999 -9999 -9999 -9999 -9999 -9999 -9999 -9999 -9999 -9999 -9999 -9999 -9999 -9999 -9999 -9999 -9999 -9999 -9999 -9999 -9999 -9999 -9999 -9999 -9999 -9999 -9999 -9999 -9999 -9999 -9999 -9999 -9999 -9999 -9999 -9999 -9999 -9999 -9999 -9999 -9999 -9999 -9999 -9999 -9999 -9999 -9999 -9999 -9999 -9999 -9999
