T2m/med_mese_clima/temp_med_05_2002-2019.txt
NCOLS 177 
NROWS 174 
XLLCORNER 1436301.375 
YLLCORNER 4916704.5 
CELLSIZE 1500 
NODATA_value -9999 
[rows 72 to 95 of 174, columns 0 to 53 of 177]
-9999 -9999 -9999 -9999 -9999 -9999 -9999 -9999 -9999 -9999 -9999 -9999 -9999 -9999 -9999 -9999 -9999 -9999 -9999 -9999 17.1325710769973 17.1375668956174 17.0515477961412 16.431205290556 16.7740158409432 15.8667302569857 16.8576890739762 16.9554394196029 16.7853260418147 16.3005892966449 16.7527560477087 16.5839005821833 16.5267611364891 16.5679787268057 16.1950664273291 16.500859425686 16.5238116391647 16.411774941543 16.3358800741809 16.2870347607283 16.1783092978376 16.3761197477947 16.6831587869812 16.8440080256926 16.918919927912 17.0556103684652 16.9856791979369 17.120707684369 16.8883489850863 16.4228560543539 16.3348591168538 16.4730491913947 16.6445954953631 16.9787748006207
-9999 -9999 -9999 -9999 -9999 -9999 -9999 -9999 -9999 -9999 -9999 -9999 -9999 -9999 -9999 -9999 -9999 -9999 -9999 -9999 17.1147252047871 17.1446919304721 16.6419624609712 16.5822782674137 16.7674809364441 16.5130556171139 16.9399612462263 16.3175573309539 16.534950501389 16.7173226458239 16.5219416772234 16.3204236613839 16.4852975748847 16.3617392915634 16.3455615156871 16.5068520911682 16.7338329372215 16.5752722340786 16.3704727575091 16.4093238627837 16.2715357830495 16.3993085428153 16.7180684608994 16.7848294561292 16.8572899137934 16.8972349815163 16.7893146000159 17.1418548991283 16.9718853936335 16.796729898416 16.5840987706994 16.6260184859052 16.6347763591894 16.9678040168536
-9999 -9999 -9999 -9999 -9999 -9999 -9999 -9999 -9999 -9999 -9999 -9999 -9999 -9999 -9999 -9999 -9999 -9999 -9999 -9999 -9999 17.1374853763683 16.8703043265107 16.5727948065893 16.8784772782046 16.8274057451774 16.7816626365354 16.4038694924043 16.7459452129441 16.84527389604 16.7614879197177 16.2337529427935 16.3957924909338 16.4742488486623 16.3485097533299 16.6314604469932 16.9272555629044 16.6353770891641 16.5291082437851 16.488487287528 16.4580267878962 16.4917505146545 16.6208879696182 16.8055731692984 16.8190376588224 16.6922756088737 16.8397629346561 16.9453820218091 16.8471923185167 16.9339282306072 16.7453395425722 16.7992293613744 16.7571918001697 16.6615871242167
-9999 -9999 -9999 -9999 -9999 -9999 -9999 -9999 -9999 -9999 -9999 -9999 -9999 -9999 -9999 -9999 -9999 -9999 -9999 -9999 -9999 17.1287929819874 17.144908966584 17.1544572093788 17.0322648498747 16.9644635031989 16.7554394134033 16.7352183283663 16.8559876211816 16.8043911694193 16.8415908876761 16.4367449939067 16.6187865490255 16.700640208127 16.4773049616059 16.4843702851438 16.9054260114093 16.7495666286276 16.5652426567895 16.5883113256759 16.6462176462934 16.7166057986978 16.6460340979475 16.7112867477683 16.8075479580296 16.7655057489136 16.814397275963 16.7646038298254 16.9441000706068 16.9204499032026 16.9812052909975 16.8461820828694 16.7978116322723 16.9980755004434
-9999 -9999 -9999 -9999 -9999 -9999 -9999 -9999 -9999 -9999 -9999 -9999 -9999 -9999 -9999 -9999 -9999 -9999 -9999 -9999 -9999 -9999 -9999 -9999 16.9643467514051 16.9102755520263 16.7168859062923 16.8541239605274 16.7817837430279 16.8456021775986 16.7300671116162 16.6293075175841 16.7486789397435 16.7367865693054 16.5814300590551 16.7001290068398 16.8243789745242 16.8227322232208 16.6570030622368 16.663756934213 16.7511366818974 16.8217688750154 16.746754523615 16.788448619401 16.8125200377938 17.0232293596974 16.8240697316365 16.8662830673158 17.1671956043552 17.0842000564123 16.836077909889 16.9903935271741 17.0437736073026 17.0710420460337
-9999 -9999 -9999 -9999 -9999 -9999 -9999 -9999 -9999 -9999 -9999 -9999 -9999 -9999 -9999 -9999 -9999 -9999 -9999 -9999 -9999 -9999 -9999 -9999 16.9633939221317 16.6757783595335 16.8087242177055 16.8940096539388 16.631158712727 16.674200515495 16.7598714961958 16.6804442704 16.888184245823 16.772672372109 16.6516379500429 16.7979036586704 16.907277564548 16.8841035561245 16.8824037334065 16.8629639576707 16.8884488844209 16.9021964352808 16.8746467152863 16.8932114988565 16.8758056145391 17.0739420311503 16.9657471545593 16.9528398812001 17.34334073832 17.0609322244738 17.0337264761053 17.0867369807889 17.3336546813632 17.3085019934141
-9999 -9999 -9999 -9999 -9999 -9999 -9999 -9999 -9999 -9999 -9999 -9999 -9999 -9999 -9999 -9999 -9999 -9999 -9999 -9999 -9999 -9999 -9999 -9999 16.8411591787029 16.8736573639475 16.928002599682 16.7005272878725 16.7121900699389 16.7185365075222 16.7997761464321 16.7628885684282 17.0259414495326 16.9451640486073 16.7096694762324 16.8571932049353 17.0719108230446 16.9001963794415 16.9155785180536 16.9646361102753 17.0135866117146 16.9763218080924 16.9899483896332 17.0030728469108 17.0335198536423 17.1588878578058 17.0634358593067 17.0441422240969 17.0965272040371 17.2109510243491 17.0727270149982 17.2042768190488 17.4118103369887 17.4063332032274
-9999 -9999 -9999 -9999 -9999 -9999 -9999 -9999 -9999 -9999 -9999 -9999 -9999 -9999 -9999 -9999 -9999 -9999 -9999 -9999 -9999 -9999 -9999 -9999 16.8275507955548 17.0292445091002 16.9035416112914 16.8240990158492 16.8307060240136 16.7949971323028 16.7857665026905 16.9673988545566 17.2387880660317 17.0873361274232 17.0737738817194 17.0367350689883 17.1510021555571 16.9658351148536 17.0042836891556 17.0255844854554 17.0864197943682 17.0551520095563 17.0805937283569 17.0938353948019 17.1122802534405 17.1599074719589 17.1352364116981 17.115371287053 17.1246564546761 17.3299316328065 17.2974931597526 17.3989134274883 17.4719944561521 17.4498293130854
-9999 -9999 -9999 -9999 -9999 -9999 -9999 -9999 -9999 -9999 -9999 -9999 -9999 -9999 -9999 -9999 -9999 -9999 -9999 -9999 -9999 -9999 -9999 -9999 -9999 -9999 17.0444544620168 16.9341002708048 16.8862360310407 16.8716216218416 17.0323477478399 17.2087503814219 17.259910399476 17.2203808895048 17.1117045826934 17.0273352261495 17.0090184195358 16.9866673545705 16.9972288334719 17.0354414585564 17.1021153741045 17.1458288979199 17.1363584694303 17.1375629781941 17.1614277319776 17.1845323833051 17.2008731810583 17.1496720102098 17.2048176904059 17.4573404949204 17.543708610737 17.5209893657102 17.538178747874 17.4811555411161
-9999 -9999 -9999 -9999 -9999 -9999 -9999 -9999 -9999 -9999 -9999 -9999 -9999 -9999 -9999 -9999 -9999 -9999 -9999 -9999 -9999 -9999 -9999 -9999 -9999 -9999 17.2389860321342 16.8878898283122 16.9382165496732 16.9785711091518 16.9578755215362 17.3127581228813 17.2900616474358 17.1905409763073 16.9715418479877 16.9785229594803 17.143348503076 17.1981963663833 17.035330488542 17.0624883349847 17.1354236653006 17.1675087667082 17.1929512272094 17.1877713366239 17.1992435964077 17.2156130189237 17.2308888455876 17.1841182295371 17.2151940669358 17.4181253278145 17.6467317136166 17.5844445935738 17.5592308045721 17.5409116448628
-9999 -9999 -9999 -9999 -9999 -9999 -9999 -9999 -9999 -9999 -9999 -9999 -9999 -9999 -9999 -9999 -9999 -9999 -9999 -9999 -9999 -9999 -9999 -9999 -9999 17.3049822904997 17.2087068204067 16.9192461135671 16.959558941893 17.0062791408212 17.0301653422415 17.2183640916222 17.1712660086836 17.0183286161242 17.014708578513 17.1834183198158 17.2361509427244 17.3876894386278 17.0971951403368 17.113244448731 17.1819109506537 17.214529474328 17.2526899204762 17.315325678977 17.4561429073045 17.4335443487874 17.2812258152038 17.2880844778853 17.2872359381782 17.4807423890741 17.6794989581461 17.590269971409 17.6035592656813 17.6108451405793
-9999 -9999 -9999 -9999 -9999 -9999 -9999 -9999 -9999 -9999 -9999 -9999 -9999 -9999 -9999 -9999 -9999 -9999 -9999 -9999 -9999 -9999 -9999 -9999 -9999 17.2825517677782 17.350660549141 17.0871861539229 17.0186442217249 17.0124246199006 17.0488720106858 17.0617408529292 17.0688686404239 17.0643705462968 17.3111355905916 17.3569751935977 17.3385921676218 17.4233963547481 17.3750675912992 17.142290459049 17.1876269739259 17.232664557574 17.2770963363073 17.4495437044972 17.5166651175346 17.4950297364666 17.315073911211 17.2949839301775 17.305337357751 17.5472662149572 17.665180502464 17.6479455060797 17.6500233289636 17.6293969726857
-9999 -9999 -9999 -9999 -9999 -9999 -9999 -9999 -9999 -9999 -9999 -9999 -9999 -9999 -9999 -9999 -9999 -9999 -9999 -9999 -9999 -9999 -9999 -9999 -9999 -9999 17.3360612416709 17.3045482516197 17.0511668754121 17.0381378643491 17.0808735959968 17.0935123700695 17.0822338540613 17.1015450838447 17.3527501216089 17.3893037452374 17.4091840121665 17.4580427621802 17.5454885161033 17.4530609527488 17.3788586494547 17.2835980664617 17.3091430857318 17.3592013661048 17.5995086198052 17.5558201908513 17.4395043755571 17.3615207634958 17.3837485251051 17.6723102392974 17.735869969446 17.7059709330216 17.6680236678433 17.7133931257107
-9999 -9999 -9999 -9999 -9999 -9999 -9999 -9999 -9999 -9999 -9999 -9999 -9999 -9999 -9999 -9999 -9999 -9999 -9999 -9999 -9999 -9999 -9999 -9999 -9999 -9999 -9999 17.3716725567793 17.0861209267451 17.1033892570087 17.1089804515978 17.1276129983917 17.121748944142 17.1347689773933 17.2687496216025 17.2833894316613 17.3320838747937 17.4079159076383 17.5689531752357 17.5691744674687 17.4434152764671 17.3107381499844 17.3558897845815 17.3865378287196 17.4582642268803 17.4715532089825 17.4148672193657 17.4248870475241 17.4396396111927 17.7273741674276 17.8007062072555 17.7452808602908 17.675976298823 17.7140337158133
-9999 -9999 -9999 -9999 -9999 -9999 -9999 -9999 -9999 -9999 -9999 -9999 -9999 -9999 -9999 -9999 -9999 -9999 -9999 -9999 -9999 -9999 -9999 -9999 -9999 -9999 -9999 17.4348961233725 17.1567933789558 17.1412976229724 17.1460576622299 17.1708052444973 17.189616277308 17.1958280158631 17.1828795030437 17.1892579013643 17.2078388960457 17.4080081768242 17.5171764086978 17.6349928414012 17.5190418698537 17.3925001275116 17.4113404950242 17.4284611125235 17.5714994854581 17.6875930194686 17.6190056818319 17.4907458385752 17.4977543360841 17.7350498221355 17.8707845352682 17.843650650647 17.752195281471 17.7541674762412
-9999 -9999 -9999 -9999 -9999 -9999 -9999 -9999 -9999 -9999 -9999 -9999 -9999 -9999 -9999 -9999 -9999 -9999 -9999 -9999 -9999 -9999 -9999 -9999 -9999 -9999 -9999 17.4803953806835 17.1979457687725 17.1880750930052 17.1921590371816 17.2165217789603 17.228424276108 17.234165504584 17.2270767640644 17.2328637270924 17.2643440588757 17.3088406175743 17.4287154313775 17.5579440807855 17.6022385206119 17.4507316698815 17.4484905136404 17.4586182397825 17.5003986994242 17.6751130011531 17.676459719351 17.5253738931116 17.5246465304568 17.7360950672148 17.9453680025023 17.9476994486503 17.902286075074 17.8674641777152
-9999 -9999 -9999 -9999 -9999 -9999 -9999 -9999 -9999 -9999 -9999 -9999 -9999 -9999 -9999 -9999 -9999 -9999 -9999 -9999 -9999 -9999 -9999 -9999 -9999 -9999 -9999 17.4732007980439 17.2686797047655 17.217763764356 17.2276693645819 17.2580927666507 17.2759762082571 17.2745605247164 17.2734090203672 17.2853245123117 17.3166963372334 17.3344286677462 17.3580156664422 17.4848427825688 17.6160178031634 17.6212896115986 17.5545401529949 17.5297458886916 17.6438351653424 17.6835345113719 17.7407272538285 17.6283330946241 17.5951719181221 17.802706050928 17.8979834048468 18.0546839824061 18.095698505732 18.0265704364504
-9999 -9999 -9999 -9999 -9999 -9999 -9999 -9999 -9999 -9999 -9999 -9999 -9999 -9999 -9999 -9999 -9999 -9999 -9999 -9999 -9999 -9999 -9999 -9999 -9999 -9999 -9999 17.4751521960545 17.4882651719046 17.3175110386845 17.2725428058777 17.2957103821691 17.3195720826862 17.3239602345283 17.3219716267453 17.3333557273595 17.3645689696073 17.3686426593198 17.3987637393085 17.4145630186171 17.4425874747428 17.4963001095402 17.5627873028318 17.6996765967505 17.7575240568062 17.7977053119261 17.7956091199392 17.8200524502146 17.7882810852042 17.8433525269598 17.9730657467871 18.0952695420311 18.0385400047457 18.1262033927588
-9999 -9999 -9999 -9999 -9999 -9999 -9999 -9999 -9999 -9999 -9999 -9999 -9999 -9999 -9999 -9999 -9999 -9999 -9999 -9999 -9999 -9999 -9999 -9999 -9999 -9999 -9999 -9999 17.4986017950983 17.5188951202933 17.3271153246087 17.3495404261866 17.3659136588283 17.3760697655932 17.3730055439159 17.3972983207784 17.4215070429407 17.4385690477895 17.4550200131204 17.4705904879688 17.50550672388 17.5322113256028 17.5572738042952 17.7769420853368 17.7698257687283 17.8487040617216 17.8504435246373 17.88570453692 17.9394049835978 17.9912274808611 18.0589017947331 18.1287609904269 18.1789068726478 18.1690069558996
-9999 -9999 -9999 -9999 -9999 -9999 -9999 -9999 -9999 -9999 -9999 -9999 -9999 -9999 -9999 -9999 -9999 -9999 -9999 -9999 -9999 -9999 -9999 -9999 -9999 -9999 -9999 -9999 17.553223886672 17.5584611959204 17.5439309817221 17.4406980501557 17.4010461581986 17.4239942062048 17.4336679663923 17.4504650115231 17.4672755400708 17.483845510343 17.4999047786733 17.5220527047728 17.5500227197453 17.5766612817844 17.5948080317474 17.6179866720497 17.7923069537054 17.7610402496141 17.8225656494866 17.9190604450526 18.0341855560924 18.1045243195545 18.3904933621854 18.3937866633689 18.4262239567292 18.4376554303699
-9999 -9999 -9999 -9999 -9999 -9999 -9999 -9999 -9999 -9999 -9999 -9999 -9999 -9999 -9999 -9999 -9999 -9999 -9999 -9999 -9999 -9999 -9999 -9999 -9999 -9999 -9999 -9999 17.373009226324 17.6074327899534 17.6475121057328 17.6187663298882 17.542288539623 17.501910616715 17.4829909300547 17.5058671893713 17.5150770720324 17.5310615890004 17.5604521871901 17.5753735943341 17.5962362464011 17.6089417755052 17.6408503977973 17.6945889191679 17.6713532307082 17.6971467522007 17.7205202938046 17.7274852829583 17.9741376382701 18.1872302483261 18.4386859009663 18.4653766593447 18.473928354331 18.5137803203162
-9999 -9999 -9999 -9999 -9999 -9999 -9999 -9999 -9999 -9999 -9999 -9999 -9999 -9999 -9999 -9999 -9999 -9999 -9999 -9999 -9999 -9999 -9999 -9999 -9999 -9999 -9999 -9999 -9999 -9999 17.6415808852624 17.6675010308991 17.6663892037339 17.6312736739899 17.5273985751065 17.5424530407897 17.5646920282532 17.5730761942304 17.5881324399033 17.6095748476776 17.6232500935042 17.6496512766238 17.6676902648292 17.7056221024674 17.712249425863 17.7313607816527 17.7480659550723 17.7413602756497 17.9823578744391 18.3280400434394 18.4696804215879 18.4826892373738 18.4916371675553 18.5317883378562
-9999 -9999 -9999 -9999 -9999 -9999 -9999 -9999 -9999 -9999 -9999 -9999 -9999 -9999 -9999 -9999 -9999 -9999 -9999 -9999 -9999 -9999 -9999 -9999 -9999 -9999 -9999 -9999 -9999 -9999 -9999 -9999 17.6948058105361 17.7073081547279 17.5667272840385 17.587719126708 17.6090910414119 17.6353167862068 17.6381114869758 17.659155332987 17.6585946642138 17.698854871223 17.7168976533008 17.7403135242469 17.7478890686123 17.760310867208 17.7843460768093 17.8786641142803 18.0913019225185 18.3598101632463 18.5057617126792 18.519251064018 18.5356637638292 18.5549321839471
-9999 -9999 -9999 -9999 -9999 -9999 -9999 -9999 -9999 -9999 -9999 -9999 -9999 -9999 -9999 -9999 -9999 -9999 -9999 -9999 -9999 -9999 -9999 -9999 -9999 -9999 -9999 -9999 -9999 -9999 -9999 -9999 17.7392342086191 17.7503837250265 17.6850433379044 17.6207639554584 17.6482325282914 17.6619747028674 17.6757707524263 17.6963385315221 17.6883809296989 17.7215732983417 17.7396090977354 17.7561765363923 17.7779761557226 17.7977131075513 17.8151970064199 18.074068188888 18.3256895661722 18.5145755024604 18.5396827951993 18.5607068167792 18.5775049795339 18.5971184236032
