T2m/med_mese_clima/temp_med_01_2002-2019.txt
NCOLS 177 
NROWS 174 
XLLCORNER 1436301.375 
YLLCORNER 4916704.5 
CELLSIZE 1500 
NODATA_value -9999 
[rows 96 to 119 of 174, columns 108 to 161 of 177]
2.95731485673563 3.01147657810503 3.06777242315308 3.12123679727497 3.17439476578201 3.22136295505896 3.2604637614811 3.29967534928802 3.34023051800968 3.36690462966448 3.39504385110076 3.41378154818184 3.42526321241506 3.42718474616156 3.42682499765305 3.40718325126072 3.39041894236257 3.36262400653607 3.34268158294246 3.31110289472741 3.28011113863699 -9999 -9999 -9999 -9999 -9999 -9999 -9999 -9999 -9999 -9999 -9999 -9999 -9999 -9999 -9999 -9999 -9999 -9999 -9999 -9999 -9999 -9999 -9999 -9999 -9999 -9999 -9999 -9999 -9999 -9999 -9999 -9999 -9999
2.94023005237526 2.99655949749051 3.05187666711187 3.1041501718204 3.15645548642752 3.20384452161298 3.24654988638218 3.29313195876923 3.32364779341488 3.34747478173825 3.37457904852568 3.39189210487849 3.4087038749764 3.40821290303676 3.4047782813279 3.38800250472363 3.3758968881966 3.3522377259256 3.32739031459949 3.30684883964532 3.28074573259766 3.2439384946233 3.19570457790994 3.15771945898801 3.12379293698172 -9999 -9999 -9999 -9999 -9999 -9999 -9999 -9999 -9999 -9999 -9999 -9999 -9999 -9999 -9999 -9999 -9999 -9999 -9999 -9999 -9999 -9999 -9999 -9999 -9999 -9999 -9999 -9999 -9999
2.92321663547288 2.9782005423256 3.03304600928272 3.08566677266842 3.13614408895864 3.18160380876207 3.22224001769952 3.26335582087963 3.29826636603505 3.32161056841492 3.3458213169689 3.3680713040911 3.38480312689514 3.38767225803623 3.38241931671237 3.37176115770081 3.34809857638175 3.31821308476363 3.29912229102149 3.26438677593432 3.23353625283771 3.21410710905717 3.16509637669176 3.12801957647097 3.0792654078073 -9999 -9999 -9999 -9999 -9999 -9999 -9999 -9999 -9999 -9999 -9999 -9999 -9999 -9999 -9999 -9999 -9999 -9999 -9999 -9999 -9999 -9999 -9999 -9999 -9999 -9999 -9999 -9999 -9999
2.9063815241353 2.95735836367004 3.00918085560871 3.06069663616104 3.11319459619568 3.15843250784939 3.199796883475 3.23449154565762 3.26915043251575 3.29212588826401 3.31408223057698 3.3317552772594 3.34567683076823 3.35881551748769 3.35323192353062 3.34167761756227 3.31881264042392 3.29243189646295 3.26961794414213 3.23312906181719 3.20475681079529 3.17674412755838 3.14517115190629 3.09718951622516 3.0651459182938 -9999 -9999 -9999 -9999 -9999 -9999 -9999 -9999 -9999 -9999 -9999 -9999 -9999 -9999 -9999 -9999 -9999 -9999 -9999 -9999 -9999 -9999 -9999 -9999 -9999 -9999 -9999 -9999 -9999
2.88299795673364 2.93492686595964 2.98536356784159 3.03675287512889 3.08686882554977 3.12953145374615 3.1704053895364 3.20045321388077 3.25822463337848 3.25631989882564 3.2782144884494 3.28688860028614 3.29365941322227 3.31796810377484 3.31746229540173 3.30745605936334 3.28964604325223 3.26043752352851 3.24491061060417 3.21347817763704 3.17830803480425 3.15122749617264 3.1221408874559 3.05947903513023 3.05246579503407 -9999 -9999 -9999 -9999 -9999 -9999 -9999 -9999 -9999 -9999 -9999 -9999 -9999 -9999 -9999 -9999 -9999 -9999 -9999 -9999 -9999 -9999 -9999 -9999 -9999 -9999 -9999 -9999 -9999
2.86105987133394 2.90918636632098 2.95682752283736 3.00656035029219 3.05281351808969 3.09373570229699 3.13425929067456 3.16460229921291 3.19453498243475 3.21905541998535 3.23335152986063 3.24072703665771 3.24573066148759 3.25477931534191 3.26379440291562 3.26006944747237 3.25199712297994 3.23292107697587 3.20490515789125 3.18038536540526 3.14377900270393 3.12190056592559 3.08803785744601 3.03417461218026 2.99445207876424 -9999 -9999 -9999 -9999 -9999 -9999 -9999 -9999 -9999 -9999 -9999 -9999 -9999 -9999 -9999 -9999 -9999 -9999 -9999 -9999 -9999 -9999 -9999 -9999 -9999 -9999 -9999 -9999 -9999
2.83486753373704 2.881151792029 2.92931106981524 2.97487599665906 3.01695802933095 3.05962260117138 3.09606936974956 3.12479037683567 3.1509218555026 3.17413065810493 3.18735268342056 3.19602355789779 3.20042839006239 3.206249047084 3.21045961980332 3.20963388618757 3.19927413437722 3.1925911006826 3.15961202156227 3.14161697169007 3.11490366861252 3.07701921015488 3.04500907914317 3.01457072742685 -9999 -9999 -9999 -9999 -9999 -9999 -9999 -9999 -9999 -9999 -9999 -9999 -9999 -9999 -9999 -9999 -9999 -9999 -9999 -9999 -9999 -9999 -9999 -9999 -9999 -9999 -9999 -9999 -9999 -9999
2.80493145629554 2.85267081985497 2.89514923340226 2.93858606850138 2.97860510207239 3.01813536930828 3.05035714093847 3.07963576506448 3.10554933624935 3.12650033253471 3.13723393560955 3.14647531578195 3.14923029141079 3.15438969970869 3.15435448259176 3.15346192903869 3.1436153302995 3.12731021830493 3.10343782669177 3.08535460537323 3.07721866119437 3.03630602831402 3.0072086156142 2.99472301311195 2.93149483391048 -9999 -9999 -9999 -9999 -9999 -9999 -9999 -9999 -9999 -9999 -9999 -9999 -9999 -9999 -9999 -9999 -9999 -9999 -9999 -9999 -9999 -9999 -9999 -9999 -9999 -9999 -9999 -9999 -9999
2.77595114837484 2.81922821171136 2.86191575132573 2.90197451907466 2.93987690403937 2.97614587224652 3.00898819346147 3.0353904620883 3.05607692229845 3.07459829477428 3.0869276042213 3.09430770406875 3.1020725257612 3.10235413419691 3.10059504512694 3.09583847001441 3.08490515051088 3.0648045587893 3.04096450451226 3.01981486864917 3.01304038400681 3.01905670832982 2.97942048565044 2.9377593441063 2.89825277853249 2.88956146840175 -9999 -9999 -9999 -9999 -9999 -9999 -9999 -9999 -9999 -9999 -9999 -9999 -9999 -9999 -9999 -9999 -9999 -9999 -9999 -9999 -9999 -9999 -9999 -9999 -9999 -9999 -9999 -9999
2.74485348289208 2.78342706014748 2.8237978910189 2.86159575360666 2.89607154678076 2.93035196707877 2.96266036943587 2.98740264825124 3.00798581774724 3.02546845037591 3.03709033083832 3.04410329287815 3.04657622274043 3.0485760148522 3.04513157980968 3.03918261931901 3.02604222539667 3.01004657098034 2.99295723970219 2.97406932295307 2.95151292145204 2.93427520456569 2.92004615204841 2.90142952241878 2.8659906042609 2.85855882475343 2.84555354204756 2.82419749383997 2.80902795292881 2.78985976906159 -9999 -9999 -9999 -9999 -9999 -9999 -9999 -9999 -9999 -9999 -9999 -9999 -9999 -9999 -9999 -9999 -9999 -9999 -9999 -9999 -9999 -9999 -9999 -9999
2.71081708891904 2.74828502202749 2.78632067760095 2.8206575173913 2.85300457780765 2.88651850102492 2.91323144514045 2.93768585916749 2.95703595627256 2.97357031982577 2.98461087220555 2.99268580317599 2.99531181375482 2.99650488605005 2.99519224759904 2.98667130004481 2.97640033950026 2.96356473308098 2.94743135601226 2.92463981367041 2.90974873620742 2.89544386348219 2.88315123482647 2.86655639290761 2.83821968277714 2.83397070816715 2.81873531921917 2.80426582489221 2.78862356851401 2.77496210129965 2.76476070340147 -9999 -9999 -9999 -9999 -9999 -9999 -9999 -9999 -9999 -9999 -9999 -9999 -9999 -9999 -9999 -9999 -9999 -9999 -9999 -9999 -9999 -9999 -9999
2.68003456963116 2.71061151881281 2.74750121295209 2.77591669533202 2.81111115378834 2.84020204208786 2.86390264938151 2.88688849973008 2.90633422466185 2.92461266364624 2.93645619256576 2.94316632335017 2.9473390893235 2.9479008477184 2.94375147756433 2.93525992468512 2.92673881468307 2.91725949357789 2.90211683964276 2.88698038867627 2.87351797855517 2.85965422734416 2.84582321948104 2.83124063500681 2.8116042498413 2.81059834235376 2.79508101005118 2.78569091252756 2.77256457935542 2.7648730362159 2.76035276668683 2.75367333035431 -9999 -9999 -9999 -9999 -9999 -9999 -9999 -9999 -9999 -9999 -9999 -9999 -9999 -9999 -9999 -9999 -9999 -9999 -9999 -9999 -9999 -9999
2.64259254966208 2.67664232785405 2.70170414589926 2.73650139096791 2.76716997085679 2.79440391343989 2.81771703724139 2.83675696762332 2.8525131825694 2.87397593283918 2.8854441149083 2.8894853157778 2.8953632825437 2.89667842509593 2.89370728271833 2.88805229687745 2.88007297384091 2.87143916090751 2.85875703178453 2.85003019210905 2.83442288070843 2.824743085677 2.81036640985787 2.79544202266051 2.7872481157882 2.78825974335257 2.77671332143732 2.76571770365035 2.75877476994395 2.75372862637084 2.75269058313018 2.74929703839239 -9999 -9999 -9999 -9999 -9999 -9999 -9999 -9999 -9999 -9999 -9999 -9999 -9999 -9999 -9999 -9999 -9999 -9999 -9999 -9999 -9999 -9999
2.60682905963793 2.63635222942253 2.66409038356948 2.69067606101773 2.72299772174963 2.74719198056551 2.77022815878046 2.78801904698296 2.80921749209082 2.82098588498863 2.83343790893507 2.84020242581895 2.8452314757695 2.84610343706149 2.84436405678038 2.84282826789692 2.83421857962905 2.82776442251824 2.82004269303861 2.81022867312923 2.79997424794686 2.79081209915121 2.77376223485679 2.76668903591414 2.76610838930612 2.76200334076622 2.75917354041566 2.75218706798632 2.74799282906235 2.74335848511321 2.74467283156482 2.74657575191991 2.75109911111732 2.75406007747965 2.76148106211888 -9999 -9999 -9999 -9999 -9999 -9999 -9999 -9999 -9999 -9999 -9999 -9999 -9999 -9999 -9999 -9999 -9999 -9999 -9999
2.56877619071547 2.59967826404542 2.63010066596747 2.64649614191408 2.67920253162627 2.70295821371315 2.72329564247386 2.73871147518206 2.75767131058565 2.77140799516178 2.78360693835872 2.7905332578843 2.79605247504672 2.79908622506198 2.79984128234008 2.79734028892363 2.79069321417182 2.78397559467697 2.77867552483609 2.77272043172608 2.76527308581544 2.75785996133843 2.74395442241279 2.74213997054627 2.73775337059618 2.7333284123358 2.73450620424501 2.73803652411466 2.73649345064496 2.73646521788741 2.74003282872429 2.74400026039206 2.75344646982571 2.75602127353574 2.76488355944596 2.77381818938825 2.78468080100626 -9999 -9999 -9999 -9999 -9999 -9999 -9999 -9999 -9999 -9999 -9999 -9999 -9999 -9999 -9999 -9999 -9999
2.53465851722203 2.56582368001746 2.59197593667207 2.61484807457977 2.63515565358931 2.65848213693779 2.67867965562563 2.69546585292933 2.70990382675169 2.72434168037199 2.73387276068714 2.74222659422196 2.74825718479027 2.75092200460914 2.7528671302419 2.75313653337101 2.74960946345503 2.74858151965867 2.74202847093827 2.73857413550008 2.73380280395727 2.72689485069341 2.71377541592662 2.71591301120704 2.71661264549024 2.71503585642102 2.71783486133551 2.72396667632196 2.7281360375178 2.72941398627877 2.73411660632032 2.74111334533422 2.75233977879178 2.75755713587943 2.76584628038083 2.77700821156854 2.78892518348979 -9999 -9999 -9999 -9999 -9999 -9999 -9999 -9999 -9999 -9999 -9999 -9999 -9999 -9999 -9999 -9999 -9999
2.50254766529928 2.52842940693747 2.55045980919687 2.57156561515694 2.59718939511682 2.6178597183746 2.63441482667544 2.64901469469925 2.66035945664461 2.67660186270148 2.6871838746487 2.69567787723593 2.70101872702861 2.70689817950131 2.70998193886139 2.71049978723813 2.71107235651858 2.70963835204184 2.70648569392785 2.70423838131967 2.70313045280987 2.70000536948443 2.69410023870483 2.69009046257153 2.69563875259155 2.69780769022253 2.70104861421247 2.70542564913249 2.71826059418959 2.72282590943611 2.72755287620903 2.73848840402206 2.74738039692045 2.75721673699524 2.76788539462602 2.7792760099775 2.79224872086211 2.80473058654934 2.81662224154137 -9999 -9999 -9999 -9999 -9999 -9999 -9999 -9999 -9999 -9999 -9999 -9999 -9999 -9999 -9999
2.46635488322869 2.48721144963191 2.51627087132336 2.53028890976866 2.55867129621735 2.57794399980909 2.59449845136693 2.60816329021011 2.61768767183803 2.6310766680464 2.64379538270422 2.65124824484198 2.6593582896509 2.66361656772793 2.66771966759294 2.6695599049636 2.67054042108466 2.67092478236484 2.67208357899781 2.66863819264815 2.67207806167595 2.67030191874562 2.66805544257239 2.66660642796876 2.6735197775145 2.67921647260134 2.68590683618336 2.69259475619427 2.70445342896478 2.71219079578828 2.72196076401885 2.73266751415238 2.74423529480927 2.75657087912793 2.76760661750008 2.78118152909195 2.79326458486375 2.80667925515044 2.8203452690507 2.83223601688029 -9999 -9999 -9999 -9999 -9999 -9999 -9999 -9999 -9999 -9999 -9999 -9999 -9999 -9999
2.44261643191473 2.4619516998524 2.47652340034106 2.49667939168718 2.52237543038526 2.54034656467245 2.55576625440329 2.56966462664667 2.57857669540351 2.58808674026517 2.60051631870944 2.60919004690842 2.6153219525847 2.62249285140421 2.62633457167984 2.6293286912954 2.63394964404378 2.63479553886534 2.63439601770649 2.63848991323469 2.64172326250151 2.64433041540873 2.64648010449926 2.64304122906175 2.65218218846256 2.65801063910173 2.66378175663048 2.67469901649008 2.69060856305273 2.70334157204492 2.71392088964629 2.72732932499342 2.73848726816174 2.75129330358415 2.76562711844401 2.78137240538831 2.79452870435583 2.80890038318854 2.82341250402921 2.83701251182291 -9999 -9999 -9999 -9999 -9999 -9999 -9999 -9999 -9999 -9999 -9999 -9999 -9999 -9999
2.41452426863714 2.4335121828468 2.45199682888514 2.46762400487186 2.48118360008219 2.50430762793282 2.51758784882959 2.53496006697379 2.54214562079624 2.55120007335624 2.56331322361608 2.5708339975586 2.57832278788569 2.58370081569825 2.58825981053062 2.59330483910519 2.59682566667203 2.60124341643206 2.60348570376816 2.6081106207842 2.61310144525504 2.6197083984096 2.62062205214981 2.6202938361577 2.62929225309041 2.63814191412725 2.64793939935878 2.65764677073232 2.67135687980825 2.68285573440459 2.70315810086016 2.71815694045928 2.73180897170436 2.74699106462969 2.7616343088768 2.77662133819053 2.79184933294924 2.80529317511526 2.82168152209309 2.83898672204658 -9999 -9999 -9999 -9999 -9999 -9999 -9999 -9999 -9999 -9999 -9999 -9999 -9999 -9999
2.38681268353605 2.40449545485548 2.42166327292022 2.43810079521599 2.4463315129261 2.46388706301276 2.48140967242344 2.495626237762 2.50647659800234 2.5139422793899 2.52457059774543 2.53088463481096 2.5384354032829 2.54736601191059 2.55352521886434 2.55925868531716 2.56476818727862 2.56914928262675 2.57370335498008 2.57858701387674 2.58503385756441 2.59211494547457 2.59784615079688 2.59821839421339 2.60783448778172 2.61837405266789 2.62985589123124 2.64021339370971 2.85755512583847 2.83922766500764 2.68947148127458 2.70594119477587 2.7200325076481 2.73558339192775 2.75247568361187 2.76865868167481 2.78597165879607 2.8033483349565 2.82069799750821 2.83695873437015 2.85401243469703 2.8708076755541 2.88630159228945 -9999 -9999 -9999 -9999 -9999 -9999 -9999 -9999 -9999 -9999 -9999
2.36488362899528 2.38138949636271 2.39736241305943 2.41159817996221 2.42186347991733 2.43419030384322 2.44854135691506 2.46601300285058 2.47296079651864 2.4809414821922 2.4900291363263 2.49191598928602 2.50251850320023 2.51149132987462 2.52003952851173 2.52621385965048 2.53232778059729 2.53854681574529 2.54296030076142 2.54888081074376 2.5554148743718 2.56371102336331 2.57283219643266 2.58283679898826 2.59480130293934 2.60467904527227 2.61754137427923 2.63132702473207 2.80584732780261 2.79577617869601 2.73835864729313 2.69055659766544 2.70987379049052 2.72669010541316 2.74284310136319 2.761171847168 2.77960953177183 2.79806230110786 2.81643823695977 2.83367450540363 2.85165130367301 2.86931716334863 2.88562968425382 -9999 -9999 -9999 -9999 -9999 -9999 -9999 -9999 -9999 -9999 -9999
2.34384327347191 2.36026945547662 2.37613999397341 2.39029099079286 2.40460012429981 2.41288561881446 2.42320113636397 2.43146688514232 2.4417933185312 2.45016167562279 2.45869401548084 2.46338517147143 2.47057219973384 2.47731200562303 2.48896349420991 2.49531830894813 2.50278426989607 2.51050071948157 2.51447419541429 2.52213109547851 2.52945935475306 2.5386250087916 2.54767762960569 2.55567651619492 2.57172966816796 2.5847508613743 2.59577363003023 2.61173641616965 2.6226376997225 2.63934091453325 2.65477909675593 2.67383615104487 2.69538889344276 2.71339273206856 2.73269071048546 2.7521802596454 2.77077897133567 2.79034413479598 2.8088273952414 2.82809471377334 2.84708360573315 2.8657203189796 2.88296231912311 -9999 -9999 -9999 -9999 2.96474093095203 2.97830527835565 -9999 -9999 -9999 -9999 -9999
2.32683280536293 2.34228080927348 2.35614443591082 2.36925908666741 2.38252149482777 2.39386339548841 2.40525930003928 2.41468906652183 2.42421064706122 2.43287784674558 2.43668879381756 2.4429284480601 2.44969173525594 2.45714467463144 2.46340730640332 2.46762969812183 2.47408926544091 2.48091387547659 2.48723204025577 2.49321537041198 2.50202459506227 2.511731426896 2.52142151576549 2.53115227924898 2.54792648194297 2.55979548519513 2.57371393782891 2.5906046708493 2.60842809156549 2.6241807817465 2.64265626493542 2.65391413902174 2.67951623711826 2.69865814578936 2.71909657333827 2.73974001739955 2.75949033949345 2.7802061400181 2.8008036239405 2.82118752833856 2.84029784740143 2.86000068498238 2.87827338160863 -9999 2.9141562586312 2.9316469051029 2.94843814646268 2.9644844872241 2.97974112647203 2.99417023504042 3.00578125147898 -9999 -9999 -9999
