T2m/med_mese_clima/temp_med_02_2002-2019.txt
NCOLS 177 
NROWS 174 
XLLCORNER 1436301.375 
YLLCORNER 4916704.5 
CELLSIZE 1500 
NODATA_value -9999 
[rows 72 to 95 of 174, columns 54 to 107 of 177]
4.21137165170329 4.34406698311256 4.28864488545024 4.15877290883388 4.17072513649556 4.26741435012206 4.19264204301015 3.53538680881371 2.27750869014941 2.99263039953861 4.15364352878135 4.41341326895597 3.70492460068231 3.35430036668465 3.25959349383157 1.98759836099633 2.00282017793837 1.77804706363026 2.31903876989188 4.03234084061188 4.21532204115729 3.53956594592062 3.43417468678969 1.68777487026421 2.14431643927645 2.19004013243342 2.58519140845227 2.90684715917223 2.12520218298032 3.57733211584092 4.14960270593613 4.13018516640834 2.45798226958237 2.52180645018643 2.26745679323125 3.54939412580041 4.39556147924944 4.37268133469226 1.48724940106561 0.657937552952466 1.76984516856773 1.96330543987168 4.18432351189099 5.09722392558998 5.10175826373772 2.75251210027475 3.06278419191295 0.993389301378253 -1.27420977619429 -2.39306351112134 0.259278674893993 0.803856744812238 2.06198907962747 3.36135264409085
4.0121021311153 4.22843208501117 4.1378439651536 4.20371109038118 4.11439559169092 3.94413496820204 4.07561324826526 3.29579188279685 2.53117193328558 2.63753557985103 3.44148055286664 4.39159112342841 4.39179009330214 3.87382650686604 3.80452003011467 3.4026564010445 3.61426059957929 3.68503239912262 3.91741476191426 4.04658641741506 4.31147732085805 3.94294049694965 3.89112574321761 3.40599954911985 2.4516887729929 3.96286969357184 3.48558783941452 3.29705855953471 4.16401193980806 4.31777948202032 3.89924707273957 4.03730445101781 3.9662013331217 3.84410300541241 2.79453290713791 4.27369768950761 4.38224706493617 1.26349492324694 1.655656481372 0.627050424388015 2.21343658499932 2.2271561423131 1.96065223022837 5.10207839939766 5.10236410767105 4.53229021218192 3.80153108018352 2.77369246317181 0.174875969762191 -2.02742730146771 -1.10874284917082 -0.627236771167758 2.72962230833207 3.666158688189
3.90503652980562 4.27210949589216 4.23966695409713 4.12475892168384 3.887824023659 3.85106488680649 3.54643323551887 3.91123926163589 3.73126178222573 3.92338495375478 4.02471118941285 4.3146971722873 4.36339730548502 4.21936489351211 3.8381582170368 3.76416590030335 3.82880945871372 3.95825047676497 4.20143069492064 4.22670388435899 4.27236190316566 4.21352927473764 4.17848507905013 4.04010844903649 3.20970473046095 3.63468500497453 4.29360888695556 4.37321807825879 4.4461665358227 4.13036197892205 2.83349838104901 1.48737320883803 2.86443280557918 2.26730507913497 1.49220974413742 2.92260806411429 3.60632054807182 1.64110052400592 1.40917723765807 2.71477469645149 1.34388799670637 1.72013382382488 3.06104468276581 4.58252122225892 5.09476491380525 5.08644695212341 4.23371110368891 3.2350133323017 1.50573928352273 1.55247647128013 1.20433696406448 1.01063475618564 2.48589878235877 2.45749881725984
4.0109755921161 4.2194544599853 3.99428814213077 3.99586625706647 3.98139556909719 3.77753306691668 3.73830746118541 3.79492653025616 3.798009793526 3.90836676395412 4.15212887793257 4.08975280807345 4.31430634983192 3.44799483422081 3.49471469100557 4.01119883868441 4.18966980539349 4.25708660961407 4.26991218754739 4.31147099688589 4.31150122390251 4.27370513480866 4.26130630044644 3.87187087176921 4.30616922197438 4.39199527528519 4.48801878807587 4.47896187048676 4.42110366008164 3.95755437752637 3.08807785091135 3.6009121421529 3.19783974148569 3.43953148385821 3.46188854923765 4.91544505158306 4.217613285599 2.24128912186637 1.96634381795502 3.69446831773829 2.565448821709 2.89310557102978 1.96218337700509 5.08580753959723 5.0795208830365 5.0688423298726 4.97800997258993 3.24806319080193 0.513142699742295 2.24388842777896 1.20649367248306 1.63692494145232 3.68279822691321 3.32236648406038
3.99638352115494 4.06247049220946 3.99889207280978 3.96902417155479 3.95646334388767 3.72384415103174 3.84713284818397 3.35390602406819 4.03110452566534 4.04124074451102 3.86275549987722 4.00950965519137 4.25928227518477 3.9694630835539 4.0025329073266 3.99042767647115 4.12846428924173 4.29653403882144 4.32550348877971 4.53623133141759 4.36193752608071 4.36965553784062 3.69030928458416 4.40980240163 4.53556222351598 4.53891480074608 4.58814675379962 4.50961000671704 4.57238122756061 4.52633698758956 4.37272489128656 4.52557158245742 4.56595596585849 4.6414289404782 4.70652945822322 4.06767923081135 4.28055445273157 2.7472932345952 4.0821256547077 3.06294152090809 0.243265123215806 3.26153560361178 4.36315504648315 5.0658784856074 5.05732596174661 3.94850834203874 5.0290643374232 3.80058910241492 1.51903191250772 2.07763956267919 3.63163142776081 3.5985367647351 4.08311760861778 2.30811101036872
4.14785517397936 4.01457795190273 3.96929874901595 3.87558512765157 3.67881318211241 3.87189896433927 3.96023634675279 3.98433174157729 4.06581447714379 4.04675051604269 4.03590015092378 3.96836937248587 4.20581119443269 3.9951394252747 4.16776112391865 4.21661954227268 4.28399695753901 4.31489490975191 4.45622116642962 4.52046755228998 4.46207938452878 4.43136134934331 4.4461891967166 4.5200504604634 4.58693740515899 4.57477821336422 4.63244011757314 4.63960659268824 4.66665601968996 4.61436869757475 4.06410041241212 4.73100738495031 4.74297364958858 4.66781014523666 4.32798811260802 4.31873098087169 4.54057484129207 3.77895956286612 4.68584897504846 2.41794271417782 2.31594663067991 3.61246288728199 1.97618781343151 4.72011051515192 5.02898434244962 4.72184676982593 4.82241620099735 2.65269241840425 2.44460688245421 3.75253548790727 4.51357507172365 3.14442033876689 3.63509473679637 1.68704814619925
4.11820676194825 4.15182004955657 3.97117692890978 3.95939449580009 3.99353050970673 3.89660117809159 4.0064301644503 3.98761486942228 4.08939008499541 4.08909577651158 4.0915797182946 4.09636494448358 4.14050981535604 4.13964108570389 4.19392579259049 4.21781731618877 4.29465265472418 4.31723087742896 4.34769424298711 4.4200040541305 4.48487151941 4.51880627517787 4.59551618314806 4.60743506677182 4.61172220001245 4.62842743263772 4.68699742228268 4.67517677588972 4.70039033651878 4.71463188562582 4.76870677809501 4.76892714534236 4.80322213334511 4.78805811105107 4.67626853765198 4.2643813818619 4.57775200689798 4.17021887043945 4.85927019923286 4.12082446374353 3.76614746032001 4.74238850475304 4.93461838833728 5.00639184816658 4.9953554536281 4.98182124068797 4.05918630565395 2.96813885012229 2.99660014881557 2.41154879225911 4.45594237344559 2.44424146569073 1.03958827747394 1.15621398066593
4.16704756216556 4.13805377480851 3.97133932167425 3.93186157385265 3.95077783369529 3.97077389097029 3.97828893937108 4.02495957293282 4.03572372282561 4.0713796849078 4.08421804594236 4.08902307759048 4.09250371144733 4.16530003119059 4.20411672129879 4.22456721264293 4.27915418452254 4.311981164013 4.34884550420635 4.43187082032949 4.40521251997241 4.46281266016664 4.61017742437583 4.61898339021327 4.61120268644385 4.59087615486491 4.62949015280791 4.67400503319182 4.7128533543786 4.64769593540912 4.79296431898367 4.80240092451511 4.64433830527394 4.42390258620168 4.34160438310047 4.10923536578073 4.80532946615941 4.90020067215539 4.93566909592943 4.99059424256946 4.98906170498398 4.9847570007897 4.97789172223282 4.96869010673281 4.9491023666056 3.59963535268088 2.23537139521914 2.49627590048126 4.18827761106439 4.22146732681431 4.56359834213168 3.97043990013356 3.90141889858852 2.29201734514606
4.20771154984585 4.18428785760731 4.03092083621938 4.01778019426214 3.99433487314539 3.97983900731138 3.96244576112184 4.00633441434517 4.02804379011858 4.01935216116532 4.0502460305545 4.06682267606918 4.07840953443162 4.10720948101327 4.16891193805287 4.19710255448869 4.25131390389902 4.30191340019143 4.3566336161918 4.37350803469847 4.41446445819264 4.46925345112889 4.4958433774353 4.53012810259212 4.56536732726065 4.59583558245256 4.64418437390083 4.67800146364117 4.71659627015726 4.76339532608387 4.79257118643753 4.80515522120085 4.77240340430699 4.63322824304713 4.35521380587446 4.26558885086043 4.60407903287552 4.89180524595737 4.89105569209689 4.61515935092603 4.73990088356992 4.93644117967272 4.92858938952058 4.91896077215182 4.09897748957612 3.43951898605966 3.57821506803211 3.24879871590762 3.29803814026771 1.93216320945921 3.16818782647106 4.57053904625837 4.2205723099519 4.14142711239249
4.22611681052934 4.23000537334795 4.09891304835814 4.08422041958533 3.9822147919999 4.01245578347104 4.00175453964298 4.01528003377553 4.01835331781604 4.02039847077298 4.03384159845887 4.0349928168094 4.06670689029188 4.09385829424873 4.2182457212385 4.17355425865932 4.23024320434107 4.28452071513313 4.34173769276245 4.35997655189066 4.47863939093948 4.4495310767135 4.49217120849715 4.52521660004495 4.56034760071992 4.60565756521216 4.64744098982888 4.69005134806389 4.71648475562562 4.76508063553538 4.78316255727063 4.8110954129647 4.82472490146437 4.84322948840174 4.83319230955946 4.79905819418394 4.86340113853382 4.87939655278459 4.71094797242973 3.57029026489469 4.82072159320014 4.85592040757309 4.88377140076901 4.41520172278648 4.36519928154902 4.2155938232477 4.09041306379146 4.18881306241719 3.29796684309084 2.26349810377358 3.69193343110044 4.03751094872842 1.64901572705223 3.04863198972052
4.25924904041239 4.25141116663754 4.24291882755001 4.05139549492875 4.03837015222322 4.00202603596105 4.01560652035964 4.00464254804228 3.99874980085541 4.00816559270411 4.01117980246848 4.01992023223661 4.04185449478799 4.06731691656533 4.09447577601699 4.14080304870024 4.1895828034169 4.26398941004429 4.30142868647434 4.3853014927714 4.43986200689689 4.43354724054538 4.47265978041645 4.51145324972437 4.55430988638222 4.59241165485714 4.6343529965875 4.67877654110491 4.70944014329062 4.74441346870022 4.77434785733096 4.79222843700338 4.81417429635169 4.832180667797 4.8241931681284 4.81268492796391 4.83729912696405 4.83253823267008 4.77530162019814 4.66163002538668 4.79571156812955 4.80880724267699 4.8001840612729 4.74705382869742 4.60995822538894 4.65275020042142 4.48212214045708 4.68251032666543 3.36260218076659 2.6968680213968 3.67367072802834 4.53335940538673 3.28001070761008 1.72783576838785
4.43933631875112 4.35466599914422 4.32355270326247 3.9977977557525 4.00718269334117 4.00286070840174 3.99522898644446 3.99373130634878 3.99523518374343 3.99633088783045 3.9950455678316 4.01052152512561 4.02979374195774 4.05646928545061 4.08847771001376 4.16875035365124 4.16750737932729 4.22609420811863 4.27572702352225 4.31619181305382 4.35962881983923 4.40652542488285 4.45253830962152 4.4957745975057 4.53793422851052 4.58073639440485 4.61248266879798 4.65496571219615 4.69024475745112 4.72555820277945 4.75059312237658 4.77656822557229 4.79581148454491 4.80697243594714 4.81138108373574 4.81606547822542 4.80428015245456 4.78596023894072 4.73837903459979 4.58716888201803 4.76732230135854 4.72815951362653 4.74110423336436 4.57557725709179 4.70258872431884 4.69248047429635 4.71061957666295 4.43425586359462 4.20326242331065 2.90747645595508 4.23846663188795 4.68264646672875 4.27845386874933 3.47553966023786
4.8023275053588 4.77730821880293 4.44589441344544 4.26004212705157 3.98921554430139 3.98342680264467 3.97612006796631 3.97484305194378 3.97327151340673 3.98478845317843 3.98724412989808 3.99852760900334 4.01552242812069 4.03812915062817 4.07037204076868 4.11700102785632 4.16469633046989 4.19928562246513 4.24854165198665 4.28955005844961 4.33461433178951 4.38292917260734 4.43039487430606 4.47299065702207 4.51550519480048 4.55830273354877 4.59055187325322 4.63341385883789 4.66800659092995 4.69749683712772 4.72506767335402 4.74834942042679 4.76500053321787 4.77142041633308 4.7747866001654 4.77810342020141 4.77117756044165 4.75508647469046 4.72941663855658 4.61529307238977 4.65379005029619 4.58600945869941 4.69209485310938 4.62996185000113 4.67912811737964 4.70964503954604 4.7255706993352 4.72814940998533 4.31310327197646 4.54233100461178 4.54314693420937 4.3054597050951 4.69743328149032 4.08451499733801
4.50409356030964 4.93864018875078 4.77356888782177 4.46017743037833 4.31479509786968 4.14252120130007 3.96525330729192 3.95900019062179 3.9606307562499 3.97014779162295 3.97734193578893 3.98432416159836 3.99282432160638 4.02285865792822 4.05541602513459 4.09019786650075 4.14945966445824 4.20039891005444 4.22587589849105 4.26168087675955 4.30902174941393 4.35841761987994 4.40374971497293 4.44858296448612 4.49318406300513 4.53468947217389 4.57455092411734 4.60897817787501 4.64388940999797 4.6746952386172 4.69789329886992 4.72084087018942 4.73630363295934 4.74659086676632 4.74695876958858 4.73717106279108 4.73378126365387 4.73024452507395 4.23627149275181 4.66303470200095 4.65636200135438 4.66003015532661 4.68201243213482 4.69335038863064 4.69039756124511 4.70178199364183 4.71341164656905 4.73497908878741 4.7302244720968 4.73100554990322 4.66515411735297 4.47092221338775 4.73155455298824 4.75203747006747
4.40229505505529 4.74281522313516 4.85295956473087 4.65261483003284 4.33768862995923 4.23223600055762 3.94657023552322 3.94647992816704 3.94325381519858 3.95095547438593 3.95232566097395 3.97211744096838 3.99308859290697 4.01312171739974 4.04143378005146 4.06903728184054 4.1103109567275 4.16635484538513 4.19259223551406 4.23476986136572 4.28070856264564 4.3314009442676 4.37759525826646 4.4223065395659 4.46747026517775 4.50596455727448 4.54525569261687 4.58020174557906 4.61303901640213 4.64253387587271 4.66388737671708 4.68253072776839 4.70463673689938 4.70859364641061 4.70441924385321 4.69983091768421 4.69436119094886 4.68905188389013 4.69507102779675 4.65795473254747 4.6552415545572 4.66221656554763 4.65196967519306 4.65710320489091 4.66968924643138 4.68287562902953 4.69881744509004 4.71440988724899 4.73359332360474 4.74736862252391 4.54581231149135 4.3957590707304 4.73903937685527 4.77502526285314
4.50400738785568 4.8203659462042 4.72648145030992 4.91070460560512 4.38352595874516 3.97367988611423 3.93974406187512 3.93609087605309 3.93544045020864 3.94093616200922 3.95148084863924 3.96481151080761 3.9812960428104 4.00116035174333 4.02339200698039 4.04915055839312 4.10041732239342 4.14062272662952 4.1659497516861 4.20958211587546 4.25590749675112 4.30407557263886 4.35071801560803 4.39589121845978 4.44125229199082 4.47868568956639 4.51724924966549 4.55227733477512 4.58489513466834 4.61153729976342 4.63199254053352 4.64865954707968 4.66583553642125 4.66798971441481 4.6660108587378 4.66096410077646 4.65860825466217 4.65545679767641 4.65355649437151 4.65225779244639 4.64132334643812 4.63350369547322 4.63108180892336 4.63477521590991 4.64247891544165 4.65576007291296 4.67979834324971 4.69269663179507 4.71389694545984 4.73331776385851 4.70455568658746 4.68855687129906 4.67765679620712 4.79143180671413
4.98104104332489 5.15358583677176 4.90802121138562 4.78978901772815 4.30176506307164 4.02421950743721 3.93731522142699 3.92890556707663 3.92772302769145 3.9299530650325 3.94093444007 3.95478769088973 3.96622797029741 3.98478726800622 4.00391599619021 4.02896129592553 4.08076479608897 4.11580691214598 4.14399968053045 4.18708019842206 4.2328827158433 4.28135065488735 4.32909163240716 4.37196808015727 4.41501471094786 4.45495352778889 4.49106569494437 4.52436807860512 4.555166802068 4.57991899041162 4.60005882869138 4.61386360120073 4.62657711296231 4.63681087962521 4.62931643127515 4.62696754595751 4.62311564558733 4.62064511074713 4.61937489813799 4.61875092412226 4.61065265683586 4.60344380859653 4.60370664201921 4.60766352190536 4.61683409422492 4.6289628434506 4.65070473846663 4.67341787292735 4.6949298969697 4.71193666151127 4.68290508525556 4.63715561667813 4.63758571852715 4.22585357209853
5.30579256369004 5.35527006847995 5.32798358953075 4.97277187017448 4.40042818522217 4.07825961097839 3.9392761855623 3.92904639958786 3.92201653656431 3.92003887105232 3.92943251236792 3.94062766705924 3.95639505578784 3.97363053118723 3.99053160534356 4.01654377320118 4.04801599221053 4.0958589945549 4.13435637780705 4.16566800680932 4.21269617741231 4.25889760438605 4.30482880202775 4.34934030503374 4.39161112592121 4.43151181213489 4.46639550500194 4.49950937195875 4.5297065283893 4.55351995786512 4.57099024293034 4.58446406044931 4.59433112613895 4.59837199559741 4.59503796729105 4.59221672284966 4.59173205714139 4.58976714688213 4.58524707646584 4.58373721017046 4.57642567098012 4.57367543985057 4.57525919498627 4.58083159431712 4.59184344013148 4.610479448922 4.62930221273906 4.653239950519 4.67571499862093 4.6934598436271 4.67949474643661 4.6515421548767 4.65767654516346 4.77459720862949
5.23107849979455 5.47184039627289 5.14905991447459 4.54025376931662 4.35714843260948 4.10873905912279 4.29426481291932 3.92620694127547 3.91888228078429 3.91900660377054 3.92441826547154 3.93470587758671 3.94770980653897 3.96190343971705 3.98122383582047 4.0034117034702 4.04564681634351 4.07712118370809 4.11260084295865 4.15250409992631 4.19513143391086 4.24028939676887 4.28627353390313 4.32930811821102 4.37142158679884 4.41083017145681 4.44481802669713 4.47755288814512 4.50333955336628 4.52663659172753 4.54392314308281 4.55659995630681 4.56395651203173 4.57250223861892 4.56707436143518 4.5653714935576 4.56155507590454 4.5592488118185 4.55841645846856 4.55429718232525 4.55143931080482 4.5487138174701 4.5506565661638 4.55592539474523 4.57045217560158 4.58748138858039 4.60785913371087 4.63127233950656 4.65896635688113 4.68080004575332 4.70441072015166 4.70822142719242 4.72788471002224 4.77060235151018
5.52119989915857 5.30514652038134 4.70778318914339 4.49083444119282 4.13811938753183 4.29517830169671 4.40861150355776 4.0063642294727 3.92237354228092 3.91855945576974 3.92109099475921 3.9281957447262 3.94143183736089 3.9542368999345 3.97436691444454 3.99939848269829 4.0309206675496 4.06453868089812 4.09739013068747 4.13898954640813 4.18165779532439 4.22562401330215 4.26966628667997 4.31285942878597 4.35332991840171 4.39179695431067 4.42510277373772 4.45605775800123 4.48227608068281 4.50348570356051 4.5205010401529 4.53266336487596 4.53828917647996 4.5483391008568 4.54333559269678 4.54036346361986 4.53766358691565 4.5331756620379 4.5292429472428 4.52753609350714 4.52441913205178 4.5229099110771 4.5259839215786 4.53580011588239 4.54923060192608 4.56705981212789 4.58758688282602 4.61396705017081 4.64311278608815 4.67532754910317 4.71115691505539 4.74921826503665 4.79130855231287 4.83512671930443
5.56670892417278 5.31485148576878 4.62347566467746 4.34825966435776 4.09734566492604 4.27887681651838 4.10966199432809 3.92855920887233 3.92090229492979 3.91810255368725 3.91911140964521 3.92396937207384 3.93379545388325 3.95020747145286 3.96799279216092 3.99749048074048 4.02497551121325 4.05723117189145 4.09101251322639 4.12955005049953 4.17121427811316 4.21502484946189 4.25713489277738 4.29983995159212 4.33976503642711 4.37545022328509 4.4099592496712 4.43937820077453 4.46399448575034 4.48393825736584 4.49974876001335 4.50997765608948 4.51693014808458 4.52102040744333 4.52601021796538 4.51681483663456 4.51461688940826 4.51026756410007 4.50596754975777 4.5016245196304 4.49912055176924 4.50028258259689 4.50380108605377 4.51281607092854 4.52678905021276 4.54589106513963 4.56870209113474 4.59676683291796 4.62797846644455 4.66390920083446 4.70330320487009 4.74593756054007 4.79070040273139 4.835374697768
5.60077620416857 5.43617592070415 4.5610434506757 4.34799563586595 4.45062480015393 4.02356901828571 3.9460558202734 3.9338892386971 3.92408671473043 3.91987654230016 3.91831248035163 3.92315800398042 3.93445419583019 3.94845823190224 3.97145888837621 3.99411092765022 4.01962268531317 4.05175130660497 4.08960759681104 4.12353489635568 4.16433214795116 4.20657582019855 4.24929887306214 4.28911798627074 4.32764300873415 4.36356597742017 4.39662220459422 4.42487194605047 4.44881405852192 4.46818985073831 4.48293252151579 4.49271529105056 4.49802008723144 4.5006442749532 4.5045908752793 4.49659566259938 4.4931450860857 4.48790410341898 4.48346552336164 4.47910076307143 4.47736232004779 4.47851768505301 4.48329058855919 4.49283104827035 4.50594565095568 4.52714854209282 4.55208333186124 4.58165303133403 4.61443133561174 4.65249087117726 4.69490293831309 4.73941022425239 4.78565146774335 4.83343284415966
5.62916857681711 5.32102994938921 4.45277568543506 4.0090086320836 3.98932401432591 3.97269211606091 3.95328752239107 3.94025273279106 3.92961529012299 3.92462236632484 3.92303635381516 3.92623831311039 3.93449029663027 3.94927247188541 3.97174422423179 3.99186334962885 4.01984855819106 4.05005291127603 4.08437237740009 4.12026261531529 4.16030632004684 4.20124038016626 4.24266141462983 4.28309087254658 4.32060126970684 4.35740361129336 4.38791640993812 4.41501249679746 4.43871334939054 4.45501536840898 4.46860126937373 4.47817001856518 4.48356311314871 4.48432541376837 4.48342910920796 4.48384815214229 4.47464631114183 4.46900187810671 4.46424126652284 4.45992803152977 4.45787997226061 4.45983974131233 4.46516059118351 4.47489607715308 4.48949924839158 4.51098775195977 4.53722008410824 4.5673925886475 4.59020031590457 4.63612475457479 4.68786813399629 4.7317921614699 4.77932040719108 4.82893722139053
5.64685462712259 5.26973331873817 4.29366718960106 4.01833728702102 3.99796517303577 3.97960758716759 3.96152207795313 3.94773173695394 3.93724963073396 3.93067929578051 3.92852792326974 3.93118486214838 3.93962238626774 3.95320137036934 3.97317094002931 3.99403750308267 4.02145092023747 4.05164605562914 4.0858757655683 4.12155784679099 4.16021480270761 4.20197976504176 4.24026032179873 4.27920441817562 4.31677023847012 4.35003358842491 4.37941149717521 4.40487660264086 4.42803495302376 4.44611456185573 4.45860353931272 4.46665181744682 4.4715704729986 4.47141719340368 4.46927246924798 4.46974992186166 4.46166271529591 4.45417331132742 4.44821741429389 4.44378414834846 4.44175144758671 4.4434639290438 4.45008392898701 4.46032615836585 4.47602011193865 4.49741670311835 4.52416237183113 4.5570386947123 4.58594368141247 4.62816488330588 4.67847565524037 4.72469944888255 4.77348410897817 4.82464783968422
