T2m/med_mese_clima/temp_med_07_2002-2019.txt
NCOLS 177 
NROWS 174 
XLLCORNER 1436301.375 
YLLCORNER 4916704.5 
CELLSIZE 1500 
NODATA_value -9999 
[rows 72 to 95 of 174, columns 54 to 107 of 177]
23.88435405169 24.1900949205881 24.0833338997982 23.8217443169635 23.8554718734306 24.0728310628438 23.9106524326183 22.7004560647188 20.7126170730149 21.7908786716284 23.7925363807031 24.4844718657894 22.8359152124252 22.2157201262904 22.0198739867887 20.0057028432687 19.9963488041619 19.6426335020566 20.4034364768752 23.2294995751646 23.6511872336453 22.207372048534 21.9994724694593 19.4220984094673 20.0390181002793 20.094150952866 20.6368667185307 21.0827089254503 19.9919103379603 22.0469060599068 22.986906090342 22.9081652065854 20.4317182985353 20.5133528998604 20.1684933830191 21.907075736037 23.2239706558946 23.1453514839396 19.1100697277505 17.9999805436458 19.4603591188237 19.7012913051947 22.7205980651172 24.6890560293639 24.6877235090291 20.6884437224747 21.0897338121761 18.37379639329 15.5235389490922 14.1967854164081 17.4404211380232 18.139143671776 19.7558163106441 21.5007136109435
23.573517833227 24.0284953149748 23.8483306994409 23.9993873488756 23.8120387703548 23.4699873575458 23.7239249581908 22.3546820464694 21.1172728533362 21.2461927525055 22.492924348734 24.4823604067902 24.4702868532252 23.1338951307314 22.9545226275185 22.2159581120367 22.5275065756138 22.6045821014746 22.9984562919464 23.2293609585291 23.8718765159448 22.905839259389 22.7537863309001 21.8936351836464 20.4494554688165 22.7615824173998 21.9340368760957 21.6243142825586 23.0319775840383 23.3090207539959 22.4895527606393 22.688868778061 22.5495608816176 22.3408030320097 20.85177298225 22.9833237945298 23.153698176955 18.81945347705 19.3278449226309 17.9674999479526 20.039706075633 20.0478071936855 19.689516558397 24.7146158930696 24.7115104695897 23.2885098419808 22.1258600566122 20.7130952682024 17.3504920556589 14.6397892011904 15.7692298981511 16.3766884526721 20.6604468219074 21.9793850103278
23.4455709389698 24.2306158450651 24.1640789377837 23.9097399341471 23.4272603790701 23.350305134058 22.80855351451 23.434048269266 23.0684030829388 23.4086880362328 23.590299314702 24.3152733166277 24.4419009694347 23.9633012199843 23.0343411714207 22.8444436333798 22.9135966984578 23.1269018257842 23.6487455029547 23.653348824713 23.7119961456016 23.4832571265138 23.3308691126329 22.9680389884813 21.5359103274198 22.1716592635637 23.3549921068144 23.4841919990969 23.6027104251915 22.8704486846188 20.9033792023306 19.1160420925529 20.9349361804532 20.1353122572104 19.1226278364658 20.9997297044154 21.9312731952579 19.3093336529938 19.0027817790155 20.7024470356512 18.9065931888274 19.3896385885315 21.1402461974709 23.403825223961 24.7295933961132 24.7206682155898 22.7990843967155 21.3503561519546 19.0824653775604 19.1447886059314 18.7033473622284 18.4631668006932 20.3687260194325 20.3428013546231
23.7221795152735 24.2064402973946 23.7011634785452 23.7055850393242 23.6706647939152 23.2627883464466 23.1719937290674 23.2558320687877 23.2339993124391 23.4218160454138 23.9526839652179 23.756600976579 24.353667667177 22.4093786051244 22.4375064082352 23.3646858915135 23.748876827293 23.8697074953421 23.8340807205365 23.8799059494042 23.798538401539 23.6118648079442 23.5006569846913 22.6281775131638 23.4667219413651 23.6169677940416 23.8012119909863 23.6969670199318 23.4793475289404 22.5502563550148 21.2363365347003 21.9595106417014 21.3732709922908 21.704567651837 21.7281724711995 24.3924542952467 22.828046789287 20.0812002198196 19.7211498539389 22.0246695979878 20.495707207771 20.92395809256 19.7001943045192 24.7467646918915 24.7422715125996 24.7337042876968 24.4496221955912 21.3897567969046 17.8283958460078 20.0567716624266 18.7309313252752 19.2904747191771 22.0661053818685 21.5568000107636
23.7699439340168 23.9242608305849 23.7852863104255 23.7173846515608 23.6835268515128 23.2070568999391 23.4268724310545 22.5274267154711 23.7799608738334 23.7717604429633 23.331029703882 23.6083518624306 24.251855970312 23.413214369247 23.4295713844859 23.3397216611438 23.6050599630968 24.0131785910071 24.010189119754 24.3873613522377 23.9435883498486 23.8700536008234 22.3557076462257 23.8014347898372 23.9638932436337 23.9714978559518 24.0397102423656 23.7361524362623 23.8301443443622 23.6356565827205 23.2399208993823 23.5241693115529 23.5708470402676 23.7053433605182 23.8251973723924 22.5970553605645 22.9237225431719 20.737980899178 22.5967559617243 21.1542677800596 17.4907345003552 21.4192100115028 23.0404386140682 24.7539929048515 24.7498958548646 22.4070250899703 24.7316407466376 22.2038082684264 19.1393721577562 19.8622099009561 21.993514125877 21.9616687037327 22.7461262797132 20.206831882103
24.0666122189275 23.8938809294024 23.7914270979387 23.5787234144446 23.1798415159002 23.5469091683994 23.7266518831253 23.7597863472538 23.9338210194935 23.8496260708497 23.779015479338 23.5596161921083 24.1581990673218 23.5091886847843 23.9022814893428 23.9720851848155 24.1061630374856 24.1151395903693 24.2337598186216 24.354271421977 24.1628383066919 24.0769180383211 24.0100348045797 24.0942234343217 24.2235345688131 24.1421598159972 24.2206147809087 24.0790070842078 24.0867558750841 23.8480708147273 22.6725577593586 24.0384080119339 24.0100867155893 23.7620307800946 23.029711603824 22.9997729777554 23.4037228944125 22.1510663673466 23.6914535255344 20.2991289632556 20.1661376061263 21.9145927548409 19.7261235181196 23.8049522504394 24.7528694977731 23.8624260963481 24.1575623657232 20.6266739562706 20.3564761449525 22.1964597615195 23.5737677407853 21.3412833898892 22.078379613897 19.4291674771427
24.2327195112352 24.2870544487311 23.8652976418719 23.8329129006392 23.9065198138172 23.6577191256447 23.9062232013102 23.8333409031968 24.077133150086 24.0377758318259 23.998064835204 23.9582680409337 24.030138180874 23.9560336573624 24.0495607557856 24.0396672951586 24.2126725455861 24.1842263682389 24.1785179779853 24.3303180335481 24.2539487397229 24.2826543283315 24.3764671795162 24.3696309203719 24.3044788060365 24.2325517075297 24.2550424103384 24.1822246057752 24.1998129988894 24.1486519179962 24.242123430673 24.1613559475651 24.2035193578697 24.0992388060799 23.7598089451407 22.9163180435145 23.4985601539965 22.7529306048228 24.1740099963583 22.6769483589096 22.1441859861951 23.8831089737975 24.4485937312061 24.7528916773237 24.7516267834622 24.7484902729223 22.6600488151297 21.0729445354438 21.1229334780463 20.3418582081795 23.5170759836097 20.410979147237 18.6060368583894 18.7721694094899
24.3614269149892 24.2582828891866 23.9346558893168 23.8300259846228 23.8666908672562 23.9021713699824 23.9013105261473 24.0047345693464 24.0023884293474 24.0693706650793 24.0597002805015 24.0157228132825 23.9587153554698 24.123682681278 24.1722177703439 24.1457201817889 24.2390303195995 24.2432686256774 24.2561196801103 24.4702200148577 24.1948936561743 24.2752838873569 24.422043286871 24.3499630053838 24.282260476807 24.1899629521517 24.2032191057264 24.2451026328552 24.2726703300152 23.9623277655354 24.3631006100295 24.3097345930559 23.7769945224862 23.251756218922 23.0761029819647 22.6774753960562 24.0979516914597 24.3843357660152 24.5013620279453 24.731472714742 24.7363795086189 24.7403871477386 24.7434626245204 24.7455578698788 24.7081941697332 21.9709874374631 20.0964204369504 20.4527147984799 22.9720677170489 23.0628002176314 23.8432549116052 22.6805363055365 22.5925727810389 20.2636044619996
24.4137103325055 24.3314811875791 24.177043601613 24.13390404089 24.0554545237694 23.9979846241297 23.9266550729304 24.0291899948944 24.0619115591785 23.9910790383816 24.0384487912979 24.0313625933211 23.9978780612533 24.0137949280533 24.1410831380773 24.139235594096 24.2292871351595 24.3006673981378 24.3885857331164 24.3010358817783 24.3137162355729 24.363580354202 24.3277427696152 24.3072247411734 24.2938779268 24.2660792297787 24.3159546448861 24.3154792369148 24.3428138374546 24.4125614135354 24.4238654915933 24.3833648934776 24.1964562903216 23.7539130505221 23.1265157341957 22.9577032717658 23.6333479089501 24.4534046752953 24.4503736007361 23.673150226805 24.0081637928515 24.6880441249153 24.6922058314453 24.6961485221062 22.7683047800888 21.7628742615382 21.9865321956299 21.5169679935332 21.6063259979089 19.743999827644 21.4539897941513 23.9844677129645 23.2255247314035 23.0991021276992
24.4577763648681 24.4485404468613 24.2973000992228 24.2528219865428 24.0928611887826 24.1745718013357 24.1219928079181 24.1402294037519 24.1170733783716 24.0810523219315 24.0742197568034 24.0139935998269 24.0513777896946 24.0630737574748 24.4837998782411 24.153905239738 24.2545199627494 24.3441078289792 24.457643905466 24.3521638726011 24.4697132301919 24.3998526334027 24.4103426150334 24.3781569226288 24.3598038153884 24.3903779376436 24.4129960531806 24.4489579550278 24.4260503552578 24.5099530780757 24.476667907135 24.5000095539623 24.4782254417002 24.4917686423402 24.4091838724083 24.259307866332 24.475954604296 24.5314877485052 23.9855087287632 21.9009481163672 24.3632539869827 24.5178232788304 24.6752650184396 23.3907010787799 23.3155091989923 23.0467434443809 22.8502851972609 23.0562799718645 21.6370236805928 20.1986582119524 22.2898754492218 22.8975145537176 19.4353964896114 21.3704137832294
24.5311101287236 24.5075139837501 24.4860936807262 24.3220742359573 24.3604994798148 24.2169331738978 24.2478709960425 24.1868633979633 24.1349283882865 24.1268851627538 24.0859187534562 24.0542926102509 24.0592776861456 24.0664999991287 24.069100642425 24.1357035439691 24.2048872891767 24.3965633864756 24.3999686142545 24.4555945283837 24.4889959144004 24.4664271069898 24.4512626321227 24.435561776014 24.4476005307686 24.4441597032694 24.4678355257452 24.5188374723181 24.5101357431323 24.54312764833 24.5670594058655 24.5453289204909 24.5659776120274 24.5854156983487 24.5005801897726 24.4297623736623 24.5133245563066 24.4936297587406 24.2957035314154 23.9623911168104 24.4148282913514 24.4956157240603 24.502620809608 24.3582427455319 23.9823575612939 24.1441339414797 23.7266611121319 24.3196516592561 21.7659700304638 20.813064348109 22.3011706302196 24.0386437454341 21.7261380333224 19.5677382023246
24.6495768961347 24.6350231281769 24.6113426745674 24.2896030835899 24.3253019989273 24.3030666260072 24.2601961926914 24.2333655890123 24.2084055826252 24.1715484736878 24.1164665819686 24.1133235837207 24.1128654372545 24.1289901405941 24.154781382908 24.4088538419317 24.2350719342997 24.3599938107861 24.4305152701007 24.4386691536432 24.4547461666443 24.4853536503551 24.508639944262 24.5168763154819 24.5238204798581 24.5434463613563 24.5105714152625 24.5548510394715 24.5751772242564 24.6150589862723 24.6163145885791 24.6447778005659 24.6568899355553 24.6455132523437 24.6182588475722 24.6125830846068 24.5396943084252 24.4669544854282 24.3054620598569 23.8598538684992 24.4634580363462 24.3572303655707 24.4417971913461 23.9553546346264 24.3888530813617 24.3954390451496 24.4970106087349 23.7306243224644 23.2414604546847 21.1353242416441 23.3763026852667 24.5496101982064 23.514221092801 22.0836367676288
24.8468679155832 24.8246669856854 24.7001833081245 24.5886351310913 24.3270879119267 24.3026428905534 24.2652703122592 24.2443475994799 24.2114003128475 24.224064781342 24.1825958577203 24.1657557846587 24.1593136988304 24.1632078732237 24.1985138569349 24.2932750751943 24.3838329495471 24.3848060050128 24.458515013736 24.4698350431743 24.496096940541 24.5367271696344 24.5697994335934 24.5732365461043 24.5821215904789 24.6032255495036 24.5714259088039 24.6234576160525 24.6438767021821 24.6542989994273 24.676669466937 24.6967680015682 24.7003280733103 24.6656331494267 24.6370910437019 24.6301724266123 24.5860767291652 24.5124169662411 24.4247640247698 24.0537220493511 24.2086395138576 24.0267019312323 24.4168539429152 24.2391157426216 24.4475726233588 24.5989123375327 24.7073839358341 24.7478570146325 23.5495099794718 24.1630493089741 24.1862318751253 23.6054595717677 24.6796101564978 23.1685950688374
24.7842723569016 24.9622434575617 24.8728128302244 24.7614741401908 24.6649503130236 24.5022091927352 24.2932188304854 24.2563213801678 24.2439104381903 24.2561324271155 24.2430886181048 24.2124402032222 24.1716176533405 24.2195383379489 24.2639470041534 24.304676032655 24.4759288687765 24.5990574239949 24.5139958781225 24.492849535633 24.5362271065329 24.5867425708123 24.608027815966 24.6278923201708 24.6529069192616 24.6682395813642 24.6878774466338 24.689945339715 24.717693017 24.7423482863991 24.7422731184665 24.768631504053 24.7711007038752 24.7647474107919 24.7205279190599 24.6386665720263 24.6161386105014 24.6095046291381 23.1674583546173 24.3600572041523 24.3669025101044 24.4148782768367 24.5436194701695 24.6385608333128 24.6601941524464 24.7472264617314 24.8297016701581 24.9606091167456 24.9325004465786 24.9280804355939 24.643433120442 24.0679898234061 24.8711996336778 24.9272631065345
24.7471058257568 24.913773015767 24.9712374109545 24.8728515138597 24.6778109939746 24.5788821970975 24.2724675316134 24.2704057605914 24.2425218988348 24.2543802014104 24.2198812358173 24.2611228933305 24.2922444926368 24.2989545221682 24.331117645973 24.3385337082692 24.4061916646398 24.5674173621484 24.4919689358017 24.5161413628378 24.5550446341067 24.6220669367431 24.6527994066845 24.6747369427004 24.7085193684072 24.7038167284595 24.7242638331137 24.7340073554604 24.7544330100218 24.7785371599374 24.7705929644314 24.7741450323735 24.8401643183496 24.7894340301737 24.7150171240907 24.6689454463529 24.6380564815468 24.6234246064116 24.6859481974884 24.517706664992 24.5414434085658 24.615161199555 24.6012042267087 24.6607389712775 24.7553069682033 24.8462297446198 24.948000422672 25.0374735288414 25.1368271651827 25.1783522669916 24.3330256699044 23.9237604299445 25.1578307180493 25.0730667013445
24.8394072026382 24.9718689664646 24.9300952825281 25.0240014146876 24.7447998651752 24.3667843198335 24.2908519067882 24.2801483121919 24.2730310807993 24.2842853663144 24.3069802851589 24.3270413868221 24.3446446454819 24.3597660881502 24.3651731998832 24.3676263644371 24.521642758964 24.5798978083664 24.5000273786209 24.5408736051601 24.5892957815418 24.6444322056977 24.684341946281 24.7152262424245 24.7575448814734 24.7471100887399 24.7682874862059 24.7855161955327 24.812956610138 24.8222811141132 24.813700097137 24.8090881847305 24.8450226662336 24.7858120484853 24.7319694998823 24.6848644238195 24.6753839231568 24.6751347503544 24.6925292336646 24.7208194204319 24.6931612292925 24.6847849745073 24.7038508624206 24.7507164189845 24.8102803630593 24.8967931383922 25.0468946124301 25.096502159775 25.1863411038746 25.241244423463 24.9846141196327 25.3425090041425 25.2791647009644 25.188814340771
25.0581291919137 25.1720703768877 25.0511226535579 25.0074307405654 24.6685602480247 24.4332905812028 24.3195030418443 24.2930692987677 24.292332174675 24.2959659813363 24.3328834727958 24.3675598134965 24.364692441696 24.3811145501372 24.3740943249361 24.3785998636558 24.5490533257708 24.5745899444745 24.5248613785814 24.5682010086966 24.6190592199196 24.6835537059072 24.7396300925885 24.7581028972143 24.7876855118039 24.806534862224 24.8141572379036 24.8245066840707 24.844693149755 24.8463438245249 24.8440501074732 24.8239472432637 24.8299013996566 24.8484495614046 24.750232441337 24.7240586489071 24.7062464626483 24.7126227489224 24.7368754609131 24.7722926356174 24.7532394401821 24.7388931405397 24.7672430133378 24.808714614459 24.8707455171479 24.9378566198143 25.0544927043679 25.1603052966389 25.232559964907 25.233755744313 25.4522681818332 25.2286808085294 25.1932478162242 23.774677750873
25.2905115251188 25.3419042115594 25.3244977641253 25.1069098447576 24.7613754515295 24.4942828807566 24.3590321156714 24.3314518052855 24.3083651262301 24.2974006961893 24.3345987336135 24.3628333923993 24.3964957226206 24.4141732399846 24.4014927361482 24.4219322473179 24.4534916707027 24.5870788333592 24.6242465776426 24.5782313082689 24.6455498968378 24.6980758867882 24.7488410999745 24.7900476614634 24.820876892187 24.8477098885142 24.8488697508971 24.8664692739646 24.8934699058533 24.8945987942042 24.8770717018916 24.8629616449645 24.8531495811763 24.8268622652248 24.7703903423415 24.7429961020564 24.7533102868516 24.7660044820956 24.7674196689217 24.7951354599293 24.7763553787897 24.7851985024081 24.8147854027189 24.8579802532255 24.9221712576018 25.0218738261564 25.1044844411038 25.2064178941427 25.25376831845 25.3373425510194 25.5244879777785 25.3370802671821 25.3074848200068 25.6697668760647
25.2607809782028 25.4453142425896 25.2022447811233 24.8902367975241 24.7216638518704 24.5190680534751 24.6480817663081 24.3383793141371 24.3219991018743 24.3324792184948 24.3556746096523 24.3915285863994 24.4189521136107 24.4237461040785 24.4340123426031 24.434971532336 24.5674481117431 24.5761598035877 24.5943489137255 24.628048080721 24.6690963776759 24.7234721099889 24.7830915223669 24.8186951526153 24.8577234287321 24.8923839429279 24.8938710069215 24.9186352296376 24.9097415160986 24.9172615956377 24.9059378779229 24.8906771052031 24.8650251305398 24.8877544800441 24.8152728676796 24.8009409235583 24.7879437180213 24.7994469401277 24.829296995681 24.8344115689213 24.8449327289322 24.8467488792943 24.8697869581941 24.8994956736211 24.98014854465 25.0595781096706 25.1375795295209 25.2133359296086 25.2934349394875 25.4107306606976 25.5131861761764 25.632923508647 25.64353976728 25.7405735862844
25.4854768166572 25.3142363388597 25.0007461048939 24.8356197247535 24.5528686450587 24.6622907158033 24.743834086112 24.4316457465843 24.3621700234619 24.3582403668651 24.3745518863937 24.3969578828341 24.4397128998498 24.4386820608451 24.4646474460761 24.4957343948476 24.5524252028377 24.5913610909456 24.5902775136777 24.6472456662007 24.6973209985244 24.7534818797936 24.8076011541449 24.8586558985857 24.89157996759 24.92692337095 24.9286503654203 24.9462151756257 24.9511481583118 24.9436326032068 24.9383950986244 24.9289375659124 24.8945109311445 24.9516113941316 24.8705919797774 24.847375168035 24.8473509634718 24.842754568877 24.8492781166677 24.8753011011783 24.8779332239687 24.8796951817142 24.9029851053968 24.962735543722 25.0295467038213 25.1103966049942 25.1685427443481 25.2540106107423 25.3152326762676 25.3642250789536 25.411078343568 25.4502912702384 25.5111429067306 25.5704092065493
25.5332055478184 25.332122413391 24.9353253388111 24.7185257891814 24.5223653606427 24.6519427716732 24.521216279857 24.3591908131853 24.3569726417094 24.3677387718801 24.3846182280117 24.4007159978519 24.4232478859248 24.4662976867623 24.4795356091158 24.5692107132188 24.5922996618865 24.6260621722834 24.6409340150562 24.678475131444 24.7303339817642 24.795325065395 24.8366967658202 24.8960149722335 24.9368773589899 24.9443715790907 24.9817930721942 24.992101876824 24.9893724950007 24.9809320777287 24.9745130328484 24.9492518126229 24.9348727127652 24.9325270491618 24.9939406874003 24.8822233831441 24.8948901269907 24.895820110374 24.9007797027076 24.896348514969 24.8979718093519 24.9209387266341 24.9366644223531 24.9817989078569 25.0418054682237 25.1163448243965 25.1830170337801 25.2629509605007 25.3191286183434 25.3864938712414 25.4493681665556 25.513607700445 25.5705958950667 25.6041557936021
25.554870254758 25.4341051983245 24.9093041295623 24.7420097009635 24.7952697405109 24.4649705671234 24.3880863077111 24.3805926592998 24.3713216516707 24.3825299981936 24.3857372014611 24.4099804143111 24.4551932412165 24.4852768707423 24.5642180724644 24.5914511720339 24.6019466277994 24.644569882493 24.7181350535817 24.7076085711703 24.7610856396181 24.8204078367463 24.8843817381211 24.9162988057107 24.9507831461636 24.9799477566172 25.0103934086399 25.0203958942566 25.0242011651581 25.0220503135228 25.0144500588193 24.9949662692017 24.9716170234445 24.9601873979156 25.0196783045192 24.9275633654477 24.9309655236609 24.9226564940847 24.9257843382565 24.9196235084975 24.9270625452937 24.941587386823 24.96374734412 25.0011431935393 25.0318631261955 25.1210618476809 25.1956518352032 25.2694190977532 25.3197503504194 25.388842893677 25.4681561303727 25.5274665973069 25.5725327510893 25.6161921911769
25.5880152602991 25.3589059151249 24.8257576203641 24.4843195470027 24.4574199194525 24.4483736940372 24.4069783335851 24.3997019356416 24.3908127305684 24.4026494430907 24.413816276303 24.431811009513 24.4566391838921 24.5024338950346 24.5831835509818 24.5903284143519 24.6381089103811 24.6680498430023 24.7076272278656 24.7341066304548 24.7890738307694 24.8426189984804 24.9006486710943 24.954871582617 24.9899572859576 25.0482356103114 25.0571492360698 25.0667772967138 25.0843323199101 25.0523462795181 25.043456317098 25.0368242213755 25.0262436350923 24.9984257667153 24.9908790757627 25.0413995841403 24.9627004405599 24.9521802908109 24.9531300899423 24.9449843453772 24.9433040906618 24.9634654031124 24.9842534662029 25.0132587403427 25.0505366599118 25.1248442126645 25.1994209346948 25.2590085077433 25.1496930918576 25.2931091170252 25.5038213800501 25.5213353961338 25.5609213229315 25.6065716880339
25.6025034909631 25.3474423860326 24.7370288061507 24.4925778750284 24.4658041549318 24.4496524559863 24.4231662462523 24.4163044373194 24.415219103039 24.4204931139946 24.4325358337826 24.4515594820918 24.4847663072156 24.5247027449402 24.5854527820776 24.6083516739769 24.657672919241 24.6961818520669 24.7443594049524 24.779228418624 24.8283160873401 24.9047207909602 24.9349334919158 24.9827780021561 25.032802993795 25.0552535862834 25.0639864671377 25.0659222610203 25.0900611363811 25.1004150069054 25.0902248360493 25.074805618657 25.0697517732779 25.0398653535195 25.0229420458829 25.0788823061519 25.0266577560961 24.9918364844204 24.9758394036028 24.965328141863 24.9614134866514 24.9722513495404 25.0057621210446 25.0331310222178 25.0763203545853 25.135091193885 25.2016557587518 25.2897920774825 25.2318246314555 25.3238257397104 25.4915791462233 25.5314084085417 25.571930298246 25.6259483585387
