T2m/med_mese_clima/temp_med_01_2002-2019.txt
NCOLS 177 
NROWS 174 
XLLCORNER 1436301.375 
YLLCORNER 4916704.5 
CELLSIZE 1500 
NODATA_value -9999 
[rows 24 to 47 of 174, columns 54 to 107 of 177]
-9999 -9999 -5.50018663499182 -5.94684643149356 -5.00062245170782 -3.39413804985131 -0.446364111705171 -3.65606445234757 -5.06444429087868 -7.73297038774297 -5.66684631494585 -4.14554819181684 -7.71417043960935 -9999 -9999 -9999 -9999 -9999 -9999 -9999 -9999 -9999 -9999 -9999 -9999 -9999 -9999 -9999 -9999 -9999 -9999 -9999 -9999 -9999 -9999 -9999 -9999 -9999 -9999 -9999 -9999 -9999 -9999 -9999 -9999 -9999 -9999 -9999 -7.78381053174127 -7.48091011196389 -5.63521522755941 -8.62016829734966 -6.79000958877984 -6.5608668522903
-9999 -9999 -9999 -6.33057612343732 -4.08458104399715 -4.25549143409372 -1.48733364439928 -1.12248501389197 -2.38337764907901 -4.13221002679466 -6.63379398020611 -5.28622372001816 -6.58750367463377 -9999 -9999 -9999 -9999 -9999 -9999 -9999 -9999 -9999 -9999 -9999 -9999 -9999 -9999 -9999 -9999 -9999 -9999 -9999 -9999 -9999 -9999 -9999 -9999 -9999 -9999 -9999 -9999 -9999 -9999 -9999 -9999 -9999 -9999 -9999 -8.75821384539545 -6.53644223307806 -7.92257392143202 -7.97465572938499 -6.54752326838498 -5.17701444776597
-9999 -9999 -9999 -7.03546182936548 -6.01706299202408 -4.12551814316084 -1.28335258733209 -1.72346140041955 -5.11317864455533 -5.12639850053923 -7.31304599437802 -5.98999891141211 -6.71228399867584 -9999 -9999 -9999 -9999 -9999 -9999 -9999 -9999 -9999 -9999 -9999 -9999 -9999 -9999 -9999 -9999 -9999 -9999 -9999 -9999 -9999 -9999 -9999 -9999 -9999 -9999 -9999 -9999 -9999 -9999 -9999 -9999 -9999 -6.42432058027227 -7.14939364652414 -8.33714730490703 -7.97424849448833 -8.05044594201608 -7.90443606223839 -5.55020207494378 -4.13871809006877
-9999 -9999 -9999 -6.08865655030202 -4.92834151088288 -5.37161403692837 -1.7943237221608 0.238537073938242 -3.65806128384783 -5.08886881194643 -6.79234779984417 -6.30526175409631 -8.05149800481319 -6.43417952012174 -9999 -9999 -9999 -9999 -9999 -9999 -9999 -9999 -9999 -9999 -9999 -9999 -9999 -9999 -9999 -9999 -9999 -9999 -9999 -9.51230509286547 -11.9923863746201 -9.96120515413991 -12.1576493240147 -11.4935848058217 -10.4102767710661 -9999 -9999 -9999 -9999 -9999 -9999 -9999 -8.2860457432857 -6.07614192209183 -7.05915115936856 -7.0437339087073 -5.56250713400593 -4.71375978309917 -2.83711065058321 -4.25946932210358
-9999 -9999 -9999 -6.67647307151899 -4.78164360150918 -4.11583403412455 -2.43565221027541 1.15939072019567 -2.67555918884832 -3.70001050601421 -5.3462592695034 -5.31465547524449 -4.07003772799455 -5.72789656637728 -5.07228033273675 -9999 -9999 -9999 -9999 -9999 -9999 -9999 -9999 -9999 -9999 -9999 -9999 -9999 -9999 -9999 -9999 -9.39828436110168 -8.71103303869071 -8.08698901879095 -7.74489026768291 -8.87104708137374 -9.60923548447347 -9.59032175240174 -9.70907645396694 -9.94266339189732 -9999 -9999 -9999 -9999 -9999 -7.65910649894375 -7.03071118513294 -5.19064980954899 -5.90820463199996 -7.48420035872066 -6.99261812290631 -6.53119187302001 -4.77457967760125 -3.36539728127939
-9999 -9999 -9999 -9999 -4.56948252720776 -1.19815908544003 -0.119675920721747 0.964759920962578 -1.42765242897255 -2.94712103748744 -1.78784588800241 -2.4875899140153 -2.51033021439474 -2.79813094722864 -3.40516677441467 -2.40824976030406 -9999 -9999 -9999 -9999 -9999 -9999 -9999 -9999 -9999 -9999 -6.90253407776253 -8.23011455983476 -8.17197500969836 -8.8135324182201 -7.85219821421564 -9.20217470664187 -8.88387206600521 -7.42574674441895 -6.27732912280823 -7.89360317334165 -8.75165918230874 -7.17471899527159 -7.22723427835303 -8.69943813328927 -9999 -9999 -9999 -9999 -9999 -6.60455431239992 -6.18617345148724 -3.98525110584398 -6.56570010621656 -6.01686311039896 -6.31936709837585 -6.13297901952049 -2.73145556454405 -2.28852647661841
-9999 -9999 -9999 -9999 -3.3393938341027 -3.18731744664817 -2.07130299488867 1.14490298020245 0.616846032433972 0.600205392659472 1.59884463590454 1.07191450981678 0.323702646004218 0.824929836675681 0.521812593636722 0.932822278608324 -9999 -9999 -9999 -9999 -9999 -9999 -9999 -9999 -9999 -7.00383350318876 -7.63834127832432 -4.95001445325794 -7.29825172060031 -7.08714594775519 -4.44365731180468 -6.44851100791721 -6.15478570726432 -7.05133725829449 -5.72038507521484 -7.19339344689195 -7.49089890108786 -6.25199580936082 -5.67372317882785 -7.43207774686067 -9999 -9999 -9999 -9999 -9999 -6.9606520866274 -6.31666161104285 -4.53794454556178 -3.15905518148818 -2.97350105234966 -1.98107846191192 -2.85431291112912 -2.87334059845393 -2.21986632748497
-9999 -9999 -9999 -5.22413159309987 -3.8907803697195 -3.59999671466335 -1.97183068563303 0.187243127611083 1.87950274614888 1.93791664231393 1.24581173306918 1.48906628638885 1.01697866185398 -0.16117801538751 -0.0403612634979268 -0.87456314188115 -2.03698276157767 -9999 -9999 -9999 -9999 -9999 -9999 -9999 -9999 -7.34730412902443 -7.29369217971075 -4.52509613026847 -3.69148059845859 -2.38961098298342 -2.38413635102801 -3.22840008161145 -5.10902193372557 -7.59331323001362 -4.56541208639938 -4.98036145142828 -8.6146934516802 -4.20983267831643 -5.15058105474764 -7.10244955404775 -6.39007259741309 -9999 -9999 -9999 -9999 -9999 -6.96764016118214 -6.47153425151217 -4.59501917639334 -5.91088396893615 -3.2010610121665 -2.63513479662374 -1.3945653495356 -1.61576652911538
-9999 -9999 -9999 -5.45968118977767 -3.55846406898424 -1.58877152295265 0.0867112410646856 1.63508454670593 1.99884203264078 1.8559793598847 -0.33021332681249 -1.16852995110626 -2.28410156371438 -2.19059664418418 -3.7441490423948 -3.49091252794837 -3.92551619353011 -6.67366007655648 -4.40519399369861 -9999 -9999 -9999 -9999 -9999 -9999 -9.37950448440552 -7.56818029861897 -4.85856441879922 -3.02579873669715 -5.15555681786281 -3.48939293054085 -1.6735899227684 -2.36664298590683 -4.08968080090877 -4.71049923798767 -3.39288651993011 -3.72669549623335 -5.77057767072716 -6.57355649003574 -7.10448673156901 -6.27125492055106 -9999 -9999 -9999 -9999 -9999 -4.56952822750099 -7.51298978774594 -6.4054453270167 -5.41855324734543 -6.21462653464379 -4.83557531490637 -1.4298365707701 -0.0335010985262178
-9999 -9999 -2.86530864316322 -4.14993974440218 -1.77462950843854 -2.05687515482502 -0.011022067671106 2.05378517806162 2.02594679253234 1.1880898733874 0.028460003509887 -0.751606348740035 -4.97462392239619 -3.01522389010843 -4.5311837596846 -6.01940476810563 -4.38052525045123 -4.35260863915022 -7.34165361597345 -8.35612645950557 -8.16758757659423 -6.88639888952947 -7.64706235898322 -7.04676083797932 -9.12789444532246 -9.66086719675348 -6.25686480257442 -5.06245729585935 -5.08958677871377 -6.09141703561758 -5.34081273789533 -3.03475341514952 -1.79559111899298 -4.07964955969911 -4.86412520934592 -1.84857158702915 -3.73810174059011 -5.12158690366486 -5.91706673148789 -7.73108588375402 -6.78770733826732 -9999 -9999 -9999 -9999 -9999 -9999 -6.53133717046994 -6.89780307364718 -4.94812576166445 -6.81915030648884 -4.85642852981948 -2.21887248540969 0.473770946598331
-9999 -9999 -5.14722419600752 -4.32179731096996 -2.87416836768281 -2.2913486500452 1.02014297337926 2.0171307663638 2.05251713489958 2.04433250143051 -0.0394396712392373 -3.92214689773305 -5.10904365258621 -4.17203329539802 -5.08896281279339 -4.17752659440583 -1.57825350645451 -5.64032643675548 -6.31854441551803 -4.83818339741952 -7.76540872357798 -6.62755554852124 -5.64714978396128 -4.68121957948069 -5.44745054602029 -6.46230060596257 -8.32060269666124 -8.06766799489436 -6.77038291863769 -7.02846863035791 -6.47907811412107 -3.68562182325986 -0.943985010720431 -1.3636298606457 -1.14768088639881 -1.62669033250031 -4.51900875635194 -5.08181106653569 -8.2783955209647 -8.96710477873027 -7.7225252749607 -6.88358590674121 -5.45005952659826 -9999 -9999 -9999 -9999 -9999 -6.42781578766203 -7.09398250875735 -6.3926460683654 -2.78677616718529 -0.371553508677962 1.03835778856473
-9999 -5.40098875915011 -2.93741849270571 -0.0657680908919002 0.131732264194474 0.636928231820731 -0.866047805199114 1.18979947420434 2.08822178993692 2.06461126948612 1.13246339690463 -2.46556883469111 -3.21800517790068 -1.43237312294793 -1.19346965502051 -0.777791336670647 -1.54414028463791 -4.53882271842071 -4.6037101285535 -4.09457235667027 -5.26021874165878 -3.65995863264434 -3.44498354842578 -1.74053053033133 -2.10584006469716 -4.94659629211799 -8.65201367649544 -9.89847476490673 -8.07318120600472 -7.25614072464987 -4.76468809156089 -1.94223025003692 -0.744055867133742 -0.948792103191314 -1.38958669615747 -3.21624444163935 -6.19824152632547 -6.11704117364572 -6.628841650969 -6.69553879563688 -4.60556681210753 -2.33101882257274 -5.51977075595341 -5.9068766679177 -9999 -9999 -9999 -9999 -9999 -6.20985845840081 -4.73179512814826 -2.12102804289085 0.505289538138789 1.19432814730431
-9999 -3.29939635752098 -0.597337117562453 -3.46790925406589 -0.557540747610427 -0.00864253568681874 -1.50517180814848 1.52990696043845 2.15121136395588 2.1012821003308 2.07518313891772 1.55799480909307 -1.35042770911774 0.648544765952202 -2.51064706356007 -3.21930687293482 -2.83004547017056 -6.03572883431202 -3.04909867424736 -1.7783882757281 -2.66623600454017 -0.649960332599604 -0.838770665938909 -2.72982467461597 -4.77056078773618 -7.18371554076772 -6.7591029923418 -7.45793335384338 -7.08840568511885 -5.65818267907254 -3.58379238099832 -1.82355459358692 -0.577911398103588 -2.00716074684558 -4.34018446289777 -6.16387853114999 -4.37760130319 -4.82657308587384 -7.74382939509292 -7.68041795587655 -6.1015060942861 -1.97925121615314 -6.10501026286283 -7.04775045770593 -9999 -9999 -9999 -9999 -2.63900085124019 -3.3925857529922 -2.64167054226454 -0.0155618499161879 1.23348324809173 0.92863338557756
-9999 -3.27848165672757 -2.59098598825164 -4.2376733857727 -3.67174165136834 -2.84831230297258 -2.49354484905905 -1.49316770401392 1.64583057271001 2.13987493201673 2.11050525861705 1.9704022426308 -1.11979126905748 0.851324170588261 -1.48805334025574 -4.26733160523364 -7.56766993868998 -6.29349927555684 -2.9489904962599 -1.26398819819564 -0.160834801272599 -0.0534675659899798 -4.20381896771856 -5.88518773992719 -5.9063267243183 -4.50863793032719 -6.70347369968815 -6.57451317032079 -4.15022784562259 -3.80314341049322 -2.40612823846652 -1.23849647689828 -0.651229581669444 -0.920482432271005 -2.83456387034074 -2.71363972041952 -5.91928982955378 -6.65443960443465 -8.37478990240052 -5.70967984957138 -4.6707193744666 -1.59759108291455 -5.84769392758023 -5.96745868977063 -9999 -9999 -9999 0.760531795329077 -0.487354387914884 -0.241642998106244 0.335915123142674 1.22963586332527 1.20001286336168 -0.018059853449099
-4.66477994157924 -3.61381110848585 -3.56808062364548 -2.06173071316294 -2.53540376780018 -4.19676272810652 -3.33158992121615 -2.22088304706277 1.27944052769151 1.99001421587487 2.14925744805267 2.10998225537547 1.5020519752084 0.658086431646488 -2.73458543765829 -6.01055232446629 -5.06902718482818 -7.4787370477438 -6.67129901175234 -4.12338019802992 -4.28295307694515 -0.0213159222295456 -2.65341164231633 -1.88053929435209 -2.62486255087633 -4.7725539617603 -5.78693335764869 -5.31595546305163 -6.08747942693698 -5.468278001559 -4.09998384178543 -2.88463287097628 -0.794174871358848 -0.721527407453565 -4.54149888808705 -1.29262622759993 -6.32229455898624 -5.409218350311 -5.6048959429975 -6.06596741034246 -3.06327271815763 -3.09674354479555 -6.19859877317875 -6.10036680433301 -4.77468697207975 -4.27671580307642 -2.24681866499798 -0.0290298599502512 1.21662736473811 1.2599850231852 0.865958080725882 0.66365239321197 0.275544941921415 -1.58216594108723
-3.44366900109047 -2.250427637484 -0.995950163675441 -1.70645809087226 -0.803584959444521 -1.4319512258362 -2.91083043295266 -3.01190606077836 -2.12640486534532 -1.48152082412827 1.46159395435698 2.13896919974071 2.09401488489752 0.788787438481892 -1.98321401701596 -2.42045986441122 -2.50553838649851 -5.39147000547184 -4.35226110967565 -4.51364401026016 -2.94726093167899 -0.170591761035841 -0.474015575428055 -2.60497947196175 -3.64277584512787 -3.80476220506712 -4.31886957407994 -5.27521195100118 -4.11130683615582 -3.22489734480056 -4.67052276500701 -4.83043481057929 -1.86011141303103 -0.527519632936787 -0.887357231737102 -1.79357468414716 -3.42588000165994 -4.14988624943801 -2.62026858727424 -4.18101916144345 -0.89731258237265 -1.62057200325893 -4.90968760977018 -2.08237020344805 -3.03579389363208 -0.463750968973909 -0.0830469120822469 1.17243449661439 1.25001935824625 0.91920282071336 0.0138372404621864 0.34182756906193 -2.21512007184782 -3.33637097772235
-1.11255025200629 -1.8703949117316 -2.67721661632204 -1.35727255849787 1.37155396697865 0.326740599565156 -1.36935605812556 -0.787410376725608 -0.04493088676302 0.122063524838099 2.16293590916082 2.17991396102184 2.12428453397642 0.936910569540403 0.17597674401176 -2.00121501458774 -3.50584786822023 -5.89093935858601 -5.79868809616192 -2.38350592095746 -0.847262279759852 0.270784982011888 -1.46057740342971 -1.00318020659431 -1.18494429495099 -0.542076975182387 -1.38417997207706 -0.983153832815356 -1.06441044804103 -1.5471383227069 -2.63278092230547 -4.28083298805293 -1.8610721016734 -0.501268924228889 -0.619197308430332 -1.54810800400106 -1.5902568928916 -0.852231210219306 -0.549591946506539 -0.720305699200163 -0.213366783545931 -2.31150700062188 -2.17389827108955 -1.22170037345254 -0.314162667074421 0.186129759455937 0.906959169282927 1.18930108968375 0.127841128107251 -0.799864575833644 -2.29937850673784 -3.30643467826348 -2.9848541316407 -1.55181368026937
0.663682374355195 0.482256443299575 0.572120911922129 -0.589701079422377 1.49375662068996 1.96006905364818 0.746718357968253 1.34377211863957 1.89087720587299 1.7534348407117 2.26473625224914 2.21414114007162 1.39818232955067 -0.418798435301278 -3.2642743351282 -4.15711995535238 -4.69365465800539 -4.67378623204997 -2.97359701072155 -2.69610505709209 -0.235027195277949 -0.12572990332325 0.207288658323956 0.177117342137443 0.0449472937153839 -0.0903761282123175 -0.649879695962626 -0.403190646964998 -0.593423446280473 -0.64856684951588 -0.764423830470186 -0.719982576177732 -0.707759463527569 -0.297043318710244 -0.551006141903124 -0.490358896945276 -0.497389637357492 -0.446825264351799 -0.353643729236674 -0.27089352670796 -0.147267829091878 -0.275444397267922 -0.389438147195757 -0.31742470054647 0.0436498792888022 0.841177007846992 1.0994631829285 0.658777587996985 0.102463757931344 -1.67078287247626 -2.35286085781642 -1.91400881166811 -2.11746172456086 -0.703291928613281
1.14700695315677 1.27016376886473 1.46845782090621 1.41144366819976 1.89974193079215 2.33789314814318 1.76493347013338 2.42149675499452 2.38563267566573 2.34754115859384 2.30119465651345 2.24333504232978 0.109189618820771 -0.429904375111204 -0.713240641574439 -1.22959134575085 -0.808778116653758 -2.10868273325322 -0.954862538056558 -0.249920326815244 0.286544704666603 0.526868202156406 1.00678751509326 0.901647752717447 0.760507476143297 0.640320468659981 0.376245715423346 0.142587537442799 0.000257612476254199 -0.102821524860945 -0.0284492075820427 -0.523932425126081 -0.411698504468586 0.158960102333873 0.183836671539904 0.213706560489998 0.28463488858538 0.271504562332228 0.08418807988383 0.225076483526133 0.458105410004089 0.164663364017272 0.00847697370617057 0.132477281179648 0.281956802201215 1.00211077371695 0.815025027715992 0.278124746850508 -0.199307580940661 -0.316278125863846 -0.063374745978186 0.534674572108328 0.598927986645006 0.672949773569963
1.04508142656296 1.64968119686769 2.41692875034319 2.44436583828324 1.75876104436104 2.43915760067242 2.50193649431802 2.45976187590955 2.42655713029017 2.38577487815481 2.33564685601857 2.13494168032499 2.12331483713319 1.90447103104603 1.70706975120161 1.47337405802236 1.31758672102964 0.622517342702587 0.503271284148011 0.833633631354571 0.660187746262185 0.644651208221028 0.987514208327978 0.610984012416921 0.685362105071434 0.460516829676437 0.479955362928397 0.385396283807878 0.301221467951603 0.224125148716413 0.161519168081827 0.119379815987803 0.0260186626652682 -0.00380834593165597 -0.113779175444216 -0.128490349024955 -0.294732359294299 0.149831614151449 0.0157613107348704 0.133779259644997 0.240135198779333 0.567736105716771 0.668457548970107 0.782626861930316 0.876971897779702 0.618794695009323 0.158959714025619 -0.369084375413998 0.156773489340168 -0.0300447053151366 -0.752304408934099 0.0327684341525556 -0.573739843389985 -0.932830828870878
-0.234599303165794 0.539740771313171 1.54684530423658 2.38009773095632 2.57885717837425 2.55682933428789 2.5340589926308 2.50462469429549 2.46783343472247 2.42260550560523 2.36806264723608 2.30490730138769 2.23114565341234 2.14540147520349 2.05109921703705 1.9472081159561 1.8262571984639 1.66022219503418 1.56388174440477 1.41105455058719 1.26127375134304 1.05295893099239 0.186784501527839 -0.00674566282448409 -0.676602068344441 -0.614343886697137 -0.241629154384818 -0.190076624405926 -0.251286788775934 -0.44851661950307 -0.514695895970352 -0.501363114655514 -0.564591018061146 -0.55629405432793 -0.518858539988488 -0.48081613816073 -0.444050275217869 -0.376296430356623 -0.344898657218724 -0.266468967175736 -0.183907358567126 -0.04127963977677 0.115968062400738 0.0331211268810369 0.126578993627314 0.048929104396199 0.167748462820059 -0.885485353483281 -1.42873358617632 -2.9900835468825 -1.54698311056487 -0.449171951850999 -3.45736291992386 -4.94626949285751
2.04184398895063 2.39482850819632 2.60491226402838 2.64508198509205 2.62722554937179 2.60723883998195 2.58110213150777 2.54811192479799 2.49315774048483 2.39255234132393 1.81987149859407 2.3239829903421 2.23513350102137 2.07379725287335 1.84251773226171 1.6221237939176 1.80837993624075 1.67301872778939 1.51854869981091 1.23165859867915 1.01135920413781 0.70012774369388 0.114108360443477 -0.225306696812873 -2.39802302796435 -2.10605890240555 -1.24329288319569 -0.394330506273033 -0.555590519423663 -1.40379999147365 -0.613187007847959 -0.56845912119758 -0.763665764997341 -0.530114168802523 -1.86091469173769 -0.471301907412347 -1.99200525848113 -1.10738849928034 -1.18470166272572 -1.38080469436345 -0.572303696960932 -0.354729207738604 -0.305238707227562 -1.75446946781396 -1.7203548631198 -1.85711601406367 -0.608767495563795 -1.27891452110843 -5.01732974857093 -3.68348350342295 -2.75627987480642 -3.36682197153414 -2.43125155990978 -5.57520704306615
0.86002189259452 0.964664866760049 2.21012905677928 2.69750598964078 2.67986577474483 2.62509926252107 2.62676572348173 2.56164033866941 2.2400476724009 1.8829757968828 0.532063782200055 1.05088439470167 0.929226792868741 -0.103523465206754 -0.0248946795436335 0.295134589491857 0.627302768209115 0.757117524496619 0.73088070636882 -0.153161595804434 0.0870308313431006 0.118729884929671 -0.821500435718693 -1.24101334880169 -1.16081921311099 -2.85962331623538 -3.95935765077004 -0.594826305482818 -2.36066009139565 -0.867719302835249 -4.05435032829523 -0.559314033768159 -1.22609097665525 -2.7612436512474 -3.15394513098658 -0.398552232843235 -2.66273167226479 -2.24754098989417 -5.19010772110797 -3.40347369841399 -0.751627356071168 -1.96358086791533 -1.85014479764586 -1.76233133916943 -4.28578166558041 -3.84044228452021 -3.53737580669734 0.124949771579975 -3.98756745245762 -4.56435461427942 -4.12055251766494 -3.36285448461508 -2.89261684740565 -5.8347764780793
-2.10123944318163 0.793423170051545 2.41059508811593 2.75245374981651 2.73153972343807 2.70070222321697 1.39095091206179 1.15020303131125 1.40112803578215 0.458290519694726 -2.35004367140546 -1.23262713307005 0.573320091286019 0.216479610924417 -2.06001163623339 -2.05252876891461 -0.835969344724926 0.77730264401969 0.204218972506018 0.162782284471071 -1.95500183079013 -0.945549955314912 -3.02393738949905 -0.886687517185999 -1.15756913510094 -3.85552657950432 -4.83653626633782 -1.1653945516178 -1.79063326405895 -1.40291585598714 -4.16234138476162 -1.81402319381879 -3.46219827195516 -4.96539448253228 -1.00407651501052 -0.838747215511755 -2.08441056510396 -6.00617749607871 -6.35006176228968 -3.91615271423835 -1.44089092642491 -5.34586656925557 -1.37597754303368 -5.41577850740794 -5.14760278634251 -5.4188964348157 -4.58464849500778 -0.638598752213231 -3.77835644264768 -6.39387205435538 -3.36934049064954 -5.99937780570813 -6.44871306093062 -5.59015791651067
