T2m/med_mese_clima/temp_med_09_2002-2019.txt
NCOLS 177 
NROWS 174 
XLLCORNER 1436301.375 
YLLCORNER 4916704.5 
CELLSIZE 1500 
NODATA_value -9999 
[rows 96 to 119 of 174, columns 0 to 53 of 177]
-9999 -9999 -9999 -9999 -9999 -9999 -9999 -9999 -9999 -9999 -9999 -9999 -9999 -9999 -9999 -9999 -9999 -9999 -9999 -9999 -9999 -9999 -9999 -9999 -9999 -9999 -9999 -9999 -9999 -9999 -9999 -9999 19.1250728516819 19.1864570136423 19.1884615181126 19.1942585003711 19.1277458804777 19.1517835412826 19.1670677018653 19.1850991235002 19.1880699886368 19.1992965086743 19.2069367535346 19.2109391215813 19.2172249101511 19.2140755059618 19.207557506983 19.6013997565208 20.102428582246 20.2736429318614 20.3814153928942 20.3995099978505 20.4055500631512 20.4055193948487
-9999 -9999 -9999 -9999 -9999 -9999 -9999 -9999 -9999 -9999 -9999 -9999 -9999 -9999 -9999 -9999 -9999 -9999 -9999 -9999 -9999 -9999 -9999 -9999 -9999 -9999 -9999 -9999 -9999 -9999 -9999 -9999 -9999 19.1662359511335 19.2030962851769 19.1977227180625 19.1320029390954 19.1567727510804 19.167147935198 19.1803901161271 19.2080374276349 19.2088334394445 19.2119645665889 19.2232785591449 19.2369047514856 19.2351278618149 19.3283512892622 19.6615410661408 19.8146376155345 19.8537183155426 19.7054279946352 19.9081397869578 19.8874056709224 19.5895990375739
-9999 -9999 -9999 -9999 -9999 -9999 -9999 -9999 -9999 -9999 -9999 -9999 -9999 -9999 -9999 -9999 -9999 -9999 -9999 -9999 -9999 -9999 -9999 -9999 -9999 -9999 -9999 -9999 -9999 -9999 -9999 -9999 -9999 19.1502401945235 19.2103298399716 19.2110286433045 19.1751043316962 19.1541317062664 19.1771615737167 19.1915543341621 19.2029054307618 19.2109932268031 19.2156638486708 19.2226945046873 19.231994991406 19.2377077542046 19.2283591269533 19.4660518029336 19.5830629053472 19.4353956833653 19.3404552753097 19.1985900799814 19.1760178463365 19.1532549247203
-9999 -9999 -9999 -9999 -9999 -9999 -9999 -9999 -9999 -9999 -9999 -9999 -9999 -9999 -9999 -9999 -9999 -9999 -9999 -9999 -9999 -9999 -9999 -9999 -9999 -9999 -9999 -9999 -9999 -9999 -9999 -9999 -9999 -9999 19.2045184239117 19.2053662271335 19.2104296277385 19.1729801339056 19.1679567126022 19.1601137347605 19.1962528886847 19.2116947113554 19.2180496289051 19.2268025006523 19.232073436942 19.2396820800362 19.2497153132583 19.2506976822631 19.2370705130685 19.2208274486041 19.2081948310175 19.2170199156949 19.2016950305242 19.174502680661
-9999 -9999 -9999 -9999 -9999 -9999 -9999 -9999 -9999 -9999 -9999 -9999 -9999 -9999 -9999 -9999 -9999 -9999 -9999 -9999 -9999 -9999 -9999 -9999 -9999 -9999 -9999 -9999 -9999 -9999 18.931078972107 18.957549813759 18.9896919889849 19.0504293254128 19.1915641670635 19.2040788717806 19.2210887858542 19.2133048214066 19.1687353908787 19.185537809537 19.1997198015642 19.2168157566934 19.2308002392146 19.2298977588557 19.2314241528892 19.252778970571 19.2533375460222 19.2564234869843 19.2449375867539 19.2481054306259 19.2374492488602 19.2250387198547 19.2229992824191 19.1916625203986
-9999 -9999 -9999 -9999 -9999 -9999 -9999 -9999 -9999 -9999 -9999 -9999 -9999 -9999 -9999 -9999 -9999 -9999 -9999 -9999 -9999 -9999 -9999 -9999 -9999 -9999 -9999 -9999 18.8700106438168 18.8886862188616 18.9137102933755 18.9448999478595 18.9645817170198 19.0247813836597 19.1715649241917 19.2016319793912 19.2131703482658 19.2408311440875 19.2029247745624 19.1804704902882 19.1903884352243 19.2034390983225 19.225190362673 19.2322272165449 19.2360127003028 19.2480871977325 19.2625786748502 19.2565168134706 19.2532109213972 19.2471712957854 19.2445471926591 19.3169878046022 19.234266434707 19.2163119121606
-9999 -9999 -9999 -9999 -9999 -9999 -9999 -9999 -9999 -9999 -9999 -9999 -9999 -9999 -9999 -9999 -9999 -9999 -9999 -9999 -9999 -9999 18.7047876142831 18.7041225678848 -9999 -9999 -9999 -9999 18.849683511417 18.8782084340641 18.913304123271 18.9431965319894 18.9619381928657 18.9982285354938 19.121357228488 19.1922758196886 19.2274674175267 19.2382896546736 19.2477443117748 19.1974867240527 19.1800880217841 19.212396855974 19.213071951312 19.2397577715407 19.2517651915931 19.2490153916342 19.260346402382 19.2511861945858 19.2620589143548 19.2758940935592 19.2642538082021 19.2564118244943 19.2413596189266 19.2370184120243
-9999 -9999 -9999 -9999 -9999 -9999 -9999 -9999 -9999 -9999 -9999 -9999 -9999 -9999 -9999 -9999 -9999 -9999 18.6383899289301 18.6497018974022 18.6674081129741 18.679978981557 18.7107765302728 18.736643775936 -9999 -9999 -9999 -9999 -9999 18.8560042649241 18.9067657595241 18.9352245747586 18.958628325741 18.9767791745306 19.0299549578555 19.1762532836176 19.2175984596536 19.2407369951635 19.2570145537798 19.2369700931726 19.1864245462387 19.197565956172 19.2120516531617 19.229611645637 19.2442450915032 19.2500365802383 19.2584383824928 19.2579450284536 19.2716821967261 19.2826009493602 19.273729582894 19.2800425183347 19.2674672063511 19.2538931518603
-9999 -9999 -9999 -9999 -9999 -9999 -9999 -9999 -9999 -9999 -9999 -9999 -9999 -9999 -9999 -9999 -9999 -9999 18.6496597125384 18.6704772084685 18.6800206426536 18.6958842351367 18.7124001385684 18.7355370813859 18.7537983633093 -9999 -9999 -9999 18.8210786582181 18.8396875330391 18.86537593272 18.9096451953605 18.9318128121615 18.9548752296093 19.0075660538628 19.0374685902325 19.172059410643 19.2309189210069 19.259911031787 19.2412411074224 19.1576478002096 19.1824385474316 19.2050731321404 19.2252385225409 19.2484303669454 19.274440164767 19.2743724149534 19.2769808904345 19.2593542297453 19.2848028542895 19.2961930030455 19.2938261360196 19.2839450829331 19.2728646641566
-9999 -9999 -9999 -9999 -9999 -9999 -9999 -9999 -9999 -9999 -9999 -9999 -9999 -9999 -9999 -9999 -9999 -9999 18.674682827783 18.6874043474481 18.6886134745974 18.7134265508003 18.7271124911262 18.7356911392961 18.7451848558615 18.7615976432198 -9999 -9999 18.8130669746439 18.8351715513116 18.8588465833953 18.9072298927858 18.9396550483707 18.9617517313433 19.0114802085577 19.249749348462 19.0738608915154 19.1799418434482 19.2799744103603 19.2569790017407 19.2388129870706 19.173108127953 19.1867223593619 19.2038981390411 19.2300622250081 19.2419609353232 19.2451946594934 19.2740903163322 19.2885050451619 19.3000214102548 19.2973534776942 19.3037842706246 19.3025231828787 19.2941027108965
-9999 -9999 -9999 -9999 -9999 -9999 -9999 -9999 -9999 -9999 -9999 -9999 -9999 -9999 -9999 -9999 -9999 18.7202432105748 18.7075344565423 18.7061891328177 18.7105654084896 18.7208927208284 18.7374152884858 18.7312853115196 18.7667516700229 18.7684445165735 -9999 18.7935022010657 18.811390403092 18.8368847839449 18.864235972498 18.8934449958466 18.918649296689 18.9455318013218 19.1091531190074 19.2213957995214 19.05137295844 19.1115664831752 19.212743353189 19.2785820580001 19.2100895834685 19.1583652132849 19.1803804553027 19.2004696791504 19.2182787026863 19.2392454645186 19.2631206497607 19.2955441713942 19.3019929565156 19.3112368547901 19.3176914788069 19.3273323715342 19.3234029312548 19.3291924719914
-9999 -9999 -9999 -9999 -9999 -9999 -9999 -9999 -9999 -9999 -9999 -9999 -9999 -9999 -9999 -9999 -9999 18.7513932712462 18.7539234246635 18.7266903715268 18.7282960643257 18.7356599452091 18.74325153342 18.7397505165593 18.7603584379148 18.7646734216661 18.7646192432896 18.7894673544633 18.8046017498501 18.8217930431034 18.8411478104871 18.8685073159055 18.8922483720846 18.9180752891157 18.9226981984168 18.9521514023172 19.0234416948957 19.0727392824064 19.1867002095756 19.2425225965517 19.1935663633572 19.1443418300167 19.1806054656533 19.1922725485507 19.2305631196819 19.2492675310046 19.2653065607389 19.3071234377332 19.3115608469508 19.3244647533653 19.3344807113648 19.3475105457227 19.3581590750665 19.3555099159137
-9999 -9999 -9999 -9999 -9999 -9999 -9999 -9999 -9999 -9999 -9999 -9999 -9999 -9999 -9999 -9999 -9999 18.7725728459818 18.7786041749011 18.7545722445918 18.7591357905594 18.7517896385561 18.7445472169425 18.755216609777 18.7608876998321 18.7735503890277 18.7645036813019 18.7805173833251 18.7870321889262 18.7958680528334 18.8187766093404 18.838455431915 18.8607132590898 18.8912770846338 18.9068597874118 18.9419477643638 18.9731237996431 19.0521063198303 19.1672481049904 19.2131271268673 19.2533078200516 19.1313885283653 19.1647820872365 19.2025888074251 19.232863385178 19.2552033304255 19.2692974907837 19.3091793465279 19.3232316885948 19.3456469537502 19.3536946812733 19.3759242618982 19.3898703038007 19.3846509132349
-9999 -9999 -9999 -9999 -9999 -9999 -9999 -9999 -9999 -9999 -9999 -9999 -9999 -9999 -9999 -9999 -9999 -9999 18.7929923852209 18.7896244614593 18.7796051141022 18.7691478682051 18.7586599148401 18.7543713479359 18.7625075670799 18.7718559493659 18.7712034521432 18.7609514720823 18.7704219061829 18.7940728704744 18.8031357966773 18.8209250091669 18.8416958514453 18.8654167339263 18.9035329175102 18.9154105001482 18.9527305078004 18.9920364702798 19.1373002722117 19.1791788203735 19.2446814735502 19.2870415723567 19.2137446495993 19.1973623282456 19.2254713508437 19.2687414098212 19.2810596358198 19.3248648384293 19.3429384615229 19.3749504949931 19.3868569457287 19.3957794298386 19.4131578384764 19.4280198542247
-9999 -9999 -9999 -9999 -9999 -9999 -9999 -9999 -9999 -9999 -9999 -9999 -9999 -9999 -9999 -9999 -9999 -9999 18.837767553398 18.8141184382968 18.7953317877129 18.7875814083131 18.7912940588491 18.7778416899429 18.7651849806613 18.7770294831402 18.7848000855662 18.7772668113273 18.7897100485909 18.7875982677876 18.8002100812216 18.8045492573792 18.8296509803027 18.8523538245476 18.8841368449069 18.9017264512992 18.9337090371441 18.9739297484529 19.1088657993086 19.1410257842197 19.2376786295329 19.2769330108531 19.3045537556268 19.205556486606 19.2259155283105 19.255950867673 19.3007999919688 19.3372939595926 19.3595259454896 19.3955694584706 19.4058569021533 19.4354366333549 19.4451299570453 19.4632170109761
-9999 -9999 -9999 -9999 -9999 -9999 -9999 -9999 -9999 -9999 -9999 -9999 -9999 -9999 -9999 -9999 -9999 -9999 18.8541496913704 18.8219850712276 18.8061164062218 18.8185855977304 18.819102629886 18.8081556504181 18.7863211653851 18.777465046594 18.7762562648547 18.7657385395024 18.7695974209376 18.776593620331 18.7870327086969 18.7953565785635 18.8074953602877 18.8234916661663 18.8547885864022 18.8839293949373 18.9221580989973 18.9633926723728 19.0071859752919 19.156841214475 19.2095963477632 19.2631312997329 19.3053734211553 19.3186788038276 19.3482077482179 19.2911357264561 19.3286830878806 19.3693158161442 19.3845181331552 19.41345787703 19.4390680361753 19.4613005122691 19.4746896146891 19.4960743297334
-9999 -9999 -9999 -9999 -9999 -9999 -9999 -9999 -9999 -9999 -9999 -9999 -9999 -9999 -9999 -9999 -9999 -9999 18.8711072867629 18.842130766023 18.823400273253 18.8445321318823 18.8360457006618 18.8160419891925 18.7909907538392 18.7673316681674 18.7746810234065 18.7612683623839 18.7624447044285 18.7670326489066 18.7696035913505 18.7820022655021 18.7928420688533 18.8079750581263 18.838872825087 18.8738403931203 18.9184437149025 18.9492184269322 18.9887956121263 19.0653522298178 19.1953789510337 19.257457047777 19.3028460422847 19.3424982015581 19.3814406097697 19.340101622949 19.3591844229406 19.3871844287576 19.4179573215516 19.4399704828116 19.4641644513165 19.4903705983326 19.5185360541593 19.5212535673174
-9999 -9999 -9999 -9999 -9999 -9999 -9999 -9999 -9999 -9999 -9999 -9999 -9999 -9999 -9999 -9999 -9999 -9999 18.9352464122867 18.8743372533285 18.8644847907174 18.859338936754 18.8594875971705 18.8188884638126 18.7965798717121 18.7815114168372 18.7801056847566 18.7523256537634 18.7509631525968 18.7532774656059 18.7654613717001 18.7704897590676 18.780145939587 18.794537432311 18.83087257666 18.8718226350663 18.9055504788993 18.9374800369353 18.9729423012161 19.0171207346374 19.1208304421807 19.231601670746 19.2860454934843 19.3350129283175 19.3890412910764 19.4418442637528 19.431580864797 19.4024439065468 19.4431744470222 19.4750864264457 19.5200077378278 19.5336381054244 19.5600071161947 19.5880810874556
-9999 -9999 -9999 -9999 -9999 -9999 -9999 -9999 -9999 -9999 -9999 -9999 -9999 -9999 -9999 -9999 -9999 -9999 -9999 18.9359362005883 18.8941505936903 18.8745195214395 18.8601044336117 18.816618160422 18.8030366244824 18.7967261397595 18.7867450169448 18.7563803560204 18.7468487557171 18.7412811971792 18.7574423495228 18.7552732758291 18.7638989832742 18.7949124407951 18.8311215446522 18.8550476636999 18.9010462763209 18.9341994238539 18.9713520555737 19.0119527638491 19.0724371529707 19.2372253074728 19.2835788632033 19.3305212005802 19.3884658116567 19.4675083698593 19.5115262134855 19.553298049579 19.4990407236463 19.5461218333869 19.5485570678537 19.6423822720541 19.604553018341 19.6305941082204
-9999 -9999 -9999 -9999 -9999 -9999 -9999 -9999 -9999 -9999 -9999 -9999 -9999 -9999 -9999 -9999 -9999 -9999 -9999 18.9330159420026 18.9121536916243 18.8840750112159 18.866973422953 18.8324259572483 18.8103131512573 18.8071563034527 18.7830263598516 18.7561039365495 18.7444150047817 18.7484931795076 18.7514889562648 18.7595849946846 18.7673153658403 18.786342017305 18.8225159831202 18.858360516043 18.8936720083956 18.9338688302695 18.9727717833272 19.0212486502768 19.0729135441978 19.1157286870145 19.2898966827231 19.3460132995404 19.3966218247953 19.457529040132 19.5278124783383 19.5793375093514 19.6225951796976 19.657148371673 19.8554411599767 19.8443567346339 19.6681510997915 19.6385858994867
-9999 -9999 -9999 -9999 -9999 -9999 -9999 -9999 -9999 -9999 -9999 -9999 -9999 -9999 -9999 -9999 -9999 -9999 -9999 18.9648405905351 18.9299927264414 18.9053536915383 18.8857812156775 18.8603879212191 18.8241722136545 18.8011920506546 18.7863921948624 18.7515740285355 18.7379756253189 18.7461459974296 18.7477567083991 18.7547903717478 18.761821126915 18.774801166388 18.8168147235614 18.8531565600352 18.8894063226717 18.9309758223108 18.9716969959505 19.0167152229625 19.0710122226375 19.1225020067521 19.1816554064952 19.2642920851555 19.4079696918204 19.4619155719515 19.536287351358 19.5975026076096 19.6504364472696 19.6572135461549 19.7349044816856 19.7657026668314 19.797316527458 19.8191050702128
-9999 -9999 -9999 -9999 -9999 -9999 -9999 -9999 -9999 -9999 -9999 -9999 -9999 -9999 -9999 -9999 -9999 -9999 -9999 18.9727314166334 18.9533350726502 18.9324168581539 18.89311466367 18.865518051698 18.8329470033923 18.7962670857194 18.7910599386174 18.7659701932207 18.7622530527346 18.7749231633555 18.7579659376565 18.758386798517 18.7706800978988 18.7892557538637 18.8199395584954 18.845411066808 18.8827103345178 18.9257358127246 18.9740084749985 19.0269311861365 19.0669134643647 19.1382373507452 19.1894695435295 19.2699963528078 19.3287881695752 19.3927454997525 19.4554604792047 19.5269485442194 19.6704039859513 19.7293405067723 19.7683952185843 19.8187937932149 19.8643222853142 19.8893688851313
-9999 -9999 -9999 -9999 -9999 -9999 -9999 -9999 -9999 -9999 -9999 -9999 -9999 -9999 -9999 -9999 -9999 -9999 -9999 -9999 18.9762881252425 18.9476048498394 18.9063497787843 18.8594240848437 18.8424174854886 18.8213293641463 18.8028800956058 18.7820235948681 18.7711980317744 18.776890176961 18.7764501487158 18.7704383300791 18.7824011593106 18.7894653398567 18.8147790505055 18.8467448147092 18.8794569925406 18.9296731493634 18.9854686501154 19.0462286898231 19.0887735027387 19.1405607182176 19.2228318649614 19.2845235999441 19.3360481832372 19.4202812310227 19.4869198676955 19.5515542836862 19.6931208133088 19.7612583708794 19.8146881566574 19.858305836546 19.9021017292222 19.9406405031148
-9999 -9999 -9999 -9999 -9999 -9999 -9999 -9999 -9999 -9999 -9999 -9999 -9999 -9999 -9999 -9999 -9999 -9999 -9999 -9999 -9999 18.9566044790687 18.9255008720347 18.8769006235466 18.8467506545181 18.8242074238615 18.8044079394861 18.7823452876065 18.776287222921 18.7753089427339 18.780045186537 18.7852339372705 18.7855434096103 18.7985772682332 18.8186694216911 18.8457790883413 18.8854005238182 18.9371287668954 18.9947694404143 19.0464520638245 19.1139731059662 19.168530607018 19.2316212033327 19.2966999542515 19.3736862651766 19.4721907693155 19.5906160148777 19.6212989432526 19.7339516213951 19.8005079685272 19.85757712683 19.9149566514663 19.9517994044232 19.9882769213935
