T2m/med_mese_clima/temp_med_10_2002-2019.txt
NCOLS 177 
NROWS 174 
XLLCORNER 1436301.375 
YLLCORNER 4916704.5 
CELLSIZE 1500 
NODATA_value -9999 
[rows 120 to 143 of 174, columns 108 to 161 of 177]
14.0260522007586 14.0435616730137 14.0618636025415 14.0737015135931 14.0894503677454 14.1053825629245 14.1213110422508 14.1475315380941 14.1594991750908 14.1780454474383 14.1961678751901 14.210314045909 14.2345220494682 14.2548338046364 14.2678345387336 14.2806658467588 14.2969671193487 14.2993853696829 14.319625127849 14.3368385788042 14.3546908564544 14.3698144184207 14.3893644623631 14.4063909208403 14.4174232453071 14.4401088455703 14.4603290137059 14.4815530294437 14.5036886052137 14.5336957350546 14.5572424612945 14.5991250885791 14.6233714342344 14.6404852874035 14.6645909415239 14.6954912876224 14.7114735625081 14.7338814036012 14.7589738010291 14.7794479705117 14.7987945154867 14.8169440580058 14.8374439738113 14.8566988603633 14.8711460832167 14.8844152920155 14.8858296638533 14.9077086346322 14.9179177210469 14.9308890549784 14.9431572907064 -9999 -9999 -9999
14.0244562735643 14.0379108227272 14.0556374228364 14.0703369347206 14.0853761972331 14.1040918013616 14.1192735495256 14.1378576921745 14.1526329558118 14.167075148348 14.1846729875939 14.1983498408727 14.2081573458601 14.2211980811016 14.2410768812315 14.2714498180862 14.2842920074964 14.2973620528137 14.3037856285242 14.3213328729832 14.339592305265 14.3587006727573 14.3752425081016 14.3928181148468 14.4150222845952 14.4383549741935 14.4556252146393 14.4774667543284 14.5002141700621 14.5237292226674 14.5478521767003 14.5759807100833 14.6043351362235 14.6327067976984 14.6572986366624 14.6958430789767 14.7122567462844 14.727901039245 14.7533892838779 14.774239102091 14.7939440543229 14.8124345102756 14.8296737086028 14.8492426954164 14.8675748602602 14.8847152590188 14.897149893964 14.9049703446723 14.9190169074187 14.9250830177218 -9999 -9999 -9999 -9999
14.0193299242675 14.0323809991418 14.0531787938576 14.0672828347204 14.0852407021908 14.099715219161 14.1105832481176 14.1319972843823 14.1495844390387 14.1632928224235 14.1766625909738 14.1861596729227 14.2024511868427 14.2185176599926 14.2309265311267 14.2504157814692 14.2665219898784 14.2829441318105 14.2998411213795 14.3138313552537 14.3286003405263 14.3442781000502 14.3609728251903 14.378753745151 14.4047895719218 14.4284197480881 14.4531566221207 14.4681857853116 14.4913016542407 14.518788662896 14.5433101931417 14.5682696443459 14.586284751385 14.6186765661499 14.6436985826149 14.6683265071391 14.685184662435 14.7156365148482 14.7379886807632 14.7664723910271 14.7830420026837 14.805573252959 14.819676589389 14.8432798325001 14.858466265319 14.8724563478302 14.8924827823139 14.9007161467767 14.9151645491225 14.9216207719835 -9999 -9999 -9999 -9999
14.0246592983776 14.037373955557 14.0506004982996 14.0677759587615 14.081521212635 14.1024906261836 14.1197562724662 14.1296492868419 14.1464345031728 14.159319435167 14.1718748082867 14.187677757231 14.1961013221245 14.2079089050135 14.2267523161791 14.2385574176609 14.2505758585535 14.2700719172756 14.2901107373889 14.3001884899849 14.3111121375792 14.3301104676875 14.3501907955786 14.3678602651572 14.3938855353139 14.4139372964076 14.4351422750635 14.4574303343469 14.4806860289258 14.5047775332833 14.5295334734566 14.5583557516035 14.5838582733696 14.6094187660587 14.6312354224947 14.6562790398256 14.6807672330581 14.708108529429 14.7345539101273 14.7563828910983 14.7806693596216 14.7929863152548 14.8112397608151 14.8282370374297 14.8475789273497 14.8693024604581 14.8755543096715 14.8986617130276 14.9064828448255 14.9170349641485 14.9411544295848 14.9431912961828 -9999 14.9601594340474
14.0257953678626 14.0418942796388 14.054743724843 14.0714427286552 14.0882090799648 14.1013010331659 14.1178276912758 14.1304880382809 14.146419655285 14.1584032576497 14.1771992226482 14.1920848500121 14.2031342923101 14.2140262603139 14.224879744135 14.2358366737269 14.247054335667 14.2586974569171 14.2744954598205 14.2874833990003 14.304937682141 14.3198627570276 14.3395174086085 14.3567936692884 14.3789173075587 14.3987056130871 14.4197144496022 14.4382827195763 14.46507216032 14.4891718818636 14.5140036750996 14.5429727239632 14.5686833338742 14.5945170391604 14.6202619805987 14.6457009327058 14.6706348728216 14.6984734904745 14.721866672539 14.7442697981574 14.7655808978921 14.785715248574 14.808211348755 14.8222907976538 14.8602419680088 14.8754639810791 14.8716298480579 14.8882343597104 14.9146039338474 14.9150426342951 14.9290396771506 14.9316620311215 14.9373319422029 14.9497224669497
14.0223515803443 14.0382497834065 14.0543963040651 14.0743023198788 14.0905288890349 14.1029651745878 14.1187530228385 14.1341901721876 14.1456249156156 14.1602507377578 14.1744748437242 14.1919376585391 14.2019370510427 14.2117737503228 14.2251617443564 14.2315012755286 14.2381344714558 14.2488018385571 14.2636769489408 14.2757796855758 14.2888424186214 14.3065663062657 14.3255209722493 14.3421569789077 14.3601229568035 14.3830195395476 14.4036184980198 14.4218552111955 14.4484096228118 14.468759399374 14.497125732749 14.5261244579776 14.5519471929079 14.5779838168554 14.6040058137866 14.6298070038657 14.6587736267803 14.6835213161913 14.7074783284315 14.7305067152222 14.752478316672 14.7733169398476 14.7929592131398 14.8149670806909 14.8357519413701 14.8517499652999 14.8666057468935 14.8839656409672 14.896755521783 14.9158121256544 14.9269246677079 14.9302113572961 14.9436618732364 14.9530806404845
14.028416700483 14.0441925534887 14.0600853751172 14.0796190715107 14.0953383299177 14.1107742120523 14.1222044701435 14.1331986754776 14.1473308589436 14.1609734767381 14.1741525961937 14.1905316774147 14.1993906538508 14.2116587192004 14.2202814383927 14.2290234510637 14.2380584264128 14.2439877883094 14.2541672539817 14.2687690708901 14.2700556417703 14.2975711618547 14.3120094360633 14.3278046121206 14.3450033327284 14.363619351782 14.3836313175255 14.4085678190579 14.4311310703132 14.4547797609473 14.4793579452012 14.5082775939739 14.5341270963577 14.5602861024189 14.5865398353466 14.6126647333626 14.6384484617546 14.66369695455 14.688229639466 14.7118971409276 14.7381687099387 14.7597546441475 14.7837728804914 14.803004073951 14.8282048156327 14.8450430011868 14.8571474372764 14.878922114494 14.8925238247864 14.9087910468214 14.9206682186334 14.9282619893594 14.9424097738404 14.9489161623209
14.0437151174946 14.0557896350131 14.0678552312121 14.0797656893581 14.0986653895554 14.1171495203561 14.1278631970723 14.1380339221235 14.1548766234941 14.163896766743 14.1796145575397 14.1948605508095 14.2025131529324 14.2135677562716 14.2209170161586 14.2247475185259 14.2288970361291 14.2407250578458 14.246048050245 14.2558347887998 14.2666673311038 14.2787024455691 14.2956485242783 14.3140428825138 14.3339226505299 14.3516977318364 14.3709651308071 14.3916584363063 14.4172981599728 14.4369267909868 14.4575987256831 14.4899447066513 14.5157271560616 14.5419404708402 14.5683632905052 14.5947673327704 14.6209354014906 14.646663468595 14.6681670742575 14.6960814592112 14.7194716370518 14.745421049178 14.7702547393647 14.7903329719545 14.8128169131007 14.8341246179516 14.8542830918257 14.8697657379294 14.8878095571685 14.9013351560441 14.9140228643884 14.9259700929336 14.9372828644462 14.9480622582365
-9999 14.0691567590794 14.0810434728665 14.0889880428712 14.1038213545181 14.1217596896867 14.1390747905605 14.1484403690243 14.1571264803639 14.1615275450994 14.1797969416566 14.1975179551813 14.2075823400647 14.2137223481804 14.2161171009592 14.2222229335779 14.2286037605647 14.2354677656286 14.2430227773793 14.251470886544 14.2609984918696 14.2645927355906 14.27316770044 14.283242560018 14.316420943005 14.3296233893614 14.3516391501638 14.3715766642386 14.3929677644244 14.4156831730856 14.4431729647121 14.4680352615503 14.4828852945707 14.5234853694939 14.550011634247 14.5766423147232 14.603151641613 14.6293285272579 14.654972511181 14.6835148547466 14.7076028691156 14.7307231869249 14.7527819798542 14.7737179791135 14.8006799570807 14.8228847064786 14.8367782042628 14.8495792846492 14.8756781092927 14.8900689388769 14.9071713606448 14.9199191507926 14.9319945844623 14.9434953690051
-9999 -9999 -9999 14.1106988960072 14.1178176161201 14.1170468263213 14.1337056983182 14.14597217459 14.1683456239889 14.1681300690214 14.1853529235434 14.1874397336942 14.1998976543753 14.2120037721849 14.2203404681429 14.2214349392577 14.2264189664067 14.2318729470927 14.2344157233391 14.2450729774869 14.2496327481404 14.2554859754444 14.2556020618634 14.2896203743861 14.3000841472143 14.3158491480739 14.3333026382333 14.3523961872317 14.3766698522588 14.3987768716289 14.422177045975 14.4503003977511 14.4757272233119 14.501838614908 14.5320190786505 14.5588171503405 14.5856101490261 14.6121797666908 14.6383222013988 14.6674558484582 14.6922197437296 14.7160787486127 14.7389333379705 14.7642993379431 14.7921321476204 14.8080468574851 14.8228384294961 14.8401202630703 14.8599381222244 14.8823566149639 14.903873812171 14.917421785595 14.9302602584286 14.9424820934181
-9999 -9999 -9999 -9999 14.1294505444896 14.1537435112504 14.1625308155772 14.1704255968643 14.1774201967575 14.1835411417028 14.1888553384094 14.1970938010291 14.2047470752133 14.2119861393603 14.2153780476667 14.2187605422766 14.2259744880888 14.2264098095288 14.2311431718438 14.2367879992355 14.2435590148835 14.2480463540305 14.2756926065233 14.2760009711583 14.2853006121523 -9999 14.3272343694586 14.3381840884662 14.3544595419038 14.3794805764806 14.405943330648 14.4336477989947 14.4587837335493 14.4847351544252 14.5112816489831 14.5381792172754 14.5651940933848 14.5921025309465 14.6258888678875 14.648354055111 14.6737322758796 14.7018790878822 14.7290802165705 14.7516477437838 14.780309135879 14.8006694925338 14.8163222792064 14.8380524216776 14.8551411001732 14.8783979590303 14.8971493275946 14.9114814144888 14.9250647110324 14.9379933766178
-9999 -9999 -9999 -9999 -9999 14.1623605535331 14.1742857189579 14.170580974615 -9999 14.1894093105443 14.1937783340119 14.204617046981 14.2038975911278 14.2135819469211 14.2193487187957 14.2214303488199 14.2236888381325 14.2263705181878 14.229721323071 14.2339816145173 14.2357725751366 14.2389103216136 14.2652300551149 -9999 -9999 -9999 14.3157566675788 14.3293717802363 14.3483937124191 14.3690940006686 14.3877202631338 14.4113332538523 14.4397218834339 14.4690612225684 14.4955000168486 14.5224213082707 14.5495825479143 14.5731407212573 14.6072889635293 14.6338155042374 14.663337607287 14.6921016440472 14.7163811645132 14.7396819384717 -9999 14.7974466695426 14.8139024315935 14.8328555151008 14.8543333876013 14.8712162927712 14.8871600913975 14.9058154180411 14.9201091989949 14.9337108774695
-9999 -9999 -9999 -9999 -9999 -9999 -9999 -9999 -9999 -9999 14.2072608068769 14.2135174121587 14.2153977810463 14.2239885164755 14.2213371310053 14.2222037401461 14.2268256901114 14.2282142720007 14.2302510204202 14.2331873099965 14.2336526381309 14.2535655563381 -9999 -9999 -9999 -9999 14.3028304459018 14.3191032107804 14.3444975224087 14.3608068479827 14.3787727906444 14.401843201129 14.4261990495739 14.4516281504765 14.4815053306945 14.5047596900845 14.5319767325049 14.5593067771358 14.5901289110763 14.6206216565496 -9999 -9999 -9999 -9999 -9999 -9999 -9999 14.831909271867 14.8469503335125 14.8645613314181 14.8812147268141 14.9005569170047 -9999 -9999
-9999 -9999 -9999 -9999 -9999 -9999 -9999 -9999 -9999 -9999 -9999 14.2419652648176 14.2465724109258 14.2322632225147 14.2285551771961 14.2283160740492 14.2281672723422 14.2356124397931 14.2291940524306 14.2308999752224 14.2446001536495 14.2487918571891 -9999 -9999 -9999 -9999 -9999 -9999 -9999 14.3477276868649 14.3650056377617 14.391101735527 14.4149779727444 14.4400393770522 14.4660501276508 14.4927702709828 14.5199496836236 14.5473524166847 -9999 -9999 -9999 -9999 -9999 -9999 -9999 -9999 -9999 -9999 -9999 -9999 -9999 -9999 -9999 -9999
-9999 -9999 -9999 -9999 -9999 -9999 -9999 -9999 -9999 -9999 -9999 -9999 -9999 14.2492669997924 14.2519243389431 14.2433876716831 14.2422093562262 14.2413450773856 14.2447154328149 14.2525865087222 14.2433580466472 -9999 -9999 -9999 -9999 -9999 -9999 -9999 -9999 -9999 -9999 -9999 -9999 14.427373956953 14.4602746191515 14.4903694433072 -9999 -9999 -9999 -9999 -9999 -9999 -9999 -9999 -9999 -9999 -9999 -9999 -9999 -9999 -9999 -9999 -9999 -9999
-9999 -9999 -9999 -9999 -9999 -9999 -9999 -9999 -9999 -9999 -9999 -9999 -9999 -9999 -9999 -9999 14.243546887702 14.2490275594045 -9999 -9999 -9999 -9999 -9999 -9999 -9999 -9999 -9999 -9999 -9999 -9999 -9999 -9999 -9999 -9999 -9999 -9999 -9999 -9999 -9999 -9999 -9999 -9999 -9999 -9999 -9999 -9999 -9999 -9999 -9999 -9999 -9999 -9999 -9999 -9999
-9999 -9999 -9999 -9999 -9999 -9999 -9999 -9999 -9999 -9999 -9999 -9999 -9999 -9999 -9999 -9999 -9999 -9999 -9999 -9999 -9999 -9999 -9999 -9999 -9999 -9999 -9999 -9999 -9999 -9999 -9999 -9999 -9999 -9999 -9999 -9999 -9999 -9999 -9999 -9999 -9999 -9999 -9999 -9999 -9999 -9999 -9999 -9999 -9999 -9999 -9999 -9999 -9999 -9999
-9999 -9999 -9999 -9999 -9999 -9999 -9999 -9999 -9999 -9999 -9999 -9999 -9999 -9999 -9999 -9999 -9999 -9999 -9999 -9999 -9999 -9999 -9999 -9999 -9999 -9999 -9999 -9999 -9999 -9999 -9999 -9999 -9999 -9999 -9999 -9999 -9999 -9999 -9999 -9999 -9999 -9999 -9999 -9999 -9999 -9999 -9999 -9999 -9999 -9999 -9999 -9999 -9999 -9999
-9999 -9999 -9999 -9999 -9999 -9999 -9999 -9999 -9999 -9999 -9999 -9999 -9999 -9999 -9999 -9999 -9999 -9999 -9999 -9999 -9999 -9999 -9999 -9999 -9999 -9999 -9999 -9999 -9999 -9999 -9999 -9999 -9999 -9999 -9999 -9999 -9999 -9999 -9999 -9999 -9999 -9999 -9999 -9999 -9999 -9999 -9999 -9999 -9999 -9999 -9999 -9999 -9999 -9999
-9999 -9999 -9999 -9999 -9999 -9999 -9999 -9999 -9999 -9999 -9999 -9999 -9999 -9999 -9999 -9999 -9999 -9999 -9999 -9999 -9999 -9999 -9999 -9999 -9999 -9999 -9999 -9999 -9999 -9999 -9999 -9999 -9999 -9999 -9999 -9999 -9999 -9999 -9999 -9999 -9999 -9999 -9999 -9999 -9999 -9999 -9999 -9999 -9999 -9999 -9999 -9999 -9999 -9999
-9999 -9999 -9999 -9999 -9999 -9999 -9999 -9999 -9999 -9999 -9999 -9999 -9999 -9999 -9999 -9999 -9999 -9999 -9999 -9999 -9999 -9999 -9999 -9999 -9999 -9999 -9999 -9999 -9999 -9999 -9999 -9999 -9999 -9999 -9999 -9999 -9999 -9999 -9999 -9999 -9999 -9999 -9999 -9999 -9999 -9999 -9999 -9999 -9999 -9999 -9999 -9999 -9999 -9999
-9999 -9999 -9999 -9999 -9999 -9999 -9999 -9999 -9999 -9999 -9999 -9999 -9999 -9999 -9999 -9999 -9999 -9999 -9999 -9999 -9999 -9999 -9999 -9999 -9999 -9999 -9999 -9999 -9999 -9999 -9999 -9999 -9999 -9999 -9999 -9999 -9999 -9999 -9999 -9999 -9999 -9999 -9999 -9999 -9999 -9999 -9999 -9999 -9999 -9999 -9999 -9999 -9999 -9999
-9999 -9999 -9999 -9999 -9999 -9999 -9999 -9999 -9999 -9999 -9999 -9999 -9999 -9999 -9999 -9999 -9999 -9999 -9999 -9999 -9999 -9999 -9999 -9999 -9999 -9999 -9999 -9999 -9999 -9999 -9999 -9999 -9999 -9999 -9999 -9999 -9999 -9999 -9999 -9999 -9999 -9999 -9999 -9999 -9999 -9999 -9999 -9999 -9999 -9999 -9999 -9999 -9999 -9999
-9999 -9999 -9999 -9999 -9999 -9999 -9999 -9999 -9999 -9999 -9999 -9999 -9999 -9999 -9999 -9999 -9999 -9999 -9999 -9999 -9999 -9999 -9999 -9999 -9999 -9999 -9999 -9999 -9999 -9999 -9999 -9999 -9999 -9999 -9999 -9999 -9999 -9999 -9999 -9999 -9999 -9999 -9999 -9999 -9999 -9999 -9999 -9999 -9999 -9999 -9999 -9999 -9999 -9999
