T2m/med_mese_clima/temp_med_08_2002-2019.txt
NCOLS 177 
NROWS 174 
XLLCORNER 1436301.375 
YLLCORNER 4916704.5 
CELLSIZE 1500 
NODATA_value -9999 
[rows 96 to 119 of 174, columns 0 to 53 of 177]
-9999 -9999 -9999 -9999 -9999 -9999 -9999 -9999 -9999 -9999 -9999 -9999 -9999 -9999 -9999 -9999 -9999 -9999 -9999 -9999 -9999 -9999 -9999 -9999 -9999 -9999 -9999 -9999 -9999 -9999 -9999 -9999 23.5472857331052 23.6125235362553 23.6063962772305 23.6060372210579 23.5197057657772 23.5441376717002 23.5594839037201 23.5796038233204 23.5830317852674 23.5978109242004 23.6095839470993 23.618162926774 23.630512832933 23.6323393662035 23.6307339666066 24.0514779456604 24.5338435392321 24.6932624424681 24.7996331035355 24.8198012559502 24.8262413366341 24.8262577254095
-9999 -9999 -9999 -9999 -9999 -9999 -9999 -9999 -9999 -9999 -9999 -9999 -9999 -9999 -9999 -9999 -9999 -9999 -9999 -9999 -9999 -9999 -9999 -9999 -9999 -9999 -9999 -9999 -9999 -9999 -9999 -9999 -9999 23.5819938284379 23.6180424683624 23.6036507055347 23.5175045300413 23.5424831863539 23.5515044043094 23.5654354366991 23.5981821811494 23.5999390234182 23.6058193007369 23.622749544441 23.6434937040747 23.6465883141682 23.7424119210538 24.106602410549 24.2571934480726 24.3013467308916 24.1654689144205 24.3610715733634 24.3447047140863 24.0518525343618
-9999 -9999 -9999 -9999 -9999 -9999 -9999 -9999 -9999 -9999 -9999 -9999 -9999 -9999 -9999 -9999 -9999 -9999 -9999 -9999 -9999 -9999 -9999 -9999 -9999 -9999 -9999 -9999 -9999 -9999 -9999 -9999 -9999 23.55768361592 23.6218774940497 23.6145282559189 23.5637361040822 23.5328098612067 23.5567081669231 23.5715969243903 23.5842359327976 23.5943103502562 23.6015576011605 23.6128299889741 23.6279421909356 23.6396522178326 23.6336886508229 23.8766437888145 24.0115450407988 23.853252187408 23.7711570201097 23.627355605511 23.604772897267 23.5811530868212
-9999 -9999 -9999 -9999 -9999 -9999 -9999 -9999 -9999 -9999 -9999 -9999 -9999 -9999 -9999 -9999 -9999 -9999 -9999 -9999 -9999 -9999 -9999 -9999 -9999 -9999 -9999 -9999 -9999 -9999 -9999 -9999 -9999 -9999 23.6111048591726 23.6036078143267 23.6024983719543 23.5507623604786 23.5400831803863 23.5276616182592 23.5698003666636 23.5883405196078 23.5971037447453 23.6100026259452 23.6197179500704 23.6331899191126 23.6503408038322 23.6569400423103 23.6459772722956 23.6318825099203 23.6220832620138 23.6383081030698 23.6243379480309 23.5950586411688
-9999 -9999 -9999 -9999 -9999 -9999 -9999 -9999 -9999 -9999 -9999 -9999 -9999 -9999 -9999 -9999 -9999 -9999 -9999 -9999 -9999 -9999 -9999 -9999 -9999 -9999 -9999 -9999 -9999 -9999 23.3175592532864 23.3382934713069 23.3663596473358 23.429899010467 23.59303624733 23.5995604306827 23.6127668154093 23.5968655995381 23.5373338371883 23.5542824299247 23.5694110815172 23.5894537434166 23.6069802831721 23.6074976866628 23.6120408289962 23.6417290563201 23.6467109769951 23.6553713975865 23.6464716284363 23.6557122551365 23.6478884855906 23.6376336288305 23.6396878823086 23.6050537043884
-9999 -9999 -9999 -9999 -9999 -9999 -9999 -9999 -9999 -9999 -9999 -9999 -9999 -9999 -9999 -9999 -9999 -9999 -9999 -9999 -9999 -9999 -9999 -9999 -9999 -9999 -9999 -9999 23.2653836766879 23.2764764640066 23.2953053872526 23.3218308306771 23.334798306006 23.397677900173 23.5677908224824 23.5957662358696 23.6019914677849 23.6292835549072 23.5772232857015 23.5456347817992 23.5550586178715 23.5696184204684 23.5960732632949 23.605683608997 23.6123537290979 23.6300649226448 23.651553731053 23.6483417697159 23.6488918757733 23.646256278768 23.6478116756604 23.7274783478843 23.6439960612191 23.6255596516309
-9999 -9999 -9999 -9999 -9999 -9999 -9999 -9999 -9999 -9999 -9999 -9999 -9999 -9999 -9999 -9999 -9999 -9999 -9999 -9999 -9999 -9999 23.1226409976865 23.1137548332597 -9999 -9999 -9999 -9999 23.240159587139 23.2635003801481 23.2948494443187 23.3200340468206 23.3319105996762 23.3657878580653 23.5068327610139 23.5850835737623 23.6202938502218 23.6265581094188 23.6323327510445 23.5658677372668 23.5412651509414 23.5788855797714 23.5789216765651 23.612012232233 23.6281193003242 23.6269760766147 23.6439036777726 23.6361946709362 23.6535555534893 23.6748066803555 23.6647178616789 23.659209727873 23.6444839563635 23.6425937892478
-9999 -9999 -9999 -9999 -9999 -9999 -9999 -9999 -9999 -9999 -9999 -9999 -9999 -9999 -9999 -9999 -9999 -9999 23.0607023041925 23.0703869610657 23.0870098679154 23.0964797169338 23.1272942201591 23.1512247293084 -9999 -9999 -9999 -9999 -9999 23.237265025392 23.2881946019184 23.3119412592164 23.329759213218 23.3415821124006 23.3969115266094 23.5677960355341 23.6105181593218 23.6317624207632 23.645633415749 23.6157937410437 23.5497131230654 23.5608176079797 23.5771862116861 23.5984267911793 23.6170674535227 23.6257083510175 23.6383102988019 23.6405519420718 23.6607713340241 23.6778304868274 23.6705593772876 23.6820662780308 23.669955550962 23.6562600720812
-9999 -9999 -9999 -9999 -9999 -9999 -9999 -9999 -9999 -9999 -9999 -9999 -9999 -9999 -9999 -9999 -9999 -9999 23.0697091677307 23.0914024228667 23.0985302473292 23.1125577081133 23.1265501209983 23.1477946769308 23.1623002387123 -9999 -9999 -9999 23.206859178602 23.2191198822157 23.2399064678469 23.2834759294987 23.3001311840834 23.3182259428648 23.3731395324807 23.4007958793346 23.5582793939261 23.6235388852196 23.6528649220496 23.6242599830951 23.5168217168914 23.5441615867762 23.5699362240456 23.5937092522044 23.6221743058275 23.6549834968131 23.6563949984533 23.6617091014061 23.6425156350489 23.6768246122348 23.6940257746496 23.6941967465259 23.684926263197 23.6739149336462
-9999 -9999 -9999 -9999 -9999 -9999 -9999 -9999 -9999 -9999 -9999 -9999 -9999 -9999 -9999 -9999 -9999 -9999 23.0948986972556 23.1072018658673 23.1047425201646 23.1303713393064 23.1416393322709 23.1458998725002 23.1505221298447 23.1628631467437 -9999 -9999 23.1990935388171 23.2163612284042 23.2353300503743 23.2845264086753 23.3142443519316 23.3315175737128 23.3692085675987 23.6212388966554 23.4425929779624 23.5660029771151 23.6833238321322 23.6487289386767 23.6213498294354 23.5363845178375 23.5504259737921 23.5698219682699 23.6012093125302 23.615841377223 23.6205094121121 23.6574608258995 23.6770715758388 23.6934990807816 23.6925599694988 23.7030244038429 23.703911240822 23.695750700618
-9999 -9999 -9999 -9999 -9999 -9999 -9999 -9999 -9999 -9999 -9999 -9999 -9999 -9999 -9999 -9999 -9999 23.1467318501737 23.1290049666976 23.1247177910658 23.1268306454023 23.1355612459742 23.1511970577417 23.1383719601749 23.1758115730904 23.1711112600786 -9999 23.1863648726616 23.1997400428778 23.2220269455586 23.24628978482 23.2726794358389 23.2941296475169 23.3177602055632 23.471129477392 23.5890806992113 23.4217994723055 23.4884651284159 23.6067294688136 23.682399756673 23.5919159207079 23.5236157397429 23.5473841643628 23.5696732155335 23.5900025475172 23.6150184331117 23.6443418783906 23.6849464454769 23.6938833976969 23.7067002044048 23.7163472327185 23.7301361836769 23.7271105173193 23.736134487832
-9999 -9999 -9999 -9999 -9999 -9999 -9999 -9999 -9999 -9999 -9999 -9999 -9999 -9999 -9999 -9999 -9999 23.1776145899737 23.1791736847089 23.143756197117 23.1432924849016 23.1493445435424 23.1550562102854 23.1464745015274 23.1668212442486 23.1664581198751 23.1600544444573 23.1836033949146 23.1946497594133 23.2077354073525 23.2230934948097 23.248028448408 23.2683825865204 23.2912949573111 23.2882294005082 23.3159916292738 23.3956662622499 23.4488757123182 23.5828628695305 23.6457478188438 23.5791183412075 23.5132977780001 23.5540263418798 23.5652215590447 23.6100647428153 23.6314772797955 23.6502785071915 23.7017170326945 23.70728299007 23.7238101768641 23.737095421847 23.7543811304334 23.7688591487614 23.7668266500956
-9999 -9999 -9999 -9999 -9999 -9999 -9999 -9999 -9999 -9999 -9999 -9999 -9999 -9999 -9999 -9999 -9999 23.1954971195739 23.2020373597557 23.1713528678005 23.1754510908951 23.1644501301977 23.1530417278961 23.1630487333109 23.1662661180084 23.1774030389609 23.16118554495 23.1751080483566 23.1767414970162 23.1806759455322 23.2014300586265 23.217843715497 23.2371827461101 23.2666052468029 23.277561897996 23.312651762771 23.3431581625232 23.4330664789971 23.5684923868856 23.6187642940033 23.662595983935 23.505736482217 23.5423260992692 23.5851186196009 23.6193313743597 23.6444004919794 23.6598943132677 23.7080368471734 23.7246399309164 23.7521201244107 23.7621220899217 23.7900979499758 23.8080275802701 23.8021653206996
-9999 -9999 -9999 -9999 -9999 -9999 -9999 -9999 -9999 -9999 -9999 -9999 -9999 -9999 -9999 -9999 -9999 -9999 23.2116183040319 23.2072133892112 23.1943859297552 23.1806719147865 23.166471850872 23.1593659311165 23.16693985602 23.1753565537341 23.1708035843608 23.1537695346791 23.1603242486347 23.1836912948408 23.1885643990687 23.2037013936926 23.2221210454717 23.243892550542 23.283233375461 23.2901873891736 23.3285702595004 23.3695904758977 23.5422615264669 23.5872734102938 23.6624036166403 23.7091550414209 23.6122569262981 23.5871456336092 23.6178720495583 23.6680707397284 23.6804423727371 23.7325483130084 23.7532165958558 23.7917357000304 23.8056677036815 23.8162495618985 23.837710973878 23.856285142457
-9999 -9999 -9999 -9999 -9999 -9999 -9999 -9999 -9999 -9999 -9999 -9999 -9999 -9999 -9999 -9999 -9999 -9999 23.2580067872265 23.229589788119 23.2070455304634 23.1978400025839 23.2023851964945 23.1853612829873 23.1687705110621 23.181700636796 23.188972109777 23.1766913742195 23.1883117945842 23.1813066001292 23.1917908909144 23.1914816033693 23.2162407142145 23.2376185189059 23.2698641247219 23.2843965494338 23.316572858522 23.3589252267355 23.5188941156423 23.5516831615089 23.6653015537026 23.7076921498334 23.7359844499164 23.6069823361473 23.6272881969258 23.660174163992 23.712054532472 23.7541257059133 23.7790015464948 23.8216124423492 23.8325866733068 23.8681039455496 23.8791556736569 23.901047587689
-9999 -9999 -9999 -9999 -9999 -9999 -9999 -9999 -9999 -9999 -9999 -9999 -9999 -9999 -9999 -9999 -9999 -9999 23.2689967886165 23.2310774848049 23.2132365075158 23.2301520712582 23.2321212996671 23.219594765151 23.1931658720529 23.1821394254396 23.1798740467908 23.1654175667115 23.1679305819082 23.1735514170594 23.1826732779727 23.1884799372267 23.1983401049067 23.2123785654704 23.2448075522611 23.2741903820892 23.3145105762246 23.3584089703766 23.4054465572039 23.5841186133432 23.6427003425581 23.7025134230838 23.7485199341068 23.7586635895717 23.7895811002932 23.7129037331652 23.7547908525408 23.8010855031602 23.8162001369176 23.8489841127837 23.8781301606585 23.9035471437154 23.9183572716183 23.943600299844
-9999 -9999 -9999 -9999 -9999 -9999 -9999 -9999 -9999 -9999 -9999 -9999 -9999 -9999 -9999 -9999 -9999 -9999 23.2803354475969 23.2473388225208 23.2271167270931 23.2559944526649 23.248252576516 23.2260284704927 23.1971520211962 23.1694375188998 23.179300330009 23.1628335602489 23.1635668280684 23.1676839640111 23.1684812474398 23.1805838514257 23.1899833522461 23.203957058103 23.2367349270685 23.2739845832189 23.3227358213913 23.3540066913322 23.3959414162753 23.4836202716386 23.638133417677 23.7082251711392 23.7576313330803 23.8000980747335 23.8420244648869 23.7837193278619 23.8016795381352 23.8312388888112 23.8647704995709 23.8878903441223 23.9142654191565 23.9436910556422 23.9760986986719 23.9771137632706
-9999 -9999 -9999 -9999 -9999 -9999 -9999 -9999 -9999 -9999 -9999 -9999 -9999 -9999 -9999 -9999 -9999 -9999 23.3495638787746 23.278250375574 23.2701226057094 23.2679283510756 23.2722261509042 23.226091690711 23.202135199382 23.1865971203939 23.1872753829868 23.1546804745992 23.1538457720368 23.1566661428522 23.170747400066 23.1750751339359 23.1842061312846 23.1983101837429 23.2387004459346 23.2841239088847 23.3199662015026 23.3530250933435 23.3900253035404 23.4375202556451 23.5587764963691 23.6891984731327 23.7493786528523 23.8028378331367 23.8629352468767 23.9218358601317 23.901770842664 23.8587901405346 23.9037321564592 23.938187126613 23.9894778256063 24.0021807939182 24.0314036964634 24.0633454889427
-9999 -9999 -9999 -9999 -9999 -9999 -9999 -9999 -9999 -9999 -9999 -9999 -9999 -9999 -9999 -9999 -9999 -9999 -9999 23.3453255156676 23.2990061890196 23.2802399752317 23.2679746559373 23.2197403419165 23.2080889658427 23.2049453831013 23.196661370036 23.1624777180177 23.153144036399 23.1477614811909 23.1682043784195 23.1649927250397 23.1740756769239 23.2097940750328 23.2510276095367 23.2761338520197 23.3277892201035 23.3627680108871 23.4020830367818 23.4451674504045 23.5125693162282 23.7099476106373 23.759492818073 23.8097647533741 23.8739781198678 23.9650482830442 24.0123415240535 24.0572268708253 23.9815154048396 24.0340307408645 24.026576162562 24.1092955447274 24.090990943894 24.1194676033509
-9999 -9999 -9999 -9999 -9999 -9999 -9999 -9999 -9999 -9999 -9999 -9999 -9999 -9999 -9999 -9999 -9999 -9999 -9999 23.332989660163 23.3135772713908 23.2856458391672 23.2714262420749 23.2356604032311 23.215006163238 23.2173285148026 23.1931797137231 23.1648330207224 23.1544072907648 23.1624590134179 23.1681067051711 23.1789276700697 23.1881461490819 23.2101738258644 23.2523630855996 23.2930519426311 23.3320670876238 23.3762271410889 23.4179726808895 23.4709190883018 23.5272672452308 23.5722025760898 23.7808389680621 23.8420353397175 23.8962872179202 23.9636345162804 24.0430798590919 24.0992467848607 24.1454399881539 24.1811701099814 24.3487897241557 24.3208031719113 24.174880420573 24.1325096396017
-9999 -9999 -9999 -9999 -9999 -9999 -9999 -9999 -9999 -9999 -9999 -9999 -9999 -9999 -9999 -9999 -9999 -9999 -9999 23.3637277853342 23.3281526010713 23.3056650824017 23.2897140424929 23.2666439522196 23.2300614083991 23.2094469863691 23.1983686609033 23.1618284623564 23.1505880201304 23.165200492335 23.1705743267948 23.1814343864535 23.1910327920207 23.2067070368631 23.2571173418451 23.2992402985508 23.340070631401 23.3864072045426 23.4306995944476 23.4794661532214 23.5390280134148 23.5945115790691 23.6590802055082 23.7526304923458 23.9227344574752 23.9804786103007 24.0641427920924 24.1315339750714 24.1888925298496 24.1883717376509 24.2782144346355 24.3093790640066 24.3423242372495 24.3635878033108
-9999 -9999 -9999 -9999 -9999 -9999 -9999 -9999 -9999 -9999 -9999 -9999 -9999 -9999 -9999 -9999 -9999 -9999 -9999 23.3653667063625 23.349868848368 23.3331479432406 23.2940629492571 23.2696082863543 23.2389278614227 23.2028571217884 23.2051201084514 23.1820964621173 23.1845563639829 23.2063172905534 23.1900978878692 23.1941138016589 23.2114688869612 23.235197603629 23.272526202452 23.3019827328347 23.3447763916887 23.393417151769 23.4474154256008 23.506154359638 23.5479116832768 23.6278758636227 23.6822554154161 23.7726899647418 23.8357752585853 23.905183541554 23.9730865934749 24.0521410386504 24.2225128913367 24.2869251928947 24.3267749848925 24.3817094039034 24.4312960247199 24.4556786171448
-9999 -9999 -9999 -9999 -9999 -9999 -9999 -9999 -9999 -9999 -9999 -9999 -9999 -9999 -9999 -9999 -9999 -9999 -9999 -9999 23.371674887928 23.3463981296545 23.3060272188098 23.2589535800027 23.2488090039035 23.2333694335855 23.2207255871943 23.2043587171001 23.1994956599341 23.214004962827 23.2196308820336 23.2169476999913 23.2350890186098 23.2456157634288 23.277237265787 23.3155772282753 23.3533528087316 23.4114381482572 23.4751392791301 23.5438251901556 23.5887843011338 23.644315494505 23.7370565898625 23.8035989071116 23.8570547833855 23.9510752760334 24.0230952089216 24.0927237141279 24.2596555113057 24.3346695861699 24.3916700089419 24.4369359664711 24.4832347726381 24.5237530006303
-9999 -9999 -9999 -9999 -9999 -9999 -9999 -9999 -9999 -9999 -9999 -9999 -9999 -9999 -9999 -9999 -9999 -9999 -9999 -9999 -9999 23.3525187028043 23.3258006844991 23.2777330748093 23.2525739916313 23.236608892532 23.2236087373009 23.2070818459546 23.2094755116804 23.2170289572374 23.2303589370516 23.2427956483982 23.2476167676625 23.2665997493414 23.2926787301346 23.325800608632 23.3728250436577 23.4333169106348 23.4997005661329 23.5573163992093 23.6334106459294 23.6923124446545 23.7609408301336 23.8313241706954 23.9160224690113 24.0272871614974 24.1637970680808 24.1899485521111 24.3196890929599 24.391724423641 24.4523195918695 24.5140210030256 24.5504610984414 24.5873365022518
