PREC/medie_oi/CUMULATA_MEDIA_12.asc
NCOLS 177 
NROWS 174 
XLLCORNER 1436301.375 
YLLCORNER 4916704.5 
CELLSIZE 1500 
NODATA_value -9999 
[rows 96 to 119 of 174, columns 108 to 161 of 177]
33.0046170388951 28.7491245760637 25.2256449706414 22.2771923892638 19.9105587654254 18.4673023364123 17.372286936816 16.691057268311 16.5095967755598 16.7985259084141 17.6880719240974 18.9580084786696 20.5338014644735 22.4024860578425 24.4913480562322 26.9078937839059 29.6183896906236 32.2718944830053 35.3694710030275 37.9578783231623 39.0317780410542 -9999 -9999 -9999 -9999 -9999 -9999 -9999 -9999 -9999 -9999 -9999 -9999 -9999 -9999 -9999 -9999 -9999 -9999 -9999 -9999 -9999 -9999 -9999 -9999 -9999 -9999 -9999 -9999 -9999 -9999 -9999 -9999 -9999
30.2213703534182 26.4770597780452 23.0172654109843 20.263902245199 18.4594044895733 17.4894895097789 16.8096003637594 16.6277039401671 16.9636095762253 17.9358546453364 19.4973291789784 21.4791298052844 23.7671195479 26.3643630953396 29.2711403650396 32.5402780560886 36.0726360292996 39.4302125257604 43.5508436735939 46.5603487912346 47.924330627217 48.3025195598602 47.0095070249894 43.5435061735265 38.4421644631554 -9999 -9999 -9999 -9999 -9999 -9999 -9999 -9999 -9999 -9999 -9999 -9999 -9999 -9999 -9999 -9999 -9999 -9999 -9999 -9999 -9999 -9999 -9999 -9999 -9999 -9999 -9999 -9999 -9999
27.9944578128703 24.6429442868513 21.6480896998854 19.2202258758685 17.67243666158 16.9345627672532 16.739815101904 17.0128112470402 17.8955477966982 19.4501727468827 21.7178510778091 24.3868703421424 27.4753418810227 30.875460470424 34.619302370969 38.5937500140246 43.0671663144056 47.2733360038084 52.0725258378422 55.4625065326691 57.2444111880134 57.2541071386898 55.228887480848 50.9365060189191 44.7122560248655 -9999 -9999 -9999 -9999 -9999 -9999 -9999 -9999 -9999 -9999 -9999 -9999 -9999 -9999 -9999 -9999 -9999 -9999 -9999 -9999 -9999 -9999 -9999 -9999 -9999 -9999 -9999 -9999 -9999
26.4956995108548 23.2239467536702 20.6670905702254 18.6606565187959 17.4061019946547 17.0908859757816 17.1171822828405 17.769280258347 19.1561894276563 21.2475711878608 24.1206318701015 27.4936536620645 31.3494680629057 35.5299443357131 40.0273379858802 44.7238940491396 49.7310359197504 54.9531328257392 60.032257977654 63.6614624191733 65.4686985156115 65.1163589884253 62.4133469988318 57.1768559568069 49.9345629495733 -9999 -9999 -9999 -9999 -9999 -9999 -9999 -9999 -9999 -9999 -9999 -9999 -9999 -9999 -9999 -9999 -9999 -9999 -9999 -9999 -9999 -9999 -9999 -9999 -9999 -9999 -9999 -9999 -9999
25.9859545721727 22.8710498178706 20.5131989086376 18.7415279360378 17.6860534373452 17.4978626896353 17.8012268332874 18.8940343506196 20.6506276060553 23.2050764560699 26.5768186555189 30.5738230312572 35.0336783914005 39.8520402487587 44.9760674308328 50.1879760938532 55.6446888026069 61.2282918200773 66.3304327656241 70.1493129589978 71.6197063572266 70.9528147963916 67.7065864941653 61.6413629686131 53.5666754946989 -9999 -9999 -9999 -9999 -9999 -9999 -9999 -9999 -9999 -9999 -9999 -9999 -9999 -9999 -9999 -9999 -9999 -9999 -9999 -9999 -9999 -9999 -9999 -9999 -9999 -9999 -9999 -9999 -9999
25.841913412599 22.9732214703279 20.7718601717668 19.2432401495821 18.4225881590563 18.3804267925375 18.9744006255094 20.3110768584644 22.3786449011634 25.2637802011826 29.0027985993554 33.369496682111 38.2017967700958 43.3945723842172 48.8232082198648 54.4288145654342 59.9324026107788 65.3275625004488 70.236171021181 74.0533149733263 75.1924959982143 74.1253146143521 70.4594736379736 64.0690719380098 55.5334034456926 -9999 -9999 -9999 -9999 -9999 -9999 -9999 -9999 -9999 -9999 -9999 -9999 -9999 -9999 -9999 -9999 -9999 -9999 -9999 -9999 -9999 -9999 -9999 -9999 -9999 -9999 -9999 -9999 -9999
26.1977726010715 23.6326748202829 21.7322283913107 20.2707297451356 19.5920567091774 19.8299381732941 20.652753738796 22.2209208011627 24.4337097827126 27.4546446239247 31.2624792491688 35.8300403566921 40.7453251305748 46.0048673713908 51.3392799742082 56.7513481588925 62.0691977949703 67.0098551441641 71.3923015804852 74.6884253445794 75.9532301285688 74.7479102331049 70.9370919886757 64.5492665978039 -9999 -9999 -9999 -9999 -9999 -9999 -9999 -9999 -9999 -9999 -9999 -9999 -9999 -9999 -9999 -9999 -9999 -9999 -9999 -9999 -9999 -9999 -9999 -9999 -9999 -9999 -9999 -9999 -9999 -9999
26.9997690565446 24.6613116685082 22.8467545298969 21.5534056284848 20.9645022083731 21.4963719003341 22.833253734252 24.4800385797725 26.7902325321646 29.8459124565125 33.5762662887573 38.0535549276015 42.7474820193122 47.4987627618453 52.3838912739473 57.261717894498 61.9662036054275 66.425010989694 70.441707723281 73.534520352588 74.5157765851301 73.2374853737214 69.6813370340011 63.6027354633107 55.7963756673476 -9999 -9999 -9999 -9999 -9999 -9999 -9999 -9999 -9999 -9999 -9999 -9999 -9999 -9999 -9999 -9999 -9999 -9999 -9999 -9999 -9999 -9999 -9999 -9999 -9999 -9999 -9999 -9999 -9999
27.8384054127861 25.9169377298916 24.2254714755451 23.1794549016392 23.0386925725376 23.719278328559 25.2735853054944 27.2235112610985 29.4895213912515 32.6041235643275 36.0891487037434 40.0441317558289 44.1254533459159 48.1804050978492 52.2542255205267 56.2646979444167 60.1859164448345 64.1083760542028 67.5098003008786 69.7297481999678 70.4654458691092 69.508943214136 66.2476203862359 60.8114413093118 53.671647941365 45.7967009544373 -9999 -9999 -9999 -9999 -9999 -9999 -9999 -9999 -9999 -9999 -9999 -9999 -9999 -9999 -9999 -9999 -9999 -9999 -9999 -9999 -9999 -9999 -9999 -9999 -9999 -9999 -9999 -9999
28.9101732899161 27.3126377498402 25.5723745612537 25.456521581201 25.7137184563805 26.5815203259973 28.1047119673561 30.5663660694571 33.014158781837 35.6757873647353 38.7036505446715 41.7002163354088 44.7622050818275 47.7404740698197 50.6675854290233 53.8140299320221 57.0186486735063 60.0273563651478 62.7105523628347 64.3009932602153 64.9726719435524 64.3609512553495 61.5078002985786 57.2137362536262 51.3845068847432 44.5867923217661 37.582087635994 31.0464233721004 25.1870486806421 20.0338969020283 -9999 -9999 -9999 -9999 -9999 -9999 -9999 -9999 -9999 -9999 -9999 -9999 -9999 -9999 -9999 -9999 -9999 -9999 -9999 -9999 -9999 -9999 -9999 -9999
30.0926657844992 28.6419755430783 27.9003386918236 28.1034972457325 28.6676959991455 30.0002146468443 31.7905139782849 33.8479601775899 36.2100893048679 38.4336053764119 40.818232606439 43.2287763707778 45.2234611370984 46.855961042292 48.5598693034228 50.477618210456 52.7568835370681 54.8405455981984 56.5679177115945 58.2339868966271 58.9706561004414 58.4126373389188 56.5825469984728 53.2208738958134 48.6143115548527 43.3712524245767 37.3887849064434 31.5839489558164 26.2184299651314 21.4380013662226 17.7537351215587 -9999 -9999 -9999 -9999 -9999 -9999 -9999 -9999 -9999 -9999 -9999 -9999 -9999 -9999 -9999 -9999 -9999 -9999 -9999 -9999 -9999 -9999 -9999
30.8110995853648 30.0357760962318 30.144002718084 30.9190166136798 32.3781026391422 33.9688290988698 35.4541739856496 37.1201662877027 38.9754617354449 40.6799947934992 42.4155500636381 43.932989022311 44.8194921577678 45.5343891241971 46.1148097585229 46.9391247595058 48.036420064814 48.9871502904331 50.4501867434558 51.735653035781 52.5543855568942 52.5317773398231 51.5180358536103 49.5453993432662 46.4625079842175 42.4018286817214 37.7591793396894 32.8448468025993 28.0304560380823 23.7722774673911 20.1075844694586 16.6962875197915 -9999 -9999 -9999 -9999 -9999 -9999 -9999 -9999 -9999 -9999 -9999 -9999 -9999 -9999 -9999 -9999 -9999 -9999 -9999 -9999 -9999 -9999
31.8131165784948 31.9488949915942 32.7086583305808 34.1965299494126 36.0366283304551 37.492583064472 38.9905439685373 40.4956856194664 41.8314460025114 42.7137644711663 43.300310345257 43.7168702798731 43.4449046780081 43.0068860685124 42.7001152880052 42.6983197156121 42.6859205330119 43.2870581430547 44.1606809391695 45.3197646421545 46.3597381816191 46.8592154488844 47.0217179831337 46.3398815463571 44.6307975544649 41.9859549508375 38.5514109625536 34.6676632095786 30.5547140766593 26.7869632454479 22.7986150559257 19.3875681652742 -9999 -9999 -9999 -9999 -9999 -9999 -9999 -9999 -9999 -9999 -9999 -9999 -9999 -9999 -9999 -9999 -9999 -9999 -9999 -9999 -9999 -9999
32.8611943721771 33.7983564348782 35.1314092383665 37.2949329264024 38.9072994484621 40.4646445723141 41.9363873846391 43.192509356667 44.0091904471902 44.1315941389869 43.7520507924697 43.0297926453983 41.7947501294753 40.2550050370833 38.9228115853141 38.4885066817789 37.6855494134566 37.7009915393942 38.407663436497 39.4712953216889 40.5684278221691 41.8988735745935 42.8742703550002 43.2279427051544 42.8726370334625 41.6778996341369 39.6342401294147 36.8128950175117 33.7338345752043 29.9786710178151 26.2828066769768 22.7887532640906 19.5977224953034 16.5064661572961 13.7309767989551 -9999 -9999 -9999 -9999 -9999 -9999 -9999 -9999 -9999 -9999 -9999 -9999 -9999 -9999 -9999 -9999 -9999 -9999 -9999
34.2076442381915 35.30733164619 36.8199571581448 39.1812170393327 40.8043647233178 42.3560120498433 43.6932998965768 44.633650933995 44.929820355247 44.2652437967413 43.0994225530063 41.3175214739407 39.1840041455101 37.0015009992263 34.9746017315808 33.9337105049806 33.1056193744435 32.5867074307273 33.0290890020483 33.9892411021625 35.4869042705087 37.2454987273497 38.8339061666937 40.2300628002952 41.2007638987373 41.4614247644649 40.7704734521754 39.1728891064139 36.8828164759804 33.7343407308354 30.3445469631868 26.7764048926971 23.3154659621856 19.8246440957574 16.4420829450383 13.7404086800183 11.3786617797964 -9999 -9999 -9999 -9999 -9999 -9999 -9999 -9999 -9999 -9999 -9999 -9999 -9999 -9999 -9999 -9999 -9999
35.188689287971 36.1432751767776 37.701637394288 39.835339013268 41.3374368723701 42.7053134862114 43.7730860710144 44.3265707913567 44.1070416534648 42.8027479508344 40.8760615797604 38.4727849469465 35.8185858446009 33.2370488643646 30.8954341551837 29.3958764987833 28.4835661369212 28.0318941298653 28.1714453416712 29.2300246252733 30.8469500471564 32.8750949537053 35.1028908561258 37.353608453975 39.5142716099234 41.055947913843 41.8729360103607 41.4115092614118 40.1960351747625 37.8411579552819 34.7095571265501 31.1854935393614 27.4025264627793 23.3536601066589 19.6316077849444 16.260785186992 13.366586355602 -9999 -9999 -9999 -9999 -9999 -9999 -9999 -9999 -9999 -9999 -9999 -9999 -9999 -9999 -9999 -9999 -9999
35.5724161232219 36.1720465632046 37.6408562660217 39.1772853907417 40.3387246272143 41.3273996886085 41.9844525842106 42.1198133300332 41.4184846317067 39.6431032910066 37.3758796663845 34.5922830455443 31.8390389610739 29.0743933845969 26.6586601173176 25.1685306885663 24.1753631199107 23.8807830950793 23.8662947556552 24.9888286169837 26.7194135750041 28.9431268818238 31.6236451794119 34.6884952783585 37.7527417715858 40.5681795512929 42.46599037507 43.3000138787662 43.323952997432 41.716266225366 39.0804899019354 35.5991565059213 31.5588690393111 26.9590614823734 22.8148545377395 18.891790488187 15.3651808219797 12.4020432374057 10.0002333767274 -9999 -9999 -9999 -9999 -9999 -9999 -9999 -9999 -9999 -9999 -9999 -9999 -9999 -9999 -9999
35.7559830721687 35.767009861329 36.3848360987271 37.2726894266465 37.8869375902064 38.3441229427562 38.5218276697047 38.2059422380784 37.0905897196601 35.1089078398312 32.7183757669785 30.0600585727131 27.3619472559761 24.8014484293321 22.4790845548405 21.227849167936 20.3137453233494 20.1342040931477 20.2788624623243 21.2923287573983 23.0782527713215 25.4427863850313 28.5010944184135 32.0658638056587 35.9477617319892 39.4991347789764 42.5708187608158 44.9745833593256 45.9006084273843 45.1821509950301 43.0319611605476 39.6456005994011 35.1083374724669 30.3738709197325 25.7433146168204 21.243895334356 17.1828306142022 13.8281969322878 11.0945511916104 8.9851538994733 -9999 -9999 -9999 -9999 -9999 -9999 -9999 -9999 -9999 -9999 -9999 -9999 -9999 -9999
35.558376157985 35.0051374575671 34.7306922043071 34.3930704733905 34.279609077117 34.1711921271156 33.8424193157869 33.0562982418958 31.721147032345 29.759420745513 27.5815427724053 25.1888292887632 22.889346445308 20.4684945835787 18.6354854527642 17.6098736384336 16.9539006738102 16.8933147051755 17.1856710490058 18.1954450747546 19.9637608387891 22.438736522899 25.6295096804114 29.6253887064317 33.9692025745616 38.4329582242405 42.5073552832884 45.8020609967849 47.8473842003766 47.924450116999 46.2518441396601 42.966104591594 37.9409041124232 33.0666407416849 27.9896392822266 23.0644639940823 18.6113002721001 14.9567474337185 11.961974214105 9.74573754563051 -9999 -9999 -9999 -9999 -9999 -9999 -9999 -9999 -9999 -9999 -9999 -9999 -9999 -9999
34.4270333963282 33.1422112549052 32.2079319953918 31.6153198270237 30.4020761742311 29.3625958246343 28.5330105529112 27.5000194241019 26.0118852362913 24.3617332893259 22.4831720380222 20.4734453032998 18.6703675634721 16.7091385476729 15.2291625527775 14.4506746600656 14.080364634009 14.1343495354933 14.5974665669834 15.5731200330398 17.3239210142809 19.8057705023709 23.2504547624027 27.2369892036214 31.8759153730729 36.7245992071488 41.5629922642427 45.6978949799257 48.6254317900714 49.3701924716725 48.0510742664337 44.6268084750456 40.0100003270542 34.8830901594723 29.3046559726491 24.1485096146079 19.5011173697079 15.6370289746453 12.6394445054671 10.2956796393675 -9999 -9999 -9999 -9999 -9999 -9999 -9999 -9999 -9999 -9999 -9999 -9999 -9999 -9999
32.6208252275691 30.5920749622233 28.9005792561699 27.6901718027451 26.2710495556102 24.8642599582672 23.5816161632538 22.0836273361655 20.7985881777371 19.4029518435983 17.9034290173474 16.3410679733052 14.9632214307785 13.4839634474586 12.3834909551284 11.8742648573483 11.7217809943592 11.8963417586158 12.3942026390749 13.3867697224897 15.1189952738145 17.6969850764555 20.9343681195203 24.8467631760766 29.5737001755658 34.857206064112 40.1840729993932 44.7558811131646 48.3154037279241 49.5024241980384 48.2503540656146 44.9573682476492 40.5621842075797 35.2991346190957 29.7744355482214 24.5138017289779 19.7073047862333 15.8175152049345 12.8858068410088 10.5928662524504 8.90635249193977 7.68595438845017 6.83386655414806 -9999 -9999 -9999 -9999 -9999 -9999 -9999 -9999 -9999 -9999 -9999
30.2171222392251 27.4479405318989 25.2042441648595 23.5361594452577 21.91417333659 20.2776899478015 18.9032622084898 17.7418265903697 16.5621840673334 15.2911664247513 14.0276014173732 12.8796191566131 11.7911529751385 10.8712963637184 10.0865864753723 9.75413018815658 9.71575883556815 10.1282098784166 10.6309906875386 11.6799816804774 13.4461353526396 15.7368888434242 18.7732783766354 22.7110858805039 27.4865504433127 32.9459643924937 38.4122203658609 43.2572952579049 46.9251952031079 48.2622139173396 47.1358393921572 44.1684158970328 39.7685039464165 34.4934369395761 29.043293391957 23.9226672929876 19.3844413476832 15.5763064693002 12.7218241972082 10.6311218317817 9.10461948899662 8.03143259357004 7.40648872712079 -9999 -9999 -9999 -9999 -9999 -9999 -9999 -9999 -9999 -9999 -9999
27.2201658697689 24.1955512201085 21.6876054371105 19.6118837314494 17.9902895338395 16.4681889730341 15.1205585563884 13.9661057275884 12.9871376402238 12.0050530293409 11.0146161317825 10.1930987764807 9.40677798495573 8.7914412652745 8.31168351453893 8.13853275074678 8.24472084466149 8.65117568128249 9.1478512357263 10.2458262653912 11.8247013793272 14.0646522886613 17.0065891462214 20.8497116425458 25.6045361827402 31.0237912430483 36.4944741585675 41.3137145182666 44.471714889302 46.1337078038384 45.3070315753712 42.371801404392 37.9224306835848 32.7054535501143 27.4199559969061 22.5400854419259 18.3820172057432 15.0623833852656 12.2878389078028 10.354863615597 9.07472088757683 8.27473263179555 7.92799722447115 -9999 -9999 -9999 -9999 7.31014656319338 7.23189715778126 -9999 -9999 -9999 -9999 -9999
23.8892878784853 20.7988468899446 18.2727271318436 16.145951425328 14.6851822839064 13.2687618732452 12.0873431738685 11.0587953960194 10.1911165574018 9.459171722917 8.76123289500966 8.02760854188134 7.59061124044306 7.20177089466768 6.9900096023784 6.9471309746013 7.12155905891867 7.50831810165854 8.09160739534041 9.10477568121517 10.584638301064 12.688126115238 15.5649438044604 19.2969284758848 23.9155494044809 29.0791014783523 34.4035367124221 38.8685325454263 42.0885051839492 43.4036824983709 42.8271602181827 39.8041601742015 35.3688269222484 30.3000549428603 25.2631892176235 20.7313041967504 16.9786636969622 14.0059155716616 11.6537530422211 9.87599384083467 8.90407573475557 8.34072720303255 8.22071277394014 -9999 8.45437774938696 8.43459972213296 8.48760936540716 8.62352789850796 8.70526883882635 8.73458041864283 8.96002613796907 -9999 -9999 -9999
