PREC/medie_oi/CUMULATA_MEDIA_06.asc
NCOLS 177 
NROWS 174 
XLLCORNER 1436301.375 
YLLCORNER 4916704.5 
CELLSIZE 1500 
NODATA_value -9999 
[rows 96 to 119 of 174, columns 108 to 161 of 177]
27.0434046072118 22.7904206163743 19.199563110576 16.282190841787 13.9627066500047 12.8801798540003 12.0092115752837 11.5667940588558 11.7220241181991 12.5229845257366 14.0460505818619 16.1368962508791 18.6384418711943 21.4064732579624 24.5426338209825 27.8539790020269 31.1807137166753 34.4534438427757 37.9670861714026 40.5107158212101 41.1295125870144 -9999 -9999 -9999 -9999 -9999 -9999 -9999 -9999 -9999 -9999 -9999 -9999 -9999 -9999 -9999 -9999 -9999 -9999 -9999 -9999 -9999 -9999 -9999 -9999 -9999 -9999 -9999 -9999 -9999 -9999 -9999 -9999 -9999
23.6521558761597 19.9624703070697 16.6614118043114 14.0619137146894 12.4215796274297 11.7270857235965 11.2911387120976 11.457620270112 12.3382941133836 13.9804001082392 16.429354543195 19.5332804506316 23.0885992015109 26.9110887909637 31.2087973268593 35.685437279589 40.0359830540769 44.1066532976487 48.5390129264663 51.7116685649928 52.6331506336437 52.1563610469594 49.4898061647135 44.3258354278172 37.3587643083404 -9999 -9999 -9999 -9999 -9999 -9999 -9999 -9999 -9999 -9999 -9999 -9999 -9999 -9999 -9999 -9999 -9999 -9999 -9999 -9999 -9999 -9999 -9999 -9999 -9999 -9999 -9999 -9999 -9999
21.5474136647056 17.9029068946838 14.9757442544488 12.8053532067467 11.4742745862288 11.1129159541691 11.2801464375328 11.9309809453347 13.4891660827048 15.8440569534021 19.2633335550918 23.4993319292279 28.3280857082675 33.3790074569337 38.7926413837601 44.4278969834833 49.7769624836305 54.5049943888889 59.5738533630091 63.0633097150747 64.0325198629323 63.1098237809013 59.4856532426441 53.021219905685 44.4463927114711 -9999 -9999 -9999 -9999 -9999 -9999 -9999 -9999 -9999 -9999 -9999 -9999 -9999 -9999 -9999 -9999 -9999 -9999 -9999 -9999 -9999 -9999 -9999 -9999 -9999 -9999 -9999 -9999 -9999
20.2577211909434 16.6128137777833 14.0372672869879 12.1838056725614 11.3533802733702 11.4021954501376 11.6850037828964 12.7818426914951 14.8542065199684 17.8835380921031 22.1869376411333 27.5214512017282 33.5725012991358 39.8607231834356 46.2779913719963 52.5464750493274 58.6862478045856 64.1051724728416 69.3195875707795 72.8004738302792 73.5246824657216 72.1312906075926 67.4146211848539 59.6705147799324 49.7952776095446 -9999 -9999 -9999 -9999 -9999 -9999 -9999 -9999 -9999 -9999 -9999 -9999 -9999 -9999 -9999 -9999 -9999 -9999 -9999 -9999 -9999 -9999 -9999 -9999 -9999 -9999 -9999 -9999 -9999
20.1470213497386 16.62824646515 14.2587946215097 12.5248009369654 11.7889778578983 12.0150383772219 12.4875455516226 13.9237124718287 16.3565360522446 19.9457917266032 24.8402389188242 30.9977863229373 37.9403569934999 45.0844655001865 52.252802782199 58.9817226178506 65.2967940674109 70.8759469635346 75.8764856036972 79.2361926155932 79.4648415902082 77.4050758410903 72.1519071354586 63.3336825511035 52.580350346425 -9999 -9999 -9999 -9999 -9999 -9999 -9999 -9999 -9999 -9999 -9999 -9999 -9999 -9999 -9999 -9999 -9999 -9999 -9999 -9999 -9999 -9999 -9999 -9999 -9999 -9999 -9999 -9999 -9999
20.5694504213684 17.3561941490454 14.9306684311698 13.2932783487965 12.5370610549169 12.872061207014 13.7430122950498 15.347338042715 18.0101650138112 21.8970908732975 27.0285723958822 33.3970649061615 40.660525267615 48.367043446092 55.4687878787518 62.2552241507698 68.0428746903644 73.6769780972425 78.0295102280729 81.5286626430119 81.2700169016333 78.6798771935351 72.9112283131656 63.9886644061874 52.9561174617094 -9999 -9999 -9999 -9999 -9999 -9999 -9999 -9999 -9999 -9999 -9999 -9999 -9999 -9999 -9999 -9999 -9999 -9999 -9999 -9999 -9999 -9999 -9999 -9999 -9999 -9999 -9999 -9999 -9999
21.7322623238844 18.6885562328731 16.4296933552798 14.8982681035995 14.1431499456658 14.4026631537606 15.4653802338768 17.1812724374673 19.866971012424 23.7515442914823 28.8101024881882 34.969615241184 41.9096299190732 49.0445944824639 55.7391719432438 62.1350723084281 67.6819150693276 72.3831836896784 76.7769107713419 79.4383040070534 79.2926228502217 76.6213370210984 70.8364272608477 62.0219374299049 -9999 -9999 -9999 -9999 -9999 -9999 -9999 -9999 -9999 -9999 -9999 -9999 -9999 -9999 -9999 -9999 -9999 -9999 -9999 -9999 -9999 -9999 -9999 -9999 -9999 -9999 -9999 -9999 -9999 -9999
23.4766618258813 20.6814321349649 18.5038214360966 16.8969109864796 16.1099591150003 16.61146235466 17.8520831044982 19.5134860470014 21.8856973209802 25.5789646611494 30.249802094172 35.7076698576703 41.8151043784969 47.973888400723 53.8288734081913 59.5807319353609 64.662067434367 69.0919489509919 72.8164841392461 75.8347508135964 75.7273933010943 73.1982152251636 67.6419575635125 59.2897551375277 49.4588734402376 -9999 -9999 -9999 -9999 -9999 -9999 -9999 -9999 -9999 -9999 -9999 -9999 -9999 -9999 -9999 -9999 -9999 -9999 -9999 -9999 -9999 -9999 -9999 -9999 -9999 -9999 -9999 -9999 -9999
25.4198025114396 23.177872840096 21.1841032785528 19.691976925906 19.1724197443794 19.2609830814249 20.521680151715 22.4134262765155 24.4281251360388 27.5670761746519 31.6359057820895 36.2196764884626 40.9893796733197 46.0308949666865 50.8240833510371 55.7162882790846 60.1897059153108 64.4551295743269 67.9427671116941 69.8998143322328 69.9586751005229 68.1645222166005 63.0375782005927 55.5319284165607 46.4270612159196 37.3065896069302 -9999 -9999 -9999 -9999 -9999 -9999 -9999 -9999 -9999 -9999 -9999 -9999 -9999 -9999 -9999 -9999 -9999 -9999 -9999 -9999 -9999 -9999 -9999 -9999 -9999 -9999 -9999 -9999
27.7384455905241 26.2031640094869 24.4130190505701 23.6674817520029 23.1938111326274 23.189446701723 23.8267605024226 25.679541033857 27.8754812093342 30.2253187491613 33.3598475885742 36.7288072687738 40.3022698619786 43.6784508736695 47.3182241951718 51.3067094140193 55.1863676099216 58.8958139209186 62.066912493285 63.4956321400755 63.8378541855251 62.4745651483536 58.0515562856899 52.0117331252379 44.2611859931665 36.1158839990111 28.5265485206071 22.1078875906327 16.8292743546121 12.4660877375042 -9999 -9999 -9999 -9999 -9999 -9999 -9999 -9999 -9999 -9999 -9999 -9999 -9999 -9999 -9999 -9999 -9999 -9999 -9999 -9999 -9999 -9999 -9999 -9999
30.2795095864464 29.3445387026843 28.6618250538321 28.3005647028194 27.961886342834 28.145100235939 28.6422600325416 29.4806560768801 31.2494824493633 33.0581029285403 35.4775630603818 37.7271957485115 39.9199642083224 41.9217284050058 43.9679084157243 46.8262213082875 50.0353908854372 53.0021600092159 55.2296816110611 57.4166181613417 58.2131654304617 57.0429082407671 53.7203175285283 48.4037530544926 41.8819492880036 35.3875984865076 28.6118743069032 22.714462788666 17.6733860759174 13.6685533944298 10.9204293542049 -9999 -9999 -9999 -9999 -9999 -9999 -9999 -9999 -9999 -9999 -9999 -9999 -9999 -9999 -9999 -9999 -9999 -9999 -9999 -9999 -9999 -9999 -9999
32.4602998424979 32.8663744505714 33.1420411818168 33.5202283017776 33.812077637981 33.9155822396278 34.1291949819116 34.5988599026904 35.1346277629628 35.7999751006856 37.4348964568447 38.5458188354969 39.6920887231827 40.429815756924 41.2124415232855 42.8231392239823 44.8635975157513 46.5836739049238 49.0846892069368 51.2569314206348 52.5277687609196 52.096046067336 49.954783434377 46.3672774241251 41.3966131017489 35.687464549261 29.9378517778481 24.6279474584495 19.9995204771266 16.3458161862457 13.4380039327285 10.9735794838737 -9999 -9999 -9999 -9999 -9999 -9999 -9999 -9999 -9999 -9999 -9999 -9999 -9999 -9999 -9999 -9999 -9999 -9999 -9999 -9999 -9999 -9999
34.4616677200093 36.2091634168344 37.6325498749228 38.842203641639 39.5313922868055 39.6826059537775 39.811135512941 40.0525487836669 40.193841278553 39.7774199317483 39.6166134459131 39.2325302397504 38.4720398818745 37.7272903814035 37.3034234765698 37.8292611784795 38.7592713517301 40.4042919348268 42.5772875547409 44.8434146607623 46.6994052126127 47.4384458065033 47.0941043531193 45.0358771208455 41.5178185491001 37.0762914524359 32.3020040585714 27.6728991988827 23.4974525746177 20.0852248142747 16.8576541227453 14.1160196854788 -9999 -9999 -9999 -9999 -9999 -9999 -9999 -9999 -9999 -9999 -9999 -9999 -9999 -9999 -9999 -9999 -9999 -9999 -9999 -9999 -9999 -9999
36.1124982658555 38.8434201408835 41.1831847885076 43.2001839525559 44.1384164603317 44.5627804573844 44.8094249420306 44.9779588965809 44.7401403101052 43.6193808071754 42.2495070503039 40.3496021453072 38.2200620525023 35.9820936444928 34.2608868111582 34.0281667095773 33.9540969711893 34.9724970687838 36.7962573871893 38.9990402179606 41.1865038906827 43.0485973866547 43.8683180546059 43.3556714811746 41.5713322145097 38.800332926652 35.2829630480093 31.7019520261708 28.3350956141949 24.7803280020461 21.4566351245431 18.4746367615812 15.6394001894137 12.8691587150097 10.3764932576348 -9999 -9999 -9999 -9999 -9999 -9999 -9999 -9999 -9999 -9999 -9999 -9999 -9999 -9999 -9999 -9999 -9999 -9999 -9999
37.0500784341027 40.0977456219056 42.8669589442365 45.3825154409689 46.7053091333193 47.4998138827436 48.0162291123587 48.2714690355694 47.8201667350881 46.0852845574126 43.7816231776686 40.4201792057823 36.8691381163457 33.6711533542942 31.0342688087155 29.9502002404017 29.4285439480754 29.7001088419381 31.1440614339183 33.1721482610001 35.761531086529 38.2473360790926 40.1675937824389 41.3249032444814 41.4410622698419 40.5452812208849 38.805808591492 36.4843557634774 33.8035673481577 30.6424386255881 27.4607123750098 24.1529269165852 20.7062923978357 17.1246107360896 13.775828536819 10.7991211501991 8.30464186212596 -9999 -9999 -9999 -9999 -9999 -9999 -9999 -9999 -9999 -9999 -9999 -9999 -9999 -9999 -9999 -9999 -9999
36.750520937583 39.7576052371193 42.4857015329249 45.0824804130722 46.6119350563077 47.6902247930274 48.4768760625054 48.8735672200427 48.3153479099274 46.1596696762478 43.0914768068229 38.8935600045849 34.3510510080001 30.4599514621146 27.3588386283201 25.6671617662205 24.817382000825 24.7513817390975 25.7158875447862 27.7113831078305 30.3330232711399 33.266272323973 36.1714360854205 38.8362663879114 40.8687547234928 42.0566226524465 42.3775533350075 41.6856786556104 40.2566186522736 37.9145767022582 34.8469669678632 31.176073393401 27.006011859459 22.3400890266194 17.9818291629062 13.8653356590692 10.5098393033533 -9999 -9999 -9999 -9999 -9999 -9999 -9999 -9999 -9999 -9999 -9999 -9999 -9999 -9999 -9999 -9999 -9999
35.9431010554819 38.1589013373151 40.3917631752351 42.5602141303175 43.9349997604594 45.0229147322038 45.8780612489756 46.2976078671568 45.4637840512921 43.1951541883104 39.7997505787541 35.3426661649171 30.5764066682142 26.3429667248445 23.1777933187344 21.3236989536706 20.3073078271221 20.1465792585822 20.7640087341561 22.6274258476846 25.2314292981344 28.39495092981 31.9996182427687 35.9323814721668 39.6864298441831 43.1901404612205 45.5915797037237 46.8277336920009 46.9602655268767 45.5284756316858 42.7627624378485 38.7451309211114 33.7242526815218 28.0027967708952 22.4121107301291 17.1244192000698 12.7660050251905 9.37885121212286 6.911524523707 -9999 -9999 -9999 -9999 -9999 -9999 -9999 -9999 -9999 -9999 -9999 -9999 -9999 -9999 -9999
35.4879496939042 36.007450829534 37.0241515426075 38.4985887092703 39.3537475396605 40.100350202883 40.7125666720026 40.9285184372874 39.9086045535172 37.6652952327448 34.2489282471292 30.0760775857112 25.658995991244 21.7423613316873 18.8040898863007 17.1242541609442 16.1869408979135 16.0316100208198 16.5612093806267 18.1869222311413 20.7154065475744 23.9613025504 28.0411681497798 32.8448474302011 38.1200573146343 43.2582558533725 47.8118304364821 51.5602415642318 53.4819111894159 53.2028136060518 50.7648186911555 46.3648900407202 40.4245530594798 33.4411779712228 26.4007273368976 20.1521507484071 14.8131779712789 10.855415338979 7.89997204261668 5.91794346535907 -9999 -9999 -9999 -9999 -9999 -9999 -9999 -9999 -9999 -9999 -9999 -9999 -9999 -9999
34.4148696029887 34.1987685035257 33.8649709400009 33.6947179296437 33.7888177107362 33.9341532535413 34.0498420508469 33.7318613371428 32.4933723298942 30.3697714209557 27.5137466875946 23.9673362198998 20.3506270173718 17.103510070373 14.6143397881704 13.3433722327737 12.5975987657028 12.5547244057936 13.0742614199133 14.4906941091313 16.8282732998624 20.0356239483637 24.306073735742 29.6882372410858 36.4112839172868 43.0545735008576 49.5063965758857 55.1190459294354 58.7583591850365 59.5880741161459 57.5219597237952 52.6948059481733 45.4239469924394 37.5599755557144 29.5909693416427 22.212533012909 16.2440485025153 11.8869006966843 8.69023613894687 6.59493912318174 -9999 -9999 -9999 -9999 -9999 -9999 -9999 -9999 -9999 -9999 -9999 -9999 -9999 -9999
33.2192791279625 31.7167339605444 30.2986383017372 29.5143356112873 28.0563673131606 27.5234314922024 26.8877212335082 26.2297197387499 24.8264071012245 23.0858648910242 20.7781127445838 18.0681902547093 15.3630033784053 12.9264418798334 11.0740614042563 10.0964669839424 9.65506864470594 9.75209645576337 10.3001590038047 11.5266988873482 13.6513409947648 16.7432703147916 21.4134884967523 27.2428441836553 33.9707983013462 41.4068250533413 49.2500024963828 56.367395124453 61.3996581829646 63.0973484498613 61.2332976951319 56.197217666051 48.5530307029977 40.0075963560273 30.9296792377444 23.3313560433247 16.9165496738518 12.3712046865155 9.22005998737672 7.10967953064862 -9999 -9999 -9999 -9999 -9999 -9999 -9999 -9999 -9999 -9999 -9999 -9999 -9999 -9999
31.5494549905553 29.0002498135847 26.5718340417918 24.8242343418738 23.221544241204 21.393958996324 20.4106225248645 19.3081924424452 18.1629756636479 16.7074146340875 15.0117859621258 13.1250947227373 11.2099232410683 9.50128171373816 8.25794344088611 7.58413957409999 7.3522968712975 7.55616697143106 8.08318020841655 9.18053686881767 11.1848465668805 14.5537494447301 18.7629898935556 24.215107170098 31.0938139899689 39.1152237653732 47.682766244692 55.5097029068891 61.4118395395139 63.5820899605751 61.7128809655414 56.2424099462874 48.5189165262615 39.7041930451113 30.7953406221726 23.1173262175392 16.66959263472 12.2571061463917 9.3701931746567 7.38258465598611 6.05454162113807 5.43889027833939 5.09147500115282 -9999 -9999 -9999 -9999 -9999 -9999 -9999 -9999 -9999 -9999 -9999
29.4596510845072 25.8314938685473 22.6552376992562 20.3392138200648 18.5135443105417 16.563346908373 14.8875341380344 13.9522740875973 12.971066078719 11.7487334495082 10.5376207819756 9.28469515548033 7.99950801668798 6.90730220780653 6.09742327472743 5.70310279376367 5.57116133193759 5.86834946362411 6.38765280737596 7.48977772979175 9.67445347326643 12.4064888866509 16.3058619604391 21.6278178047608 28.3577387999086 36.4404373870176 45.121841385084 53.1325353454141 59.0161151329384 61.1957174907712 59.1363776536549 53.7075616769931 45.935927971321 37.2584087357802 28.9486287516706 21.6232734532917 15.9510380765971 11.8404680367778 9.14944605441654 7.39502144561094 6.47791709794718 6.08162124717937 6.12340329675113 -9999 -9999 -9999 -9999 -9999 -9999 -9999 -9999 -9999 -9999 -9999
26.8546777069569 22.7858362303061 19.2292655636283 16.4283147559446 14.3925630222349 12.7097372886013 11.2043218893163 9.96380235167111 9.12005103248007 8.17164253311999 7.32936337677871 6.53279869521365 5.71405413177084 5.03237294931622 4.55144199553658 4.34042245412574 4.34342313514036 4.64324770911652 5.12009737509138 6.486637622118 8.1577331301044 10.7087576512028 14.2846297275494 19.3694854098208 25.8292271319558 33.5735538496691 41.9775878506548 49.6722281294711 54.8586130177274 56.8630427455201 54.7721975603524 49.2838391153251 41.6977385738317 33.5158905036309 25.9177621182273 19.439188024577 14.5309488983715 11.1149700704743 8.74307608779739 7.23944356336313 6.70964550446062 6.70514631271362 7.12873940608081 -9999 -9999 -9999 -9999 7.28802204658003 6.63156364595189 -9999 -9999 -9999 -9999 -9999
23.5056826980675 19.2714904897353 15.8203704059124 13.0686082121204 11.1557498837219 9.64917723746861 8.44039827760528 7.33714712454992 6.42428869710249 5.72819028882419 5.1829364589032 4.62174136849011 4.13906240112641 3.72847600018277 3.45888786982088 3.40644071514116 3.4825804864659 3.78145890288493 4.4540358532001 5.51977943453719 7.11284252168501 9.32442921663032 12.6691459206974 17.3697776619126 23.5147391873247 30.8271377577501 38.6144702715032 45.5681828190299 50.2081118015682 51.5343445855029 49.4334315114162 43.9685659776716 36.771889111575 29.2962941071566 22.5582719830906 17.0923799171167 12.9443250228377 9.98536685284446 8.08430418898078 6.86362968648181 6.72272028291927 7.05282094373423 7.80911869687193 -9999 9.45798743647688 9.75424674679251 9.63453174163313 9.24000531259705 8.58769158054801 7.85149873530164 7.60621180779794 -9999 -9999 -9999
