PREC/medie_oi/CUMULATA_MEDIA_AMGLAS.asc
NCOLS 177 
NROWS 174 
XLLCORNER 1436301.375 
YLLCORNER 4916704.5 
CELLSIZE 1500 
NODATA_value -9999 
[rows 24 to 47 of 174, columns 54 to 107 of 177]
-9999 -9999 638.684814453125 686.232925415039 726.074394226074 753.093063354492 756.00358581543 728.36368560791 672.45280456543 596.78914642334 512.826934814453 433.311492919922 364.283123016357 -9999 -9999 -9999 -9999 -9999 -9999 -9999 -9999 -9999 -9999 -9999 -9999 -9999 -9999 -9999 -9999 -9999 -9999 -9999 -9999 -9999 -9999 -9999 -9999 -9999 -9999 -9999 -9999 -9999 -9999 -9999 -9999 -9999 -9999 -9999 420.020961761475 469.510330200195 524.714683532715 580.448333740234 632.345863342285 674.209533691406
-9999 -9999 -9999 706.95516204834 747.582374572754 773.858039855957 775.562927246094 748.128967285156 694.372619628906 624.044876098633 547.04914855957 469.92162322998 401.760631561279 -9999 -9999 -9999 -9999 -9999 -9999 -9999 -9999 -9999 -9999 -9999 -9999 -9999 -9999 -9999 -9999 -9999 -9999 -9999 -9999 -9999 -9999 -9999 -9999 -9999 -9999 -9999 -9999 -9999 -9999 -9999 -9999 -9999 -9999 -9999 402.994129180908 447.07092666626 495.091003417969 545.621566772461 591.936576843262 626.071792602539
-9999 -9999 -9999 718.274055480957 760.571044921875 787.38582611084 789.235496520996 763.68872833252 712.729339599609 648.088043212891 578.919738769531 508.97639465332 446.248291015625 -9999 -9999 -9999 -9999 -9999 -9999 -9999 -9999 -9999 -9999 -9999 -9999 -9999 -9999 -9999 -9999 -9999 -9999 -9999 -9999 -9999 -9999 -9999 -9999 -9999 -9999 -9999 -9999 -9999 -9999 -9999 -9999 -9999 334.489295959473 356.744194030762 388.139671325684 425.595188140869 466.283447265625 510.291549682617 552.784965515137 587.523170471191
-9999 -9999 -9999 718.409149169922 761.24006652832 788.457633972168 792.257713317871 771.164192199707 728.209869384766 674.470115661621 614.139137268066 552.933204650879 494.683326721191 446.747497558594 -9999 -9999 -9999 -9999 -9999 -9999 -9999 -9999 -9999 -9999 -9999 -9999 -9999 -9999 -9999 -9999 -9999 -9999 -9999 553.068664550781 547.57731628418 530.50846862793 504.78987121582 473.025032043457 438.659286499023 -9999 -9999 -9999 -9999 -9999 -9999 -9999 330.068195343018 348.222457885742 374.592601776123 407.511882781982 444.26033782959 484.068489074707 522.881408691406 553.459968566895
-9999 -9999 -9999 706.418006896973 752.206985473633 784.337905883789 792.882377624512 778.041404724121 744.350242614746 700.062980651855 646.568458557129 593.425903320312 544.537475585938 502.752769470215 469.957363128662 -9999 -9999 -9999 -9999 -9999 -9999 -9999 -9999 -9999 -9999 -9999 -9999 -9999 -9999 -9999 -9999 624.286140441895 634.511512756348 634.015037536621 620.922805786133 595.416259765625 561.967430114746 522.312049865723 478.860801696777 435.740478515625 -9999 -9999 -9999 -9999 -9999 322.875328063965 330.500247955322 346.960620880127 370.722358703613 400.622173309326 433.853542327881 470.431053161621 505.05005645752 532.727272033691
-9999 -9999 -9999 -9999 732.59358215332 767.851005554199 782.239280700684 775.518104553223 752.159812927246 716.538818359375 675.232688903809 631.235801696777 592.053070068359 558.90714263916 531.036445617676 508.235855102539 -9999 -9999 -9999 -9999 -9999 -9999 -9999 -9999 -9999 -9999 554.408653259277 586.194206237793 620.869194030762 655.405639648438 690.800979614258 710.357231140137 717.051818847656 710.722213745117 689.86328125 656.214195251465 614.605911254883 566.475204467773 514.727241516113 463.362190246582 -9999 -9999 -9999 -9999 -9999 325.690418243408 333.785213470459 349.574329376221 372.689453125 401.474731445312 432.894248962402 465.469665527344 497.281509399414 523.420234680176
-9999 -9999 -9999 -9999 704.500610351562 742.19384765625 762.56428527832 763.939994812012 751.576713562012 728.700378417969 697.803245544434 663.966941833496 633.583633422852 608.645545959473 585.801261901855 566.636390686035 -9999 -9999 -9999 -9999 -9999 -9999 -9999 -9999 -9999 587.57666015625 619.849853515625 654.031898498535 692.030708312988 730.110328674316 765.387229919434 783.788902282715 786.742950439453 774.746055603027 748.159606933594 707.393028259277 658.337364196777 602.432228088379 543.413360595703 486.077713012695 -9999 -9999 -9999 -9999 -9999 330.846622467041 339.907596588135 356.750663757324 380.949485778809 409.10648727417 439.400062561035 468.237533569336 496.475364685059 520.919586181641
-9999 -9999 -9999 621.395065307617 671.898384094238 712.704849243164 740.046844482422 749.964530944824 747.092887878418 733.548675537109 713.353759765625 690.458168029785 668.476287841797 648.79419708252 630.415222167969 614.625274658203 600.064758300781 -9999 -9999 -9999 -9999 -9999 -9999 -9999 -9999 640.039588928223 672.980285644531 708.308631896973 749.845397949219 787.147987365723 822.569068908691 836.78148651123 836.212104797363 820.0126953125 787.658134460449 742.10962677002 688.330924987793 627.502380371094 564.825462341309 502.493309020996 449.37670135498 -9999 -9999 -9999 -9999 -9999 349.889549255371 368.918529510498 393.567165374756 421.739654541016 450.847961425781 478.615257263184 502.946060180664 523.693389892578
-9999 -9999 -9999 588.930351257324 639.86393737793 684.968955993652 716.537399291992 733.465682983398 736.734046936035 732.57209777832 721.322738647461 707.448173522949 694.020584106445 679.412216186523 663.60400390625 649.670104980469 638.965324401855 630.457862854004 621.749290466309 -9999 -9999 -9999 -9999 -9999 -9999 678.967918395996 708.540252685547 744.229415893555 784.907089233398 820.80965423584 845.330894470215 862.800735473633 859.945922851562 841.149261474609 805.439346313477 758.784454345703 702.782211303711 639.631950378418 575.878219604492 514.702033996582 458.890724182129 -9999 -9999 -9999 -9999 -9999 363.344409942627 384.316017150879 409.333728790283 437.396167755127 466.26619720459 493.248741149902 515.108238220215 532.83715057373
-9999 -9999 512.724021911621 564.390022277832 615.431419372559 661.069511413574 695.203628540039 715.796920776367 725.149063110352 726.752418518066 723.101989746094 716.985473632812 708.191230773926 696.146598815918 685.989692687988 675.136253356934 665.125137329102 658.672561645508 652.988983154297 648.770637512207 646.953758239746 649.139923095703 655.938377380371 665.91007232666 680.288452148438 701.243499755859 726.577613830566 760.533981323242 798.519599914551 826.634780883789 845.64973449707 860.845840454102 858.872055053711 839.522354125977 803.948616027832 758.623901367188 704.186904907227 640.473777770996 576.65478515625 518.350967407227 463.621704101562 -9999 -9999 -9999 -9999 -9999 -9999 402.891757965088 428.624778747559 457.234519958496 485.91047668457 510.534805297852 529.458641052246 543.631156921387
-9999 -9999 498.556213378906 551.139457702637 600.195487976074 645.198432922363 680.026275634766 702.453224182129 714.857933044434 720.277900695801 723.429580688477 721.121192932129 714.239082336426 705.002326965332 697.418838500977 688.982948303223 680.519989013672 674.34644317627 671.505760192871 670.436683654785 670.035034179688 670.797004699707 675.672096252441 682.794548034668 691.888763427734 706.67561340332 730.455902099609 757.171043395996 790.137565612793 813.466361999512 828.396934509277 836.061645507812 831.487991333008 814.821701049805 783.383804321289 741.869926452637 688.470527648926 631.084213256836 570.828559875488 514.560546875 462.473083496094 421.39820098877 393.722202301025 -9999 -9999 -9999 -9999 -9999 450.356536865234 478.728843688965 505.800605773926 528.401657104492 544.518188476562 556.612632751465
-9999 449.495071411133 496.20874786377 547.68293762207 597.317283630371 643.032508850098 676.46851348877 700.095062255859 711.978561401367 718.947929382324 722.320823669434 721.946304321289 714.937789916992 706.907600402832 700.442749023438 692.651794433594 685.678764343262 680.626846313477 679.011322021484 678.955955505371 679.073616027832 679.862937927246 681.249221801758 685.495819091797 691.567749023438 702.455909729004 719.787864685059 740.165351867676 767.568893432617 786.540092468262 796.998168945312 801.088073730469 795.560508728027 775.895561218262 748.525817871094 710.57852935791 662.993171691895 609.52872467041 557.496452331543 508.253265380859 462.681045532227 425.764362335205 403.727046966553 394.794261932373 -9999 -9999 -9999 -9999 -9999 500.726387023926 525.880409240723 545.33073425293 559.291511535645 569.513580322266
-9999 456.293670654297 505.152145385742 557.03621673584 605.526519775391 649.187477111816 682.840843200684 706.851379394531 720.797012329102 726.444259643555 726.195365905762 718.861282348633 712.48796081543 704.005790710449 696.110870361328 688.573768615723 682.097579956055 678.048629760742 677.261558532715 678.003868103027 679.048622131348 678.940521240234 678.068130493164 677.975723266602 681.051727294922 688.102836608887 698.783599853516 714.114448547363 734.943397521973 751.132019042969 759.580528259277 759.938415527344 753.14412689209 738.802314758301 714.097702026367 677.551292419434 635.423706054688 591.146278381348 546.087799072266 502.51579284668 462.064094543457 430.935882568359 414.922119140625 410.097953796387 -9999 -9999 -9999 -9999 496.584091186523 520.141548156738 542.340209960938 559.331489562988 570.582038879395 580.167030334473
-9999 472.292915344238 523.848701477051 576.6796875 625.197387695312 667.037094116211 698.731407165527 719.66561126709 731.112213134766 734.812103271484 731.268447875977 722.63215637207 709.557243347168 697.376663208008 687.503593444824 678.838043212891 672.669212341309 669.011924743652 669.136695861816 669.920989990234 670.061920166016 668.999351501465 666.302871704102 662.928298950195 662.116012573242 665.717742919922 673.389617919922 683.71817779541 699.048377990723 713.331336975098 720.963890075684 721.655532836914 714.575569152832 702.401268005371 680.144508361816 648.016998291016 612.993232727051 574.690391540527 534.249771118164 495.70637512207 462.627029418945 438.049057006836 427.864192962646 428.103492736816 -9999 -9999 -9999 499.226051330566 522.549659729004 542.127342224121 559.390800476074 571.965614318848 582.460952758789 590.789581298828
453.293388366699 499.609359741211 552.250556945801 605.794738769531 654.815925598145 694.706970214844 722.612167358398 739.646339416504 747.204490661621 747.030616760254 739.846214294434 727.61563873291 712.972915649414 695.670143127441 682.756492614746 672.511787414551 665.991355895996 661.758857727051 660.080078125 659.173690795898 657.916442871094 655.046852111816 650.322624206543 644.917068481445 642.194595336914 643.342933654785 647.436347961426 654.642845153809 663.45955657959 674.324806213379 684.125038146973 686.826942443848 679.527275085449 666.481513977051 648.11328125 623.610221862793 593.209564208984 559.437103271484 522.898010253906 491.816017150879 463.984840393066 448.10791015625 443.436149597168 448.275276184082 462.211235046387 483.807014465332 507.348762512207 529.954216003418 550.559638977051 567.786056518555 581.764282226562 591.334541320801 596.583122253418 602.652732849121
486.812240600586 535.742088317871 588.485282897949 639.203872680664 687.666160583496 724.522857666016 748.243469238281 759.907096862793 762.429359436035 758.570793151855 750.100280761719 735.899604797363 716.709197998047 697.802871704102 683.035827636719 671.525039672852 664.44539642334 657.536270141602 653.525337219238 650.516174316406 647.354377746582 641.207496643066 634.806793212891 628.451293945312 624.100891113281 623.993843078613 626.565727233887 631.694053649902 638.223808288574 644.916145324707 651.68692779541 653.205490112305 650.601699829102 640.902122497559 624.049842834473 601.212966918945 573.250076293945 545.551879882812 517.124481201172 491.239326477051 470.135322570801 462.200721740723 462.449935913086 472.653625488281 492.493591308594 515.34041595459 538.919075012207 560.16463470459 577.515640258789 590.579124450684 600.563690185547 608.387184143066 614.102600097656 614.490997314453
527.470977783203 576.886032104492 627.503067016602 676.274574279785 719.993019104004 751.942611694336 770.189323425293 776.951438903809 775.993682861328 769.337547302246 758.324668884277 743.511383056641 723.976486206055 704.709289550781 687.674156188965 673.88835144043 662.863006591797 654.128387451172 648.085037231445 643.479804992676 638.456405639648 632.261047363281 623.796989440918 616.66089630127 611.651260375977 609.447563171387 611.539047241211 615.197738647461 619.560493469238 624.955192565918 629.452003479004 631.192375183105 628.138893127441 619.036087036133 605.553848266602 586.514862060547 564.328231811523 540.615760803223 517.183883666992 496.348518371582 483.260368347168 480.800827026367 486.829414367676 502.272994995117 523.257423400879 547.738784790039 571.510383605957 591.720588684082 606.149948120117 615.018699645996 620.749015808105 625.480140686035 628.3408203125 629.406028747559
573.003204345703 618.287994384766 665.305633544922 709.64013671875 745.840995788574 771.73078918457 785.773963928223 790.060569763184 786.635025024414 778.248153686523 766.197547912598 750.583862304688 731.888702392578 714.502876281738 692.174964904785 676.202125549316 663.806114196777 654.654113769531 647.599670410156 641.034194946289 634.463745117188 627.126365661621 619.71516418457 612.199279785156 606.054847717285 602.346496582031 602.515167236328 605.422584533691 608.594314575195 611.590560913086 615.618072509766 616.988510131836 614.112274169922 607.361457824707 596.344863891602 580.777481079102 561.673446655273 542.941505432129 529.051544189453 514.319961547852 503.49324798584 505.183654785156 517.181625366211 534.815643310547 556.575340270996 583.038734436035 607.864036560059 627.31632232666 639.319313049316 644.387596130371 645.215461730957 644.918357849121 643.005142211914 641.449951171875
619.59497833252 658.69401550293 698.186210632324 735.71923828125 765.226959228516 784.525337219238 793.909088134766 797.240539550781 793.226112365723 783.825355529785 771.777305603027 756.514083862305 739.172454833984 720.942588806152 699.522651672363 680.701866149902 667.121864318848 656.839553833008 648.76496887207 641.872550964355 635.272666931152 628.697944641113 621.976905822754 614.833404541016 608.089431762695 603.113777160645 601.209953308105 600.85587310791 604.587844848633 607.183525085449 608.105087280273 609.395248413086 608.739707946777 603.287078857422 595.572616577148 588.084983825684 575.427947998047 561.823402404785 549.577583312988 539.810668945312 536.460906982422 541.583679199219 556.154357910156 572.380416870117 595.513801574707 621.942726135254 647.479866027832 666.465934753418 675.909103393555 677.439018249512 672.952476501465 667.198234558105 659.96068572998 654.508201599121
663.857032775879 694.648101806641 724.703987121582 752.905952453613 774.629463195801 789.036415100098 795.381416320801 795.785018920898 791.631912231445 783.984321594238 771.692405700684 757.006645202637 742.010429382324 723.347007751465 704.191452026367 687.241065979004 673.013473510742 661.05924987793 652.100723266602 645.852798461914 640.333160400391 634.845642089844 629.446128845215 623.977844238281 616.758659362793 611.982208251953 609.191612243652 606.652755737305 606.039779663086 609.083717346191 609.912620544434 611.156631469727 610.898376464844 609.059074401855 609.216201782227 604.024459838867 596.535797119141 587.790748596191 580.423706054688 575.913452148438 576.803504943848 585.833908081055 602.31583404541 622.438110351562 641.740882873535 667.269592285156 690.857925415039 707.167472839355 713.614524841309 711.623268127441 702.2197265625 691.758316040039 681.750549316406 675.095405578613
704.104431152344 724.88557434082 742.721908569336 761.05590057373 775.490760803223 784.962936401367 789.509872436523 789.338287353516 785.386459350586 778.198768615723 767.354927062988 754.483100891113 741.63582611084 725.188529968262 710.815963745117 695.526374816895 683.187133789062 672.791725158691 664.996505737305 658.028656005859 652.960006713867 648.954063415527 644.539138793945 641.015075683594 635.026596069336 629.707176208496 626.057281494141 622.364311218262 620.135772705078 619.230018615723 620.109878540039 621.378646850586 623.206497192383 625.80721282959 629.597045898438 629.135818481445 626.775695800781 623.676712036133 622.976150512695 622.299736022949 625.580406188965 635.829002380371 655.198196411133 676.383140563965 695.29475402832 718.570762634277 737.66845703125 749.841789245605 752.03288269043 745.377334594727 732.681549072266 717.854606628418 705.180099487305 693.795417785645
735.691192626953 743.253753662109 751.555786132812 761.612091064453 771.018348693848 776.743675231934 779.176971435547 778.561111450195 775.490653991699 770.035934448242 761.227020263672 751.491249084473 741.875999450684 730.431625366211 720.506134033203 708.527297973633 699.256530761719 690.979866027832 684.422500610352 679.638679504395 676.406127929688 675.526466369629 673.120643615723 669.684509277344 664.525459289551 657.727325439453 651.751541137695 648.654747009277 645.366539001465 644.298538208008 644.102806091309 645.40673828125 648.135894775391 656.096229553223 660.517555236816 663.58576965332 665.750999450684 669.793075561523 673.371879577637 675.478004455566 680.701469421387 691.454307556152 709.183319091797 731.994621276855 752.37670135498 767.609603881836 783.369911193848 787.609558105469 783.843795776367 773.326484680176 758.659736633301 741.418930053711 724.128524780273 709.150032043457
754.711807250977 753.373832702637 752.64143371582 757.485466003418 762.346984863281 766.124038696289 767.580177307129 766.52409362793 762.409240722656 758.398513793945 751.590103149414 746.867530822754 743.382507324219 739.167327880859 733.713500976562 726.444160461426 719.441879272461 714.583854675293 712.563026428223 715.414245605469 717.637634277344 717.360321044922 715.520545959473 711.555183410645 705.228340148926 697.604866027832 691.069038391113 688.307342529297 684.934593200684 683.332633972168 683.84447479248 685.16870880127 688.614395141602 698.078483581543 702.545799255371 706.997428894043 713.019348144531 720.650108337402 725.502822875977 730.66667175293 737.653129577637 747.727325439453 762.772163391113 783.466369628906 801.692192077637 811.267272949219 822.170501708984 821.752883911133 811.189086914062 795.383720397949 778.23193359375 758.723892211914 738.264961242676 721.498672485352
765.366744995117 753.306282043457 744.166198730469 742.986000061035 744.51823425293 747.925880432129 749.861610412598 750.519973754883 748.642211914062 744.51636505127 742.514007568359 744.211059570312 750.225532531738 752.93424987793 753.336486816406 751.097732543945 754.902908325195 762.520820617676 767.243377685547 771.083625793457 772.220756530762 770.222961425781 765.715484619141 761.086990356445 753.88020324707 747.294662475586 739.474891662598 732.755912780762 727.938446044922 726.463806152344 729.641952514648 735.895324707031 740.539100646973 750.154853820801 754.548294067383 758.848075866699 763.198616027832 769.894271850586 776.67301940918 782.653465270996 790.907943725586 801.158309936523 813.916534423828 830.464294433594 843.43896484375 846.790161132812 850.497482299805 845.544631958008 830.695251464844 811.822967529297 792.552696228027 770.437927246094 748.900733947754 729.559898376465
