PREC/medie_oi/CUMULATA_MEDIA_04.asc
NCOLS 177 
NROWS 174 
XLLCORNER 1436301.375 
YLLCORNER 4916704.5 
CELLSIZE 1500 
NODATA_value -9999 
[rows 120 to 143 of 174, columns 108 to 161 of 177]
27.2940935387331 22.6347062096876 18.6822748745189 15.6405111200669 13.4092235144447 11.6907655772041 10.2496055855471 9.07584585863001 7.99799954540589 7.15365282577627 6.51934300450718 6.00788995974204 5.58512913654832 5.29451022253317 5.14628523062257 5.228012514465 5.52781695127487 5.91718485600808 6.65280484451967 7.7802937837208 9.51755319272771 11.890982612091 15.2134504546137 19.579352960867 24.8510376740904 30.7199919364032 36.8167186975479 41.9531309183906 45.2468387098873 46.1302559165394 44.5304060823777 41.0866569210501 36.3820615165374 30.9112630942289 25.7238063040902 21.2467921551536 17.7815500497818 15.438256084919 13.8729099911802 13.087832524496 13.1681008899913 14.0340073003488 15.4486594620873 17.1009852991385 18.3983622473829 19.3858732475954 19.9767645176719 19.9057399840916 19.2657080783564 18.333885799436 17.7124904288965 -9999 -9999 -9999
22.3463780739728 18.4031443175148 15.0506826358683 12.3650174211053 10.5295235549702 9.26965672128341 8.09070197273703 7.21235721952775 6.47151724731221 5.72205434126013 5.24302064846544 4.89652638049687 4.65899430127705 4.51998609655044 4.51445270987118 4.64173290834707 4.99338466454955 5.39441511648543 6.12231209260576 7.24396066718242 8.89434306937106 11.1999349033131 14.3126652871861 18.3937292730107 23.5247208721497 29.2221760960186 34.8213606862461 39.5022120966631 42.2492035416996 42.7626914557289 40.7403960298089 36.8174592256546 32.051470377866 26.9936797759112 22.3561894472908 18.4600902269868 15.5624130718848 13.5895132632817 12.3833556315478 11.9074755836936 12.172291117556 13.2637841491138 14.8814631875824 16.6632837057114 18.366128700621 19.9250319968252 21.0791520265972 21.6250607879723 21.6021110485582 21.8019141379525 -9999 -9999 -9999 -9999
17.6193369066014 14.5483045017018 11.9418409431682 9.78989852175993 8.2375203371048 7.35132523143993 6.53680438153884 5.86983089587268 5.32821805687512 4.82637277070214 4.39079553765409 4.18625033077072 4.11246444723185 4.08515746277921 4.16683157752542 4.3212637200075 4.62046656363151 5.10242832671194 5.86405100366648 7.03342298374456 8.64496829930474 10.9690983155194 14.0965234111337 18.1599837857134 23.0275888057316 28.3844622443704 33.5754637858447 37.8059819305644 40.0392529193093 39.94901434113 37.5019720442155 33.3693681674845 28.6080076203627 23.7579261835884 19.462269039715 16.0166096652255 13.6298539778766 11.947865486145 10.9071371485205 10.5534410651992 10.915214286131 12.0296914402176 13.6319155728116 15.3013442439191 17.1633074984831 19.1111928803079 20.7551246057538 21.9705496430397 23.2614819232155 23.924399814185 -9999 -9999 -9999 -9999
13.5484165724586 11.2959047415677 9.3879493895699 7.77424943447113 6.5638305089053 5.77111158651464 5.35266492647283 4.90286170735079 4.51209015355391 4.20437857683967 3.93800613284111 3.84024490854319 3.84565198772094 3.85658023287268 3.93207047792042 4.15635071081274 4.50994578529807 5.01780175812104 5.92878598500701 7.1104203041862 8.84440453964121 11.2216292198967 14.4436987848843 18.5707400967093 23.6662387567408 29.1186173102435 34.2437482090557 38.0703097371494 39.6737278559629 38.8391347562566 35.6699824683806 31.2464799319997 26.0787613882738 21.1914089497398 17.1387457181426 13.9974863949944 11.8540418709026 10.3223152265829 9.44501004148932 9.18357781802907 9.50398459504632 10.4487047195435 11.8040009842199 13.3316169275957 15.1788333899835 17.200210253982 19.1450064865982 20.9260222280727 23.1739366931074 24.75837096046 26.26097147605 27.6549339574926 -9999 28.765467805021
10.2689373984056 8.71911257154801 7.36859669404871 6.20966987750109 5.33936218654408 4.70958233230254 4.37026582745945 4.13240470255122 3.99830229668056 3.84740927815437 3.7394979911692 3.5857282982153 3.56391081213951 3.62899500482223 3.88566191932734 4.1719646331142 4.60187743691837 5.24512789179297 6.18171537097763 7.39815852571936 9.24133894022773 11.8585101716659 15.1941504583639 19.5211853490156 24.6586063539281 30.2171016651041 35.2926931451349 38.9114112433265 40.1484254248002 38.6924452360939 34.9854637594784 29.9480727630503 24.6764073371887 19.8189036215053 15.8480156239341 12.6384216862566 10.4089428852586 9.05134452791775 8.21325046174666 7.93996088645037 8.13278993788887 8.80417580639615 9.85089879877427 11.1519529276034 12.7904338328277 14.6846257009927 16.7002258686458 19.3816848747871 21.7116611705107 24.1889549143174 26.8112480219673 29.4648561547784 31.2547760220135 32.9477997807895
7.77329946966732 6.74848728320178 5.84821394611807 5.0459568640765 4.43578732364318 4.00232264224221 3.72560712344506 3.67521068804404 3.64576207013691 3.4960056876435 3.44604633134954 3.34692123882911 3.39895017357434 3.66588067657807 4.04140213131905 4.292086887009 4.76621942134464 5.54693452225012 6.565067454296 8.04128054310294 9.91462393017376 12.6047461102991 16.1766008734703 20.8629350802478 26.3003634424771 32.0512636829825 37.1717751587138 40.5068895957049 41.2414881201351 39.132065969355 34.7992099453421 29.2370274487664 23.5408523854087 18.5133862565545 14.4799519356559 11.4921840955229 9.33894720498253 8.10157253461726 7.29228519341525 6.82579852202359 6.84066733367303 7.29661633424899 8.0468953619985 9.04864845030448 10.4223993823809 12.065780269749 14.1102011484258 16.728763913407 19.3683660871842 22.4113900310853 25.850989187465 29.153651602128 32.4863762785407 35.180283574497
5.9529261378681 5.30318468458512 4.71060554420247 4.19543836747899 3.77733185010798 3.49895716765348 3.35228489952929 3.38885182317565 3.27135248219266 3.27617232063237 3.2599880695343 3.31642459069981 3.58063942369293 3.96121860076399 4.23974692821503 4.63755644244306 5.31229597680709 6.21665824862087 7.37545000454959 9.01307765175314 11.0581519603729 13.8488880781566 17.6512475644841 22.4627461994396 28.2134940273621 34.1260771751404 39.2932228200576 42.5576745482052 42.9419301537906 40.1971880828633 35.1112977616927 28.9243317632114 22.8533409483293 17.633375287056 13.5588954827365 10.5938162628342 8.55122590415618 7.25473999275881 6.44343388080597 6.03474452916314 5.81878884399638 6.03842676387114 6.57405240921413 7.2676716727369 8.34879721087568 9.70213459344471 11.8363067718113 13.9778231557678 16.6140573866227 19.8215660768397 23.60700070858 27.2561862328473 31.4637525292004 34.8095603409935
4.68270280781914 4.25675950681462 3.87660920619965 3.55556288186242 3.29474661630743 3.17135144857799 3.11427741190966 3.03571968744783 3.05312390187207 3.12999889955801 3.33328074567458 3.54421722538331 4.00039277883137 4.33090394910644 4.7265061332899 5.32049565630801 6.04829223892268 7.1308344830485 8.58201515674591 10.5187374178101 12.9288198141491 15.9654129042345 20.1187942448784 25.3493827932021 31.4016555477591 37.5630513079026 42.6363142518436 45.3408567624934 45.0369999548968 41.387357599595 35.480760083479 28.7133182988447 22.3173745730344 16.9582423111972 12.89026454617 9.9204383632716 7.91934274925905 6.75341790213304 5.79821832390393 5.30635717160562 5.0496033149607 5.07469311882468 5.3926676590653 5.85478293720414 6.66809006999521 7.93081183117979 9.57735450828777 11.4497915751794 13.8450154872502 16.8591978304526 19.9867338888785 24.189120120862 28.4113970469026 31.8863709779347
-9999 3.51484909828971 3.28101039634031 3.10857662383248 2.98298719525337 2.96528981187764 2.88143797306453 2.77135758189594 2.90467305919703 3.1857631241574 3.54144192267867 3.91135236971519 4.41562523386058 4.89215952157974 5.51757905413123 6.34430197933141 7.33570199854234 8.54367312438348 10.2616103046081 12.4875521589728 15.1471478448195 18.6422343324212 22.8890938828973 28.4275873268352 34.7759778359357 40.9836984802695 46.0708860930275 48.521360874176 47.4998180866241 43.0968325979569 36.4118638459374 28.9756881208981 22.0689360744813 16.4188681279912 12.2478591133566 9.27462143407148 7.2491740303881 6.03256463303286 5.29970202375861 4.70101394898751 4.40071363484158 4.45126732833245 4.49455716680078 4.79124976782238 5.49539430527126 6.56603210989167 7.73450137587155 9.28163791404051 11.3067395336488 13.7937226155225 16.636951982975 20.3119004894705 24.0413458277197 27.171153485775
-9999 -9999 -9999 2.81463915810866 2.82441345733755 2.76744847613222 2.59940511338851 2.72179165833137 2.95373705380103 3.33753730093732 3.784527091419 4.38164867723689 5.00205549247125 5.73778933987898 6.69127497953527 7.80845415241578 9.07436479891048 10.529397501665 12.3037933391683 14.8876371313544 17.7032200764207 21.3219367476071 25.6709702365539 31.2110889939701 37.4965964625863 43.6026734183816 48.4277667017544 50.4630768439349 48.8736068921931 43.8787071985357 36.6916407977834 28.9045932152692 21.8022085147745 16.049613868489 11.7575754979078 8.7692447515095 6.80090886003831 5.49248567398857 4.8520246972056 4.34582615775221 3.87486779339173 3.95629330943612 3.89665402910289 4.05850722509272 4.53610720704584 5.36832429731593 6.2801718238522 7.50410607983084 9.11843076523613 10.7845698349616 13.3586151494699 16.2821905612946 19.2495980928926 21.7571109463187
-9999 -9999 -9999 -9999 2.6409949204501 2.45431483317824 2.54907730397056 2.73492070418947 3.09576789596502 3.58029908993665 4.26420145525652 4.9046073976685 5.7715556069332 6.90550308192477 8.20548816638834 9.67309900767663 11.2637475027758 12.9799192442613 14.8396419216605 17.4987558617311 20.3729426264763 23.8502556646571 28.1886636018753 33.0802541410222 38.821440780864 -9999 48.6725066970376 50.1428995693431 48.1080269112306 42.8502543673796 35.5915061586043 27.8776544823366 20.9289286557366 15.3430203339633 11.1955113340827 8.272716301329 6.30934530145982 5.07832814314786 4.42528619485743 3.94906203361119 3.51756847956601 3.50077649775673 3.38864907271722 3.43777941430316 3.94460876548991 4.45195603020051 5.14672977959408 6.08157761307324 7.12155565093545 8.53666356030632 10.454800065826 12.6119303317631 14.7809384780772 16.6128120737917
-9999 -9999 -9999 -9999 -9999 2.34944421578856 2.55176288503058 2.80247200762524 -9999 3.82570998458301 4.61935373088893 5.53111135784317 6.74436796588056 8.26749393694541 9.9955629057744 11.8527738995412 13.7872284931295 15.7088734156945 17.6450260632178 19.7318864955622 22.7573044931187 25.7596814983031 29.4469425538007 -9999 -9999 -9999 46.190822615343 47.0249742059147 44.7513574852663 39.6607547507567 32.8623472802779 25.7326357925639 19.3409753687241 14.2120972801657 10.3966594022863 7.69874305234236 5.84812216898974 4.63488636647954 3.9593938045642 3.57669242690591 3.31162524924559 3.14388466056655 3.12175261623719 2.97380308806896 -9999 3.74976474397323 4.2684593007845 4.95154225650956 5.55757032773074 6.70563397863332 8.06611460272004 9.56977353551808 11.0587669435669 12.3091409346637
-9999 -9999 -9999 -9999 -9999 -9999 -9999 -9999 -9999 -9999 5.02065372817657 6.1508187669165 7.75367761359495 9.67760753456284 11.8390494672691 14.0880828447202 16.3243666659383 18.3485164747519 20.1759941402604 21.892595455927 24.343583159587 26.5553363982369 -9999 -9999 -9999 -9999 41.146616711336 41.3802648291868 39.112619526246 34.5943488653968 28.7246752065771 22.6150692210478 17.1309290773728 12.7031597109402 9.38336577134974 7.01100871142219 5.36589617939556 4.27950196406421 3.56416512587491 3.19986367576263 -9999 -9999 -9999 -9999 -9999 -9999 -9999 3.84975725237061 4.47549966328284 5.27538164047634 6.20561624975765 7.21112425362363 -9999 -9999
-9999 -9999 -9999 -9999 -9999 -9999 -9999 -9999 -9999 -9999 -9999 6.74117939612445 8.62244153899305 10.8928049732657 13.4135488219121 15.9620164141935 18.3504565252977 20.3147110465695 21.8401268475196 23.0128826393801 24.5405033090535 25.9144944513545 -9999 -9999 -9999 -9999 -9999 -9999 -9999 28.4773192545947 23.8010138343362 18.9438199295717 14.553818211836 10.9650081185734 8.23026390636669 6.24757070751751 4.84901802329456 3.91248491231133 -9999 -9999 -9999 -9999 -9999 -9999 -9999 -9999 -9999 -9999 -9999 -9999 -9999 -9999 -9999 -9999
-9999 -9999 -9999 -9999 -9999 -9999 -9999 -9999 -9999 -9999 -9999 -9999 -9999 11.6389434127247 14.3421207613805 17.0028384485665 19.3301665414782 21.0529689245364 22.131530046463 22.6745987779954 22.9190835917697 -9999 -9999 -9999 -9999 -9999 -9999 -9999 -9999 -9999 -9999 -9999 -9999 9.18336866883671 7.04679683026145 5.46365532804938 -9999 -9999 -9999 -9999 -9999 -9999 -9999 -9999 -9999 -9999 -9999 -9999 -9999 -9999 -9999 -9999 -9999 -9999
-9999 -9999 -9999 -9999 -9999 -9999 -9999 -9999 -9999 -9999 -9999 -9999 -9999 -9999 -9999 -9999 18.9243130403406 20.2784773549613 -9999 -9999 -9999 -9999 -9999 -9999 -9999 -9999 -9999 -9999 -9999 -9999 -9999 -9999 -9999 -9999 -9999 -9999 -9999 -9999 -9999 -9999 -9999 -9999 -9999 -9999 -9999 -9999 -9999 -9999 -9999 -9999 -9999 -9999 -9999 -9999
-9999 -9999 -9999 -9999 -9999 -9999 -9999 -9999 -9999 -9999 -9999 -9999 -9999 -9999 -9999 -9999 -9999 -9999 -9999 -9999 -9999 -9999 -9999 -9999 -9999 -9999 -9999 -9999 -9999 -9999 -9999 -9999 -9999 -9999 -9999 -9999 -9999 -9999 -9999 -9999 -9999 -9999 -9999 -9999 -9999 -9999 -9999 -9999 -9999 -9999 -9999 -9999 -9999 -9999
-9999 -9999 -9999 -9999 -9999 -9999 -9999 -9999 -9999 -9999 -9999 -9999 -9999 -9999 -9999 -9999 -9999 -9999 -9999 -9999 -9999 -9999 -9999 -9999 -9999 -9999 -9999 -9999 -9999 -9999 -9999 -9999 -9999 -9999 -9999 -9999 -9999 -9999 -9999 -9999 -9999 -9999 -9999 -9999 -9999 -9999 -9999 -9999 -9999 -9999 -9999 -9999 -9999 -9999
-9999 -9999 -9999 -9999 -9999 -9999 -9999 -9999 -9999 -9999 -9999 -9999 -9999 -9999 -9999 -9999 -9999 -9999 -9999 -9999 -9999 -9999 -9999 -9999 -9999 -9999 -9999 -9999 -9999 -9999 -9999 -9999 -9999 -9999 -9999 -9999 -9999 -9999 -9999 -9999 -9999 -9999 -9999 -9999 -9999 -9999 -9999 -9999 -9999 -9999 -9999 -9999 -9999 -9999
-9999 -9999 -9999 -9999 -9999 -9999 -9999 -9999 -9999 -9999 -9999 -9999 -9999 -9999 -9999 -9999 -9999 -9999 -9999 -9999 -9999 -9999 -9999 -9999 -9999 -9999 -9999 -9999 -9999 -9999 -9999 -9999 -9999 -9999 -9999 -9999 -9999 -9999 -9999 -9999 -9999 -9999 -9999 -9999 -9999 -9999 -9999 -9999 -9999 -9999 -9999 -9999 -9999 -9999
-9999 -9999 -9999 -9999 -9999 -9999 -9999 -9999 -9999 -9999 -9999 -9999 -9999 -9999 -9999 -9999 -9999 -9999 -9999 -9999 -9999 -9999 -9999 -9999 -9999 -9999 -9999 -9999 -9999 -9999 -9999 -9999 -9999 -9999 -9999 -9999 -9999 -9999 -9999 -9999 -9999 -9999 -9999 -9999 -9999 -9999 -9999 -9999 -9999 -9999 -9999 -9999 -9999 -9999
-9999 -9999 -9999 -9999 -9999 -9999 -9999 -9999 -9999 -9999 -9999 -9999 -9999 -9999 -9999 -9999 -9999 -9999 -9999 -9999 -9999 -9999 -9999 -9999 -9999 -9999 -9999 -9999 -9999 -9999 -9999 -9999 -9999 -9999 -9999 -9999 -9999 -9999 -9999 -9999 -9999 -9999 -9999 -9999 -9999 -9999 -9999 -9999 -9999 -9999 -9999 -9999 -9999 -9999
-9999 -9999 -9999 -9999 -9999 -9999 -9999 -9999 -9999 -9999 -9999 -9999 -9999 -9999 -9999 -9999 -9999 -9999 -9999 -9999 -9999 -9999 -9999 -9999 -9999 -9999 -9999 -9999 -9999 -9999 -9999 -9999 -9999 -9999 -9999 -9999 -9999 -9999 -9999 -9999 -9999 -9999 -9999 -9999 -9999 -9999 -9999 -9999 -9999 -9999 -9999 -9999 -9999 -9999
-9999 -9999 -9999 -9999 -9999 -9999 -9999 -9999 -9999 -9999 -9999 -9999 -9999 -9999 -9999 -9999 -9999 -9999 -9999 -9999 -9999 -9999 -9999 -9999 -9999 -9999 -9999 -9999 -9999 -9999 -9999 -9999 -9999 -9999 -9999 -9999 -9999 -9999 -9999 -9999 -9999 -9999 -9999 -9999 -9999 -9999 -9999 -9999 -9999 -9999 -9999 -9999 -9999 -9999
