PREC/medie_oi/CUMULATA_MEDIA_04.asc
NCOLS 177 
NROWS 174 
XLLCORNER 1436301.375 
YLLCORNER 4916704.5 
CELLSIZE 1500 
NODATA_value -9999 
[rows 96 to 119 of 174, columns 0 to 53 of 177]
-9999 -9999 -9999 -9999 -9999 -9999 -9999 -9999 -9999 -9999 -9999 -9999 -9999 -9999 -9999 -9999 -9999 -9999 -9999 -9999 -9999 -9999 -9999 -9999 -9999 -9999 -9999 -9999 -9999 -9999 -9999 -9999 26.2843343510347 28.4396899097106 30.5124847608454 32.3186277571846 33.9992739172543 35.6548983700135 37.455115942394 40.0080170561286 43.3093241383048 47.2007635200725 52.1785488970139 58.2887057837318 65.4055683612823 72.4149166836458 78.6418720133164 83.5317657975589 86.8451733028188 88.681948521558 88.879033649669 87.8523294504951 86.3499142141903 84.4473248089061
-9999 -9999 -9999 -9999 -9999 -9999 -9999 -9999 -9999 -9999 -9999 -9999 -9999 -9999 -9999 -9999 -9999 -9999 -9999 -9999 -9999 -9999 -9999 -9999 -9999 -9999 -9999 -9999 -9999 -9999 -9999 -9999 -9999 26.7561354917638 29.4518142447752 32.0254235898747 34.3844219376059 36.6605600609499 39.156883800731 42.0647353845484 45.8447342900669 50.0098316108479 54.7015508202945 60.1843510094811 66.3723109189202 72.6301793210647 78.0613018765169 81.7821827495799 83.8146932826323 84.687111938701 84.0577752449933 82.5365070735707 80.5764450465932 78.7089094835169
-9999 -9999 -9999 -9999 -9999 -9999 -9999 -9999 -9999 -9999 -9999 -9999 -9999 -9999 -9999 -9999 -9999 -9999 -9999 -9999 -9999 -9999 -9999 -9999 -9999 -9999 -9999 -9999 -9999 -9999 -9999 -9999 -9999 26.4256435843075 29.6695187652812 32.9669271216673 36.167765603346 39.1845536512487 42.1755229585311 45.3239076698528 49.0470847382265 53.1801261761609 57.6072268065284 62.2293598651886 67.1717502790339 72.0689672722536 76.0537875960855 78.7181491851807 79.754337198594 79.4233113176682 78.4377310416278 76.804138211643 74.7665629667394 72.8890353090623
-9999 -9999 -9999 -9999 -9999 -9999 -9999 -9999 -9999 -9999 -9999 -9999 -9999 -9999 -9999 -9999 -9999 -9999 -9999 -9999 -9999 -9999 -9999 -9999 -9999 -9999 -9999 -9999 -9999 -9999 -9999 -9999 -9999 -9999 31.3030491786845 35.4416218925925 39.3720177482156 42.921226347194 46.2804886313046 49.5110227220199 52.8114137369044 56.7410689662485 60.5533017410951 64.0799805557027 67.6381027277778 70.746410369873 73.1272782998927 74.5890397184035 74.6333408355713 73.8029198927038 72.3702289356905 70.830256209654 69.3425017525168 68.1530473372516
-9999 -9999 -9999 -9999 -9999 -9999 -9999 -9999 -9999 -9999 -9999 -9999 -9999 -9999 -9999 -9999 -9999 -9999 -9999 -9999 -9999 -9999 -9999 -9999 -9999 -9999 -9999 -9999 -9999 -9999 17.0552226375131 20.3976304531097 24.4535059858771 29.0672389689614 34.0436040794148 39.041421511594 43.7306287849651 47.809244408327 51.321419617709 54.2776680413414 57.1930988395915 60.1970058749704 63.2071776951061 65.4534522505368 67.6012162040262 69.1722166538239 69.9351277351379 70.0237757458406 69.2944518538082 68.181435248431 66.809851954965 65.4380807876587 64.6073222440832 64.0677092496087
-9999 -9999 -9999 -9999 -9999 -9999 -9999 -9999 -9999 -9999 -9999 -9999 -9999 -9999 -9999 -9999 -9999 -9999 -9999 -9999 -9999 -9999 -9999 -9999 -9999 -9999 -9999 -9999 12.8336817026138 15.0822496484308 18.0474148287493 21.8379310018876 26.4424504252041 31.5961875635035 37.3506928051219 43.1062976753011 48.7398802953608 53.3439607760485 57.0155138548683 59.662670472089 61.6402761936188 63.492798019858 65.4826405469109 66.771605533712 67.1207922346452 67.1896516575533 66.7801449018366 65.7419340330012 64.5182451640858 63.1524192866157 61.9907894274768 61.3533278212828 60.8995727370767 60.7055240238414
-9999 -9999 -9999 -9999 -9999 -9999 -9999 -9999 -9999 -9999 -9999 -9999 -9999 -9999 -9999 -9999 -9999 -9999 -9999 -9999 -9999 -9999 10.2865601217046 9.52755170709947 -9999 -9999 -9999 -9999 14.1565423853257 16.4732753529268 19.6937097100651 23.8492252265706 28.909387364107 34.8058569501428 41.237679811085 47.6765603317934 53.8388861487893 58.7932586669922 62.4272634422078 64.8797439266654 66.1604945098653 66.7334399644066 67.0304850970998 67.2870327444638 66.3832633355085 65.3117125314825 63.7843600441428 62.0430309211507 60.4032608200522 59.1236072428086 58.4986594424528 58.1741520657259 58.1303754133337 58.7186387707205
-9999 -9999 -9999 -9999 -9999 -9999 -9999 -9999 -9999 -9999 -9999 -9999 -9999 -9999 -9999 -9999 -9999 -9999 21.3807132664849 16.9251968580134 14.1931696919834 12.5748040115132 11.2933402762694 10.5279857130612 -9999 -9999 -9999 -9999 -9999 18.6844953789431 22.0019457480487 26.4011480948504 31.9595416994656 38.1302920930526 44.9730176154305 51.7339928991654 58.2331430771772 63.3173404300914 67.0451567173004 69.0430645942688 69.6744070053101 69.2830571006326 68.2882308539222 66.9785021894118 65.0813709427329 63.2944990606869 61.1751304514268 59.1302894844728 57.277963736478 56.1686265889336 55.7523404289694 55.6218051489662 56.3530236552743 57.6307297033422
-9999 -9999 -9999 -9999 -9999 -9999 -9999 -9999 -9999 -9999 -9999 -9999 -9999 -9999 -9999 -9999 -9999 -9999 22.1623883878483 18.063674435896 15.7422978878021 14.0185515880585 12.7437866926193 11.9726790750728 12.2087455216576 -9999 -9999 -9999 18.3973618184819 21.2938079833984 25.0221493103925 29.3506897617789 34.9763692126555 41.4523466615116 48.341004708234 55.0229192481321 61.0973996414858 66.3228438040789 69.7525328047135 71.372746369418 71.600036649143 70.7071737401626 69.0191348580753 66.6592981815338 63.8342034956988 61.4135514147141 58.8206878970651 56.6273347209482 55.0111119045931 54.0729284426745 53.7744980419383 54.2793741506689 55.4930512764875 57.1541599526125
-9999 -9999 -9999 -9999 -9999 -9999 -9999 -9999 -9999 -9999 -9999 -9999 -9999 -9999 -9999 -9999 -9999 -9999 23.1196449504179 19.8691666126251 17.4801322432125 15.7772769927979 14.6057501680711 14.3182480054743 14.7256911993027 15.5467557205873 -9999 -9999 21.598561483271 24.5306360160603 28.2418851291432 32.7169270094703 37.6534739943112 43.7614495053011 50.1359771139482 56.2674018354977 62.0741782398785 66.90236862968 69.9629842393539 71.4968685262344 71.6978437059066 70.7176172873553 68.8200308715596 65.6785330912646 62.9558184006635 60.0585552524118 57.4170794907738 55.173107511857 53.6932074743159 53.0161985790028 53.130501761156 53.9968097911162 55.3911594783559 57.2378993314855
-9999 -9999 -9999 -9999 -9999 -9999 -9999 -9999 -9999 -9999 -9999 -9999 -9999 -9999 -9999 -9999 -9999 28.6387528110953 24.559589806725 21.7314454667708 19.6900210661047 18.057689891142 17.2486791750964 17.3786260170095 18.0352112475564 19.0907928382649 -9999 22.4963335570167 25.5599710240084 28.4027957355275 31.7878770828247 35.8403173334458 40.2084001653335 45.1014448754928 50.4838480809156 55.6822182851679 60.7896012839149 64.9078195305432 67.7378632180831 69.3559765675489 69.7770955843084 69.0967806928298 67.4655564111822 64.480071923312 61.8042604783002 58.9953538389767 56.3584181981928 54.7114806876463 53.4922518028932 53.0289349976708 53.521395220476 54.6221975158243 56.1484011201298 57.991245171603
-9999 -9999 -9999 -9999 -9999 -9999 -9999 -9999 -9999 -9999 -9999 -9999 -9999 -9999 -9999 -9999 -9999 29.4346113485448 26.1974398388582 23.9452334993026 22.4118532994214 20.9831461345448 20.8279714373981 21.446544696303 22.5707752985113 24.0060350193697 25.5340745589312 27.2503593108233 29.6462087070241 32.8168431169846 35.5539145189173 38.7178780050839 42.2206899839289 45.6116778009078 49.5676355081446 53.5588077937855 57.6446872178246 60.9400361215367 63.4397382245344 65.1390029963325 65.9581592082977 65.8311482036815 64.2053551533643 62.3119295765372 60.0761866289027 57.99099873094 56.0774277518777 54.6100290522856 54.0510184063631 54.0125594419592 54.9137891320621 56.2744480581845 57.8519693963668 59.5086303738987
-9999 -9999 -9999 -9999 -9999 -9999 -9999 -9999 -9999 -9999 -9999 -9999 -9999 -9999 -9999 -9999 -9999 30.233980922138 28.1663029053632 26.6267857832067 24.8940666563371 25.0015052206376 25.4356342063231 26.5885139072643 28.268962579615 30.0604072037865 31.7295225928811 33.2399514422697 34.9364184211282 36.7093568970175 39.3465749516207 41.3131900394664 43.4876567616182 45.6128289419062 47.756254602881 50.5396386314841 53.2475597858429 55.6674749079873 57.7427425244275 59.4340798644459 60.5859320935081 61.015896656934 59.9289431431714 59.078885253738 57.9590444003834 56.7439917746712 55.7662116219016 55.1899778983172 55.4036302426282 56.0547340196722 57.1631169880138 59.147516783546 60.4110795890584 61.6110040861018
-9999 -9999 -9999 -9999 -9999 -9999 -9999 -9999 -9999 -9999 -9999 -9999 -9999 -9999 -9999 -9999 -9999 -9999 30.5100442942451 28.856744036955 28.9270449806662 29.7305577362285 30.7434812854318 32.600703309564 34.835195387111 36.9323929197648 38.666970168843 39.847155234393 40.6795154038598 41.4852704020107 42.1017655484817 43.3774355159086 44.1549557657803 44.8338696115157 45.6471509793225 46.7985893978792 48.3551869392395 49.8522710379432 51.3960979756187 52.9137696518617 54.2110030721216 54.4114602313322 54.8960530617658 55.1781139514026 55.2540989062365 55.2541011291392 55.7052067798727 56.3401892044965 57.5582232966143 58.5212272896486 60.0125030629775 62.0258932534386 63.4381880619947 64.0234527868383
-9999 -9999 -9999 -9999 -9999 -9999 -9999 -9999 -9999 -9999 -9999 -9999 -9999 -9999 -9999 -9999 -9999 -9999 32.6953512921053 32.676983833313 33.5161239539876 34.9852973433102 36.6980704559999 39.0702645778656 41.7654253174277 44.0885656440959 45.6762838223401 46.3930817491868 46.3614570533528 46.1163189972148 45.1188494457918 44.4185807424433 44.0176479255452 43.687231947394 43.11446835013 43.1280707752003 43.5175908733817 44.1485479929868 45.0640783870921 46.1145380034166 46.8746587248409 48.1655367332346 49.4588140038883 50.6522144640193 51.9299617024029 53.5455101307701 55.1520914610694 57.4080682011212 59.4028984658858 61.126943321789 63.0855754754123 64.6717552227132 66.0650776098756 66.0212154423489
-9999 -9999 -9999 -9999 -9999 -9999 -9999 -9999 -9999 -9999 -9999 -9999 -9999 -9999 -9999 -9999 -9999 -9999 36.326754766352 37.2457867510179 38.5168741871329 40.546125496135 42.7659998360802 45.4043248120476 48.3053341613096 50.6359788950752 51.9420202619889 52.0669294104857 51.3108989911921 49.9315354263081 47.7494789151584 45.4956349064322 43.6340096698088 42.0861603792976 40.2166605416466 39.2187666612513 39.0252151208765 38.5727791365455 38.862737031544 39.6157880670884 40.7683329792584 42.166541113573 43.981278833221 45.8397454934962 48.5416634012671 51.1059485884274 54.5402371252284 57.6489663614946 60.5199674858766 63.2078870675143 65.6789486618603 67.1656312977566 67.39438309389 66.7781196797595
-9999 -9999 -9999 -9999 -9999 -9999 -9999 -9999 -9999 -9999 -9999 -9999 -9999 -9999 -9999 -9999 -9999 -9999 40.52469793488 42.3584700472215 44.2097638775321 46.1495380962596 48.6667110078475 51.1579008102417 53.6508004665375 55.6991997185875 56.5975430432488 56.1594381192151 54.8620281640221 52.5737762030433 49.5723267583286 46.4388216243071 43.4007817296421 40.7487614014569 38.2335990036235 36.3576263119193 35.1312340848586 34.4194302629022 34.1515615266912 34.5516229377073 35.5098353834713 36.9065780850018 38.7945514426512 41.689046291744 44.8146798260072 48.8564878632041 52.9327176809311 57.0131213524762 60.7546345556484 64.5538571091259 67.0749680084341 68.3723534468342 67.981505418525 65.8019197022214
-9999 -9999 -9999 -9999 -9999 -9999 -9999 -9999 -9999 -9999 -9999 -9999 -9999 -9999 -9999 -9999 -9999 -9999 45.1917453793918 47.5402668363908 49.4778708850636 51.526458235348 53.4695350142086 55.3808416058035 57.5126034512239 58.902943723342 59.328713389004 58.5301347199608 56.8152004690731 54.1452602358425 51.0191255036522 47.4011800148908 43.7646317762487 40.1955611986272 36.9505725187414 34.4978010934942 32.522289093803 31.3513183944366 30.6763105953441 30.54132131268 31.1338791917352 32.3385154639973 34.5771099749733 37.6729510812198 41.3220318976571 45.9639183352975 50.735188778709 55.2860998055514 59.9550184081582 64.06979156417 67.0176532759386 67.9919845724807 66.7561494971023 63.586573690176
-9999 -9999 -9999 -9999 -9999 -9999 -9999 -9999 -9999 -9999 -9999 -9999 -9999 -9999 -9999 -9999 -9999 -9999 -9999 52.5887525081635 54.2014628718881 55.6164661155028 57.0019473749049 57.6714270535637 59.0173621598412 59.8401301608366 59.8545258325689 58.9653169267318 57.563990242341 55.0371211416581 51.7058796321645 47.8892393532921 43.9417969619527 39.8896080185385 36.2029337181764 33.13724444193 30.8064808775397 29.1251684918123 28.1049129121444 27.5055996880812 27.8104307932012 28.9973221666673 31.2142419324202 34.2352499120376 38.0003577821395 42.8834880590439 47.7693532635184 52.7734325177529 57.9263844034251 62.3804102645201 65.077230425442 65.4657886203598 63.4469271091854 59.4380164356793
-9999 -9999 -9999 -9999 -9999 -9999 -9999 -9999 -9999 -9999 -9999 -9999 -9999 -9999 -9999 -9999 -9999 -9999 -9999 56.4401152694927 57.8065705439624 58.218303119435 58.4616427982555 58.4985168541179 58.3268175545861 58.499443320667 58.2354044633753 57.8660133305718 56.7507729530334 54.5670426172369 51.6336753508624 48.1144614219666 44.2498485200545 39.9227881291333 36.0237941741943 32.5755690827089 29.6905924151925 27.6167633673724 26.314356172786 25.6598242731655 25.6798886691823 26.5501311736948 28.5976805651889 31.3714164460407 34.8149950504303 39.4937626123428 44.4240487568519 49.6504066604025 54.8027989846819 58.8299488022047 60.9268098350833 60.6217277733719 57.9410221383852 53.4290880718652
-9999 -9999 -9999 -9999 -9999 -9999 -9999 -9999 -9999 -9999 -9999 -9999 -9999 -9999 -9999 -9999 -9999 -9999 -9999 59.1456620132222 59.5913960653193 58.9252598425921 57.9550748432384 57.122937300626 55.8861911296844 55.499582010157 55.4531356026145 55.5380906357485 54.7526535987854 53.3209336224724 51.1512340657851 48.2497335742502 44.4172440697165 40.4278642780641 36.4077145352083 32.7303837117027 29.5766117713031 27.066819078782 25.3998000060811 24.4638921022415 24.1678888026406 24.7750342944089 26.3974718942362 28.7734843001646 32.0874326439465 36.526079461855 41.1899684632526 45.9619469072889 50.4719626850942 53.6978297829628 54.9802655104329 53.9878300445921 50.8745179597069 46.2344775953714
-9999 -9999 -9999 -9999 -9999 -9999 -9999 -9999 -9999 -9999 -9999 -9999 -9999 -9999 -9999 -9999 -9999 -9999 -9999 59.5062510967255 58.7231664938085 57.3490929884069 55.5269508502063 53.8631063208861 52.2370367050171 51.3851313170265 51.9231955724604 52.0874663240769 52.0381854421952 51.5406822597279 50.329419150072 47.8906928931966 44.7864453652326 41.1348289672066 37.230844595853 33.4383904863806 30.0718260793125 27.2836914833854 25.378413642154 24.1829252453411 23.5960572607377 23.7916282380328 25.1905238067403 27.137832087629 29.9160417318344 33.801522640621 37.8751753568649 41.8462586735978 45.3774267960997 47.6014128730578 48.0162511976326 46.4559143869316 43.1699031573885 38.7447855262195
-9999 -9999 -9999 -9999 -9999 -9999 -9999 -9999 -9999 -9999 -9999 -9999 -9999 -9999 -9999 -9999 -9999 -9999 -9999 -9999 55.7659860779257 53.606609470704 51.0615499440361 49.2255369074204 47.9057636401233 47.1025420637692 47.5780247519998 48.1889964271994 48.9204837574678 49.2366748136633 48.6517252080581 47.3705345883089 45.2533908521428 42.22573567138 38.5891104796354 34.8298461437225 31.3396263192682 28.3995436359854 26.5828143638723 25.0464927168453 24.2119629207779 23.6739381797173 24.4956861874636 26.1577788591385 28.2011416589513 31.4359335864291 34.6029332210036 37.6211237995064 40.0537434071302 41.2630640881903 40.9075360333218 38.9672786120106 35.7450900814112 31.756569801008
-9999 -9999 -9999 -9999 -9999 -9999 -9999 -9999 -9999 -9999 -9999 -9999 -9999 -9999 -9999 -9999 -9999 -9999 -9999 -9999 -9999 48.5358509877149 45.8216436470256 43.7079487407909 42.3694521679598 42.233470397837 42.7406357176164 43.7912826678332 45.2368258027469 46.4808621827294 47.1279849304872 46.9883951720069 45.711919223561 43.3088001082925 40.0724335558274 36.5842338239445 33.8898487862419 30.9117944661309 28.524562828681 26.6631835488712 25.4424748420715 24.8739863669171 24.9402459579356 25.7182978602017 27.2708127288257 29.1567148811677 31.6605903611464 33.6381130376283 35.0076628721812 35.3256709251334 34.3817733824253 32.2550273993436 29.2491216869915 25.790218589937
