PREC/medie_oi/CUMULATA_MEDIA_12.asc
NCOLS 177 
NROWS 174 
XLLCORNER 1436301.375 
YLLCORNER 4916704.5 
CELLSIZE 1500 
NODATA_value -9999 
[rows 96 to 119 of 174, columns 0 to 53 of 177]
-9999 -9999 -9999 -9999 -9999 -9999 -9999 -9999 -9999 -9999 -9999 -9999 -9999 -9999 -9999 -9999 -9999 -9999 -9999 -9999 -9999 -9999 -9999 -9999 -9999 -9999 -9999 -9999 -9999 -9999 -9999 -9999 21.6830599921591 23.2772382304949 24.7987362479462 26.2194320051109 27.4694860700299 28.7251778209911 30.1095840685508 32.0534417278626 34.5099082133349 37.4873379398795 40.8945830429302 45.4638469780193 50.6634675334482 56.0860245227814 61.127566688201 65.6757253198063 69.2422324348898 71.3314784274382 72.1583222781911 71.828295286964 71.0157820196713 69.4112079003278
-9999 -9999 -9999 -9999 -9999 -9999 -9999 -9999 -9999 -9999 -9999 -9999 -9999 -9999 -9999 -9999 -9999 -9999 -9999 -9999 -9999 -9999 -9999 -9999 -9999 -9999 -9999 -9999 -9999 -9999 -9999 -9999 -9999 22.2079590681721 24.2081652196015 26.0922062414534 27.8393140785834 29.561420871931 31.4272494210916 33.6571357951445 36.3274593493518 39.4265480321996 42.8468013370738 46.9111691502964 51.6623759830699 56.6264217881595 61.1108908092274 64.5636153361377 66.9054526020499 68.424504813026 68.6847392811495 67.7989586381351 66.4437826661503 65.0440960210912
-9999 -9999 -9999 -9999 -9999 -9999 -9999 -9999 -9999 -9999 -9999 -9999 -9999 -9999 -9999 -9999 -9999 -9999 -9999 -9999 -9999 -9999 -9999 -9999 -9999 -9999 -9999 -9999 -9999 -9999 -9999 -9999 -9999 21.97405713446 24.4853574984214 26.9641167942215 29.2813864841181 31.4983999255826 33.7149507508558 36.1135236726088 38.8287156119066 41.8315162378199 45.1036206273472 48.4687667313744 52.3981335443609 56.4554134537192 60.0004993046031 62.5836619489333 64.0228115811068 64.3375007124508 64.269905945834 63.3277722246507 61.8472120341133 60.3122937118306
-9999 -9999 -9999 -9999 -9999 -9999 -9999 -9999 -9999 -9999 -9999 -9999 -9999 -9999 -9999 -9999 -9999 -9999 -9999 -9999 -9999 -9999 -9999 -9999 -9999 -9999 -9999 -9999 -9999 -9999 -9999 -9999 -9999 -9999 25.8484249956468 28.9004226011388 31.7467651472372 34.3190251939437 36.7481388765223 39.1782999880174 41.6785369199865 44.4520013472613 47.3992162311778 49.9176183868857 52.8052946118747 55.6774462110856 58.1189518816331 59.7334505670211 60.2539327705608 60.149824885761 59.4030399182264 58.3430028943455 57.5399430499357 57.1540917508742
-9999 -9999 -9999 -9999 -9999 -9999 -9999 -9999 -9999 -9999 -9999 -9999 -9999 -9999 -9999 -9999 -9999 -9999 -9999 -9999 -9999 -9999 -9999 -9999 -9999 -9999 -9999 -9999 -9999 -9999 15.1049699257402 17.786815248868 20.9237219568561 24.3901583902976 28.0587436521755 31.6119710171924 34.9877623144318 37.9452610156115 40.5354749104556 42.702143479796 44.7517821929034 47.0293664090774 49.2987779028275 51.0133021018084 53.0144933812758 54.5572851826163 55.7082950227401 56.3392737472759 56.2347006236806 55.8478232131285 55.0637628751643 54.4191807157853 54.0681910374585 53.986676272224
-9999 -9999 -9999 -9999 -9999 -9999 -9999 -9999 -9999 -9999 -9999 -9999 -9999 -9999 -9999 -9999 -9999 -9999 -9999 -9999 -9999 -9999 -9999 -9999 -9999 -9999 -9999 -9999 11.7461306540405 13.6098657040035 16.0449116142357 19.048319357283 22.640691257575 26.602287439739 30.8074373322375 34.9998388185221 38.7438961618087 41.9131800146664 44.5514135360718 46.515253999654 47.9852866004495 49.3742404264562 50.8928889386794 51.9540726577534 52.5966813003316 53.1254120434032 53.3736155734343 53.0425747001872 52.4824311733246 51.769500374794 51.3653948236914 51.4042244448381 51.2660898531184 51.176134649445
-9999 -9999 -9999 -9999 -9999 -9999 -9999 -9999 -9999 -9999 -9999 -9999 -9999 -9999 -9999 -9999 -9999 -9999 -9999 -9999 -9999 -9999 8.05910277454292 7.84696074991542 -9999 -9999 -9999 -9999 12.9821778886458 14.907308865996 17.5450046009877 20.8530299996628 24.8426587634227 29.3008453986224 33.9049994770218 38.5055695807233 42.5612155058805 45.8592641809407 48.3782199691324 49.982915092917 50.9419313669205 51.5404009398292 52.0052138637094 52.2536274545333 51.9211663919337 51.5257816454943 50.9467452554142 50.133485695895 49.2035433124093 48.5730688291438 48.8624277395361 48.9040486812592 48.9963942976559 49.5230786870508
-9999 -9999 -9999 -9999 -9999 -9999 -9999 -9999 -9999 -9999 -9999 -9999 -9999 -9999 -9999 -9999 -9999 -9999 13.8490253165364 11.3865657926482 10.0310142504818 9.37302978030023 8.8783630257582 8.73183731077349 -9999 -9999 -9999 -9999 -9999 16.9402295912013 19.6304031838389 23.1187450885773 27.3956046051839 32.1036853194237 36.9150726584827 41.6751473861582 45.8305655367234 49.1834243816488 51.5660238967222 52.8409264368169 53.249087936738 53.0790270917556 52.6594935304978 51.9065705327427 50.9235753872815 49.9195819602293 48.7223485357621 47.5885110462413 46.6245058564579 46.3298679099363 46.7750517761006 46.9050803044263 47.610269280041 48.7452711498036
-9999 -9999 -9999 -9999 -9999 -9999 -9999 -9999 -9999 -9999 -9999 -9999 -9999 -9999 -9999 -9999 -9999 -9999 14.3930938484914 12.1723872734343 11.1889699579162 10.432706122451 10.0176803938606 9.91723380851395 10.4114292255219 -9999 -9999 -9999 16.9044799243703 19.3408637362368 22.3460873978979 25.7237773572697 30.0621993471594 34.8159166714724 39.5983240323908 44.1380466222763 48.1267281735645 51.4158514527714 53.4754486013861 54.3645722094704 54.4119337376426 53.8568253657397 52.9179393543917 51.3232162419487 49.7808162885554 48.3423991483801 46.8298115449793 45.5750046477598 44.7601271236644 44.8410306397606 45.2004952711218 45.8188481190625 46.9386950380662 48.4567848794601
-9999 -9999 -9999 -9999 -9999 -9999 -9999 -9999 -9999 -9999 -9999 -9999 -9999 -9999 -9999 -9999 -9999 -9999 15.0138183214209 13.38795741516 12.4015637452112 11.813945395105 11.5359967241392 11.7703860704513 12.4687465433689 13.4533092984382 -9999 -9999 19.8293883484953 22.3107112277957 25.297602983082 28.7700507114915 32.5824072588893 37.0031569670228 41.4678979095291 45.4170888662338 49.0004377189805 51.9941682254567 53.6710375196794 54.3307816140792 54.2590148378821 53.6012909412384 52.4934659144458 50.3870455517488 48.8027961113874 47.1085385434768 45.4651150002199 44.1384902701658 43.5868338416604 43.9442310193006 44.6361518887913 45.6415252545301 47.1711822818307 48.8756500973421
-9999 -9999 -9999 -9999 -9999 -9999 -9999 -9999 -9999 -9999 -9999 -9999 -9999 -9999 -9999 -9999 -9999 18.1229519879117 15.8529223427176 14.7109473531737 13.8988822663532 13.4995661557597 13.4487774179262 14.0928970987306 15.1182193834992 16.4537094217889 -9999 19.9375848656192 22.9363850214902 25.8538400916492 28.5825825386188 31.6907449575031 35.1752203001695 38.5197261449169 42.2053373526124 45.4353686606183 48.4107889533043 50.7790821650449 52.1525564684587 52.7528580637539 52.7246798627517 52.1776663275326 51.1797545096453 49.1820403547848 47.6349451541901 45.9520648086772 44.3804648763993 43.551754025852 43.2278740967021 43.7205451937283 44.8352301261004 46.2578719503739 47.8315192951876 49.5768567954793
-9999 -9999 -9999 -9999 -9999 -9999 -9999 -9999 -9999 -9999 -9999 -9999 -9999 -9999 -9999 -9999 -9999 18.5268007608898 16.8834097464295 16.1291421958629 15.6778046944562 15.53863235826 16.0110244347769 17.1175840400598 18.7260150962016 20.4909230400534 22.277944118661 24.0421309059157 26.4744083960267 29.5338495496441 32.0960213419269 34.4858613627798 37.1671099522535 39.5745534809197 41.986637057627 44.3514238911517 46.488274444552 48.1630500414792 49.2248652612462 49.7605706172831 49.9501581402386 49.6802876837113 48.3971736781737 47.2389520897585 45.9378545424517 44.7472784098457 43.7994984879213 43.4061926813687 43.3227007669561 44.2124604197109 45.9700789872338 47.5221268850214 49.1284531004289 50.7108287811279
-9999 -9999 -9999 -9999 -9999 -9999 -9999 -9999 -9999 -9999 -9999 -9999 -9999 -9999 -9999 -9999 -9999 18.9849649084842 18.066129768596 17.741290503565 17.4501599730814 18.1051472968915 19.0743759116706 20.8293051360285 23.0171290530878 25.2578041825224 27.340591744465 29.1319411616115 30.9982978403568 32.9154241970357 35.3279861755231 37.046705817475 38.4743918688858 40.0216852601837 41.1899170489872 42.4893143702956 43.5995273099226 44.5719738567577 45.3190667559119 45.8460842511233 46.1388996559031 46.1543297487147 45.1002009265563 44.5001239496119 43.9313226026647 43.3224876768449 43.3103885510389 43.3854794221766 44.3754237539628 45.7789275225471 47.5473435205572 49.497889771181 50.9763596899369 52.1875865459442
-9999 -9999 -9999 -9999 -9999 -9999 -9999 -9999 -9999 -9999 -9999 -9999 -9999 -9999 -9999 -9999 -9999 -9999 19.3941779399619 19.2883597625529 19.7245706885177 21.0238895898356 22.5286184759701 24.9197129466954 27.702296796967 30.4209000941585 32.7641216709333 34.5111696685062 35.7552003185539 37.1412848225411 37.721037514946 38.8074414730072 39.3696564944351 39.8431829897796 39.8613634284805 40.0105227407287 40.2425346023896 40.5548503328772 40.9145508653977 41.3680217756945 41.7464300183689 41.2583049185136 41.2970530566047 41.4708738467273 41.683287452249 42.0662920054267 42.9353940206416 44.4080136523527 45.7816456065458 47.4893539933597 49.2040387602413 51.4144048690796 52.9463809798746 53.714488141677
-9999 -9999 -9999 -9999 -9999 -9999 -9999 -9999 -9999 -9999 -9999 -9999 -9999 -9999 -9999 -9999 -9999 -9999 20.7182111468385 21.2457618297023 22.2586476171718 24.0726989209652 26.097834650208 29.0276634202284 32.3204258645282 35.4295299438869 37.9353886877789 39.5468640082023 40.2976154597367 40.9863906467662 40.3293484090006 39.9549267642638 39.2759660412284 39.0806310948204 38.0997907905018 37.3822972213521 36.8069152095739 36.497616557514 36.4711979908102 36.6426683243583 36.4058428091161 36.8552247706582 37.4595855334226 38.2034978866577 39.2543568470899 40.7926214162041 42.8034566991469 44.8489967514487 47.0092267990112 49.2705750184901 51.2891792129068 52.9329970023211 54.3547594407026 54.503821625429
-9999 -9999 -9999 -9999 -9999 -9999 -9999 -9999 -9999 -9999 -9999 -9999 -9999 -9999 -9999 -9999 -9999 -9999 22.3435117527843 23.3924734386451 24.884235808078 27.0414570491104 29.4467574664775 32.6911753310877 36.2976301996147 39.6011920501204 42.1307552123771 43.5540901930893 43.9686573445797 43.9031538051717 42.4193368711892 40.5901171004071 39.1928181911216 37.6176995897994 35.9246055220856 34.5214262008667 33.4394419263391 32.5813873585533 32.2015542037347 31.8799948061214 32.1550587626065 32.722923559301 33.6926805201699 35.0879923736348 37.1691850213444 39.4585788670708 42.1605513656841 44.8927644280826 47.6545108626871 50.3802901436301 52.8366786732393 54.3757759262534 54.8365459442139 54.4654119996464
-9999 -9999 -9999 -9999 -9999 -9999 -9999 -9999 -9999 -9999 -9999 -9999 -9999 -9999 -9999 -9999 -9999 -9999 24.0634255089304 25.7156287221348 27.4892940380994 29.7575663152863 32.3973311238429 35.6144866592744 39.0854525706347 42.3335809129126 44.7481919176438 45.9450290483587 46.352527432582 45.5958308875561 43.6545770606574 41.2768999197904 38.8881367094377 36.6979753410115 34.3210973003331 32.2183251941905 30.5690157658914 29.2720462960355 28.5464321164524 28.3793708296383 28.6832864494885 29.3437516198439 30.4194058109732 32.4727649548474 34.9028873864342 37.8272884172552 40.9958508435418 44.4191302411696 47.7443456369288 51.106724654927 53.6085479119245 54.8989095687866 54.780000854941 53.1691685564378
-9999 -9999 -9999 -9999 -9999 -9999 -9999 -9999 -9999 -9999 -9999 -9999 -9999 -9999 -9999 -9999 -9999 -9999 25.8755394816399 27.9365416037686 29.7484772406957 31.9974368258434 34.6046061962843 37.2535600048654 40.5509652933654 43.4837037342436 45.6544775366783 46.7015022390029 47.1619370702435 46.2992958601783 44.8612774119658 42.2812850475311 39.4006326549193 36.4895701548632 33.6991096314262 31.2032190070433 29.1323263434803 27.3121579745237 26.2483501153834 25.7604533223545 25.7621415082146 26.3674512119854 27.7868322554757 30.0210786146276 32.6650103821474 35.8632960319519 39.4961648969089 43.2778953383951 47.0312807139228 50.5792233523201 53.2334003448486 54.2873206980088 53.5774723782259 51.2853271259981
-9999 -9999 -9999 -9999 -9999 -9999 -9999 -9999 -9999 -9999 -9999 -9999 -9999 -9999 -9999 -9999 -9999 -9999 -9999 29.8850186993094 31.5433215950342 33.4139960723765 35.6317526400089 37.6401463194805 40.2610315575319 42.762978441575 44.6403536533608 45.9216731243274 47.3428314573625 46.7965837787179 44.9840509611018 42.2728256337783 39.239705843084 36.0227580561357 32.9996500646367 30.2504335150999 27.9302841985927 26.0348168611526 24.8023443712908 23.8681377873701 23.6591408322839 24.2463943747913 25.7627738223356 27.9079537251416 30.5172118158901 33.8908102231867 37.573384958155 41.4603342448964 45.501959884868 49.0738118676578 51.4927092720481 52.1507184645709 50.9129134065965 48.0791665525997
-9999 -9999 -9999 -9999 -9999 -9999 -9999 -9999 -9999 -9999 -9999 -9999 -9999 -9999 -9999 -9999 -9999 -9999 -9999 30.766437698813 32.6644224826904 33.9437407991465 35.4500310447286 37.1754319922012 38.5648192184813 40.5257943833575 42.6745002953445 44.9661761872909 45.9081044337329 45.5318481781903 44.0989198965185 41.8332451301463 39.1066879524904 35.7226242878858 32.7402747308507 29.8226567647036 27.3108671763364 25.2010210191502 23.9231704613742 22.9628683188382 22.5629704489427 22.9594351754469 24.2683706914677 26.1634793702294 28.6275371102726 31.8154042608598 35.3953609606799 39.2562008465038 43.1680014834685 46.3694695584914 48.2585841627682 48.4460274191464 46.7763489274418 43.6111539111418
-9999 -9999 -9999 -9999 -9999 -9999 -9999 -9999 -9999 -9999 -9999 -9999 -9999 -9999 -9999 -9999 -9999 -9999 -9999 31.369832953986 32.7285044171354 33.4886930435896 34.2233370270799 35.2140926078838 36.2117271782721 38.0791118635851 40.1723143844044 42.3270566743963 43.3328513327767 43.5116703931023 42.8035195715287 41.279112072552 38.771890261594 35.8263198347653 32.8622412541333 30.0142828716951 27.4531640866224 25.2205731167513 23.6575875843272 22.7083214872024 22.1288795471191 22.3325761486502 23.2216494363897 24.804846721537 27.1009176198174 29.9722580909729 33.2105481764849 36.7082631167244 40.0664252112893 42.6318305239958 43.867462719188 43.5254521089442 41.5875823638018 38.3092887541827
-9999 -9999 -9999 -9999 -9999 -9999 -9999 -9999 -9999 -9999 -9999 -9999 -9999 -9999 -9999 -9999 -9999 -9999 -9999 31.0399656050345 31.3284227287068 31.8647315155934 32.0914668344399 32.4994221873143 33.6827127144617 34.8270597668255 37.2016659063451 38.9430968060213 40.3241700985852 41.1915994531968 41.3104853349573 40.2581255435944 38.4699953023125 36.1210501754985 33.4696639145122 30.7880982791676 28.1707669145921 25.862417122897 24.1358186427285 22.9599434417837 22.2438655881321 22.2280686953489 22.8379857610254 24.1435229497797 25.9832033129299 28.4060134186464 31.1423653855043 33.9660319580751 36.5255039860221 38.2758595522712 38.8223941466388 38.0029115396387 35.8765582477345 32.7209111662472
-9999 -9999 -9999 -9999 -9999 -9999 -9999 -9999 -9999 -9999 -9999 -9999 -9999 -9999 -9999 -9999 -9999 -9999 -9999 -9999 29.270741631003 29.2948255889556 29.1823582456392 29.7010382150902 30.2828514014973 31.6422529571197 33.5823026544908 35.3716940739576 37.1565934910494 38.5123116759693 39.1087579025942 39.0888986868017 38.3576867019429 36.6549901681788 34.3174458952511 31.8832339959986 29.3343610483057 27.1137613408706 25.2893102589776 24.1699561441646 23.1909688781289 22.8228008536732 23.1533683328068 23.9962168020361 25.3378581579994 27.1720012356253 29.2662327429828 31.2752433384166 32.97973242928 33.8690988596748 33.734763692407 32.5174629688263 30.3256656282088 27.4062879927018
-9999 -9999 -9999 -9999 -9999 -9999 -9999 -9999 -9999 -9999 -9999 -9999 -9999 -9999 -9999 -9999 -9999 -9999 -9999 -9999 -9999 26.5345082747586 26.2414429240367 25.9815782589071 26.319787912509 27.9213790262447 29.6267382888233 31.4607905710445 33.5817862889346 35.520970807356 37.1203178798451 38.0428794973037 37.955585044973 36.9257185459137 35.1392182883094 33.1426008589128 31.271623583401 29.229631171507 27.3719831775216 25.9691755210652 24.9562541036045 24.2898562024621 24.067984679166 24.2732196976157 25.0903734880335 26.2426597931806 27.5736923638512 28.7185098844416 29.5578389448278 29.7295718894285 29.0605507037219 27.5977438618155 25.4264583727893 22.7513720568489
