PREC/medie_oi/CUMULATA_MEDIA_05.asc
NCOLS 177 
NROWS 174 
XLLCORNER 1436301.375 
YLLCORNER 4916704.5 
CELLSIZE 1500 
NODATA_value -9999 
[rows 72 to 95 of 174, columns 54 to 107 of 177]
172.675515791949 168.835191502291 163.665207918952 157.407934525434 150.305278329288 143.628470364739 136.836639404297 130.470589581658 124.98471439586 120.011630899766 116.128302798552 112.823768391329 111.465328553144 110.924831951366 111.356747627258 113.04904870426 115.177909458385 117.390720984515 120.266547371359 123.408364576452 126.211736679077 128.300875607659 129.515012404498 129.454331958995 127.769757551305 125.767121202805 123.672470092773 121.895761377671 120.375710739809 119.241001690135 117.946621670442 117.989561221179 118.606572571923 119.503031758701 120.779014166664 122.190975806292 123.400323447059 123.436123230878 121.769305902369 119.317316532135 116.391508382909 113.903756197761 112.218189351699 111.377503563376 111.978538176593 114.067541683421 118.033062542186 122.525560266831 128.060727848726 132.656280237086 135.625304053811 137.598404996535 137.646976863637 135.345529977013
171.372219310087 168.1276214824 163.082800584681 156.518914054422 149.552102593815 142.14579447578 135.570270874921 128.710604948156 122.483972212848 117.192682434531 112.60903745539 109.033374730278 106.915980507346 106.13342924679 107.226016100715 109.358877294204 112.587616527782 115.610500784481 119.19406969407 123.178908740773 126.505266526166 128.752919365378 129.936216017779 129.323956994449 127.079551247989 124.124831255744 121.295420422274 118.33644917432 115.402028644786 112.886512027067 110.97755577985 109.58449492735 109.870801476871 111.394237574409 113.272806448095 115.409545309403 117.515812256757 118.076312093174 117.35592250263 115.229545396917 112.032191500944 108.565763810102 105.724483041202 104.05553447499 104.500754973468 106.752061675577 110.379496181712 114.774437736062 120.672523835126 126.62768537858 130.978497280794 133.509871623095 134.426861005671 134.12921481974
167.17221327389 164.773480359246 160.780894223381 155.157140731812 148.178242739509 140.897217918845 134.345468577217 127.615328283871 121.156045352711 115.304575303022 110.634880402509 107.131619229036 105.051453253802 104.783985081841 106.018109377693 108.78307353749 111.825855030733 115.911509121166 120.868624406702 125.531823999742 128.977393430822 131.401373807122 132.293064790613 130.94022324506 127.99709667879 123.771074519438 119.118667041554 114.530953912174 110.217481725356 106.412008902606 103.521065207089 101.363856932696 101.481102129992 103.442747116089 105.997686778798 109.115172021529 111.537083289203 112.847428013297 112.865299841937 111.011821101694 107.647667800679 103.822014359867 100.016688963946 97.4364004696117 97.3893770330093 99.1215722140144 102.489155881545 107.131635329303 112.624072860269 119.026845763711 125.106229754055 128.725645570194 131.003260780783 131.664505621966
160.83864660824 159.244521309348 156.269871319042 151.890119440415 146.130251211279 139.809546582839 132.673785882838 126.588277031394 120.367154682384 114.80670710171 110.154424555161 107.064763013054 105.253465259776 105.623360746047 107.127062741448 109.600965107189 113.922076056985 119.196468241075 124.797280928668 129.74877761392 133.048079883351 135.043393303366 135.310741985545 133.504889319925 129.374301798203 123.306884653428 116.484175850363 110.1155054429 104.292801913093 99.4856808606316 95.8466878217809 93.2445918812471 93.1691170019262 95.2125122967888 98.7032389079823 102.499038527994 105.78812714184 108.387344388401 109.077805028242 107.488869218265 103.946582738091 99.2187386961544 95.3119718888227 92.4432144445531 91.7083090894363 92.6269453834085 95.6788739316604 100.30646834654 106.206251481 112.343001001021 118.829186046825 124.387576215407 128.053087080226 129.743577368119
153.041914771585 152.197447832893 150.585691003238 147.712494737962 143.379414614509 137.853013543522 131.690662327935 125.238742267384 119.448617879082 115.011378176072 111.036440512713 108.17418906268 106.662940305822 107.020382544574 108.785591574276 112.419477574966 117.713331446928 123.860739651848 130.184230355655 135.491953008315 138.668626560884 140.056151558371 139.108355241663 135.797135184793 129.782707887537 121.708881602568 112.690687516156 104.350987378289 97.2210848191205 91.4348711125991 87.6558448006125 85.1407904905431 85.2014151741477 87.1804099643932 90.6570397685556 95.1683964589063 100.087825158063 103.900818390005 105.325834134046 103.555497281692 99.7085350120769 94.9931434743545 90.740279786727 87.5486104067634 86.611656553605 87.1058975388022 89.4281884642208 94.1348760268267 100.174047666437 107.23713165171 113.873955446131 119.926487529979 124.485383188023 127.783543769051
145.323350345387 145.147058262545 144.328123092651 142.60805533914 139.745097440832 135.213061500998 130.26421288883 124.919962546405 119.878232563243 115.850811060737 112.358690486235 109.958037264207 108.828787523157 109.86448652604 112.680067791658 116.936880111694 122.69203118717 129.087510726031 135.777150883394 141.621834025663 144.93559848561 145.500320546767 142.735199872185 137.073584837072 128.945435692282 118.646016064812 107.688235226799 97.8949745402617 89.4265405991498 82.7833045510685 78.8852394889383 76.7582403070786 77.2921070211074 79.7604544302996 83.9603771181668 89.5697822430555 95.2286368117613 99.3975824047537 100.703416585922 99.6524051357718 96.2974587608786 91.742107741973 87.1203952817356 83.8315310337964 82.4821413264555 82.7072703978595 84.8714530327741 89.2997038224164 95.6506554379183 102.862227636225 109.971943097956 115.791232207242 120.744720374837 124.24282190379
137.581822788014 138.184759813197 138.082539895002 137.424147886388 135.272208550397 132.01164632685 128.297120543087 124.206156394061 120.435976084541 117.262126978706 114.689835548401 112.657932225396 112.148644503425 113.257201194763 116.201009806465 120.689662372365 126.86468741473 133.990973416497 140.591792835909 146.10288328283 149.236491595998 148.74637929131 144.448354496675 136.403637942146 125.97052899529 113.528700660257 101.176029878504 90.230385387645 81.5421579024371 74.772281702827 70.5977374245139 68.5710042785196 69.4712052625768 72.4980333272149 77.4301658798666 83.8355339134441 89.7351611361784 94.7802031601177 97.4773276413188 97.2014829551472 94.2686168866999 89.3869949228623 84.123248759438 80.4834834126865 78.5872826716479 78.4171606372385 80.3259049583884 84.6871243364671 90.8910297505996 98.3030461002799 105.959702281391 112.933399943744 118.990692278918 123.262914755765
129.642284505508 130.784069341772 131.290569024927 131.210214670967 130.161632145152 128.030846203075 125.549480606528 122.917554013869 120.412957135369 118.070601856007 116.158430267783 114.678833288305 114.237103125628 115.584828825558 118.697568051955 123.374755017898 129.542448492611 136.719800275915 143.038376752068 147.82031474394 150.375822179458 148.847166622386 142.875857184915 132.874101863188 119.954270531149 106.399621402516 93.0504663130816 81.7163576238296 73.0347486383775 66.6665395848891 62.6548167396994 61.1006203819724 62.1727671903722 65.6693485344157 71.0462394041174 78.1217832705554 85.3729952924392 91.3888878121096 94.4506563439089 94.0704371368184 90.6948911722969 85.8177100770614 80.4559202755199 76.4020144097945 74.1765807937173 73.686783580219 75.3601429462433 79.5553482420304 85.5149119040545 92.884544358534 101.107547465493 108.996089823106 115.799786497565 121.71367986062
122.426300273222 123.81665392483 124.982551350313 125.531592256883 125.145373232224 124.113730767194 122.703215150272 120.877433328068 118.955278284409 117.331872042488 115.825071503134 114.444552253274 114.741645869087 116.138284402735 119.210687356837 123.978789105135 129.718329205233 136.692181643318 142.483566732968 146.295043833116 147.391861298505 144.371043822345 137.438925013823 125.761863147511 111.641305923462 97.1844630521886 84.1196297477273 72.6558546739466 64.2161172979018 58.5648290409761 54.7426165973439 53.7280743542839 55.3466134351843 59.262778857175 65.4959904446321 73.1474772481357 80.7925552480361 87.0187119175406 90.3289725780487 90.0693940274856 86.6296434682958 81.2717364535612 75.7636415958405 71.4729985349319 69.2694577469545 68.5656740805682 69.9685653938967 73.740901890923 79.3760570357828 86.7941401846269 95.3357460078071 104.097598945393 112.420876839582 119.314068471684
115.561793215135 117.55560689814 119.005575404448 120.312139230616 120.421689426198 120.111410982469 118.969890145695 117.534726591671 115.939341152416 114.746679754818 113.560064708485 112.796067518346 113.369545487797 114.827604293823 117.641334814184 121.609432332656 127.151572059183 133.34391375149 138.379976216485 140.90927584031 140.09010960074 135.572105463813 127.112296384924 115.250723614412 101.272908098557 86.9341351004208 74.2659794302548 63.7708750332103 55.6511859332814 50.5065323885749 47.3740844726562 47.3277974409216 49.4426975811229 53.9568070383633 60.5432554693783 68.2979837866391 75.9461050594554 82.0752554009943 85.3722590208054 85.1203123821932 81.85788360764 76.3836151852327 70.5805570798762 66.2693140366498 63.8588307044085 63.1624872123494 64.2856868014616 67.7292146121754 73.3251665620243 81.0277134109946 89.5439819167642 98.6791431062362 108.131028638167 116.514371984145
109.601288907668 111.857294699725 113.705879379721 114.777840053334 115.629710590138 115.450148077572 114.473843911115 112.869639621061 111.482218966765 110.691954556633 109.905525319717 109.664335306953 110.196766965529 111.421511537888 113.856885405148 117.37258608201 121.685500144958 126.565979508793 130.111151526956 131.210842413061 129.086212438696 123.144693935619 113.627422949847 102.145876996657 88.7457521662993 75.433261310353 63.9372547935037 54.663220798268 47.6205826927634 43.2325604663176 41.3075399398804 41.9168189273161 44.5114082448623 49.4469716128181 56.1774821561926 63.8442388282103 71.4533529842601 77.4476484200534 80.614733134999 80.3248083661584 76.8801468470517 71.4327420417 65.6900839875726 60.976867107784 58.6881590380388 58.1913332939148 59.3399660447065 62.4842689177569 68.0984016867245 75.5356845715467 83.9349096803104 93.8925625857185 103.815798843608 113.154921643874
105.326568771811 107.303505392636 108.903208676506 110.047573874978 110.615061872146 110.340408661786 109.198144015144 107.913417479571 106.597626405604 105.917045144474 105.126066207886 104.93169335758 105.40967503716 106.05341574725 108.159334014444 110.77274833006 113.791647742776 116.712844007155 118.927669132457 118.788826942444 115.475492814008 108.90493589289 99.1376134648043 87.6027030383839 75.3272323047414 63.6722422207103 53.9179802501903 46.2005868799546 40.7572320489322 37.4306817335241 36.0036981807036 37.3536219035878 40.5084776457618 45.8631864295286 52.7338672385496 60.5462905238656 68.1426583177903 74.0500482320786 77.0502536016352 76.5328497886658 73.0499515463324 67.6645525904263 61.9957435621935 57.2972302717321 54.5342485203462 53.8939834903268 55.0858939395231 58.3700863193063 63.7588526641621 71.0728354734533 79.9073029686423 90.1813110183267 100.704370498657 110.235191204969
101.976629145005 104.008664187263 105.55311870575 106.37798612258 106.209670291227 105.439798747792 104.350671936484 102.991723397199 101.533414167516 100.521897315979 99.5517449098475 98.6977498671588 98.8127000472125 99.2687425052418 100.586580556982 102.481202910928 104.158326597775 105.577180077048 106.075062695672 104.677374783684 100.748608533074 93.9026972826789 84.4784539166619 73.9994117512422 63.1814068625955 53.1906323713415 45.1174127354341 38.9678311067469 35.0057815383462 32.5044808668249 31.7165717517628 33.6169373848859 37.644442095476 43.2585594794329 50.2676896628212 58.1526735950919 65.7042351400151 71.5205860839171 74.3631771101671 73.7918192148209 70.2774298611809 65.0375060193679 59.504970704808 54.8051486576305 51.5919257612789 50.3157772877637 51.8555610881132 55.3671894494225 60.7783078586354 68.061271499185 77.1855370297151 87.6830307175131 98.4354398951811 107.965606969946
99.6634550655589 101.803773767808 103.222308495465 103.901682685403 103.716112080742 102.60988852557 101.13857757344 99.0541931601132 96.7737165899838 95.1223752638873 93.7014312744141 92.3993755789364 91.9959823384005 92.1513459261726 92.511040911955 93.4509548299453 93.9196779026705 93.7951092439539 92.6884126663208 90.218731880188 85.7477318819831 79.2427503922406 70.6284473643583 61.3670319949879 52.1922416126027 44.0318218679989 37.5999309595893 32.8670478708604 29.9894228542552 28.1197358860689 28.4932821918936 30.6700394995072 35.1032725923202 41.2999206290526 48.7637994569891 56.9292508854586 64.6635031559888 70.5496012813905 73.3217686835457 72.5846922958598 68.9203411410837 63.6594784259796 58.1456265028785 53.3120898919947 49.9456784865435 48.7534508144154 49.8813706285813 53.4577444300932 59.1913589309244 66.5441834505867 75.6024573270012 85.6377495597391 96.2618634841021 105.983773007112
99.0671816994162 101.061636980842 102.3239885218 102.856404584997 102.344266050002 100.91011131511 98.6744264714858 96.0086596432854 93.1423084034639 90.6125065298641 88.636523919947 86.793161055621 85.669472694397 85.2082116744098 84.6448833241182 84.594007211573 84.1085487814511 82.6963251899271 80.3190024319817 76.792028539321 71.9727742251228 65.7163203183342 58.1529141874874 50.3691286199233 42.8354194304522 36.3497257513158 31.4032208779279 27.883323543212 25.7712137558881 24.9233766583835 25.8512256285724 28.6088211536407 33.1860210895538 39.6153989118688 47.6636617043439 56.4236984743791 64.9662775502485 71.1958643618752 74.0179542934193 73.0624575194191 68.9872110731461 63.2569137040307 57.5668340150048 52.9375948064467 49.9923893704134 48.7569969682133 49.9796221676995 52.9135903470656 58.3463818325716 65.8733493019553 74.7107781802907 84.8398950240191 95.3488834605497 104.731088077321
99.6339729533476 101.680091184728 102.816925497616 102.877416498521 102.082753518048 100.22744066575 97.0068297105677 93.4347311468685 89.9771041870117 86.7158032866085 84.1736139690175 82.1448733385871 80.3627716513241 78.8602577658261 77.52202724008 76.7650322072646 75.5424170774572 73.2962938757504 70.0495220072129 65.8000948288861 60.5662469302907 54.5460118966944 47.7794098012588 41.2788328843958 35.1162321707782 30.0854103144477 26.3349267174216 23.9145355364856 22.4920596094692 22.5411062100354 24.0118605529561 27.2092625253341 32.185245107202 39.0251767635345 47.3087807192522 56.3370908709133 65.0149628625197 71.4467087352977 74.4582626258626 73.5158932068769 69.487031249439 63.8373470867381 58.0857143682592 53.5502465472502 50.7348084449768 49.598548412323 50.9960073863759 53.7749857341542 59.133389192469 66.5158189885757 75.4665448805865 85.2107534969554 95.0920539182775 103.412745307474
100.882584010853 102.56066681357 103.45383571176 103.035419688505 101.936172597549 99.6385085722979 96.0182095134959 91.7818979375503 87.8661615988787 84.0450072569006 80.953756051905 78.5790792072521 76.4652569714714 74.2626531264361 72.2178164089427 70.4664781233844 68.812111489913 66.0351877773509 62.2150797563441 57.4439547763151 51.9380721765406 45.7730457642499 39.7673711496241 34.0559506977306 29.25672825645 25.3978108939003 22.6736547105453 21.0555761982413 20.3085303867564 20.9013229959151 22.8755425845875 26.4530306283165 31.9136321684893 39.2903744753669 48.3189516979105 58.3136164791444 67.7572967164657 74.7065470779643 77.7230442131267 76.5710427059847 72.2048943463494 66.4003002643585 60.5553352412056 55.7781293251935 52.8733826244579 51.7366655013141 52.9458460527308 55.8197684007532 60.9959167031681 68.0911882063922 76.4762206358068 85.5800360511331 94.1655458562514 100.922851674697
102.282066233018 103.235850109774 103.725402551539 103.595796304591 102.017873764038 98.9477926142075 94.9382796568029 90.6122390242184 86.337627102347 82.4743718259475 79.1030541868771 76.2857966423035 73.7174431856941 71.5020890235901 69.3397248212029 66.9309850580552 64.1449994199416 60.9056503632489 56.8390985096202 51.7321814929738 45.8159133125754 39.7607270970064 34.292553060195 29.4373460797703 25.4061586015365 22.3115149806528 20.199407044579 18.8952803471509 18.9344458720263 19.9045175804811 22.4110042487874 26.4736623904284 32.3318772035487 40.2844325233908 49.96159899936 60.5592748417574 70.5248892587774 77.9037711760577 81.2764278580161 80.2692080105052 75.8897061347961 69.9784863976871 64.1733227056615 59.1267276932211 55.9204885538887 54.8543376361623 55.7601045159733 58.4907318564022 63.3709988313563 69.9464009228875 77.5746309616986 85.7270589716294 92.689686943503 97.0930629057043
103.304516848396 103.745911093319 103.683956202339 103.142696492812 101.353897431317 98.0545312657076 93.9087992555955 89.7149495237014 85.5417426333708 81.8947361216826 78.6434791508843 75.5395151026109 72.6996393484228 70.0663743019104 68.091734605677 65.3668764899759 62.0855999553905 57.9660435564378 52.9885177612305 47.654045048882 41.9917614039253 36.3395148726071 31.1295492368586 26.5088332961587 22.9476184283986 20.2917722393485 18.4529682327719 17.8923542359296 18.3435243718764 19.8450290175045 22.6712063060087 27.1005276932436 33.3676869168001 41.6086800869773 51.7228062713847 62.6737557298997 72.9109385714811 80.6641822562498 84.3294848834767 83.7684416770935 80.0269535569584 74.8263654147877 68.6723943317638 63.5644909914802 60.1326143040377 59.0015362010283 59.1595917870017 61.427157570334 65.7132644092335 71.4618553834803 77.9809908025405 84.495516945334 89.6774468141444 92.0584749333999
104.204661116881 103.882675956277 102.90336934258 101.649772307452 99.7450577511507 96.5191136528464 92.6914945209728 89.0502261834986 85.286274545333 81.9942921189701 79.0499134624706 76.3238271544961 73.7689632527969 71.1692698703093 68.63561111338 65.8182436157675 62.3006682395935 57.7973019375521 52.420785483192 46.3998516868143 40.1368495716768 34.2686150915482 29.2224337774165 24.9115303544437 21.53214543006 19.2666357545292 18.0853013852063 17.8951101723839 18.6245105126325 20.505139505162 23.6595760794247 28.4292566215291 35.0156673263101 43.6155039562898 53.8167757426991 64.7709633462569 75.0286794269786 82.9668929015889 87.0093003441306 87.6571866203757 84.7789446325863 79.6228229859296 73.9193694170784 68.7581567764282 65.1668540730196 63.140040397644 63.299885413226 64.5737396128037 67.9246495190789 72.4916691499598 77.091251373291 81.5117298575009 84.4488101286047 84.7352508096134
104.422105901382 103.522114669575 101.801540935741 99.6491618436926 96.9394964330337 94.127855833839 91.0517035652609 87.9371197083417 84.7790238997516 82.1013186398674 79.8132325901705 77.6911066279692 75.862469813403 73.7722091674805 71.4517087655909 68.7345655946171 65.0259235886966 59.9293374173781 53.73728278104 47.0594857440275 40.2733559468213 34.0487827272976 28.8482743712033 24.8352224265828 21.7890024605919 19.8260378697339 18.8930780607111 18.7563945405624 19.7438716327443 21.9245965410681 25.4366271776312 30.5891977127861 37.4960924807717 46.3532067326938 56.6566823510563 67.4508199832019 77.3051163869746 84.9796868773068 89.7806954944835 90.8295247975518 88.7136233273674 84.4785042370067 79.4591500338386 74.7025313657873 70.7778145846199 67.9705577738145 67.7975766238044 68.23915644253 69.5173980488497 72.0820788215188 74.899954290951 76.979596306296 77.5726320603315 75.9491041968851
103.808086984298 102.010821622961 99.6668068941902 96.8234128110549 93.8754954618566 91.3590882525724 89.0512898669523 86.4044469104094 83.9407987594604 82.0144881360671 80.7488182572757 79.522892222685 78.5689418456134 77.4118032174952 75.5518919439877 73.1663844445172 69.2887126698214 63.7631265415865 57.0120002522188 49.7958396743326 42.4693629461176 35.8965388185838 30.5008150689742 26.4417003884035 23.5167720598333 21.4650721269495 20.4859023514916 20.6532609041999 21.677342618213 24.2397343551411 28.0117566866033 33.2632842274273 40.381934670841 49.2058300130508 59.3472082474652 69.8847971663755 79.559270101435 87.0938269671272 91.9607582372778 93.6646442974315 92.5104126649744 89.4790593876558 85.4174219019273 81.0793667961569 76.5057198019589 73.1256628036499 72.0154401554781 71.5569065879373 71.3795629389146 71.4787758097929 71.859359292423 71.6332510779886 70.0281428168802 66.8258715236888
101.489643433515 98.7847559592303 95.843608603758 92.7586458991556 90.2671642022974 88.1301974128274 86.1074608914992 84.4956990690792 82.8164295869715 82.0912956630482 81.591019153595 81.3353537110721 81.2915765537935 80.9878665699678 79.8089161199682 77.6993292640237 73.8945684432983 68.4808353255777 61.4583129321828 53.8133744912989 46.0851741398082 39.3203094426323 33.9483017360463 29.8496434969061 26.7357593844919 24.5280438871945 23.5071690222796 23.7782321116504 24.9703286745969 27.2308403604171 31.1292005496867 36.7454369979746 43.9153066733304 52.6356218983145 62.4272485901328 72.4029641431921 81.4816252484041 89.1819804415983 94.3775391298182 96.3943732205559 95.9469458636116 94.0965883030611 91.0786311205696 86.8129054798799 82.5626915763406 78.741574567907 75.7731222825892 74.0323292788337 72.5179570141961 70.2756643856273 68.5261254030115 66.3186320136575 62.9074219535379 58.3219520344454
97.6238574140212 94.2383325520684 91.05457833234 88.0708609188304 85.8392700027017 84.1452254968531 82.8627680329715 81.640890009263 81.0376839918249 81.4262432210586 81.8488531954148 82.4230805284837 83.2255563174977 83.6085458643296 83.1122541988597 81.4116549491882 78.3598911061006 73.1141807892743 66.1673424384173 58.4178656409768 50.8504821272457 44.1309127527125 38.8068721434649 34.5808900384342 31.2216027764713 28.7790742200964 27.9023422914393 28.1815795267329 29.4250560437932 31.8087192843942 35.0378522732679 40.3300927316441 48.0069661491057 56.5705956150504 65.8551963076872 75.1118686900419 83.3989805333755 90.6796494932736 95.837604971493 98.4223020777983 98.9639495400821 97.8855680577895 95.2420924130608 92.069704953362 88.053009930779 83.9307271172019 79.6641783433802 76.4607867633595 73.7900315453024 70.0705851386575 65.8516516404993 61.8377624399522 56.7818451488719 51.39345331753
