PREC/medie_oi/CUMULATA_MEDIA_09.asc
NCOLS 177 
NROWS 174 
XLLCORNER 1436301.375 
YLLCORNER 4916704.5 
CELLSIZE 1500 
NODATA_value -9999 
[rows 96 to 119 of 174, columns 54 to 107 of 177]
69.5896308281842 68.0890808946946 66.7858334709616 65.5816876187044 64.4767292247099 63.4364210577572 62.1203637964585 60.9230986202464 59.8011493682861 58.9777814921211 57.880448846256 56.6809983113233 55.4617153195774 53.7264634861666 51.9684995623196 50.2196062452653 47.7114068199607 44.4572694021113 40.7530005258672 36.8827521520502 33.202246427536 29.9378378812005 27.1692256086013 24.96211680244 23.1930714214549 22.1188512830173 21.7732868334826 22.3815473668716 23.7176619978512 25.8152650244096 28.6990959784564 32.3081436157227 37.1323565875783 42.8381500664879 48.2129548227086 52.7776074058869 56.0879578169654 58.5390487278209 59.576858366237 59.2735022446688 58.2990799160565 56.5888160817763 54.9264907275929 52.6540605180404 50.4255049228668 48.5506096026477 46.5940976984361 44.6953065255109 43.1711061982548 41.4956824919757 39.2401838863597 36.6745870253619 33.5840185950784 29.9636455143199
63.7213449758642 62.0188344506656 60.8391077658709 59.9433457430671 59.0542542233187 58.1710382349351 57.2449457785662 56.8575888241039 56.6213914366329 56.5533093845143 56.2553385846755 55.8192564178916 55.0054430400624 53.4709440469742 52.749347357189 51.4171075961169 49.1837388697792 46.5265596754411 43.3948035240173 40.1316911753486 36.9080619531519 34.1390126733219 31.7108631695018 29.7354009011213 27.9930202259737 27.0949182650622 26.8472669264849 27.2933911575991 28.7228030597462 30.6231800528134 33.2959316057317 36.5371836073258 40.4505071640015 44.7724621155683 49.138573681607 52.4537745714188 54.5576426492018 56.199337180923 56.7580644523396 56.5413925156874 56.0825044197195 55.30343486281 54.1193769118365 52.6474367169773 51.5331200711867 49.7791607800652 47.8846387302174 45.8163579211516 43.9744547114653 41.5025677961462 38.726207929499 35.4619989956126 31.6685378130744 27.5579092362348
57.3730466786553 56.1138295426088 55.4638366699219 54.7253600008347 54.0201656397651 53.2890216743245 53.1536045495202 53.5454335773692 54.2574800042545 54.928825378418 55.3944901999305 55.3270371941959 54.6441868753994 54.0704459022073 53.3883670919082 52.2454994145562 50.512631893158 48.204624302247 45.6327514648438 43.115684930016 40.6538683666902 38.4311813466689 36.5605171428007 34.6832229389864 33.4544649965623 32.7698065533357 32.5049309870776 32.7513530955595 33.9450111950145 35.4979640315561 37.6514958914589 40.3455072150511 43.210807169185 46.3383167631486 49.1474712876713 51.3781428266974 52.7850804399042 53.5423188910765 53.781161476584 53.5950692471336 53.3598851806977 53.113621578497 52.5711005856009 52.3813679919523 51.5782517545363 50.4322722519145 49.1451877986684 47.5282836801866 45.2171014897964 42.3510849055122 38.7722060540143 34.8378781150369 30.5017787147971 26.1388112516964
51.9554185446571 51.0682228733512 50.5096055479611 50.3514898103826 50.0496213436127 50.0850735972909 50.4827276959139 51.4645899604349 52.4678598992965 53.5170228761785 54.4066822248347 54.8823549186482 54.8755328234504 54.8524804255542 54.6295399806079 53.2743073631735 51.5422239864574 49.5117745118983 47.6997742091908 45.7604157223421 44.0327541126924 42.5558350506951 41.021172691794 39.9287575553445 39.137429265415 38.5112137654248 38.0599519084482 37.9047748762019 38.700849554118 39.6228106302374 40.9588738750009 42.7598386161468 44.5373859966502 46.5725494553061 48.2219958936467 49.2133132499807 49.853878736496 50.4751363782322 50.4794852312873 50.218706888311 50.1514482217677 50.5378847683177 50.3970442519468 50.906946070054 50.8934989817002 50.7799967176774 50.2531669139862 49.1753532746259 46.9792302496293 43.7359266842113 39.8098916165969 35.11990813648 30.1269748912138 25.441020488739
47.4274114019731 47.281596029506 47.1264902142917 47.0643508714788 47.2805756260367 47.9009421713212 49.0347716247334 50.2210226900437 51.4461563615238 52.6634307468639 53.9708784047295 55.2277792622061 55.677335879382 55.8565550832187 55.4657957974602 54.4870146302616 52.7122522241929 51.1409707910874 49.6286675509285 48.0294454237994 46.9607307209688 45.8466746947345 45.1718477361342 44.5868958024418 44.0497877738055 43.3774844618405 42.6227003686568 41.9795308253344 41.9250479796354 42.239004387575 42.6188866390901 43.4078056391548 44.2394848290612 45.2156925271539 45.9573209215613 46.3789690943325 46.5426270681269 46.3650124073029 46.6386498142691 46.6595332201789 47.0654171494877 47.4929456430323 48.1810236958896 49.0562263236326 49.7567270222832 50.4664064575644 50.7725939610425 50.2306426272673 48.2675837488735 44.9416056661045 40.7301932503195 35.6572132952073 30.3988907196943 25.3949870221755
44.6032822833342 44.8040227609522 45.1394417566412 45.4980686552384 45.9818482258741 46.9111105273752 48.0216657414156 49.4376110679963 50.9430608609143 52.9090621471405 54.7639953108395 55.9550960905412 56.8584600336411 56.9893435309915 56.4330190490274 55.4786150595721 54.1994196106406 52.5748174330767 51.4825305377736 50.3648200876573 49.0860735949348 48.5624876583324 48.3257708829992 48.0271753703847 47.5520616699668 46.669990455403 45.4878114812514 44.2009984184714 43.2397606092341 42.8716066935483 42.3715355817009 42.2203881039339 42.2747767813065 42.3991040061502 42.6134592154447 42.9865439429003 42.9785070068696 42.7251308104571 42.763225941097 43.1365496691536 43.5060679421705 44.0859250952216 45.5446887016296 46.9060153400197 48.0942947163301 49.2848064759198 50.1006531014162 49.8823941034429 48.2354706175187 45.4891546053045 41.3572201448328 36.2739653447095 30.9378950315363 25.9565723363091
42.9683645192315 43.6742046650718 44.4738337432637 45.113506120794 45.6700055879705 46.8066923197578 48.1052853219649 49.7820036130793 51.7702005190008 53.7242245533887 55.9440714611727 57.3264389458825 58.1127491277807 58.315800891203 57.7575866474825 56.8190596804899 55.6347453734454 53.8186072181253 52.7339265486773 51.7633634455064 51.0335786482867 50.4825573528514 50.2298742182115 49.8921688023735 49.1621106652653 47.9761224634507 46.3016565968009 44.4110762091244 42.5905307040495 41.4671010620454 40.3532942884109 39.5240527110941 39.0610621185864 38.6867359666263 38.8845711876364 39.2563794570811 39.4527311886058 39.6117431977216 39.675802434192 40.0366674451267 40.6531922536738 41.3096638427061 42.7290002037497 44.2577878587386 45.8496176775764 47.3671662386726 48.3614520465626 48.7054593002095 47.6270216913784 45.2011582570917 41.2662230098949 36.4604904932134 31.4202306270599 26.6862474189085
42.2452320070828 43.6388417412253 44.7492674939773 45.6865588496713 46.4517393532921 47.6844517763923 48.9939496236689 50.8685428675483 53.0034069734461 55.2263159190907 57.2682644479415 58.8051284060759 59.5474228578455 59.5342649852528 58.9960251134985 58.0148868560791 57.0241667242611 55.5287721858305 54.3111288968255 53.3685007095337 52.7195137809305 51.7297488941866 50.8430795669556 50.0711187474868 48.9399854996625 47.2556729597204 45.1779400320614 42.8396201273974 40.4938721937292 38.7191473876729 37.2007417398341 36.0193921397714 35.2663684031543 34.8824593600105 35.231513373992 35.7904386310016 36.630832601996 37.1704918216257 37.7134508455501 38.2531392083449 38.7437262114357 39.2626075814752 40.7366611887427 42.0120662941652 43.5249059901518 44.8829578652101 46.1632141365724 46.6089829136344 45.7778124669019 43.6680564880371 40.2963964378133 36.101851645638 31.7299511993633 27.914028041503
42.6037975339329 44.1858489513397 45.4411693460801 46.4749200764824 47.2945476139293 48.6886809292962 50.1243036634782 52.0855087532717 54.4662038017722 56.8319747027229 58.9581655053531 60.7537367764641 61.3772666033577 61.3738557030173 61.0363657053779 60.3094253540039 59.1114964765661 57.6472382264979 56.0069433100083 54.6833250382367 53.597383555244 52.3308426913093 50.6829072166892 49.0593647115371 47.3866979655098 45.2719016355627 42.8333668989294 40.1941656365114 37.5962989891277 35.3491368644378 33.6245598302168 32.4113408888088 31.5791614476372 31.490607605261 32.2579861107995 33.3369246510898 34.3763923013911 35.3755524509093 36.2816530886818 36.9336231175591 37.6338224270765 38.4870204645045 39.6503083144917 40.7014558175031 41.6190835868611 42.7635606597452 43.6365117325502 43.7539385346805 42.9598374226514 41.2056104996625 38.5846346125883 35.4327187958886 32.4642786839429 29.4058837119271
43.1911513244405 44.7792007923126 46.1007628020118 47.0018035243539 47.9606398273917 49.3927313580232 50.9251515304341 52.9382023110109 55.5437605381012 57.9585702419281 60.2789129649892 62.1997508441701 63.17835521698 63.3501330263474 63.0417230830473 62.3026625689338 61.0897514679853 59.3725506277645 57.6750809725593 55.9911442363963 54.2810475405525 52.0418549705954 50.0198199889239 48.009417814367 45.5530444033006 42.9359174616197 40.160947673461 37.3244913886575 34.6439096366658 32.2372612392201 30.3375958625008 29.173586621004 28.5581011211171 29.1021347677006 29.988480385612 31.2481755438973 32.7287551374996 34.2243711247164 35.4868557312909 36.4118920634775 37.1981377461377 38.1027017340941 39.121888329001 39.9850373688866 40.6649047486922 41.02406001091 41.0962673495798 40.8608316814198 39.953322985593 38.5624063716215 36.6758224683649 34.9110170532675 32.8441591823802 30.7216880672118
44.0244489978341 45.5525156469906 46.4958376042983 47.2805344918195 48.0215938932755 49.4857005792506 51.1901818443747 53.3670953582315 56.0972329308005 58.4950735148262 61.0674384061028 63.2301961393917 64.4614700990565 65.2065187061534 64.751823200899 64.0141560049618 62.7387817046222 60.5606048808378 58.8047852235682 56.9034800809972 54.7240653879502 52.0786631528069 49.2938942909241 46.7213774849387 43.7824181107914 40.9919556449441 38.0833921432495 35.1021658813252 32.1369034963496 29.6905916438383 27.8445968698053 26.6365607556175 26.3125872612 27.1230897693073 28.1798857240116 29.8435149894041 31.823653235155 33.6667356771581 35.3504365472233 36.7757935944725 37.843546741149 38.6338296918308 39.3136929063236 39.8823403470656 39.9905918065239 39.8080723145429 39.0808909921085 38.2542851391961 37.1938036610098 36.1020490562215 35.054851139293 34.3328837506911 33.1977618582108 32.2283168680528
45.223426510306 46.0851571700152 46.4841308313258 46.9665050646838 47.4457519334905 48.5240272774416 50.7901508106905 53.2355578085955 56.0280883732964 58.4816550367019 61.3000949130339 63.7204984777114 65.3995389657862 66.1846700556138 65.9499861773323 65.0380265011507 63.7317102656645 61.5816742392147 59.5188987675835 57.4437486704658 54.9578082701739 51.8123269081116 48.90451372371 45.849597902859 42.7752164111418 39.6030381988077 36.5217579953811 33.4857890044942 30.5924076192519 27.9285067389993 26.1331133912591 25.0702652650721 25.1674119163962 25.8664356820724 27.153890988406 29.0594638375675 31.4227670220768 33.8279764512006 36.0836736875422 37.9891560077667 39.291920002769 40.0396657691282 40.2705942602719 40.323111001183 39.9196805673487 39.0478060666253 37.7621700903949 36.3530438086566 35.0796260132509 34.1516244551715 33.8983717104968 33.7349980859195 33.679157593671 33.86284439704
46.3867179365719 46.4787836916306 46.2403463335598 46.2049755208633 46.3842106145971 47.2814464428846 49.3866828329423 52.0670755190008 54.8499950801625 57.6109211164362 60.7736259348252 63.3554971358355 65.2215378424701 66.1427997701308 65.9750247001648 65.0410376156078 63.5133784518522 61.9538762429181 59.9386816305273 57.6775319997002 54.7423777019276 51.6478264191571 48.6625302539152 45.5213023354025 42.3648751483244 39.069242253023 35.8435713263119 32.6599908576292 29.7453389728771 27.143709266887 25.2371650793973 24.4101399884504 24.6587311450173 25.4281147367814 26.9360752456328 29.1438342262717 31.8288511388442 34.7345894645242 37.5220840818742 39.707994334838 41.1690672706155 41.953740456525 41.9467268270605 41.3593895856072 40.3681017370785 38.9866485034718 37.2587427251479 35.2873205577626 33.8872651773341 32.8975447907167 33.0260433449465 33.3968314984266 34.1851760429495 35.2267090853523
47.637570886051 46.6595725452199 45.6673851293676 45.0057115835302 44.7656898077797 45.3638210016138 47.0597354103537 49.7217394744649 52.3080770127914 55.7397218872519 58.8400000684402 61.6991197922651 63.78216269437 64.8956734713386 65.0633505091948 64.0499224101796 63.1889315492967 61.5518642874325 59.748692035675 57.4175145205329 54.5916414821849 51.5215595189263 48.7451401598313 45.796689229853 42.6504299500409 39.2756121018354 36.0936045085683 32.7824678140528 29.7327865292044 27.2639803605921 25.3159533388474 24.5430544614792 24.8278867707533 25.7590345074149 27.4162540225422 29.9053974151611 32.8669377915999 36.169844753602 39.2997421797584 41.9113885655123 43.6425443817587 44.4988951402552 44.3545058755314 43.3358854967005 41.6991621746736 39.6928684290718 37.5980439186096 35.2134447378271 33.5714677922866 32.5511468719034 32.685881726882 33.2907095235937 34.5379066186793 36.4036888024386
48.1820118848015 46.6012448984034 44.5315159909865 43.1159329414368 42.4398567536298 42.7399670376497 43.9453347150017 45.8866474488202 48.6285969930537 52.3767095734091 55.7859444337733 58.5350674741408 60.7812173506793 61.9292863958022 62.5641320733463 62.3149436221403 61.5868494650897 60.3243761343114 58.8160187216366 56.5433746786679 54.2331893163569 51.812067676993 49.3279503794277 46.6210778040044 43.6625142658458 40.6091984580545 37.2365926013273 33.95199563924 30.7788358155419 28.2211180995492 26.3051891747643 25.5426495075226 25.7815062158248 26.7025673880297 28.4887222612605 31.0455332082861 34.2484498023987 37.7959835669574 41.223142119015 44.1206482718973 46.2447191406699 47.413348197937 47.4387680502499 46.4677853864782 44.4801408543306 41.9153545604033 39.0207709705128 36.1111732931698 34.0252412347233 32.86682249518 32.9730956133674 33.6703881656422 35.2000128241146 37.5045271060046
47.861916401807 45.3724040424123 42.8656416780808 40.53547446868 39.0467584694133 38.9314548408284 39.7812385979821 41.499520371942 44.164845087949 47.5865697860718 50.7955826030058 53.7126991889056 56.0626343558816 58.1406299927655 59.2222202805912 59.3792972704943 58.972970050924 57.9376991776859 57.0025998143589 55.6820611953735 53.7140508960275 51.8827390250038 50.145427311168 47.87590471436 45.6308694727281 42.5829435516806 39.3605231958277 35.9900203592637 32.7809115578147 30.0953625230228 28.0618203527787 27.1199246504728 27.183457627016 28.1464367614073 29.9297184523414 32.6236093745512 35.9989153637606 39.7364196637098 43.3595459881951 46.4290761386647 49.046408737407 50.7015612265643 51.0582011166741 50.1509039822747 48.0080910850974 45.0541511423448 41.5143876917222 38.3859633838429 35.8612953915315 34.0991220193751 34.0651467547697 34.7228879928589 36.0700092315674 38.1484549816917
45.8954529201283 42.546344055849 39.4276494418874 36.9576032021466 34.8307670424966 34.1663653009078 34.7727383164799 36.1777605449452 38.7747455063988 41.8421431429246 45.0063847934499 48.0929202051724 50.7895202496473 53.2472597290488 54.7871656978832 55.6563267567578 55.6803006424623 55.3172620885512 55.0018234112683 54.1216560812557 53.0582422929652 51.8627785374137 50.7422007953419 49.5854690635906 47.5229953457327 44.9942199622884 41.9741605590372 38.571217508877 35.3278221523061 32.4372295211343 30.2313898591434 29.1078431746539 28.9738007433274 30.0538788543028 31.8155778155607 34.442317051046 37.6705480743857 41.2864246368408 45.0270770016838 48.631050194011 51.9030883171979 53.9792631373686 54.841440817889 54.2806100845337 52.2153904858757 48.9963948305915 45.1172194761388 41.5528759675867 38.6441981371711 36.5309108846328 35.7701176475076 36.1719929891474 37.150850239922 38.7017056381001
42.9116698994356 38.9398781832527 35.2827952048358 32.4155724188861 30.2450040368473 29.1739415421205 29.2749323283925 30.5661319424124 32.8183383240419 35.5098284272587 38.5816703964682 41.8371731954462 44.8352809793809 47.3596558150123 49.6330431769876 51.1042935567744 51.8955778093899 52.0989168531754 52.2875140134026 52.024834282258 51.6768821127274 51.0337455833659 51.0133170801051 50.3443598186269 49.3284127992742 47.5637513889986 44.8747290442972 41.6213615361382 38.1548268514521 35.1050242676454 32.577239373151 31.26878397605 31.089894434985 32.0113244617687 33.5222003179438 35.9389730902279 38.9867539546069 42.511965639451 46.3006935119629 50.3770421533024 54.0413560025832 56.87253520068 58.4007203719195 58.2965752657722 56.4731637169333 53.2050316193525 49.4455457575181 45.5184003605562 42.1910908642937 39.778075947481 38.1802358627319 38.126980192521 38.4474293063669 39.1727590841406
38.6168516383452 34.3304401005016 30.5056086708518 27.6384147195255 25.5504274929271 24.1299660907072 23.8761322498322 24.9821758270264 26.7385378444896 29.1276256196639 32.0183987196754 35.2817161223468 38.3783922195435 41.1609916266273 43.4872837627635 45.8407148192911 47.0691282749176 47.7951604618746 48.409597677343 48.6430209664737 49.1407822580898 49.7929058355444 50.4173908654381 50.8970994388356 50.8113190707038 49.7465898008908 47.5313157193801 44.4118051248438 40.8451477780062 37.4069921269136 34.7776157575495 33.1248357856975 32.7689711626838 33.245073444703 34.7413048042971 36.9468947017894 39.7975088147556 43.2079741954803 47.0594817049363 51.3773291812224 55.4381579791798 58.9296236599193 61.2089820188635 61.6404558069566 60.2756223117604 57.3596982394948 53.6748941084918 49.8794362124275 46.3718244889203 43.3773618585923 40.8240840014289 39.7997140603907 39.6414590723374 39.2897108021904
33.4574315127204 29.1427267579471 25.4170355235829 22.7402942040387 20.8121161601123 19.3621129989624 19.1751130328459 19.8667416853063 21.2116290541256 23.2609976880691 25.8635968601002 28.8127642799826 31.8538585550645 34.6219926160925 37.3047928249135 39.4702719660366 41.1986135454739 42.5260581339107 43.6685865907108 44.7365129835465 46.1403835100286 47.6697292888866 49.1350535364712 50.5314761049607 51.3683820051305 51.0067063780392 49.2584886831396 46.3598292575163 42.6074098138248 38.9356584829443 36.0944683972527 34.2228024847367 33.5838723182678 33.8182612026439 34.8189918153426 37.0091377146104 39.8041895978591 43.0975924239439 47.0926864287432 51.3661580927232 55.7804854897892 59.7535050897037 62.7557495341581 63.7953897924984 63.0769959057079 60.785275851979 57.5154089647181 53.8985318015603 50.1666983436136 46.9188736186308 43.9605320481693 41.7407430200016 40.422806038576 39.215827885796
27.9011637743782 23.9984659868128 20.6118199965533 18.1116185609032 16.4889221892637 15.2032139722039 15.0401845258825 15.4872982782476 16.5013659280889 18.1715380163754 20.2719649286831 22.803756573621 25.3582165521734 28.1409680001876 30.7706685977824 32.9964527452693 34.9790660914253 36.5290299303391 38.0722008943558 39.995456905926 42.3014381352593 44.4841467492721 46.6157308887033 48.7490119934082 50.3892490162569 50.8021137854632 49.5745615959167 46.7275449528414 42.8836765008814 39.0654576806461 36.0239589635064 33.9777237106772 32.9754045710844 32.9751555779401 33.8071698300979 35.6948940894183 38.3680397482479 41.5073878905352 45.782773438622 50.00981389775 54.4524417484508 58.6835400917951 62.1189122200012 64.0744235655841 63.9493316201603 62.2702361275168 59.7626020768109 56.4298964668723 53.1259731965906 49.6776508443496 46.4479317945593 43.6017060560339 40.8776068827685 38.3500943744884
22.5690319117378 19.2565964250004 16.3827350279864 14.2854633331299 12.8952714415158 11.8426607917337 11.6869713418624 11.8661435281529 12.6053896721672 13.8613375916201 15.557221644065 17.4193794727325 19.6848016907187 22.0830401182175 24.3759465077344 26.5051193938536 28.5624828548992 30.4287956953049 32.3034770769231 34.5341683135313 37.3324708237367 40.0225137822768 42.6901998660144 45.6689680183635 47.9241242689245 48.8113464187173 47.8035016901353 45.094475998598 41.4328157481025 37.4846141198102 34.2962872561287 32.0363936284009 30.7555176089792 30.6799014596378 31.3395357692943 32.9945045218748 35.607643772574 38.8764288565692 42.736444978153 46.9900420132805 51.6563558858984 56.0182261747472 59.6983126472024 61.927116057452 62.2221486147712 61.3316267237944 59.4542560016408 56.8174945606905 54.0947202233707 51.0747854569379 47.6819308224846 44.2814267382902 40.8741607525769 37.0605072414174
17.9141605321099 15.2292371637681 12.9263556284063 11.2165315571953 10.0802959133597 9.21823825555689 9.03702536751242 9.1026485527263 9.63140339711133 10.4907472344006 11.6854902295505 13.1247263936435 14.9230488468619 16.8542981428259 18.7230274887646 20.4973920303233 22.4554503595128 24.3453832724515 26.4222621707355 28.9996238526176 31.7117619794958 34.8897445061628 38.0719286834492 41.4426358587602 43.9816163287443 45.0643022481133 44.1659618265489 41.7138129683102 38.0866777756635 34.1111791274127 30.9105587005615 28.696445941925 27.2202294013079 27.0877040975234 27.6044309419744 29.1884159340578 31.5079692251542 34.7220459264867 38.5767780191758 42.8802099227905 47.2563713859109 51.5149520705728 55.0666596188265 57.3399511225083 57.8531995380626 57.7084254096536 56.4305277431712 54.5869574827306 52.4039425008437 49.9860465666827 46.781922564787 43.1117124837988 39.2415054405437 34.8465350936441
14.1570930761449 12.0381127666025 10.240679137847 8.87415337562561 7.95721753905801 7.28527833433712 7.11892644096823 7.07359887571896 7.32786953449249 7.94084246719585 8.77786472965689 9.8691008161096 11.1793895679362 12.580214360181 14.004414880977 15.4320552839952 17.0461943780675 18.8270521514556 20.9445466714747 23.4330262857325 26.2698694607791 29.4130609947092 32.7791777218089 36.2185020026039 38.8778792549582 39.9994076280033 39.3305114998537 36.9262487888336 33.41521692276 29.5721162347233 26.5395201514749 24.3723162482767 22.9558324954089 22.5785564114066 23.0711712486604 24.4786497214261 26.5332153965445 29.5496494629804 33.3176508791306 37.2361680339364 41.4166887507719 45.3783705655266 48.6788022377912 50.765186141519 51.4369799950544 51.6834190032061 50.9966941721299 49.8371782302856 48.2027003344368 46.313245268429 43.3043500675875 39.7193966753343 35.6803723503562 31.1213703295764
