PREC/medie_oi/CUMULATA_MEDIA_08.asc
NCOLS 177 
NROWS 174 
XLLCORNER 1436301.375 
YLLCORNER 4916704.5 
CELLSIZE 1500 
NODATA_value -9999 
[rows 48 to 71 of 174, columns 54 to 107 of 177]
137.401520476622 132.884994464762 129.175357313717 127.28308540232 126.835237334756 127.214032902437 128.235351338106 129.731954125797 131.977964064654 134.713081135469 137.173031975241 140.347072825712 143.209337346694 145.00197466682 144.44515430226 143.347000795252 142.416647518382 141.048777860754 139.536082099466 137.853560055003 136.219167597154 134.7724943722 133.743765438304 132.333374921013 131.747710508459 131.471073599423 130.910093644086 130.458469054278 130.367328868193 130.646776535932 130.445757361019 130.296885883107 130.277029374067 130.624783796423 131.007567237405 131.38160907521 132.452059745789 133.606332105749 134.697571473963 136.379192240098 138.259454558877 140.576202729169 142.733755700728 144.389517924365 145.330958422493 144.884454586927 143.301545648014 140.411889384775 136.516965753892 132.984790044672 129.817653066972 126.796551087323 123.751494575949 120.807476268095
134.39357010056 130.014285143684 126.26047315317 124.462156099432 123.735916810877 123.954783383538 125.014855440925 126.910542768591 129.467381421257 132.897560007432 136.481924393598 141.047136194566 145.237122928395 148.384267919204 150.011828703039 150.709648805506 150.700232786291 150.201230441823 149.222296770881 148.034145355225 146.73771981632 145.343430238612 144.160461201387 143.323831446031 142.191920673146 141.840770609239 140.947367387659 139.559491438024 139.553148157456 138.818664999569 137.983404271743 136.838502322926 136.091130761539 136.088845982271 136.856440992916 137.473430465249 138.708247240852 140.291836850783 141.432884440703 142.789726201226 144.594507890589 146.418393583859 147.984795486226 148.920960510478 148.680873772677 147.535274968428 145.05612078835 141.719789028168 137.871530532837 134.437536239624 131.186661327586 128.351612820345 125.178297407487 122.352160453796
130.039223783156 126.261196585263 123.32195465705 121.862664587357 121.132061032688 121.291889976053 122.310274629032 124.052617634044 127.236602110021 131.190232108621 136.457774330588 141.643676757812 147.233278386733 152.040180430693 155.822958777933 158.342441334444 159.600654826445 159.985785764806 159.7606605081 158.96283677045 157.508532355813 155.93230303596 154.742268842809 153.675071940703 152.465913211598 151.578636169434 150.346935272217 148.273579204784 147.117862084333 145.82753422681 144.456903794233 143.231176208047 142.420428219964 142.286776206073 142.717995531419 143.365308537203 144.632318160113 146.154288628522 147.02690410614 148.22382551081 149.59906092812 150.81612887102 151.727704076206 151.749502630795 151.208058160894 149.302367925644 146.37931097255 142.92804870886 139.29101820553 135.569704308229 132.743210175458 130.429310069365 128.11531496048 125.576022793265
125.205825721516 122.230864258373 120.20011011292 119.108459416558 118.806349025053 119.166031276478 120.008152008057 121.610025237588 124.698609632604 129.417197003084 135.245131324319 141.724503348855 148.822430330164 155.82485333611 161.059780008653 165.223692389096 168.088992960313 169.494273578419 169.865598005407 169.192329967723 167.43816241096 165.411402085248 163.996719696943 162.184776081758 160.762681343976 159.316724160138 157.877097298117 156.247698559481 154.126734453089 152.495571641361 150.8355624816 149.535375819487 148.953140146592 148.404875923606 148.456182760351 149.194206826827 150.268309733447 151.599713493796 152.579633207882 152.86283047059 153.320213542265 153.951472590951 154.238663477056 153.684023099787 152.203248500824 150.317854250179 147.60386354783 144.494945287704 141.317296827541 138.355995963602 136.070124682258 133.875895920922 132.135068500743 129.709342030918
120.376394278863 118.20372624257 116.796995920293 116.357690853231 116.148153837989 116.574330301846 117.476771859562 119.248851271237 122.383941089406 127.579364103429 134.040384573095 140.84369356492 149.813682443955 158.610624201158 165.890261930578 171.729851105634 175.482825335334 177.762659858255 178.561567306519 177.786639830645 175.78137476304 172.661743444555 170.303630211774 168.264990582186 166.430889522328 164.989249397727 163.554982185364 162.061683318194 160.079457900103 158.055780522964 156.4894583085 155.435114187353 154.997556574204 154.502380230848 154.272715372198 154.504312234766 155.24157630696 156.493423518013 157.01410778831 156.623352667865 156.083323955536 156.000037950628 155.165899753571 153.458704920376 151.877986346974 150.123252265594 148.074332082973 145.827766516629 143.615433468538 141.824740886688 139.996391576879 137.879618195926 136.551097421085 134.027496169595
115.841975660885 114.417920470238 113.576090139501 113.420092891244 113.305123974295 113.431552129633 114.412396963905 116.322753709905 120.013712097617 125.119474411011 131.785311025732 139.890958842109 149.765878901762 159.777064603918 168.375728326685 175.723149916705 181.08813162411 183.590080429526 184.56921414768 183.405209429124 180.991210264318 177.533874623916 174.188150686376 171.691486134249 169.686688535354 168.165178916034 166.938608029309 165.661135589375 163.852348664228 162.266374812407 161.222663206213 160.671854552101 160.402107042425 160.024792783401 159.466165149913 159.527498497682 159.720583214479 160.06302171595 159.98976132449 158.923647529939 157.8608444859 156.570266330943 154.875456291087 152.803623213488 151.104622335995 149.726283003302 148.28404305963 146.765439440222 145.551174023572 144.749093588661 143.778892825632 142.376654063954 140.688429720262 138.041434568517
112.245507233283 111.445664742414 110.744725115159 110.488043196061 110.211095319075 110.081075093325 110.979714575936 113.529744989732 117.39377857657 122.718045823714 129.315905318541 138.489476961248 148.603716064902 159.2778264775 168.770332729115 176.918929885415 183.472991999458 187.047437050763 187.333662369672 186.441344766056 182.990098953247 178.450314185199 174.609800450942 171.46390654059 169.346168546116 168.081895800198 167.110144222484 166.34197622187 165.414394911598 164.951983143302 164.407408602097 163.85252346712 164.014836058897 163.909524412716 163.584518460666 163.222962772145 162.715427426731 162.221250001122 161.521803112591 160.108226551729 158.491202873342 156.666161579244 154.566776191487 152.413006978876 150.610334620756 149.182153813979 148.083649929832 146.771441641976 146.832362413406 146.981017112732 146.353351971682 145.322880099801 143.214491675882 140.384564890581
109.919959895751 109.355421676355 108.775488685159 108.219765789369 107.490592858371 107.568334649591 109.083072522107 111.528436226003 115.326912375057 120.633439260371 127.676077982959 136.671420770533 146.427585517659 157.007259032306 166.859056697172 175.236496392418 182.055716963375 185.957062412711 187.045860767365 185.427184553707 181.391582068275 176.07984492358 171.622089890873 168.497260009541 166.248979035546 165.238602862639 164.609626966364 164.443605086383 165.440472658943 165.14611193713 165.259301802691 165.523319468779 166.266817008748 166.465324457954 166.138991566265 165.506721272188 164.843110266854 163.698498543571 162.297144118477 159.94162755854 158.257445026846 156.373557132833 153.879136618446 151.529604252647 149.276887066224 148.003113564323 146.738333603915 146.189398989958 146.83635654169 147.17758713049 147.100044937695 146.046852069743 143.533461991478 140.735895128811
108.673307159368 108.567592186086 108.107152377858 107.261581708403 106.594191852738 106.576306918088 107.696627013824 109.977149192025 113.610303626341 118.763066165587 125.918090666042 134.543514055364 143.822200073915 153.242261339636 162.665180711185 170.545488525839 177.074451208115 181.289707296035 182.637830678154 181.229909097447 176.75030244098 171.603204166188 167.328230493209 164.046306329615 161.598180490382 160.571886174819 160.257255876766 161.172954475178 162.848727212233 163.581443702473 164.49817570518 165.657633262522 167.06971914628 167.699773984797 167.328687878216 166.676790153279 165.67388643938 164.30505939091 161.855304002762 159.655331078698 157.637861868914 155.315605163574 152.707720742506 150.019227308386 147.711236799465 146.048255696016 144.954255370533 145.283722022 145.926708684248 146.194124572417 145.817137213314 144.734671410392 142.118433517568 139.433045527514
108.57011968248 109.151668422362 108.571699268678 107.949223911061 107.172585971215 107.069625111187 107.981953775181 110.298438324648 113.089215096305 118.184402395697 124.63074019376 132.139323711395 140.478913685855 148.725763391046 157.042551868102 164.695237720714 170.533879223992 174.520264835919 176.341333683799 174.30116297217 170.758778137319 166.018243677476 161.873119690839 158.602972311132 156.217827670714 155.061667274026 155.418327794355 156.680470115998 158.623827261083 160.83451386059 162.455579701592 164.541602653616 166.460414044997 167.475430095897 167.458601713181 166.777860094519 165.410517412073 163.247660861296 160.979053988176 158.859575650271 156.682014072643 154.112989481758 151.382333250607 148.313149732702 145.513045198777 144.209386993857 143.464110851288 143.413859900306 143.821677067701 144.283315602471 143.50487000802 142.036295105429 139.201837693944 135.843984463636
110.883622653344 111.216296364279 110.824423656744 109.985885444809 109.021195411682 108.521649094189 109.476306957357 111.426033104167 114.243169237586 118.411028202842 123.826963088092 130.005377250559 137.406996867236 144.441645720426 151.489722897025 158.154111623764 163.321131636115 167.517329005634 168.756858285736 167.162076858913 164.353853562299 160.270681142807 156.029248931829 153.1319983847 151.29507476442 150.602920995039 150.485424841152 151.410655386308 153.525981145747 156.00208140822 158.916291559444 161.965124677209 164.403904802659 165.851977684919 166.199368434794 165.204482316971 163.568014635759 161.461712192087 159.639810660306 157.527198230519 155.346975691178 152.886514607598 149.540140825159 145.852932901943 143.603913615732 142.34069108963 141.695060112897 141.522034785327 141.420866657706 141.814553990084 140.757450664745 138.862460949842 135.762812530293 131.718450672486
114.588116330259 115.459133779301 115.375337846139 114.419902226504 113.331552000607 112.392614056082 112.93819642067 114.356288755641 116.388257433386 119.759192803327 123.803775934612 128.708434210104 134.791455402094 141.125773633228 147.000104055685 152.355437075391 156.887598177966 159.990219915614 161.238314754823 160.460561892566 158.256463057855 154.45837791527 151.135186812457 148.079811551992 146.554852766149 146.113408249967 145.810273584198 146.58549524756 148.694258816102 151.740660667419 154.635229068644 158.06288005324 160.790374405244 162.711685615427 163.155587883557 162.415404754526 161.103638242273 159.523676746032 157.864801855648 155.533694828258 153.308618826025 150.72566318512 146.833831282223 143.860989430371 141.451529390672 139.934296215282 139.167478729697 138.880435102126 138.947727399714 139.007839932161 137.797616173239 135.773204046137 132.212258451125 127.672437008689
119.557240331874 120.717928879401 120.869956002516 119.891973397311 118.334501322578 117.04257552764 116.696292863173 117.675317624036 118.87811088562 120.864409467753 123.911406748435 127.574273284744 132.56132840409 138.267836093903 143.375651962617 148.206417399294 151.902774530299 154.764310044401 155.790791679831 155.180153643384 153.219565125073 149.942270727719 146.754266823039 144.035586560474 142.399494472672 141.445877601119 141.56357395649 142.632637458689 144.458264645408 147.73619204409 150.672661276425 154.062768473345 157.041935864617 159.007799358929 159.644074369879 159.151330611285 158.330255536472 157.118144343881 155.622621452107 153.315041149364 150.508491488064 147.760744094849 145.173397176406 142.095258937162 139.576474301955 137.850058331209 137.115085657905 136.672620324528 136.342705838821 136.097937976613 134.412477212794 132.274560451508 129.065818730523 123.87430824953
124.921628334943 126.813929669997 127.390020244262 126.001985690173 123.970633029938 122.113874126883 120.373855674968 120.24109285018 120.84222499062 121.857807397842 123.515079820857 126.657283130814 130.707441301907 135.95133283559 141.103261134204 144.892508773243 147.981021418291 150.134856097838 151.757796532968 151.320527546546 149.334192240939 146.698990345001 143.962867624619 141.359862215379 139.228881380137 137.923010734951 137.670516869601 138.223350805395 140.210746358423 143.093506153892 146.55158532367 150.139228035422 153.22262078173 155.259341408225 156.128206253052 156.219611153883 155.566699799369 154.480939360226 153.069145903868 150.748594873092 147.824861245997 145.491982011234 143.005109506495 140.29870409124 137.88542063096 136.366200054393 135.684231141034 135.176121206845 134.540028235492 133.713824720944 131.418584430919 129.327582359314 124.997921719271 119.445627324721
130.756098466761 132.306949138641 132.524204310249 130.843722680036 128.564334112055 126.270118264591 124.111703620237 122.607225277845 122.528902264202 122.822688116747 123.403445496279 125.519039062893 129.225928874577 133.466726071694 137.893207921701 141.544462519533 144.535663078813 147.086703097119 148.232980966568 148.188015853657 146.920657901203 144.760084096123 142.233825269867 139.973291923018 137.701485893306 135.941155826344 135.085954336559 135.462479524753 137.38527332334 139.658827746616 143.079927809098 146.880158242057 150.062847684411 152.129586991142 153.275375702802 153.577175981858 153.332492491778 152.214454959421 150.271887779236 147.940422731287 145.664905099308 142.974864398732 140.185172137092 137.777754727532 135.598442526425 134.335457970114 133.760919122135 133.786953982185 133.77081859813 132.327208799474 130.583171171301 127.090022872476 121.952364893521 115.275597684524
135.389805793762 137.357477356406 137.019131267772 134.936266674715 132.086140099694 129.022142129786 126.246678436504 123.998342976851 122.745813299628 122.225935080472 123.094914247008 124.724212800755 127.520675561007 131.318798296592 135.274843222955 137.965994582457 141.031213388723 143.641599851496 145.080628156662 145.736474864623 145.283566986813 143.631266727167 141.839764454786 139.775382911458 137.377175534473 135.2182166927 133.709870348958 133.275084660334 133.694839575711 136.429152096019 139.998675795162 143.288086919224 146.602578036925 148.651018437217 149.707981123644 149.773084219764 148.38338916442 147.554449950947 145.89665555954 144.303534676047 142.156323432922 140.080147911521 137.823573280783 135.591990975773 133.822309157428 133.144967471852 132.860220516429 133.143003127154 132.711171879488 131.587937859928 129.572222653557 126.07244794509 120.429067050709 113.344718820908
140.145835455726 141.184410039116 140.130684880649 137.61927837484 134.083500665777 130.446885193095 127.107557549196 124.241136130165 122.237946692635 121.869886510512 122.70231610186 123.59965085282 125.847259009586 128.590236278141 131.996762261671 135.45394124003 138.511958241463 141.331414902911 142.944181947147 143.756245024064 143.838221003028 143.281247384408 141.82264215806 139.979631700936 137.597749036901 134.721651838106 132.4947614214 131.209343535059 132.161832963719 134.065142855925 136.860490700778 139.800334467607 141.973535243203 143.452604069429 144.097200618071 144.219960100511 143.176958560944 142.029272163616 140.763818432303 139.229458247914 137.92427926905 136.299241122077 134.687879786772 133.588222503662 132.790796616498 133.004958657657 133.294063343721 133.175723580753 132.70591062658 131.873893962187 129.747514612534 125.696081778582 120.429164998672 113.095858573914
143.375669254976 143.709279677447 141.992073563968 138.77870425056 134.732755773208 130.402071391835 126.575512212865 123.820714726168 121.351357067333 120.350020941566 120.976330434575 121.917873256347 123.866844541886 126.677360885284 130.026218526504 132.926876250435 136.044152428122 138.953613323324 140.75257320965 141.728764271035 142.004241950372 141.702709986883 140.876478615929 139.001737040632 136.157203467453 133.145879668348 130.878652053721 130.042175363092 130.509387556244 132.155569286907 134.231429773218 136.548631121131 138.594133012435 139.711996471181 139.87783705487 139.123160418342 137.707745804506 136.247040832744 134.80536589903 133.52082976173 132.459644093233 131.309517018935 130.438741796157 131.083495196174 131.522487864775 132.617067898021 132.664009543026 133.108237771427 133.031222848331 132.221715814927 130.23216269998 126.736310846665 121.151869773865 113.698129261241
144.857723460478 144.556181402767 142.166710460887 138.133144995745 133.498456393971 129.046334154466 125.27910973044 121.658588521621 119.440114301794 118.056591889438 118.02908839899 118.832332106198 120.843465917251 123.520259380341 126.550635849728 129.710643950631 132.113112498732 134.851282344145 137.160785443643 138.629063297721 139.651821178548 139.785330607611 139.0455018317 137.461650634513 134.926423721454 132.100886604365 129.423320524833 128.166130507694 127.942856031306 129.437359347063 131.708235558342 133.680920180152 135.3531535934 136.384107814116 135.620576564003 134.196910423391 132.181401729584 130.451928559472 128.848507095786 127.615720861098 127.055193283979 126.555218416102 126.519268709071 127.724846335018 129.426756466136 130.952502755558 132.905594320858 133.921563541188 134.101457259234 133.41431427002 131.934123095344 128.818555270924 123.272615825429 116.015748304479
144.363979115206 143.655755435719 140.569189688739 136.026235243853 131.005717838512 126.097902017481 122.308994798099 119.180505415973 116.755845967461 115.116745359757 115.103469343746 115.205628703622 116.351022509968 118.731361227877 121.561487359159 124.067713120404 126.743976003983 128.987105292432 131.372122442021 133.695133559844 135.406720049241 136.236021876335 136.214113943717 134.839279714753 132.578559342553 129.941473470015 127.300264344496 125.485547360252 125.050176985124 126.140625 128.098757379195 129.842719498803 131.308491300134 131.117553879233 130.666455437155 129.349965993096 127.555981383604 125.571541617898 124.013588849236 123.009893305161 122.582040562349 122.200395471909 122.670780855067 124.41945513557 127.099620594698 130.195431204403 132.63019696404 134.237923790427 134.963504342472 135.132870618035 134.074541877298 131.270816802979 126.296496110804 119.262171633103
141.48553758509 140.387349184822 137.232358259313 132.547855152803 127.335765502032 123.217933879179 119.265026485219 116.069146100213 113.8175016291 112.094571814818 111.438020173241 111.035164440379 111.591938663931 112.992635607719 115.215317627963 117.554462559083 120.14417792769 122.336427352008 124.850928474875 126.947053292218 129.815912330852 131.342700593612 132.531732180539 132.074651886435 130.112354769426 127.095980419832 124.420532871695 122.098656822653 121.223973610822 121.767308683956 122.93895352588 124.286013392841 125.144752825008 125.517792028539 125.047609413371 124.243846135981 123.009800840827 121.341777829563 119.952116068672 119.089553496417 118.476735395544 118.130722943474 118.947541068582 120.806505315444 123.833697823917 127.7453882554 131.03995626113 133.358433667351 135.057082007913 136.077059128705 135.743329440846 133.765662810382 129.071313801934 122.582134359023
137.622351814719 136.438494962804 133.060707877664 128.328182893641 123.420139761532 119.858158392065 116.211737015668 113.03274379057 110.57417566636 108.492932235493 107.101310337291 106.603201978347 106.420551776886 107.167174339294 108.521517725552 110.742412574151 113.071225762367 115.272159625502 117.897955459707 121.021565016578 123.504692975213 125.856401191038 127.431276966544 127.925403679118 126.730482999016 124.23421683031 121.249535322189 118.746405124664 117.46389094521 116.981611181708 117.334324345869 118.22203282749 119.083666072172 119.309351205826 119.192232763066 118.5426568424 117.616217697368 116.937510911156 116.290960536284 115.433371375589 114.788060861475 114.395485709695 115.117909487556 116.946043126723 119.644643895766 123.445887397317 127.182199141558 130.344961054185 133.223759370692 135.16605388417 135.531557195327 134.577877493466 131.059346591725 125.302088120404
133.397104038912 132.081967522116 129.012688692878 124.748047660379 120.250314936918 116.787356264451 113.256741748137 110.126577994403 107.470874954672 104.901091154884 102.588710644666 101.451625529458 100.95535623326 100.999443685307 102.17579460144 104.069498581045 106.504822604796 109.520265046288 112.098473689135 115.42112939498 118.33354287989 121.723666303298 124.352797367994 125.337741262773 124.926263276268 122.944503223195 120.294712150798 116.840206595028 114.119545249378 112.311348844977 111.225982834311 111.426025460748 111.640181387172 111.926908493042 112.26997996779 112.500991652994 112.699918017668 112.89558169421 112.64868553947 112.1552010424 111.308803782744 110.621995421017 110.759227752686 112.11847114563 114.117835549747 117.516277986414 121.491058125215 125.433378107408 129.189158046947 132.166479559506 133.853045856251 133.71829885595 131.573637064765 127.043102320503
129.246384340174 127.999551660874 125.587553136489 121.991120394538 117.75298129811 114.314658725963 110.633119078243 107.320907143986 104.294806901146 100.979436678045 98.2029461299672 96.0265155539793 95.1931903362274 95.275540786631 96.1778335711535 98.3255801341113 101.059668456807 104.120577363407 107.133582676158 110.996186144212 115.148421792423 119.143856721766 122.35409823586 124.225253021016 124.402036498575 122.860212830936 119.593411529765 115.352106767542 111.279382873984 107.801977017347 105.530588234172 104.693359823788 104.280969353283 104.546766996384 105.330653990016 106.731037378311 108.098031015957 109.042245135588 109.191713809967 108.158677998711 107.183585671818 106.521891257342 105.803966466118 106.342892478494 107.870144339169 110.790429395788 114.71419727101 119.072693432079 123.614088058472 127.597920025096 130.146263627445 131.340189316693 130.352311190437 126.38886757458
