PREC/medie_oi/CUMULATA_MEDIA_06.asc
NCOLS 177 
NROWS 174 
XLLCORNER 1436301.375 
YLLCORNER 4916704.5 
CELLSIZE 1500 
NODATA_value -9999 
[rows 72 to 95 of 174, columns 54 to 107 of 177]
142.318730746999 142.396076426787 140.681687298943 137.687750984641 133.549550000359 129.336393131929 125.123144822962 120.904486487893 116.92618897382 112.91043623756 108.898532306447 105.098268480862 102.355239587672 100.203996574177 98.9764678057502 98.9300094492295 99.1975614603828 99.5452290142284 100.645100285025 102.344547496122 104.297397136688 106.268593171064 108.261792435366 109.666987531325 110.367679680095 110.599791162154 110.852094874663 110.814126435448 109.94781871403 108.533876937978 106.423927545547 104.640634270275 103.241670440225 101.891737348893 100.663568398532 99.7334520255818 99.0527911466711 98.008627835442 95.9735422414892 93.6204049166511 90.7003656836117 88.1593236362233 86.4404669368968 85.764399023617 86.5830816381118 88.882957907284 92.3544549381032 96.5284677393296 101.653070562026 106.509923598346 110.211777126088 113.236663986655 114.417938176323 113.438428233652
140.938313764684 141.357026268454 140.134877260994 136.849391825059 132.641258688534 128.158937790815 124.128232394948 119.828708087697 115.487219193402 110.953670557807 106.256802699145 101.671842014088 98.185769109165 95.8246955310597 94.5094848520615 94.8932490348816 95.3587819828707 96.1632905847886 97.7240492596346 100.350305501152 102.841040947858 105.008968858158 106.984505428987 108.305804252625 109.037044945885 109.03646662656 109.14442356895 108.253281817717 106.013145194334 102.786945104599 99.3049790859222 95.7613694387324 93.5647179799921 92.3876292425043 91.8514018479515 92.0456336947048 92.3928925850812 92.3709157214445 91.9435241082135 90.4500573102166 87.8751495024737 85.0309807272518 82.5081011267269 81.0778721641092 81.5133002786075 83.4992332458496 87.0303504046272 91.3056118348066 96.6982035356409 102.400863198673 106.854689822477 109.727086908677 110.46477763793 110.342120423036
136.727270462934 138.003302069271 137.246848947862 135.09081324409 131.55709771549 127.615217208862 123.492450601914 119.463524762322 114.539217668421 109.484041494482 104.435164367451 99.7355829968172 96.0310337403241 93.5272412580602 93.0518445127151 93.2508206087 93.6519209076376 95.2159332948573 97.6841163074269 100.54466679517 103.208647279178 105.544738937827 107.314262165743 108.45639778586 108.700341392966 108.076316216413 106.521585268133 104.010702974656 100.287392279681 95.685202851015 90.7475161412183 86.3548822402954 84.0477893352509 83.5418183102327 83.8597573252285 85.0690264701843 86.3264611328349 87.3950214666479 88.0289249139674 87.2591372377732 85.2600857229794 82.3902006990769 79.1853684818043 77.2133229199578 76.9898667055018 78.7948877110201 81.9184711119708 86.475700266221 91.4650868808522 97.2792431326474 101.969642667209 104.759564624113 106.364387343912 106.514387803919
130.72700881958 132.127653009751 132.297492532169 131.768247043385 129.950252308565 126.99559060265 122.98929607167 118.788201444289 114.086285871618 108.865507546593 103.548428844003 98.8081810614642 95.302001840928 94.157989025116 93.4384860431447 93.4100184721105 94.8911588332232 97.1322288232691 100.099916009342 102.777286697836 105.315196542179 107.447700780981 109.112723294426 109.686217869029 108.760611590217 106.368962961085 102.688458610983 98.3540876051959 93.1575930258807 87.4128044072319 81.7740705714506 77.1225212602054 74.5965920336106 74.3483870450188 75.9089676632601 78.2305801896488 80.8420479718377 83.6018430906184 85.2204262368819 85.1078299915089 83.1164787516874 79.8389874346116 76.6729117000804 74.3683306750129 73.7623902489157 74.6865315717809 77.1830445457907 81.1284862686606 86.3211916755228 91.8879430995268 96.917371637681 100.586066498476 102.549245623981 103.065309258068
122.882112278658 124.961676317103 126.613803190344 127.494981765747 127.214527691112 125.76031404383 122.711786887225 118.233310867758 113.364557771122 108.138604949502 103.348184445325 99.3771750506233 96.7166833877563 95.2175098867977 94.892622162314 96.124489475699 98.2178615962758 100.975632106557 104.227315622218 107.061801517711 109.36430459864 110.853901021621 111.432780826793 110.705287372365 107.988742379581 103.446902331184 97.5311922185561 91.1072710261625 84.6211098502664 78.1455656219931 72.5653205478893 68.1568089653464 66.1520120957318 66.0321878124686 67.8568392921896 71.4082145550672 75.7937135836657 80.1990467239829 82.8037221712225 82.9698244543637 80.6344757641063 77.2652384253109 74.0795134095585 71.650410119225 70.8640518468969 71.4051403999329 73.4963048205656 77.0681047720068 82.0537708226372 87.4254236782298 92.0654053968542 96.0111359147464 98.3309266286738 99.2483661034528
115.754494610955 118.251696081722 120.771199450773 122.691051539253 123.790454696206 123.248872925253 121.089648246765 117.194930805879 112.598430970136 108.030180706697 103.816668426289 100.002162989448 97.8637821534101 97.7173547464259 98.6807617299697 100.410038022434 102.736253317665 105.773547509137 109.082047350266 111.991209591136 114.11706161499 115.06765090718 113.816132769865 110.962482620688 106.171056074255 99.3785088483025 91.269983291626 83.2753850712496 75.4952017279232 68.4756447006674 63.2604777953204 59.6077576384825 57.9701445944169 58.9445550581988 61.697929873186 66.3843886712018 71.6915033144109 76.3688885324142 78.8242173896116 79.6003867598141 77.9765557822059 74.7896498652066 71.3770483381608 68.7182565997629 67.7303510273204 67.997508133159 69.8686596926521 73.4113390585955 78.0230735610513 83.0874743321363 87.830999065848 91.1892478325788 93.6192944330328 94.6527734083288
108.250812137828 111.582157583798 114.627935016856 117.397154415355 119.195579809301 119.388739529778 118.206809268278 115.352965747609 111.670558592852 107.902573781855 104.226140414967 101.597231275895 100.464127708884 100.71240012786 102.094178704654 104.461704085855 107.056177195381 110.578861573163 113.537837701685 116.007731269388 117.472816803876 117.22547676984 114.840004977058 109.447486148161 102.52244461284 93.4830169677734 83.8246202468872 74.5460614036111 66.4917819640216 59.6922692972071 54.6918808712679 51.678506009719 50.8919334131129 52.2712968097014 56.1049645928776 61.3290027940974 66.7261737935683 71.9791670126073 75.6666580228244 76.8542202500736 75.4764897542841 72.2081880990197 68.2670645994299 65.3496408602771 64.1666979509241 64.1336143437554 65.7016864804661 69.0660948052126 73.3838021895465 78.3639287808362 82.9903726998497 86.97552819813 89.9829863660476 91.8211902590359
101.207323354833 104.540952345904 107.881938990425 111.396348784952 113.798434930689 114.598240459667 113.940462280722 112.454609029433 109.714912358452 106.680355100071 103.873454514672 102.277716215919 101.873465902665 102.500429265639 104.649649535908 107.448499623467 110.366309839136 113.873950397267 116.379780488856 118.14710633895 118.529903804555 117.031301554512 112.89486099692 105.829206747167 96.2752837012796 85.8737191592946 75.218604704913 65.6240825653076 57.5701798831715 51.3217264624203 46.9770108952242 44.3981560819289 44.2301549771253 46.247601999956 50.3249753152623 55.8839081876418 62.4211582927143 68.3606991347145 72.1087041321923 73.00150234559 71.1208525825949 67.7833521225873 63.9158516210668 60.9060329549453 59.5342106258168 59.3412501671735 60.7271598226884 63.8121234949897 67.7726425142849 72.5332881142111 77.2675422640408 81.707976846134 85.4746172708624 88.5022960270152
94.588267438552 98.2207131105311 101.752563252169 105.192618145662 107.706226853763 109.157197447384 109.346470832825 108.103262172026 106.177764976726 103.794529522167 102.214129139395 101.091995716095 101.524284811581 103.071375622469 105.551609936882 108.280054933885 111.699683357688 115.019682491527 116.932697857127 117.41574270585 116.581709861755 113.343441177817 107.91661380319 99.3051895814783 88.249989341287 76.9379296022303 66.1818989024443 56.5285875937518 48.9896860403173 43.4791860860937 39.501354413874 37.60601625723 38.0916095621446 40.4937539240893 45.0567796580932 51.1761695216684 57.7721671426997 63.5292564139647 67.1645304876215 67.9662613447975 66.0575112735524 62.302310256397 58.2036857464734 55.2653739312116 54.1628723705516 53.8521862871507 54.9796664714813 57.6085422459771 61.2977063936346 65.94418462585 71.0231830092037 75.9893015412723 80.9120312017553 84.6972399038427
88.8773260116577 92.8357307209688 96.4234450284172 99.4098584792193 102.031796343186 103.531150649576 103.720541954041 102.701251927544 101.076370659996 99.6357679086573 98.649342733271 98.2997011857874 99.5425013093387 101.621268665089 103.992924746345 106.983412462122 110.259665769689 112.911177298602 114.303460569943 113.606853204615 110.81136860567 106.055489764494 99.2209027234246 90.1140903024112 78.8303361780503 67.3834219539867 57.0349908716538 48.056744631599 40.87516375149 35.9181597092572 32.7769940320183 31.8414245072533 32.7016782480128 35.7649734721464 40.509997213588 46.3816825712428 52.6224323861739 58.0080836941214 61.3014384998995 61.9717536743949 60.1048646674437 56.504705583348 52.4577670027228 49.2680596043082 48.3383403175017 48.059810778674 48.9800929742701 51.3214390137616 55.0400405911838 59.6391508999993 64.73418303097 70.285575319739 75.9068549240337 80.7362276526058
84.2559353884529 87.2160236695234 90.3554012635175 93.6502078000237 96.2065843133365 97.5925446117625 97.4654963717741 96.3801863053266 95.2553378273459 94.4786127034356 94.0997711069444 94.5916307954227 95.9571503751418 97.8210891274845 100.645081323736 103.398473964018 105.701698583715 107.62336916082 107.8966737635 105.866160000072 101.946758887347 95.9347693499397 87.6326364068424 78.4606047237621 67.9346685970531 57.1852750778198 47.7213101667516 39.8599326750811 33.7479435696321 29.5936720791985 27.3173906662885 27.0319751711453 28.5570063030019 31.6809158325195 36.3343344365849 41.9443880039103 47.7433912052828 52.6249011684867 55.6335391787922 56.202744196443 54.3541608207366 50.9325853866689 47.102956442272 44.0217679528629 42.7043117986006 42.7368282290066 43.5896951170529 45.703679337221 49.4406293279984 53.9576450516196 59.2556506044724 65.3750635876375 71.450335783117 76.8316518278683
80.0450014787562 82.7161583058974 85.2846874349258 87.7113791634055 89.8594604940975 90.9955947258893 90.8252388168784 90.2087385514203 89.4399968315573 89.2998452747569 89.0504923708299 89.4243382285623 90.6630904534284 92.2631449418909 94.9718098920934 97.1072587405934 98.5255797891056 98.8030453289256 97.925209718592 95.3052976271685 90.4217621298397 83.753373707042 75.3194985109217 66.0951864579145 56.4668361439424 47.0657574990216 39.1293728211347 32.5408145119162 27.6832773264717 24.5776020218344 22.6378529492547 23.2674896576825 25.1089092002195 28.5697319788091 33.1297468507991 38.5280666421441 44.0344926259097 48.6208950631759 51.3380152477938 51.6889924792682 49.9077690629398 46.6444809717291 42.9841238751131 40.0479485287386 38.2150236438302 38.0530415983761 39.0937811206369 41.4097414717955 45.0169759638169 49.6557515649235 55.2312265003429 61.7748289108276 68.1268410963171 73.787238036885
76.9554130049313 79.2859488655539 81.4285457835478 82.9806587555829 83.8274164199829 84.3757407244514 84.960120565751 84.740598229801 84.1501113667208 83.943535973044 83.0764464490554 83.0779328907237 84.3311029322007 85.5654155506807 87.4930366347818 88.7949442582972 89.2231083477245 88.2867367688347 86.2510938083424 83.0145148669972 77.8265293345732 71.0505601658541 62.8553434820736 54.4659863079295 46.0624240987441 38.0379546950845 31.6002819678363 26.5546745131997 22.9152242436129 20.5345979858847 19.1905835376066 20.234053513583 22.7397827260634 26.2216141784892 30.7105461008408 35.9719493809868 41.1994481717839 45.5054635230233 48.0157632617389 48.3028027450337 46.5865613712984 43.5806832103168 40.1916878503912 37.2410631039563 35.1883673667908 34.640697928036 35.9282165134654 38.320840919719 42.0835369334501 46.9692703976351 52.7535834592931 59.6205523154315 66.5150515051449 72.3072307811064
74.5686082559473 76.4129584817325 77.942190394682 78.7931864962858 79.3829715953154 79.8663219003116 80.0618368597592 79.9606935276705 78.9518312005436 78.1181923361386 77.1864179723403 76.5179105085485 77.1116819101221 77.9141150923336 78.4885129648096 79.1407704633825 78.4889583026662 76.6175133761238 73.413849662332 69.5937307021197 64.7638874053955 58.5437707901001 51.2344952190624 43.9591260797837 36.9368799994974 30.5380772141849 25.4844031333923 21.671937493717 18.9419157364789 17.1228504461401 16.8459148266736 17.9115089388455 20.6125551111558 24.4249237916049 29.1697561810998 34.4290271857206 39.612990638789 43.8235839044347 46.2108704062069 46.3752663486144 44.590749186628 41.6224692989798 38.3627900516286 35.3851192839005 33.4614922719843 32.8349840360529 33.9970710417804 36.8270307428697 40.922125788296 46.1839311543633 52.3641627816593 58.9108670178582 65.8967565648696 71.9140397240134
73.2519587348489 74.8891604928409 75.6999024222879 76.226741734673 76.5337161176345 76.5614159527947 76.2294092178345 75.707274128409 74.5850889542524 73.0539730576908 71.801490391002 70.2434835153468 69.6976716097663 69.9975469252642 69.4570364952087 69.0091509258046 67.6065954320571 65.0402467952055 61.5444565380321 57.1767768859863 52.3666251126458 47.0081148708568 40.9652836743523 34.9729189872742 29.3111632571501 24.3790880652035 20.585724662332 17.6798607601839 15.7556620766135 14.7017464637756 14.9801401110256 16.3906180157381 19.0122381168253 22.7940925640218 27.9085439583834 33.4999633887235 39.0170976274154 43.3468601493274 45.6743023676031 45.7441706517163 43.6779756546021 40.5500225319582 37.1558166251463 34.5426460153916 32.9693766060997 32.5285783094518 33.818276461433 36.4154396057129 40.5946352622088 46.5998441471773 52.7408488778507 59.5930995380177 66.4054177228142 72.5462707070743
73.1589643534492 74.4610894147088 75.0333659789141 75.2345919889562 75.0449258579927 74.7182727701524 73.66847411324 72.4223054998061 70.6132125293507 68.6210261513205 66.7492489534266 64.8514490969041 63.323191390318 61.9004372147953 60.7359601469601 59.546769618988 57.8589075312895 54.9721768323113 51.219679664163 46.8874780991498 42.1221128912533 37.1276937372544 32.2833995819092 27.4369710192961 22.9841906323152 19.439225729774 16.6492146323709 14.6706737911 13.3040238969466 13.0923097554375 13.7360418824589 15.3192826719845 18.1216163144392 22.1310501238879 27.0199201527764 32.6811784996706 38.1420784206951 42.5041910339804 44.8353239508236 44.9208183498944 42.9865575958701 39.8760537540211 36.7028501314275 34.3455494431888 33.0443042586831 32.9039615182316 34.6731472295873 37.311050863827 42.0751467873068 48.0626560098985 54.728726050433 61.6729786816765 68.1731430502499 73.4140169480268
74.1666084457846 75.2233379307915 75.4611410814173 75.0303936004639 74.387322734384 73.6773248560288 72.3988235137042 70.5815065888797 68.2361881873187 65.1995117524091 61.7972016895519 59.8571696000941 57.8094022414264 55.7388063879574 53.5233185431536 51.5381258235258 49.6721926296458 46.9832131722394 43.2536138927235 38.9465845332426 34.3744252709781 29.6762027459986 25.3214938500348 21.5199489873998 18.1904878055348 15.6478792358847 13.7221092476564 12.3951636202195 11.7421046846053 11.8515201736899 12.8655825362486 14.7858152389526 17.905899216147 22.2764574429568 27.7291399520986 33.8216204012141 39.6905696111567 44.3494374050814 46.7036005749422 46.5241007524378 44.3722783958211 41.3955055966097 38.3151083834031 35.7127202258391 34.633643430822 34.7835751421311 36.5797061359181 39.619719617507 44.6112272599164 50.614455279182 57.364543241613 64.0806502173929 69.9789782131419 73.6944833643296
75.0727579733905 75.6986360549927 76.1548938751221 75.7347637625302 74.7247205902548 73.2883260951323 71.460644048803 69.1702111468596 66.0606391289655 62.7209911626928 58.849799043992 55.6394311400021 53.2339797019958 51.1795637747821 49.0095640070298 46.5505290592418 43.8197009142707 40.6869811170241 37.0335299547981 33.0575224932502 28.5423336029053 24.4163478963515 20.7886691934922 17.7200301534989 15.2144541039186 13.2242805817548 11.710336040048 10.7684080320246 10.6511588096619 11.1993645920473 12.5013626182781 14.8677545715781 18.2606058190851 22.980204687399 28.8149878698237 35.2811102516511 41.5009538636488 46.2711199311649 48.8627459582161 48.7954865764169 46.7114833382999 43.7385073269115 40.7120062884162 38.2232788029839 37.0064877061283 37.4798532373765 39.2390935000251 42.4221714244169 47.543251654681 53.5314169491039 60.0149716769948 66.2093767278335 70.9286989324233 73.0169950373032
75.5372725094066 75.902951408835 76.2180631300982 76.0486214020673 74.8536755337435 73.1003012657166 70.6732490763945 68.031385197359 64.7306367369259 60.9205991520601 57.0611279712004 53.674447368173 50.4436706935658 47.7119551546433 46.0011474665474 43.659673354205 40.6216788291931 36.9513041832868 32.7501620965845 28.8363283662235 24.975667701048 21.4422972202301 18.2003043258891 15.3472058913287 13.1317053121679 11.4744338849012 10.3128968407126 9.9235468191259 10.2113917715409 11.0857663645464 12.7041042622398 15.366643597098 19.0827090389588 23.975152555634 30.0974015418221 36.7933471693712 43.194119832095 48.2233869047726 51.0243515968323 51.279229444616 49.7683254410239 47.3046933903414 44.1759503027972 41.8467735402724 40.6134747897877 41.1766120966743 42.4587043313419 45.4632863437428 50.3571092942182 55.7625880521886 61.4854069878073 66.5898011151482 69.9689794428208 70.6175390131333
75.6632789163028 75.911278444178 75.639859087327 75.1620205149931 73.9727727665621 72.4351575234357 69.9537315929637 67.309462519253 63.9118304813609 59.9756052914788 56.1865905733669 52.711302392623 49.729759833392 47.2466402334325 44.6628764096428 42.0988633211921 39.0051524218391 35.3965299269732 31.3211547346676 27.0279164594762 22.9667475924772 19.358377793256 16.2908126045676 13.7600554999183 11.8737751876607 10.5532685027403 9.94059007308062 9.92209254994112 10.3831106003593 11.5739528221243 13.4946801241706 16.3526626474717 20.3435915357926 25.4941455967286 31.7292698271134 38.4578652522143 44.9337407560909 50.1445881478927 53.1973184417276 54.5943833799923 53.5976719014785 51.3106715819415 48.63654720082 46.3536678202012 45.0772483489093 45.1003589069142 46.4818535973044 48.7306498920216 52.6805869831758 57.1397149703082 61.164171331069 64.586607315961 66.1933960634119 65.3290364882525
74.9660844802856 75.4264516830444 74.8512556412641 73.9210413764505 72.4179178686703 70.5053343211903 68.5726789867177 66.0961099231944 62.5222893041723 59.168704958523 55.5355821918039 52.3320280103122 49.7211325308856 47.5734587276683 45.1770631285275 42.7772885210374 39.6013935313505 35.6667254251592 31.1728978998521 26.5999417725731 22.2329739262076 18.6074236841763 15.7359522931716 13.5470863089842 11.9201283314649 10.8885066509247 10.4069737125846 10.4295511806712 11.1255417290856 12.611099579755 14.8160157414044 18.2386612050674 22.5247282771503 27.9410160218968 34.2909509153927 41.0748992527232 46.9892854550306 52.076082538156 56.0607269231011 57.5843331954058 57.3124860314762 55.756674934836 53.7092061884263 51.7660116868861 50.4010639190674 49.6237935458913 50.9488489487592 52.3033396216 53.9760828579173 56.8243791916791 59.0508233238669 60.3772254270666 60.1691194422105 57.9283001843621
73.4227007136625 73.6262344472549 72.9597514657413 71.8376916997573 70.2905956436606 68.9076258154476 67.1889122233671 64.6768283843994 61.3467572857352 58.4442172471215 55.4283182480756 52.7369664136101 50.8211301915786 49.2796357940225 47.1717912449556 45.0090138771955 41.8941479710972 37.6525919717901 32.8086843069862 27.9302345584421 23.4080311550814 19.5046210990233 16.5038729134728 14.35066706994 12.8394899368286 11.8393427624422 11.4782907331691 11.7374001320671 12.4957862180822 14.4680011763292 16.9714962805019 20.3169052320368 24.7831352879019 30.2871877375771 36.6064670646892 43.2283321128172 49.478123328265 54.6586502580082 58.4063466015984 60.5426399006563 61.0920134712668 60.5956210529103 59.4427279304056 57.9644136428833 56.0934500413782 54.7790008432725 55.0445313173182 55.1801775764017 55.3600213106941 55.6688955531401 56.0086893193862 55.0562918606926 53.1090136696311 49.778561704299
70.6456502185148 70.4237344966215 69.7354566910688 68.4120211601257 67.4063400941737 66.4978953529807 65.3215405239778 63.1593074798584 60.5277622447294 58.094683268491 55.7187237739563 53.6593392316033 52.2730707841761 51.1822633462794 49.4337700956008 47.407931580263 44.3770123089061 40.3063545647789 35.4426264482386 30.3225952877718 25.6428628669066 21.7021289853489 18.6791504831875 16.5335806397831 14.8992155860452 13.8401225314421 13.4087293779149 13.8400062532986 14.7977177535786 16.7384651548722 19.411490762935 23.0893103375154 27.6459357738495 33.1373996033388 39.2851393783794 45.6147273288054 51.5381765646093 57.0829240294064 61.3144782010247 63.9081295798807 64.8664066651288 65.4695441302131 65.2891536600449 63.8422241771922 62.1914779438692 60.1734221402337 58.3229772343355 57.1038494110107 55.6565832250258 53.5299130608054 52.0120548360488 49.8390863081988 46.3979643653421 42.220368273118
66.6703490930445 66.2036907532636 65.5606421863332 64.6931800842285 63.9132621148053 63.3835835456848 62.653466869803 60.6231878224541 58.9735799116247 57.4134337621577 55.6679372787476 54.1931160197539 53.2500871770522 52.3434247409596 51.2230780264911 49.4918608104481 46.9253171752481 43.0229836211485 38.264702278025 33.2306915731991 28.6943895396064 24.7907434631796 21.824957188438 19.592933809056 17.8128570528591 16.6132718114292 16.3344030730865 16.889547179727 18.263950361925 20.1462016175775 22.4729323387146 26.1617912755293 31.0820682539659 36.5201541185379 42.3812332574059 48.2569226377151 53.6725013676812 59.0548579833087 63.3578017739689 66.5327247170841 68.7197882147396 69.6367645263672 69.8172955232508 69.3646014718448 67.5316169963163 64.7476204142851 61.2089588501874 58.2951039706959 55.5028096647824 52.0230452593635 48.244237983928 44.9494125702802 40.7469070658964 36.2214849976932
