PREC/medie_oi/CUMULATA_MEDIA_08.asc
NCOLS 177 
NROWS 174 
XLLCORNER 1436301.375 
YLLCORNER 4916704.5 
CELLSIZE 1500 
NODATA_value -9999 
[rows 24 to 47 of 174, columns 54 to 107 of 177]
-9999 -9999 128.601157048169 139.841530799866 149.383175681619 156.024775841657 157.104626487283 151.463067784029 139.882617726046 124.287194532507 107.101579890532 90.6753540039062 76.3122752694523 -9999 -9999 -9999 -9999 -9999 -9999 -9999 -9999 -9999 -9999 -9999 -9999 -9999 -9999 -9999 -9999 -9999 -9999 -9999 -9999 -9999 -9999 -9999 -9999 -9999 -9999 -9999 -9999 -9999 -9999 -9999 -9999 -9999 -9999 -9999 74.116010834189 83.4654811971328 94.1839061624864 105.218248816097 115.60770371381 124.545487796559
-9999 -9999 -9999 141.534095595865 150.882662660935 157.066074090845 157.826659875758 152.230185901417 141.386592977187 127.295346540563 111.977531208712 96.5034260469324 82.7184061162612 -9999 -9999 -9999 -9999 -9999 -9999 -9999 -9999 -9999 -9999 -9999 -9999 -9999 -9999 -9999 -9999 -9999 -9999 -9999 -9999 -9999 -9999 -9999 -9999 -9999 -9999 -9999 -9999 -9999 -9999 -9999 -9999 -9999 -9999 -9999 71.1472187042236 79.5273001053754 88.9422004363116 98.9413308536305 108.027273402495 115.482106377097
-9999 -9999 -9999 140.431276293362 149.605314086465 155.87477016449 156.647061516257 151.738081651575 141.732379352345 129.285604140338 116.110590093276 102.811793495627 90.5235305112951 -9999 -9999 -9999 -9999 -9999 -9999 -9999 -9999 -9999 -9999 -9999 -9999 -9999 -9999 -9999 -9999 -9999 -9999 -9999 -9999 -9999 -9999 -9999 -9999 -9999 -9999 -9999 -9999 -9999 -9999 -9999 -9999 -9999 58.9961883881513 62.7682073817534 68.5793469372918 75.7457812253167 83.8230508916518 92.5996305802289 100.882370331708 108.025315677418
-9999 -9999 -9999 136.536663392011 145.642849024604 151.734978058759 153.032549633699 149.386873806224 141.639597836663 131.684792462517 120.624204972211 109.550620808321 98.7638286141788 89.8176928127513 -9999 -9999 -9999 -9999 -9999 -9999 -9999 -9999 -9999 -9999 -9999 -9999 -9999 -9999 -9999 -9999 -9999 -9999 -9999 93.0093053368961 91.3657062754911 88.1478430804084 83.9919845917646 79.5190355076509 74.6047340841854 -9999 -9999 -9999 -9999 -9999 -9999 -9999 58.3883560405058 61.5209747202256 66.3911389743581 72.6756566552555 79.8976995804731 87.7725215238683 95.2313656526453 101.243782716639
-9999 -9999 -9999 130.338798354654 139.286038174349 145.973905563354 148.382310362423 146.461742962108 140.949035981122 133.607607673196 124.651194965138 115.811164968154 107.201387854183 99.5888681972728 93.4838207469267 -9999 -9999 -9999 -9999 -9999 -9999 -9999 -9999 -9999 -9999 -9999 -9999 -9999 -9999 -9999 -9999 107.430776483872 107.713942359476 106.438363804537 103.395795261159 98.6887498743394 93.3693056667552 87.5300929686602 81.2481850455789 74.6689516516293 -9999 -9999 -9999 -9999 -9999 57.598147167879 58.6319026947021 61.3882283042459 65.6247575423297 71.4163445865407 77.7568446888643 85.0023765563965 91.4979497124167 96.8945568309111
-9999 -9999 -9999 -9999 131.622377367581 138.834205066457 142.531188179465 142.466737859389 139.396946177763 134.179736642277 127.965074426988 121.306169846479 114.700028139002 109.094489602482 104.051957298728 99.9351222094368 -9999 -9999 -9999 -9999 -9999 -9999 -9999 -9999 -9999 -9999 106.418582355275 109.55043557111 112.990496354945 116.652819689582 120.20932747336 121.844644770903 121.610998153687 119.281001371496 114.908020019531 108.923317628748 102.25259994058 95.0306512047263 87.334142628838 79.1476498772116 -9999 -9999 -9999 -9999 -9999 57.8518022649428 59.113821254057 61.6814056845272 65.8496297948501 71.3372664732092 77.3626728057861 83.5075515298282 89.5656302956974 94.4227907517377
-9999 -9999 -9999 -9999 123.427654490751 130.938948070302 135.689966594472 137.265463660745 136.587650635663 134.267918530632 130.284686930039 125.493324728573 120.994493821088 117.212389441097 113.310028076172 109.850370014415 -9999 -9999 -9999 -9999 -9999 -9999 -9999 -9999 -9999 112.861965964822 116.400755601771 120.105534273035 124.22115539102 128.4958969565 132.202877044678 133.834498237161 132.973118838142 129.694192437565 124.432387071497 117.36579838921 109.560657837812 101.335961958941 92.3678239934585 83.0002185597139 -9999 -9999 -9999 -9999 -9999 58.3221337374519 59.9659884957706 62.8230954338523 67.0916141061222 72.2479000091553 77.8819288365981 83.190731048584 88.493605445413 93.2641745174632
-9999 -9999 -9999 106.951433602501 115.402915505802 123.16873477487 128.977339800666 132.160324657665 133.432573206284 132.894473244162 131.322584264419 128.856870202457 126.253876742195 123.460750804228 120.434762730318 117.445335949168 114.695238281699 -9999 -9999 -9999 -9999 -9999 -9999 -9999 -9999 119.875039044548 123.700681462007 127.668852637796 132.473424574908 136.958612105426 141.036899117862 141.782153858858 140.391732159783 136.557367885814 130.372824163998 122.767520119162 114.494307237513 105.662351047291 96.0952292049632 85.8120079040527 77.2584092757281 -9999 -9999 -9999 -9999 -9999 61.3585147857666 64.712739832261 69.0595403559068 74.051487529979 79.3998884313247 84.6412423077752 88.9902776830337 92.803508309757
-9999 -9999 -9999 100.495236789479 108.592870319591 116.770993401023 123.177809883566 127.499467737534 129.781110426959 131.182891396915 131.246958788703 130.574971591725 129.596905427821 127.801104826086 125.154335807352 122.563687605016 119.979615884669 117.976724792929 116.262384246377 -9999 -9999 -9999 -9999 -9999 -9999 124.142536387724 127.483614977668 131.618703281178 136.515682220459 140.871749429142 143.549343782313 144.697260912727 143.007219651166 138.87931397382 132.460905860452 125.127869101132 116.697186974918 107.587419622085 97.317185570212 87.6100109324736 78.688395836774 -9999 -9999 -9999 -9999 -9999 63.428726757274 67.3819909937241 71.7849180558149 76.814904830035 82.1845357558307 87.2068252563477 91.1012059380026 94.2147910174202
-9999 -9999 88.002382811378 95.7543689503389 103.863159908968 111.839485953836 118.413998772116 123.101391175214 126.383191276999 128.825697954963 130.091202231014 130.945626427146 130.865894542021 129.689792184269 127.803249134737 125.372003330904 122.62725538366 120.463719985064 119.0205894919 118.249410517075 118.077155618107 118.574699177462 119.653896780575 120.628133100622 122.555827196907 125.235237794764 127.993801116943 132.238433389103 136.713822533103 140.006513483384 141.798710093779 142.877762514002 141.352204939898 137.361897636862 131.284217610079 124.431700986974 116.62480096256 107.465157789343 96.898292092716 87.8353392657112 79.1876458560719 -9999 -9999 -9999 -9999 -9999 -9999 70.6565437316895 75.3931655883789 80.7041803247788 85.9975884381463 90.5838421092314 94.1274194156422 96.727310629452
-9999 -9999 85.5921972779667 93.1722257558037 100.938977690304 108.774053910199 115.264076569501 120.328677345725 123.89604882633 126.586468191708 129.040118497961 130.512754328111 130.673648385441 129.755776910221 128.307928870706 125.817264669082 122.853127647849 120.492937648998 119.211372431587 118.664665558759 118.864160425523 119.124750361723 119.973161921782 120.510781680836 121.466547797708 123.224268969368 126.667594012092 129.892823387595 133.718851874856 136.152360355153 137.464705747717 137.756230522605 136.026200014002 132.452204087201 127.468304353602 121.396174262552 114.173869189094 105.502157323501 95.6088145760929 87.0735602659338 78.9081754123463 72.5200754053452 68.0414671056411 -9999 -9999 -9999 -9999 -9999 79.6796336454504 85.3755755704992 90.4282498079188 94.6795824836282 97.6955611285041 99.9770889282227
-9999 78.8617937985588 85.0747207753799 92.5567068212173 100.198093358208 108.340441703796 114.70129293554 119.414123310762 122.839418074664 125.491655461928 127.805892271154 129.365317400764 129.600335065056 128.5529311685 126.82741355896 124.193180196425 121.223842172062 118.843652949614 117.529546962065 117.239242104923 117.323895847096 117.640920526841 117.980151344748 118.141600889318 118.519229215734 120.300111882827 123.021934958065 125.597474939683 128.691960278679 130.505635878619 131.321835237391 131.29084037332 129.654640422148 126.18105989344 122.070622836842 116.733954036937 110.133771784165 101.488747428445 93.5418390386245 85.8721618652344 78.6764603783103 73.1271995095646 69.6574318829705 68.3050537109375 -9999 -9999 -9999 -9999 -9999 89.9877631243537 94.9055097243365 98.7188722947065 101.31078563017 103.244286481072
-9999 79.9869807187249 86.615220041836 94.7185774410472 102.559962160447 110.164057787727 116.138946308809 120.588432087618 123.56383783677 125.657696892233 127.060398774989 127.820132760441 127.639667286592 126.577520931468 124.45975707559 121.449054718018 118.604460211361 116.191174787634 114.95039098403 114.641853893504 114.922386281631 115.076207441442 114.868643928977 114.531208711512 114.719857384177 115.605300230138 117.943482791676 120.162127326517 122.445351320155 124.03529918895 124.683140249813 124.083922666662 122.665040408864 120.232347376206 116.621953178855 111.727140763227 105.012241139131 98.6028796925264 91.7432978012983 85.0745005888097 78.9010831047507 74.1373877805822 71.7526421266444 71.0673217773438 -9999 -9999 -9999 -9999 88.8682650397806 93.981403799618 98.4725514580222 101.840488433838 104.015309726491 105.810947193819
-9999 82.5301147068248 90.3834438604467 98.7017006032607 107.197947950924 114.59287890266 120.074752919814 123.616627637078 125.667964486515 126.957250482896 127.518450793098 127.305096345789 126.130127626307 124.188095317167 121.498184428496 118.548482333913 115.603920992683 113.516839868882 112.45111543992 112.024308260749 111.688139186186 111.303316901712 110.815862543443 110.197459052591 109.865491306081 110.520868862376 111.655557071461 113.745351454791 116.029062832103 117.477579229018 117.983862708597 117.599866979262 116.250449236702 114.608415042653 111.539398417753 106.276463676901 101.613795336555 96.2918740440817 90.3274189444149 84.5250205993652 79.4344021292294 76.0022585251752 74.5609687356388 74.8439357981962 -9999 -9999 -9999 88.7574658113367 93.6150124493767 97.8625928093405 101.53181883868 104.305767508114 106.314876556396 107.860547682818
80.9939190079184 87.5871419626124 95.8532653976889 104.715943392585 113.751798966352 120.959700079525 125.760987225701 128.418365254122 129.704980738023 130.062611972584 129.47288423426 128.322832219741 126.56000586117 123.901642743279 120.581268759335 117.469204622156 114.664323245778 112.413639741785 110.937376246733 109.78791326635 108.863857269287 107.978964637308 106.801465651568 105.784663929659 105.17749786377 105.696102815516 106.399007685044 107.360840068144 108.705535664278 110.156423905317 111.833045061897 111.988114300896 110.299746569465 108.301367815803 105.959936927347 103.138001161463 99.2124974867877 94.7267451566808 89.5270915311926 84.9236012627097 80.6951316384708 78.5240945255055 78.1243970534381 79.0150373122271 81.8292338427375 85.7430651047651 90.1873779296875 94.4586349936093 98.4647508509019 102.076330521527 105.143407933852 107.320679384119 108.522844651166 109.831647536334
86.9585278595195 94.2810913254233 102.782716470606 111.73583574856 120.778637942146 127.542554182165 131.528891170726 133.388828277588 133.752507602467 133.453701019287 132.835397832534 131.235139958999 128.524401496438 125.322787116556 122.06921117446 118.504767922794 115.606465956744 112.859911077163 110.574323990766 108.861191244686 107.268370460061 105.471673628863 103.60444910386 102.098291284898 101.30840660544 101.705543518066 102.103627821978 102.897211635814 104.173046112061 105.103662154254 105.989667331471 106.158080381506 105.931832257439 105.052270552691 103.30607919132 100.711673736572 97.3417001612046 93.8287407370175 89.7720614040599 86.0617077771355 83.0752295325784 81.9644214405733 82.2853385700899 84.2108820746927 87.6875795476577 91.7780498055851 95.8782429414637 99.745444578283 102.959204505472 105.529429716222 107.670598198386 109.542637768914 110.919000737807 111.292444565717
94.2422137400683 101.916291825912 110.281804561615 119.049643292147 127.169205385096 133.230161554673 136.49295762006 137.559676226448 137.656203999239 137.243065553553 136.39647360409 134.929764018339 132.21427154541 128.439446168787 124.932154038373 121.268009634579 117.463148453656 114.023546106675 111.19743347168 108.67511771707 106.270762724035 103.939150193158 101.556122050566 99.700829225428 98.6184815799489 98.3447018791647 98.8482152153464 99.6445900412167 100.592321508071 101.589867086972 102.60973739624 103.250940210679 103.52114015467 103.088005963494 102.009812523337 100.138867322136 97.6920394897461 94.7398108314065 91.2829447353587 88.3026918523452 86.4315353842343 86.0593541089226 87.3419917611515 90.1739718493293 93.5062482497271 97.5437096988454 101.418926575605 104.79672016817 107.345491745893 109.076215183034 110.243472155403 111.258832370534 112.075154024012 112.772443210377
102.528506433263 109.480630061206 117.404606594759 125.220548573662 131.974154865041 136.791089450612 139.49365122178 140.752631467931 141.004864412196 140.819744110107 140.070787542007 138.682360256419 136.077185462503 132.968726663028 128.387158337761 123.84903717041 119.63429551966 115.893624025233 112.420556909898 109.235243404613 106.233508614933 103.321261910831 100.761066436768 98.7175005744485 97.1427868113798 96.5380659664378 96.7047944910386 97.5772981082692 98.491107043098 99.539270288804 100.760535296272 101.736491259407 102.483473609476 102.68653196447 102.213227664723 101.01712956148 98.9233466877657 96.4675746244543 93.8464585472556 91.5461753396427 90.5936155880199 90.8683002135333 93.0296497905956 96.0088136897368 99.4478661032284 103.371857587029 107.164762833539 110.143646240234 112.055210113525 112.995369630701 113.201276891372 113.42356782801 113.322077582864 113.442618426155
111.210762697108 117.143956857569 123.345481648165 129.704155248754 134.859721464269 138.575765497544 140.813756830552 142.395604750689 143.28927859138 143.597303951488 143.158432006836 141.9734768587 139.74009031408 136.443845636704 131.494306900922 126.215910967659 121.609074312098 117.555811264936 113.68642021628 110.095440135283 106.791905122645 103.67669430901 100.941434748033 98.8615736119887 97.0923143274644 96.0384481093463 96.1510869194479 96.6322216707117 97.931219886331 99.1398279526654 100.377280291389 101.693179186653 103.041309356689 103.736844006707 103.796267341165 103.129438849056 101.589644151575 99.6242298799403 97.448922774371 95.7980558731977 95.5390374800738 96.2891819336835 98.9712827906889 102.224195312051 105.789809844073 109.433230512282 112.998060338637 115.572106529685 116.92923040951 117.133136076086 116.443737927605 115.67598028744 114.677617914536 114.176980860093
119.744230438681 123.671106086058 128.063137727625 132.30401577669 135.938232534072 138.842238033519 140.8776994593 142.526277429917 143.88682197122 144.638475754682 144.323949028464 143.295150083654 141.368323157815 137.725362216725 133.430736317354 128.251736136044 123.458333856919 118.780860452091 114.589143640855 111.040471694049 107.632653180291 104.412390540628 101.766454808852 99.8642154020422 98.2486947003533 97.3039618099437 97.2736495522892 97.6819830501781 98.4261815688189 100.029252893784 101.64208131678 103.32597395953 104.757235583137 105.854504529168 106.337502199061 106.190953647389 105.048722884234 103.365708295037 101.900958678302 101.067005437963 101.224940299988 102.801264594583 105.70482265248 109.054462208467 112.60266012304 116.195386269513 119.171285741469 121.240409346188 121.838841157801 121.344475465662 119.902522479787 118.188365824082 116.677279977237 116.295774123248
127.285204606898 129.343852716334 131.265315841226 133.221762544969 135.57831326653 137.746497098137 139.693803450641 141.62006669886 143.272483152502 144.2923783695 144.34617951337 143.509424097398 141.695538464715 138.497677073759 134.537878597484 129.543958102956 124.818991941564 120.254314198213 116.378069709329 112.846307193532 109.541524101706 106.416173373952 104.047068427591 102.424645592185 101.170963736141 100.378269419951 100.380711499382 100.773939020493 101.481368120979 102.538537866929 104.026649250704 105.621262382059 107.262250451481 108.586999780992 109.336067536298 109.42986387365 109.009079877068 108.084393781774 107.58076061922 107.318573951721 107.947209526511 109.864055689643 113.059202867396 116.620257097132 120.000164536869 123.153981152703 125.523935037501 126.861346188714 126.65941659142 125.266036819009 123.245274936452 120.571773416856 118.938033833223 117.710393569049
132.978995056713 132.818735851961 132.467243054334 133.145232481115 134.46338597466 135.946012833539 137.656140046961 139.555920320399 141.477705114028 142.879489449894 143.216525133918 142.620629478903 141.385674869313 138.934821184944 135.496579338523 130.928401947021 127.115750929889 123.075660256778 119.355718724868 115.930920320399 113.120973026051 110.726100248449 108.690695145551 107.158443226534 106.13095182531 105.487225027645 105.135505227482 105.635740167954 106.312137154972 107.261857201071 108.478821698357 109.71750719407 111.190726560705 112.521441066966 113.639771405388 114.085887684542 114.061447928934 114.090767131132 114.224188972922 114.500585219439 115.534346973195 117.522454514223 120.583437835469 124.316384175244 127.461484320023 129.918162430034 131.456351224114 131.261010562672 130.188612264745 128.295821414274 125.721520255594 123.03374711205 120.559135661406 118.50580552045
136.52956496968 134.772772957297 133.046014112585 132.887728017919 133.150322521434 134.184245951035 135.609874500948 137.261041753432 138.381859723259 140.144235049977 140.916780135211 141.283079708324 141.203843060662 139.695481244256 137.223532508401 133.772751976462 129.940786025103 126.489725449506 123.631200902602 121.38520229564 119.267184089212 117.123313230627 115.523442436667 114.055408028995 112.901717017679 112.418631609748 112.044811473173 113.440510918112 114.221587910372 115.061879999497 115.766057182761 116.383482540355 116.757139654721 117.800098194795 118.727597965914 119.133030947517 119.656158335069 120.401984383078 120.909570525674 121.836234373205 123.395869535558 125.556350455565 128.269206075107 131.519844532013 134.40512303745 135.843003469355 136.395482596229 135.412180395687 133.183966580559 130.31619313184 127.687544990988 124.456949290107 121.307887245627 119.237997896531
138.460461532368 134.606890804627 131.489212400773 130.474502282984 130.060127370498 130.773456236895 132.020383161657 133.731475605684 135.387690375833 136.493472155403 138.550778108485 140.355769662296 141.87822005328 141.737433938419 140.431877585018 137.49167655496 135.038244808421 133.019144843606 131.078369589413 129.041754329906 127.103368871352 125.233672646915 123.856380013859 122.649640251608 121.674846424776 121.693971746108 121.452099519617 121.680522918701 122.136378119974 122.439975962919 122.947879118078 123.468175775865 124.014937905704 124.514618705301 124.79650923785 125.192790424123 125.593158385333 126.614184884464 127.761111764347 129.095916074865 131.010105806238 133.405034261591 135.948643768535 138.615072166218 140.38730876586 140.858162795796 140.16665761611 138.085694621591 135.104829647962 132.041083784664 128.879576037912 125.4215909453 122.360822453218 120.006856413449
