PREC/medie_oi/CUMULATA_MEDIA_12.asc
NCOLS 177 
NROWS 174 
XLLCORNER 1436301.375 
YLLCORNER 4916704.5 
CELLSIZE 1500 
NODATA_value -9999 
[rows 72 to 95 of 174, columns 54 to 107 of 177]
109.452332861283 105.271630259121 100.917046294493 96.3830010750714 91.9998135005727 87.5478808739606 83.0474905126235 78.8767253370846 75.1312460057876 71.7334975354812 69.2321922779083 67.8052987070645 67.2624255208408 67.7987101709141 69.0900872665293 71.0445255812477 73.4404110628016 75.7815832039889 77.9892893082955 79.7797696660547 81.1229716118644 81.7649672311895 81.7572826673003 81.0433556297246 79.6363346401383 77.866048560423 75.9267008234473 74.1882819322979 72.8069545696763 72.0153423232191 71.7705505350057 72.0401239097118 72.5329827122829 73.1863930891542 73.6585607125479 73.7617369118859 73.1909717724604 71.9352411014192 70.1102311164141 68.3498423529022 66.7393708737458 65.6217148812378 65.0189346083823 65.2035441854421 66.1261849745232 68.1037702691906 70.8309643163401 74.3462542926564 78.5775554180145 82.5596515220754 86.1128693328184 89.1784917747273 91.2843116451712 92.2248867680045
110.432217962602 106.895072965061 102.583998988656 98.0541161649367 93.4985509199255 88.983624346116 84.5907318171333 79.9726636550006 75.8481473361745 72.1948512441972 69.4219516726101 67.543137550354 66.7375268375172 66.9078875850229 68.1450676146676 69.9921684265137 72.3953466555651 74.928358779234 77.3701184988022 79.377129183096 80.980301099665 81.8780003084856 81.9075631148675 80.9737213920145 79.2569762012538 77.1130247606951 74.86723108502 72.6363867977086 70.8246381493176 69.4226070116548 68.7239792943001 68.4929159809561 69.0211086378378 69.7554898121778 70.5437502422754 71.1056042611599 70.9467399488477 70.0635397662135 68.8145718153785 67.1231457117726 65.4100040311322 63.8608086030273 62.8854577409871 62.4871583878994 63.0330931219984 64.5638192497632 67.052755863351 70.3214319698951 74.341025892426 78.5107644656125 82.5916418468251 86.2583686744466 89.1692680891822 91.2204700357774
110.357871139751 107.553569036372 103.907473788542 99.7945324112387 95.4584502051858 91.0059346591725 86.4155184240902 81.5954758700203 76.8680557924158 73.0977985858917 70.1511405496036 67.9604729203617 67.0464756769292 67.2739659056944 68.3464914630441 70.2353447395213 72.7403673704933 75.4392080692684 78.0218738983659 80.4286955700201 82.2756841813817 83.1720572113991 83.0130559135886 81.7760546803474 79.683484063429 76.9932101263719 74.0675232305246 71.1959267048275 68.7395486235619 66.8438843734124 65.5350201200037 65.0159561669125 65.453882752096 66.4156647745301 67.5333188211217 68.4057954146582 68.7179038279197 68.3499422204845 67.2573914308758 65.7054851686253 63.8530506872955 62.0259067214587 60.4966781130608 59.5960504123393 59.6578670363216 60.7407825922265 62.6528031861081 65.593481137472 69.149639543365 73.4999898742227 77.7528414375642 82.0010624212377 85.834631541196 89.1486116437351
109.012498827542 107.11722721773 104.480150671566 101.162400834701 97.3591061760397 93.0881970910465 88.3716502470129 83.3378302630256 78.6657019783469 74.5552888197057 71.4952313198763 69.2773709717919 68.4531342843 68.7242152831134 69.8477230773253 71.6153152059106 74.0475302303539 77.2022853949491 80.5514910641838 82.9762932412765 84.5357776880264 85.2844447528615 84.7864222807043 83.1207628109876 80.383678429267 76.9456739004921 73.1264931033639 69.6212127804756 66.4827215776724 64.0774670593879 62.3821096280042 61.4855214532684 61.7340001796975 63.0042005865013 64.3318251494099 65.6165645446847 66.4018284941421 66.4650332397398 65.7162349215325 64.2655931071323 62.2733874675982 60.003995564054 57.9425060643869 56.6462491487756 56.3574244397528 56.8720520769849 58.3011248181848 60.7669114610728 64.1017953157425 67.9606447886018 72.7135666889303 77.3095010448905 81.9598690762239 86.2654162715463
106.728194082485 105.866264595705 104.174163481768 101.932674127467 98.6827473640442 94.7838080911075 90.2870625327615 85.31461390327 80.7648517945234 76.6633418728323 73.5851513918708 71.5276280571433 70.6494812684901 70.7091989657458 72.016607985777 74.2008098153507 77.0756426418529 80.2433061389362 83.7715702337377 86.4892380097333 87.8809849865296 87.8595674248303 86.7996948186089 84.4410951698528 80.868030442911 76.5104423480875 71.8346803258447 67.4445579788264 63.728902332923 60.911579693065 58.9671505549375 57.8982421124683 58.0638517299119 59.0871276285718 60.6840864454999 62.3241049870849 63.7831852357177 64.4917433130391 64.0855392278994 62.657970038407 60.3084283006542 57.746037594974 55.4925387352705 53.8399529246723 53.1777664370397 53.2166542743935 54.2292478996165 56.2681408980313 59.3091004455791 63.0521854232339 67.6354678448509 72.9110986905939 78.1205108656603 83.104762357824
103.968617102679 103.817546311547 103.079816790188 101.747171233682 99.3602727441227 95.8577457315781 91.5177576962639 87.0357020322014 82.8103754239924 79.1487797288334 76.3676107490764 74.4194897483377 73.4348698644077 73.8761080713833 75.4241121236016 77.6626144156736 80.45967706512 83.8370330894695 87.1233285314896 89.8863706448499 91.3858082294464 91.2220206120435 88.9620296043508 85.2800703399322 80.7165816882077 75.4135287859861 69.8517788894036 64.783627671354 60.4701829938328 57.2329353620024 55.1434441208839 53.9990640335223 54.1705456297187 55.3393436679069 57.07481537584 59.1640277820475 61.0886445983368 62.0948644885245 61.7379609381451 60.3737246017246 58.20126167378 55.6128162093022 53.1749395833296 51.2749131251784 50.2726498842239 49.962951970451 50.6193154033493 52.4086694612223 55.0658953435281 58.8306356773657 63.3418844447416 68.5492076242671 74.052164421362 79.786923085942
100.37999179784 101.052522757474 101.183686032015 100.597425306545 98.7077025245218 95.6786758759443 92.261023535448 88.490773860146 84.891196194817 81.8002436301287 79.0726054696476 77.4490981522728 76.791508029489 77.2533792327432 78.6679857899161 80.8500985538258 83.6708135745105 87.225642302457 90.4134763970095 92.4273910802953 93.4113329017864 92.7891085147858 90.0935548614053 85.4144230940763 79.7574355321772 73.2593280918458 66.9492805985843 61.3423110141474 56.7294575361645 53.2022642142632 50.9890951409059 49.8624544967623 50.1359923324164 51.4740989479948 53.6473898431834 56.12399069176 58.1927319887806 59.6069624073365 59.8918367974898 58.8373146460337 56.7065800708883 53.9493132242385 51.2111653299893 49.1234782636166 47.6977378726006 47.1854391413576 47.5871728658676 49.2010630299063 51.7196633184657 55.2969895110411 59.7348037993207 65.2188994428691 71.1033505902571 77.1310769810396
96.2718435315525 97.4716882004457 98.1980383676641 98.3257594248828 97.2257211068097 95.1679665481343 92.6071078637067 89.5717577934265 86.5398697993335 83.8906786301557 81.6259541231043 80.097513479345 79.6009542801801 80.0755545391756 81.4934263509863 83.5663698420805 86.1927596961751 89.3000776907977 92.0344102242414 93.878777924706 93.8966790087083 92.5653532813577 89.1714042635525 83.6665111429551 77.175171066733 70.207598251455 63.2509287034764 57.254353582859 52.4118571106125 48.8853681613417 46.743664446999 45.7437317599269 46.2001582024729 47.7747005960521 50.2527548469165 52.9654150815571 55.661605137236 57.6128131729715 58.2562397928799 57.2510734568624 55.019306852537 52.3321762444342 49.4964031506987 47.2393882134381 45.5495193793493 44.8151410677854 45.0825664962039 46.4686558947844 48.7417885205325 52.210304193637 56.7272382378578 62.3225929456599 68.5842912477605 75.1377162863226
92.2913348534528 93.8035948837505 95.0780613702886 95.7518664388096 95.363507270813 94.2543973642237 92.3180738757638 89.9499050448923 87.5461469538072 85.1782834950615 83.1644518936382 81.7582753405851 81.40453860339 81.8892846668468 83.1068785611321 84.9245566340054 87.2639622548047 89.9243733321919 92.0425304384793 93.1333953352536 92.5396879140068 90.1600586947273 86.1689860540278 80.2289533194374 72.7512792138492 65.5436081255183 58.6983752881779 52.5315107633086 47.7786240893252 44.4181276980568 42.2969880629988 41.643926014795 42.3926602207562 44.3153709541349 47.0787119497271 50.4182777001577 53.5327887307195 55.7810665386565 56.5758230195326 55.7630654363071 53.6306572398719 50.7080088520751 47.6918119420024 45.3409566107918 43.5592279854943 42.6523396127364 42.7779918453273 44.0113560382058 46.3192469968515 49.8238406076151 54.4300138985409 59.9716699929798 66.6932397379595 73.4411583718132
88.564318670946 90.4414311998031 92.0068924988017 93.1773404514088 93.3411723164951 92.7301043342142 91.2973152469186 89.2593196700601 87.1861194021562 85.0563740029055 83.2449400284711 82.1834798279931 81.8403267860413 82.1912702111637 83.1233840269201 84.4441556930542 86.3999108426711 88.4976216765011 89.8555828683517 90.1575620314654 88.809892836739 85.1889875355889 80.7310927755692 74.5255044909085 67.1876898583244 59.7863102730583 53.1993855798946 47.4387621634147 42.8491633990232 39.8033695571563 37.9584370422013 37.7425583276679 38.9303930910195 41.2249098385082 44.4044611857218 48.0552811429781 51.4574121534824 53.9133386839839 54.8883998183643 54.2483165158945 52.1163266914732 49.108461337931 45.9077396725907 43.468905277112 41.6546625389772 40.7504035462351 40.8159478867755 42.0883615683107 44.5128841820885 48.0761976943297 52.6862976691302 58.2780133065055 64.9468317522722 72.1208664529464
85.1637534113491 87.2571399913115 89.0042346926297 90.2445490921245 90.9239014317008 90.531866606544 89.3420903682709 87.4232838995316 85.4634380340576 83.7800997285282 82.113553720362 81.2893477047191 80.8415110812468 80.7117080127492 81.4109809538897 82.275615383597 83.437355742735 84.738230452818 85.3218455595129 84.6784662358901 82.5872219169841 78.6870697105632 73.0210952197804 67.1308780557969 60.2363564337001 53.1888139458264 47.0385017675512 41.9249179012635 37.7921577832278 35.1953321905697 34.0582384940456 34.4122274973813 35.8979661289383 38.5396867990494 42.1528027986779 46.0812641575056 49.7070874151062 52.3138697883662 53.4664854933234 52.8590509014971 50.7637669707046 47.7501647174358 44.5258288190645 41.8282902714084 40.1148754358292 39.2261766580974 39.3353980849771 40.6032265950652 43.1333067136652 46.8166445879375 51.5883402894525 57.4019901752472 63.875979199129 70.9188704560785
82.7893743164399 84.6027105345446 86.1932069343679 87.4746069277034 88.0347267249051 87.890977340586 86.7739394692814 84.9236407840953 83.1287560042213 81.6200927005095 80.036410780514 78.9738109532525 78.2878782328437 77.7405148814706 77.8013887545642 78.375036464018 78.8603545076707 79.0978415713591 78.8348666078904 77.4861200977774 74.7192375098958 70.39700384701 64.8306697116179 58.7240649531869 52.3754769774044 46.1806054746403 40.7697649913676 36.4012023000156 33.1445196639089 31.1969440851141 30.602282482035 31.4324249169406 33.3372716553071 36.626109529944 40.5691567869747 44.8623185788884 48.8129639274934 51.7232481591842 52.9636687461068 52.3814799575245 50.2285817090203 47.0334895884289 43.7269684076309 40.9324596699546 39.0622753886616 38.1512168330305 38.2997230782228 39.661801387282 42.2724214441636 46.1153708871673 51.0392814383787 57.0149635847877 63.4596740989124 70.0705326795578
80.7922630310059 82.6272921562195 84.0848984507953 84.9518369366141 85.2539834976196 84.7784176293541 83.9162765671225 82.3086078307208 80.4737128790687 78.8984585229088 76.9732817060807 75.3113443290486 74.5057161555571 73.46182513237 73.252869942609 73.2249808451709 72.9782340947319 72.4121144659379 71.2988661177018 69.3136449140661 66.2738211715923 61.8868206949795 56.4702444357031 50.6688028223374 44.9526247417226 39.5672623480068 34.9550715825137 31.4676945700365 29.0618122991394 27.7583369595163 27.6761942716206 29.1714870579102 31.7239170495202 35.159176307566 39.359716499553 43.8790911506204 48.0294466649785 51.0838402790182 52.4665039777756 52.0005460065954 49.9526154013241 46.8666110529619 43.5441377583672 40.5401237361571 38.4197966666783 37.5302633888581 37.7706648742451 39.2815174109796 42.1007986559587 46.0315498779802 51.2418501096613 57.3427329063416 63.6991260402343 69.8641976188211
79.3932768246707 81.2046693282969 82.4502476594027 83.1988759812187 83.1823678156909 82.4351638695773 81.1268043167451 79.3786825853236 77.3189554354724 75.5929815628949 73.2283339500427 71.1868474062751 69.9796746338115 68.8235447547015 67.9379393914167 67.3833782953375 66.4685610322391 65.1666119799894 63.3988131214591 61.0080373848186 57.7293836228988 53.4923224028419 48.397923301248 43.1108746668872 38.0938031042323 33.6222385518691 29.9291747107225 27.1696893958484 25.5266268796781 24.8623113912695 25.7054852808223 27.2834291177637 30.1239849328995 33.9544456776451 38.5684064205955 43.3206881354837 47.7246180983151 50.948151027455 52.4421186727636 51.9959279649398 49.93928306243 46.9404925949433 43.714459271992 40.7337306387284 38.4069962711895 37.3979249947211 37.9123525584445 39.5818695075372 42.5172668344834 46.6680940389633 51.9216865651748 57.8396695080925 64.037589451846 69.6959477102055
78.9724407336291 80.5931849479675 81.6292002762065 82.0948666264029 81.6950396649978 80.5966854235705 78.9286596845178 76.6713709130007 74.2663107058581 72.1564538548974 69.788843849126 67.4311425335267 65.4530379211201 64.1529667517718 62.6487228028914 61.612392467611 60.0770603488473 58.2411949915044 56.0034948236802 53.1899876314051 49.797321656171 45.7047028401319 41.1569952403798 36.6039889630149 32.255254331757 28.5834002775304 25.7491810987977 23.7618354769314 22.7322306177195 22.8804193665 23.8216747536379 25.787698689629 28.940863497117 33.1623415385976 38.1514647147235 43.3405146598816 48.0485785568462 51.5151155275457 53.1005782099331 52.6496708112604 50.4375890844008 47.3651763270883 44.0232914756326 41.1997453745674 39.1884157938116 38.1078937369234 38.6767466243576 40.3325086130815 43.3409968088655 47.658636415706 52.6946782504811 58.4444990648943 64.3717872465358 69.5575198145474
79.0215716642492 80.5351046113407 81.2970584981582 81.3777613920324 80.8516916527468 79.4384146437925 77.2222201964434 74.4639061549131 71.6753830138375 68.9106794946334 66.5905726587071 64.0722765221315 61.6559262626311 59.4738857185139 57.7238807257484 56.0878555073458 54.3370658229379 52.1654192559859 49.5248666370616 46.4559073307935 42.9856256597182 39.0904292499318 34.9931947974598 31.0676505635766 27.4439638151842 24.5640352754032 22.4262757090961 21.0876231999958 20.7261987854453 21.1831739369561 22.4204461784924 24.7945863008499 28.3143256762448 32.7787359602311 37.9035034319934 43.3553859626546 48.3530299102559 52.0058196151958 53.6949615618762 53.281835640178 51.1433245434481 48.0165824469398 44.7846558374517 42.1336361099692 40.2731759688433 39.3698791686226 39.9755259296473 41.6639138740652 44.8963537146063 49.1374285852208 54.1234013192794 59.5287123077056 64.7732429644641 69.353272837751
79.5382557476268 80.5784942683052 80.9833515531876 80.6092154138229 79.7324846351848 78.1536985846127 75.7904548013911 72.7859547979691 69.8366611880415 66.7931793016546 63.6226130162968 61.2419050581315 58.642327042187 56.1872477671679 53.6732021149467 51.4465759712107 49.5411068691927 47.2095609692966 44.3643788730397 41.0867898604449 37.3794892254998 33.5772012822768 29.9353631945217 26.5303361836602 23.7611900918624 21.5019587979597 19.9496786103529 19.228783113115 19.2524134551778 19.9684518365299 21.6453037893071 24.3006741088979 28.1069623862996 32.9297032356262 38.5738456389483 44.5034195114585 49.833991317188 53.6677106128019 55.3550334958469 54.8520251442404 52.6790096759796 49.5878614117117 46.3276614301345 43.7186399908627 42.1040552714292 41.3200188734952 41.8340908779817 43.7122060165686 46.920997914146 51.083534857806 55.7789962431964 60.6050860040328 64.9835984777002 68.1605626765419
80.092713285895 80.4691971330082 80.5149185797747 79.8696087107939 78.5557903822731 76.6069334675284 74.2088751652662 71.2952805266661 68.1013957752901 65.1892642869669 62.0228127206073 58.9641657436595 56.2422605227022 53.8796985640245 51.2939442816903 48.6436769611695 46.0237424724242 43.3066441732294 40.2846344779519 37.0532117380815 33.4357090978061 29.8127848681282 26.4052620354821 23.5425936825135 21.2058564915377 19.3964412983726 18.3671362259809 17.9179732519038 18.299202617477 19.3460285523359 21.3094124373268 24.4024393979241 28.5058160669663 33.7113542697009 39.742639836143 45.947720597772 51.443028940874 55.4237700911129 57.2069819955265 56.6995166049284 54.4711087170769 51.4213839278502 48.3180550967946 45.7789146900177 44.1944691854365 43.6427238268011 44.1971815929693 46.1345220173106 49.1880455297582 53.077021241188 57.371038759456 61.5023483809303 64.7399022719439 66.4538759063272
80.4039434264688 80.2754153644337 79.7880142155816 78.713034770068 77.1217619250802 75.0828409615685 72.5554187157575 69.8007873436984 66.8575619844829 63.99076637801 60.9109148032525 58.0028704545077 55.1279288670596 52.3016009190503 49.4895013114985 46.6498086242115 43.7910077922484 40.5210152864456 37.0896985951592 33.8239087497487 30.5149416993646 27.2884067647597 24.3590311723597 21.7552460256745 19.7546864187016 18.3610531722798 17.4414161478772 17.4005344685386 18.0755802112467 19.3558831635643 21.5980585813522 24.9538914596333 29.3499592472525 34.7710866367116 41.052263582454 47.4630422171424 53.1198952198029 57.0634569981519 58.8813451879165 58.4927723547992 56.4683807176702 53.7604002111098 50.7483403402216 48.2638795235578 46.8450241299237 46.3788792315651 46.7874104345546 48.4385419908692 51.3648860945421 54.7781680682126 58.388420343399 61.5553082017338 63.5992581563837 64.0086262155982
80.2198260531706 79.6373111219967 78.4370784899768 77.0318017707151 75.2541895754197 73.2217650273267 70.7885094951181 68.2986935377121 65.8575642529656 63.1896994464538 60.5012513153693 57.9988044745782 55.1818307603107 52.1822097757283 49.1228375575122 46.1732537746429 42.9285544507644 39.61320645143 35.9900154962259 32.4286344577284 29.0190977524309 25.9509581713115 23.149994811591 20.8461441783344 19.0578726950814 17.9113610912772 17.4121897816658 17.6311875196064 18.445404270116 20.0144353403765 22.5410866176381 26.0180656489204 30.6173735506394 36.1965517296511 42.5076885503881 48.9221478630515 54.5607743824229 58.571903144612 60.4301353342393 60.4840777761796 58.7432866376989 56.1027545508216 53.3590567532708 51.1063678264618 49.6800398966845 49.1338459113065 49.5658335089684 50.8840209035312 53.2652333203484 55.9454748420154 58.4402925617555 60.3679324318381 61.1439346004935 60.3304524141199
79.3343356356901 78.388040823095 76.7389914428487 74.7549045226153 72.89063595323 70.8621615802541 68.9372018926284 66.6935396895689 64.8035599904902 62.6834987892824 60.5232292063096 58.4771198174533 55.9806124322555 53.2100707257495 50.1581269414986 46.9522216670653 43.5186696140205 39.9036423555192 36.1812861789675 32.4199048543678 28.8478723203435 25.60413335702 22.935190635569 20.9371502785122 19.4690747611663 18.5158780076925 18.2360803519978 18.4808608574026 19.4964525208754 21.3292874728932 24.039707029567 27.8263488937827 32.5953760988572 38.3371215988608 44.6263675829943 50.8112722845638 55.9631950434516 59.7673354148865 61.8983401691212 61.9984749625711 60.5301766956554 58.2788452821619 55.9525125307195 54.0055725294001 52.5391358067008 51.71459733388 52.2863632931429 53.2303371148951 54.4854278073591 56.4952041682075 57.4079255005893 58.0330483001821 57.4853725783965 55.5579208135605
77.5698573729571 76.2355486364926 74.3929547842811 72.1169892339145 70.0353066360249 68.2806535047643 66.7274491786957 64.9335054229288 63.6344954897376 62.2287893435534 60.8071399751831 59.1195034735343 57.2384782398448 54.8493600242278 52.0013687628157 48.8785551093957 45.2858878514346 41.3156062504824 37.4691295387114 33.540531738716 29.881860547206 26.6050927533823 24.054518226315 22.2213859137367 20.7916069311254 19.8635000621571 19.6663014047286 20.0318973835777 21.0998067996081 23.2591475458706 26.0589244926677 29.7850140824037 34.5530179668875 40.1783834345201 46.3054803679971 52.3542490846971 57.5138526523814 61.1181052432341 62.9667996518752 63.2285651038675 62.1391468749327 60.4036471282735 58.5980804387261 56.9609528429368 55.105884169831 54.3212037331918 54.5757709636408 55.0177502491895 55.3097112669664 55.572141198551 55.6221213691375 54.7426159732482 53.0360544639475 50.2281785712523
74.8178023731007 73.204152135288 71.1196544731364 68.8140327088973 67.0053958752576 65.6150384089526 64.446625807706 63.1062572072534 62.3884522564271 61.8573708499179 61.1142293004429 59.9397701165255 58.5993912605678 56.7873377905172 54.200267362244 51.1884975065203 47.4954830053098 43.5732238248867 39.6548314778244 35.6667596242007 31.9490818013163 28.9516137277379 26.4725898223765 24.574266686159 23.094273686409 22.1863831421908 21.9040472226984 22.3922746181488 23.4876648117514 25.4846204449149 28.3816389476552 32.150202218224 36.796983312158 42.1341894654667 47.835371129653 53.416989550871 58.2152591873618 61.881939944099 63.9845583859612 64.3907291468452 63.5390784179463 62.295028630425 60.9934642595403 59.0787807913388 57.7212323686656 56.8563091123805 56.3392953276634 56.0187188036302 55.4940154061598 54.3206136857762 53.304398578756 51.2848932532703 48.4995891977759 45.0031476722044
71.3358088942135 69.4896781865288 67.4098392795114 65.3337713690365 63.908908773871 62.7521853867699 62.0701720363954 61.3449028029161 61.0460388555246 61.2623022759662 61.2571512671078 60.8262282504755 59.9266907152008 58.5124631506555 56.2095484751112 53.4507526264471 50.0580490213983 46.3206382043221 42.3503951658221 38.5113549758406 35.1648434610928 32.1804589874604 29.7958024740219 27.9449781950782 26.4398221268373 25.4262906523312 25.1924749402439 25.5787826145397 26.7911072338329 28.6449170252856 31.0306847936967 34.5721123499029 39.2099242350634 44.1633426722358 49.3291219262516 54.2894315719604 58.5373753659865 61.9424867910497 63.9960095461677 64.8137849078459 64.6677607227774 63.6475829797633 62.3153921015122 61.223418106051 60.0808474701994 58.8834770532215 57.5320850575671 56.550194912097 55.351382858613 53.417650755714 50.9038848175722 48.326334252077 44.6102983741199 40.6154399619383
