PREC/medie_oi/CUMULATA_MEDIA_AMGLAS.asc
NCOLS 177 
NROWS 174 
XLLCORNER 1436301.375 
YLLCORNER 4916704.5 
CELLSIZE 1500 
NODATA_value -9999 
[rows 96 to 119 of 174, columns 54 to 107 of 177]
418.318012237549 405.539627075195 394.72038269043 386.33833694458 380.385246276855 377.360496520996 374.046035766602 371.657569885254 372.589904785156 375.915580749512 377.79345703125 379.159530639648 379.785869598389 377.374458312988 372.095561981201 363.403461456299 346.39151763916 321.951133728027 292.339557647705 261.336729049683 231.913637161255 207.123170852661 185.96185874939 169.48637008667 155.615779876709 147.256694793701 144.117701530457 146.855059623718 154.495880126953 166.61156463623 183.474847793579 204.279596328735 234.560424804688 271.759059906006 309.862182617188 345.678226470947 376.084384918213 403.392917633057 421.363056182861 430.63053894043 434.940269470215 432.676670074463 430.162216186523 421.881450653076 409.181224822998 393.102924346924 373.465126037598 351.342067718506 330.5618019104 309.317901611328 283.971393585205 258.74426651001 232.211093902588 204.165092468262
384.303524017334 371.317939758301 362.131637573242 356.777667999268 353.346515655518 351.179164886475 350.102207183838 353.333690643311 357.940784454346 365.168075561523 370.933784484863 375.430904388428 377.317794799805 375.936424255371 375.110237121582 368.590629577637 354.523216247559 334.134471893311 309.11922454834 282.96607208252 257.738925933838 235.718233108521 216.75599861145 201.124216079712 187.175018310547 179.629480361938 176.637495040894 178.726409912109 186.50545501709 197.116540908813 212.396141052246 231.713178634644 256.712902069092 287.014560699463 319.218231201172 348.672885894775 372.877269744873 395.511859893799 411.060169219971 421.169948577881 428.654235839844 432.481643676758 431.502311706543 426.980289459229 419.226467132568 403.149059295654 382.312984466553 358.573566436768 333.047019958496 305.054843902588 276.433963775635 247.424465179443 216.151147842407 185.051246643066
349.594299316406 339.749778747559 335.338035583496 332.500087738037 330.631198883057 329.498413085938 332.622035980225 340.029537200928 349.049728393555 358.454608917236 368.071475982666 373.349067687988 375.913799285889 376.728488922119 375.524990081787 370.180446624756 359.20707321167 342.18297958374 322.96768951416 302.868789672852 283.491653442383 265.588878631592 250.122066497803 234.624391555786 223.74488067627 217.226312637329 213.593154907227 213.66640663147 220.118740081787 228.284704208374 240.183366775513 256.835584640503 275.294902801514 299.556083679199 324.373062133789 347.616764068604 366.891868591309 384.164474487305 397.113391876221 406.563449859619 414.357208251953 420.36888885498 422.075416564941 423.603469848633 417.784503936768 405.800437927246 388.63582611084 366.673126220703 339.20251083374 307.842231750488 273.491027832031 239.339385986328 205.598518371582 173.494516372681
322.261081695557 316.633728027344 313.748035430908 313.881214141846 313.912586212158 317.166313171387 323.938694000244 333.246864318848 343.546482086182 353.954635620117 364.357299804688 371.101989746094 375.613433837891 377.920585632324 377.555328369141 370.649379730225 360.959938049316 347.855525970459 334.495830535889 320.001983642578 306.90075302124 294.527870178223 281.43790435791 270.570625305176 262.079671859741 255.553400039673 250.439220428467 247.769546508789 250.875076293945 255.314588546753 262.015111923218 273.163841247559 285.620918273926 303.260173797607 321.24165725708 337.26146697998 351.47102355957 365.718681335449 375.928787231445 383.476055145264 391.349403381348 399.817798614502 403.857654571533 408.275741577148 407.828773498535 402.363479614258 390.865615844727 372.99235534668 346.283660888672 312.665130615234 276.66089630127 238.806865692139 200.778625488281 166.754625320435
301.836307525635 301.146373748779 301.061511993408 301.799015045166 305.063312530518 311.267395019531 320.977188110352 331.248054504395 341.155902862549 351.543785095215 361.596176147461 372.671226501465 377.752479553223 379.716079711914 377.84884262085 372.531105041504 363.070812225342 353.54797744751 344.650749206543 334.544425964355 326.874507904053 317.664878845215 309.59005355835 302.783424377441 295.815742492676 288.560531616211 281.284362792969 275.147605895996 272.911975860596 272.970676422119 273.698863983154 278.812446594238 285.519134521484 296.446887969971 308.012985229492 319.582668304443 329.552627563477 337.181720733643 348.029804229736 355.748649597168 364.383739471436 372.580795288086 379.986507415771 387.226722717285 391.668140411377 392.648124694824 387.668140411377 373.715023040771 350.175498962402 316.726654052734 279.342525482178 239.363380432129 200.314367294312 165.050424575806
289.696647644043 292.671882629395 296.210681915283 300.343433380127 304.706108093262 311.379131317139 320.057723999023 330.448883056641 341.594417572021 353.77564239502 365.774379730225 374.775856018066 381.22717666626 381.982051849365 379.113773345947 373.402473449707 366.874813079834 358.513664245605 353.478801727295 347.436302185059 339.838745117188 334.880931854248 331.914813995361 326.82292175293 320.291034698486 311.532737731934 301.236000061035 290.654365539551 282.410385131836 278.243228912354 274.016609191895 273.007926940918 275.320701599121 279.619071960449 287.245361328125 295.990062713623 303.401931762695 309.452415466309 316.592697143555 326.220710754395 334.344036102295 342.764095306396 352.840438842773 363.190055847168 371.053085327148 376.254104614258 375.210109710693 365.513408660889 344.505195617676 315.993991851807 280.057090759277 240.456085205078 201.728364944458 166.93288230896
284.879858016968 291.907451629639 298.815505981445 304.314979553223 308.721904754639 315.336738586426 323.436378479004 333.836330413818 346.325042724609 357.94083404541 370.331783294678 378.649871826172 382.409664154053 383.754978179932 380.76375579834 376.417526245117 369.830196380615 361.710182189941 356.845882415771 352.820831298828 349.81693649292 347.056888580322 344.575931549072 339.715042114258 331.990951538086 321.232772827148 307.643455505371 293.030788421631 279.314163208008 270.593334197998 262.859966278076 257.579462051392 256.202507019043 256.588470458984 262.434383392334 270.106063842773 277.069522857666 283.711536407471 289.903861999512 297.556095123291 306.823833465576 314.541679382324 325.543106079102 336.610542297363 346.81999206543 353.121608734131 353.49405670166 349.107433319092 333.832748413086 309.079593658447 276.006229400635 239.044750213623 202.50782585144 169.906604766846
284.125883102417 295.50318145752 304.870719909668 311.75114440918 316.699123382568 322.796806335449 330.070304870605 340.046436309814 352.073524475098 363.749881744385 374.547744750977 381.680644989014 384.566291809082 383.926948547363 381.366886138916 376.770709991455 371.108306884766 364.963672637939 361.44017791748 358.393474578857 356.568584442139 352.539070129395 347.749359130859 341.037883758545 331.221019744873 317.644645690918 301.25838470459 283.592281341553 266.610847473145 254.016048431396 244.029447555542 236.653242111206 232.82991027832 232.471935272217 237.976888656616 245.896024703979 255.667081832886 263.623249053955 271.30477142334 279.166496276855 286.312328338623 291.891128540039 302.368690490723 310.992805480957 319.606105804443 326.203910827637 330.398727416992 327.347625732422 314.956539154053 293.901767730713 265.464092254639 233.584989547729 201.939962387085 174.979391098022
286.483734130859 300.338764190674 310.692237854004 318.143550872803 323.206577301025 329.778247833252 336.393947601318 345.429500579834 356.9345703125 368.364624023438 378.948822021484 386.539989471436 388.351104736328 386.719345092773 384.518280029297 381.502445220947 376.474933624268 370.364547729492 365.084339141846 360.596843719482 357.291366577148 352.291797637939 344.24341583252 333.363739013672 320.83784866333 304.803897857666 286.273006439209 266.680107116699 248.161176681519 232.66024017334 221.638549804688 214.457246780396 210.136447906494 210.992645263672 218.515270233154 227.955375671387 238.118255615234 248.187480926514 257.487066268921 264.975395202637 271.63399887085 278.681301116943 286.503433227539 292.84383392334 297.407649993896 302.389743804932 304.306049346924 300.419258117676 289.651924133301 272.648441314697 250.297325134277 225.34815788269 202.555381774902 180.503154754639
288.84651184082 303.050548553467 313.878829956055 320.903335571289 326.574604034424 332.988658905029 339.685493469238 348.217281341553 359.363758087158 370.31579208374 380.655261993408 388.51180267334 391.84349822998 391.760272979736 389.111614227295 385.208522796631 379.811229705811 372.762619018555 366.95938873291 360.64185333252 354.607692718506 345.677261352539 334.996898651123 323.384559631348 306.872634887695 288.429618835449 268.191295623779 247.856670379639 228.90195274353 212.773101806641 200.433162689209 193.842334747314 190.320489883423 195.207178115845 202.971382141113 213.51319694519 225.694957733154 237.988582611084 248.66216468811 256.307716369629 262.677890777588 268.600469589233 274.474174499512 278.909675598145 281.447845458984 280.676052093506 278.578941345215 273.161785125732 263.127464294434 249.820964813232 233.566591262817 217.748168945312 201.246938705444 185.550092697144
290.921564102173 304.006984710693 313.457996368408 320.458194732666 325.393707275391 331.439289093018 339.086414337158 348.546997070312 360.019432067871 370.457248687744 380.977172851562 389.522457122803 394.385887145996 396.504112243652 393.324882507324 389.10221862793 382.591064453125 372.650875091553 365.350841522217 358.20467376709 349.53812789917 338.522960662842 325.614479064941 310.918392181396 292.705757141113 273.495994567871 252.947448730469 232.092538833618 212.01300239563 196.147346496582 184.495998382568 176.715967178345 175.630186080933 181.700359344482 190.789390563965 203.431596755981 218.020877838135 231.452646255493 243.781539916992 253.769714355469 261.05842590332 265.168224334717 267.660339355469 268.950319290161 267.336786270142 263.522796630859 255.96989440918 248.117538452148 238.581720352173 228.260063171387 218.180715560913 209.378261566162 199.71216583252 191.454097747803
292.899690628052 302.8469581604 309.427680969238 315.298362731934 319.724998474121 324.970714569092 334.513946533203 346.659301757812 358.688934326172 368.651077270508 380.728302001953 390.67626953125 397.185710906982 399.321804046631 397.183238983154 391.233627319336 383.985328674316 373.263568878174 363.608810424805 354.247386932373 343.961437225342 329.943492889404 316.516136169434 299.934423446655 281.549282073975 261.065498352051 240.672294616699 220.298583984375 201.158884048462 184.399408340454 172.595176696777 166.186616897583 167.523656845093 172.823812484741 182.592969894409 196.215402603149 212.707777023315 229.507381439209 244.998615264893 257.25835609436 264.476024627686 267.073041915894 265.495950698853 262.964328765869 257.63423538208 250.076473236084 239.530700683594 229.276020050049 219.321771621704 211.042823791504 206.04172706604 201.77220916748 198.756435394287 197.14008140564
295.895626068115 301.108337402344 303.806499481201 307.419616699219 310.512535095215 315.920886993408 326.622760772705 339.567581176758 353.126251220703 365.344932556152 379.125869750977 389.722438812256 397.195560455322 399.551498413086 397.212268829346 390.573959350586 381.314609527588 372.343013763428 362.113330841064 350.379745483398 336.216594696045 322.46662902832 308.221286773682 291.56746673584 273.283399581909 253.58783531189 233.198543548584 212.865907669067 193.902139663696 177.970096588135 166.250688552856 161.49015045166 163.078617095947 168.898143768311 179.661098480225 194.972873687744 213.192270278931 232.494777679443 249.96958732605 262.720222473145 269.687911987305 270.827644348145 267.505704879761 260.536489486694 252.309181213379 242.295017242432 229.736610412598 217.267848968506 207.269311904907 199.670610427856 197.08868598938 196.386096954346 197.9645652771 200.323310852051
300.431392669678 299.207633972168 297.283584594727 297.379905700684 298.313568115234 302.875663757324 312.486434936523 326.766998291016 339.458755493164 357.603096008301 372.912761688232 384.731384277344 393.836372375488 397.066513061523 395.19905090332 387.313972473145 380.287776947021 369.578964233398 358.999607086182 346.046985626221 331.622817993164 316.72301864624 302.709197998047 287.006023406982 269.516090393066 250.414793014526 230.861192703247 210.686738967896 192.13955116272 176.830255508423 165.612719535828 161.361038208008 162.997496604919 169.471368789673 180.9811668396 197.393375396729 217.000469207764 238.090948104858 257.279258728027 271.682802200317 279.370580673218 280.395055770874 275.156810760498 265.602418899536 253.636283874512 240.605701446533 226.759748458862 212.382053375244 201.770902633667 194.61808013916 191.828186035156 192.21388053894 196.212928771973 203.997533798218
302.435848236084 296.895069122314 288.713333129883 284.115211486816 282.348621368408 285.733020782471 293.537784576416 304.620960235596 321.22318649292 341.520706176758 359.156455993652 372.252086639404 381.699279785156 384.660579681396 384.92134475708 379.680500030518 372.519309997559 363.101123809814 352.931205749512 338.181846618652 325.815896987915 313.450336456299 301.06841468811 287.094816207886 271.450614929199 254.163385391235 234.686159133911 215.540782928467 196.95922088623 181.564655303955 170.454782485962 166.342120170593 167.436902999878 173.684949874878 185.28724861145 201.997531890869 222.456726074219 244.361841201782 264.792137145996 280.661775588989 290.175958633423 292.660671234131 288.537481307983 279.269681930542 265.497581481934 249.751523971558 231.555473327637 214.662218093872 201.840370178223 193.675413131714 191.176118850708 192.023494720459 197.62414932251 207.500717163086
300.164966583252 288.175148010254 276.838138580322 266.761940002441 260.145698547363 260.282049179077 266.425106048584 278.653179168701 295.397010803223 315.464488983154 333.639190673828 348.682052612305 359.6083984375 368.185497283936 370.83239364624 367.29252243042 360.925685882568 351.259052276611 342.772998809814 332.408641815186 320.287691116333 310.825340270996 302.237800598145 290.280685424805 278.125154495239 262.131467819214 244.248628616333 225.269506454468 207.190006256104 191.57562828064 179.629347801208 173.944856643677 174.458251953125 180.149251937866 191.342206954956 208.274913787842 229.236972808838 251.804735183716 272.978496551514 289.912811279297 302.062152862549 308.180303573608 306.359468460083 298.148857116699 284.230176925659 266.721363067627 245.380958557129 227.010614395142 211.473697662354 199.709306716919 195.651336669922 196.116348266602 200.522611618042 209.381860733032
289.851615905762 271.1037940979 252.910520553589 241.144737243652 231.179109573364 228.949851989746 234.511516571045 245.378211975098 262.964477539062 282.125366210938 300.980182647705 318.496196746826 333.054656982422 344.360382080078 349.307952880859 349.381050109863 344.527416229248 337.116893768311 330.871433258057 322.729846954346 314.841154098511 308.322130203247 302.889831542969 295.407421112061 285.233930587769 272.645866394043 256.782905578613 238.339715957642 220.044221878052 203.447637557983 190.605792999268 183.705924987793 182.427622795105 188.725168228149 199.071952819824 214.8974609375 234.617343902588 256.528255462646 278.607088088989 298.510286331177 314.869779586792 324.599607467651 326.916015625 321.670894622803 308.788614273071 289.412826538086 265.659812927246 244.298023223877 225.791646957397 211.944213867188 205.314031600952 204.211263656616 205.678457260132 211.659023284912
273.868339538574 251.089956283569 228.910449981689 213.107582092285 201.767826080322 196.805461883545 199.362985610962 209.401189804077 224.894102096558 242.61187171936 262.465175628662 282.198627471924 299.127021789551 311.414665222168 320.165840148926 323.955020904541 322.759159088135 318.076637268066 314.091173171997 308.931619644165 305.15781211853 300.674131393433 299.901641845703 296.283491134644 291.835437774658 283.536998748779 270.25901222229 253.195388793945 234.194860458374 216.437963485718 201.817380905151 193.298902511597 192.13010597229 196.323867797852 205.294694900513 219.372581481934 237.858455657959 259.192510604858 281.80481338501 304.796136856079 325.403127670288 339.533779144287 346.502897262573 344.454414367676 333.324501037598 313.124368667603 289.988208770752 266.217914581299 245.156162261963 229.581636428833 218.743272781372 214.474618911743 213.389142990112 215.30993270874
250.009031295776 223.591094970703 200.148317337036 182.760469436646 170.882455825806 163.61639213562 163.683507919312 172.189916610718 184.743511199951 201.276695251465 220.694219589233 241.130647659302 259.363739013672 273.466514587402 283.501655578613 291.198783874512 292.628561019897 290.732740402222 289.043476104736 286.821485519409 286.837190628052 289.014837265015 292.088092803955 295.094797134399 296.066778182983 292.143362045288 281.855010986328 266.022853851318 246.582071304321 227.146591186523 211.186504364014 201.143285751343 198.321220397949 200.090635299683 207.989133834839 220.820150375366 238.158967971802 258.919658660889 282.168687820435 307.283893585205 330.760597229004 349.454700469971 361.2512550354 362.708366394043 352.945472717285 335.460731506348 313.59295463562 290.726663589478 268.951871871948 249.235389709473 233.753618240356 225.378507614136 221.15616607666 217.442630767822
219.606327056885 191.841270446777 168.191240310669 151.062536239624 139.207328796387 131.59974861145 131.394201278687 136.98331451416 146.976737976074 161.366758346558 178.992980957031 198.098489761353 216.099103927612 230.817028045654 242.945192337036 250.243860244751 254.126180648804 256.059371948242 257.320791244507 259.59313583374 265.521034240723 272.430686950684 279.879152297974 287.893728256226 293.892665863037 294.203277587891 287.078880310059 272.838329315186 252.826389312744 232.225297927856 215.557859420776 204.4605884552 199.549278259277 199.98131942749 204.798831939697 216.786691665649 233.487440109253 253.521270751953 277.951015472412 303.955305099487 329.187015533447 351.26607131958 367.933620452881 372.315395355225 367.73747253418 354.336452484131 335.403348922729 313.649894714355 290.51794052124 269.380233764648 251.78491973877 237.138807296753 228.033483505249 219.167631149292
185.272058486938 159.39225769043 137.091225624084 121.300804138184 110.167424201965 102.707605361938 102.888339042664 106.293398857117 114.005873680115 125.677812576294 140.25159072876 156.472448348999 171.503751754761 186.428819656372 198.740427017212 207.174825668335 213.145839691162 216.904790878296 220.967895507812 228.309101104736 238.414190292358 248.807165145874 259.905439376831 272.042125701904 282.554315567017 286.798030853271 282.629947662354 268.899505615234 249.675670623779 229.45947265625 212.020395278931 199.804248809814 193.155696868896 191.792837142944 195.460990905762 205.511892318726 221.039070129395 239.545015335083 265.411792755127 291.032384872437 317.24168586731 341.915885925293 361.009426116943 372.837520599365 372.708963394165 363.049247741699 348.843814849854 328.856637954712 308.406831741333 287.20666885376 267.319381713867 249.146615982056 232.799573898315 217.113025665283
151.085248947144 128.669188499451 109.447348594666 95.8453788757324 86.2684555053711 79.3395471572876 79.1365203857422 80.9108924865723 86.4663600921631 95.2521629333496 106.395751953125 117.986077308655 130.881920814514 143.939485549927 155.029573440552 164.459457397461 171.776691436768 177.59531211853 184.081827163696 192.937097549438 205.564754486084 218.398637771606 231.973335266113 248.094766616821 261.65736579895 268.654710769653 266.048885345459 254.174259185791 236.851587295532 216.934686660767 199.667901992798 186.460218429565 178.53412437439 176.635652542114 178.624429702759 187.713220596313 201.53853225708 220.622598648071 243.604400634766 268.686336517334 295.804290771484 322.286638259888 345.306949615479 360.180938720703 363.492630004883 359.255527496338 349.033092498779 333.177537918091 316.095449447632 297.546316146851 276.299644470215 255.72732925415 234.872699737549 212.184188842773
120.358989715576 101.99647808075 86.4149599075317 75.0921540260315 67.5851273536682 61.3551168441772 60.5255842208862 61.3940153121948 65.1901569366455 70.9950928688049 78.6354866027832 87.3279476165771 97.9012269973755 108.499979972839 117.704225540161 125.254391670227 133.058835983276 139.86371421814 147.682217597961 158.118026733398 170.712713241577 185.861171722412 201.226589202881 219.020402908325 233.732391357422 241.512565612793 239.794651031494 230.390922546387 214.066474914551 194.811462402344 178.419635772705 165.854520797729 157.114349365234 155.027714729309 155.926235198975 163.706528663635 175.450050354004 193.532169342041 214.874155044556 239.823884963989 266.019567489624 292.947437286377 316.67943572998 333.4332447052 339.569175720215 340.884323120117 334.561838150024 323.510234832764 310.03741645813 294.333652496338 273.917596817017 251.694826126099 228.197776794434 201.79197883606
94.9960517883301 80.4868516921997 68.3102407455444 59.2362599372864 53.2516822814941 48.3213505744934 47.2909154891968 47.1636619567871 49.1914191246033 53.1876921653748 58.3074078559875 64.7034769058228 72.3402495384216 80.0304231643677 87.0402221679688 93.2441415786743 99.4166221618652 106.736504554749 115.161338806152 125.630805969238 138.4069480896 153.192840576172 169.172937393188 187.027973175049 201.666996002197 209.489282608032 208.945203781128 199.99728012085 184.860265731812 166.923849105835 151.850465774536 140.110350608826 132.019730567932 129.060148239136 129.743825912476 136.486291885376 146.218470573425 162.502115249634 183.002025604248 204.763944625854 229.651365280151 254.789237976074 277.673221588135 294.532251358032 303.127872467041 307.908966064453 305.739940643311 299.009189605713 288.834512710571 275.941337585449 256.871515274048 234.621255874634 209.856863021851 182.328664779663
