PREC/medie_oi/CUMULATA_MEDIA_06.asc
NCOLS 177 
NROWS 174 
XLLCORNER 1436301.375 
YLLCORNER 4916704.5 
CELLSIZE 1500 
NODATA_value -9999 
[rows 96 to 119 of 174, columns 54 to 107 of 177]
62.3159288518569 61.5100524004768 60.7153001673081 60.1653163573321 59.6265203812543 59.4373942543479 58.3116137560676 57.5956923681147 56.9774220270269 56.1258575355305 54.9905302524567 54.0735455821542 53.2992031434003 52.6305082826053 51.883350204019 50.9102554040797 48.7552984041326 45.3236926864175 41.0795711489285 36.5274064681109 32.2492493601406 28.7914624073926 25.76060498462 23.4895646431867 21.5830063960131 20.4888515893151 20.188235374058 20.828000124763 22.2937011858996 24.2754728022744 26.7995390541413 29.8310301864848 34.2323120481828 39.6720455674564 45.2627904835869 50.6807189548717 55.5826415735133 60.5627552200766 64.5831954619464 67.7872168036068 70.4329773398007 71.7449998855591 72.9517297183766 72.7287734536564 70.9300367691938 67.7519617641673 63.6311751533957 58.9494672382579 54.6790254536797 50.4895973766551 45.7015892477596 41.0384216869579 36.3828775742475 31.6448971243466
57.2555563169367 56.1659884733312 55.713182589587 55.4939011966481 55.046789449804 54.6694284887875 54.3741083004895 54.7963030338287 54.5900988017812 54.5188555997961 54.0707111218396 53.4843098836787 52.8180767227622 52.1521383173326 52.144762656268 51.5939830331241 49.8759121053359 47.0750285877901 43.5279488423291 39.8267220048343 36.1933458833133 33.0633772962234 30.36117365781 28.1463221942677 26.2188348770142 25.2917336155387 25.0262570661657 25.6412799147999 27.2704187841976 29.038795078502 31.4231308067546 34.3059590564055 38.0502841753118 42.6261291223414 47.4479186675128 52.0595362466924 56.1859018942889 60.5082125383265 64.1302088569192 67.3604544471292 70.3997945224538 72.724217190462 73.6554414524752 73.7670196084415 72.3340492248535 68.985608774073 64.4638193915872 59.456631492166 54.2037931610556 48.8506133275874 43.714964389801 38.6660539542927 33.3156939254088 28.1294575579026
52.0494818687439 51.342092850629 51.185003378812 51.2172475842869 51.2345083601335 51.0130205294665 51.5950819464291 52.6061974693747 53.443927323117 53.8709679631626 54.0364974386552 53.4151247669669 52.6801781373865 52.317685211406 52.1976070404053 51.8508546773125 50.5179053194383 48.3494656506707 45.7438624045428 42.9924834195305 40.2606800864725 37.6242048600141 35.3728397313286 33.1154139462639 31.6696946480695 30.8339132000418 30.5333941123065 30.874715496512 32.4291526710286 33.8781563043594 35.7466523647308 38.3158432245255 41.1098343624788 44.9632883212146 48.9464688862071 52.7214819263009 56.1520737479715 59.6877366514767 62.8848627875833 65.8041912527645 68.6075320524328 70.9902145161348 71.9123331518734 72.5809711007511 71.3617795495426 68.6118413700777 64.7370448673473 60.0628990846522 54.5624429478365 48.7510358445785 42.6218332963831 36.8136269625495 31.243587753352 26.1059927449507
48.0242869713727 47.8199639390497 47.8222850771511 48.0266358010909 48.0447133989895 48.8747207837946 50.1503023961011 51.4073531627655 52.6428993168999 53.3844212924733 53.6520342125612 53.3072358019212 53.0395561106065 52.8135136155521 52.7721896732555 52.0352669603684 51.0187541456784 49.4247510012458 47.7613778675304 45.81112241745 44.0232808169197 42.2113158562604 40.1956018840565 38.5090503692627 37.3482963477864 36.4590756612666 35.9328231250539 35.9230590427623 36.9916646270191 37.9592881413067 39.0732132827534 40.8116935211069 42.7878965560128 45.7881227731705 48.9071667474859 51.8145197419559 54.5446139223435 57.5851641542771 60.1984015352586 62.5597774842206 65.0233391032499 67.394154436448 68.4685701482436 69.2382954990163 68.7771447686588 67.1393738353954 64.3424990878386 60.5201618250679 55.2684646914987 49.1210376094369 42.7486186027527 36.4249669909477 30.2590534441611 24.8226184038555
44.6928439490935 45.1951678219963 45.4186420300428 45.7515939754598 46.3894612368415 47.4310199302786 49.2666048863355 50.9035292443107 52.0450260779437 52.9539906557869 53.4701992623946 53.9549304737764 53.7325918393977 53.4357019031749 53.2089380095987 52.7781142066507 51.795899699716 50.7983065773459 49.8015479761011 48.4772869558895 47.3731996872846 45.9207745439866 44.541391064139 43.4544803535237 42.3635294858147 41.297930598259 40.4141205759609 39.8526264078477 40.0390695613973 40.4649547268363 40.6768030769685 41.6263613139882 42.7240337694392 44.7953164998223 47.1016791988822 49.4652359906365 51.5745631666744 53.474048614502 56.1112016509561 58.320203668931 60.5240112192491 62.5455241483801 63.7807404013241 64.8997089161592 65.269495010376 64.8721269158756 63.3847570980296 60.3132509904749 55.6318065418917 49.4900757740526 43.0027674857308 36.3487041890621 30.0786240170984 24.5733970123179
42.967969936483 43.6589129672331 44.6248177780825 45.4747334648581 46.1866594412748 47.263392125859 48.8801279979594 50.5238249582403 52.20631525797 53.3075022977941 54.1321000141256 54.5334740947275 54.5527864484226 54.2524042690501 53.8801958140205 53.4739853073569 52.9344643985524 52.1624451244579 51.7983097188613 50.9420769915861 49.7330754504484 48.8226549204658 48.1300760858199 47.1912742783042 46.0162381845362 44.5851800021003 43.1724666146671 41.892288460451 41.0201801903108 40.9483849090688 40.5172223413692 40.5545353258357 41.1501640572267 42.1943323121351 44.0143874743406 45.999924547532 47.7846051103929 49.4507011666017 51.2605166154749 53.5824503618128 55.4787555301891 57.3516854117898 58.7484692405252 60.3847821740543 61.4248413478627 61.8029555993922 61.081748976427 58.7331022655263 54.6051387804396 49.4387678433867 43.2530080378056 36.6861923880437 30.5047951656229 25.0333198799806
42.3941578794928 43.8895486172508 45.0815077949973 46.118255832616 46.8083776656319 47.7662932452034 49.1770835904514 50.8360812664032 52.5819218298968 53.613057031351 54.5221867631463 55.0407141376944 54.8820447641261 55.0459554475896 54.9235153478735 54.6726092170267 54.1376744719113 53.3292409391964 52.9230433632346 52.2848854345434 51.7442205372979 51.0706508019391 50.3083141691544 49.2599274410921 47.7571504957536 45.9684622147504 43.9356466882369 41.9819695037954 40.2072488770765 39.3890175819397 38.6692363900297 38.0847109345829 38.1031487899668 38.7176409188439 40.2209293912439 42.0618220217088 43.868144049364 45.6073753693525 47.2303349551033 48.9865472176496 50.9152990789974 52.3749745312859 53.9319852099699 55.6938633918762 57.2201384095585 57.7791475828956 57.3451090980979 56.2639609224656 53.1509273841101 48.589538533898 42.8436088176335 36.7107007573633 30.866978606757 25.7877150896718
42.5028497611775 44.5990634245031 46.1544735992656 47.1698353360681 48.0272376607446 48.6979131628485 49.7256366084604 51.067957590608 52.6477992184022 53.6758072867113 54.6617363340714 55.0463375764735 55.1381613787483 55.3182399413165 55.543686095406 55.4743844481075 55.2238927168005 54.6230128232171 54.3286993643817 53.7236783925225 53.284040927887 52.2056661213146 51.0245975606582 49.5768161801731 47.6488067402559 45.3698193325716 42.8623979582506 40.3793973501991 38.1074192033095 36.751330501893 35.6355070962625 34.8562922617968 34.4599048039492 35.0268659521552 36.5154530160567 38.4588769253563 40.7126424312592 42.7010192169863 44.543933391571 46.1892789532157 47.4957911827985 48.2193872227388 49.8433585307177 51.1531556073357 52.4055602901122 53.2230421374826 53.7277191702057 52.8253284973257 50.2909743715735 46.3343426672851 41.3717369857956 36.1232818575466 31.0974172160906 26.978713519433
42.8660499698976 45.3820324084338 47.1010714068132 48.1635064938489 48.7703245457481 49.2552295292125 49.8589016970466 50.7609977020937 52.0140641156365 52.9924306869507 54.1307766718023 54.9673301051645 55.4381396209492 55.8875904223498 56.5317552229937 57.0054476401385 56.872638870688 56.2207891520332 55.5566936941708 54.5970193358029 53.7269691018497 52.5452629538143 50.6911451816559 48.5318019390106 46.161588528577 43.4382571402718 40.5995207043255 37.7395190701765 35.2094324897317 33.1991012236651 32.1281933433869 31.4351393790806 31.0873657114366 31.8043067315046 33.6604300737381 35.8853591049419 38.2442307402106 40.55655318148 42.5955184487736 44.0943085866816 44.9691847071928 46.0363818336936 47.1338673058678 48.0341387846891 48.6963283454671 49.4133196858799 49.4948448819273 48.424660249668 46.1726303661571 43.0285114295342 39.1181763638468 35.0480379725204 31.5895585347624 28.2901524971513
42.9425731616862 45.5083475112915 47.3523439379299 48.2153340157341 48.5530456514919 49.0043637752533 49.3765515579897 49.9652277722078 50.8780060515684 51.7493070013383 52.9671176601859 54.2435117048376 55.3236021154067 56.5094361866222 57.4105810838587 57.9376444816589 57.876063487109 57.1953539567835 56.3426934130052 54.9859194755554 53.5299310964697 51.7723283346962 49.390369906145 47.2094988402198 44.1602802136365 40.9544881512137 37.7926105891957 34.8436501376769 32.2158940469517 30.0971857344403 28.6047792715185 28.2565725410686 28.0172260228325 29.5577314531102 31.4647697631051 33.8496745123583 36.5735005000058 39.2420250037137 41.426799844293 42.6492411950055 43.5731037083794 44.3182790700127 45.037081045263 45.7010788286433 46.0056890494683 45.7816205094842 45.1320031741086 43.868419650723 41.7798543817857 39.3525532676893 36.5546883765389 34.0489748330677 31.7233102602117 29.5560264447156
42.6447799907011 45.0299480241888 46.6941430147956 47.5404102521784 47.7065175982083 47.7477558921365 48.3193765808554 48.8366318590501 49.671490725349 50.4759460056529 51.8135112033171 53.442029616412 55.0055859509636 56.7414874750025 57.8989100456238 58.6365672279807 58.4403940369101 57.3856715034036 56.1342567275552 54.7501624612247 52.9260102300083 50.815231070799 48.3214728691999 45.4549370653489 42.1531287782332 38.8949496185078 35.6586454125012 32.6319352318259 29.692460249452 27.6499037567307 26.167952839066 25.2645142919877 25.6634149411145 27.4086168653825 29.5942333726322 32.3500125267926 35.4474556446075 38.0721605034435 40.4522296400631 42.3006817453048 43.4420739622677 43.8752369810553 44.0076969791861 43.9609529691584 43.5192630887032 42.6448671922964 41.1834219098091 39.4743910344208 37.5957993251436 35.7181631835068 34.0447840024443 32.8636255685021 31.7453549749711 30.9325509211596
42.0794100621167 44.0108099614873 45.2103806944454 46.1021499072804 46.2376460608314 46.1622256391189 46.5663305731381 47.6984598776873 48.488699576434 49.2966076626497 50.9313251831952 52.943190574646 54.9571227466359 56.6515719469856 57.9663086778977 58.5362706184387 58.4737374642316 57.3039802382974 55.7119631767273 54.0331600834342 52.1593832969666 49.510071628234 46.9793440454146 43.9223065937267 40.5742355304606 37.1479935996673 33.9276423384162 30.922974635573 28.1570340710528 25.7941051090465 24.268819177852 23.7101834521574 24.4496456209351 25.8140194696539 28.080862585236 31.0474987415706 34.4641791582108 37.8430974588675 40.8371191971442 43.0192086731686 44.0858618091134 44.202313430169 43.580640710452 42.7857591544881 41.6663874913664 40.1397775551852 38.1165911362452 36.120050815975 34.226896089666 32.6398106515408 31.9483237371725 31.6478878890767 31.7117090295343 32.1586542550255
41.7721522134893 42.8943547290914 43.5656661987305 44.1677727278541 44.2713465971105 44.377002954483 44.9757002381717 45.9505506122813 47.2939980450798 48.6531324106104 50.5649483905119 52.6088067784029 54.7030874420615 56.3710349868326 57.5460018270156 58.0318009432624 57.5406496104072 56.7353794434491 55.196640996372 53.1968078893774 50.6865350919611 48.1945535575642 45.634224653244 42.5612266905168 39.3068019572426 36.0350922135746 32.7900206446648 29.7322421810206 26.9693071631824 24.7579413617358 23.2190362285165 23.0348784082076 23.7339072998832 25.231789606459 27.6036492726382 30.7940774893059 34.4889958097654 38.2958861659555 41.6342992116423 43.9058758072993 44.8473835482317 44.8088060249301 43.859424221165 42.2778682375655 40.4346291913706 38.4872038381941 36.0540674118435 33.7561343329794 31.9757561981678 30.6770123313455 30.4087382344639 30.7479037326925 31.6045813911101 32.76321942666
41.6572397666819 41.9905219849418 41.9084727343391 42.0384104812846 41.9652187824249 42.1088674348943 42.7859043934766 44.1104049682617 45.3101666674894 47.8120932018056 50.1052287887124 52.2872564371894 54.5608925538905 56.1382264529958 57.2404945036944 57.3385210037231 57.0889635366552 55.9613371736863 54.5691233522752 52.490929926143 49.8771351645975 47.1311490535736 44.5948847181657 41.7308935558095 38.7072465980754 35.5223698475782 32.3289682374281 29.2273837468203 26.6018532514572 24.4809099470868 23.0194677570287 22.8744428508422 23.5781897639527 25.1543058121906 27.5960490458152 30.8963028560666 34.816449521219 38.9715077701737 42.5949535229627 45.2325472936911 46.4501588677659 46.4776851587436 45.2755773961544 43.1436035755803 40.7061237342217 38.1199951627675 35.3537925394142 32.7509355615167 30.8987703437314 29.6540144191069 29.4240279197693 29.9279665175606 31.2393027754391 33.3523746448405
41.4029309469111 40.9983998957802 40.2272545379751 39.532557536574 39.2117588379804 39.4068382908316 40.0449496157029 41.0618269022773 43.2262473947862 46.0911371848162 48.9569226713742 51.2989378816941 53.4574379079482 54.7643328834982 55.9191368607914 56.1717422990238 55.8270491431741 54.80689330662 53.499981361277 51.0548026842229 48.7856213906232 46.5005095986759 44.2343396719764 41.6325186105335 38.9778478566338 36.06567930474 32.9586979045587 29.9868308025248 27.1894218746354 25.0979659487219 23.5907546983046 23.3457193024018 23.948954799596 25.3757069443955 27.8003868758678 31.1300271276165 35.1106123240555 39.36404711534 43.3012126964681 46.3483424326953 48.1628793285174 48.6737983700107 47.6484705279855 45.5347091450411 42.6113675587318 39.5353787295959 36.1004577051191 33.1192869666745 30.7418781729305 29.4545756823876 29.290216291652 29.7566048958722 31.2941094216178 33.751445665079
40.7107913213618 39.4880738363547 38.0314743588952 36.8021240584991 35.6409358767902 35.4997824360343 36.060686602312 37.7366181261399 40.1600440810708 43.2044744211085 46.1158159480375 48.6994071006775 51.035443502314 53.1253613303689 54.4659613160526 54.7473113536835 54.3495304444257 53.1645027048448 51.9653701221242 50.1206375851351 47.8805262761958 46.0060947151745 44.4941645439933 42.0918851319481 39.9376621386584 37.2318203834926 34.3156678886975 31.3170960475417 28.6253860978519 26.3477451415623 24.5690842095543 24.0397429185755 24.5102250611081 25.759034577538 28.0174972239663 31.2362720440416 35.2117275052211 39.6116287410259 43.8654689438203 47.4569544196129 49.8548224428121 51.3264696247437 50.9284824132919 49.0384162664413 46.0735588634715 42.558765074786 38.5749587942572 35.3503793407889 32.6753073615186 30.5569734608426 30.0605823152206 30.453192318187 31.6500283269321 33.8396217612659
38.9630728644483 36.5640943295815 34.1384398761918 32.6280340587392 31.349169029909 30.8877378071056 31.7814280986786 33.4427759226631 36.1787413709304 39.2178780050839 42.2587009738473 45.2916091189665 48.0114745953504 50.3694498679217 51.8299451435313 52.6434121272143 52.2637048609117 51.2149087400997 50.2062547277002 48.6138964400572 46.9694801008 45.6251208712073 44.4634027130464 42.7301840151057 40.8910421483657 38.6785386520274 36.0213848352432 33.0237239739474 30.2137082008755 27.676851227003 25.7764948501306 24.9109901926097 25.0232377613292 26.2576761333381 28.1960850568379 31.1807868130067 34.9718181035098 39.3303946256638 43.8430756505798 48.0694654969608 51.6033296830514 54.2458153612473 54.8640602406333 53.7370140552521 51.0070844748441 47.1169067270616 42.6129374714459 38.7724283618086 35.6156607690979 33.151109276449 31.892189432593 32.0230461008409 32.4677078723907 33.9758195877075
36.6654657370904 33.762775452698 30.6913571357727 28.5744459839428 27.2524476401946 26.4915246542762 26.960193921538 28.7175504179562 31.237154638066 34.0943532270544 37.4062832103056 40.8001305776484 43.8463212882771 46.2277323778938 48.1220094035654 49.1352757986854 49.2203462544609 48.3845895037932 47.5621707649792 46.4102397876627 45.4560450595968 44.2886645864038 43.8004639218835 42.6057509464376 41.6222240083358 39.9651810912525 37.6796951083576 34.8965539792005 31.9003350243849 29.1680550224641 26.9118160009384 25.7668300446342 25.5917433745721 26.430524515755 28.1009080865804 30.7199222094872 34.3175305689082 38.636965008343 43.3686511306202 48.3375980994281 53.2970519065857 56.7657705335056 58.765411734581 58.5946324222228 56.3854650399264 52.3136814061333 47.8311994706883 43.2643844029483 39.5137976793682 36.8529394479359 34.6999174356461 34.0404018794789 33.9412925453747 34.5766771400676
33.5041385889053 29.94796300285 26.8090611065135 24.430853980429 22.931190476698 22.0690247661927 22.1348745191798 23.7310460805893 25.8431249225841 28.5599765076357 31.7976347558639 35.2629403226516 38.4297591167338 41.0701369818519 42.9421144092784 44.4034072932075 44.5811169287738 44.1224182213054 43.6113538040834 42.8103109948775 42.6228373471428 42.2341762991513 42.2045154711779 42.1115641874426 41.850988647517 40.9026650470846 39.0627588945277 36.4993053394205 33.3504128245746 30.2849396677578 27.7614913898356 26.3001806876239 25.7737886625178 26.1081977977472 27.5138118126813 29.9122924804688 33.3476775779444 37.5844382608638 42.5015370915918 47.9974893051035 53.9388825332417 58.6078804380753 61.6940037502962 62.5758035743938 60.8042639283573 57.4223791991963 53.1302133868722 48.6765240571078 44.6181403188144 40.819080955842 37.8640818893909 36.0405300084282 35.3799100693534 34.7693696653142
29.4126896332292 25.6625817172668 22.4498612740461 20.1207841038704 18.5925495589481 17.7527120604235 17.8425393981092 18.9407594694811 20.6565730080885 23.0405090486302 25.9729975111344 29.1751804071314 32.268814830219 34.8668642605052 36.9542906494702 38.1388963811538 38.6420238298528 38.6234411702437 38.5737668836818 38.4462162676979 38.795386966537 39.3807339598151 39.8603829425924 40.6009840334163 41.094232601278 40.8476408088908 39.5563016919529 37.265951128567 33.9943888818516 30.628160869374 28.0722231023452 26.2675085839103 25.4358546523487 25.4541461713174 26.3882217617596 28.5129766709664 31.8017861843109 35.9732531870113 41.1531986839631 47.3794671086704 53.4219003144432 58.9513728899114 63.3137923128465 64.9012516807107 64.4544179299298 61.7966333136839 57.9957584072562 53.6593078725478 49.0028991629096 44.7273492076818 41.2305102313266 38.2198856525561 36.4036326338263 34.8736721557729
24.721580841962 21.2421690611278 18.2136282815653 16.1067565995104 14.6050013408941 13.7440714836121 13.9701085616561 14.6644876914866 16.0037442025016 17.952839437653 20.4018275527393 23.0840656827478 25.7352967963499 28.233508348465 30.2151489398059 31.5073036586537 32.1859371381647 32.4361464626649 32.5777628001045 33.3537969098372 34.3887658119202 35.3740146160126 36.4509976330925 37.7944568185245 39.0051154389101 39.3728099149816 38.718730505775 36.3909786448759 33.3759227780735 30.3178208014544 27.5099402455723 25.455195833655 24.2869996744044 23.9434516990886 24.6882508186733 26.4748014422024 29.5035537481308 33.3481063632404 38.8145679305581 44.9642045357648 51.3104987424963 57.5377976193148 62.5349874215968 65.6358018482433 66.054193833295 64.0788135528564 61.1269566311556 56.9133493619807 52.632824196535 48.2097595088622 44.0757639934035 40.3001178660814 37.1188033994506 34.3271796773462
20.0116696673281 17.0276402936262 14.4529144027654 12.6302521386567 11.393024826751 10.5707712471485 10.6805291666704 11.0997402107014 12.0844827960519 13.5521784740336 15.4035149637391 17.3701476840412 19.5599180459976 21.7334242217681 23.5052142423742 24.821186430314 25.6900353922563 26.1332213247524 26.763977541643 27.5590943308438 29.0390930877012 30.4154678653268 31.8337124515982 33.7923825207879 35.5697132980122 36.4461342867683 35.9304994274588 34.1291104485007 31.6586355181301 28.6625562836142 25.8150331833783 23.652123521356 22.2459703192991 21.8250360629138 22.2457090826596 23.8907830224318 26.5090298302033 30.3617095246035 35.4639365392573 41.2281826804666 47.7558940158171 54.3216184167301 60.0769572257996 63.8389983177185 64.908069414251 63.8969502729528 61.4556704969967 57.8468777151669 54.0746741435107 50.0197857933886 45.6136261645485 41.3748497875298 37.3963054243256 33.2789752255468
15.7683887131074 13.3604775071144 11.3076383296181 9.78769608630854 8.85794278891647 8.0864412460257 8.11044172153753 8.35390961520812 9.03746431014117 10.0392491747351 11.2698462395107 12.7924431562424 14.526865587515 16.2135156568359 17.6274745709756 18.6848720908165 19.5464811956181 20.2362341950921 21.0781511068344 22.0768800342784 23.5724056608537 25.3744873860303 27.0064768931445 29.2021668378045 31.1263314695919 32.1646847444422 31.8337490137886 30.7587785440333 28.5281761954812 25.7032545033623 23.0523314616259 20.9951598924749 19.4753628758823 19.0701190724092 19.2573964630856 20.6059929377892 22.8443318465177 26.4788292295793 31.0132414032431 36.593856531031 42.8096178559696 49.3263709685382 55.2004103660583 59.2281976868125 60.7690866975223 60.8284836376415 58.8580512719996 56.0319963062511 52.8003290260539 49.3644921078401 45.0767998099327 40.5804281304864 36.213297886007 31.5168735332349
12.2750343119397 10.4076438405935 8.82590201847693 7.632353696753 6.91521195979679 6.290012852234 6.26509649613324 6.32823629589642 6.73918982113109 7.41191676083733 8.24065727696699 9.35690791116041 10.5732510720982 11.7821504508748 12.8155258788782 13.6409941245528 14.3503096103668 15.144070667379 16.0341837406158 17.2531047007617 18.7028547455283 20.3262695424697 22.1138003854191 24.3263043375576 26.2379688375136 27.2668085659251 27.3888348130619 26.3892074472764 24.4275434718413 21.883529845406 19.5218651575201 17.6808292024276 16.3468971462811 15.8225218548494 15.9553803275613 17.1081670592813 18.8726407780367 22.0797948065926 26.1804828784045 30.959003644831 36.6690791915445 42.6761638697456 48.1790344855365 52.1279865433188 54.0443694451276 54.6826343816869 53.4961571973913 51.486855801414 48.9545099595014 46.0076598419863 42.0436081430491 37.5379929998342 33.0448557664366 28.2194627821445
