PREC/medie_oi/CUMULATA_MEDIA_12.asc
NCOLS 177 
NROWS 174 
XLLCORNER 1436301.375 
YLLCORNER 4916704.5 
CELLSIZE 1500 
NODATA_value -9999 
[rows 96 to 119 of 174, columns 54 to 107 of 177]
67.3992481652428 65.466449358884 63.5306102388045 61.9051598941579 60.7771620399812 60.0629147711922 59.8027873459984 59.4325818244149 59.8154199088321 60.6573007878135 61.1883603825289 61.4363340770497 61.0457166748888 59.9268499525154 58.0025531544405 55.6128270187799 52.5348580470856 49.1782776713371 45.3894367253079 41.9759958000744 38.8102550506592 36.2157068252563 33.8435219596414 31.9309024670545 30.3304090219386 29.5087370592005 29.1998151610879 29.6649330784293 30.6193378252142 32.2794128305772 34.473037481308 37.2459742461934 41.0861618098091 45.7030236580793 50.4028974420884 54.7136026831234 58.4138674175038 61.4511413854711 63.3232609243954 64.2339675847222 64.3916159517625 63.6071190693799 62.9831415519995 62.3469830190434 61.3462234560181 60.2521409357295 58.8868111021378 56.9073021692388 54.7804466065239 52.1817105938407 48.8753930119907 45.3157290290384 41.4990053737865 37.2866327411988
63.211270977469 61.4084586536183 59.8696372509003 58.8762982312371 58.2015602939269 57.878725753111 57.707198269227 57.9964232024025 58.932675557978 60.2346284214188 61.2210800647736 61.9187052495339 61.94808627928 61.0081617586753 59.7998881497804 57.7165774247226 54.9446497208932 51.7811253316262 48.472654356676 45.5346149697023 42.8705871385687 40.4592856098624 38.286708986058 36.5585149456473 35.001917923198 34.2324476943297 33.9596921556136 34.2837388936211 35.2104704520282 36.3139551246867 38.1328086572535 40.3953120287727 43.4594003733467 47.018513174618 50.7446655105142 54.2578164829927 57.2262845039368 59.7739876859328 61.5294310064877 62.6052531214321 63.1853104058434 63.3939092439764 62.9437981738764 62.5637415752691 62.3512847704046 60.9177230947158 59.0094102761325 56.6850030141718 53.9367767642526 50.6507962030523 46.9700498090071 42.9158628968632 38.6209526202258 34.2787655872457
59.2654495800243 58.1309033281663 57.4806687831879 57.0367782817167 56.5471535780851 56.0085769471 56.435327705215 57.4239542834899 59.1257278393297 60.9396579896703 62.4914566313519 63.3242629345726 63.3407901174882 62.5906157949392 61.0599989330067 59.2127539901172 56.8014535974054 53.987442297094 51.5104676695431 49.1985729161431 46.9326893161325 44.8411153905532 43.0746124912711 41.30899774327 40.1500262933619 39.506566917195 39.114338426029 39.1076078695409 39.7747229127323 40.4621263672324 41.5288205287036 43.2029392018038 45.2478242481456 48.0178252388449 50.8219122886658 53.5732481900383 55.8575054897982 58.0439897425034 59.574499985751 60.6603043920854 61.5543838248533 62.2095781634836 62.1933604268467 62.5368231324589 61.9317437550601 60.6884187249576 58.8158602574292 56.3691510733436 53.298057570177 49.5603046978221 45.428283887751 41.0057910049663 36.4677074306151 32.0854092696134
56.1616242843516 55.4518813736299 55.0361935110653 54.9556018675075 55.0520558076746 55.6853772051194 56.7926187024397 58.1444757160018 59.8377586007118 61.5746574717409 63.1246246695518 63.9642676640959 64.2616519822794 64.1996941706713 63.3029483626871 61.1925613178926 58.6633082978866 56.2348720185897 54.0967211863574 52.158317341524 50.4634442329407 48.9511778775383 47.4402599334717 46.1755981725805 45.3715068873237 44.7739003405852 44.1874856107375 43.731245433583 43.8876232820399 43.9970129517948 44.1745280378005 45.1238991793464 46.3059771481682 48.1633798094357 50.1678658092723 52.0938733605778 53.9438898142646 55.7482383110944 57.0836240684285 58.2587424166062 59.3170260401333 60.4145026066724 60.9992647591759 61.1636954756344 60.8729360804838 59.9499840876635 58.4087367899278 56.067901653402 52.8645990596098 48.7988177888534 44.4264635899488 39.7286087344674 34.9367114656112 30.5099446493037
53.4664854442372 53.3404849907931 53.3487416716183 53.6672085523605 54.481306959601 55.7365756736082 57.7368055722293 59.4844202434315 60.7349320930593 62.2795813258956 63.8746308894718 65.1536390851526 65.7385027057984 65.3147929976968 64.2009708881378 62.4494240985197 60.0658760912278 58.0782992419075 56.5519910419688 54.7433343775132 53.5069484710693 52.3074924525093 51.2139499047223 50.469220161438 49.912494911867 49.1505547411302 48.2933832897859 47.4704282143537 46.97604302799 46.4194517416113 45.8027271663441 45.9554072548361 46.3734968129326 47.4401013430427 48.7289165328531 50.1261744218714 51.5832617703606 52.799751478083 54.192060919369 55.4606118342456 56.7471013630138 58.002710608875 58.9538399471956 59.2343856727376 59.3121122472426 58.7876271640553 57.624697895611 55.4970686716192 52.2843791737276 48.110693286447 43.5991330988267 38.8247602687163 34.0433367560892 29.6991177797318
51.5447545893052 52.0311464842628 52.7022752411225 53.4894226719351 54.5730938140084 56.2848377508276 58.454065119519 60.437200216686 62.1530735071968 63.6217966430327 65.4435278457754 66.6317390343722 66.9017331600189 66.2512853145599 64.9466337035684 63.2317371929393 61.4745240071241 59.4414888550253 58.1160515055937 56.9676776493297 55.7036124397727 54.6457116183113 54.1504328110639 53.5932755189783 53.0415781806497 52.1455510363859 50.9772217974943 49.6636648458593 48.488461115781 47.4272897664238 46.3270202805014 45.5723938100478 45.4616551960216 45.7364075604607 46.5990761588602 47.609994243173 48.7696431945352 49.9483262230368 51.2586396722233 52.685187031241 54.0884383005254 55.2924540884355 56.3461268789628 57.0282536394456 57.3656834013322 57.2205064296722 56.2780065676745 54.2233747033512 51.1804875626284 47.3156826355878 42.9351567661061 38.2604196211871 33.7006204829497 29.460712110295
50.5337889755473 51.4951049159555 52.6643532163957 53.830569449593 55.1253723046359 57.2981794020709 59.4081094335107 61.508863996057 63.7346358719994 65.3019834125743 67.1011861001744 68.0974102020264 68.0022941196666 67.2360498905182 65.7433035513934 64.0304448604584 62.3090001835543 60.191181491403 58.8928871435278 57.7682459494647 56.8355093002319 56.0854152230655 55.6857042593114 55.1474308687098 54.4997579630683 53.4211366036359 51.9397616105921 50.1851120415856 48.383678113713 46.9314349398893 45.3884394028608 44.1043419276967 43.5952563285828 43.4441128899069 43.9968674884123 44.9366492664113 45.9424748701208 47.0939209601458 48.3959574979894 49.8828782754786 51.2924192652983 52.7101148577297 53.8505819404826 54.5930148433237 55.1466245791491 55.0983619970434 54.1271719511818 52.4658770981957 49.793666713378 46.2807930778055 42.1312198077931 37.6884607146768 33.4173042353462 29.466319028069
50.1238653379328 51.6090309479657 53.0212229279911 54.4947776794434 56.0317987554214 58.3434131145477 60.5288287611569 62.7184412198908 65.0245792024276 66.9467244008008 68.3663533575395 69.089897071614 68.8360438907848 67.703311920166 66.1349253794726 64.2340305272271 62.3726356169757 60.3740606868968 58.9723791515126 57.9372055109809 57.2661016688627 56.5594349187963 55.7944930300993 55.130059410544 54.2970574603361 53.012673293843 51.2571405382717 49.2202218139873 47.0351461522719 45.2683091023389 43.4918211768655 41.8943450030159 41.0951079761281 40.835872594048 41.3541926215677 42.3021123549517 43.6068786733291 44.8524383937611 46.2417497354395 47.7492595279918 49.113838111653 50.3248274747063 51.6395996318144 52.2403444262112 52.773704178193 52.5396837627187 51.8578119979185 50.3314208984375 47.9085189875434 44.7620247812832 40.993872348 36.9835327653324 33.13861413563 29.8514887865852
50.2002888286815 51.9546389299281 53.6332034363466 55.0906118785634 56.6922897030326 59.1440598684199 61.2158749384039 63.3099105358124 65.5386768789852 67.7064982021556 68.9022147515241 69.5642753488877 69.1375120106865 67.9044100957758 66.2500676267287 64.2734831922195 62.3882989322438 60.365942365983 58.6884149102604 57.4744767301223 56.6668751660515 55.9049135656918 54.8620665774626 53.8959051020005 52.8182198300081 51.1641603427775 49.3425101672902 47.124339426265 44.788537979126 42.676297860987 40.9878545508665 39.4794796494877 38.669815343969 38.4645247178919 39.236199575312 40.355659793405 41.5845956241383 42.9538387971766 44.5449240347918 45.9700925770928 47.331746634315 48.6571745872498 49.8454599660986 50.5301050158108 50.5924415728625 50.3693289756775 49.4347900362576 47.8919407199411 45.650272916345 42.870986181147 39.5809304714203 36.2271693734562 33.1838123097139 30.2996734170353
50.6601874968585 52.3185962087968 53.9915046832141 55.4280145308551 57.0612610368168 59.1965621639701 61.1773701976327 63.0518257337458 65.1615078309003 67.1309764385223 68.3542163792778 68.9442146946402 68.6524155280169 67.5415940845714 65.891435174381 63.9250725016874 61.8935955552494 59.6101637728074 57.9951666944167 56.6369342523463 55.4989431044635 54.3659518466276 53.0583413909463 52.0589161199682 50.6833214198842 48.9564596063951 46.87026227923 44.5250434104134 42.2798913226408 40.1382881753585 38.212830767912 37.1456211735221 36.4833936691284 36.7580551820643 37.4852640769061 38.5991929839639 40.028436941259 41.5467404758229 43.2529448340921 44.6692333221436 46.1026429008035 47.3144492822535 48.4017254044028 49.0241609461167 49.1170816421509 48.4713989285862 47.2893282104941 45.6043220688315 43.4586204080021 40.946228798698 38.1775581135469 35.5953034793629 33.0573482934166 30.7571856695063
51.3114769038032 52.8759756088257 54.1326265194837 55.4381198181825 56.6207998920889 58.2753408936893 60.2402605589698 61.9468894565807 63.826250483008 65.4474363327026 66.6921410420362 67.4893838938545 67.4914869701161 66.7504304437076 65.1426128219156 63.1990836367888 61.0965129627901 58.5726194662206 56.7928458943086 55.0005279148326 53.7400373010074 52.5946955680847 51.2373031447915 50.0034225267522 48.4647853514727 46.703472607276 44.6135184414247 42.2967376568738 39.9082796573639 37.8617511777317 36.0466926518609 34.9325484107522 34.6115305563983 35.1914020145641 36.1104293711045 37.4565089730655 39.1488080024719 40.7906529202181 42.5368832139408 44.2779304280001 45.782912422629 46.9111552518957 47.6103782653809 48.135142438552 47.9357462770799 47.0935558431289 45.3904132282033 43.4153061333825 41.3342151922338 39.0138190213372 36.9013356461244 34.9355170726776 33.0187115108266 31.4343498454374
52.0482935204225 53.1215507703669 53.9276960457073 54.7546298503876 55.3806034116184 56.2485232633703 58.2826129688936 60.1071516766268 61.6852160481846 62.7977154535406 64.440046338474 65.6189419381759 66.069213923286 65.5652451234705 64.2125329129836 62.198868190541 60.0781501321232 57.2325080142302 55.1991463268504 53.5950043902678 52.3234256295597 50.9434192881865 49.5069509394029 48.1917649717892 46.6414176015293 44.7304968483308 42.6959628147237 40.4348743943607 38.2402423690347 35.9824246098013 34.5820727067835 33.5388306028703 33.4670224470251 33.9763738407808 35.0977561894585 36.6398418650908 38.4948643235599 40.5152432217317 42.5823563968434 44.4712015039781 45.9672557886909 46.9929658104392 47.5318374633789 47.6368558827568 47.1608827254351 46.055634133956 44.1888451856725 41.9993135929108 39.6873869895935 37.5648061948664 35.8666379171259 34.3510815957013 33.0195460039027 31.925042811562
52.8572254601647 53.1649881811703 53.1853662799386 53.5077550551471 53.5358103724087 53.9622486338896 55.1779068778543 57.2982235796311 58.7798433864818 59.7150159583372 61.8682971701903 63.3830008647021 64.2121457492604 64.0626450987423 62.7796186559341 60.592988911797 58.3833010336932 56.298582722159 54.4434150807998 52.6586188709035 50.8296364896438 49.3693682726692 48.052564088036 46.7155184886035 45.2445146055783 43.5130007477368 41.4460294246674 39.092769223101 36.9132750455071 35.0139466594247 33.6401018956128 32.844617282643 32.8623707715203 33.4773822672227 34.6572561825023 36.4181900024414 38.4220668287838 40.6861115904415 42.9581446367152 44.9471763162052 46.4141286401188 47.3307935490328 47.8316808588365 47.5920017747318 46.8835827322567 45.5902106341194 43.6056857950547 41.1346170762006 38.8217402626486 36.7501200928408 35.2572764649111 33.9143663294175 32.8264264779932 32.098793927361
53.6776029923383 53.0349773519179 52.1181480183321 51.6037074818331 51.11230004535 51.1795046049006 51.8355266627143 53.4387957348543 54.4924924654119 56.3821363028358 58.7326414164375 60.6892052398008 61.3110763746149 61.4254154317519 60.8382372014663 59.2847000851351 57.6896112105426 55.6860814936021 53.9194459073684 51.9368653016932 50.0798898865195 48.2588746407453 46.8942229327034 45.5685929410598 44.2162248948041 42.4704288174124 40.7197092911776 38.6987854452694 36.6450049456428 34.8681528428022 33.4356954237994 32.7802780656254 32.8965606689453 33.5416809811312 34.812434981851 36.6741683062385 38.8236601492938 41.3833231084487 43.8345512502334 45.9769377708435 47.7093367576599 48.7306233574362 48.9687993386213 48.483465867884 47.4673900604248 45.8243620816399 43.7552672834957 41.0421667379491 38.5978027231553 36.459828895681 34.8276325113633 33.6227535920985 32.8700872168821 32.8161284923553
53.7403049468994 52.3876424677232 50.5820695091696 49.2025675072389 48.1581424825332 47.7866900948917 48.0911838727839 48.6014287752264 49.9039946443894 52.5414793912102 54.878766634885 56.485193084268 58.1114251613617 58.682286865571 58.7295100969427 57.9296337015489 56.5418655171114 54.8416023254395 53.2262402141795 51.036060333252 49.3898531408871 47.956239195431 46.6890495244194 45.4736133603489 44.1993851521436 42.6226846470552 41.1488162769991 39.2514668632956 37.316514043247 35.5899744594798 34.0363476416644 33.3993072790258 33.5438410254086 34.1120404355666 35.4478241135092 37.3308065638823 39.5960141350241 42.2013007332297 44.8329475066241 47.2706136983984 49.1848506366505 50.3913797490737 50.8052266625797 50.5627692727482 49.1514027258929 47.2999766574186 44.5943636894226 41.5248819799984 38.793322689393 36.6589319565717 35.0715418142431 33.9196712970734 33.527932026807 33.7094397124122
52.9524400654961 50.668080217698 48.3564398989958 46.206551621942 44.3841127788319 43.5412023347967 43.2915792815825 43.8103244725396 45.2769212792901 47.752825049793 49.7044556070777 51.934510974323 53.8269973221947 55.2959640166339 56.1995723107282 55.9208222697763 54.8901735754574 53.4007300348843 52.1416139462415 50.6286138085758 49.2029662833494 48.0133779750151 47.066874630311 46.0659716129303 45.2776321102591 44.0433895728167 42.4577021037831 40.5832708302666 38.6965736501357 36.9573195120868 35.461026023416 34.634372066049 34.5645267823163 35.0849519336925 36.2624636257396 38.2074708097121 40.4977367625517 43.1673669815063 46.0110802369959 48.6154477175544 50.9006334192613 52.8004621898427 53.5070960661944 53.2501353376052 52.0161992802339 49.8839056071113 46.6075575632208 43.5402312699486 40.6255171439227 37.8095615471111 36.1061259998995 34.8519413891961 34.3595871083877 34.4666612428777
50.6961088461034 47.4556333317476 44.4615806130802 42.0358257574194 39.7821764244753 38.5691433513866 38.2455545944326 38.803091561093 40.4546138819526 42.0630101806977 44.443156340543 47.2306624791201 49.5803558616077 51.5046779408174 52.6074607793023 53.0218457614674 52.5963320451624 51.9005012512207 51.0532706344829 50.0795111656189 49.0895252508276 48.253675699234 47.8323574627147 47.450204484603 46.6394834518433 45.6012174381929 44.1830203112434 42.3532193408293 40.4196905248305 38.5502209382899 36.9803889218499 36.0494511828703 35.7871336095473 36.175569674548 37.1444876053754 38.8912678886862 41.2282013893127 43.9519732419182 46.9604878145106 50.0223976303549 52.9851482615751 55.0054829260882 56.1846702239093 56.2552921912249 55.1758583854227 52.9154187090257 49.5149789557737 46.2644239593955 42.9263135545394 39.9991908073425 37.7430374341853 36.329548849779 35.396028140012 35.2474163279814
47.8494695495157 44.1612513906815 40.4882519245148 37.5419614315033 35.3459002410664 33.738882576718 33.1575898352791 33.7418252299814 35.1204290530261 36.7024796850541 39.1072173258838 41.7928810049506 44.6386768747779 46.7987027168274 48.4893989282496 49.4250193062951 49.7821917393628 49.5964301473954 49.3065476978526 48.9017198366277 48.5317518570844 48.2774081791148 48.2658687198863 48.2086479523603 47.8032502006082 47.1783964213203 45.9924727327683 44.2368632765377 42.2185143021976 40.2421131975511 38.4258912591373 37.2907878370846 36.9458467539619 37.1318068504333 37.8192979307736 39.4151808514315 41.6650530029746 44.3974827037138 47.5950935307671 51.2343700352837 54.4080585311441 56.9801094952752 58.6512384695165 59.1365746890797 58.3335216185626 55.9152707773096 52.7606272837695 49.2703314949484 45.7618074417114 42.7126157143537 40.0271529730629 38.2844936707441 36.9051579868092 35.9524989689098
44.0997460870182 39.9179135771359 36.0701893217423 33.0674775628483 30.6514264976277 28.9402964746251 28.2772140923668 28.7002695448258 29.7912416738622 31.3121320009232 33.6719060855753 36.383117647732 39.1530242457109 41.3801401713315 43.3558367280399 44.9177239151562 45.882072392632 46.1922077571645 46.4586232269511 46.611232140485 47.1153293637668 47.6518662396599 47.988429181716 48.3858465587392 48.5657735712388 48.3021314845366 47.4838621195625 45.8464202880859 43.7883572858923 41.5238773121553 39.4417934698217 38.0387230480418 37.4081722708309 37.3244785421035 38.0872293640586 39.3708462995641 41.5677895265467 44.2820462339065 47.7337599361644 51.5266783097211 55.0273529501522 58.0793583813836 60.3722968381994 61.3855454220491 60.5425387831295 58.5424907347735 55.7920106439029 52.4063798259286 48.8394358017865 45.2720367207247 41.936359167099 39.5575078936184 37.9182227920083 36.5164999260622
39.4674030752743 35.1624916301054 31.3246533870697 28.3583259442273 25.9409363830791 24.4799286617952 23.7489723878748 23.8859887333477 24.7406238668105 26.1323990962085 28.274417554631 30.8184802251704 33.3470811703626 35.7170388418085 37.8600905783036 39.6004163167056 40.8762525951161 41.8143259637496 42.8539557597216 43.7037258709178 44.9406250084148 45.8766860681422 46.7829370218165 47.7833103292129 48.5223675054662 48.756206260008 48.1445798312917 46.6550691829008 44.4660666129168 41.9772980633904 39.7491452834185 38.0743594450109 37.042943982517 36.9631993349861 37.3938570303075 38.5632816482993 40.6850371921764 43.3660375370699 47.032660484314 50.7409970900592 54.5179983868318 58.0288058168748 60.7736533950357 61.8086242956274 61.7141358992633 60.4673089700587 58.0735420058755 54.9733782515806 51.2248866838567 47.3117933273315 43.6295186912312 40.4213428357068 38.1395416400012 36.2521261327407
34.2903727503384 30.2329817940207 26.5533275464002 23.8096948932199 21.6470953436459 20.2988982200623 19.6950698389727 19.6580427885056 20.2503509135807 21.3998578050557 23.2058935796513 25.3681139875861 27.5441782474518 29.859856857973 32.0080657426049 33.8869392380995 35.3543148952372 36.7773805015227 38.2071725620943 39.8221292355481 41.4782135767095 42.9804413178388 44.5078297222362 46.0513440861421 47.3506614460665 47.9883162554573 47.6075799885918 46.169452975778 43.9106184454525 41.3342346584096 38.9367090113023 36.9762232724358 35.7995467466467 35.4250666954938 35.6797909456141 36.6499160317814 38.5952153205872 41.1522376677569 44.9840773133671 48.6850111344281 52.5369581895716 55.996630191803 58.9054415085736 60.944682822508 61.630032118629 60.8923607153051 59.0989297137541 56.0878382290111 52.4995754606584 48.4394177549026 44.4631262807285 40.7767255516613 37.6711165904999 35.121952624882
29.0320886724135 25.4084776289323 22.1776814601001 19.8120850394754 17.9861443183001 16.6900761688457 16.1700539588928 16.0002321145114 16.3852285357083 17.3536818939097 18.6570497540867 20.2815691162558 22.2474533144165 24.2505348780576 26.2666421637816 28.0819407070384 29.8300286391202 31.4463869964375 33.1064831228817 35.0267497090732 37.0722317835864 39.0214116433088 41.0535563300638 43.1393388579873 44.8691751816693 45.8259130926693 45.5710457353031 44.1893457244424 41.998602811028 39.3937774826499 36.871077930226 34.7936599114362 33.4112668598399 32.9247120969436 32.9170438542086 33.7932864076951 35.5854795960819 38.0866405543159 41.5512441186344 45.1115990807028 48.8771277595969 52.3551510362064 55.7640201063717 58.2882354399737 59.3866719358108 59.2863595906426 57.941085619085 55.3969585615046 52.148358779795 48.2756259020637 44.0645981185576 40.1253887485055 36.568109014455 33.2562170309179
24.202804369085 21.1267978864558 18.4111482255599 16.3508880138397 14.896742308841 13.7279089969747 13.2308045064702 12.9904339804369 13.1997079253197 13.8973090894082 14.7982133661999 16.0959651224753 17.7128814423785 19.4185544883504 21.3073163803886 22.8844519012115 24.5017224410001 26.1289852787467 27.9708216470831 30.0308664826786 32.2204050877515 34.5369368020226 36.8263326252208 39.3597695126253 41.3114456709693 42.4443810827592 42.2141285784104 41.0012848797966 38.8539202073041 36.179044863757 33.6927733982311 31.6301481303047 30.100588349735 29.5790635557736 29.3584778308868 30.2765892814187 31.678247830447 33.9488033687367 37.1503472608678 40.4814053423264 43.8734456090366 47.5307742006638 50.9300154798171 53.5619920842788 54.9573078155518 55.4052805339589 54.5567704649533 52.6015868046704 49.7842903137207 46.2971701902502 41.9238213370828 38.1711310709224 34.398436328944 30.7402518566917
20.0506745927474 17.5088957758511 15.294740207055 13.5825037535499 12.3976093109916 11.4418962422539 10.9524114973405 10.629160937141 10.7159857153893 11.1417439439717 11.8297938213629 12.8541927057154 14.1251563499956 15.5167807410745 16.978972557713 18.3268526722403 19.6605663720299 21.3129622585633 23.1924280699562 25.2019299058353 27.4290166882908 29.8204717495862 32.4055859060848 35.0434443249422 37.1343213950886 38.27971813258 38.1639710734872 36.901871807435 34.8118525673361 32.211200503742 29.7931936067693 27.7776692614836 26.270450592041 25.5588692777297 25.37933530527 26.1545755442451 27.269665591857 29.173681231106 32.1397059945499 34.9627349236432 38.1969712762272 41.5356326523949 44.6664021015167 47.1376970375285 48.7761998457067 49.526994677151 49.1751348832074 47.8013448294471 45.4767065188464 42.4155917027417 38.4523160036872 34.7403204090455 31.0325665614184 27.363531926099
