PREC/medie_oi/CUMULATA_MEDIA_06.asc
NCOLS 177 
NROWS 174 
XLLCORNER 1436301.375 
YLLCORNER 4916704.5 
CELLSIZE 1500 
NODATA_value -9999 
[rows 24 to 47 of 174, columns 54 to 107 of 177]
-9999 -9999 120.524097246282 129.416777470533 136.702807819142 141.590047555811 142.149565416224 137.207233092364 127.027780196246 113.139845820034 97.417764860041 82.6718398262473 69.7769359420328 -9999 -9999 -9999 -9999 -9999 -9999 -9999 -9999 -9999 -9999 -9999 -9999 -9999 -9999 -9999 -9999 -9999 -9999 -9999 -9999 -9999 -9999 -9999 -9999 -9999 -9999 -9999 -9999 -9999 -9999 -9999 -9999 -9999 -9999 -9999 81.427838269402 88.6867639878217 96.7218046749339 104.983468448415 112.974148021025 119.49627124562
-9999 -9999 -9999 132.495455910178 139.605494779699 143.947227590224 144.065476922428 139.149038146524 129.58300854178 117.096361160278 103.256523020127 89.2256342943977 76.5842401841108 -9999 -9999 -9999 -9999 -9999 -9999 -9999 -9999 -9999 -9999 -9999 -9999 -9999 -9999 -9999 -9999 -9999 -9999 -9999 -9999 -9999 -9999 -9999 -9999 -9999 -9999 -9999 -9999 -9999 -9999 -9999 -9999 -9999 -9999 -9999 78.4279923158533 84.8306056751924 91.8657494713278 99.5266155916102 106.500695509069 111.369624530568
-9999 -9999 -9999 134.648076478173 141.784296035767 146.021948982688 145.956315208884 141.280022116268 132.2732481115 120.929620742798 107.874922527986 95.559476852417 84.3169042362886 -9999 -9999 -9999 -9999 -9999 -9999 -9999 -9999 -9999 -9999 -9999 -9999 -9999 -9999 -9999 -9999 -9999 -9999 -9999 -9999 -9999 -9999 -9999 -9999 -9999 -9999 -9999 -9999 -9999 -9999 -9999 -9999 -9999 66.9380796656889 70.3617982303395 75.1404353871065 80.6845621782191 86.5820783727309 93.2505005107206 99.6914658265955 105.05899216147
-9999 -9999 -9999 134.49991977916 141.321269652423 145.433712987339 145.455605366651 141.476956647985 133.99938325321 124.874746939715 114.454161082997 103.731661908767 93.6589822769165 85.0328386531157 -9999 -9999 -9999 -9999 -9999 -9999 -9999 -9999 -9999 -9999 -9999 -9999 -9999 -9999 -9999 -9999 -9999 -9999 -9999 92.6524138731115 92.9716300964355 91.5216606364531 88.2966781504014 84.0034238590914 78.8483576494105 -9999 -9999 -9999 -9999 -9999 -9999 -9999 64.6963301265941 67.7246424170101 71.7982218686272 76.8595023435705 82.3024011499741 88.3347137114581 94.2010928883272 98.9245908400592
-9999 -9999 -9999 133.677945151049 141.092845075271 145.804738241083 146.601562079261 143.413058617536 137.346000671387 129.724281647626 120.612191761241 111.454564823824 102.781889915466 95.3594484329224 89.2757373136633 -9999 -9999 -9999 -9999 -9999 -9999 -9999 -9999 -9999 -9999 -9999 -9999 -9999 -9999 -9999 -9999 102.491781234741 104.410076477948 105.130754358628 104.057004704195 101.222910151762 96.8439850526698 91.1384622910443 84.6655671736773 78.021063748528 -9999 -9999 -9999 -9999 -9999 62.1352830213659 63.5115074830897 66.2133668450748 69.8879092721378 74.6450788834516 79.6208296944113 85.2768719056073 90.5133728139541 94.7598960539874
-9999 -9999 -9999 -9999 138.852438534007 144.159613805659 145.817017919877 143.859039531035 139.514460788054 133.113943885354 125.712113436531 117.911992746241 110.927241549772 104.966186186847 99.9998142018038 95.7233173706952 -9999 -9999 -9999 -9999 -9999 -9999 -9999 -9999 -9999 -9999 95.4636900284711 99.8512418410357 104.204660079058 108.664157643038 113.871124491972 116.450279460234 117.484482821296 116.852527730605 114.302801356596 110.085213268504 104.177599289838 97.1352528964772 89.2543570574592 81.3364844602697 -9999 -9999 -9999 -9999 -9999 61.125002524432 62.6359747157377 65.3174012128045 69.0750749251422 73.8542187634636 78.6767621881822 83.5369947096881 88.3390570808859 92.2747450996848
-9999 -9999 -9999 -9999 134.873726788689 140.684634152581 143.252372825847 142.592451937058 139.874618025387 135.29838141273 129.452770569745 123.162226059858 117.369015076581 112.90113252752 108.898956579321 105.322563395781 -9999 -9999 -9999 -9999 -9999 -9999 -9999 -9999 -9999 102.7624650843 107.544158262365 112.376269845402 117.233651553883 122.058012794046 126.942026026109 128.908447938807 128.722607556511 126.75939245785 122.88078622257 117.127562803381 109.838313271018 101.543129191679 92.4141400281121 83.647060730878 -9999 -9999 -9999 -9999 -9999 60.521240234375 62.2494418761309 65.3094757865457 69.6131263059728 74.3258931216072 78.8948208304013 83.1482433431289 87.1009275212007 90.4541181676528
-9999 -9999 -9999 121.239804941065 129.810793483959 136.127689557917 140.123438779046 140.833735634299 139.195810542387 136.168298048132 131.754597719978 127.114159976735 122.725840175853 118.934864941765 115.459962732652 112.429163371815 109.51685961555 -9999 -9999 -9999 -9999 -9999 -9999 -9999 -9999 112.783307916978 117.890548706055 123.091929043041 128.733081144445 133.480394699994 138.067182653091 138.736432243796 137.308712903191 134.001792907715 128.615876814898 121.50201068205 113.286820018993 104.15900926029 94.2626339407528 84.7695245181813 76.652463351979 -9999 -9999 -9999 -9999 -9999 62.7733909943525 66.5177972456988 71.0667739755967 75.9160274056827 80.5338510064518 84.6214540144976 87.7102753134335 90.3967031030094
-9999 -9999 -9999 115.652971464045 124.412847098182 131.764130143558 136.290975682876 138.101563958561 137.659612992231 135.77484366473 132.881841659546 129.533722933601 126.457653494442 123.225384543924 119.924365324133 116.91491357018 114.700956120211 113.062983064091 111.339438494514 -9999 -9999 -9999 -9999 -9999 -9999 120.274074330049 125.257529314827 130.914008869844 136.877549115349 141.435494815602 143.548284867231 144.827747344971 142.389435038847 137.894938300638 131.42077479643 123.508366528679 114.560972101548 104.712494008681 94.8892955780029 85.3573720595416 76.7258596981273 -9999 -9999 -9999 -9999 -9999 64.182097603293 68.3433174806483 73.2003054899328 78.133726568783 82.8904850342694 86.8444515677059 89.6828177956974 91.7970045875101
-9999 -9999 101.863907575607 110.896213643691 119.859334272497 127.358913898468 132.514358408311 135.046288153704 135.69458434161 135.100607142729 133.456968756283 131.323673023897 128.609866534962 125.361605027143 122.744656955495 119.884375291712 117.699607063742 116.44864099166 115.343376496259 114.526427100686 114.13347233043 114.514675869661 115.759770898258 117.915453181547 120.835090973798 124.726210425882 129.669128642363 135.578460468965 141.259966233197 144.792285470402 146.01060777552 146.322888767018 143.795887217802 138.616584329044 131.472291834214 123.349064995261 114.09129894481 103.929937362671 93.9147291744457 84.7335706598618 76.2024823357077 -9999 -9999 -9999 -9999 -9999 -9999 70.8867250891293 75.9175852607278 81.3025011174819 86.1701691571404 89.8415566612692 92.0884148092831 93.6155030867633
-9999 -9999 98.8272522056804 108.095664697535 116.430055253646 123.764197630041 129.178398749408 132.318353877348 134.036042157341 134.205062417423 133.942065070657 132.282002392937 129.693261202644 126.495180242202 123.691295287188 121.155007811154 119.197166162379 117.753426664016 117.060351091273 116.727452839122 116.620855948504 117.025743484497 118.322855781106 120.212508706486 122.811589970308 126.275098239674 131.074478598202 136.050357369816 141.331945531508 144.177072861615 144.819707085105 143.622099034926 140.112244998707 135.592828638413 128.764641032499 120.735922420726 111.54757084566 101.630191241994 91.9790695414824 82.870912215289 74.5718465692857 68.6138142417459 64.9482053868911 -9999 -9999 -9999 -9999 -9999 79.3081421571619 84.6092151193058 89.4611333959243 92.9197219399845 94.9658108879538 96.047134511611
-9999 88.6161615848541 97.1338008852566 106.132588358486 114.562761082369 121.83305386936 127.157994102029 131.190387164845 133.407642252305 134.2833590788 134.173593857709 132.844599331126 129.692357792574 126.587921254775 123.584879145903 120.917830298929 118.775144633125 117.310840382295 116.736117082484 116.600324967328 116.596255021937 117.282589968513 118.28195067013 119.972594541662 122.157483493581 125.314078611486 129.297811620376 133.478216507856 137.83398661894 140.152304481058 140.225032133215 138.457557453829 135.003223867977 129.333135268267 122.83318643009 115.028281043558 106.560884363511 97.449971928316 88.6548411425422 80.7579692391788 73.8020090215346 68.5158689723295 65.6698520323809 65.1851640589097 -9999 -9999 -9999 -9999 -9999 88.2903068766874 92.9004694994758 95.810489766738 97.6550225650563 98.7168009140912
-9999 88.1963220764609 96.9168395154616 105.721384076511 113.806782049291 120.731058064629 126.479714954601 130.863399617812 133.697843215045 134.903271394617 134.68603291231 132.158292209401 129.147931491627 125.453433317297 122.004748961505 119.167910407571 116.604578130385 115.013857336605 114.543037751142 114.457026537727 114.83437201556 115.556256125955 116.455568537993 117.658228032729 119.546603146721 122.126323251163 125.315437765682 128.292891334085 131.721480425666 133.430860182818 133.170890359318 131.056034312529 127.719783109777 123.008540882784 116.870434480555 109.527944452622 101.819139592788 93.945468565997 86.1604847627528 79.0534412159639 73.1009414897245 68.5003982431748 66.8482789432301 66.7850747388952 -9999 -9999 -9999 -9999 86.1410071429084 91.0410303228042 95.4412838430966 98.3764540728401 99.728401296279 100.663103215835
-9999 88.4230070815367 97.4732385523179 106.271500278922 114.08649001402 120.808684292962 126.31465216244 130.600555083331 133.259490181418 134.560406628777 133.922669130213 131.347423553467 127.254272685331 122.907934749828 119.071649775786 115.788543925566 113.200325909783 111.332486433141 110.996388603659 111.099491007188 111.796711641199 112.651521402247 113.297157511992 114.134200825411 115.497527963975 117.28673284194 119.896926655489 122.324352713192 124.06142986522 125.341740552117 125.026116315056 123.281376109404 120.006526722628 115.949072220746 110.655195797191 104.419390958898 97.580425935633 90.6022760727826 83.7608400232652 77.5828315510469 72.6789121627808 69.0761972315171 68.3308518914615 68.9114641301772 -9999 -9999 -9999 84.9014716428869 89.8943668814266 94.0762768913718 97.8886476404527 100.204422221464 101.922074710622 102.700495776008
81.6424617066103 89.9999319104587 98.969399171717 107.985973806942 115.976084484774 122.53425693512 127.587874019847 131.251583884744 133.557085149428 134.13981291827 132.861236347872 130.0401207419 125.8983149809 120.605335235596 116.436528037576 112.736271016738 109.952319201301 108.126636280733 107.554598303402 107.752437815947 108.298161674948 108.985392346102 109.68333457498 110.30543720021 111.344707713408 112.509120380177 114.219077166389 115.946295569925 116.937193253461 117.730113983154 117.322873957017 115.734677931842 112.961941887351 109.293961468865 104.760104011087 99.6703724580653 93.7855034996481 87.8122439664953 81.8303489685059 76.6647210962632 72.4065373364617 70.4140296262853 70.238810819738 71.5694530711454 74.6290003832649 79.2477459627039 84.3163339951459 89.279172224157 93.876844069537 97.6201160655302 100.69732430402 102.77419684915 104.18272265266 104.367739733528
83.8475476573495 92.4519439304576 101.410024783191 109.761978766497 118.108326126547 124.409981559305 128.900018692017 131.774138618918 133.033950805664 132.88411914601 131.393291248995 128.284384110395 123.657364789177 118.545829548555 113.978224698235 110.229011311251 107.788245257209 105.909253288718 105.263753666597 105.318805582383 105.737171734081 105.985858356251 106.588084164788 107.104792651008 107.609373092651 108.542971554924 109.653160992791 110.654964671415 111.191109264598 111.216219284955 110.706216026755 109.10366192986 106.860108992633 104.059995763442 100.070778566248 95.4081704756793 90.456314199111 85.5182003694422 80.8477294024299 76.3840900308946 73.2973507151884 72.4746971130371 72.8727268331191 75.115117634044 79.058746954974 83.7986418780159 88.8463534186868 93.5597927991082 97.5879537918988 100.728808683508 103.14074123607 105.080301060396 106.216685575597 106.1154237635
86.9544031760272 95.4545679933885 104.032156860127 112.121447114383 120.048190060784 125.90372354844 129.780171226053 131.910708707922 132.416703168084 131.585162218879 129.415153952206 126.183249754064 121.688462201287 117.179629381965 112.386948080624 108.492742762846 105.844292472391 103.920271480785 103.340662226957 103.46363437877 104.081670536714 104.540885476505 104.683059131398 104.994789572323 105.425287583295 105.784829644596 106.301034815171 107.102054371553 107.251223395852 106.999949847951 106.06619756362 104.661685494816 102.628114363726 100.025677176083 96.8201637268066 93.0801813462201 89.047202054192 85.0706299052519 81.1922676984002 77.7820865967694 75.8564574858722 75.7261961768655 76.889162568485 79.5516160516178 83.6454737046186 88.4587940889246 93.4032752093147 97.9013262356029 101.428275501027 103.939144583309 105.795923906214 107.246931749232 108.051106396843 108.132607628317
90.7955462511848 98.5694610090817 106.490142008838 114.235263712266 121.091574612786 126.569636569304 129.992368249332 131.716015759636 131.771963680492 130.458949593937 127.874074599322 124.296493979061 120.32374123966 116.328231362736 110.958086350385 107.191245359533 104.828791562249 103.355068543378 103.009703916662 103.202902064604 103.607070586261 103.992657156552 104.404358246747 104.518445183249 104.502260881312 104.575636919807 104.96825689428 105.155637067907 105.146211175358 104.736185747034 103.852084664737 102.336069107056 100.433330760283 98.1991729736328 95.4831190670238 92.4670122931985 89.410737879136 86.298770792344 83.7591258778292 81.38758614484 79.8479188470279 80.3284413954791 82.1457408456241 85.0000199149637 88.7488359563491 93.5982419743257 98.5262315974516 102.814278322108 105.980271732106 107.809529248406 109.106205210966 109.71482591068 109.721757776597 109.133463466869
94.6968545072219 101.203417918261 108.230498285855 115.407316993265 121.77105252883 126.386595501619 129.421991011676 131.252156762516 131.002268510706 129.261350968305 126.539284874411 123.088856079999 119.181353400735 115.25134714912 110.732346254237 107.0891456604 104.81697957656 103.517283720129 103.467367060044 103.897046033074 104.541910732494 105.229769650628 105.651043611414 105.629687253167 105.400346531587 104.99918533774 105.005050546983 104.794961704927 104.904268937952 104.315439785228 103.341635760139 101.98543548584 100.33350944519 98.1035168591668 96.1733538683723 94.2189657547895 92.3391973832074 90.4353920431698 88.3882387946634 86.6436227349674 85.7579657610725 86.6803628416622 88.7453673587126 91.5071553622975 95.1925523421344 99.68797268587 104.492569362416 108.593369371751 111.178026143242 112.636593313778 113.099322038538 112.822917265051 111.993855308084 110.413506002987
98.2899165433996 103.483283561819 109.282027609208 115.535232487847 121.289045726552 125.762137637419 128.49878356036 129.662001441507 129.302753448486 127.577205657959 124.755350449506 121.672481873456 118.462675094604 114.49398579317 110.742228003109 107.497865003698 105.512264924891 104.552015080171 104.599254495957 105.376172795015 106.472922044642 107.315948261934 107.963152829339 108.282209059771 107.703985102036 107.298953224631 106.911093880148 106.334190480849 105.828026715447 105.463162927067 104.507161645328 103.206415064195 101.832753686344 100.473644368789 99.6526908874512 98.8017277437098 97.40539820054 96.0244156893562 94.73008183872 93.8744869793163 93.5354767406688 94.6545389680301 96.9308340689715 99.8344683366663 103.340449557585 107.518003239351 111.893847128924 115.388910798466 117.384496632744 118.214199627147 117.693152371575 116.838333466474 115.347981396843 113.296468734741
101.676013161154 105.450950790854 109.342245129978 114.786308681264 119.781237433938 123.780830383301 126.441841125488 127.55824582717 126.906564263736 125.250365088968 122.85900183285 120.232155070585 117.539946275599 114.15764763776 111.492938770967 109.027926164515 107.36892228968 107.062455794391 107.551441865809 108.501902187572 109.63373857386 110.937469258028 111.706302081837 112.173707962036 111.600617464851 110.870722490198 110.193838792689 109.416385314044 108.447388480691 107.708869934082 106.92628770716 105.911901586196 105.44370359533 104.518889707678 104.297261742985 104.089605780209 103.6233587826 103.07655581306 102.862798802993 102.501076866599 102.56121598973 103.694839028751 106.48204870785 109.502562635085 112.686946195715 116.415799786063 120.027929726769 122.932801414939 124.301504022935 124.376999350155 123.363960546606 121.61767280803 119.126735350665 116.878308576696
104.335083316354 105.88598855804 109.038774209864 113.134920288535 117.754773813135 121.451868337743 123.903963874368 124.780082029455 124.443195230821 123.137172923369 121.166591644287 119.257781982422 117.281666923972 115.089062298045 113.653112523696 111.890385010663 111.067486258114 111.087858424467 111.880956874174 113.168494505041 114.986998277552 116.753964704626 117.595426783842 117.96513041328 117.317259844612 116.171372357537 115.078663657693 114.769223381491 113.788703469669 113.261654348934 112.465161043055 111.46424372056 110.719250847312 110.546694699456 110.559853048886 110.818891637466 111.161900239832 111.818946165197 112.265183785382 112.128439398373 112.640723985784 113.73491304061 116.158532338984 119.487934925977 122.651133228751 125.749127163607 128.562540194568 130.057902111727 130.578768169179 130.143866819494 128.800108629114 126.362627029419 123.170737378737 120.261521844303
106.168134422863 106.116278283736 108.093962304732 111.559574239394 115.304189738105 118.67794379066 120.901185764986 121.76937641817 121.546946581672 120.671716577867 119.091357848224 117.855817121618 117.287268245921 116.879636427935 116.396989485797 115.489054287181 115.112599989947 115.765174641329 117.498924928553 119.908826154821 122.486098121194 124.325632992913 125.693866056554 125.729880725636 125.18450535045 123.951250188491 122.967548706952 122.442926519057 121.553184733671 120.741736692541 119.985225453096 119.179992900175 118.698828304515 118.693387424245 118.935942818137 119.383364957922 120.109511992511 121.16016960144 121.643514745376 122.072618091808 122.859136749716 123.971961778753 125.871927962584 128.804024640252 131.900115293615 134.079103035085 136.406065421946 137.187097296995 136.455572072197 135.142268545487 133.2666795394 130.313025306253 126.839380264282 123.439036032733
107.756723698448 106.593226096209 107.02476162069 109.145124211031 112.247809690588 115.311625087962 117.398670981912 118.566643771003 118.519969267004 117.622385473812 116.638123007382 116.682838327744 118.215499316945 119.399536245009 119.759609895594 119.768679562737 120.952423095703 122.979598101448 125.639495400821 128.582104290233 131.133114085478 132.770108727848 133.660238714779 133.885630214916 133.41945289163 132.552974364337 131.462422987994 130.270973878748 129.205267962287 128.227252511417 127.773527818568 127.506262049955 127.310648301068 127.846357121187 128.124040379244 128.587880639469 129.315640673918 130.243561688591 130.988009565017 131.612204271204 132.453213579514 133.718869601979 135.389098223518 137.594910088707 139.613933983971 140.906501349281 142.192037526299 142.330055657555 141.04852158883 139.297700881958 136.990452037138 133.709166947533 129.986857161802 125.966719487134
