PREC/medie_oi/CUMULATA_MEDIA_08.asc
NCOLS 177 
NROWS 174 
XLLCORNER 1436301.375 
YLLCORNER 4916704.5 
CELLSIZE 1500 
NODATA_value -9999 
[rows 120 to 143 of 174, columns 108 to 161 of 177]
13.5365443001775 10.8355827901293 8.655958115178 6.98722100520835 5.87620438810657 5.08524927409256 4.47563370886971 3.9788915786673 3.5204394968117 3.19740822297685 2.94133054158267 2.6952553040841 2.47871563101516 2.29504284175003 2.17397173450274 2.15783906245933 2.25799965968027 2.50073904281153 3.09179012652706 3.74611966750201 4.78320672100081 6.33532958784524 8.70875795426614 12.0878984268536 16.7540801259525 22.285550277461 28.39762386592 34.0647764061304 38.0746501053081 39.6095958176781 38.3077037755181 34.7106946356156 30.0099041672314 24.4514901497785 19.3103948971804 15.0326267726281 11.3455864401425 8.84879354519003 7.27488438697422 6.32844918396543 5.96955312087255 6.22033524337937 6.72955299650922 7.41638219992028 7.96164857639986 8.45295827244134 8.80576702908558 8.85483494707767 8.6261636277332 8.38587447650292 8.46687642704038 -9999 -9999 -9999
10.9377625330406 8.6225290885743 6.7430743233246 5.3447071944966 4.42467965536258 3.84762317292831 3.33097858814632 2.97052463801468 2.63908888311947 2.3544587790966 2.17315805834882 2.02065445307423 1.90229472868583 1.80262189709088 1.75338482593789 1.78800573988872 1.90494086987832 2.24153437903699 2.71519693556954 3.31074298611459 4.29506017552579 5.8003448585377 8.01478610165855 11.2135523963062 15.5613868490738 20.9458099323161 26.7927155634936 32.0117758021635 35.4774810426375 36.443255999509 34.5352942663081 30.4632809021894 25.4275085505317 20.3662528921576 15.884940960828 12.154538761167 9.17990738504073 7.06186297360589 5.99275874565629 5.35052636660197 5.17711074562634 5.57198767889948 6.24565509049331 7.04225018653361 7.90885495043853 8.81650310294593 9.59469250633436 10.1033689747838 10.3254068239647 11.0282195526011 -9999 -9999 -9999 -9999
8.34865119264406 6.56114495019702 5.1476497829837 4.06210045034395 3.32540008863982 2.90567530341008 2.54672825687072 2.28108008819468 2.06090759003864 1.83721242143827 1.68035571803065 1.59761850448216 1.53856652931255 1.503942286267 1.51700637884 1.56150227850851 1.74621605785454 2.00793267852243 2.38243334477439 3.06109877193675 4.00640183862518 5.51049414101769 7.71336086707957 10.8672127758755 15.0845001094482 20.0855251971413 25.3888300026164 29.9968159198761 32.830618556808 33.1603645647273 30.8029681864907 26.5913423440036 21.6597587571425 16.9971342156915 12.9295847310739 9.82719333382214 7.40091250924503 5.79067841172218 4.86799399992999 4.34173320146168 4.30160310338525 4.67301690841422 5.37474153618164 6.17377597104539 7.16179327754413 8.33540242472116 9.4741689312984 10.481631500756 11.8536083667594 12.8726129926303 -9999 -9999 -9999 -9999
6.10954603991088 4.84414954395855 3.86340938902953 3.06835162201348 2.51094172938782 2.17226221587728 1.99428964800694 1.81277334865402 1.65571838661152 1.5084668647717 1.39484605368446 1.35309310432743 1.32586031713906 1.30379658805973 1.32954903823488 1.41671723171192 1.49887678333942 1.86973315685549 2.40106000882738 3.02503748106606 4.10204545539968 5.58364548227366 7.8051103143131 10.9565919427311 15.1960175282815 20.2798766879474 25.5395799174028 29.7881041554844 31.8783302727868 31.2173948568456 28.1890222184798 23.6990228120018 18.984814398429 14.3868911546819 10.7370412069208 8.07262808435103 5.87971993754892 4.75983745911542 3.90583245193257 3.48241048174746 3.44052719894577 3.71756489311948 4.28450939300306 4.99848889932036 6.00166092462399 7.20753594487906 8.52945150062442 9.92819548091468 12.0976660628529 13.8794690738706 15.891201372094 18.1554777039325 -9999 22.3139416698147
4.35143188233761 3.54943819168736 2.89377871155739 2.3484689207638 1.94005200047703 1.68357188999653 1.55376701933496 1.45926647852449 1.36102976606173 1.29473933051614 1.21348807215691 1.16186214851982 1.14200718700886 1.15951467568384 1.24495101720095 1.31602491613697 1.47584708067862 1.77106285796446 2.35381244561251 2.98496845496051 3.98311381129658 5.55123533922083 7.84916309398763 11.1567899970447 15.5035288579324 20.7606516235015 26.0029827005723 30.0327826457865 31.6508486902013 30.4030710809371 26.7361622908536 21.8272240512511 16.8609478193171 12.7975666803472 9.40923909580006 6.89135856488172 5.04588150101549 3.98900527112624 3.21964113677249 2.79257646750878 2.69133193352643 2.90350142647238 3.29938049976002 3.88735930249095 4.7299744778258 5.81322748126353 7.12167522026335 9.28129181682187 11.3524969001027 13.8782669143642 16.952899520888 20.5628727205536 24.2452800361549 27.6163549484575
3.07488827473101 2.60748918354511 2.19330642547678 1.82397375036688 1.54587057977915 1.36995084627586 1.24585068839438 1.23127494927715 1.176697909832 1.11844735022853 1.07555499015486 1.02507797847776 1.02761475172113 1.1302189358017 1.29651037253001 1.31029017707881 1.42754119678455 1.70390378771459 2.19344218119102 2.97288901052054 4.00428615072194 5.59882797476123 7.94353342319236 11.489495214294 16.0446789124433 21.4259813778541 26.8583215124467 30.6830351492938 31.9694683972527 30.0820090139613 25.9294995349996 20.6275345928529 15.5317364440245 11.2595211057102 8.07048638778574 5.77390231805689 4.34508873434628 3.41796276674551 2.81516308293623 2.27865426680621 2.1180255605894 2.18032166449463 2.51138916973244 2.94979969477829 3.61058480248732 4.49881308219012 5.83853095090565 7.81391939761884 10.0473302274066 12.9960596841924 16.8098202150534 21.3761352804654 26.465991669718 31.1010425607948
2.20737739279866 1.95136359816088 1.69591865469428 1.4572442156427 1.27081715271753 1.14517255653353 1.08536125500413 1.07943017956089 1.03995630451862 1.01615377471727 0.964075237074319 0.950418833424063 1.04939019855331 1.23580132293351 1.23685816850732 1.30074278133757 1.49011921006091 1.78008183661629 2.22884870452039 2.90425138876719 3.92263442014947 5.59000794326558 8.01170182578704 11.5095054016394 16.1723155116334 21.8776043671019 27.4045872302616 31.2755889331593 32.3209733016351 30.139950633049 25.32849316036 19.6609074263012 14.3889005254297 10.1969799013699 7.09550417696728 5.12018336092725 3.67127770185471 2.84682079974343 2.32357684566694 1.99926856598433 1.71882566809654 1.78440131279914 1.96184452688869 2.24969364242519 2.74561400952585 3.44625564708429 4.87010739677969 6.38862225961159 8.53042636066675 11.5178651239942 15.5535410541822 20.5124930169652 26.2746429259286 31.5837728512638
1.6454447982285 1.4979654857341 1.35028735022335 1.20623791436939 1.07726347008172 1.02358700247372 0.979268605218214 0.922091800062095 0.90932220045258 0.895894477910855 0.933725923299789 0.993164360961493 1.18486482606215 1.21755880818647 1.2467686805655 1.36058644775082 1.57958678024657 1.92635889088406 2.48719901898328 3.27265146024087 4.42545337536756 6.13731381297112 8.76925446881967 12.5642629931955 17.5826580226421 23.40677111815 28.9255055241725 32.543608139543 32.9103548807256 29.9134072591277 24.8171842939713 18.7957883538569 13.3911388577784 9.31889943252592 6.40477488058455 4.4753352241481 3.28166186897194 2.55733062414562 2.06219651725362 1.68437355581452 1.47974374868414 1.48891435191035 1.58388959780774 1.76454359884648 2.13131027471493 2.85697971284389 3.87716074200238 5.16184761901112 7.04212255819755 9.74909804936718 13.3575776933747 18.1966879078571 23.703619693132 28.8518547634868
-9999 1.17847651166513 1.11760289046694 1.05186481598546 0.967529938063201 0.931231920552604 0.878926036550718 0.793378124780515 0.796226031639997 0.867436172331081 0.970309795702205 1.07784093259012 1.18353700550163 1.20645319100688 1.32871147288996 1.55278321399408 1.84198096920462 2.22712500218083 2.85100133103483 3.74159688634031 4.99655522844371 6.89413493696381 9.65319905561559 13.6696686955059 18.9348884312546 24.9517329685828 30.5463299470789 34.0254875386462 34.1217150845948 30.7156033200376 25.0060647708528 18.7079059043351 13.148882983362 8.91081986620146 5.98623405572246 4.08729705302154 2.91177392970113 2.22375313937664 1.82479629840921 1.55135126105126 1.34917147698648 1.39917981591733 1.33199669497416 1.45198825571467 1.78474204943461 2.42867309402894 3.12300347536802 4.15970204156988 5.69858741278157 7.88494580940289 10.9386043215499 14.9634503875585 19.5472926348448 23.8472992970663
-9999 -9999 -9999 0.948043635224595 0.906235869754763 0.846884656040108 0.739284995285904 0.744969173389323 0.783460074049585 0.890776914270485 1.01688996132682 1.15031364976483 1.18935839174425 1.33149597355548 1.56788474496673 1.86096231113462 2.21699237122255 2.66677423610407 3.27992652619586 4.30227081039373 5.61425217635491 7.56856311068815 10.3802681197138 14.4278031499947 19.6942913707565 25.6113130432718 31.0350451802506 34.2745014849831 34.0867139679544 30.4567315315499 24.6323331331505 18.3227377866997 12.8168442599914 8.64764974222464 5.77316572298022 3.90752026964636 2.75382980003076 2.05557365233407 1.67440540650312 1.4412029740565 1.23829035285641 1.31569394797963 1.21143962585312 1.27204177506706 1.53447829888147 2.00735015531673 2.54643586935366 3.35075339894084 4.53880098462105 6.15098730430883 8.51852308871115 11.5273972346502 14.9167976234766 18.0757394327837
-9999 -9999 -9999 -9999 0.833884868989972 0.717703375307953 0.705539385623792 0.736146256327629 0.822170588900061 0.967462141724194 1.13804967219339 1.15459089419421 1.31418328776079 1.57415236970958 1.89582487371038 2.27690976682831 2.71585124906372 3.23305582298952 3.87622667586102 4.90897299962885 6.21550351381302 8.10007562181529 10.842950147741 14.5938041981529 19.486776404521 -9999 29.9252814545351 32.7410959461156 32.3350672739394 28.7527943078209 23.1893537219833 17.2334657942548 12.064095309552 8.15708235782735 5.4622642993927 3.70394284497289 2.58853232904392 1.91193278309177 1.54157107893158 1.31184174427215 1.18086609375827 1.20037961345823 1.09224803745747 1.10013092999511 1.41168013565681 1.68690931205364 2.09659599074546 2.69927886457128 3.52803701337646 4.72249972601147 6.3846224739271 8.44878090786583 10.7249996359734 12.816994679763
-9999 -9999 -9999 -9999 -9999 0.671470184974811 0.696743529070826 0.742943885133547 -9999 0.996733541436055 1.10003678281518 1.25984474227709 1.51700826208381 1.87452208732857 2.30199414360173 2.79094316328273 3.32171296810403 3.89683528507457 4.54880160093307 5.35434160337729 6.70179592861849 8.3649387289496 10.7402390907792 -9999 -9999 -9999 27.0424843325334 29.2999741575297 28.7727098692866 25.5360755973003 20.6272944334675 15.4015507557813 10.8587809240117 7.40828538466902 5.0101477942046 3.43132221260492 2.41494345664978 1.77483803910368 1.41017797939918 1.2121102021021 1.12482450332712 1.10809812650961 1.10519803896108 0.972279761424836 -9999 1.43557803113671 1.74032260915812 2.17164395464694 2.72317080287372 3.57139228766455 4.67394996083835 6.0010074434035 7.42484825235956 8.70859747336191
-9999 -9999 -9999 -9999 -9999 -9999 -9999 -9999 -9999 -9999 1.17491195219405 1.3781786937924 1.74041270508486 2.19994853086331 2.74416769252104 3.34570024294012 3.95999750933226 4.56395620282959 5.17129213669721 5.84400874025681 6.92700471597559 8.23651544837391 -9999 -9999 -9999 -9999 22.7597768236609 24.4029250109897 23.8568711789215 21.1977007967584 17.2309290118077 13.0046143917476 9.2996832640732 6.44959361938869 4.4380425766987 3.0863273248953 2.20925976993407 1.64349871260278 1.2829276831711 1.10500045515159 -9999 -9999 -9999 -9999 -9999 -9999 -9999 1.7057043767589 2.13022319797207 2.69204882269397 3.39570940198267 4.21304317519945 -9999 -9999
-9999 -9999 -9999 -9999 -9999 -9999 -9999 -9999 -9999 -9999 -9999 1.50493136881029 1.93920916581855 2.49109793235274 3.13714476806276 3.82837618186193 4.49128183634842 5.05307920277119 5.55693000204423 6.03592126509723 6.76986155965749 7.71868218744502 -9999 -9999 -9999 -9999 -9999 -9999 -9999 16.4665911565809 13.5344035432619 10.386875492685 7.58597471608835 5.38714181412669 3.79896277364563 2.70462632266914 1.97825079981019 1.49920903146267 -9999 -9999 -9999 -9999 -9999 -9999 -9999 -9999 -9999 -9999 -9999 -9999 -9999 -9999 -9999 -9999
-9999 -9999 -9999 -9999 -9999 -9999 -9999 -9999 -9999 -9999 -9999 -9999 -9999 2.67238319971982 3.35064979423495 4.07621854368378 4.7288531196468 5.24003869558082 5.5992989154423 5.86342622602687 6.14586024775225 -9999 -9999 -9999 -9999 -9999 -9999 -9999 -9999 -9999 -9999 -9999 -9999 4.34319702579695 3.15547648773474 2.31475657224655 -9999 -9999 -9999 -9999 -9999 -9999 -9999 -9999 -9999 -9999 -9999 -9999 -9999 -9999 -9999 -9999 -9999 -9999
-9999 -9999 -9999 -9999 -9999 -9999 -9999 -9999 -9999 -9999 -9999 -9999 -9999 -9999 -9999 -9999 4.61374204561991 5.01270621752038 -9999 -9999 -9999 -9999 -9999 -9999 -9999 -9999 -9999 -9999 -9999 -9999 -9999 -9999 -9999 -9999 -9999 -9999 -9999 -9999 -9999 -9999 -9999 -9999 -9999 -9999 -9999 -9999 -9999 -9999 -9999 -9999 -9999 -9999 -9999 -9999
-9999 -9999 -9999 -9999 -9999 -9999 -9999 -9999 -9999 -9999 -9999 -9999 -9999 -9999 -9999 -9999 -9999 -9999 -9999 -9999 -9999 -9999 -9999 -9999 -9999 -9999 -9999 -9999 -9999 -9999 -9999 -9999 -9999 -9999 -9999 -9999 -9999 -9999 -9999 -9999 -9999 -9999 -9999 -9999 -9999 -9999 -9999 -9999 -9999 -9999 -9999 -9999 -9999 -9999
-9999 -9999 -9999 -9999 -9999 -9999 -9999 -9999 -9999 -9999 -9999 -9999 -9999 -9999 -9999 -9999 -9999 -9999 -9999 -9999 -9999 -9999 -9999 -9999 -9999 -9999 -9999 -9999 -9999 -9999 -9999 -9999 -9999 -9999 -9999 -9999 -9999 -9999 -9999 -9999 -9999 -9999 -9999 -9999 -9999 -9999 -9999 -9999 -9999 -9999 -9999 -9999 -9999 -9999
-9999 -9999 -9999 -9999 -9999 -9999 -9999 -9999 -9999 -9999 -9999 -9999 -9999 -9999 -9999 -9999 -9999 -9999 -9999 -9999 -9999 -9999 -9999 -9999 -9999 -9999 -9999 -9999 -9999 -9999 -9999 -9999 -9999 -9999 -9999 -9999 -9999 -9999 -9999 -9999 -9999 -9999 -9999 -9999 -9999 -9999 -9999 -9999 -9999 -9999 -9999 -9999 -9999 -9999
-9999 -9999 -9999 -9999 -9999 -9999 -9999 -9999 -9999 -9999 -9999 -9999 -9999 -9999 -9999 -9999 -9999 -9999 -9999 -9999 -9999 -9999 -9999 -9999 -9999 -9999 -9999 -9999 -9999 -9999 -9999 -9999 -9999 -9999 -9999 -9999 -9999 -9999 -9999 -9999 -9999 -9999 -9999 -9999 -9999 -9999 -9999 -9999 -9999 -9999 -9999 -9999 -9999 -9999
-9999 -9999 -9999 -9999 -9999 -9999 -9999 -9999 -9999 -9999 -9999 -9999 -9999 -9999 -9999 -9999 -9999 -9999 -9999 -9999 -9999 -9999 -9999 -9999 -9999 -9999 -9999 -9999 -9999 -9999 -9999 -9999 -9999 -9999 -9999 -9999 -9999 -9999 -9999 -9999 -9999 -9999 -9999 -9999 -9999 -9999 -9999 -9999 -9999 -9999 -9999 -9999 -9999 -9999
-9999 -9999 -9999 -9999 -9999 -9999 -9999 -9999 -9999 -9999 -9999 -9999 -9999 -9999 -9999 -9999 -9999 -9999 -9999 -9999 -9999 -9999 -9999 -9999 -9999 -9999 -9999 -9999 -9999 -9999 -9999 -9999 -9999 -9999 -9999 -9999 -9999 -9999 -9999 -9999 -9999 -9999 -9999 -9999 -9999 -9999 -9999 -9999 -9999 -9999 -9999 -9999 -9999 -9999
-9999 -9999 -9999 -9999 -9999 -9999 -9999 -9999 -9999 -9999 -9999 -9999 -9999 -9999 -9999 -9999 -9999 -9999 -9999 -9999 -9999 -9999 -9999 -9999 -9999 -9999 -9999 -9999 -9999 -9999 -9999 -9999 -9999 -9999 -9999 -9999 -9999 -9999 -9999 -9999 -9999 -9999 -9999 -9999 -9999 -9999 -9999 -9999 -9999 -9999 -9999 -9999 -9999 -9999
-9999 -9999 -9999 -9999 -9999 -9999 -9999 -9999 -9999 -9999 -9999 -9999 -9999 -9999 -9999 -9999 -9999 -9999 -9999 -9999 -9999 -9999 -9999 -9999 -9999 -9999 -9999 -9999 -9999 -9999 -9999 -9999 -9999 -9999 -9999 -9999 -9999 -9999 -9999 -9999 -9999 -9999 -9999 -9999 -9999 -9999 -9999 -9999 -9999 -9999 -9999 -9999 -9999 -9999
