PREC/medie_oi/CUMULATA_MEDIA_05.asc
NCOLS 177 
NROWS 174 
XLLCORNER 1436301.375 
YLLCORNER 4916704.5 
CELLSIZE 1500 
NODATA_value -9999 
[rows 24 to 47 of 174, columns 54 to 107 of 177]
-9999 -9999 101.844073211446 108.128816857057 113.292578781352 116.661097638747 116.879283035503 112.822672254899 104.557093087365 93.1472788979025 80.2686936995562 68.0046781371622 57.3593189015108 -9999 -9999 -9999 -9999 -9999 -9999 -9999 -9999 -9999 -9999 -9999 -9999 -9999 -9999 -9999 -9999 -9999 -9999 -9999 -9999 -9999 -9999 -9999 -9999 -9999 -9999 -9999 -9999 -9999 -9999 -9999 -9999 -9999 -9999 -9999 71.6230126549216 79.8016363031724 88.6891323538388 97.4337799969841 105.609198514153 112.217904259177
-9999 -9999 -9999 112.951799476848 118.515637874603 122.051697254181 122.25896616543 118.144155446221 109.93523090026 99.0196245137383 86.8153354981366 74.4493905516232 63.7012399505166 -9999 -9999 -9999 -9999 -9999 -9999 -9999 -9999 -9999 -9999 -9999 -9999 -9999 -9999 -9999 -9999 -9999 -9999 -9999 -9999 -9999 -9999 -9999 -9999 -9999 -9999 -9999 -9999 -9999 -9999 -9999 -9999 -9999 -9999 -9999 68.5993137920604 75.9178416308235 83.5583952735452 91.4036600449506 98.730073928833 104.121727887322
-9999 -9999 -9999 116.280373573303 122.615197209751 126.50493032792 126.78862843794 122.829859284794 114.773175435908 104.448629042682 93.2034271464628 81.5064383114085 71.4089364444508 -9999 -9999 -9999 -9999 -9999 -9999 -9999 -9999 -9999 -9999 -9999 -9999 -9999 -9999 -9999 -9999 -9999 -9999 -9999 -9999 -9999 -9999 -9999 -9999 -9999 -9999 -9999 -9999 -9999 -9999 -9999 -9999 -9999 57.0648873834049 61.0568367453182 66.2344000199262 72.1923473582548 78.4804944431081 85.5064558141372 92.1573438083424 97.9457559024586
-9999 -9999 -9999 118.194980102427 124.858809078441 129.143246790942 129.870476358077 126.54181693582 119.442064285278 110.358328707078 100.063607159783 89.5557723886826 79.6720336745767 71.8849735540502 -9999 -9999 -9999 -9999 -9999 -9999 -9999 -9999 -9999 -9999 -9999 -9999 -9999 -9999 -9999 -9999 -9999 -9999 -9999 106.371109233183 105.85065202152 102.454519720639 96.9363401637358 89.6141366397633 81.7274396559771 -9999 -9999 -9999 -9999 -9999 -9999 -9999 56.5850658416748 59.676960215849 63.9517195084516 69.151278888478 74.8413525749655 81.0926254496855 87.3656488306382 92.7291830848245
-9999 -9999 -9999 117.547283887863 125.148918853087 130.495878668392 132.008539816912 129.638114031623 123.991618156433 116.056585928973 106.286396868089 96.7874383365407 88.4517402648926 81.6202494116391 76.5631077149335 -9999 -9999 -9999 -9999 -9999 -9999 -9999 -9999 -9999 -9999 -9999 -9999 -9999 -9999 -9999 -9999 116.945176405065 120.76787555919 122.241094813627 120.863051470588 116.211976219626 109.128368265489 100.327088187723 90.6202058231129 80.8432134179508 -9999 -9999 -9999 -9999 -9999 56.0012014893925 57.2430555119234 59.9492847218233 63.607050671297 68.1101323296042 73.4350355933694 79.2473647173713 85.1763256297392 90.0902679667753
-9999 -9999 -9999 -9999 122.874000240775 128.859440607183 131.532263755798 130.608913533828 126.484874220455 119.925705348744 112.324710341061 104.029884899364 97.2142884871539 91.8875399757834 87.8789732315961 84.6253738964305 -9999 -9999 -9999 -9999 -9999 -9999 -9999 -9999 -9999 -9999 94.8713255489574 101.656850983115 109.485482215881 117.842644186581 126.645715264713 132.526466481826 136.130369074204 137.098712360158 134.552632500144 128.660071316887 120.315222908469 110.103102066938 98.7840957641602 87.4860861722161 -9999 -9999 -9999 -9999 -9999 57.5573126288021 58.7507702883552 61.1415008657119 64.6008337245268 69.1251831615672 74.0608443652882 79.6128416622386 85.1027977887322 90.0007333194508
-9999 -9999 -9999 -9999 118.949339109309 125.463871058296 129.277148471159 129.752595452701 127.503108192893 123.05113472658 117.081510824316 110.761545854456 105.445405511295 101.463687896729 98.3427655837115 95.572925567627 -9999 -9999 -9999 -9999 -9999 -9999 -9999 -9999 -9999 98.8455291074865 105.939606498269 113.18742090113 121.524377149694 130.619394526762 139.632950838874 145.495203130385 148.826019735897 149.148864858291 146.094396142399 139.154862796559 129.621557347915 118.043278189266 105.385658039766 93.1573265300078 -9999 -9999 -9999 -9999 -9999 59.653525464675 60.8460724213544 63.3023781495936 66.9661546033971 71.4215959661147 76.5036330503576 81.6511153052835 86.6473652334774 91.4905985663919
-9999 -9999 -9999 105.276349572574 113.886698077707 121.057183349834 126.151545300203 128.19192460004 127.650258120369 124.932428472182 120.850181355196 116.32951893526 112.481051613303 109.60586121503 107.283379162059 105.070733238669 102.612747977762 -9999 -9999 -9999 -9999 -9999 -9999 -9999 -9999 107.804083150976 115.023313297945 122.455546771779 131.493020338171 140.305244557998 149.421779071583 154.970582849839 157.884346457089 157.719471875359 153.807969598209 146.271462608786 136.063068053302 123.80272102356 110.475032357609 97.4725897171918 86.1614716473748 -9999 -9999 -9999 -9999 -9999 63.696309818941 66.3861056496115 70.0455684661865 74.6847490422866 79.7359527139103 84.803030238432 89.8242524090935 93.9140894272748
-9999 -9999 -9999 99.9970795407015 108.836651465472 116.749510035795 122.591893925386 125.892350757823 126.729288998772 125.564389958101 123.08728947359 120.328368691837 117.945590299719 116.026757857379 114.199910556569 112.212541692397 110.393784466912 108.529738482307 106.388015859267 -9999 -9999 -9999 -9999 -9999 -9999 114.497480672948 121.019334232106 128.716651916504 137.770833744722 146.229097815121 153.304772994098 159.801632151884 162.34479971493 161.70603314568 157.076338375316 149.478772556081 139.067773033591 126.756347207462 113.584262623506 100.738334094777 89.4063707239488 -9999 -9999 -9999 -9999 -9999 67.1722990484799 70.1235154656803 73.8963016061222 78.5914290933048 83.6163127562579 88.7369063882267 93.482458226821 97.4525817422306
-9999 -9999 87.2805429626914 96.039004129522 104.931343527401 113.096195613637 119.564246906954 123.803441440358 125.585505429436 125.682097491096 124.548381356632 123.201546837302 121.647173713235 120.241354549632 119.039304621079 117.607105030733 116.068250768325 114.457623425652 112.536910000969 110.76986099692 109.312994676478 108.936128784628 109.42430748659 111.309941684499 114.499788396499 118.662487030029 124.337351069731 131.703177395989 140.243539249196 147.397871915032 153.379830304314 159.149721931009 162.001078437356 161.213751624612 156.553306803984 149.217537375057 139.255313648897 127.175599490895 114.558730518117 102.432403003468 91.4311968859504 -9999 -9999 -9999 -9999 -9999 -9999 74.474692288567 78.3622758528766 83.0449585073135 88.2249588685877 93.1626765307258 97.4416061850155 100.819353440229
-9999 -9999 84.929825109594 93.9121184910045 102.688462481779 111.009771010455 117.70593104643 122.359726961921 124.735636542825 125.70315619076 125.882695141961 125.276430915384 124.139199649586 122.985726300408 121.938962375416 120.840658075669 119.514552172493 118.074462890625 116.5489023994 115.278577916762 114.072382422055 113.284501580631 113.471795250388 114.734215680291 117.117727504057 120.365509594188 125.391133476706 131.205014172722 138.870737075806 145.186844769646 150.382009618423 154.596240997314 156.592767603257 156.332422593061 152.283807193532 145.708481508143 136.37499775606 125.383289785946 113.910878349753 102.356055876788 91.8714163163129 83.5395934161018 77.7664491990033 -9999 -9999 -9999 -9999 -9999 83.2782750971177 87.8845389871036 92.8644387862262 97.5494840285357 101.374400531544 104.388987372903
-9999 76.9650964736938 84.9395532608032 93.8757152276881 102.598842284259 110.768611234777 117.377389234655 122.242984883925 125.110890781178 126.838424233829 127.302270328297 127.088616090662 125.768324234906 124.441648371079 123.384784698486 122.13900644639 120.924944036147 119.870297824635 118.792561250574 117.694473490996 116.536017922794 115.832040225758 115.490514418658 116.05950793098 117.745298049029 120.18297588124 123.898011488073 128.450095232795 135.050142400405 140.571281208712 144.835326475256 148.330144321217 150.016941070557 148.595349928912 145.203407287598 139.127782933852 130.91942394481 121.100087895113 110.838785395903 101.264379725737 92.2106767542222 85.0697850620045 80.3135361390955 77.7987907634062 -9999 -9999 -9999 -9999 -9999 92.7237948249368 97.4567867727841 101.65245403963 105.015902463128 107.628706314984
-9999 78.4775212231804 86.6900796329274 95.4835777282715 104.127176621381 112.301891775692 119.075912587783 124.287696501788 127.710185780245 129.272245743695 129.361491708195 128.463481229894 127.062753116383 125.206683439367 123.605973412009 122.103615480311 120.875050039852 119.994256636676 119.235762427835 118.228620192584 117.455370959114 116.543168572819 116.013065674726 115.891943987678 116.61665131064 118.588623944451 121.174914864933 124.584007487578 129.542371188893 134.523150948917 138.438301759608 141.123038572424 142.240526311538 141.714535881491 138.565237606273 132.811845667222 125.505625332103 117.130473193 108.240043752334 99.9793896394617 91.9364730610567 86.1776532565846 82.3528582629036 80.9439679314108 -9999 -9999 -9999 -9999 93.6381803400376 97.3490593854119 101.415322247673 105.085450004129 107.977013419656 110.443327847649
-9999 81.4952105073368 90.0216990639182 99.116777307847 107.931095123291 116.045524709365 122.830200195312 127.916815477259 131.12557108262 132.397403941435 132.106315612793 130.472919912899 127.891347324147 125.266511580523 123.022568646599 121.290801777559 119.984087551341 118.998366411994 118.353626924403 117.618348289939 116.837796155144 115.924921821145 115.199554443359 114.557300567627 114.644846972297 115.590696447036 117.762532402487 120.577806136187 123.982977025649 128.438647775089 132.183388653923 134.689219306497 135.711866266587 135.284009821275 132.529949412626 127.613548278809 120.898883034201 113.18714018429 105.34431031171 97.8533696567311 91.4178764118868 86.9235486423268 84.3869693980497 83.8479044297162 -9999 -9999 -9999 94.9128006205839 98.8024824927835 102.223914763507 105.25570566514 108.069443085614 110.595803429099 113.107737148509
78.7893407204572 86.306297863231 95.0765245662016 104.340228753931 113.366317019743 121.376706179451 127.836989458869 132.659792283002 135.540565041935 136.640443914077 135.80323454913 133.338355569278 130.051314185647 126.448867797852 123.199996499454 120.766118891099 119.250401440789 118.156706641702 117.343312656178 116.58133428237 115.775729235481 114.764698477352 113.744038301356 112.8478122038 112.54748580035 113.01852574068 114.306719162885 116.666487076703 119.395476397346 123.080134447883 126.691659590777 129.269787956687 130.193115009981 129.399313982795 126.899819766774 122.298091888428 116.382715898402 109.603397369385 102.268602820004 96.0982593087589 91.0357409084544 87.6453923618092 86.3505915473489 86.7309496262494 88.9416811325971 92.5724258422852 96.4191698186538 100.186856999117 103.654282513787 106.585147408878 109.437758501838 111.482758690329 112.998674617094 115.021267610438
84.3828277868383 92.3099988769083 101.352353656993 110.359232902527 119.39099076215 127.121014875524 133.164950202493 137.418501685647 139.948010164149 140.671521579518 139.672823288861 136.957025191363 132.654285655302 128.38384549758 124.749745537253 121.746793859145 119.666920830222 118.031639996697 116.774766136618 115.785518870634 114.865176032571 113.495926127714 112.367602965411 111.424443862017 110.760812198415 110.882738898782 111.985302420223 113.842114616843 116.068142834832 119.104398390826 121.893631430233 123.976422029383 124.99031829834 124.231690350701 121.64348377901 117.418605355655 111.646934733671 105.794851415298 100.025605706608 94.7935716965619 90.8028125762939 88.9980322893928 88.6857463612276 90.0059177174288 93.3081343033734 97.2241008982939 101.226974599502 104.744176528033 107.606208689073 109.868164286894 111.767639047959 113.686370849609 115.490778642542 115.973245620728
90.8672499376185 99.0058640311746 107.852852540858 116.86685775308 125.286730822395 132.49747691435 137.885672288782 141.54914968154 143.689709607293 144.230070450727 143.104309530819 140.255519418155 136.143906761618 131.370590434355 127.283776675954 123.568899042466 120.598692389096 118.354985854205 116.63482912849 115.395973766551 114.365466622745 113.230573766372 111.823987287634 110.848600724164 110.010625166052 109.8308170543 110.79946158914 112.108664793127 114.245243745692 116.168990640079 118.59659688613 120.176170573515 120.547137989717 119.346187591553 116.828027837417 112.962957045611 108.357007419362 103.369654935949 98.6367769802318 94.6320766000187 91.9767757864559 91.1350218828987 91.8521409876206 94.2370165656595 97.7075158287497 101.8519932242 105.842022615321 109.135768441593 111.403417923871 112.713575475356 113.76245431339 114.935555289773 116.230456408332 116.933578379014
97.8870966855217 105.640829703387 114.165537665872 122.687277232899 130.3326216305 136.64612310073 141.346646028406 144.57362724753 146.447797438678 146.925546085133 145.954952015596 143.343582377714 139.494860144222 134.986944086411 129.915663438685 125.78875171437 122.24979726006 119.685068130493 117.706447825712 116.104720957139 114.803415298462 113.605528663186 112.354809817146 111.133352055269 110.377323150635 109.909696803373 110.442255581126 111.586313808666 112.925877963795 114.520179524141 116.295604481417 117.204211066751 117.160209206974 116.019182541791 113.77115092558 110.297386169434 106.299914640539 102.516458399156 101.44874976663 98.536335440243 94.6438057843377 94.3410839753992 96.2222364089068 99.0678051219267 102.492130055147 106.975816390094 111.000156963573 113.93590556874 115.481107150807 115.988829781027 115.869722254136 116.061825359569 116.292762195363 116.697944192325
105.001745672787 112.101078538334 119.763620488784 127.295167586383 134.064052581787 139.405352872961 143.28741275563 146.080078125 147.778119031121 148.370774437399 147.646094153909 145.464244393741 142.252676234526 137.882149079267 132.936633502736 128.331072302426 124.581537358901 121.700421277215 119.306323556339 117.522002612843 116.155000911039 115.010943917667 113.915737600888 112.75559055104 111.829398660099 111.181798598346 111.191016702091 111.48264021032 112.431903839111 113.350683324477 114.226330252255 114.826192743638 114.728745180018 113.72708421595 111.962077196907 111.861119663014 109.78746436624 107.510074391085 105.528517554788 103.5394858192 102.262418859145 102.161399953506 103.913504432229 104.710111393648 108.2320765327 112.589294097003 116.633914386525 119.166999816895 119.997327131384 119.5614825978 118.354187011719 117.397678824032 116.61506394779 116.281122880823
111.97296964421 118.018807635588 124.360946430879 130.618427949793 135.938725303201 140.162595300113 143.278379328111 145.481471117805 147.019642325009 147.895853827981 147.526200911578 145.930771771599 143.45283833672 139.637067233815 135.242247413186 130.932861328125 127.18938221651 123.969442367554 121.343078837675 119.626527113073 118.395922155941 117.416805603925 116.412020178402 115.358202541576 114.134084813735 113.373327816234 112.862340814927 112.566597433651 112.531141842113 113.123920665068 113.43323023179 113.695058261647 113.735813365263 113.28441619873 115.078232933493 114.732311473173 114.173817578484 113.197745828068 112.19658795525 110.972481447108 110.402329949772 110.837723227108 112.412862665513 114.555500254912 115.415237931644 119.249572866103 122.596933252671 124.573258568259 124.684918571921 123.508834502276 121.186703177059 119.161065943101 117.689934001249 117.314928840188
118.479801823111 123.188094139099 127.686235091266 132.430802962359 136.304889678955 139.368958641501 141.686689152437 143.450736101936 144.833721609677 145.677225337309 145.733340656056 144.816455504474 143.080086315379 140.257015003878 137.055578680599 133.164650412167 129.997987186207 127.211909350227 124.960432277006 123.332694895127 121.993851829978 121.049624947941 119.989905862247 119.158947439755 117.768317166497 116.565613466151 115.650162865134 114.866117140826 114.418515822467 114.158586165484 114.241751502542 114.542953491211 114.737716450411 115.960972281063 118.882364160874 120.114365521599 120.968642964083 121.558942906997 121.698499455171 121.249936272116 120.823280671064 120.959829218247 122.546587270849 124.494595639846 124.628737617941 127.511855910806 129.760523235097 130.736263948328 129.795045067282 127.408427182366 124.195315192727 121.23044350568 119.274103501264 117.921022302964
123.823073555441 126.94817756204 129.775146147784 132.776465023265 135.61958582261 137.769164814669 139.331713844748 140.55030003716 141.649023953606 142.544962265912 142.862851984361 142.572378270766 141.916652230655 140.47227231194 138.503419539508 135.832197525922 133.434483135448 131.224580315983 129.460153467515 128.114291808184 127.326946482939 126.600917367374 125.698583266314 124.686818852144 123.200065388399 121.538993835449 120.08449532004 119.014251933378 118.289750716266 117.825067856733 117.679026659797 117.991078320672 118.738249386058 122.939366508933 125.422858069925 127.8417634403 129.99464820413 132.173477172852 133.426152061014 133.220301123226 132.399244645063 132.123346104341 132.871858540703 134.541100053226 136.16160774231 135.533300511977 137.160697039436 136.492741809172 134.282831921297 130.840010923498 127.068311354693 123.37914130267 120.484189762789 118.672057544484
127.532438194051 128.955545285169 130.267958528855 132.017778957591 133.80538222369 135.270475836361 136.487942415125 137.469099605785 138.321290745455 139.141036314123 139.664743647856 140.2947696237 141.084193510168 140.961301466998 140.093554889455 138.81954092138 137.324928171494 136.063932082232 135.248275756836 135.494525909424 135.514932071461 135.032261343563 134.198289759019 132.973865957821 131.111067603616 129.028099508847 126.861765020034 125.667775546803 124.623928518856 124.055395462934 124.542424819049 125.230810053208 126.878849702723 131.674533395206 134.416798984303 137.608300152947 140.910139644847 143.771272995893 144.984796748442 145.007774689618 144.127211290247 143.179703544168 142.996774280772 144.098510181203 144.860571244184 143.080943612491 143.795975572923 142.12014725629 138.50441309985 134.124925108517 129.597155458787 125.356020646937 121.522226109224 119.240319981295
129.724581550149 129.382033965167 129.364737342386 130.108626477859 131.014317119823 132.160967546351 133.211971170762 134.143138885498 135.204089894014 136.222735461067 137.354021633373 139.056498808019 141.132607740514 142.560670403873 143.172038695391 143.192006840425 144.014723946066 145.584699069752 146.390453338623 146.930259031408 146.898125143612 146.077663421631 144.797879836139 142.889774098116 140.674465403837 138.198220870074 135.834527183981 133.883012435016 132.715176526238 132.708382774802 134.166137470919 135.937296474681 137.637040755328 142.727471744313 145.579533745261 148.747863320743 151.72382848403 154.394068437464 155.581805173089 155.329480002908 154.550759147195 153.363041597254 152.456128120422 152.791636074291 152.733607348274 149.751551235423 149.190388819751 146.699723412009 142.232450429131 136.975689944099 131.865110958324 126.794081687927 122.638733190649 119.720777848188
