PREC/medie_oi/CUMULATA_MEDIA_AMGLAS.asc
NCOLS 177 
NROWS 174 
XLLCORNER 1436301.375 
YLLCORNER 4916704.5 
CELLSIZE 1500 
NODATA_value -9999 
[rows 72 to 95 of 174, columns 0 to 53 of 177]
-9999 -9999 -9999 -9999 -9999 -9999 -9999 -9999 -9999 -9999 -9999 -9999 -9999 -9999 -9999 -9999 -9999 -9999 -9999 -9999 592.969703674316 563.829322814941 539.285163879395 519.861930847168 510.092769622803 509.768878936768 517.266220092773 531.637306213379 551.672309875488 581.125633239746 611.628234863281 637.857284545898 657.701080322266 669.294700622559 671.241729736328 667.603210449219 657.759727478027 649.683326721191 640.772933959961 637.564582824707 640.251403808594 650.880592346191 669.426422119141 690.292617797852 711.40406036377 731.762588500977 749.651268005371 766.585266113281 781.163902282715 799.251876831055 815.449012756348 827.484832763672 832.898590087891 835.433448791504
-9999 -9999 -9999 -9999 -9999 -9999 -9999 -9999 -9999 -9999 -9999 -9999 -9999 -9999 -9999 -9999 -9999 -9999 -9999 -9999 586.923774719238 553.512245178223 527.732887268066 509.402889251709 500.247611999512 501.39644241333 509.575698852539 523.358123779297 541.548984527588 563.845901489258 589.555145263672 612.433120727539 628.806289672852 636.549865722656 636.198463439941 632.296165466309 624.724411010742 617.005485534668 613.017860412598 614.434158325195 620.303451538086 631.447860717773 650.82160949707 677.244171142578 700.287673950195 721.451011657715 740.316528320312 756.646591186523 772.133819580078 786.656394958496 801.543251037598 811.300537109375 816.832107543945 822.148773193359
-9999 -9999 -9999 -9999 -9999 -9999 -9999 -9999 -9999 -9999 -9999 -9999 -9999 -9999 -9999 -9999 -9999 -9999 -9999 -9999 -9999 533.466369628906 508.825660705566 493.662895202637 488.186260223389 491.853862762451 502.881114959717 518.466979980469 536.929008483887 556.840316772461 575.627113342285 592.079711914062 603.595825195312 608.81421661377 606.910530090332 601.057029724121 595.080093383789 591.555725097656 590.703384399414 593.783126831055 602.086845397949 616.779106140137 636.374931335449 659.73511505127 686.815643310547 710.004211425781 729.361618041992 745.037719726562 757.031471252441 765.426307678223 774.022079467773 787.08625793457 795.796379089355 801.10905456543
-9999 -9999 -9999 -9999 -9999 -9999 -9999 -9999 -9999 -9999 -9999 -9999 -9999 -9999 -9999 -9999 -9999 -9999 -9999 -9999 -9999 505.633785247803 482.94295501709 474.748516082764 474.866939544678 482.01725769043 496.023498535156 514.033752441406 536.153957366943 555.671569824219 572.796844482422 583.878128051758 588.908393859863 589.484222412109 584.539237976074 579.116218566895 574.104988098145 570.08895111084 570.318702697754 574.72745513916 584.829612731934 602.010093688965 623.891639709473 647.347030639648 670.276596069336 690.659332275391 707.250396728516 721.200782775879 731.04907989502 739.117034912109 746.918632507324 758.314926147461 765.987335205078 772.66926574707
-9999 -9999 -9999 -9999 -9999 -9999 -9999 -9999 -9999 -9999 -9999 -9999 -9999 -9999 -9999 -9999 -9999 -9999 -9999 -9999 -9999 -9999 -9999 -9999 459.821109771729 472.128341674805 489.44474029541 511.816093444824 534.793357849121 555.488296508789 570.704833984375 580.949211120605 582.155670166016 577.769027709961 570.816139221191 562.947525024414 556.27906036377 552.355926513672 552.634552001953 558.163948059082 569.643127441406 587.980377197266 610.996139526367 633.532730102539 655.392158508301 673.540313720703 687.690483093262 698.752067565918 705.278610229492 711.239952087402 717.416328430176 724.864128112793 733.559814453125 739.987846374512
-9999 -9999 -9999 -9999 -9999 -9999 -9999 -9999 -9999 -9999 -9999 -9999 -9999 -9999 -9999 -9999 -9999 -9999 -9999 -9999 -9999 -9999 -9999 -9999 441.725296020508 460.294780731201 483.734024047852 511.254432678223 537.310348510742 558.58381652832 574.191413879395 582.786964416504 582.872039794922 574.824005126953 564.193695068359 552.955192565918 544.452926635742 537.991073608398 536.919425964355 541.367324829102 552.40795135498 570.733528137207 593.427947998047 615.630645751953 635.374496459961 652.649322509766 665.318061828613 673.265502929688 675.970413208008 680.275276184082 684.834419250488 690.430305480957 698.940948486328 708.269737243652
-9999 -9999 -9999 -9999 -9999 -9999 -9999 -9999 -9999 -9999 -9999 -9999 -9999 -9999 -9999 -9999 -9999 -9999 -9999 -9999 -9999 -9999 -9999 -9999 421.321281433105 447.885513305664 479.575199127197 512.359504699707 540.600433349609 563.226364135742 579.413192749023 587.594863891602 588.009757995605 579.419319152832 563.657272338867 548.111534118652 534.669555664062 525.817344665527 520.783340454102 523.364524841309 533.990364074707 549.829391479492 571.053016662598 592.361305236816 611.311004638672 626.888732910156 638.274337768555 643.974937438965 645.387054443359 648.110473632812 650.808609008789 655.331100463867 661.924156188965 673.70435333252
-9999 -9999 -9999 -9999 -9999 -9999 -9999 -9999 -9999 -9999 -9999 -9999 -9999 -9999 -9999 -9999 -9999 -9999 -9999 -9999 -9999 -9999 -9999 -9999 401.866832733154 436.743824005127 475.095924377441 512.252063751221 545.573463439941 570.843063354492 587.779151916504 595.877029418945 592.842231750488 582.357841491699 565.228500366211 544.377487182617 527.972366333008 515.981002807617 507.918495178223 506.578392028809 514.517463684082 527.343193054199 545.236053466797 565.359809875488 583.383354187012 597.338508605957 607.421020507812 611.66316986084 613.250129699707 615.432670593262 617.653129577637 621.15111541748 627.753517150879 637.173812866211
-9999 -9999 -9999 -9999 -9999 -9999 -9999 -9999 -9999 -9999 -9999 -9999 -9999 -9999 -9999 -9999 -9999 -9999 -9999 -9999 -9999 -9999 -9999 -9999 -9999 -9999 470.464344024658 513.958629608154 552.447677612305 581.704376220703 600.914199829102 607.743789672852 604.433479309082 592.170913696289 571.189476013184 547.996444702148 525.824577331543 508.140823364258 496.670513153076 491.150497436523 494.402187347412 503.49076461792 517.66455078125 535.004417419434 551.77165222168 565.004150390625 573.791831970215 577.702972412109 579.534461975098 581.711372375488 583.510795593262 586.700675964355 593.164924621582 602.947654724121
-9999 -9999 -9999 -9999 -9999 -9999 -9999 -9999 -9999 -9999 -9999 -9999 -9999 -9999 -9999 -9999 -9999 -9999 -9999 -9999 -9999 -9999 -9999 -9999 -9999 -9999 466.058643341064 515.430324554443 559.072074890137 594.20149230957 615.347427368164 622.760444641113 618.202629089355 603.348487854004 579.846542358398 552.27099609375 524.754249572754 502.023754119873 484.345600128174 474.580219268799 473.255271911621 478.320251464844 488.676406860352 501.694530487061 517.000183105469 528.486022949219 536.591156005859 542.053665161133 544.015563964844 546.211769104004 548.658805847168 552.02205657959 559.483596801758 570.47779083252
-9999 -9999 -9999 -9999 -9999 -9999 -9999 -9999 -9999 -9999 -9999 -9999 -9999 -9999 -9999 -9999 -9999 -9999 -9999 -9999 -9999 -9999 -9999 -9999 -9999 404.637886047363 461.35404586792 515.781108856201 563.992393493652 604.399864196777 627.873100280762 635.617858886719 630.069152832031 613.720222473145 586.780410766602 555.230094909668 523.184310913086 492.918090820312 469.132724761963 455.314926147461 448.400684356689 449.227546691895 456.35107421875 467.378818511963 479.177730560303 489.585716247559 497.508895874023 503.243125915527 507.342498779297 510.984878540039 515.304611206055 521.898399353027 530.172325134277 542.700462341309
-9999 -9999 -9999 -9999 -9999 -9999 -9999 -9999 -9999 -9999 -9999 -9999 -9999 -9999 -9999 -9999 -9999 -9999 -9999 -9999 -9999 -9999 -9999 -9999 -9999 392.276599884033 454.339168548584 514.048923492432 568.019706726074 610.238945007324 632.761184692383 641.721252441406 637.078704833984 618.025337219238 587.954902648926 553.662940979004 515.866939544678 480.440288543701 452.606998443604 432.537910461426 421.624942779541 418.227165222168 421.799560546875 430.441638946533 441.42261505127 451.746234893799 460.179260253906 466.840137481689 472.769649505615 479.039119720459 487.461479187012 497.095268249512 506.942230224609 519.679161071777
-9999 -9999 -9999 -9999 -9999 -9999 -9999 -9999 -9999 -9999 -9999 -9999 -9999 -9999 -9999 -9999 -9999 -9999 -9999 -9999 -9999 -9999 -9999 -9999 -9999 -9999 445.967136383057 508.994079589844 568.006423950195 611.433052062988 635.597610473633 642.270713806152 631.642913818359 609.069969177246 578.913452148438 542.537200927734 501.56371307373 462.24861907959 430.738010406494 407.480621337891 392.14315032959 385.263240814209 386.440216064453 393.587673187256 403.788597106934 414.900905609131 425.630699157715 434.987022399902 443.519653320312 452.756225585938 463.025405883789 474.544456481934 488.099418640137 502.386795043945
-9999 -9999 -9999 -9999 -9999 -9999 -9999 -9999 -9999 -9999 -9999 -9999 -9999 -9999 -9999 -9999 -9999 -9999 -9999 -9999 -9999 -9999 -9999 -9999 -9999 -9999 -9999 500.56742477417 558.894474029541 602.890716552734 627.550163269043 631.779853820801 617.080490112305 593.065734863281 560.3701171875 521.914886474609 478.466281890869 437.607715606689 403.289604187012 378.073169708252 360.785911560059 351.383415222168 350.564685821533 356.436584472656 366.966079711914 380.222831726074 393.904636383057 407.225063323975 420.319194793701 433.732887268066 446.131858825684 459.408580780029 474.753479003906 489.589012145996
-9999 -9999 -9999 -9999 -9999 -9999 -9999 -9999 -9999 -9999 -9999 -9999 -9999 -9999 -9999 -9999 -9999 -9999 -9999 -9999 -9999 -9999 -9999 -9999 -9999 -9999 -9999 483.692951202393 538.390071868896 577.990676879883 601.544418334961 603.243515014648 591.123985290527 564.82698059082 531.249885559082 491.16349029541 447.020092010498 406.80290222168 371.604736328125 345.484329223633 327.788921356201 317.779609680176 316.099563598633 322.184482574463 333.766040802002 348.616157531738 365.429164886475 383.562393188477 402.122936248779 420.102138519287 436.569530487061 453.097278594971 469.993385314941 485.451545715332
-9999 -9999 -9999 -9999 -9999 -9999 -9999 -9999 -9999 -9999 -9999 -9999 -9999 -9999 -9999 -9999 -9999 -9999 -9999 -9999 -9999 -9999 -9999 -9999 -9999 -9999 -9999 456.035278320312 504.815124511719 540.995658874512 559.371284484863 561.341018676758 548.951972961426 523.921325683594 490.172248840332 450.654273986816 409.146602630615 370.613468170166 337.39693069458 311.651462554932 294.574703216553 285.467540740967 285.000881195068 292.234981536865 305.588592529297 323.43346786499 344.061046600342 367.254440307617 390.512279510498 412.477184295654 433.628364562988 453.817607879639 472.586456298828 487.981178283691
-9999 -9999 -9999 -9999 -9999 -9999 -9999 -9999 -9999 -9999 -9999 -9999 -9999 -9999 -9999 -9999 -9999 -9999 -9999 -9999 -9999 -9999 -9999 -9999 -9999 -9999 -9999 418.608402252197 460.569816589355 491.625717163086 504.160629272461 504.466766357422 492.184150695801 470.142604827881 438.130039215088 402.397491455078 365.812763214111 331.118495941162 301.322383880615 278.137882232666 262.753660202026 256.090564727783 257.949632644653 267.093551635742 283.172008514404 304.877735137939 330.437492370605 357.893188476562 384.847942352295 411.475830078125 436.518218994141 459.836620330811 479.936653137207 494.739143371582
-9999 -9999 -9999 -9999 -9999 -9999 -9999 -9999 -9999 -9999 -9999 -9999 -9999 -9999 -9999 -9999 -9999 -9999 -9999 -9999 -9999 -9999 -9999 -9999 -9999 -9999 -9999 370.801708221436 404.539962768555 429.477458953857 438.625576019287 436.511501312256 425.107601165771 406.38565826416 380.369812011719 350.451572418213 319.924140930176 291.01286315918 265.828672409058 246.568643569946 234.377796173096 231.054347991943 235.158115386963 247.428834915161 267.005043029785 292.604038238525 322.361000061035 353.966842651367 386.180236816406 416.752983093262 444.893753051758 468.477081298828 487.231781005859 500.514358520508
-9999 -9999 -9999 -9999 -9999 -9999 -9999 -9999 -9999 -9999 -9999 -9999 -9999 -9999 -9999 -9999 -9999 -9999 -9999 -9999 -9999 -9999 -9999 -9999 -9999 -9999 -9999 -9999 341.384738922119 359.283432006836 366.568729400635 364.645126342773 355.703838348389 341.257511138916 321.354564666748 298.204113006592 274.607662200928 252.057664871216 232.004634857178 218.359853744507 210.781455993652 210.715379714966 217.754894256592 233.540952682495 257.607929229736 287.392398834229 321.965923309326 359.153606414795 395.821884155273 428.401546478271 456.355983734131 478.182518005371 494.3486328125 505.320129394531
-9999 -9999 -9999 -9999 -9999 -9999 -9999 -9999 -9999 -9999 -9999 -9999 -9999 -9999 -9999 -9999 -9999 -9999 -9999 -9999 -9999 -9999 -9999 -9999 -9999 -9999 -9999 -9999 275.837324142456 288.96178817749 295.283905029297 294.657260894775 289.520492553711 280.247646331787 266.049518585205 249.952026367188 233.016723632812 216.65930557251 203.054489135742 194.221597671509 191.776662826538 195.695631027222 206.736667633057 226.239873886108 254.48419380188 288.804962158203 327.663124084473 369.110675811768 408.770709991455 442.830825805664 470.088405609131 488.431831359863 500.693313598633 507.686767578125
-9999 -9999 -9999 -9999 -9999 -9999 -9999 -9999 -9999 -9999 -9999 -9999 -9999 -9999 -9999 -9999 -9999 -9999 -9999 -9999 -9999 -9999 -9999 -9999 -9999 -9999 -9999 -9999 214.580671310425 224.881229400635 230.045156478882 232.337955474854 230.88899230957 226.520217895508 218.077478408813 207.83847618103 197.17569732666 187.222723007202 179.447124481201 175.837617874146 177.336797714233 185.326173782349 200.349235534668 223.787754058838 256.060710906982 294.09672164917 336.597434997559 380.334609985352 421.868160247803 455.953151702881 481.976463317871 497.758911132812 505.112373352051 506.563102722168
-9999 -9999 -9999 -9999 -9999 -9999 -9999 -9999 -9999 -9999 -9999 -9999 -9999 -9999 -9999 -9999 -9999 -9999 -9999 -9999 -9999 -9999 -9999 -9999 -9999 -9999 -9999 -9999 -9999 -9999 177.118253707886 180.714319229126 182.660978317261 182.096403121948 178.120637893677 173.750654220581 168.967914581299 164.820585250854 161.74792098999 162.431341171265 167.644470214844 178.99494934082 198.131885528564 225.357881546021 261.418893814087 302.916126251221 347.645519256592 392.178073883057 432.567874908447 465.292850494385 488.935485839844 501.634056091309 505.164627075195 500.81324005127
-9999 -9999 -9999 -9999 -9999 -9999 -9999 -9999 -9999 -9999 -9999 -9999 -9999 -9999 -9999 -9999 -9999 -9999 -9999 -9999 -9999 -9999 -9999 -9999 -9999 -9999 -9999 -9999 -9999 -9999 -9999 -9999 146.012650489807 147.661078453064 148.644466400146 150.024677276611 150.187785148621 150.171924591064 150.260942459106 154.065451622009 162.086323738098 177.273712158203 200.086891174316 231.089315414429 269.793006896973 313.452907562256 358.996704101562 403.19747543335 441.350448608398 468.950553894043 487.15559387207 495.003356933594 494.000900268555 486.479957580566
-9999 -9999 -9999 -9999 -9999 -9999 -9999 -9999 -9999 -9999 -9999 -9999 -9999 -9999 -9999 -9999 -9999 -9999 -9999 -9999 -9999 -9999 -9999 -9999 -9999 -9999 -9999 -9999 -9999 -9999 -9999 -9999 121.791508674622 126.285146713257 132.246004104614 136.704495429993 140.206167221069 143.075133323669 145.495934486389 152.171840667725 163.377949714661 180.967863082886 205.882963180542 238.591161727905 279.307153701782 324.311168670654 368.817668914795 409.69506072998 444.446796417236 467.135238647461 477.848968505859 479.461002349854 473.457454681396 462.75910949707
