PREC/medie_oi/CUMULATA_MEDIA_AMGLAS.asc
NCOLS 177 
NROWS 174 
XLLCORNER 1436301.375 
YLLCORNER 4916704.5 
CELLSIZE 1500 
NODATA_value -9999 
[rows 120 to 143 of 174, columns 108 to 161 of 177]
129.802760124207 105.524638175964 84.9131660461426 69.161328792572 57.8564476966858 49.4547972679138 42.692223072052 37.2670037746429 32.5141408443451 28.7616939544678 26.229962348938 23.8536138534546 21.9928354024887 20.600692152977 19.8273738622665 20.0430123806 21.185876250267 23.1850364208221 27.742392539978 33.5453581809998 42.4714736938477 55.4815397262573 74.4636468887329 100.732664108276 134.423659324646 173.687536239624 215.708684921265 252.379024505615 275.77494430542 281.077257156372 267.665588378906 240.682321548462 206.691919326782 169.55150604248 135.951288223267 108.084052085876 86.2035875320435 71.1001925468445 61.3267140388489 55.6978034973145 54.7915177345276 58.3447871208191 64.4919462203979 72.0545969009399 78.0507550239563 82.3845996856689 84.8225193023682 84.1113605499268 80.8867936134338 76.856782913208 75.5097937583923 -9999 -9999 -9999
104.765739440918 84.3111190795898 67.044135093689 53.5639081001282 44.3716399669647 38.2751221656799 32.7969720363617 28.8094325065613 25.4544909000397 22.374738574028 20.3339819908142 18.7448843717575 17.6887276172638 17.0022119283676 16.8623430728912 17.398667216301 18.6759399175644 21.0859678983688 25.0487551689148 30.4899260997772 38.8258471488953 51.0428347587585 68.6532211303711 93.1357822418213 125.157780647278 163.007614135742 202.261520385742 235.905141830444 256.01421546936 258.68994140625 242.762033462524 213.707437515259 179.254047393799 145.655279159546 115.898591995239 91.4713354110718 73.3211932182312 60.7498912811279 53.4450340270996 49.7901825904846 49.9088473320007 54.452892780304 61.6568250656128 69.7014799118042 77.6842617988586 84.8454895019531 90.084698677063 92.4853191375732 92.4095411300659 95.0069780349731 -9999 -9999 -9999 -9999
80.7333784103394 65.0530476570129 51.8646783828735 41.3339200019836 33.83513879776 29.5464491844177 25.7953839302063 22.7932448387146 20.3932952880859 18.3581939935684 16.3994299173355 15.5086348056793 15.0616275072098 14.8329560756683 15.1696914434433 15.9250383377075 17.2032532691956 19.4819134473801 23.3155696392059 29.1429507732391 37.1396143436432 49.1880664825439 66.3712587356567 90.1347532272339 120.683800697327 156.035123825073 192.117118835449 222.486471176147 239.143800735474 238.37170791626 220.373418807983 190.997482299805 157.403917312622 125.248115539551 98.2160472869873 77.2684574127197 62.3327970504761 52.3311800956726 46.015453338623 43.1239898204803 43.8380792140961 48.3645334243774 55.424840927124 62.9901823997498 71.5767979621887 80.6165566444397 88.3214321136475 94.2014513015747 101.557525634766 106.616035461426 -9999 -9999 -9999 -9999
60.2044773101807 49.0058398246765 39.593710899353 31.8828980922699 26.1742506027222 22.5630030632019 20.5851709842682 18.5921683311462 16.8517355918884 15.670649766922 14.2413147687912 13.7887202501297 13.6782857179642 13.6676516532898 14.1407492160797 14.9801871776581 16.1288847923279 18.8693531751633 23.4281859397888 29.0493664741516 37.7994542121887 49.9033970832825 67.3594546318054 91.0964365005493 121.811151504517 157.164215087891 192.488039016724 220.24144744873 232.892070770264 227.404821395874 205.924957275391 174.811864852905 140.860857963562 109.629280090332 84.5138502120972 65.8798394203186 52.6612930297852 44.4021921157837 38.9654467105865 36.6738197803497 37.2187402248383 40.8895757198334 46.6089296340942 53.5079860687256 61.9034380912781 71.2086725234985 80.3809447288513 89.1900911331177 102.169850349426 112.184807777405 123.133321762085 134.979833602905 -9999 152.988018989563
44.0089268684387 36.6013119220734 30.1467781066895 24.7501559257507 20.6962195634842 17.8678462505341 16.4081707000732 15.2778619527817 14.6243484020233 13.9265294075012 13.1860128641129 12.5193604230881 12.3843134641647 12.6518579125404 13.7125790119171 14.8199105262756 16.4882148504257 19.1941559314728 23.9063684940338 29.5792992115021 38.40434217453 51.4745316505432 69.3177094459534 93.6827592849731 124.746222496033 160.562393188477 195.531444549561 221.761861801147 231.860103607178 222.876440048218 197.946500778198 164.441400527954 130.263688087463 100.476764678955 76.3756799697876 58.1630454063416 45.840790271759 38.2795403003693 33.2547464370728 30.869809627533 30.8799097537994 33.5710651874542 37.9419629573822 43.5298821926117 50.7612023353577 59.3232140541077 68.7552900314331 82.9142231941223 95.7810096740723 110.827856063843 128.473107337952 148.378643035889 166.083341598511 182.997283935547
32.0843374729156 27.3758990764618 23.1875374317169 19.5212110280991 16.7229100465775 14.7832424640656 13.5434086322784 13.3065214157104 13.1214106082916 12.3493099212646 11.994337618351 11.4795935153961 11.6570953726768 12.7970057725906 14.3969395160675 15.1671710014343 16.9842641353607 20.0254487991333 24.4085447788239 31.2883689403534 40.2824282646179 53.3136925697327 72.2522711753845 98.5208015441895 131.135550498962 168.265815734863 203.637447357178 228.606983184814 235.982297897339 223.110767364502 194.596559524536 158.348455429077 122.592706680298 92.3495101928711 68.8907761573792 52.0684833526611 40.266850233078 33.6805925369263 29.247184753418 25.9073169231415 25.3912582397461 27.0387256145477 30.1651604175568 34.3334183692932 40.2364156246185 47.507276058197 57.0795950889587 70.8048825263977 85.2212162017822 103.339415550232 125.759041786194 150.704674720764 177.516332626343 201.502101898193
23.6887378692627 20.7976899147034 18.1096016168594 15.7695087194443 13.9050807952881 12.6302160024643 11.9348071813583 11.9575747251511 11.7110687494278 11.4835535883904 11.2338753938675 11.2598943114281 12.3675138950348 14.0823682546616 14.9650012254715 16.314845085144 18.8119895458221 22.2777819633484 27.1110582351685 34.0015413761139 43.3433327674866 56.9883942604065 76.5818152427673 103.199404716492 137.363977432251 176.254928588867 212.455265045166 237.166376113892 242.162752151489 226.281188964844 193.759321212769 154.249442100525 116.847979545593 86.0567989349365 62.9978718757629 47.081832408905 36.0484776496887 29.2044951915741 25.0804793834686 22.7129703760147 21.2032731771469 22.1134462356567 24.103365778923 26.8943734169006 31.4447855949402 37.3350183963776 47.8426027297974 58.5721879005432 72.7963037490845 91.5743064880371 115.693487167358 142.614405632019 174.42760848999 202.438930511475
17.9755598306656 16.1840437650681 14.5201538801193 13.0848566293716 11.8652241230011 11.3222599029541 10.9646704792976 10.7116840481758 10.5481269359589 10.7485366463661 11.3884859085083 12.0395941138268 14.0463404655457 15.1840025186539 16.5143880844116 18.6560462713242 21.4547505378723 25.5823917388916 31.5876514911652 39.7394685745239 50.6602993011475 65.559947013855 87.1189670562744 116.350980758667 152.872502326965 193.075817108154 229.305326461792 251.634431838989 252.81872177124 230.910474777222 193.782873153687 151.033708572388 112.003977775574 80.849636554718 58.2722473144531 42.8595457077026 32.7119750976562 26.9531402587891 22.4307419061661 19.7505531311035 18.1903867721558 18.4169946908951 19.4814743995667 21.2700052261353 24.6618232727051 30.4289162158966 38.2912538051605 47.5766248703003 60.3337540626526 77.6788334846497 98.2700643539429 126.570390701294 157.407049179077 185.087209701538
-9999 12.9724435806274 12.0535960197449 11.2338835597038 10.629114151001 10.4297124743462 9.98627454042435 9.58611112833023 9.84977853298187 10.8242797255516 12.0893204808235 13.4667464494705 15.3402507305145 16.96542096138 19.3081239461899 22.4411245584488 26.2924103736877 31.0616376399994 38.0487823486328 47.4337604045868 59.5366883277893 76.5234622955322 99.1570901870728 130.498171806335 169.315801620483 211.163473129272 248.279613494873 269.530311584473 267.106344223022 240.845512390137 198.870391845703 152.564589500427 110.984892845154 78.4677200317383 55.400146484375 39.7752301692963 29.7188191413879 23.7310657501221 20.3278971910477 17.5781815052032 15.867461681366 16.303277015686 16.1334208250046 17.2369256019592 20.291695356369 25.2779078483582 30.6968698501587 38.2964301109314 48.9187521934509 63.0770964622498 81.0228595733643 104.981772422791 131.150163650513 154.803131103516
-9999 -9999 -9999 10.0331370830536 9.9375194311142 9.58161562681198 8.96442359685898 9.3021497130394 9.97659760713577 11.3361568450928 12.9303261041641 15.205955862999 17.3731164932251 20.0910614728928 23.7813354730606 28.1079021692276 33.0653610229492 38.8822588920593 46.1413209438324 57.0482921600342 69.9232902526855 87.6377091407776 111.069086074829 142.860871315002 182.06615447998 223.89155960083 260.097122192383 279.348388671875 273.926778793335 244.455253601074 199.802761077881 151.798446655273 109.415020942688 76.6053214073181 53.326723575592 37.803201675415 27.924337387085 21.7115070819855 18.5538821220398 16.3068894147873 14.1933689117432 14.5830433368683 14.101322889328 14.6681479215622 16.750387430191 20.568927526474 24.7811298370361 30.7300109863281 39.051899433136 48.801561832428 63.8839550018311 82.210470199585 102.054105758667 119.929968833923
-9999 -9999 -9999 -9999 9.17119300365448 8.32536560297012 8.70064753293991 9.19600200653076 10.4934412837029 12.2553189992905 14.9609150886536 17.0406522750854 20.2149496078491 24.6317065954208 29.8138430118561 35.6405651569366 41.985490322113 48.9177615642548 56.7251460552216 67.9618973731995 80.9423160552979 98.096321105957 121.26571559906 150.379958152771 187.031442642212 -9999 258.862939834595 274.867656707764 267.068937301636 236.560552597046 192.192371368408 145.316006660461 104.381381988525 72.8849182128906 50.6232266426086 35.6885995864868 26.0291950702667 20.0971055030823 16.8660652637482 14.7765694856644 13.1045205593109 12.962671995163 12.4403650760651 12.399042725563 14.7642171382904 17.0038143396378 20.1990667581558 24.6884677410126 30.26908826828 37.9018025398254 48.7446660995483 61.659206867218 75.4035654067993 87.6543445587158
-9999 -9999 -9999 -9999 -9999 7.88629460334778 8.65884536504745 9.39180940389633 -9999 13.1668602228165 16.1783903837204 19.4414812326431 24.0856142044067 30.1662720441818 37.1975340843201 44.8317017555237 52.7115483283997 60.6031889915466 68.6834864616394 77.6825041770935 90.9548449516296 105.856170654297 125.757528305054 -9999 -9999 -9999 241.368257522583 253.190896987915 244.072206497192 215.274024963379 174.69634437561 132.282793998718 95.3308801651001 66.883056640625 46.692732334137 33.0734415054321 24.1260993480682 18.3959809541702 15.1221140623093 13.4981217384338 12.3585320711136 11.6819710731506 11.6049576997757 10.7124407887459 -9999 14.2777104377747 16.6483966112137 19.8888691663742 23.1819386482239 29.0990829467773 36.4860017299652 45.052604675293 53.9595289230347 61.7802038192749
-9999 -9999 -9999 -9999 -9999 -9999 -9999 -9999 -9999 -9999 17.6878483295441 21.8352681398392 28.2252612113953 36.1109478473663 45.1576609611511 54.6685814857483 63.954078912735 72.3504204750061 79.895525932312 87.1753125190735 97.6927051544189 108.757194519043 -9999 -9999 -9999 -9999 209.497705459595 216.905694961548 207.704536437988 183.024806976318 149.123651504517 113.830063819885 82.9331121444702 58.9189639091492 41.6778364181519 29.8823034763336 22.034487247467 16.9074928760529 13.6208689212799 12.0149034261703 -9999 -9999 -9999 -9999 -9999 -9999 -9999 15.2853902578354 18.3225964307785 22.3278970718384 27.1761562824249 32.6334121227264 -9999 -9999
-9999 -9999 -9999 -9999 -9999 -9999 -9999 -9999 -9999 -9999 -9999 24.2061771154404 31.8993875980377 41.4186472892761 52.227600812912 63.2636342048645 73.365629196167 81.4963221549988 87.6060500144958 92.3100137710571 98.6818928718567 105.440071105957 -9999 -9999 -9999 -9999 -9999 -9999 -9999 145.670108795166 119.764400482178 92.7378845214844 68.8033928871155 49.8810482025146 36.0138454437256 26.3353996276855 19.7586007118225 15.381707906723 -9999 -9999 -9999 -9999 -9999 -9999 -9999 -9999 -9999 -9999 -9999 -9999 -9999 -9999 -9999 -9999
-9999 -9999 -9999 -9999 -9999 -9999 -9999 -9999 -9999 -9999 -9999 -9999 -9999 44.7741436958313 56.5453310012817 68.225935459137 78.2143039703369 85.3002223968506 89.3383889198303 91.109881401062 91.9787573814392 -9999 -9999 -9999 -9999 -9999 -9999 -9999 -9999 -9999 -9999 -9999 -9999 40.81325340271 30.2732465267181 22.7096962928772 -9999 -9999 -9999 -9999 -9999 -9999 -9999 -9999 -9999 -9999 -9999 -9999 -9999 -9999 -9999 -9999 -9999 -9999
-9999 -9999 -9999 -9999 -9999 -9999 -9999 -9999 -9999 -9999 -9999 -9999 -9999 -9999 -9999 -9999 76.7547750473022 82.2010359764099 -9999 -9999 -9999 -9999 -9999 -9999 -9999 -9999 -9999 -9999 -9999 -9999 -9999 -9999 -9999 -9999 -9999 -9999 -9999 -9999 -9999 -9999 -9999 -9999 -9999 -9999 -9999 -9999 -9999 -9999 -9999 -9999 -9999 -9999 -9999 -9999
-9999 -9999 -9999 -9999 -9999 -9999 -9999 -9999 -9999 -9999 -9999 -9999 -9999 -9999 -9999 -9999 -9999 -9999 -9999 -9999 -9999 -9999 -9999 -9999 -9999 -9999 -9999 -9999 -9999 -9999 -9999 -9999 -9999 -9999 -9999 -9999 -9999 -9999 -9999 -9999 -9999 -9999 -9999 -9999 -9999 -9999 -9999 -9999 -9999 -9999 -9999 -9999 -9999 -9999
-9999 -9999 -9999 -9999 -9999 -9999 -9999 -9999 -9999 -9999 -9999 -9999 -9999 -9999 -9999 -9999 -9999 -9999 -9999 -9999 -9999 -9999 -9999 -9999 -9999 -9999 -9999 -9999 -9999 -9999 -9999 -9999 -9999 -9999 -9999 -9999 -9999 -9999 -9999 -9999 -9999 -9999 -9999 -9999 -9999 -9999 -9999 -9999 -9999 -9999 -9999 -9999 -9999 -9999
-9999 -9999 -9999 -9999 -9999 -9999 -9999 -9999 -9999 -9999 -9999 -9999 -9999 -9999 -9999 -9999 -9999 -9999 -9999 -9999 -9999 -9999 -9999 -9999 -9999 -9999 -9999 -9999 -9999 -9999 -9999 -9999 -9999 -9999 -9999 -9999 -9999 -9999 -9999 -9999 -9999 -9999 -9999 -9999 -9999 -9999 -9999 -9999 -9999 -9999 -9999 -9999 -9999 -9999
-9999 -9999 -9999 -9999 -9999 -9999 -9999 -9999 -9999 -9999 -9999 -9999 -9999 -9999 -9999 -9999 -9999 -9999 -9999 -9999 -9999 -9999 -9999 -9999 -9999 -9999 -9999 -9999 -9999 -9999 -9999 -9999 -9999 -9999 -9999 -9999 -9999 -9999 -9999 -9999 -9999 -9999 -9999 -9999 -9999 -9999 -9999 -9999 -9999 -9999 -9999 -9999 -9999 -9999
-9999 -9999 -9999 -9999 -9999 -9999 -9999 -9999 -9999 -9999 -9999 -9999 -9999 -9999 -9999 -9999 -9999 -9999 -9999 -9999 -9999 -9999 -9999 -9999 -9999 -9999 -9999 -9999 -9999 -9999 -9999 -9999 -9999 -9999 -9999 -9999 -9999 -9999 -9999 -9999 -9999 -9999 -9999 -9999 -9999 -9999 -9999 -9999 -9999 -9999 -9999 -9999 -9999 -9999
-9999 -9999 -9999 -9999 -9999 -9999 -9999 -9999 -9999 -9999 -9999 -9999 -9999 -9999 -9999 -9999 -9999 -9999 -9999 -9999 -9999 -9999 -9999 -9999 -9999 -9999 -9999 -9999 -9999 -9999 -9999 -9999 -9999 -9999 -9999 -9999 -9999 -9999 -9999 -9999 -9999 -9999 -9999 -9999 -9999 -9999 -9999 -9999 -9999 -9999 -9999 -9999 -9999 -9999
-9999 -9999 -9999 -9999 -9999 -9999 -9999 -9999 -9999 -9999 -9999 -9999 -9999 -9999 -9999 -9999 -9999 -9999 -9999 -9999 -9999 -9999 -9999 -9999 -9999 -9999 -9999 -9999 -9999 -9999 -9999 -9999 -9999 -9999 -9999 -9999 -9999 -9999 -9999 -9999 -9999 -9999 -9999 -9999 -9999 -9999 -9999 -9999 -9999 -9999 -9999 -9999 -9999 -9999
-9999 -9999 -9999 -9999 -9999 -9999 -9999 -9999 -9999 -9999 -9999 -9999 -9999 -9999 -9999 -9999 -9999 -9999 -9999 -9999 -9999 -9999 -9999 -9999 -9999 -9999 -9999 -9999 -9999 -9999 -9999 -9999 -9999 -9999 -9999 -9999 -9999 -9999 -9999 -9999 -9999 -9999 -9999 -9999 -9999 -9999 -9999 -9999 -9999 -9999 -9999 -9999 -9999 -9999
