PREC/medie_oi/CUMULATA_MEDIA_08.asc
NCOLS 177 
NROWS 174 
XLLCORNER 1436301.375 
YLLCORNER 4916704.5 
CELLSIZE 1500 
NODATA_value -9999 
[rows 96 to 119 of 174, columns 108 to 161 of 177]
26.2072123709847 22.0931841976502 18.5887892877354 15.7296954673879 13.4905564855127 12.1527564385358 11.2590921170571 10.8832955009797 11.0086490555721 11.6804104850573 13.0740281843087 15.0462393664262 17.4261143041008 20.1568405610674 23.1437198782668 26.5414453043657 29.7973213059937 32.6265063623295 35.166136235437 36.7738323632409 37.0969631544807 -9999 -9999 -9999 -9999 -9999 -9999 -9999 -9999 -9999 -9999 -9999 -9999 -9999 -9999 -9999 -9999 -9999 -9999 -9999 -9999 -9999 -9999 -9999 -9999 -9999 -9999 -9999 -9999 -9999 -9999 -9999 -9999 -9999
22.9395692488726 19.3480306162554 16.1109934484257 13.6132528781891 11.9758668086108 11.0579177421682 10.5182672265698 10.6227644804646 11.3631761722705 12.7554872623261 14.9252879637129 17.7619173167383 21.1212649459348 24.9633153326371 29.0416891384212 33.5145916886189 37.8627480474465 41.4842847760986 44.7491893689422 46.7578236846363 47.1175154951565 45.8943759908571 42.9345917535179 38.1706271070768 32.0711865293629 -9999 -9999 -9999 -9999 -9999 -9999 -9999 -9999 -9999 -9999 -9999 -9999 -9999 -9999 -9999 -9999 -9999 -9999 -9999 -9999 -9999 -9999 -9999 -9999 -9999 -9999 -9999 -9999 -9999
20.9148896617048 17.3915088141666 14.5887240031186 12.4138592481613 10.9956874479266 10.3486665627536 10.3707599394462 10.9057935783092 12.164724212359 14.2368021248018 17.1698684753741 20.9580926246503 25.4876260266585 30.5378422439098 35.8613502223264 41.4346474799163 46.8430176180075 51.2676305564887 55.0098723409807 57.2047934668029 57.4405522837358 55.7390273914618 51.8207198881051 45.8675881146508 38.3448832560988 -9999 -9999 -9999 -9999 -9999 -9999 -9999 -9999 -9999 -9999 -9999 -9999 -9999 -9999 -9999 -9999 -9999 -9999 -9999 -9999 -9999 -9999 -9999 -9999 -9999 -9999 -9999 -9999 -9999
19.7269804968553 16.1754766246852 13.6294057684786 11.8019032338086 10.7058461203295 10.4614650607109 10.6306700478582 11.5280089886749 13.2600084490636 15.8951837718487 19.5922960691592 24.3304902113536 29.9558656277025 36.1738501234966 42.6331408317475 49.0940573465298 55.2817149355131 60.5380665808916 64.4789178621243 66.6212430201909 66.4634415191763 64.1318700418753 59.253562813296 52.0394065594848 43.2659080598284 -9999 -9999 -9999 -9999 -9999 -9999 -9999 -9999 -9999 -9999 -9999 -9999 -9999 -9999 -9999 -9999 -9999 -9999 -9999 -9999 -9999 -9999 -9999 -9999 -9999 -9999 -9999 -9999 -9999
19.5170756946592 16.101076201481 13.6919867413885 12.011173946016 11.0619396549814 10.9321446944686 11.2749055457466 12.4912805329351 14.5424377777997 17.6284299983698 21.9274384212844 27.3896955628605 33.855226333527 40.9433374492561 48.216232864734 55.2773758229964 61.8644913167638 67.433374445228 71.4746493114268 73.4441325121066 72.7787804261726 69.729412993964 64.0698146697353 55.8078587681932 46.0623045384007 -9999 -9999 -9999 -9999 -9999 -9999 -9999 -9999 -9999 -9999 -9999 -9999 -9999 -9999 -9999 -9999 -9999 -9999 -9999 -9999 -9999 -9999 -9999 -9999 -9999 -9999 -9999 -9999 -9999
19.9062223118894 16.5841695000144 14.1934879895519 12.6108353611301 11.7727693450802 11.6420912304345 12.3134915776113 13.7541577447863 16.0182356361081 19.418271812446 24.0206138202373 29.8327746452654 36.6772741342292 44.1500255154336 51.7210139592781 58.991820455474 65.339573568281 70.9217154607177 74.8062522972331 76.7137574255466 75.5625252846409 71.9253924414515 65.6154858715394 56.8888162085239 46.6583689271527 -9999 -9999 -9999 -9999 -9999 -9999 -9999 -9999 -9999 -9999 -9999 -9999 -9999 -9999 -9999 -9999 -9999 -9999 -9999 -9999 -9999 -9999 -9999 -9999 -9999 -9999 -9999 -9999 -9999
20.587300297092 17.5838292451466 15.3778094298699 13.8839161317138 13.0701010455103 13.083404323634 13.8495639843099 15.4075629982878 17.7852902587722 21.2587408020216 25.8938964780639 31.6962974492241 38.3628331913668 45.6063325080801 52.8464935522746 59.7377601603375 65.8264827789629 70.7380910629735 74.5979745388031 76.1374548607889 74.9059084303239 70.9730149003513 64.4092421628096 55.5688574055538 -9999 -9999 -9999 -9999 -9999 -9999 -9999 -9999 -9999 -9999 -9999 -9999 -9999 -9999 -9999 -9999 -9999 -9999 -9999 -9999 -9999 -9999 -9999 -9999 -9999 -9999 -9999 -9999 -9999 -9999
21.700488132589 18.9731378765667 16.9059838968165 15.355701452669 14.7029726610464 14.9755424173439 15.9782478975899 17.4816724219743 19.881309637252 23.3600365633474 27.8131854613038 33.167221775388 39.289785502588 45.6735841053374 52.1099508935038 58.2393946375917 63.7803912381915 68.2799004815957 71.4075289337951 73.2014754940482 72.0125223972342 68.189002176418 61.7860490850666 53.1277569922454 43.516382431721 -9999 -9999 -9999 -9999 -9999 -9999 -9999 -9999 -9999 -9999 -9999 -9999 -9999 -9999 -9999 -9999 -9999 -9999 -9999 -9999 -9999 -9999 -9999 -9999 -9999 -9999 -9999 -9999 -9999
22.835340478841 20.6014673429377 18.8011985815623 17.4314095842488 17.096232637763 17.4048521194388 18.4511773691458 20.2808901974384 22.6025512823287 25.8358227146022 29.9770054278128 34.6937825329164 39.6962032024475 44.9777646139264 50.2381853943362 55.3246304796023 60.0002825685284 63.950507903362 66.8179629738717 67.883309598793 67.0288027704639 63.615344185163 57.5863222181797 49.6414548447903 40.7111964155646 32.0247991155176 -9999 -9999 -9999 -9999 -9999 -9999 -9999 -9999 -9999 -9999 -9999 -9999 -9999 -9999 -9999 -9999 -9999 -9999 -9999 -9999 -9999 -9999 -9999 -9999 -9999 -9999 -9999 -9999
24.0936981106506 22.5119457525365 20.8303775239517 20.246645123643 20.174412468777 20.5742635551621 21.6998923157944 23.6207869061652 26.0675626980031 28.9284239271108 32.4209377029363 36.1963053450865 40.0211957469583 43.776745800148 47.6382750684724 51.4768552885336 55.2391635604641 58.5380766330396 60.9457644995521 61.7468707714887 60.9032058365205 58.3213493990548 53.0528182236149 46.143054303001 38.3540358333027 30.5733524490805 23.6310459725997 17.9324829017415 13.4581247077269 9.99874799742418 -9999 -9999 -9999 -9999 -9999 -9999 -9999 -9999 -9999 -9999 -9999 -9999 -9999 -9999 -9999 -9999 -9999 -9999 -9999 -9999 -9999 -9999 -9999 -9999
25.3943366715137 24.3294523612541 23.6009871004259 23.4709091090104 23.6272272458848 24.4222842489972 25.7303403940271 27.3662183911485 29.7217914948569 32.1168431999052 35.0599890697528 37.8076709969079 40.3715462912531 42.6710274171303 44.799822377808 47.3265214961241 50.0426678030806 52.408139396678 54.1464329931666 55.2382339348688 54.8315449273762 52.5178429729798 48.4039235185174 42.750335819581 36.1226519486483 29.61172441174 23.2240486565758 18.1388827912948 14.0311512105605 10.8362447584377 8.72360320301617 -9999 -9999 -9999 -9999 -9999 -9999 -9999 -9999 -9999 -9999 -9999 -9999 -9999 -9999 -9999 -9999 -9999 -9999 -9999 -9999 -9999 -9999 -9999
26.383625558194 26.156047011123 26.3982362387811 26.8825265230501 27.7708405037137 28.8104308948797 30.0567328412743 31.7071034759283 33.5743268228629 35.342612576397 37.3637480691952 39.0600222331636 40.4981248435729 41.3716955570614 42.0424643943415 43.100637562573 44.5744471111718 45.9385111476569 47.4858935111586 48.4952619777006 48.5681622168597 46.9097144814099 43.7554797074374 39.5307975797092 34.3814988066168 28.9770259085824 23.9318196422913 19.4606974475524 15.7205388966729 12.9560436957023 10.7298953826813 8.86714888364077 -9999 -9999 -9999 -9999 -9999 -9999 -9999 -9999 -9999 -9999 -9999 -9999 -9999 -9999 -9999 -9999 -9999 -9999 -9999 -9999 -9999 -9999
27.1142266182339 27.9998180533157 28.9918691410738 30.203309395734 31.5692246416036 32.8416918174309 34.3645449552466 36.085511871997 37.7241749886204 38.743076461203 39.7317341276828 40.0770331025124 39.7362417473513 39.0532848475611 38.3600318313522 38.2837531448287 38.4367541013395 39.239177621901 40.2226819501204 41.2721497171065 41.8963741554933 41.3908812999725 39.9042269692701 37.1749278867946 33.5450382302789 29.4164912139668 25.2915976117639 21.6173347655465 18.4441497746636 15.9726094564094 13.631739502444 11.6689419132822 -9999 -9999 -9999 -9999 -9999 -9999 -9999 -9999 -9999 -9999 -9999 -9999 -9999 -9999 -9999 -9999 -9999 -9999 -9999 -9999 -9999 -9999
27.7337200992248 29.1932081282139 30.8013487878968 32.6320472403484 34.3392514612745 36.0370541626916 37.8670064570273 39.6853708572247 41.1784139424562 41.5361626121928 41.4777804613113 40.5383620849427 38.8756019937641 36.7667666327427 34.8827166745768 33.913220903891 33.1438879204147 33.2160226737752 33.9329746120116 34.8924266310299 35.6877710012829 36.2054508924484 35.9241857528687 34.516020564472 32.4424859846339 29.8342737730812 26.9733545219197 24.4025462234721 22.0773188967039 19.7746228527497 17.6379117461688 15.4752819323364 13.3996478998486 11.3553769448224 9.35654314125286 -9999 -9999 -9999 -9999 -9999 -9999 -9999 -9999 -9999 -9999 -9999 -9999 -9999 -9999 -9999 -9999 -9999 -9999 -9999
27.6248807907104 29.4000880095889 31.2509033022558 33.6062068807728 35.5661862396142 37.6121615977848 39.7058177976047 41.6095995298203 42.9109611046665 42.7350810433135 41.8091093959177 39.6560448232819 36.8380278883611 33.7655964783009 31.0006918403156 29.2118097131743 28.1176269229721 27.5734051851665 27.9219958396519 28.726890476311 29.8853975534439 30.9310327137218 31.4616817621624 31.6379071964937 30.9934109870125 30.0252525525935 28.8898384781445 27.4064665024771 26.1493916239809 24.5958595332854 22.6423182171934 20.548073364093 18.1848259717226 15.5781464611783 12.8577097899774 10.2661027031786 7.96487816028735 -9999 -9999 -9999 -9999 -9999 -9999 -9999 -9999 -9999 -9999 -9999 -9999 -9999 -9999 -9999 -9999 -9999
26.8546347214895 28.5251792380038 30.4073551104349 32.8289820867426 34.9212001430638 37.1097244900816 39.2980648024994 41.178300441188 42.2184355933877 41.608515617602 39.9342690487118 37.0378364499878 33.4496134431923 29.8150274236413 26.6262281239033 24.5391027681968 23.0785089468255 22.2969809384907 22.3822500670657 23.1217456319753 24.3889019489288 25.867814877454 27.1892794440774 28.3984454379362 29.2883643613142 30.0624422956915 30.5064282627667 30.5415256593157 30.6422652540838 29.969368058969 28.7592588974273 26.8162451697623 24.1709547625745 20.7456599263584 17.167485223097 13.5697652767686 10.3676326870918 -9999 -9999 -9999 -9999 -9999 -9999 -9999 -9999 -9999 -9999 -9999 -9999 -9999 -9999 -9999 -9999 -9999
25.6072346708354 26.9956612727221 28.5382517102887 30.6125667139011 32.5136213434093 34.5409063951058 36.5462107412955 38.1910099702723 38.8492198183256 37.8619827084682 35.9411314673284 32.761072711033 28.8836450436536 25.1197731827988 22.0000407555524 19.8006591551444 18.3919960260391 17.6316807743381 17.5325203012018 18.2245870583198 19.5383470619426 21.1487724360298 23.1035458480611 25.3454754983678 27.5230307929656 29.8084978636573 31.7284757372211 33.5413304768941 34.9380682706833 35.5762825687142 35.2288165232714 33.5230235602049 30.6000983338146 26.4484899184283 21.9607399246272 17.237783728277 12.9903679121943 9.42225629880148 6.78757903944044 -9999 -9999 -9999 -9999 -9999 -9999 -9999 -9999 -9999 -9999 -9999 -9999 -9999 -9999 -9999
24.3548487582627 25.0139340074623 25.9896175160128 27.4106686711311 28.8303461635814 30.3864123067435 31.932480919887 33.1316766055191 33.3125064083759 32.207649466746 30.1325342769132 27.1010098746594 23.6034469446715 20.1925216580138 17.3928632490775 15.5004376593758 14.2680296880357 13.6389297509895 13.5731005633579 14.1480583969284 15.4346034246333 17.1664948673809 19.6258601441103 22.4604664690354 25.834596991539 29.0569203197956 32.5354079008102 35.8354180130888 39.0331267775858 40.9972249961951 41.4584681093693 40.1485522963545 36.8788449672215 32.0404086218161 26.4129698837505 20.7416674897951 15.511982046506 11.2429685364751 8.0039752642898 5.76805374990491 -9999 -9999 -9999 -9999 -9999 -9999 -9999 -9999 -9999 -9999 -9999 -9999 -9999 -9999
23.0164407053415 23.1101261535112 23.3470688795342 23.8520095067866 24.5074727324878 25.4135372796479 26.3231915402062 26.9005016886136 26.7161627464435 25.4973420158905 23.700835918679 21.1246409416199 18.2420750847634 15.4848132519161 13.2090603148236 11.7478049414999 10.8333374945556 10.3797622761306 10.3826592143844 11.0254841411815 12.2038125641206 14.1601590829737 16.5800458192825 20.0302406409208 24.353588531999 28.9921975889627 33.3985545933247 38.1352005977841 42.457696973401 45.4067172416869 46.5556541308761 45.4888111795573 41.4696886469336 36.1605858802795 29.9426189625964 23.3386073638411 17.4012742761303 12.6898442454198 9.06935330962433 6.63545532699893 -9999 -9999 -9999 -9999 -9999 -9999 -9999 -9999 -9999 -9999 -9999 -9999 -9999 -9999
21.8269323934527 21.1082494679619 20.5705087412806 20.4966203929747 20.227244371877 20.3712399908725 20.6047092027524 20.6231498279992 20.0386026685729 19.0657515411868 17.5725838130011 15.6130719386479 13.4692372977734 11.4359377096681 9.77483816006604 8.68827862599317 8.08242190585417 7.87809170344297 8.01810903058333 8.58940160274506 9.79094187652363 11.7008418826496 14.7479379387463 18.6033712520319 23.0351691728129 27.8604593180558 33.3762658992234 39.0065545816632 44.1626847132164 47.6853860051316 49.1551340125939 48.0758549956714 44.4071333338233 38.7462028545492 31.509574174881 24.6975870728493 18.3732575300862 13.4998694938772 9.86722636573455 7.38814148569808 -9999 -9999 -9999 -9999 -9999 -9999 -9999 -9999 -9999 -9999 -9999 -9999 -9999 -9999
20.7300736763898 19.2025306540377 17.9175926061238 17.194392931812 16.4526067998479 15.7632777243853 15.4557320799898 14.9723155305666 14.4390210360289 13.6076772432117 12.4798574596643 11.0907534229405 9.61326209499556 8.23012061680065 7.10908245514421 6.41434158121838 6.02959275596282 5.96794032349306 6.1785326582544 6.78926109215792 8.00936120047289 10.3176273072467 13.1878938394434 16.8529075305252 21.4172628526302 26.92684603351 33.0333711487405 39.0598622814697 44.6325940704521 48.2880987428567 49.597858854953 48.1579477085787 44.3919768754174 38.6690811339547 31.6338114808587 24.7097000023898 18.3236540818916 13.6093067737187 10.2606156345676 7.88288852484787 6.15054598100045 5.10415731107487 4.31331594551311 -9999 -9999 -9999 -9999 -9999 -9999 -9999 -9999 -9999 -9999 -9999
19.4297881669858 17.1922682558789 15.2600996397874 14.039410850581 13.0010254970368 11.9393941111424 11.1743992698543 10.7047976334305 10.1365928036325 9.44332084235023 8.63067564017632 7.70485622041366 6.74106681171586 5.86189626770861 5.14913528193446 4.71777059050167 4.50445030804943 4.59476037937052 4.88889740144505 5.50965563514653 7.10688872898326 8.94345011080013 11.6780392720419 15.3192614623729 20.118870319689 25.9745493689004 32.3611487492042 38.5824512015371 44.0355034680927 47.4399048532633 48.2086847604198 46.4409088737824 42.2826068190967 36.4342862507876 29.8393580352559 23.1126454858219 17.5118405573508 13.0538684760823 10.1360758280053 8.05610823280671 6.67486211613697 5.66738745394875 5.26664408471654 -9999 -9999 -9999 -9999 -9999 -9999 -9999 -9999 -9999 -9999 -9999
17.9003662826384 15.1982673897463 12.9598338945824 11.1881757176974 10.0187346006141 9.04050494204549 8.23346957739662 7.55821561550393 7.03646311426864 6.49981421056916 5.92726965160931 5.3337117074167 4.73030852920869 4.19207571359242 3.76091123766759 3.53268928212278 3.47572441749713 3.64673889998127 3.93791611667942 4.94484021558481 6.13216969370842 7.85842497690636 10.4376398246078 14.12822524502 18.9902588137809 24.8717555916485 31.3181989609319 37.5350445281057 42.4069296511657 45.5122950541623 45.7532927849714 43.3263505767373 38.7578828755547 32.8989745168125 26.7258387804031 20.7826801328098 15.776165506419 12.1498994336409 9.49642477578977 7.76808005659019 6.76776599840206 6.23939991260276 6.12864505017505 -9999 -9999 -9999 -9999 5.33038107700208 4.86714387202964 -9999 -9999 -9999 -9999 -9999
15.9720448246774 13.0615138902384 10.7036528052653 8.90348935565528 7.73921438963974 6.78704163958045 6.05137180405505 5.38294459528783 4.90753676084911 4.50525375236483 4.12163199046079 3.73736468308112 3.37468438288745 3.05167015422793 2.81560207815731 2.72172828632243 2.73436156704145 2.9491861714598 3.42285296014127 4.30009094406577 5.38446557083551 6.98206688595169 9.45449244011851 13.11461652903 17.8799097537994 23.6160427388899 29.9943941419615 35.9477121352273 40.4155650428113 42.62232763627 42.4061272845549 39.3653824960484 34.4853381689857 28.7473336738699 23.0475016832352 17.9924784513081 13.6663034277804 10.6405042409897 8.62537891899838 7.07736382282832 6.60758889247389 6.45463500653996 6.6772956497529 -9999 7.33223567245638 7.39709840890239 7.36170766305398 7.11360655067598 6.66975660512553 6.13380558328593 6.12850586609805 -9999 -9999 -9999
