PREC/medie_oi/CUMULATA_MEDIA_04.asc
NCOLS 177 
NROWS 174 
XLLCORNER 1436301.375 
YLLCORNER 4916704.5 
CELLSIZE 1500 
NODATA_value -9999 
[rows 96 to 119 of 174, columns 108 to 161 of 177]
34.1692631945891 29.4778557104223 25.5484879858354 22.4384123437545 19.8991230796365 18.4912073191474 17.5693358673769 17.057960580377 17.2151538343991 18.0043094649034 19.5241864779416 21.5115452654221 23.9330142455943 26.6642531998017 29.6470952594981 33.207869775155 36.8213026733959 40.2979216891177 43.8871870566817 46.4544158016934 47.251335571794 -9999 -9999 -9999 -9999 -9999 -9999 -9999 -9999 -9999 -9999 -9999 -9999 -9999 -9999 -9999 -9999 -9999 -9999 -9999 -9999 -9999 -9999 -9999 -9999 -9999 -9999 -9999 -9999 -9999 -9999 -9999 -9999 -9999
31.080175596125 26.8999739815207 23.1556584414314 20.1822234041551 18.2850095664754 17.3782864037682 16.8708949229297 17.0383730074939 17.8510388276156 19.4474452313255 21.8032018577351 24.7333204606 28.1078311976264 31.9309310492347 36.000627356417 40.6730427461512 45.3568645435221 49.7093780531603 54.1850086345392 57.3454429682563 58.3270610465723 57.5735447266523 54.7695275439936 49.5332615375519 42.5084738521015 -9999 -9999 -9999 -9999 -9999 -9999 -9999 -9999 -9999 -9999 -9999 -9999 -9999 -9999 -9999 -9999 -9999 -9999 -9999 -9999 -9999 -9999 -9999 -9999 -9999 -9999 -9999 -9999 -9999
28.8242527456845 24.7848064198213 21.4949973611271 18.9780463330886 17.4583799698774 16.789565745522 16.8551553838393 17.4996269169976 18.9932895828696 21.333975111737 24.5502635100309 28.489303651978 32.9815036549288 37.8542700234581 43.1023765241399 48.7981086127898 54.4985371232033 59.6438446640968 64.7133884990916 68.2110621718799 69.2559650435167 68.1054287447649 64.4389114940868 58.0589213406338 49.6144839735592 -9999 -9999 -9999 -9999 -9999 -9999 -9999 -9999 -9999 -9999 -9999 -9999 -9999 -9999 -9999 -9999 -9999 -9999 -9999 -9999 -9999 -9999 -9999 -9999 -9999 -9999 -9999 -9999 -9999
27.5261589218588 23.5279345231898 20.6167678412269 18.3829363794888 17.2165562966291 17.0387881503386 17.2933333060321 18.3845701848759 20.4048057163463 23.4797889344832 27.5357741678462 32.4548762615989 38.0165629316779 43.9521760519813 50.1068881329368 56.5332136294421 62.9260499407263 68.8175636003999 74.0489000187201 77.5334320138483 78.3776808661573 76.7737489693305 72.200154339566 64.7377168360878 55.1584074742654 -9999 -9999 -9999 -9999 -9999 -9999 -9999 -9999 -9999 -9999 -9999 -9999 -9999 -9999 -9999 -9999 -9999 -9999 -9999 -9999 -9999 -9999 -9999 -9999 -9999 -9999 -9999 -9999 -9999
27.1044446159812 23.305096948848 20.6107818238875 18.6472118461833 17.599936113638 17.6412183887818 18.1922881673364 19.6649659170824 22.1218541439842 25.7611414334353 30.5092883320416 36.2198675169664 42.6082547342076 49.3489426374435 56.2067915972541 62.9336278017829 69.6483721908401 75.6116136592977 80.6720903796308 83.9225075455273 84.2580719625249 82.0905029107543 77.1110357852543 68.782700668363 58.4643103410216 -9999 -9999 -9999 -9999 -9999 -9999 -9999 -9999 -9999 -9999 -9999 -9999 -9999 -9999 -9999 -9999 -9999 -9999 -9999 -9999 -9999 -9999 -9999 -9999 -9999 -9999 -9999 -9999 -9999
27.2309348583221 23.6711107983309 21.0953956632053 19.3257823761772 18.4485738978666 18.5589031612172 19.5470943450928 21.3149122350356 24.1047879737966 28.0766384882085 33.2935390752905 39.4709177578197 46.2819507542778 53.4283145105138 60.4878432575394 67.2783677577972 73.4268388923477 79.1794360841022 83.5397851957994 86.6665505907115 86.4172169320724 83.8203890288577 78.4875797629356 70.1837918653208 59.6183970605626 -9999 -9999 -9999 -9999 -9999 -9999 -9999 -9999 -9999 -9999 -9999 -9999 -9999 -9999 -9999 -9999 -9999 -9999 -9999 -9999 -9999 -9999 -9999 -9999 -9999 -9999 -9999 -9999 -9999
27.959681819467 24.7954484855427 22.4335838486167 20.7757406234741 20.0699546687743 20.3534839644152 21.4585156510858 23.5072177508298 26.4450757854125 30.6349409327788 35.8571954053991 42.134148071794 48.9280245233985 55.8885758624357 62.6007145818542 68.8514836009811 74.413230352542 79.1627121602788 83.166930482668 85.6254019491813 85.1766852631288 82.5518829296617 77.1916166789391 69.218386211816 -9999 -9999 -9999 -9999 -9999 -9999 -9999 -9999 -9999 -9999 -9999 -9999 -9999 -9999 -9999 -9999 -9999 -9999 -9999 -9999 -9999 -9999 -9999 -9999 -9999 -9999 -9999 -9999 -9999 -9999
29.3467852368074 26.3756822978749 24.1487975401037 22.572046139661 21.9597117760602 22.5744918795193 24.0856802533655 26.1067147254944 29.0665646791458 33.3986877132865 38.5571403152802 44.3867752902648 50.6825090857113 56.8410016473602 62.6233285735635 67.9907743580201 72.7840111501077 76.8570928082747 80.0637909349273 82.3769242027227 81.9838177141021 79.5954289857079 74.6637455260052 67.168704664006 58.0318467546912 -9999 -9999 -9999 -9999 -9999 -9999 -9999 -9999 -9999 -9999 -9999 -9999 -9999 -9999 -9999 -9999 -9999 -9999 -9999 -9999 -9999 -9999 -9999 -9999 -9999 -9999 -9999 -9999 -9999
30.735479256686 28.280890492832 26.2347675632028 24.908388355199 24.7460272452411 25.3824048463036 27.0907882311765 29.521510180305 32.3730848606895 36.4776138347738 41.366020861794 46.5037662982941 51.6103880510611 56.601885655347 61.2149989219273 65.5287607803064 69.2503053335582 72.5991423796205 75.3303136194453 76.6233577938641 76.6055305039181 74.8220696273972 70.5007928960464 63.9280005202574 55.6299431744744 46.6957380210652 -9999 -9999 -9999 -9999 -9999 -9999 -9999 -9999 -9999 -9999 -9999 -9999 -9999 -9999 -9999 -9999 -9999 -9999 -9999 -9999 -9999 -9999 -9999 -9999 -9999 -9999 -9999 -9999
32.3841249311672 30.5049056796467 28.5871138151954 28.1651006586411 28.3000709870282 29.0670185159234 30.7231139435488 33.5595178954742 36.6108246270348 40.1170536139432 44.2079561948776 48.2274069786072 52.131122943233 55.4618638263029 58.5736266059034 61.6136019405197 64.5556020000402 67.1652282266056 69.3071343548158 70.1477955018773 70.3179537513677 69.3040174736696 65.8013784815283 60.5605156071046 53.7108119305442 45.9359925213982 38.0756027698517 30.9539757195641 24.7626253226224 19.3814369860817 -9999 -9999 -9999 -9999 -9999 -9999 -9999 -9999 -9999 -9999 -9999 -9999 -9999 -9999 -9999 -9999 -9999 -9999 -9999 -9999 -9999 -9999 -9999 -9999
34.2160916468676 32.7300155092688 31.9372394014807 31.8571136208142 32.2820818915087 33.5448378254386 35.4457935375326 37.7827063097673 40.6447813090156 43.7062707192758 46.9979887043729 49.8978349180783 52.2854976058006 54.015185240437 55.409170560977 57.0434233265765 59.0741533917539 60.8698468313498 62.0674070540596 63.6043008776272 64.1429746291217 63.3851756067837 61.3229984045029 57.2835357539794 51.6914880766588 45.4226291530273 38.662133399178 32.1629674504785 26.2577808148721 21.2697760252392 17.4240711015813 -9999 -9999 -9999 -9999 -9999 -9999 -9999 -9999 -9999 -9999 -9999 -9999 -9999 -9999 -9999 -9999 -9999 -9999 -9999 -9999 -9999 -9999 -9999
35.8500097008312 35.1402265674928 35.237317397314 35.9177821664249 37.2084204239004 38.7463454078226 40.4844617352766 42.6217154615066 44.7044586924946 46.7424343824387 49.356102392954 50.9623713949147 51.8636726316284 52.1388466849047 52.0612945416394 52.4950838053928 53.2888200563543 53.9257278021644 55.432049239383 56.8676087645923 57.9417506316129 58.0395610683105 56.8457772416227 54.4701345212319 50.7166788087172 45.7778274136431 40.1544532670694 34.4609292149544 29.1468965411186 24.5437422640183 20.6070999134989 17.1778929864659 -9999 -9999 -9999 -9999 -9999 -9999 -9999 -9999 -9999 -9999 -9999 -9999 -9999 -9999 -9999 -9999 -9999 -9999 -9999 -9999 -9999 -9999
37.3849987983704 37.7852103885482 38.7781903533375 40.3104141319499 42.0927850008011 43.809380531311 45.7472604793661 47.7947376475615 49.4544026851654 50.1228286869386 50.7963615094914 50.9652783379835 50.1652556096806 48.8826646734686 47.5467459524379 46.993181460044 46.8576133321313 47.3343180418015 48.4956847850014 50.0595051050186 51.7269941217759 52.7461459496442 53.269578937222 52.5345360496465 50.4195447108325 46.9160641501932 42.5556791459813 37.919497283066 33.2052731724346 28.9097695736324 24.7619496794308 21.0495653555674 -9999 -9999 -9999 -9999 -9999 -9999 -9999 -9999 -9999 -9999 -9999 -9999 -9999 -9999 -9999 -9999 -9999 -9999 -9999 -9999 -9999 -9999
39.047416266273 40.2726793709923 41.9105479717255 44.2349651140325 46.2359720047782 48.283270870938 50.3613681302351 52.2316650432699 53.3678266931983 53.0260226726532 52.2314828564139 50.5611962991602 48.3556080565733 45.6224200515186 43.1653703801772 42.075439677519 40.998177836923 41.1195584255106 42.1900979771334 43.8268253487699 45.8322460090413 48.0188821834676 49.7645266336553 50.4207477078718 49.9927751071313 48.3012798393474 45.5641435980797 42.0183432943681 38.3678057649556 34.1286523938179 30.0280005125438 26.1715658762876 22.5352991521358 19.0972147619023 15.8823686119388 -9999 -9999 -9999 -9999 -9999 -9999 -9999 -9999 -9999 -9999 -9999 -9999 -9999 -9999 -9999 -9999 -9999 -9999 -9999
40.6414066903731 42.1145720061134 44.1827514942955 46.8862723743214 49.0802926175735 51.3156493481468 53.4048987486783 55.0257590167663 55.5923185488757 54.2128320266219 52.189029861899 48.9794165456996 45.2851219317492 41.8400103765375 38.6688351490918 36.8624609638663 35.7000946297365 35.2614702126559 36.1604592379402 37.6840157017988 40.2500180356643 43.2204239473623 45.866596158813 48.0805613679044 49.3470844275811 49.6486369161045 48.7863461585606 46.8263147999259 44.0376893948106 40.3669779826613 36.5262471227085 32.4283203938428 28.3099611261312 24.1586249242811 20.080155696939 16.478484322043 13.2339083043968 -9999 -9999 -9999 -9999 -9999 -9999 -9999 -9999 -9999 -9999 -9999 -9999 -9999 -9999 -9999 -9999 -9999
41.8375812348198 43.2111052695443 45.2002014061984 47.8922054907855 50.0845437470604 52.2428815434961 54.1306402332643 55.3408400591682 55.232659480151 53.0310948631343 49.9576736793799 45.8436113631024 41.373324730817 37.3143741383272 33.8806917386896 31.69120508783 30.3637728971594 29.9166706800461 30.4954516887665 32.1940572226749 34.9518236027044 38.2684806690497 41.8276066359352 45.2938635629766 48.3911951920565 50.7030093284214 51.7415655009887 51.4436351481606 49.8099347212735 47.1935912475866 43.5846915911226 39.3884040818495 34.7619937763495 29.7369018442491 24.9075470075888 20.2930268136894 16.1769769524827 -9999 -9999 -9999 -9999 -9999 -9999 -9999 -9999 -9999 -9999 -9999 -9999 -9999 -9999 -9999 -9999 -9999
42.5769003910177 43.5822649703306 45.1427210499259 47.2466396443984 49.0166343170054 50.7565358736936 52.153191335061 52.7870120861951 51.9117526727564 49.1690552304773 45.6346757341834 41.2381799992393 36.5145110873615 32.136351739659 28.847837602391 26.6446587127798 25.3438018420163 24.9615312674466 25.3607753515244 27.0989693473367 29.9045516427825 33.4076518241097 37.6549772339709 42.2891392181901 46.8979888558388 51.0131194977199 53.8880902809255 55.2000694169718 55.3379896598704 53.6491354914273 50.5623421633945 46.3086140506408 41.1919177630368 35.3774469670127 29.6913705818793 24.0394782318788 19.1456581143772 15.0452195774106 11.8255325187655 -9999 -9999 -9999 -9999 -9999 -9999 -9999 -9999 -9999 -9999 -9999 -9999 -9999 -9999 -9999
43.569570274914 43.4373342009152 43.8062641971252 45.0500379730673 46.0469617563136 47.0077774174073 47.6773683393703 47.6337489380556 46.1772393198574 43.1705743004294 39.5679157200982 35.3050491318983 30.9365765487447 26.957464723026 23.8730468679877 21.9902345152462 20.8580895872677 20.6093843474108 20.972437395769 22.6873188825215 25.3249613747877 28.9629937480478 33.6312198849285 38.971480373074 44.7292686876129 50.0844013515641 54.6398139981663 58.0399891839308 59.626826040885 59.0984325268689 56.6192539018743 52.440046405091 46.8372150659561 40.3923484507729 33.7992048508981 27.4444079364047 21.824467781712 17.1653853584738 13.4844061662169 10.8913450381335 -9999 -9999 -9999 -9999 -9999 -9999 -9999 -9999 -9999 -9999 -9999 -9999 -9999 -9999
43.7104264497757 42.9013733022353 42.3558420924579 41.6356404528898 41.5961874442942 41.6148165955263 41.4361563500236 40.5085741421756 38.6584909172619 35.8674121043261 32.6275914030917 28.9086770941229 25.2162425938775 21.8779964236652 19.2183910152491 17.7980757601121 16.9600609961678 16.8492513754789 17.3227690318052 18.8641632865457 21.4005185400738 25.0611317192807 29.7201316321597 35.4438713578617 41.9540439703885 48.4305385877104 54.2396327327279 59.1086529353086 62.1469185282202 62.6888822106754 60.862140732653 56.8844196656171 50.7574109820759 43.9699393370572 36.8242179996827 29.9083792216638 23.7346592229955 18.7652292882695 14.8929213320508 12.2669586188653 -9999 -9999 -9999 -9999 -9999 -9999 -9999 -9999 -9999 -9999 -9999 -9999 -9999 -9999
43.3013434830834 41.1983003405964 39.455912547953 38.2157197559581 36.3762152685839 35.3816349646624 34.2332507512149 32.9739293140524 30.879205381169 28.4736138862722 25.7647724432104 22.7994511968949 19.9269336041282 17.3159495697302 15.279425989179 14.1436227174366 13.6370163454729 13.7532857936971 14.3377477351357 15.7191379876698 18.1491493021741 21.5963739682646 26.2990113952581 32.176235861638 38.7680838809294 45.5778245540226 52.4313041076941 58.3442813508651 62.4304885653888 63.8198038620107 62.5423853888231 58.5663102304234 52.5700917243958 45.6357877324609 38.1367782950401 31.0782662034035 24.7115361585337 19.6803241337047 15.9932632306043 13.3802736541804 -9999 -9999 -9999 -9999 -9999 -9999 -9999 -9999 -9999 -9999 -9999 -9999 -9999 -9999
42.0361331420786 38.7288480786716 35.7755996199215 33.5953598092584 31.2982471129474 28.9184793584487 27.422605731908 25.6234608467887 23.9121390230515 21.8305488894967 19.7211413734099 17.5144921576276 15.3950066706713 13.5023335709291 12.0278879193699 11.2568368350758 10.9830263221965 11.253734879634 11.8056119750528 13.1365534067154 15.4298027543461 18.8115714367698 23.276107518112 28.7020504860317 35.1601640722331 42.4174388471772 49.6342530776473 55.8393285344629 60.6580232241574 62.5784948924009 61.4654433867511 57.6437587948406 51.9727229861652 45.1390478400623 37.8123968068291 30.8396933113827 24.677488295471 19.9247068236856 16.5500401328592 14.1822061994497 12.4923968805986 11.5182565345484 10.7292611774276 -9999 -9999 -9999 -9999 -9999 -9999 -9999 -9999 -9999 -9999 -9999
39.7037899283802 35.3247479550979 31.3351148927913 28.5643366925857 26.0131231406156 23.3987154049032 21.2180796195479 19.6598515896236 18.12792490861 16.3935983496554 14.8040838837624 13.2368296419873 11.7434891672695 10.4701937437057 9.46886903398177 8.98894432713004 8.88550880726646 9.2874133236268 9.91481076268589 11.2108041573973 13.436799669967 16.3699095249176 20.48648403322 25.5976616950596 31.9485614685451 39.1118768663967 46.2974402869449 52.5845215320587 57.3575778989231 59.4386097683626 58.3466216466006 54.8534476476557 49.3795413550209 42.7622513981426 35.8599490277907 29.3458451839054 23.7448089157834 19.4739615040667 16.5634938653778 14.5648189011742 13.3873309493065 12.6548504198299 12.5091054474606 -9999 -9999 -9999 -9999 -9999 -9999 -9999 -9999 -9999 -9999 -9999
36.333359655212 31.4545978377847 27.0737554606269 23.6431210672154 21.0497026653851 18.7319946218939 16.6639057397842 14.9167686280082 13.604803961866 12.249115884304 11.0641714124119 9.99605786099153 8.99782140815959 8.1666145009153 7.53056037075379 7.26239577461691 7.33821562809103 7.81620238809025 8.41089335785193 9.77898662756471 11.6785135409411 14.4361291036886 18.184659828158 23.0980445006314 29.1223605240093 35.9588838990997 42.8312124364516 48.9130666255951 52.9426765161402 55.0680525022395 54.1625435282202 50.714755135424 45.4366566153134 39.1830342096441 32.8256421439788 26.9549189946231 22.1029933831271 18.5988032782779 16.1024227107272 14.4849802501061 13.7914360796704 13.5996963732383 14.1028656679041 -9999 -9999 -9999 -9999 14.0754056905999 13.034405776683 -9999 -9999 -9999 -9999 -9999
32.1447917643715 27.0509420212577 22.7663916700027 19.3647897173377 16.9070406731437 14.8009314677295 13.0723143535502 11.5321368399788 10.2803537635242 9.24514442682266 8.39172468816533 7.64223483730765 7.00245828137678 6.4669837250429 6.11650222189286 6.07147741317749 6.25460834888851 6.70548319290666 7.392653623048 8.64234913096708 10.4523605406284 12.9360886671964 16.4614128102275 21.1206706026021 26.7666960604051 33.1452104870011 39.669298259651 45.1055905257954 48.7999924140818 50.2280807845733 49.4664473042769 46.0156170690761 40.9095583593144 35.0707279794356 29.2914221146527 24.1360172313802 19.9895444547429 17.1737833478872 15.2343559089829 13.93915514385 13.7646592224345 14.1405105170082 15.1592615001342 -9999 17.2535919617204 17.72613975581 17.7028696852572 17.1990494377473 16.2251667713418 14.9820945595994 14.1903679966927 -9999 -9999 -9999
