PREC/medie_oi/CUMULATA_MEDIA_04.asc
NCOLS 177 
NROWS 174 
XLLCORNER 1436301.375 
YLLCORNER 4916704.5 
CELLSIZE 1500 
NODATA_value -9999 
[rows 72 to 95 of 174, columns 0 to 53 of 177]
-9999 -9999 -9999 -9999 -9999 -9999 -9999 -9999 -9999 -9999 -9999 -9999 -9999 -9999 -9999 -9999 -9999 -9999 -9999 -9999 118.112844116548 113.261053786558 109.225849656498 106.301651309518 105.263925524319 105.55971549539 107.147238394793 109.725481818704 113.275448041804 117.37173388986 121.6619311501 125.224580091589 127.75361218172 129.12168267194 129.179469781763 128.525701466729 126.85975596484 125.548266466926 124.467283585492 123.62242530374 123.533413494334 124.458550453186 126.160964012146 128.097738490385 129.885403633118 131.404775619507 132.514920515173 133.378771164838 133.758003683651 134.431146958295 134.883961397059 134.916607688455 134.00551369611 133.224328882554
-9999 -9999 -9999 -9999 -9999 -9999 -9999 -9999 -9999 -9999 -9999 -9999 -9999 -9999 -9999 -9999 -9999 -9999 -9999 -9999 117.314347014708 111.978225476602 107.625749146237 104.617127124001 103.579961355995 103.979807362837 105.712846110849 108.358295861413 111.922416911406 115.605021841386 119.363924138686 122.558976173401 124.911271768458 125.915944548214 125.63076395147 124.704318383161 123.405321850496 122.185533691855 121.222033220179 120.874788116006 121.174603742712 122.136082032148 123.8389823016 126.178542978623 128.077589427724 129.588297282948 130.67643328274 131.369227802052 131.841531416949 132.038134182201 132.471181981704 131.98289085837 131.308887257296 131.054983026841
-9999 -9999 -9999 -9999 -9999 -9999 -9999 -9999 -9999 -9999 -9999 -9999 -9999 -9999 -9999 -9999 -9999 -9999 -9999 -9999 -9999 109.579619470765 105.540842189508 103.121786902933 102.459637754104 103.255024867899 105.457379018559 108.215660880594 111.820081823012 115.286271544064 118.288716484519 120.768218825845 122.197885008419 122.860705656164 122.394942620221 121.486485256868 120.210664917441 119.032445739297 118.268577519585 118.206102034625 118.62837045333 119.898383589352 121.61494883369 123.605345165028 125.835965044358 127.462980382583 128.652523040771 129.302247888902 129.53688621521 129.136511970969 128.918818081126 128.90037390765 128.655770357917 128.623968573178
-9999 -9999 -9999 -9999 -9999 -9999 -9999 -9999 -9999 -9999 -9999 -9999 -9999 -9999 -9999 -9999 -9999 -9999 -9999 -9999 -9999 106.408937994172 102.607950477039 101.641070190598 101.812114645453 103.126740974538 105.724481175928 108.709030824549 112.448353655198 115.679443134981 118.340159977184 120.205364058999 120.820026173311 120.695796461666 119.854998981251 118.693868020002 117.272386214312 116.009749075946 115.304654514088 115.250192025129 115.91872142343 117.379116507138 119.321007840774 121.299467872171 123.033505944645 124.49086077073 125.559919469497 126.201035162982 126.285238995272 125.934106041403 125.495634976555 125.95163491193 125.632981244256 125.802758609547
-9999 -9999 -9999 -9999 -9999 -9999 -9999 -9999 -9999 -9999 -9999 -9999 -9999 -9999 -9999 -9999 -9999 -9999 -9999 -9999 -9999 -9999 -9999 -9999 100.938527387731 103.35855606023 106.432740506004 109.795840768253 113.127269576578 116.515923500061 118.656683080337 119.970842922435 120.102489976322 119.237438931185 117.828404314378 116.168590545654 114.476098453297 113.037600797765 112.213024756488 112.182597048142 112.876515837277 114.486307873445 116.641317816342 118.658755021937 120.416959762573 121.819047254675 122.903348754434 123.470571630141 123.338062622968 123.005602107329 122.622621928944 122.913749021642 122.625236399033 122.663015589995
-9999 -9999 -9999 -9999 -9999 -9999 -9999 -9999 -9999 -9999 -9999 -9999 -9999 -9999 -9999 -9999 -9999 -9999 -9999 -9999 -9999 -9999 -9999 -9999 99.6750501043656 103.072966281105 107.016255392748 111.219491004944 114.544517825632 117.230139199425 119.314080378589 119.954668774324 119.620362898883 118.093751234167 115.965931780198 113.781195977155 111.780483077554 109.911569707534 108.892213148229 108.661550129161 109.333708146039 111.001006182502 113.221193594091 115.306863560396 117.094649875865 118.594194300034 119.634498932782 120.082605922923 119.82197935441 119.728599772734 119.384596431957 119.119101468255 119.282056920669 119.482672242557
-9999 -9999 -9999 -9999 -9999 -9999 -9999 -9999 -9999 -9999 -9999 -9999 -9999 -9999 -9999 -9999 -9999 -9999 -9999 -9999 -9999 -9999 -9999 -9999 97.3064646861132 102.233333980336 107.520653766744 112.377060497508 115.801918646869 118.320347196916 119.581172466278 120.254478622885 119.546786532683 117.659842715544 114.784426801345 111.781584066503 109.065911573522 106.795367745792 105.117583274841 104.473360117744 105.109653332654 106.64185554841 108.882987639483 111.230854483212 113.097251162809 114.685973952798 115.650648341459 116.1252896365 116.036069813897 116.057829520282 115.879950130687 115.577156291288 115.268026520224 115.817554866566
-9999 -9999 -9999 -9999 -9999 -9999 -9999 -9999 -9999 -9999 -9999 -9999 -9999 -9999 -9999 -9999 -9999 -9999 -9999 -9999 -9999 -9999 -9999 -9999 94.2337870106978 100.767016887665 107.259125597337 112.945455523098 117.00864017711 119.604158569785 120.60417175293 120.535679368412 119.073257895077 116.608255330254 113.131294587079 109.300103187561 106.082074109246 103.295666414149 101.294598018422 100.303886750165 100.671016973608 101.868098763859 103.892621545231 106.273437331705 108.474385934718 110.021173982059 111.055331847247 111.577695846558 111.813315335442 112.048391286065 112.032548567828 111.877806102528 111.720539149116 111.516192604514
-9999 -9999 -9999 -9999 -9999 -9999 -9999 -9999 -9999 -9999 -9999 -9999 -9999 -9999 -9999 -9999 -9999 -9999 -9999 -9999 -9999 -9999 -9999 -9999 -9999 -9999 106.022793797886 112.732645006741 117.660210244796 120.567760495579 121.959408086889 121.431562087115 119.513212484472 116.466842258678 112.090815936818 107.656164001016 103.479923192193 100.126543213339 97.4811635297887 96.0784305123722 95.9037182190839 96.8096913730397 98.4475409002865 100.759391952963 103.019906212302 104.741953401005 105.87921260385 106.52742582209 107.031643867493 107.543828178855 107.769059181213 107.784577818478 107.762777496787 107.709666588727
-9999 -9999 -9999 -9999 -9999 -9999 -9999 -9999 -9999 -9999 -9999 -9999 -9999 -9999 -9999 -9999 -9999 -9999 -9999 -9999 -9999 -9999 -9999 -9999 -9999 -9999 103.983699882732 111.649599496056 117.623302684111 121.508507756626 123.099276262171 122.57395435782 120.19751105589 116.416721624487 111.346392014447 106.04295870837 101.101701624253 96.9232514886295 93.6473769019632 91.6259277568144 91.0214366351857 91.3870536579805 92.7374743293313 94.7689169715433 96.9426221286549 98.7963966481826 100.091743805829 101.106410250944 101.745351398692 102.414809507482 102.951030170216 103.309117709889 103.694331730113 103.935765098123
-9999 -9999 -9999 -9999 -9999 -9999 -9999 -9999 -9999 -9999 -9999 -9999 -9999 -9999 -9999 -9999 -9999 -9999 -9999 -9999 -9999 -9999 -9999 -9999 -9999 91.3455392052145 101.305916940465 109.991727913127 117.027026232551 121.865865707397 124.028161553776 123.400785053478 120.694134375628 116.329368366915 110.495316673728 104.277171134949 98.564178018009 93.4053297603832 89.4856700897217 86.9974223305197 85.7573069404153 85.7431833603803 86.6778324912576 88.228887165294 90.3437750760247 92.2397049174589 93.9241975335514 95.2046984504251 96.2410534129423 97.4092903698192 98.3048807031968 99.2137410780963 99.8548960966222 100.544910935795
-9999 -9999 -9999 -9999 -9999 -9999 -9999 -9999 -9999 -9999 -9999 -9999 -9999 -9999 -9999 -9999 -9999 -9999 -9999 -9999 -9999 -9999 -9999 -9999 -9999 87.0836414168863 98.0261515308829 107.78871421253 115.762961892521 121.487729773802 123.665257061229 123.293696964488 120.652190152337 115.612029973198 109.027510811301 102.344578574685 95.5777609769036 89.7983378803029 85.1410806319293 81.9260668193593 80.1170187276952 79.699364381678 80.2553656521965 81.8707761764526 84.0272462508258 86.3080235649558 88.30364075829 90.0590175740859 91.560718199786 92.9566399630378 94.6008590249454 95.8631548601038 96.9003431656781 97.7570079354679
-9999 -9999 -9999 -9999 -9999 -9999 -9999 -9999 -9999 -9999 -9999 -9999 -9999 -9999 -9999 -9999 -9999 -9999 -9999 -9999 -9999 -9999 -9999 -9999 -9999 -9999 94.4130930760328 104.945273679845 113.948689853444 120.416426518384 123.059234899633 122.48431149651 118.891184975119 113.127125291263 106.604458528406 99.3690837411319 91.9014094857609 85.4709801954382 80.4473375432632 76.8885623146506 74.6067491699667 73.7905374134288 74.1899702408734 75.794203561895 78.1232918571023 80.7003633835736 83.2147923076854 85.4468127418967 87.4308105917538 89.315351934994 91.1368453081916 92.7902617735021 94.2438474542954 95.4892260046566
-9999 -9999 -9999 -9999 -9999 -9999 -9999 -9999 -9999 -9999 -9999 -9999 -9999 -9999 -9999 -9999 -9999 -9999 -9999 -9999 -9999 -9999 -9999 -9999 -9999 -9999 -9999 101.451340787551 110.86463025037 117.711943682502 120.884321044473 119.994495391846 115.898872655981 110.088765649235 103.020737087025 95.5109899184283 87.5530913857853 80.8469550749835 75.5414758850546 71.6591072643504 69.1827089365791 67.9638978453244 68.3812067648944 69.9790440727683 72.4479766172521 75.4576744752772 78.5596891291001 81.6036062240601 84.3395982630113 86.8779979593614 88.8455819522633 90.6762988707599 92.3799686431885 93.9964502278496
-9999 -9999 -9999 -9999 -9999 -9999 -9999 -9999 -9999 -9999 -9999 -9999 -9999 -9999 -9999 -9999 -9999 -9999 -9999 -9999 -9999 -9999 -9999 -9999 -9999 -9999 -9999 96.6199174768784 105.910751735463 112.502732192769 115.752659124487 115.030713922837 111.513986699721 105.564035247354 98.4130037532133 90.5382998410393 82.6008470198687 75.9116628871245 70.3852636112886 66.4322827563566 63.8857540523305 62.6591506004333 62.9852321568657 64.7564010339625 67.5687971676097 70.9622777209562 74.7489776611328 78.4833331388586 82.0384578143849 85.0456651799819 87.6749969370225 89.930015928605 92.0521798694835 93.8415063970229
-9999 -9999 -9999 -9999 -9999 -9999 -9999 -9999 -9999 -9999 -9999 -9999 -9999 -9999 -9999 -9999 -9999 -9999 -9999 -9999 -9999 -9999 -9999 -9999 -9999 -9999 -9999 90.2650908161612 99.002958353828 105.451867664562 108.524890731363 108.14091166328 104.893947096432 99.3065708384794 92.27168414172 84.5807791878195 76.8878724715289 70.4318928718567 65.1643941823174 61.3554144466625 58.9224814807667 57.9102181546828 58.4144238303689 60.4122162145727 63.5043563562281 67.4630371542538 71.7560698565315 76.2930197435267 80.5537637822768 84.2987594604492 87.5989865134744 90.3436229930204 92.7521396805258 94.5534500234267
-9999 -9999 -9999 -9999 -9999 -9999 -9999 -9999 -9999 -9999 -9999 -9999 -9999 -9999 -9999 -9999 -9999 -9999 -9999 -9999 -9999 -9999 -9999 -9999 -9999 -9999 -9999 82.5129649078145 90.5590998284957 96.4888937894036 99.0159475382637 98.7907515974606 95.8468676174388 91.0475850385778 84.5923827115227 77.4537310319788 70.7293576633229 64.7096909635207 59.8855142593384 56.4213143236497 54.3439812379725 53.7993866415585 54.7337623904733 56.969328066882 60.5504662850324 65.0225732466754 70.1284914016724 75.3107422940871 80.0822730344885 84.5065701989567 88.4080988940071 91.8095131481395 94.5068980385275 96.2523403728709
-9999 -9999 -9999 -9999 -9999 -9999 -9999 -9999 -9999 -9999 -9999 -9999 -9999 -9999 -9999 -9999 -9999 -9999 -9999 -9999 -9999 -9999 -9999 -9999 -9999 -9999 -9999 73.2207553947673 80.1725909990423 85.3714943913852 87.5940379815943 87.3267876961652 85.0071590086993 80.9769402111278 75.8027737561394 69.7829689979553 64.078033026527 59.0166382509119 54.8177724165075 51.846117440392 50.3367647984449 50.3642529740053 51.7575502255384 54.5907973401687 58.7431518049801 63.7717112092411 69.339429434608 75.0140695010915 80.5151265649234 85.510389215806 90.0229189255658 93.5522264592788 96.1086866715375 97.6903183880974
-9999 -9999 -9999 -9999 -9999 -9999 -9999 -9999 -9999 -9999 -9999 -9999 -9999 -9999 -9999 -9999 -9999 -9999 -9999 -9999 -9999 -9999 -9999 -9999 -9999 -9999 -9999 -9999 68.6221571950351 72.9412714313058 74.9033108879538 74.9688177950242 73.3588411387275 70.4583980896894 66.4643877814798 61.7896822480594 57.3374320198508 53.2660304518307 49.9207733939676 47.85928142772 47.0591834573185 47.6793332801146 49.6468140938703 53.0817755530862 57.8766281464521 63.5453559090109 69.7070239571964 76.0953559034011 82.1273173163919 87.4861122580136 91.9013486749986 95.3627374873442 97.5179698607501 98.7567471335916
-9999 -9999 -9999 -9999 -9999 -9999 -9999 -9999 -9999 -9999 -9999 -9999 -9999 -9999 -9999 -9999 -9999 -9999 -9999 -9999 -9999 -9999 -9999 -9999 -9999 -9999 -9999 -9999 56.5576424598694 60.1388213213752 62.1197045129888 62.5916074023527 61.8272705358617 60.0493049060597 57.260203333462 54.1231414290035 50.8724617116591 47.9308479673722 45.6187947637895 44.4282934805926 44.4495993221507 45.7756916915669 48.4052336776958 52.5826314056621 58.0117502773509 64.2179424902972 70.890715935651 77.7225109268637 84.1019088801216 89.6156801896937 94.0580733804142 96.8555791518267 98.5644361271578 99.2081322950475
-9999 -9999 -9999 -9999 -9999 -9999 -9999 -9999 -9999 -9999 -9999 -9999 -9999 -9999 -9999 -9999 -9999 -9999 -9999 -9999 -9999 -9999 -9999 -9999 -9999 -9999 -9999 -9999 45.2617240302703 48.2055216677049 50.1292956296135 51.1177977393655 51.180010991938 50.5199011494132 48.9643137034248 46.9998685752644 45.0650550056906 43.2812684423783 42.15576320536 41.7808667351218 42.6025387820076 44.6218105063719 47.9541628500995 52.7739224153406 58.8259009473464 65.5829686557545 72.6685200298534 79.5747980229995 86.1370247953078 91.3339826920453 95.482525881599 97.8830964705523 98.8362410489251 98.7587313932531
-9999 -9999 -9999 -9999 -9999 -9999 -9999 -9999 -9999 -9999 -9999 -9999 -9999 -9999 -9999 -9999 -9999 -9999 -9999 -9999 -9999 -9999 -9999 -9999 -9999 -9999 -9999 -9999 -9999 -9999 40.035157512216 41.3998558942009 42.2097833717571 42.3620926492354 41.8094368401696 41.0723796031054 40.3185117665459 39.700560205123 39.4508238119238 39.9597040204441 41.3650851249695 44.0505390587975 48.0970448325662 53.5458735718447 60.1325210122501 67.3434813443352 74.6306891441345 81.4324151768404 87.5090106234831 92.287930320291 95.9100579093484 97.7110375236063 98.0948015100816 97.1805901807897
-9999 -9999 -9999 -9999 -9999 -9999 -9999 -9999 -9999 -9999 -9999 -9999 -9999 -9999 -9999 -9999 -9999 -9999 -9999 -9999 -9999 -9999 -9999 -9999 -9999 -9999 -9999 -9999 -9999 -9999 -9999 -9999 35.0405708902022 35.7793707847595 36.2019607179305 36.6565280381371 36.9686425854178 37.2322611107546 37.7235501513762 38.8383924680598 40.8517648612752 44.1719838871675 48.8559672972735 54.9509281551137 61.8980692554923 69.3215790355907 76.5809619566974 83.0630492042093 88.4287871192483 92.193351801704 94.7587044659783 95.8066119025735 95.4665202533498 94.161987136392
-9999 -9999 -9999 -9999 -9999 -9999 -9999 -9999 -9999 -9999 -9999 -9999 -9999 -9999 -9999 -9999 -9999 -9999 -9999 -9999 -9999 -9999 -9999 -9999 -9999 -9999 -9999 -9999 -9999 -9999 -9999 -9999 29.9745512920267 31.328244377585 32.8646428164314 34.0797345638275 35.1342052571914 36.0016301028869 37.0012558628531 38.7682590414496 41.4371309560888 45.2107071596033 50.2274274545557 56.5621504222646 63.7703797115999 71.1558855561649 78.0579189412734 83.9012140666737 88.4240308368907 91.2175729134504 92.3834616156185 92.4276656824 91.4290134766523 89.6892216065351
