PREC/medie_oi/CUMULATA_MEDIA_05.asc
NCOLS 177 
NROWS 174 
XLLCORNER 1436301.375 
YLLCORNER 4916704.5 
CELLSIZE 1500 
NODATA_value -9999 
[rows 48 to 71 of 174, columns 54 to 107 of 177]
130.159906078787 128.754334533916 127.644409516278 127.452547466054 127.878494150498 128.6617194905 129.883605844834 131.204036376056 132.881847269395 134.809239443611 136.785144020529 139.485329459695 143.091428868911 145.939253189984 148.278298321892 151.933436449836 155.557918997372 158.19157409668 159.663067985983 160.161806667552 159.819038839901 158.701866149902 157.03346454396 154.365643220789 151.407089233398 148.647193684297 145.765183392693 143.716635086957 142.713019202737 144.250118928797 145.59035357307 147.356563792509 149.115761476405 154.259619544534 156.655425352209 159.185687457814 162.04839998133 163.762133542229 163.845621221206 163.674859551822 162.381437638227 161.262854295618 160.171303019804 159.564212967368 158.812193057116 155.054082113154 153.427588631125 150.228946152855 145.099829617669 139.212203979492 133.280669156243 127.909362792969 123.590227014878 120.036004683551
129.202293003307 127.267804173862 125.505280270296 124.846040333019 125.142502111547 125.868299259859 127.290166518267 129.120876648847 131.416202881757 134.385710323558 137.874619876637 141.778983621036 146.975571800681 151.972981621237 158.54596081902 164.746899548699 169.1950822718 172.247925253475 174.04415399888 174.599997800939 174.06061890546 172.472979377298 170.136109744801 167.29306344425 163.407173381132 160.672316607307 157.484823114732 154.971786723417 155.697351567885 156.759191176471 158.292300504797 159.959851657643 161.347782247207 165.990598229801 167.521567961749 168.535010393928 169.845317055197 170.576253105612 170.054355845732 168.660715608036 167.809386926539 166.451322499444 165.366464053883 164.544888272005 162.651292576509 158.519223830279 156.355577693266 152.65146151711 147.041998807122 140.523465801688 134.22725537244 128.850586330189 123.796078962438 120.292348356808
127.287383850883 125.172136054319 123.412760061376 122.589315554675 122.652072177214 123.590665817261 125.117214202881 127.410560832304 130.665456210866 134.792026070987 139.849825690774 145.584434284883 152.948932872099 161.491716721479 171.254311954274 178.40534434599 184.263273351333 188.276443930233 190.426046932445 190.767073687385 189.224466211656 186.884674072266 184.022038852467 180.372551413143 176.657709009507 172.330122330609 169.020877613741 166.648849262911 167.586825763478 168.951840905582 171.08501254811 173.088673311121 174.382344975191 177.581901101505 177.712332445032 176.998170964858 175.939889459049 174.834877294653 173.566517212812 170.808908743017 170.07656882791 169.211069219253 168.361193488626 167.235920934116 165.109924232259 160.832203107722 158.091017666985 153.584174969617 147.676321366254 140.942648130305 134.522217582254 128.915233219371 124.567010655123 120.991606207455
124.605177290299 122.709287447088 121.382674245273 120.896841834573 121.155423725353 122.045642011306 123.875098677243 126.559784720926 130.753387114581 135.96048040951 142.477197310504 150.779929665958 160.896282869227 173.078926086426 183.771066329058 193.024342705222 200.389820098877 205.249361823587 207.298287559958 206.892972385182 204.492284886977 200.838676228243 197.091512119069 192.905895233154 188.037571065566 183.077622357537 179.449754827163 178.517628838034 178.661075592041 180.255268545712 182.747139650233 184.979271944831 186.069642459645 185.305458798128 186.157590192907 183.535770472358 180.476082689622 177.431716694551 175.089053939371 172.144120833453 170.440274210537 169.929370908176 169.509802453658 167.772980016821 163.536879062653 161.637725128847 158.569705654593 153.848810167874 147.732926565058 141.06145808276 135.158169269562 129.756719112396 125.613828855402 122.109326054068
121.842502706191 120.236454248428 119.615594218759 119.593148231506 120.02895119611 121.299075238845 123.407424646265 126.249230384827 131.077977348776 137.907137253705 146.155448015998 156.647857217228 169.196573818431 183.795098473044 196.31802704755 207.365787730497 215.465801687802 220.878003513112 222.716415854061 221.664549883674 218.079039854162 212.880978976979 208.255976620842 202.815240411197 197.315892051248 191.938319262336 188.06752317092 187.35677393745 187.554151142345 189.338673759909 191.985122400172 194.29646172243 195.379777908325 193.889419219073 190.093693452723 188.353827700895 183.256082142101 178.994959494647 175.814405862023 172.399404301363 170.259844050688 169.456942586338 168.613426881678 164.877368534313 163.526449119343 161.451958572163 158.056248244117 153.276120185852 147.039497347439 141.028499406927 135.289748921114 130.06900027219 126.212213600383 122.497390634873
119.358717834248 118.758659797556 118.639978941749 119.058641826405 119.843267132254 121.101143556483 123.344831522773 127.065097135656 132.882914711447 139.940634110395 149.664524751551 161.832537482767 175.671059776755 192.052096198587 206.093736311969 218.287010641659 227.600780487061 232.740031298469 234.108841839959 231.943826787612 227.414139467127 221.412524167229 215.466670092414 209.595352846033 203.730099958532 197.966157520519 194.04628349753 193.398100179784 193.616243586821 195.506704779232 198.406728576211 200.726055257461 201.493713659399 199.588991782245 194.766900960137 188.695967954748 184.695506348329 179.678006789264 175.681369248558 171.749592696919 169.264382418464 168.112138551824 165.149365509258 164.230483083164 162.678398216472 160.273461734547 156.686885917888 151.754160516402 145.934062116286 140.265226476333 134.927411724539 130.263674034792 126.44732912849 122.75481299793
118.288951270721 118.392508043962 118.63501961091 119.417894363403 120.40389661228 121.750270226422 124.162081942839 128.513510928434 134.207920411054 141.848019431619 152.528095245361 165.625805349911 179.727737875546 197.391792297363 212.397223079906 225.170226153205 234.815846611472 239.976815616383 240.311226115507 237.664085388184 232.123402202831 225.193847207462 218.512072843664 212.048696630141 206.207287732293 200.836825819576 197.137993756463 196.523681135739 196.602869931389 199.047136923846 201.703038215637 203.905571909512 204.582177106072 202.641682793112 197.718473771039 190.977167297812 184.014680862427 178.072762124679 173.460598216337 169.087027970482 166.21994674907 165.361269670374 164.680434507482 163.559191423304 161.531799652997 158.376886732438 154.53142379312 149.088979075937 143.910961880403 138.816487144021 134.085616139805 129.833128648646 125.985320820528 122.156020921819
118.423795489704 119.212288856506 120.13119467567 121.110585745643 121.928923410528 123.311001889846 125.963907410117 129.895913797266 135.488425759708 143.697084539077 154.46886993857 167.520275789149 181.712240780101 198.718255211325 215.236159380744 228.032910290886 237.106614505543 241.656931035659 241.455429301542 238.143016029807 231.904057558845 224.503470589133 217.435742209939 211.17473338632 205.52423398635 200.711777069989 197.626310629003 196.302061080933 198.040682343876 199.98657728644 202.525492976694 204.725408329683 205.344156629899 203.419306923361 198.59710965437 191.9171574256 185.39143483779 179.259671491735 173.507178334629 168.210953712463 166.10554338904 164.453177395989 163.461547963759 161.588050786187 158.94292901544 155.587512773626 150.947071636424 146.110447014079 141.242164050832 136.460505541633 132.111396256615 128.214638457579 124.269747481627 120.508208190694
120.174800171572 121.581837752286 122.973183547749 123.886997391196 124.670230136198 125.542123401866 127.80906940909 131.136664222269 136.597186649547 144.893319971421 155.738123388851 168.316083122702 182.429888781379 198.083404316622 214.402369779699 226.546753602869 234.843083325554 238.884852016673 238.355884552002 234.235207613777 227.654008753159 220.500633015352 213.950336007511 207.708237030927 202.182262925541 198.396882169387 196.020729149089 195.206404321334 197.465487171622 199.316536538741 201.875416587381 203.968261999242 204.619946479797 202.853742375093 198.013031594894 192.136328192318 185.807772720561 179.676452047685 172.773927295909 167.646172243006 164.318479145274 162.347404031193 160.501364427454 157.883985098671 154.787884151234 151.124263819526 146.853283265058 142.510261675891 138.151213982526 133.188292896046 129.137446880341 125.392258139218 121.535341431113 117.821579288034
123.213009455625 125.315582345514 126.741568004384 127.617480278015 128.023518730612 128.461124392117 129.98997222676 132.833030868979 137.724662949057 145.429929733276 155.852569019093 168.120070513557 181.693833743825 195.731430726893 209.750357683967 222.325227400836 230.115592507755 233.191050809972 232.623016357422 228.362327800078 221.994205923641 215.096797718721 208.801296907313 202.76818039838 197.721052955179 194.451523191789 192.959778224721 193.063822325538 194.555280993967 197.491368630353 200.0669985098 202.28752040863 202.883440690882 200.70465371188 196.740777548622 191.473673091215 185.052995289073 177.669909421135 170.992669582367 165.819621170268 162.2583713251 159.599646315855 157.0746680428 153.917130526374 150.479643990012 146.679404707516 142.759699877571 138.32518639284 134.149695957408 129.751850576962 125.506674990934 121.662624471328 117.900434578166 113.87123781092
127.549098702038 129.881834703333 131.478931146509 131.875828125898 131.784187372993 131.673800945282 132.676679947797 135.056690272163 138.903642878813 146.252418293672 155.636701920453 167.042495503145 179.843806098489 192.658775553984 204.645962210263 215.147031223073 223.133839326746 226.33407794728 225.405764860265 221.368690715117 215.561059390797 209.207267312443 202.369451578926 197.189821243286 193.025949225706 190.377612450544 188.752155191758 188.911473077886 190.286880745607 192.92333316803 196.337565113516 198.845071427962 199.496610389036 197.924062252045 194.134698503158 188.815085158629 181.865638508516 174.544294806088 168.839498828439 164.013413204866 159.773231450249 156.462488511029 152.965454662547 149.480457810795 146.107121579787 142.58940001095 138.620021651773 134.448776245117 130.438351182377 126.489758603713 122.145894162795 117.949011045344 113.925856646369 109.634061420665
132.89268359016 135.476096602047 136.731860216926 136.597494461957 135.809878209058 135.064501594095 135.46890780505 137.098501037149 140.421616161571 146.622018589693 155.348556294161 165.575782775879 177.374491523294 189.037861094755 199.928525139304 208.735480364631 214.637314515955 217.372488358442 217.23966553632 213.973029865938 208.419797672945 202.125164368573 196.166862936581 190.812209606171 187.51493027631 184.989149346071 183.710806902717 184.119142279905 185.753576362834 188.290085960837 191.021811906029 193.525567279142 194.543930726893 192.963083463557 188.995895245496 183.600532307344 177.64715421901 171.836211793563 166.469220750472 161.07384333891 156.490151461433 152.484238456277 148.905448576983 145.442237124724 142.215906928567 138.735064338235 135.073325325461 131.089758480296 127.06191517325 123.459271094378 119.241979711196 115.113001935622 110.589545698727 106.196658050313
139.108684091007 141.412211277906 142.178654053632 141.608481715707 140.254657689263 138.827292274026 138.097140817081 139.245302256416 142.180567348705 147.052618251127 154.824611663818 164.02150703879 174.649699940401 185.686120650348 195.460198346306 203.379888871137 208.357606551226 210.991339290843 210.144968369428 206.832770067103 201.636550454532 195.643010476056 189.593907356262 184.627659040339 180.828300307779 178.853555931765 178.20005383211 179.198110552395 180.811985969543 183.298418690177 185.931475695442 187.426499394809 188.025735714856 186.652667971218 183.718875295976 179.018098382389 173.772910146152 168.20274813035 163.168180297403 157.59701274423 152.533298492432 148.65790125903 145.451889038086 142.243535771089 139.121162302354 136.131897309247 132.508192959954 128.647775313433 124.815229752484 120.924451603609 116.460017092088 112.143938906053 107.991207347197 103.513141239391
145.563118205351 147.577217214248 148.183084235472 146.821515532101 144.666501550113 142.710417579202 141.025867630454 141.223944607903 143.296362708597 147.409059412339 153.622131011065 162.298411088831 172.077076182646 182.169158037971 191.251378900865 198.123956792495 202.578167410458 204.540456659654 204.173265681547 200.942715252147 195.888833102058 190.01167381511 183.968701418708 178.787283673006 175.027625336367 173.088787752039 172.715986714644 173.695174918455 175.829146357144 178.268260198481 180.914160588208 182.637896257288 182.928689002991 181.557811568765 178.498756969676 174.410173107596 169.642661627601 164.352416767794 159.269449458403 153.708649859709 148.960810380823 145.171012766221 142.290623720954 139.949816984289 137.49122911341 134.639270782471 131.44681077845 127.819966933307 123.866271636065 119.397206025965 114.754822001738 110.738578123205 106.067346404581 101.135445819182
151.620088633369 153.405192936168 153.229758487028 151.362248757306 148.598250501296 145.836194992065 143.613002272213 142.77316755407 144.334908653708 147.615710538976 152.699635112987 160.289785946117 169.413429596845 178.33217418895 186.290532280417 192.084718592027 196.113641402301 197.774048749138 197.280780455645 194.309303956873 189.744719449212 184.326356214636 178.784972190857 173.925971704371 170.440342510448 168.221527015462 167.793315045974 169.106604800505 171.44439850134 173.699162875905 176.112644840689 177.531012114357 177.57509767308 176.087534287397 173.321053841535 169.742065878475 165.336433326497 160.331038418938 155.321168058059 150.450184204999 146.201484567979 142.581222758574 140.132982029634 137.860800799202 135.679524589987 133.24850172155 130.657526128432 127.898393967572 124.534512912526 119.96612144919 115.2687106413 110.606968823601 105.218994477216 99.8853710398954
156.907851387473 158.142528702231 157.286305820241 154.886117710787 151.81057879504 148.483613631305 145.683052062988 144.180790059707 144.66361023398 147.34733839596 151.939699285171 158.492058473475 166.026052474976 173.651360680075 180.512767455157 185.303822910084 189.064927045037 190.610998265883 189.828619003296 187.538721308989 183.771942306967 178.992156814126 174.188894636491 169.773332708022 166.46643893859 164.415502071381 163.938951309989 165.035107163822 166.708147161147 169.043183593189 171.10779021768 172.036367640776 171.781285846935 170.143688903135 167.536120835473 163.929338286905 159.534237581141 155.234647414264 150.922590424033 147.017409829532 143.26052014968 140.595222473145 138.297719057869 136.625586341409 135.048107371611 133.430818669936 131.505038317512 129.187576293945 125.947944192325 122.052609836354 117.477199778837 112.092776579015 106.436033248901 100.906026279225
160.97145764968 161.589878194472 160.257457733154 157.595987600439 154.004298827227 150.302783292883 147.093766492956 145.065983828376 145.038738811717 147.357191422406 151.026866576251 156.454912297866 162.771614299101 168.680040359497 174.330931944006 178.635282067692 181.690816206091 183.231376647949 182.794441671932 180.976103894851 177.470263312845 173.509067254908 169.417262666366 165.582644125995 162.682320174049 160.765171219321 160.347362854901 161.222274836372 163.102061439963 164.577954530716 165.790703675326 166.162255006678 165.466076794793 163.73808072595 160.999812294455 157.484819580527 153.827963829041 150.091704032 146.607962327845 143.375008358675 140.956886515898 138.702595542459 137.157542396994 136.303718791288 135.686204573687 134.837737588321 133.57377355239 130.818981843836 127.860011830049 124.245488335105 119.750361498664 114.403839223525 109.306397942936 103.924325269811
164.162424311918 164.123716017779 162.385448792401 159.185757580925 155.336510377772 151.396144642549 147.938674590167 145.819074855131 145.046105777516 146.435581543866 149.816890716553 154.070242152495 159.194517696605 164.197574054494 168.711039038265 171.731075062471 174.311711591833 175.912717482623 175.593485327328 173.981741905212 171.291259877822 167.939918854657 164.160181438222 160.509232661303 157.753440352047 156.114131955539 155.816180243212 157.185833636452 158.940292694989 160.418146834654 161.138208024642 161.260466771967 160.405507424298 158.454882032731 155.854240782121 152.222159217386 148.757383009967 145.580176914439 142.621014763327 140.014619827271 138.2321916468 136.645458670223 135.897602081299 136.019345451804 136.133804770077 136.139155219583 134.697819204891 132.698294246898 130.164929109461 126.862832237692 122.818651535932 118.561608258416 113.173710991355 107.676487081191
166.659631392535 165.963572333841 163.373913596658 159.604555578793 155.615647035487 151.401018254897 148.057758106905 145.512022691614 144.194025937249 144.904267703786 147.040782255285 150.184435563929 154.320007548613 158.384572758394 161.687766019036 164.354789060705 165.981624042287 167.393973631017 167.550298690796 166.502992966596 164.634881804971 161.92203504899 158.448547699872 155.374933074502 152.931676471935 151.866031366236 152.113185293534 153.150218795328 154.640792678384 155.962635741514 156.483703444986 156.685581123128 156.020221626057 154.597660008599 151.702216204475 148.484899913563 145.332960801966 142.316348300261 139.453825726229 137.514056093553 135.72425438376 134.562596825992 134.093657325296 134.969139996697 136.326181075152 136.736265294692 136.525798573213 135.146939894732 133.08485771628 130.20764653823 127.139578426585 123.177503698012 117.950428570018 112.680859397439
168.613021850586 167.036136402803 163.874745537253 159.525040346033 154.692888035494 150.348988364725 146.824250277351 144.007527519675 142.448069179759 142.178167455337 143.603227166569 145.433256934671 148.071969761568 150.861972921035 153.273006102618 155.082680421717 156.613415213192 157.391069973216 158.326529671164 158.201349202324 157.140988686505 154.940170316135 152.365523422466 149.636577409856 147.727126738604 146.889149553636 147.457656635958 148.60950719609 149.943759174908 151.262114019955 151.994767890257 152.036495797774 151.366355306962 149.706765174866 147.847956965951 145.527660566218 142.763997807222 139.818381141214 137.326170416439 135.438044548035 133.967044942519 132.972054761999 132.902026232551 133.970552556655 135.600356606876 137.221546173096 138.072665719425 137.583385018741 136.100921855253 134.558050043443 131.766508214614 128.051301170798 123.288180295159 118.47936854643
169.836171767291 167.328963335823 163.463605319752 158.556907653809 153.225364236271 148.804741578944 145.06557599236 141.612578784718 139.5868806278 138.626041748944 139.09017977995 139.828599032234 141.159602782306 142.592274441439 144.054820509518 145.154649229611 146.447652087492 147.355567595538 148.498266444487 149.314470908221 149.068546351265 147.730923680698 145.941434888279 143.743189334869 142.016556739807 141.024962537429 141.441867351532 142.28249577915 144.115131798913 145.678483093486 146.424178544213 146.481952751384 146.048847394831 144.857038245482 143.592746790718 141.859912171083 139.901635983411 137.668621287626 135.368938726537 133.360873727237 131.497834710514 130.389591553632 130.673987669103 131.866184459013 134.170338350184 136.361414292279 137.756024080164 138.691253213321 138.652429917279 138.042226679185 136.024704316083 133.017557480756 128.796954659855 124.257642577676
170.971605861888 167.608967949362 162.947499219109 157.486601436839 151.821045595057 147.186049293069 142.585524839513 138.943413566141 136.116851021262 134.39357286341 133.343421711641 133.377922731287 133.608414481668 134.009827108944 134.739448098575 135.41681805779 136.534803839291 137.602381594041 138.887270478641 140.234375953674 140.71508362714 140.407750297995 139.364241179298 137.76027356877 136.386353941525 135.300527151893 135.31416943494 136.090208923115 137.418933139128 138.727381846484 139.432918801027 139.986640425289 140.02164145077 139.642369017881 138.992826489841 138.032592240502 136.743375273312 134.877415628994 132.710369446698 130.378584132475 128.556197559132 127.492840037626 127.582190233118 128.838878407198 130.836371253519 133.253072850844 135.678399703082 137.407224991742 139.388711368336 139.772173713235 139.008330176858 136.780952229219 133.34132418913 129.233183131498
171.908636429731 168.032970877255 163.000409070183 157.164432525635 150.796765944537 145.682658924776 140.262893340167 135.547255123363 132.292018778184 129.393678889555 127.166532740873 126.258013556985 125.719233232386 125.414326723884 125.55982875824 126.428386688232 127.668046053718 129.321280198939 130.651556127212 132.403404572431 133.640918563394 133.910711064058 133.975296637591 132.991684857537 131.768989282496 130.920761837679 130.77246503269 130.844055540421 131.036005020142 131.602635776295 132.518241405487 133.160279442282 133.439393548404 133.658927636988 133.522041909835 133.312622687396 132.836160435396 131.797983562245 130.096293561599 127.680653179393 125.001614626716 123.894210703233 123.337026371675 123.976934993968 125.71243353451 128.291360742906 131.267743952134 134.364796806784 137.552192912382 139.461851232192 139.790939443252 138.598533462076 136.706204919254 133.612883062924
172.644126667696 168.444229350371 163.338532391716 157.294706681195 150.604643092436 144.622311087216 138.407536450554 132.766204385196 128.160969004912 124.124972175149 121.383181067074 118.982495476218 117.872475904577 117.525110469145 117.676733465756 118.793442333446 120.435492066776 122.470114146962 124.348734350765 126.735496352701 128.935778673957 130.237273104051 130.677923034219 130.143299327177 128.891728625578 127.78847655128 126.857858826132 126.126685535207 125.491442315719 125.101809557746 125.371495723724 126.040384236504 126.462556726792 126.907927036285 127.518763289732 128.236783308141 128.686406023362 128.165118329665 126.293177352232 123.667703067555 121.157452302821 118.995236845577 118.123334099265 118.114814758301 119.255136265474 121.657754785874 125.09681297751 129.298304501702 133.780142840217 137.188983356251 139.018334557028 139.338086352629 138.54041705412 135.676520628088
