PREC/medie_oi/CUMULATA_MEDIA_09.asc
NCOLS 177 
NROWS 174 
XLLCORNER 1436301.375 
YLLCORNER 4916704.5 
CELLSIZE 1500 
NODATA_value -9999 
[rows 72 to 95 of 174, columns 0 to 53 of 177]
-9999 -9999 -9999 -9999 -9999 -9999 -9999 -9999 -9999 -9999 -9999 -9999 -9999 -9999 -9999 -9999 -9999 -9999 -9999 -9999 84.9539745414958 79.8658299586352 75.9410593229182 72.6360321605907 70.7148380840526 71.0404593523811 72.6353765936459 75.954626307768 80.1680633320528 85.3262888964485 90.5143117343678 94.38644880407 96.7653546052821 97.938679190243 97.9528430489933 97.8087098738726 97.2784065358779 97.0942346909467 96.8832391009611 97.0900979042053 97.6996731197133 99.7142900579116 103.269216116737 107.666832222658 112.570110012503 117.143715942607 120.934201072244 123.830770716948 125.888833719141 128.241612378289 129.9880101821 130.615545946009 131.042146907133 130.593663944918
-9999 -9999 -9999 -9999 -9999 -9999 -9999 -9999 -9999 -9999 -9999 -9999 -9999 -9999 -9999 -9999 -9999 -9999 -9999 -9999 82.7008555356194 77.2738299930797 73.6191309760599 70.6852045620189 69.3449889631832 70.0317907894359 72.0518324234906 75.6147191664752 79.9304283366484 84.6353801278507 88.8725813697366 92.3498353397145 94.3792070500991 95.0584607965806 94.836321774651 94.3286970362944 93.6234014174517 93.1288456636317 92.918754493489 93.2228911904728 94.2706399244421 96.3632488250732 100.570332667407 106.250415016623 111.61026245005 116.62751492332 120.736128666822 123.484370456022 125.229101742015 126.523446251364 127.918520085952 128.270803675932 128.272979848525 128.389639125151
-9999 -9999 -9999 -9999 -9999 -9999 -9999 -9999 -9999 -9999 -9999 -9999 -9999 -9999 -9999 -9999 -9999 -9999 -9999 -9999 -9999 73.7424125951879 70.4108793034273 68.3032761742087 67.8001433540793 69.222749710083 72.0815604153801 75.9897502450382 80.2670105204863 84.6490563785329 88.202117022346 90.5601682101979 92.0054140651927 92.2577006396125 91.7281744339887 91.0093879699707 90.3323448405546 89.6502017413869 89.4114234587725 89.7544045728796 91.3765954690821 94.2165518648484 98.444815271041 103.997669528512 110.105885954464 115.515949389514 119.605270161348 121.976883888245 122.983329492457 123.450802859138 123.846779767205 124.404356900383 124.739923477173 125.077839122099
-9999 -9999 -9999 -9999 -9999 -9999 -9999 -9999 -9999 -9999 -9999 -9999 -9999 -9999 -9999 -9999 -9999 -9999 -9999 -9999 -9999 69.6570013130412 66.6893548684962 65.7940037110273 66.4276583615471 68.5312687929939 71.9379848031437 76.1132151659797 80.8053401498234 84.9248102973489 87.9958206625546 89.6223157994887 90.197816175573 90.0470476711498 89.1751687666949 88.248142859515 87.488774916705 86.5595623745638 86.2649519303266 86.9379977338454 88.5905279552235 91.9040564228507 96.4838699172525 102.132279971067 107.96817521488 113.035476572373 116.831389847924 118.897171525394 119.563756101272 119.55488541547 119.571032580207 119.59445886051 119.914497599882 120.890281116261
-9999 -9999 -9999 -9999 -9999 -9999 -9999 -9999 -9999 -9999 -9999 -9999 -9999 -9999 -9999 -9999 -9999 -9999 -9999 -9999 -9999 -9999 -9999 -9999 64.6642827987671 67.6326396605548 71.7011654797722 76.2446677264045 81.0481843387379 85.0424426583683 87.7122552535113 89.016715779024 89.0541698231417 88.0275388605454 87.040241465849 85.9246966979083 84.8649971344892 83.9962332388934 83.7087929950041 84.4212169647217 86.2834923688103 89.6684039059807 94.5004782816943 99.9657158851624 105.531440819011 110.151433888604 113.32437321719 115.04721624711 115.321150835823 115.218942417818 114.856389326208 114.715630026425 115.315498913036 116.333002763636
-9999 -9999 -9999 -9999 -9999 -9999 -9999 -9999 -9999 -9999 -9999 -9999 -9999 -9999 -9999 -9999 -9999 -9999 -9999 -9999 -9999 -9999 -9999 -9999 62.330545537612 66.3092862297507 71.1837803335751 76.7402955223532 81.8708011402803 85.9683963551241 88.5479638716754 89.4401275410372 88.9631261264577 87.4545165791231 86.0012875725241 84.600030225866 83.2503917918486 82.0656824111938 81.6136639819426 82.0464239961961 83.7438043426065 87.1450162775376 91.6360243909499 96.9193062081057 101.988100304323 106.423425870783 109.392097809735 110.754506616031 110.60903857736 110.414635658264 109.853219761568 109.918239705703 110.406018762028 111.713600719676
-9999 -9999 -9999 -9999 -9999 -9999 -9999 -9999 -9999 -9999 -9999 -9999 -9999 -9999 -9999 -9999 -9999 -9999 -9999 -9999 -9999 -9999 -9999 -9999 59.6051354688757 64.7092692431282 71.051757588106 77.4494893691119 83.0127051858341 87.2306573531207 89.8302758160759 90.8502382390639 90.4567951875574 88.8156931260053 86.2487493402818 84.1500409070183 82.0007654638851 80.5843250611249 79.5235052389257 79.6120059069465 81.117391389959 84.0106423321892 88.3552556037903 93.2903181244345 97.9151987328249 101.832869024838 104.643686855541 105.774630827062 105.660522517036 105.518446697908 104.971242904663 104.701128118178 104.958901798024 106.369122112499
-9999 -9999 -9999 -9999 -9999 -9999 -9999 -9999 -9999 -9999 -9999 -9999 -9999 -9999 -9999 -9999 -9999 -9999 -9999 -9999 -9999 -9999 -9999 -9999 57.1122765260584 63.6052093505859 70.8879317115335 77.9900024638456 84.4377289940329 89.332446603214 92.415729747099 93.4145271076876 92.3450168160831 90.1226305120132 87.0359599169563 83.8169188779943 81.4138164520264 79.319325278787 77.7475750586566 77.2828840087442 78.4759479691 80.9696539149565 84.925303403069 89.312757842681 93.6455339964698 97.0447906325845 99.6600283173954 100.570091303657 100.79715459487 100.589757190031 100.063999400419 99.6920335433062 99.6489718942081 100.673557730282
-9999 -9999 -9999 -9999 -9999 -9999 -9999 -9999 -9999 -9999 -9999 -9999 -9999 -9999 -9999 -9999 -9999 -9999 -9999 -9999 -9999 -9999 -9999 -9999 -9999 -9999 70.6851556441363 79.0162052827723 86.6594130572151 92.2944536770091 95.7972772261676 96.7013648538028 95.4135138567756 92.7460363051471 88.6765220866484 84.4814275853774 81.0026057748234 78.1054595498478 76.1983607797062 75.2746596055872 75.9281732615303 77.8678681710187 81.2325706481934 85.2270102641162 89.1503646233503 92.4161573017345 94.4891795551076 95.4892187399023 95.7750228433048 95.6652670467601 94.8818482791676 94.4208899105296 94.3505568784826 95.1247358883128
-9999 -9999 -9999 -9999 -9999 -9999 -9999 -9999 -9999 -9999 -9999 -9999 -9999 -9999 -9999 -9999 -9999 -9999 -9999 -9999 -9999 -9999 -9999 -9999 -9999 -9999 70.9398261799532 80.320951349595 88.6990350835464 95.2758807014017 99.1742267608643 100.100005318137 98.6176516588996 95.0404667573817 90.1564206516042 84.9732514549704 80.2788795022403 76.7353702432969 74.2479566125309 73.1256903760573 73.1381354612463 74.7312894989462 77.4999418539159 80.8622430913589 84.5693771698896 87.439877650317 89.3556875621571 90.4970601867227 90.6046042161829 90.4677261464736 89.8942211936502 89.2192730623133 89.2858609592213 89.8993356368121
-9999 -9999 -9999 -9999 -9999 -9999 -9999 -9999 -9999 -9999 -9999 -9999 -9999 -9999 -9999 -9999 -9999 -9999 -9999 -9999 -9999 -9999 -9999 -9999 -9999 61.2068041633157 71.2378090129179 81.4573421478271 90.5216734269086 97.8436675352209 101.960468292236 103.015394547406 101.127724254833 97.0280329760383 91.2136951895321 85.2223373861874 79.7820623061236 75.0650923111859 71.9505326327156 70.327426068923 69.843685094048 70.9153219110825 73.3512465533088 76.4154045441571 79.3812861442566 82.0313949304469 83.676792677711 84.8966386177961 85.3327757330502 85.3514722375309 84.9194529477288 84.8107530930463 84.7881997052361 85.4926100338207
-9999 -9999 -9999 -9999 -9999 -9999 -9999 -9999 -9999 -9999 -9999 -9999 -9999 -9999 -9999 -9999 -9999 -9999 -9999 -9999 -9999 -9999 -9999 -9999 -9999 60.5815062803381 71.3091489006491 82.1963993521298 91.8509327383602 99.6290381936466 103.750531813678 104.725553288179 102.723319446339 98.1018914615407 91.6773266511805 85.1920632755055 78.814203711117 73.4507341945873 69.6625038595761 67.2492933273315 66.1643829906688 66.5240391562967 68.3793331875521 70.9679059421315 73.7082302710589 76.1236159100252 78.0616046400631 79.388069265029 80.1979706708123 80.7222470676198 80.9010223500869 80.9468660915599 80.997286011191 81.8589638541727
-9999 -9999 -9999 -9999 -9999 -9999 -9999 -9999 -9999 -9999 -9999 -9999 -9999 -9999 -9999 -9999 -9999 -9999 -9999 -9999 -9999 -9999 -9999 -9999 -9999 -9999 71.4296634898466 82.4435447244083 92.8647545085234 100.513985241161 104.907031115364 105.616783366484 102.940251406501 97.6134263206931 91.202522502226 84.2857186934527 77.3457429549273 71.3586609784295 66.9074124728932 63.9445937100579 62.162506496205 61.9203381257899 63.0109443384058 65.1873671868268 67.7871729345883 70.1708332791048 72.3924996151644 74.3615540616653 75.6963429731481 76.5840850717881 77.0504531860352 77.500955693862 78.1701371249031 79.0403109157787
-9999 -9999 -9999 -9999 -9999 -9999 -9999 -9999 -9999 -9999 -9999 -9999 -9999 -9999 -9999 -9999 -9999 -9999 -9999 -9999 -9999 -9999 -9999 -9999 -9999 -9999 -9999 82.4648563160616 92.6356213513543 100.18020585004 104.402753829956 104.945393394021 101.513017542222 96.275738435633 89.5496139526367 82.2817664426916 74.837890625 68.5427196727079 63.5601901447072 60.1329612731934 57.8424142949721 56.9704812835245 57.5577824816984 59.2424088926876 61.5809427429648 64.4253817165599 67.0397566907546 69.4699174656588 71.4573887656717 73.0105639625998 74.0632516075583 75.0711276110481 76.2687361661126 77.3480442271513
-9999 -9999 -9999 -9999 -9999 -9999 -9999 -9999 -9999 -9999 -9999 -9999 -9999 -9999 -9999 -9999 -9999 -9999 -9999 -9999 -9999 -9999 -9999 -9999 -9999 -9999 -9999 81.2974013160257 90.7212285434499 97.5919898538028 101.318954018986 101.160392312443 98.3458313661463 92.8314782310935 86.0815780864042 78.619052213781 71.1231064515955 64.8583236021154 59.6646373973173 55.7886499517104 53.2645977244658 51.9933791721568 52.07719522364 53.7332500569961 56.0048831771402 58.9397312893587 62.1451605348026 65.3970679395339 68.3005202237297 70.6577025020824 72.4400435615988 74.0599659751443 75.4853897094727 77.115135641659
-9999 -9999 -9999 -9999 -9999 -9999 -9999 -9999 -9999 -9999 -9999 -9999 -9999 -9999 -9999 -9999 -9999 -9999 -9999 -9999 -9999 -9999 -9999 -9999 -9999 -9999 -9999 78.1070829279282 86.4463838689468 92.258903503418 94.9671849643483 94.8559928220861 92.0552563386805 86.9021871230182 80.3334476246553 73.0966786777272 66.2319296668558 60.1916636859669 55.1136415144976 51.139032756581 48.4302033817067 47.0801342795877 47.3399665215436 48.8099617397084 51.3228423735675 54.7316677430097 58.6428383097929 62.8683248407701 66.616992782144 69.6848654466517 72.0689435846665 74.2334604824291 76.1526041030884 77.8845117232379
-9999 -9999 -9999 -9999 -9999 -9999 -9999 -9999 -9999 -9999 -9999 -9999 -9999 -9999 -9999 -9999 -9999 -9999 -9999 -9999 -9999 -9999 -9999 -9999 -9999 -9999 -9999 72.7308967814726 79.7786212247961 84.4599163952996 86.1166411007152 85.578296324786 82.7920720717486 78.290397419649 72.2432877035702 65.9419421027688 60.0103085461785 54.6493432662066 49.9593013875625 46.1388229482314 43.6458592134364 42.7517754330355 43.1346730344436 44.7835323389839 47.8737779505113 52.1055804140428 56.8442122796003 61.7658599965713 66.0775806202608 69.8569872800042 72.8143399182488 75.5586226968204 77.7736110687256 79.5113947251264
-9999 -9999 -9999 -9999 -9999 -9999 -9999 -9999 -9999 -9999 -9999 -9999 -9999 -9999 -9999 -9999 -9999 -9999 -9999 -9999 -9999 -9999 -9999 -9999 -9999 -9999 -9999 64.8794532102697 70.5287947935217 74.2383115431842 75.1731912949506 74.1267598096062 71.4173328175264 67.6647830289953 62.8668362112606 57.8026351367726 52.9623406354119 48.419859717874 44.3404888265273 41.1218400843003 39.1195995947894 38.7220488155589 39.5292080149931 41.7882637136123 45.5915419354158 50.4561996179469 56.0240789581748 61.4269155053531 66.4438412610222 70.7727221320657 74.3687937680413 77.2444104587331 79.5334186553955 81.295311647303
-9999 -9999 -9999 -9999 -9999 -9999 -9999 -9999 -9999 -9999 -9999 -9999 -9999 -9999 -9999 -9999 -9999 -9999 -9999 -9999 -9999 -9999 -9999 -9999 -9999 -9999 -9999 -9999 59.4994887183694 62.209285399493 62.7743817497702 61.8237696254955 59.6730434193331 56.7614325916066 53.0689862195183 49.2474383185892 45.5574088377111 41.9903679455028 38.8193665111766 36.4608716964722 35.2909099073971 35.2775527449215 36.6415131793303 39.6597645142499 44.2834985115949 49.8460944680607 56.2791063645307 62.4818873124964 68.056900136611 72.5271663104787 76.1682804893045 78.9808180752922 81.0736476112814 82.6592752793256
-9999 -9999 -9999 -9999 -9999 -9999 -9999 -9999 -9999 -9999 -9999 -9999 -9999 -9999 -9999 -9999 -9999 -9999 -9999 -9999 -9999 -9999 -9999 -9999 -9999 -9999 -9999 -9999 47.9041441188139 49.9459327248966 50.5364056755515 49.995026251849 48.5958322076237 46.6631613338695 44.0290429171394 41.3692859761855 38.6572644850787 36.0132863661822 33.7701865364523 32.2917330405291 31.9251991159776 32.6164688783533 34.7796061740202 38.5908869575052 44.038693820729 50.5001461646136 57.3868555742152 64.2144746219411 69.9635247062234 74.4518018610337 77.9736529518576 80.4687405193553 82.1612976859598 83.3853360905367
-9999 -9999 -9999 -9999 -9999 -9999 -9999 -9999 -9999 -9999 -9999 -9999 -9999 -9999 -9999 -9999 -9999 -9999 -9999 -9999 -9999 -9999 -9999 -9999 -9999 -9999 -9999 -9999 37.1720938682556 38.7553524129531 39.3684682846069 39.4307006106657 38.8642911350026 37.8036825516645 36.1686630529516 34.4749506782083 32.6461577695959 30.9417302468244 29.6383046823389 29.0450143533594 29.3546653074377 30.8202000926523 33.8556787126205 38.3851030574125 44.5398607815013 51.674684973324 59.0641995598288 65.85714413138 71.6736208410824 76.0111693213968 79.2592129987829 81.4937639797435 82.7408805734971 83.2170518987319
-9999 -9999 -9999 -9999 -9999 -9999 -9999 -9999 -9999 -9999 -9999 -9999 -9999 -9999 -9999 -9999 -9999 -9999 -9999 -9999 -9999 -9999 -9999 -9999 -9999 -9999 -9999 -9999 -9999 -9999 30.2854097871219 30.7234854698181 30.8282566631542 30.4816499878378 29.6239210577572 28.7612005963045 27.8042765785666 27.0279618712033 26.5798891151653 26.7769098141614 27.7050156873815 29.9996582199545 33.6250362115748 38.7788701057434 45.6900737706353 53.3134788625381 60.8852979996625 67.5777222128475 72.9258252312155 76.9826625375187 79.9212953343111 81.5042556313907 82.3886013591991 82.1525230407715
-9999 -9999 -9999 -9999 -9999 -9999 -9999 -9999 -9999 -9999 -9999 -9999 -9999 -9999 -9999 -9999 -9999 -9999 -9999 -9999 -9999 -9999 -9999 -9999 -9999 -9999 -9999 -9999 -9999 -9999 -9999 -9999 24.7076916694641 24.8012562078588 24.8312099120196 24.8048636773053 24.6488840720233 24.6228980176589 24.601512670517 25.3579169301426 26.8650818993064 29.7982460891499 34.1811359770158 39.9458794032826 47.2511456713957 55.0570943495807 62.6216169806088 69.0802614548627 74.0008162891164 77.2935495937572 79.4137803806978 80.4297700208776 80.5600957309499 79.9608890309053
-9999 -9999 -9999 -9999 -9999 -9999 -9999 -9999 -9999 -9999 -9999 -9999 -9999 -9999 -9999 -9999 -9999 -9999 -9999 -9999 -9999 -9999 -9999 -9999 -9999 -9999 -9999 -9999 -9999 -9999 -9999 -9999 20.5504543641034 21.1261161215165 21.9302336468416 22.5031283602995 22.9730971560759 23.4141399720136 23.7587880106533 25.0134493042441 27.2003051954157 30.6256548236398 35.3673377738279 41.4856118314406 48.947258865132 56.6934210833381 63.8662450453814 69.8441303477568 74.2041213091682 76.779055371004 77.7997075810152 77.970534324646 77.312832215253 76.1611797669355
