PREC/medie_oi/CUMULATA_MEDIA_09.asc
NCOLS 177 
NROWS 174 
XLLCORNER 1436301.375 
YLLCORNER 4916704.5 
CELLSIZE 1500 
NODATA_value -9999 
[rows 72 to 95 of 174, columns 54 to 107 of 177]
130.283167782952 129.364772235646 127.586559407851 124.834829218247 121.047874114093 116.6646120408 111.323962492101 105.422065173878 100.454192778643 95.9768284629373 92.994748283835 90.9348530488856 90.199691323673 90.3542059169096 91.7269864082336 94.6340869174284 98.6234710076276 102.655894419726 106.476188659668 109.461240656236 111.193277723649 111.499726267422 110.661848909715 108.969705188976 106.457825324115 103.515152398278 100.082821958205 96.9335316770217 93.633621748756 90.7584577307982 88.1209777242997 86.5154979228973 85.7579761252684 85.8086450520684 86.5119229485007 87.3243300634272 87.7437592113719 87.4105559377109 85.9933200864231 84.4326308194329 82.6696259694941 81.332220175687 80.3647549012128 79.7526505133685 80.2858440174776 81.6823124044082 84.1530933380127 87.6414745835697 92.5273340169121 97.7957072257996 102.703124004252 107.202433712342 110.002692222595 109.612492940005
128.334114299101 127.89591553632 126.080383637372 123.423528895659 119.788458768059 114.860726076014 109.584899565753 103.576308867511 97.7666158115163 93.3810155531939 89.6293198641609 87.1903190612793 85.893879441654 85.9925334032844 87.5878389863407 91.4422903621898 95.8931118460263 100.661485503702 105.22381734848 109.047126573675 111.012888066909 111.439850975485 110.707971404581 108.998789450702 105.757358887616 101.959671749788 98.0407978787142 93.8303777750801 89.4492158048293 85.4556656725266 82.4209800748264 80.123994364458 79.4548898724949 80.0370067287894 81.3481763671426 82.9249465185053 84.140902112512 84.0536410387825 83.5943757926717 82.0423685943379 79.8304911080529 77.5241050299476 75.3637019465951 74.4628305154688 74.3623739130357 75.8129274424385 78.2963959750007 81.7413518849541 86.6513937922085 92.2620714131524 97.943319643245 102.57549717847 105.442355408388 106.920070998809
125.1423813315 125.21817667344 124.176908493042 121.905331443338 118.530459235696 113.679493735818 108.126600489897 102.421925376443 96.4329359952141 91.3356551563039 87.5595101749196 84.6343918407665 83.3291386716506 83.8163004202001 86.2367110813365 90.1506730808931 94.9907477042254 100.338233611163 105.447424411774 109.348703664892 111.422387515797 111.914301199072 111.105935769923 108.776833365945 105.503543741563 101.174912677092 95.673724118401 90.370670374702 84.807583247914 79.9135257496553 76.1611852084889 73.6997670987073 73.4718009023105 74.6233212386861 76.7790967296152 79.1014030400444 80.8477549412671 81.6763609016643 81.5316870493047 80.0684747134938 77.517519123414 74.4898202138789 71.6276833870832 69.487263581332 69.0929342297947 69.907919364817 72.0000352859497 75.4974875169642 80.142119884491 86.1942987161524 91.8517446097206 96.9207141960368 100.943219465368 103.203165264691
121.445335388184 121.778964210959 121.382433049819 119.768195881563 117.076824973611 112.762221392463 107.407138712266 101.763459710514 96.2554339240579 90.8928036409266 86.4068933935726 83.3891624001896 82.5216528948616 83.3435764032252 86.4247144811294 90.3895323136274 95.8166588895461 101.775007949156 106.862033002517 110.229705586153 111.995531082153 112.359024721033 111.286638203789 108.846024120555 104.912053052117 99.3005670659682 92.5303463094375 85.6702898249907 79.44442802317 73.8937131376828 69.8867510627298 67.4790893863229 67.4538616853602 69.4078994358287 72.2916475253947 75.4069317088408 78.0751834616942 79.8922874997644 80.2402088011012 78.7293734971215 75.6131617321688 71.8676403831033 68.4228970303255 65.8914279376759 64.6469608334934 64.7259171710295 66.4272406381719 69.6523778158076 74.0492660017575 79.4135102945216 85.6301941310658 91.5644990205765 96.155121179188 99.5549362126519
117.056423299453 118.08826008965 118.363899006563 117.761221380795 115.525082756491 111.963864045985 107.314169266645 101.811603770537 96.3015821120318 91.2522945965038 86.9542230157291 83.7964355244356 82.7147822099573 83.6041704907137 87.1824763802921 92.0729329445783 98.0240809496711 104.122827866498 109.353988591362 112.598637075985 113.443009713117 113.060691777398 111.398094457739 108.153671825633 103.151252185597 96.3935166527243 88.2987464455997 80.2281980514526 73.2543242117938 67.4809476067038 63.5183560147005 61.3594355442945 61.7348672502181 63.931562872494 67.4952122814515 71.3622497039683 75.5492080870797 78.4431122962166 79.1107813750996 77.4813442300348 73.8931943879408 69.5667379042682 65.627958963899 62.6001376264236 60.858720555025 60.254315516528 61.2272901254542 64.1598278915181 68.4494074372684 73.7452632118674 79.6840995550156 85.7843319948982 91.1267580214669 95.5977463581983
112.777514289407 114.265636668486 115.167187410242 115.199330049403 113.758226731244 110.961157967063 106.906571444343 102.201413771685 97.2337144402897 92.3953941569609 88.319260821623 85.4147543626673 84.2644054188448 85.6193756215713 89.785168984357 94.6775513817282 100.672206149382 106.515673525193 111.100957870483 114.446119869457 115.314167695887 114.195030885584 111.123220892514 106.645208695356 100.470321655273 92.5336373834049 83.3629136366003 74.4913909014534 66.7563726761762 60.5563298113206 56.7551692513859 54.9579306630527 55.6048640503603 58.4948806482203 62.5572171982597 67.8827389829299 72.9420154445312 76.5730333188001 77.2763003461501 75.7979440689087 72.2400157802245 67.5127351494396 62.916425207082 59.3886233498068 57.1561597164939 56.3553057277904 56.9529460458195 59.4112376605763 63.3766662022647 68.5005714472602 74.2521177249796 80.0440683925853 85.7129863570718 90.7831389062545
107.965449501486 109.893390879912 111.418574164895 112.068318984088 111.232469670913 109.202677895041 106.324522803811 102.518957586849 98.3088658837711 94.0911183637731 90.2292866987341 87.4462149563958 86.9952978807337 88.2556191051708 92.2886947744033 97.2215016308953 102.80149083979 108.492413520813 113.037125306971 115.615667006549 115.973801556756 114.176265155568 110.206768035889 104.164485482609 96.7769472458783 87.6350903230555 77.7391557132497 68.2846326267018 60.1697651919197 54.2416814916274 50.571922638837 48.9530323533451 50.0415497106664 53.1115518878488 58.0557645348942 63.9886297969257 69.5329055996502 73.8158871776917 75.5593172381906 74.417681294329 70.8190747779958 65.7271389610627 60.5151665140601 56.4941790244159 53.7461215117398 52.5727228837855 52.9658489297418 55.1560958623886 58.9174666404724 64.1188032486859 69.8828208867241 76.213038150002 82.5759981730405 88.4081118808073
102.601437288172 104.715494941263 106.574984382181 107.662940418019 107.789324143354 106.857533174403 105.043879452874 102.255728216732 98.7167200200698 95.0837234609267 91.5972167183371 89.4080254049862 88.7726436502793 90.2809622147504 93.9337968265309 99.1294970231898 104.414482060601 109.816936773412 113.757919535917 115.58232049381 115.342556785135 112.561829510857 107.50315172532 100.510986440322 91.7239010754754 81.78810153288 71.4532955955057 61.7950889923993 53.7307818917667 48.0643537745756 44.6958321683547 43.4614097511067 44.7263025115518 48.1052481707405 53.3727025845472 59.7099206377478 66.2857616578831 71.3833998371573 73.56435955272 72.3498575406916 68.3674830408657 63.0159783503588 57.4699833112604 53.0790372035083 50.0564572250142 48.6163821080152 48.9297756587758 50.9786146668827 54.467295590569 59.5127133060904 65.7765155680039 72.6815379156786 79.7092845930773 86.6143654094023
96.9672387067009 99.2648174061495 101.272403941435 103.009047676535 104.034128189087 104.147340325748 103.229606067433 100.964391259586 98.0706934087417 94.8201387068805 92.0305153902839 90.0348565157722 89.8542783400592 91.4022612291224 94.5757819905001 99.6387934965246 104.972471237183 109.723470126881 113.078420526841 113.988254098331 112.691091200885 108.762768352733 102.850498536054 94.8433714473949 85.1764346852022 74.873524497537 64.6368547888363 54.9950314690085 47.3407358842738 41.9904745326323 38.8721461015589 38.0653751457439 39.6412276239956 43.349453645594 48.8944442763048 55.8330960063373 62.6922911195194 68.0721671511145 70.5016399902456 69.4183031530941 65.3436034917831 59.6150858051637 53.836879288449 49.2176067268147 46.1867070268182 44.6348089049844 44.7549626126009 46.6091873575659 50.0249178549823 55.2698378562927 61.8623601969551 69.0712820922627 77.0759581678054 84.6647801539477
91.6791773403392 93.8059873019948 96.1300564934226 98.3382220548742 99.872080971213 100.657591427074 100.153310326969 98.376023236443 95.883929196526 93.3436000487384 90.9014435936423 89.57582395217 89.8709186666152 91.4979000652538 94.2758351494284 98.3361870821785 103.038013233858 107.018054849961 109.919644187478 109.903860877542 107.160686156329 102.285453235402 95.4564516404096 87.0405676224652 77.1820720223819 66.8372624902164 56.9800359501558 48.0230118807624 40.8987001811757 36.1692136596231 33.377559746013 33.2759705010582 35.1607746516957 39.0632359841291 44.9451927928364 51.9067009406931 58.8249416491565 64.2470158478793 66.7282917148927 65.7374381037319 61.7028857679928 55.9173964822994 49.942268687136 45.1680271274903 42.2001547392677 40.691158007173 40.6317131168702 42.3574624552446 46.1692755011951 51.4718256557689 58.0155265191022 65.8852464171017 74.289200740702 82.6020670357872
86.7406340206371 88.7501175824334 90.8837887259091 93.2757893730612 95.3412170410156 96.3045866349164 96.0254798215978 94.6303547129911 92.5639366823084 90.4484260222491 88.9090208726771 88.0557659934549 88.3827649845797 89.7770274106194 92.2060958076926 95.5614366531372 99.1118046255673 101.996346641989 103.123674056109 102.134331310497 98.7331790924072 92.8940678764792 85.0411132363712 76.9921716802261 67.5900664610021 57.7920164220473 48.7187176872702 40.8008253434125 34.7037641861859 30.5320560511421 28.7295801218818 29.1479736917159 31.2881148562712 35.4819737041698 41.4082930508782 48.3424232146319 55.2781650599311 60.6363077444189 63.0551927089691 61.9603578833973 57.9411130231969 52.1957978571162 46.2697551040088 41.4113621361115 38.4248063424054 37.0036602931864 37.0737923033097 38.9350399129531 42.7640768920674 48.0946440275978 54.7466965983896 63.0626178769504 71.8625621374916 80.5045436690835
83.103388225331 84.5738222458783 86.5830763648538 88.4866548426011 90.3174288132611 91.3042453317081 91.0507738449994 89.9734141405891 88.1778948166791 86.762923857745 85.6600956075332 85.0002526114969 85.3014922983506 85.9428933087517 87.9880859150606 90.5156860351562 92.7570989272174 94.0514119092156 93.8495330810547 92.0673004599179 87.9049393148983 81.7258393904742 73.9250173007741 65.5367639205035 56.7467874639174 48.1457716436947 40.3937420564539 33.8700623231776 28.9407944398768 25.984270993401 24.7149836456074 25.6063563402961 28.1146304607391 32.6803328710444 38.6828033082625 45.7368328431073 52.6452178814832 58.0121889885734 60.3643049562679 59.2616872366737 55.086921972387 49.2519097748925 43.3446633956012 38.6130791972665 35.4920657522538 33.949311172261 34.1552815437317 36.238955820308 40.0575298000784 45.4363401356865 52.3963884465835 60.9542717232424 70.021954648635 78.8660373968237
80.3727319380816 81.9693261314841 83.4906458013198 84.8357872682459 85.7305176678826 86.1480958602008 86.2420581368839 85.3768106348374 84.0945995555204 82.815128438613 81.7419649011948 80.7243527244119 80.6573452108047 80.9477028566248 82.0876005958108 83.5839992971981 84.3586815104765 84.3751906226663 83.2188140644747 80.2761827356675 75.9878524331485 69.7644268484677 62.2628711251652 54.5468009499943 46.7309601166669 39.1392480625826 32.9231572431677 27.8119173330419 24.2293499217314 22.0425162876354 21.5029162238626 22.6894300264471 26.0048683390898 30.6378805356867 36.7160625177271 43.7795602433822 50.7161930729361 56.0365742725484 58.3243695637759 57.1339692929212 53.0298936577404 47.341596028384 41.5429089770598 36.7087179772994 33.3811601610745 31.7262145070469 32.2173693881315 34.2987278489506 38.175527306164 43.6644988059998 50.8277830797083 59.4506917280309 68.8656639491811 77.7483235527487
78.9736153658699 80.3846749698415 81.6230585434858 82.4943518919103 82.9303699942196 82.9282150268555 82.4953899383545 81.3877207251156 80.0284960690667 78.5307879728429 77.0584444158218 75.6107954137466 75.1274692311006 74.7842401616714 74.8481117697323 75.1646531048943 74.7883988548728 73.6743767682244 71.5494063882267 68.1395523968865 63.4068374633789 57.8121663261862 51.0335125642664 44.1790528016932 37.5820508283727 31.4432747223798 26.4158953498392 22.6183938419118 20.1392096070682 18.8008325099945 19.0581659990198 20.6412272313062 24.0120002942927 29.0874697460848 35.468137811212 42.7284377673093 49.8134371042252 55.1600602724973 57.4304956478231 56.0640976428986 51.8196748985964 46.1231911743388 40.4199851681204 35.4734794672798 32.097278398626 30.6470191478729 31.0806753074422 33.267016509 37.2358264642603 42.8742657549241 50.1732623717364 58.6101566763485 68.1231786503511 76.9800382782431
78.3759974872365 79.7879316105562 80.714986520655 81.2567420286291 81.3813564076143 80.9040053872501 79.8697469374713 78.2707337772145 76.4478133706485 74.5775274949915 72.5009212493896 70.7250933366663 69.2202701568604 68.3805932998657 67.2537895651425 66.484053106869 65.3199275521671 63.2894245596493 60.4476015427533 56.6174348943374 51.9774199093089 46.6006643631879 41.0592181261848 35.2499848534079 29.8903134850895 25.0892219543457 21.281045885647 18.5115191515754 16.8408200039583 16.3483805235694 16.9278341181138 19.044547922471 22.6030847184798 27.7671582979314 34.5431743509629 42.2276702277801 49.763275384903 55.3006166219711 57.4990852299859 55.9706004226909 51.4654701878043 45.5012246580685 39.6265876713921 34.9991144572987 32.0361399229835 30.5289692598231 30.9932077632231 32.9889659040114 36.9194703102112 42.7779182265787 49.9499056760003 58.3223269967472 67.4712494120878 76.0848512649536
79.3294411827536 80.5690409155453 81.3285655975342 81.4660254085765 81.0192445867202 79.9647365457871 78.1558334687177 76.016601786894 73.5764544430901 70.9232297785142 68.4346127790563 66.0751260869643 63.7597126680262 61.7526930640726 60.0959685830509 58.2431553672342 56.5047592836268 54.1198390511905 50.9495525360107 47.0284350900089 42.5410928726196 37.6689825057983 32.471767874325 27.6470643772798 23.4688600091373 19.9356857748593 17.300493184258 15.4909051726846 14.4896776395686 14.5106933537652 15.5714937238132 17.9399947839625 21.7954842202804 27.1439708821914 34.0662142388961 41.8845786697724 49.4737495113822 55.0921655823203 57.2545934003942 55.7067636461819 51.2323434072382 45.4238008190604 39.7417541111217 35.1700419818654 32.3098502439611 31.0458625064177 31.6048578374526 33.533664002138 37.5436903729158 43.2784685247085 50.3980415007647 58.5479004242841 67.0741473366232 74.5325463238884
80.9255497876336 81.9979211582857 82.353666193345 81.9151926040649 81.0161994485294 79.5628030440387 77.2482487173641 74.6981819377226 71.6644118252922 68.3472808950088 64.9522857666016 61.7319586136762 59.1521145876716 56.4256820117726 53.9274897294886 51.6284541522755 49.4564272375668 46.6501614065731 43.4062928592458 39.5489023433012 35.2012876622817 30.4905285554774 26.0733581150279 22.1042783961577 18.811363697052 16.2365286770989 14.4250073713415 13.2704779681037 12.7902239350712 13.1883110439076 14.7433288237628 17.3539546517765 21.5367162227631 27.3506412926842 34.7496785907184 43.0815861225128 50.9729511597577 56.7501564867356 58.7839508477379 57.0473302953383 52.4566262890311 46.6733040949878 41.0268100289737 36.4204550069921 33.52630331937 32.3256744496963 32.8337175425361 34.8680408702177 38.7377120747286 44.2121432809269 51.0070098428165 58.5985827165491 66.0257087595323 72.0285291671753
82.4931223813225 83.1951529558967 83.4471289690803 82.8509849660537 81.5455277386834 79.5003576278687 76.7884941662059 73.7548346799963 70.1309400165782 66.3369024220635 62.3095643099617 58.7047842811136 55.4242079959196 52.2607676281648 49.6452113880831 47.1087181708392 44.2514805793762 41.3113058034111 37.8579601680531 34.0906303910648 29.75327761033 25.6142322876874 21.7534594255335 18.4683484049404 15.8921518325806 13.899786528419 12.5940261588377 11.7040585910573 11.7770671143251 12.545948266983 14.395128362319 17.4294525875765 21.8862257003784 28.0958381961374 35.8808668641483 44.4721110568327 52.5104107716504 58.2324274567997 60.3794354550979 58.6816764999838 54.1075940272387 48.2716223492342 42.8167403024786 38.2130487105426 35.2586203182445 34.0997230024899 34.4699743214776 36.3641206516939 39.9765649683335 45.1355063494514 51.3431794783648 57.9966865988339 64.1337584327249 68.3984927009134
83.6446318906896 84.0768297980813 83.9054677065681 83.1663374059341 81.6623024099013 79.4182599011589 76.4234784070183 73.210314357982 69.3537568765528 65.2388685731327 61.0430058030521 56.9132988032173 53.1915671124178 49.8138656756457 47.055831712835 44.0894858977374 41.027091699488 37.8015071083518 34.0104730830473 30.1315888797536 26.3152838594773 22.5181901314679 19.1494321963366 16.259301367928 14.0813141009387 12.4584641316358 11.3407772498972 10.9687012784621 11.3907267626594 12.5126903057098 14.6239447733935 17.9112270439372 22.7260081347297 29.1930496271919 37.1741555718815 45.8720956970664 53.8712167459376 59.4470741187825 61.6004646385417 60.0576628656948 55.8086478008943 50.6591190450332 45.088141707813 40.6193722977358 37.5978950893178 36.3140567611246 36.1536186162163 37.8242066327263 41.1498616723453 45.6214027404785 50.8710164462819 56.3195144428926 60.902857836555 63.5554176779354
84.0920085345998 84.2084610321943 83.6490056654986 82.5934637294096 81.0232196695664 78.78791438832 75.9637153288897 72.781987582936 68.9078680767733 64.7621797673843 60.4718811932732 56.4320646173814 52.7047843652613 49.2893740008859 46.0100068064297 42.9324256111594 39.8880549599143 36.3238036772784 32.3863321332371 28.3078296885771 24.3010753182804 20.7019708857817 17.5575350242503 14.9766292782391 13.0400419165106 11.6859581400366 11.0395949167364 11.0775023488437 11.7100138523999 13.1351815532236 15.4809512110317 19.0266418457031 24.0758747353273 30.6895441447987 38.6914746761322 47.2294234107522 54.9546073184294 60.3339335567811 62.4862758131588 61.4888947571025 57.8732031513663 52.7816012747148 47.5728002015282 43.1464936032015 40.1110457532546 38.4355295966653 38.2611193095937 39.2918200212366 41.9060092813828 45.3719201929429 49.4572647319121 53.3706266739789 56.2398237340591 57.3417159809786
83.4077220804551 83.4322735281552 82.6794110466452 81.2955095066744 79.5330050412346 77.405972368577 74.9061055463903 71.836869912989 68.3171909276177 64.3336309264688 60.4616149173063 56.6479771557976 53.0641796027913 49.8287338930018 46.5093251747244 43.4332445298924 40.1225504033706 36.2925951691235 32.1926870626562 27.9232690684936 23.7520011312821 20.1077794958563 17.0965496231528 14.8563873417237 13.0716959658791 12.0273923242793 11.5785292176639 11.664211581735 12.498771499185 14.2534869839163 16.8609256463892 20.7810984078576 26.1015756270465 32.883333977531 40.8086768458871 48.8923635202296 55.8837219827315 60.6973831443226 62.9796741569743 62.1769754816504 59.165420181611 54.69663234318 49.9885997211232 45.8678036437315 42.7276386373183 40.3704324329601 40.2171999706941 40.8207818199607 42.123696271111 44.4692879845114 47.0742045009837 49.4981642330394 50.7936660542208 50.4762215333826
81.607107779559 81.3491215425379 80.4498615825877 79.0056697621065 77.2223797966452 75.441221854266 73.275149121004 70.3776433047126 67.1462914522956 63.6751947683447 60.2957576022429 57.0176451346453 54.0597676950343 51.2114498194526 48.0251764900544 45.0811856844846 41.5473247906741 37.6024059758467 33.3137393769096 28.9255196907941 24.720826738021 20.9688570078681 18.0016074461095 15.7931825904285 14.1309330743902 13.1291624798494 12.7432725920397 13.0267003985012 13.9417672858519 15.9866580822889 18.871240307303 22.9333878475077 28.3751817871543 35.0880182490629 42.6397883611567 50.2106241338393 56.6550592113944 60.9036216595594 62.9617458371555 62.4745002283769 59.9299250350279 56.2783801976372 52.2631056308746 48.4999328360838 44.9062663246604 42.5363277827992 41.8994313127854 41.8530173021204 42.3968609080595 43.283785090727 44.5285732044893 45.3016910552979 45.2173305960263 43.7346671048333
78.6762350867776 78.0043770285214 76.8818819943596 75.4166285009945 73.8776375826667 72.3499635247623 70.5490215525908 68.2952221141142 65.4506317867952 62.7299624050365 60.134657719556 57.5186675436357 55.0808729424196 52.6269591275383 49.8650349869448 46.8651486494962 43.4818630779491 39.6817204321132 35.4640453983756 30.9770225356607 26.7330320442424 23.09064876332 20.0998258871191 17.8681700089399 16.1945205997018 15.1478923629312 14.7714567605187 15.1856401527629 16.2418316813076 18.2692180240855 21.415925544851 25.6715796274297 31.1145864514744 37.5916313984815 44.5933989356546 51.2997489256017 56.7933394768659 60.6922490316279 62.5754567454843 62.3157078097848 60.1706914761487 57.3308720027699 54.0583976998049 50.3947025607614 47.1570246219635 44.7086001564475 43.1050221218782 42.5088192715364 42.3142214382396 41.9094301111558 41.9725647533641 41.5179006913129 40.0813824148739 37.8431540096507
74.486126759473 73.4772919206058 72.2129383928635 70.8760224230149 69.5638471771689 68.330989781548 66.9232069744783 64.9604637763079 62.9675036318162 61.2628050691941 59.3140031870674 57.3941332452437 55.5819057015812 53.4492316386279 51.1995610489565 48.6247225999832 45.7497997985167 42.143156079685 38.0078262721791 33.7372046498691 29.6401344607858 26.0871000991148 23.2045586810392 20.9684535615584 19.2360351786894 18.0773998849532 17.8344751245835 18.2823422936832 19.5793327583986 21.6414184991051 24.5141868310816 28.6974182970384 34.3210283307468 40.3764057439916 46.5968000888824 52.2577019509147 56.6532730775721 59.8316218572504 61.4850090601865 61.2931498920216 59.96381093474 57.6835339910844 54.8702763669631 52.0912171111387 49.1907484811895 46.6943559366114 44.5612030870774 43.5223262169782 42.784397798426 41.7031190535601 40.3124721190509 38.7852493173936 36.3081927019007 33.2403667674345
