PREC/medie_oi/CUMULATA_MEDIA_09.asc
NCOLS 177 
NROWS 174 
XLLCORNER 1436301.375 
YLLCORNER 4916704.5 
CELLSIZE 1500 
NODATA_value -9999 
[rows 24 to 47 of 174, columns 54 to 107 of 177]
-9999 -9999 102.083929475616 110.749778214623 117.916237676845 122.389293362113 121.90839879653 115.58627540925 104.334724594565 90.1871168192695 75.564725931953 62.0561631988077 50.9918659154107 -9999 -9999 -9999 -9999 -9999 -9999 -9999 -9999 -9999 -9999 -9999 -9999 -9999 -9999 -9999 -9999 -9999 -9999 -9999 -9999 -9999 -9999 -9999 -9999 -9999 -9999 -9999 -9999 -9999 -9999 -9999 -9999 -9999 -9999 -9999 63.3544608284445 70.9082850287942 79.5901191374835 88.2804928947897 96.5239508011762 102.977510564467
-9999 -9999 -9999 114.458640014424 121.956792508855 126.386453656589 125.810773120207 119.593306737788 108.601539331324 94.9844851213343 80.7797367993523 67.5044092290542 56.4153457809897 -9999 -9999 -9999 -9999 -9999 -9999 -9999 -9999 -9999 -9999 -9999 -9999 -9999 -9999 -9999 -9999 -9999 -9999 -9999 -9999 -9999 -9999 -9999 -9999 -9999 -9999 -9999 -9999 -9999 -9999 -9999 -9999 -9999 -9999 -9999 60.2949934847215 67.6221683726591 75.3239656897152 83.2226357740514 90.5789180082433 95.2844632092644
-9999 -9999 -9999 115.769736395163 123.336107099757 127.870820382062 127.502738335553 121.780522739186 111.465690304251 98.7409840191112 85.7007775587194 73.3133454603307 62.5970491521499 -9999 -9999 -9999 -9999 -9999 -9999 -9999 -9999 -9999 -9999 -9999 -9999 -9999 -9999 -9999 -9999 -9999 -9999 -9999 -9999 -9999 -9999 -9999 -9999 -9999 -9999 -9999 -9999 -9999 -9999 -9999 -9999 -9999 49.3922643941991 52.7196488660925 57.8699999416576 63.9434894673965 70.4505527159747 77.2809271531947 84.1472328410429 89.2718274172615
-9999 -9999 -9999 114.458991695853 122.13571545657 126.81504201889 126.916546344757 122.094159659217 113.165330494151 102.083753221175 90.3107038946713 79.2276232663323 68.9497529759127 60.8868307225844 -9999 -9999 -9999 -9999 -9999 -9999 -9999 -9999 -9999 -9999 -9999 -9999 -9999 -9999 -9999 -9999 -9999 -9999 -9999 84.6431829228121 84.870971623589 83.2421306161319 80.079319673426 75.3689037210801 70.0612051907708 -9999 -9999 -9999 -9999 -9999 -9999 -9999 47.9307232183569 50.7071400530198 55.114618581884 60.5894850843093 66.835854474236 73.061479512383 79.3184949089499 83.8461947721594
-9999 -9999 -9999 110.785409548703 118.722985926796 123.870227827745 124.851002132191 121.304705227123 114.107637181002 104.727165839251 94.2541961108937 84.4530551012825 75.5597935283885 68.3555781420539 62.7351871097789 -9999 -9999 -9999 -9999 -9999 -9999 -9999 -9999 -9999 -9999 -9999 -9999 -9999 -9999 -9999 -9999 94.6692783131319 96.9232691596536 97.4469006482293 96.1517486572266 92.8789973539465 88.205958366394 82.2145209031947 75.3155164157643 68.1903625937069 -9999 -9999 -9999 -9999 -9999 46.3082794021158 47.490250194774 50.2686412194196 54.4434699731715 59.4779840357163 65.1189766491161 70.7752853281358 76.0822729222915 80.1238792643828
-9999 -9999 -9999 -9999 113.641690015793 119.41820340998 121.28577484804 119.19224767124 113.669264989741 105.996768614825 97.6606986662921 89.1762169669656 81.8823179918177 75.6615567487829 70.55033344381 66.8213979216183 -9999 -9999 -9999 -9999 -9999 -9999 -9999 -9999 -9999 -9999 81.1380077810849 86.7720340279972 92.9112535364488 99.0889265397016 106.077475042904 110.023863175336 111.287194644704 110.528406704173 107.49731983858 102.098973779117 95.735689387602 87.9265868243049 79.8291427387911 71.4417733585133 -9999 -9999 -9999 -9999 -9999 46.4446402718039 47.7578490481657 50.5325346834519 54.5745215135462 59.2843800152049 64.4115787393906 69.4757874432732 73.997787026798 77.5692848878748
-9999 -9999 -9999 -9999 107.696028442944 113.86555650655 116.637525277979 115.833130387699 112.314706914565 106.7641397364 100.054799977471 93.2935414594762 87.261596735786 82.248649260577 77.9248657226562 74.8487272823558 -9999 -9999 -9999 -9999 -9999 -9999 -9999 -9999 -9999 87.166659635656 92.3368183584774 98.5287276997286 105.682600806741 112.902377072503 120.346525753246 124.376297333661 124.853242313161 122.418262369492 117.545558929443 110.578057008631 102.472471910364 92.4962306303136 83.1824329600615 74.0225859810324 -9999 -9999 -9999 -9999 -9999 47.2360805623672 48.725106716156 51.6107239723206 55.6166855868171 60.0868263805614 64.6480257931878 68.8424132291008 72.9269880967982 76.1364807802088
-9999 -9999 -9999 93.1796431681689 101.64251814169 108.16181008956 112.084004374111 112.675855468301 110.681046541999 106.551830628339 101.771414700676 96.5866791781257 91.8611840079813 87.4999625262092 83.9168796539307 81.5465501897475 79.8980936162612 -9999 -9999 -9999 -9999 -9999 -9999 -9999 -9999 96.7046765720143 102.057862113504 108.614155937644 116.446578642901 124.214149587295 132.138935089111 135.118945851046 134.774624544031 131.238189697266 124.826376073501 116.393755295697 106.986983243157 95.6210599787095 86.1604113859289 75.8357623605167 67.3384792664472 -9999 -9999 -9999 -9999 -9999 50.3684826738694 53.3875576468075 57.2856973760268 61.4708538616405 65.5385470670812 69.3566905189963 72.8136698778938 75.6060625525082
-9999 -9999 -9999 87.7389045743381 96.1462583962609 103.331522941589 107.897391179029 109.635215310489 108.680951903848 106.289606430951 102.693410424625 98.7378786872415 95.0400883169735 91.5742384405697 88.5835687412935 86.5934191872092 85.8762342789594 85.7292989843032 86.006282974692 -9999 -9999 -9999 -9999 -9999 -9999 104.153180627262 109.091173508588 115.615477842443 123.359631033505 131.08987494076 136.268282273236 140.082287059111 139.354531680836 135.32065447639 128.151276532341 119.229361365823 109.079811993767 96.9933164259967 87.2119694878073 77.668581906487 68.3671800389009 -9999 -9999 -9999 -9999 -9999 52.6122495987836 55.7055491279153 59.3518212262322 63.2228579801672 67.0950628168443 70.7359809314503 73.440136011909 76.0294118769029
-9999 -9999 75.3045865858302 84.1048685803133 92.5156570041881 99.6657002112445 104.674178796656 106.943500630996 107.14046197779 105.431789173799 102.86375505784 99.7829594331629 96.645169987398 93.5739148083855 91.6251833298627 90.3239647360409 89.7872671239516 90.4766529868631 91.4118935080136 92.8022632598877 94.3136816585765 96.3775181489832 98.9341215245864 101.359930375043 104.3683200163 108.76913171656 112.846788406372 118.751046910005 126.29282244514 131.706535788143 135.590345943675 138.571382410386 138.165541929357 134.245327220244 127.341673682718 118.693011115579 108.903439802282 96.8587444529814 86.5016747642966 77.6791195588953 68.9201730279361 -9999 -9999 -9999 -9999 -9999 -9999 58.3551823111141 61.761749828563 65.5491743087769 69.2702343323651 72.3215224322151 74.697387639214 76.5380872277652
-9999 -9999 73.0990110846127 82.2448728084564 90.3091860939475 97.4981052174288 102.85592398924 105.304065199459 105.859239802641 104.831846237183 102.935591529397 100.24687239703 97.2555820240694 94.5872135162354 93.1989729264203 92.3558365316952 92.40782401141 93.1991831835578 94.9972890966079 97.0591508079978 98.9731710097369 101.005723616656 103.111547021305 105.172140794642 106.954752417172 109.454960542567 113.628581327551 117.952667460722 124.251269396614 128.119349984562 130.723839703728 131.886793473188 131.054959465476 128.274680418127 122.403532589183 114.836479411406 103.746350232293 94.8016783770393 85.1763748842127 76.6387251685647 68.4837663313922 61.8950027578017 57.4342805638033 -9999 -9999 -9999 -9999 -9999 64.5166654586792 68.0523794959573 71.3694208930521 74.0416736041798 76.0862978205961 77.7721424663768
-9999 65.0039815341725 73.0672187384437 81.9546715652241 90.1971859370961 97.8202473135556 103.061930151547 105.838180598091 105.731732312371 104.914146872128 102.927993998808 100.393444734461 97.2819550458123 94.8156122319839 93.7265402849983 93.3360301747042 93.6496017680449 94.9015709372128 96.7715326197007 99.0330201317282 101.264861836153 103.119733586031 104.629202225629 106.131561391494 107.422797034768 108.848029080559 111.673817690681 114.505041459027 119.180930866915 121.835281147676 123.209758309757 123.650410147274 122.667763878317 119.46736907959 114.685384862563 108.153358010685 98.8509773927576 90.1356198927935 82.7169844683479 75.6202797609217 69.0040287130019 62.6533460056081 59.3105115329518 57.9244260226979 -9999 -9999 -9999 -9999 -9999 70.6685624964097 73.692710203283 75.8872946009916 77.6430702770458 79.1003198062672
-9999 66.372127736316 74.7881992003497 83.7199603669784 91.9275495865766 99.3828212794136 104.633649938247 107.841053345624 108.683992385864 107.496220083798 104.76090779024 100.196908165427 97.0616540347829 94.6316907546099 93.4587566151339 93.2684733446907 93.8163501515108 95.3883746652042 97.4837902293486 99.7784938812256 101.883755739997 103.482627083273 104.750340573928 105.442661846385 106.019250757554 106.457222882439 107.043949239394 109.287880392636 112.645782807294 114.365554024191 115.125218559714 114.7983528586 113.612996718463 111.305606617647 107.477980221019 100.540896696203 93.875192081227 87.2122056624469 81.039041743559 74.8960415335263 68.8576694376328 63.5400101717781 61.4594124064726 60.731919372783 -9999 -9999 -9999 -9999 70.8352339127484 73.3346327052397 75.8592441783232 77.6414103227503 79.1353011411779 80.5657109653249
-9999 69.3910712354323 78.1656036797692 87.463308951434 95.688016835381 102.827115675982 107.904191746431 110.706731796265 111.267072565415 109.752259759342 106.574864219217 102.447607040405 98.4135674869313 95.2885710772346 93.6568208582261 92.9559824326459 93.6305047203513 95.219612458173 97.2338457668529 99.3480786716237 101.09260671279 102.49055110707 103.322447608499 103.359260110294 103.105563780841 102.898445465985 102.642460654764 102.764311622171 105.574322868796 107.062757155475 107.599428962259 107.177980422974 105.851730234483 103.998589235194 100.055324554443 94.5536410387825 89.9109473508947 84.796334659352 79.3056105445413 73.7706620272468 69.0487219305599 64.8359567417818 63.7712834863102 63.9188849785749 -9999 -9999 -9999 72.4950842015884 75.0335415671854 76.7084624346565 78.6958912120146 80.0255351908067 81.2365857292624 82.3019853760214
66.3162147507948 74.099327395944 83.1671392917633 92.5774348763859 100.731388849371 107.604523041669 112.137954263126 114.458737429451 114.503509409287 112.393732968499 108.824806437773 104.155695298139 99.5527724097757 95.8475094963522 93.8911797018612 93.3112307155833 93.9764397565056 95.3605272629682 96.8698957106646 98.3008961397059 99.7892985624426 100.709980123183 100.995315327364 100.600588405834 99.9338928110459 99.2907186956967 98.6354280359605 98.1500636830049 98.5939047196332 99.1180248260498 99.810977935791 100.253425598145 98.3953395170324 96.3472764632281 93.8699884975658 90.8790996775908 86.9397324954762 82.5558256261489 77.4223941915176 73.2330116945155 69.0673507241642 66.6523450963637 66.49297691794 67.3762415998122 69.2917504030115 72.2440510076635 75.0440396701588 77.5590486806982 79.5833520889282 81.2063657816719 82.4846354933346 83.4100802084979 83.8822773765115 84.5243576274199
72.4111262069029 80.5487710868611 89.4963135579053 98.201100657968 106.464437653037 112.757308455075 116.611676496618 117.9739410176 117.31002033458 114.789507248822 110.853082320269 105.873194975011 100.537190942203 96.5396820517147 94.4657305549173 93.7323611764347 94.382033404182 95.1892931321088 96.2251902187572 97.3253648982328 98.2669136944939 98.5204271428725 98.5374450683594 97.9370495291317 97.1816197002635 96.4260709986967 95.420563249027 94.5243575152229 94.6518882302677 94.3191239974078 94.4105781106388 94.2153524511001 93.828498840332 92.5447075787713 90.4600374558393 87.6619838265812 83.8506210551542 80.4263424031875 76.8292751312256 73.4816288106582 70.2897490894093 69.5057981995975 69.8541426939123 71.4540251002592 74.2939185815699 77.3302365190843 80.3789058853598 82.8490776735194 84.6103964693406 85.6638466049643 86.3650860225453 86.7593998348012 87.0843500249526 86.9744054569918
79.999196361093 88.1454939421485 96.7162015718572 104.893394750707 112.483211180743 117.888866144068 120.675574078279 121.056466607486 119.548009872437 116.382948931526 112.006979549632 106.771024030798 101.545751122867 97.5646199619069 95.2233709447524 94.1507062351002 94.2258577907787 94.7954797183766 95.3140492158778 96.0827468423282 96.6284839966718 96.9578539343441 96.5461525636561 95.9600803711835 95.1887428620282 94.2015799354105 93.1761774736292 92.1669857361737 91.1542843650369 91.4927317675422 91.1635833067052 90.9517008837532 90.4093396803912 89.2520450143253 87.713477527394 85.4282656276927 82.7608570211074 79.8959470636704 77.1660394107594 74.2086248958812 72.8017195533304 72.8190226835363 74.0665232433992 76.5286459081313 79.7067216704874 83.0374045652502 86.0686806790969 88.4883885944591 89.9436998647802 90.5920054211336 90.8052090476541 90.7212703087751 90.4148092830882 90.1098460870631
89.0100800500197 96.3396835607641 104.108584235696 111.705955309026 117.822796400856 122.077274995692 123.970699254204 123.556478949154 121.180847616757 117.404196346507 112.636246512918 107.38182034212 102.388138378368 98.5056965771843 95.5766877567067 94.341563168694 94.0205379934872 94.2497615814209 94.6901636684642 95.1324033737183 95.4961370019352 95.7583955876968 95.6572947221644 95.1162653530345 94.3674902074477 93.1401674607221 92.0303699829999 91.0608369602877 90.0098025378059 89.0259563221651 89.2188412722419 89.1500839345595 88.5554010166841 87.6485961465275 86.5292700599222 84.8519298329073 82.6621777590583 80.7002970751594 78.6279061261345 77.1637296676636 76.5649719799266 77.5321011823766 79.561801068923 82.3703842724071 85.6067117242252 89.1772315081428 92.4490527826197 94.8996642337126 96.2411936872146 96.4969334882848 96.0112094037673 95.2405985663919 94.0845188533559 93.0165435847114
98.3690925135332 104.740326348473 111.517475605011 117.832185464747 122.7440775142 125.602898653816 126.351309103124 125.462025249706 122.503366694731 118.094813178567 113.107626073501 108.012434230131 102.971052842982 99.140126396628 96.3593171063591 94.670768513399 94.0262229021858 93.8516961266013 94.1183330311495 94.6784085105447 95.1635319204891 95.5296316707835 95.8132691102869 95.5945856430951 94.7889141194961 93.5406930025886 92.2658984801349 90.8990147534539 89.9066819022684 88.8649794073666 87.9477427426506 87.6689344854916 88.0308698766372 87.4288254345165 86.7576605852912 85.8872551076552 84.4574142343858 82.6392836851232 81.7719158565297 81.4569140602561 82.0944298856399 83.6629884102765 86.3441620574278 89.3380734499763 92.6165703044218 96.2774487383225 99.6248398668626 102.120830507839 103.221899817972 103.147669736077 101.928330814137 100.316685339984 98.2625009312349 96.2407713216894
108.203307165819 113.247170336106 118.163478444604 122.933507722967 126.366299236522 128.192213226767 128.152908549589 126.379969428567 123.190482195686 118.777377521291 113.677538815667 108.519696628346 103.90081540276 99.8540786294376 96.970282386331 95.2755976284251 94.4229290906121 94.0695648193359 94.2209958469167 94.8064072552849 95.5975142086253 96.4144929998061 96.9492394503425 97.1990383372587 96.4629343257231 95.2631984037511 93.912761295543 92.4007078619564 90.8426279741175 89.9900363473331 89.1542575499591 88.6057213614969 88.2304864210241 88.049568456762 88.1098940793206 87.7001866733327 87.03173048356 86.7232124945697 86.8217834865346 87.5191573535695 88.6149194380816 90.9224734446582 94.2181053722606 97.79823680485 100.948215484619 104.352875933928 107.621457478579 109.787195121541 110.52907074199 109.984764267417 108.132262033575 105.690020308775 103.125007741592 100.4762598767
117.487369572415 120.816512851154 123.711796900805 126.537158657523 128.584627039292 129.337370143217 128.744132715113 126.604896994198 123.362764919505 119.083590227015 114.143338820514 109.166240916533 104.782463298124 101.077698202694 98.3529238981359 96.4888596254237 95.6402185103473 95.4910927940817 95.9436041888069 96.7453248080085 97.6700629066019 98.7894296646118 99.5329649869133 100.090352899888 99.5502882564769 98.3475764779484 97.2030961653766 95.6273345386281 93.8088908475988 92.4444592419793 91.4517707824707 90.9116976681878 90.7542193356682 91.0843161414651 91.4926231047686 91.7659617031322 91.865766805761 92.491960216971 93.6029054697822 94.6708330266616 96.504541425144 99.1861407476313 102.997282631257 106.886513724047 110.327999718049 113.936917950125 116.606535617043 118.184962483013 118.446577997769 117.235829507603 114.765517515295 111.460180114297 108.01040188004 104.581941436319
125.318305106724 126.570980955573 127.593993229025 129.040098582997 129.95045967663 129.607436909395 128.381101047291 126.18544847825 123.081507514505 119.319696314195 114.825837976792 110.463254367604 106.358923968147 103.003088109633 100.568041408763 98.8744608935188 98.3160820007324 98.4213846992044 99.1721787172205 100.313198033501 101.678079156315 103.133388968075 104.134492818047 104.708595275879 104.222790718079 103.055387216456 101.553435325623 99.8083769293392 97.9920858495376 96.4570879655726 95.1682521595674 94.354076609892 94.4518862331615 95.3341514363008 96.1163489397834 96.9918901219088 97.9733677471385 99.4839213034686 101.201105510487 103.012886804693 105.1457231746 108.32632725379 112.292587995529 116.672635218676 120.429126809625 123.20952165828 125.764664874357 126.381760877721 125.727678579443 123.745546887903 120.751663460451 116.692677694208 112.323702349382 108.06826671432
130.581523383365 130.781414214303 130.537693234051 130.552642794216 130.335134646472 129.613475126379 128.083754876081 125.68681083006 122.289995193481 119.036455154419 115.240612478817 111.712219462675 108.527623457067 105.780317867503 103.699733173146 102.309675216675 102.010924395393 102.670489030726 104.03509757098 106.268499486587 108.523586946375 109.94361002305 110.719553049873 111.038674074061 110.522900020375 108.99941444397 107.272965655607 105.321037629071 103.509566307068 101.703622313107 100.302209966323 99.5594208100263 99.6671398387236 100.75416727627 101.693556224599 102.893576902502 104.698448854334 107.197012508617 109.4528223767 111.748241200167 114.409067658817 117.54986633974 121.307173981386 125.770353387384 129.570657982546 131.882802696789 133.894918371649 134.057067492429 132.500449166578 129.350376998677 125.705353189917 121.198544347987 115.978251036476 111.070405258852
134.635676839772 132.550105683944 130.703684722676 129.862907942604 129.024193258847 127.815686225891 126.233959590687 124.286862709943 121.514134350945 118.298920238719 115.644901724423 113.262936199413 111.12790332121 109.345865474028 107.83237064586 107.274305680219 108.278093113619 110.692940094892 113.160419912899 115.476163639742 117.344882740694 118.533584819121 118.839713377111 118.806200476254 117.635881928837 116.150043992435 113.759396721335 111.458232599146 108.936651117661 107.085957302767 105.762759769664 105.546448427088 105.650254642262 106.970040040858 108.451883989222 109.909027941087 112.09831832437 114.59319524204 117.300027258256 120.048999982722 123.012682129355 126.400819357704 130.155751592973 134.108149163863 137.540942009758 139.257944436634 140.369661843075 140.000133304035 137.665555308847 134.152013862834 130.032049298286 124.666747836506 118.884517837973 113.180146764306
