PREC/medie_oi/CUMULATA_MEDIA_05.asc
NCOLS 177 
NROWS 174 
XLLCORNER 1436301.375 
YLLCORNER 4916704.5 
CELLSIZE 1500 
NODATA_value -9999 
[rows 96 to 119 of 174, columns 0 to 53 of 177]
-9999 -9999 -9999 -9999 -9999 -9999 -9999 -9999 -9999 -9999 -9999 -9999 -9999 -9999 -9999 -9999 -9999 -9999 -9999 -9999 -9999 -9999 -9999 -9999 -9999 -9999 -9999 -9999 -9999 -9999 -9999 -9999 25.6978650093079 27.8854461838217 29.8479884792777 31.5705547613256 33.1246210547055 34.5685695199405 35.9717308773714 38.1485770169426 41.4823437017553 45.5438187823576 50.9802917592666 58.2516432369457 67.3802657407873 77.4306423804339 87.2191672886119 95.6692721142488 102.853449204389 106.713438875535 107.186876661637 105.110462497262 101.525307206547 97.1714326634127
-9999 -9999 -9999 -9999 -9999 -9999 -9999 -9999 -9999 -9999 -9999 -9999 -9999 -9999 -9999 -9999 -9999 -9999 -9999 -9999 -9999 -9999 -9999 -9999 -9999 -9999 -9999 -9999 -9999 -9999 -9999 -9999 -9999 26.1424017793992 28.9014068210826 31.4511478648466 33.663485513014 35.6603877965142 37.8939803908853 40.5796871746288 44.2795426705304 48.6234440242543 53.7295177403618 60.3544174362631 68.5432240542244 77.9273431441363 86.9882557251874 94.2919176326078 99.6807152523714 102.056396849015 101.624115971958 98.7045839534086 94.6995265624102 90.5101222991943
-9999 -9999 -9999 -9999 -9999 -9999 -9999 -9999 -9999 -9999 -9999 -9999 -9999 -9999 -9999 -9999 -9999 -9999 -9999 -9999 -9999 -9999 -9999 -9999 -9999 -9999 -9999 -9999 -9999 -9999 -9999 -9999 -9999 26.1250660419464 29.5143658553853 32.9169306895312 36.1220875627854 38.922902023091 41.5803978863884 44.4193843673257 47.9263675072614 52.0748996173634 56.7754975767697 62.3712915813222 69.1433417937335 76.8321492812213 84.1623993200414 90.1286617727841 93.4758345099057 94.7958534745609 93.6461038589478 90.6822977346532 87.000276593601 83.1787429416881
-9999 -9999 -9999 -9999 -9999 -9999 -9999 -9999 -9999 -9999 -9999 -9999 -9999 -9999 -9999 -9999 -9999 -9999 -9999 -9999 -9999 -9999 -9999 -9999 -9999 -9999 -9999 -9999 -9999 -9999 -9999 -9999 -9999 -9999 31.8914082471062 36.2688570303075 40.2932805594276 43.6462145973654 46.5828044274274 49.4226793401382 52.2844784680535 55.9314527792089 59.9602307992823 64.1331094854018 69.1453255485086 74.6166923186358 79.8011225532083 83.8488009957706 85.7676593836616 86.1206744137932 84.4719761399662 82.0810602272258 79.4097541079802 76.9630456812241
-9999 -9999 -9999 -9999 -9999 -9999 -9999 -9999 -9999 -9999 -9999 -9999 -9999 -9999 -9999 -9999 -9999 -9999 -9999 -9999 -9999 -9999 -9999 -9999 -9999 -9999 -9999 -9999 -9999 -9999 16.7731550160576 20.3771720984403 24.8614855233361 30.051305883071 35.6821112071767 41.1495662857504 46.0742291001713 49.9309825616724 52.9364082673017 55.2435566116782 57.2652446522432 59.795820348403 62.6533655839808 65.2493855532478 68.5439628432779 71.8442621511572 74.7259327944587 76.8512531448813 77.6149560142966 77.5695708218743 76.2285572080051 74.4431973765878 72.8293163355659 71.4953399546006
-9999 -9999 -9999 -9999 -9999 -9999 -9999 -9999 -9999 -9999 -9999 -9999 -9999 -9999 -9999 -9999 -9999 -9999 -9999 -9999 -9999 -9999 -9999 -9999 -9999 -9999 -9999 -9999 12.3913409148946 14.7963317772921 18.0194893374163 22.1734999067643 27.4217256798464 33.5850840035607 40.3285844326019 46.9448266870835 52.6985700270709 57.0768175405614 60.0966650177451 61.7842876490425 62.5975166769589 63.3592754251817 65.234188079834 66.5569035866681 67.4906463623047 68.6914058012121 69.7922798325034 70.2046078233158 70.1548023784862 69.7479138234082 68.9604133157169 68.2532625198364 67.7601694920484 67.2324681702782
-9999 -9999 -9999 -9999 -9999 -9999 -9999 -9999 -9999 -9999 -9999 -9999 -9999 -9999 -9999 -9999 -9999 -9999 -9999 -9999 -9999 -9999 9.52523554072661 8.87201208928052 -9999 -9999 -9999 -9999 13.9495737692889 16.4019162093892 19.9182549083934 24.5748246697819 30.5838680267334 37.6737012582667 45.3747856336481 52.9285793725182 59.4113106447108 64.148107584785 66.9839077276342 68.2135596836314 68.1461216982673 67.5834481856402 67.0520472246058 67.0379051320693 66.5501340417301 66.0219691220452 65.4028265335981 64.601355861215 63.8466946377474 63.4362399578094 63.3701222644133 63.4316722785725 63.8426339486066 64.6635900665732
-9999 -9999 -9999 -9999 -9999 -9999 -9999 -9999 -9999 -9999 -9999 -9999 -9999 -9999 -9999 -9999 -9999 -9999 19.6693472511628 15.3938858018202 12.8864120805965 11.5840369462967 10.5175353989882 9.98449649530299 -9999 -9999 -9999 -9999 -9999 18.9508397579193 22.5874071962693 27.5713561282438 34.0686990653767 41.7636107837453 50.0671103842118 58.0939758525175 64.9870345732745 69.8879762256847 72.7519017948824 73.5246270965127 72.596915918238 70.8192525190466 68.7757035423728 66.9001563016106 64.8749771118164 63.5634696623858 61.9811059727388 60.4887556188247 59.2164504948784 58.7430431702558 58.9515517739689 59.6041163837209 61.0039813939263 62.8422229430255
-9999 -9999 -9999 -9999 -9999 -9999 -9999 -9999 -9999 -9999 -9999 -9999 -9999 -9999 -9999 -9999 -9999 -9999 20.4936773426392 16.5275599535774 14.5378518875907 13.0799329982084 12.054455890375 11.6050564190921 11.9461869842866 -9999 -9999 -9999 18.841085097369 21.9854965350207 26.0874688204597 31.0078720345217 37.5909764345954 45.3836813534007 53.7339247254764 61.7034583372228 68.4027732400333 73.4707800921272 76.194848649642 76.3156278834623 75.038616881651 72.8602022844202 70.204261302948 67.1940796235028 64.0505659439984 61.5156347050386 59.0115730902728 57.07146840937 55.8447259173674 55.1663839396308 55.5886589499081 56.9529718511245 59.1384633709403 61.8879852014429
-9999 -9999 -9999 -9999 -9999 -9999 -9999 -9999 -9999 -9999 -9999 -9999 -9999 -9999 -9999 -9999 -9999 -9999 21.5106291911181 18.4405215347514 16.3105117573458 14.8474137642804 14.0759820517372 14.1620653446983 14.8060897518607 15.8710725447711 -9999 -9999 22.5793416640338 25.751307515537 29.836546757642 34.8430325003231 40.6083286229302 47.8880639637218 55.5353112220764 62.7126148448271 69.1727962774389 73.9224589291741 76.1653614885667 76.4664894552792 75.4681647244622 73.510004716761 70.9002384017496 67.1353874206543 63.9529640814837 60.8099333819221 57.7505954293644 55.3626142950619 54.0048204029308 53.6253212479984 54.3012393222136 56.0589060222401 58.4414288296419 61.5712407476762
-9999 -9999 -9999 -9999 -9999 -9999 -9999 -9999 -9999 -9999 -9999 -9999 -9999 -9999 -9999 -9999 -9999 27.1527791514116 22.9209234854754 20.3024839934181 18.5423498995164 17.2596228262957 16.9486819996553 17.5803551814135 18.6936313124264 20.1498641406789 -9999 24.0137052536011 27.2941514183493 30.3230223936193 33.9516697490916 38.4199761783375 43.3854789172902 49.016975739423 55.3080672656789 61.2336537136751 66.856827287113 70.9642175506143 73.2155286564547 74.0742402918198 73.7513449332293 72.5490266856025 70.462649008807 67.0387560620027 63.8342539562898 60.5135496083428 57.2025887264925 55.0963195632486 53.8713977196637 53.5272160698386 54.5925860124476 56.2307509254007 58.7816496736863 61.8141054546132
-9999 -9999 -9999 -9999 -9999 -9999 -9999 -9999 -9999 -9999 -9999 -9999 -9999 -9999 -9999 -9999 -9999 27.8920360873727 24.5433357533287 22.5399858390584 21.3145207236795 20.3631324908313 20.8629739705254 22.2285525237813 23.9793469204622 26.0583499459659 28.0528164050158 29.9954433300916 32.3620131436516 35.5969684264239 38.3171920776367 41.5881575416116 45.3618131525376 49.0353522581213 53.4621001411887 57.873631477356 62.3792855038362 65.6808586120605 67.9102729629068 69.3474180558149 70.0061409894158 69.7867435848012 68.0096452376422 65.815781845766 62.9614370009478 60.1826300060048 57.6310943154728 55.7133640401504 54.7656711129581 54.7167717428768 55.9729825188132 57.7416523484623 60.0996226703419 62.6561573112712
-9999 -9999 -9999 -9999 -9999 -9999 -9999 -9999 -9999 -9999 -9999 -9999 -9999 -9999 -9999 -9999 -9999 28.5324051239911 26.5476069590625 25.2465779500849 23.8847642085131 24.6193275311414 25.9416453978595 28.0422542515923 30.7396362388835 33.4670576207778 35.735493295333 37.4395207517287 38.8691021694857 40.2839356871212 42.6592933149899 44.3221678172841 46.3495865429149 48.4772800838246 50.6529105971841 53.5174008537741 56.555312353022 59.0296503515805 61.1103571723489 62.9429883395924 64.3772978782654 65.0607586608213 64.0278919724857 63.0386372734519 61.5716411366182 59.5756474102245 57.8759390326107 56.7656221950755 56.4243520287906 56.8830228693345 58.0117078949423 60.6285316523384 62.3681658015532 64.2052773307352
-9999 -9999 -9999 -9999 -9999 -9999 -9999 -9999 -9999 -9999 -9999 -9999 -9999 -9999 -9999 -9999 -9999 -9999 28.8951295544119 27.4821682958042 28.0742849602419 29.6844824342167 31.7853110257317 34.9901420509114 38.5847583378062 41.8640839352327 44.3369117063635 45.622668799232 45.999475591323 45.8824523476993 45.7211007230422 46.2129881241742 46.59008547839 46.8824040188509 47.4734049684861 48.5921119802138 50.2886318318984 51.9431790464065 53.6818152034984 55.5687380959006 57.4111182549421 57.8785465745365 58.8667839414933 59.343850219951 59.163779889836 58.5574067901163 58.3170556881849 58.3122384548187 59.3572714749505 60.0499834453358 61.1511040014379 63.5908920063692 65.5263451127445 66.6079714999479
-9999 -9999 -9999 -9999 -9999 -9999 -9999 -9999 -9999 -9999 -9999 -9999 -9999 -9999 -9999 -9999 -9999 -9999 31.1790228451 31.4690855811624 32.940138241824 35.2397520261652 38.3572125294629 42.4451987603131 46.7859377580531 50.4941988271825 52.8246036136852 53.5154639131883 52.7111655123094 51.089926887961 48.8200999428244 47.0876181265887 45.8966513802023 44.946429308723 43.9933428483851 43.7873327872332 44.4380406491897 45.1690204564263 46.2374778915854 47.6540616259855 48.9354783366708 50.9770803030799 52.9092926838819 54.4171988823835 55.5452266300426 56.8796604240642 58.1050001452951 60.1696337391348 61.812008969924 63.1483603084789 64.9220151059768 66.5463320507723 68.1239199638367 68.4345212543712
-9999 -9999 -9999 -9999 -9999 -9999 -9999 -9999 -9999 -9999 -9999 -9999 -9999 -9999 -9999 -9999 -9999 -9999 35.14419576701 36.3639365364523 38.193717956543 41.3007027962629 45.1204558540793 49.6058122971479 54.2853429457721 58.0290911898893 60.0089672593509 59.8523974979625 58.0247952236849 55.0131987683913 51.2808714754441 47.715052688823 44.9953620293561 42.6487955486073 40.1795229350819 39.0141346033882 38.967904399423 38.6386616089765 39.1804103570826 40.2007115307976 41.9599908520194 44.0128145498388 46.4560954290278 48.6589782518499 51.4762331177207 54.169476256651 57.8099550219143 60.8730853024651 63.5383875229779 65.8794552718892 68.2600145900951 69.7080769398633 69.839755857692 69.1538407662336
-9999 -9999 -9999 -9999 -9999 -9999 -9999 -9999 -9999 -9999 -9999 -9999 -9999 -9999 -9999 -9999 -9999 -9999 39.6611739747664 42.0401104758768 44.5858484436484 47.5280208868139 51.468365725349 55.7757301330566 60.0528967801262 63.326996270348 64.7090773862951 63.875248151667 61.2336305730483 57.197453807382 52.7043199258692 48.2215824127197 44.1179447735057 40.7803069423227 37.6729871525484 35.5416479110718 34.4312774574055 33.889542018666 33.6299454745124 34.3284932304831 35.7852328665116 37.7476663028493 40.1377656459808 43.4418270728167 46.8864202359143 51.6256746544557 56.0965066376854 60.4373409607831 64.1454697636997 67.8833811002619 70.5435306745417 71.5743401892045 70.7949412850773 68.2345275317921
-9999 -9999 -9999 -9999 -9999 -9999 -9999 -9999 -9999 -9999 -9999 -9999 -9999 -9999 -9999 -9999 -9999 -9999 45.1539794136496 48.1297860145569 50.6719130628249 53.6323300810421 56.7263959996841 60.1634612363927 63.5421735819648 65.9068647833432 66.5962055430693 65.2800115697524 62.2465885947732 58.0036337515887 53.3427569445442 48.5061779863694 43.974973005407 39.7065452267142 36.1187316389645 33.4708724723143 31.3402319655699 30.2297221492319 29.670634578256 29.8345894673291 30.618397768806 32.2260523543638 34.8281121814952 38.3353651832132 42.5035868953256 48.0347438559813 53.5023728538962 58.4904298782349 63.4349975445691 67.9327091048746 70.7809899554533 71.3747799116022 69.5648330099442 65.8344107515672
-9999 -9999 -9999 -9999 -9999 -9999 -9999 -9999 -9999 -9999 -9999 -9999 -9999 -9999 -9999 -9999 -9999 -9999 -9999 54.377032476313 56.3800756791059 58.374694964465 60.5669222158544 62.1810349857106 64.3920545017018 65.7908046666314 65.8310104818905 64.3975107810077 61.7781797296861 58.0618783165427 53.5048223383286 48.6540656089783 43.9189521144418 39.2106184819165 35.0737470879274 31.839522894691 29.2598047536962 27.7573782275705 26.7528554551742 26.3276170562295 26.8593537106233 28.1741786423851 30.5773338710561 34.0077981107375 38.4188395948971 44.1424270096947 49.6309905052185 55.3651584456949 61.3071177146014 66.0737379088121 68.7368733602412 68.7247846126556 66.0824249351726 61.396771178526
-9999 -9999 -9999 -9999 -9999 -9999 -9999 -9999 -9999 -9999 -9999 -9999 -9999 -9999 -9999 -9999 -9999 -9999 -9999 59.3553498071783 61.0429717091953 61.5721193201402 62.0901314511019 62.4740765795988 62.7357151648578 63.1312968310188 62.7394146358266 61.8320136070251 59.9098944664001 56.7818499452928 52.9449628661661 48.6447394875919 44.1032168444465 39.1418877489427 34.8712251887602 31.1950144347023 28.155636661193 26.0123869671541 24.7901191711426 24.2213145845077 24.2660257395576 25.2941377864164 27.3347697398242 30.3839545670678 34.4272254775552 39.6653854426216 45.3769123133491 51.4965671721627 57.4075859925326 61.9166516205844 64.0755040084615 63.4303822657641 60.1541842713075 54.9813100870918
-9999 -9999 -9999 -9999 -9999 -9999 -9999 -9999 -9999 -9999 -9999 -9999 -9999 -9999 -9999 -9999 -9999 -9999 -9999 63.4177221129922 63.6019463959862 62.7320005753461 61.5170951450572 60.5980859644273 59.3109786089729 58.9164017228519 58.6647145046907 58.3032224038068 56.9849281311035 54.9520814839531 52.1857916046591 48.7451489111956 44.2339265066035 39.7483115196228 35.3650459541994 31.457865448559 28.1243098202874 25.425767772338 23.6415975234088 22.6411363657783 22.4267120221082 23.1449313584496 24.7244790722342 27.1275326223934 30.8979764545665 35.8725591968088 41.1273864718044 46.7939080701155 52.0389127030092 55.793195514118 57.2463794245439 56.0529431034537 52.4851609819076 47.3112106603735
-9999 -9999 -9999 -9999 -9999 -9999 -9999 -9999 -9999 -9999 -9999 -9999 -9999 -9999 -9999 -9999 -9999 -9999 -9999 65.1458312904134 63.2431684381822 61.1538111602559 58.9009628295898 56.7927592501921 54.8581829912522 53.8317335633671 54.1025925524095 53.9936179273269 53.6509208959692 52.8411846441381 51.2997988392325 48.2586338660296 44.7354951045092 40.5993251660291 36.293141449199 32.2175692670486 28.6041041963241 25.5849383298089 23.4415546164793 22.2117112103631 21.604855186799 21.8450457068051 23.1062100354363 25.1714013183818 28.1595871308271 32.4871485934538 37.0255456812242 41.6810086544822 45.8317745222765 48.5676185874378 49.242483700023 47.6478449106216 44.1049263196833 39.333570284002
-9999 -9999 -9999 -9999 -9999 -9999 -9999 -9999 -9999 -9999 -9999 -9999 -9999 -9999 -9999 -9999 -9999 -9999 -9999 -9999 60.717374493094 57.2553271546083 53.7310588780571 51.4818263614879 49.9148208113278 48.8399933646707 49.0238023785984 49.526031999027 50.1530163708855 50.222278174232 49.2399227899664 47.7269465502571 45.4311506046968 42.0348380733939 37.9560626254362 33.9190721792333 30.0000188350677 26.7549591485192 26.019224321141 24.3275914472692 23.4057498539195 21.5632931765388 22.3917503777672 23.9330336065853 26.1652914776522 29.6073920306037 33.1586498302572 36.6434023029664 39.5575103058534 41.2158205789678 41.1671326791539 39.3335833900115 36.0442195499645 31.8979219969581
-9999 -9999 -9999 -9999 -9999 -9999 -9999 -9999 -9999 -9999 -9999 -9999 -9999 -9999 -9999 -9999 -9999 -9999 -9999 -9999 -9999 51.870762684766 48.1610907666823 45.3044714647181 43.5553718454698 43.1137432631324 43.3686306055854 44.3417713782367 45.8354762441972 47.1375233986798 47.7645193268271 47.6571655413684 46.2159939232995 43.4553430921891 39.7850064810585 35.9378718418234 34.3276195666369 31.0319697576411 28.3615150381537 26.3438287622788 24.9342389948228 24.1625755394206 24.0663261413574 23.3573672210469 24.9379136281855 26.9683213935179 29.7665604703567 32.0648384725346 33.8589993855532 34.5413529872894 33.9039530964459 31.9682944031323 29.0325739173328 25.5637539765414
