indici/fabbisogno10.asc
NCOLS 177 
NROWS 174 
XLLCORNER 1436301.375 
YLLCORNER 4916704.5 
CELLSIZE 1500 
NODATA_value -9999 
[rows 120 to 139 of 174, columns 88 to 131 of 177]
-94.8687057495117 -95.3395614624023 -95.5688400268555 -95.843635559082 -96.130241394043 -96.2234039306641 -96.2810363769531 -96.2839126586914 -95.75 -95.0122604370117 -94.1878890991211 -92.8988647460938 -90.9864730834961 -89.160758972168 -87.4711990356445 -86.5709457397461 -85.6914138793945 -84.8351669311523 -84.7192993164062 -84.7732467651367 -84.8242721557617 -84.8987274169922 -84.9958724975586 -85.1026916503906 -85.2223205566406 -85.3902359008789 -85.5716705322266 -85.7639694213867 -85.8902435302734 -86.0101623535156 -86.14453125 -86.1038970947266 -85.9379043579102 -85.8223571777344 -85.5760498046875 -84.9895172119141 -84.4621963500977 -83.9733734130859 -83.5124053955078 -83.0479507446289 -82.5632553100586 -82.2979431152344 -82.1457977294922 -81.953727722168
-94.3248443603516 -94.7619323730469 -94.931396484375 -95.1423492431641 -95.3648147583008 -95.3224563598633 -95.24658203125 -95.1166305541992 -94.5485763549805 -93.8058319091797 -93.0056457519531 -91.8607635498047 -90.2283401489258 -88.6662292480469 -87.2066879272461 -86.3978805541992 -85.6048812866211 -84.8304214477539 -84.6861114501953 -84.7013549804688 -84.7181930541992 -84.7527542114258 -84.8055725097656 -84.8673324584961 -84.9383239746094 -85.0464401245117 -85.166618347168 -85.29736328125 -85.3122329711914 -85.3174438476562 -85.3571319580078 -85.2363967895508 -84.9920501708984 -84.8010635375977 -84.5739898681641 -84.2420806884766 -83.9417495727539 -83.6644287109375 -83.4358978271484 -83.2034378051758 -82.9442672729492 -82.8328018188477 -82.8050231933594 -82.7406387329102
-93.7741317749023 -94.1856460571289 -94.3030395507812 -94.4571838378906 -94.6238174438477 -94.4528045654297 -94.2470245361328 -93.9818420410156 -93.3739852905273 -92.6217803955078 -91.8237762451172 -90.7934417724609 -89.4174194335938 -88.1139297485352 -86.8900985717773 -86.1737670898438 -85.4718627929688 -84.7878646850586 -84.6277236938477 -84.6124954223633 -84.5975112915039 -84.5949172973633 -84.6059417724609 -84.62451171875 -84.6489868164062 -84.6989059448242 -84.7610244750977 -84.834716796875 -84.7445526123047 -84.635498046875 -84.5706939697266 -84.3598403930664 -84.0281295776367 -83.7410430908203 -83.4998397827148 -83.4025955200195 -83.3195648193359 -83.2484817504883 -83.2466354370117 -83.2463989257812 -83.2239074707031 -83.2811660766602 -83.3876876831055 -83.4626235961914
-93.2199859619141 -93.607063293457 -93.672004699707 -93.7675094604492 -93.8765869140625 -93.5816345214844 -93.2509689331055 -92.85498046875 -92.2148971557617 -91.4682159423828 -90.6867980957031 -89.7734146118164 -88.6501235961914 -87.6045532226562 -86.6225967407227 -86.018684387207 -85.4301528930664 -84.861083984375 -84.7116394042969 -84.6892318725586 -84.6668243408203 -84.6420364379883 -84.6122436523438 -84.5877075195312 -84.5641708374023 -84.5459060668945 -84.5383605957031 -84.5418319702148 -84.3220977783203 -84.0668258666992 -83.8630905151367 -83.5373992919922 -83.1044616699219 -82.7065887451172 -82.4080581665039 -82.4588775634766 -82.5017623901367 -82.5383987426758 -82.7802352905273 -83.0439529418945 -83.2926406860352 -83.5472717285156 -83.8057327270508 -84.0387802124023
-92.6486663818359 -92.9600448608398 -92.9326858520508 -92.9308776855469 -92.9418563842773 -92.5810394287109 -92.1790924072266 -91.7042465209961 -91.1107559204102 -90.4635848999023 -89.7900466918945 -89.0338363647461 -88.1384506225586 -87.3262710571289 -86.5712585449219 -86.1273880004883 -85.6979141235352 -85.2873611450195 -85.1848068237305 -85.1830673217773 -85.1793365478516 -85.1339492797852 -85.0338287353516 -84.9375 -84.8369369506836 -84.7098999023438 -84.5936431884766 -84.4894866943359 -84.0917587280273 -83.6384201049805 -83.2471694946289 -82.7731018066406 -82.2214584350586 -81.6967697143555 -81.3044357299805 -81.4357376098633 -81.5439682006836 -81.6327056884766 -82.1367645263672 -82.69580078125 -83.2448654174805 -83.7234954833984 -84.1508865356445 -84.5578842163086
-92.0986022949219 -92.336067199707 -92.217903137207 -92.1206283569336 -92.0342788696289 -91.6099090576172 -91.1387634277344 -90.5867004394531 -90.0369644165039 -89.4907760620117 -88.9296722412109 -88.3321914672852 -87.6696395874023 -87.0907974243164 -86.5629272460938 -86.2770080566406 -86.0031280517578 -85.7454071044922 -85.6878814697266 -85.7010650634766 -85.7152938842773 -85.6513442993164 -85.480110168457 -85.3179244995117 -85.1497573852539 -84.9225311279297 -84.7052001953125 -84.499870300293 -83.9340286254883 -83.2866134643555 -82.6971435546875 -82.0609588623047 -81.378776550293 -80.7132797241211 -80.2039794921875 -80.399658203125 -80.5734710693359 -80.7280426025391 -81.499137878418 -82.3678817749023 -83.2321243286133 -83.9542465209961 -84.5631484985352 -85.1512832641602
-91.5836334228516 -91.7483215332031 -91.5400848388672 -91.3483657836914 -91.1655960083008 -90.6778030395508 -90.1382827758789 -89.5091247558594 -88.9987030029297 -88.553108215332 -88.1072616577148 -87.6678771972656 -87.2404861450195 -86.8926849365234 -86.5900573730469 -86.4581832885742 -86.3353958129883 -86.2246475219727 -86.2107696533203 -86.2338714599609 -86.2646636962891 -86.1836166381836 -85.9400177001953 -85.713005065918 -85.4828186035156 -85.1606140136719 -84.8483123779297 -84.5487365722656 -83.8347549438477 -83.0168914794922 -82.2542953491211 -81.4787750244141 -80.6887054443359 -79.9085464477539 -79.2956008911133 -79.5333404541016 -79.7463073730469 -79.935188293457 -80.8824920654297 -81.9580993652344 -83.0204925537109 -83.8978576660156 -84.6190338134766 -85.3129196166992
-91.2659225463867 -91.4067230224609 -91.1547470092773 -90.9164962768555 -90.6865386962891 -90.2135620117188 -89.6886520385742 -89.0676803588867 -88.6239166259766 -88.2798690795898 -87.9501800537109 -87.6289443969727 -87.3214645385742 -87.0856704711914 -86.8882675170898 -86.8302993774414 -86.7760009765625 -86.726692199707 -86.6814193725586 -86.6363906860352 -86.6034088134766 -86.4915313720703 -86.2617568969727 -86.0599212646484 -85.853889465332 -85.4838638305664 -85.1221618652344 -84.7720718383789 -84.0302429199219 -83.1771392822266 -82.370491027832 -81.543571472168 -80.6924209594727 -79.8419723510742 -79.1327133178711 -79.2644500732422 -79.3745498657227 -79.4622497558594 -80.343864440918 -81.3834762573242 -82.4153137207031 -83.3044509887695 -84.0632781982422 -84.7945327758789
-91.0316619873047 -91.1633453369141 -90.8785552978516 -90.6029586791992 -90.3329162597656 -89.8872528076172 -89.3906173706055 -88.7941589355469 -88.4155960083008 -88.1664276123047 -87.9432678222656 -87.7242050170898 -87.5087738037109 -87.3579559326172 -87.2415466308594 -87.2419204711914 -87.2441711425781 -87.2487182617188 -87.171760559082 -87.057243347168 -86.9607925415039 -86.8196258544922 -86.6083984375 -86.4301834106445 -86.2480850219727 -85.8271942138672 -85.4134826660156 -85.0109329223633 -84.2384719848633 -83.3483657836914 -82.4975738525391 -81.6197204589844 -80.7073364257812 -79.7861709594727 -78.9807662963867 -79.0053024291992 -79.012939453125 -79.0022735595703 -79.8186645507812 -80.8250274658203 -81.828857421875 -82.7296752929688 -83.5289611816406 -84.302864074707
-90.8045043945312 -90.9072723388672 -90.5698547363281 -90.2379608154297 -89.9094009399414 -89.4714813232422 -89.002067565918 -88.4712448120117 -88.1961441040039 -88.0806884765625 -87.9806442260742 -87.8797073364258 -87.7713088989258 -87.7052383422852 -87.6628112792969 -87.712532043457 -87.7664794921875 -87.8258895874023 -87.7218551635742 -87.5384674072266 -87.3764953613281 -87.2014465332031 -87.006706237793 -86.8454437255859 -86.6818695068359 -86.2025375366211 -85.7306442260742 -85.2712249755859 -84.4633178710938 -83.5327758789062 -82.6369171142578 -81.7078552246094 -80.7333984375 -79.7405548095703 -78.8388137817383 -78.7547836303711 -78.6596603393555 -78.5521926879883 -79.3022384643555 -80.2762298583984 -81.2526931762695 -82.1615676879883 -82.9960708618164 -83.8042068481445
-90.9373321533203 -91.0222625732422 -90.6693496704102 -90.320198059082 -89.9738388061523 -89.5793533325195 -89.1742324829102 -88.7490692138672 -88.5757904052734 -88.5657272338867 -88.5586242675781 -88.5359802246094 -88.4728088378906 -88.4267959594727 -88.3895645141602 -88.3809967041016 -88.3721618652344 -88.3660659790039 -88.2064590454102 -87.9695205688477 -87.7582702636719 -87.5420684814453 -87.3172225952148 -87.1240310668945 -86.9343566894531 -86.4640045166016 -86.0045852661133 -85.5624084472656 -84.7202987670898 -83.7211151123047 -82.75048828125 -81.7326049804688 -80.6452713012695 -79.5282440185547 -78.4863662719727 -78.3536987304688 -78.2180252075195 -78.0791397094727 -78.7582092285156 -79.6763000488281 -80.6011505126953 -81.4609985351562 -82.2442398071289 -83.0038833618164
-91.6842041015625 -91.7397689819336 -91.4013366699219 -91.0632705688477 -90.7255096435547 -90.3905563354492 -90.0636901855469 -89.7578430175781 -89.6512832641602 -89.6806030273438 -89.7028503417969 -89.6908340454102 -89.5887680053711 -89.4833908081055 -89.3749160766602 -89.210563659668 -89.0445022583008 -88.8846435546875 -88.6477890014648 -88.3698043823242 -88.120475769043 -87.8618850708008 -87.5848846435547 -87.3417358398438 -87.1098709106445 -86.6832885742188 -86.2672805786133 -85.8691253662109 -84.9957580566406 -83.9184417724609 -82.8642501831055 -81.7492218017578 -80.5383529663086 -79.2913513183594 -78.1045837402344 -77.9367752075195 -77.7706909179688 -77.6078491210938 -78.2180557250977 -79.0804748535156 -79.9551849365234 -80.7675018310547 -81.5002059936523 -82.2119750976562
-92.5158767700195 -92.5324935913086 -92.2000732421875 -91.8810043334961 -91.5733108520508 -91.318717956543 -91.0805435180664 -90.8705749511719 -90.8085403442383 -90.8522567749023 -90.8865203857422 -90.8694305419922 -90.7104263305664 -90.5495300292969 -90.3870620727539 -90.0872268676758 -89.7829895019531 -89.4910202026367 -89.1958618164062 -88.8999786376953 -88.6175079345703 -88.3218078613281 -87.9976196289062 -87.6969375610352 -87.4072799682617 -87.0121917724609 -86.6252212524414 -86.2526550292969 -85.3343734741211 -84.1620101928711 -83.0091934204102 -81.7839508056641 -80.4356842041016 -79.0576934814453 -77.7258377075195 -77.5261535644531 -77.3313827514648 -77.1451263427734 -77.6882629394531 -78.4952545166016 -79.3203353881836 -80.0856170654297 -80.768196105957 -81.4323120117188
-93.4183044433594 -93.4014205932617 -93.0791091918945 -92.7881164550781 -92.5240097045898 -92.3532409667969 -92.2009506225586 -92.0711364746094 -92.0394134521484 -92.0808181762695 -92.1104583740234 -92.0765228271484 -91.8615951538086 -91.6504821777344 -91.4418411254883 -91.0290603637695 -90.6089782714844 -90.2092361450195 -89.8608245849609 -89.5436706542969 -89.2229614257812 -88.8952331542969 -88.5559844970703 -88.2350006103516 -87.9245071411133 -87.5699005126953 -87.2203979492188 -86.8816528320312 -85.8908004760742 -84.5677337646484 -83.255500793457 -81.8684310913086 -80.3503646850586 -78.8061981201172 -77.2906341552734 -77.0979919433594 -76.915901184082 -76.7507629394531 -77.2504653930664 -78.0151901245117 -78.8047256469727 -79.5310668945312 -80.1614227294922 -80.7753829956055
-95.2213897705078 -95.1958770751953 -94.8422927856445 -94.5377349853516 -94.27685546875 -94.0774078369141 -93.8919448852539 -93.7259750366211 -93.6239624023438 -93.5717315673828 -93.5079574584961 -93.3952407836914 -93.1352310180664 -92.8840408325195 -92.6391525268555 -92.1667633056641 -91.6833267211914 -91.2262878417969 -90.8237991333008 -90.4567718505859 -90.0706100463867 -89.7065353393555 -89.4051132202148 -89.1142044067383 -88.8298492431641 -88.5026550292969 -88.1777572631836 -87.8597946166992 -86.7380218505859 -85.1763534545898 -83.6214065551758 -82.0075378417969 -80.2841567993164 -78.5405120849609 -76.8051376342773 -76.6539993286133 -76.5159378051758 -76.4007415771484 -76.8703994750977 -77.5957565307617 -78.352180480957 -79.0393524169922 -79.6119537353516 -80.1700744628906
-97.0508575439453 -97.0228118896484 -96.6438674926758 -96.3259201049805 -96.0642929077148 -95.8327484130859 -95.6097564697266 -95.4031143188477 -95.2274551391602 -95.076530456543 -94.9242858886719 -94.7380676269531 -94.4398727416992 -94.1566619873047 -93.8850402832031 -93.3638610839844 -92.824333190918 -92.3085479736328 -91.8501510620117 -91.4315338134766 -90.9826354980469 -90.58154296875 -90.3205642700195 -90.0614852905273 -89.8037948608398 -89.5044937133789 -89.2020416259766 -88.8952865600586 -87.6415100097656 -85.8309783935547 -84.0272903442383 -82.1791076660156 -80.2439422607422 -78.3008880615234 -76.3504638671875 -76.2356185913086 -76.1455688476562 -76.0845031738281 -76.5319519042969 -77.2221527099609 -77.9447937011719 -78.5923538208008 -79.1047897338867 -79.5994033813477
-98.9249267578125 -98.9019088745117 -98.5043792724609 -98.17138671875 -97.9007263183594 -97.6299133300781 -97.3618316650391 -97.1073989868164 -96.8527145385742 -96.596565246582 -96.3599014282227 -96.1045227050781 -95.7733993530273 -95.4637145996094 -95.171516418457 -94.6080322265625 -94.0156784057617 -93.4372787475586 -92.919059753418 -92.4452514648438 -91.9328994750977 -91.4905700683594 -91.2689666748047 -91.0430755615234 -90.8098449707031 -90.5306243896484 -90.2369842529297 -89.9195938110352 -88.5377655029297 -86.492301940918 -84.4627838134766 -82.4081802368164 -80.2939834594727 -78.1915664672852 -76.0959243774414 -76.0099029541016 -75.9914855957031 -76.0097351074219 -76.439453125 -77.0790405273438 -77.7479553222656 -78.3438262939453 -78.8022766113281 -79.2393035888672
-100.124572753906 -100.198371887207 -99.9317092895508 -99.7376708984375 -99.6171264648438 -99.3477783203125 -99.051513671875 -98.7666473388672 -98.4077224731445 -97.9767761230469 -97.5832824707031 -97.1992797851562 -96.8403472900391 -96.5091781616211 -96.2019653320312 -95.6856918334961 -95.1441268920898 -94.609733581543 -94.1379089355469 -93.7158966064453 -93.2507553100586 -92.8251037597656 -92.535270690918 -92.2265396118164 -91.9030532836914 -91.4943008422852 -91.0623321533203 -90.5919418334961 -89.1511611938477 -87.060417175293 -84.9873809814453 -82.8922271728516 -80.7387008666992 -78.609375 -76.4951019287109 -76.4445266723633 -76.5056381225586 -76.6099472045898 -76.9690551757812 -77.4677734375 -77.9956130981445 -78.4756851196289 -78.8586120605469 -79.2172393798828
-101.035743713379 -101.255332946777 -101.1875 -101.195953369141 -101.285331726074 -101.038246154785 -100.722190856934 -100.417610168457 -99.9581451416016 -99.3443069458008 -98.7813110351562 -98.2568206787109 -97.8747787475586 -97.5240097045898 -97.2012786865234 -96.7386169433594 -96.2544555664062 -95.7681121826172 -95.3423233032227 -94.9674987792969 -94.5460739135742 -94.1329956054688 -93.7646942138672 -93.3722457885742 -92.9604721069336 -92.4259338378906 -91.8610076904297 -91.2497329711914 -89.7594833374023 -87.6377639770508 -85.5330810546875 -83.4098129272461 -81.2304077148438 -79.0806503295898 -76.9504928588867 -76.9345092773438 -77.0763549804688 -77.2645874023438 -77.5596313476562 -77.9149551391602 -78.2945709228516 -78.6483306884766 -78.9473037719727 -79.2209014892578
-101.898025512695 -102.255874633789 -102.380935668945 -102.595520019531 -102.909133911133 -102.703765869141 -102.385154724121 -102.096549987793 -101.575401306152 -100.812377929688 -100.073745727539 -99.391731262207 -98.9736785888672 -98.5830154418945 -98.2183151245117 -97.7815246582031 -97.3319244384766 -96.877571105957 -96.4824295043945 -96.1400985717773 -95.7598648071289 -95.3623657226562 -94.9150390625 -94.4438705444336 -93.9524917602539 -93.3019790649414 -92.6155014038086 -91.8838424682617 -90.3597793579102 -88.2252960205078 -86.1022033691406 -83.9625396728516 -81.7682113647461 -79.6013870239258 -77.4541854858398 -77.467903137207 -77.6880645751953 -77.9553833007812 -78.1906890869141 -78.3983917236328 -78.6237106323242 -78.8456268310547 -79.0659790039062 -79.2658309936523
