indici/fabbisogno02.asc
NCOLS 177 
NROWS 174 
XLLCORNER 1436301.375 
YLLCORNER 4916704.5 
CELLSIZE 1500 
NODATA_value -9999 
[rows 140 to 159 of 174, columns 88 to 131 of 177]
-87.9206848144531 -88.9757614135742 -89.665168762207 -90.3576736450195 -91.0533752441406 -91.0220413208008 -90.8151473999023 -90.6120758056641 -89.9734725952148 -88.8604431152344 -87.7458114624023 -86.6792373657227 -85.8729858398438 -85.0629196166992 -84.2489395141602 -83.030403137207 -81.7323303222656 -80.4330902099609 -79.2896118164062 -78.2942276000977 -77.2991409301758 -76.4275665283203 -76.0761337280273 -75.7277679443359 -75.3825225830078 -74.874267578125 -74.3393020629883 -73.8021621704102 -72.8018264770508 -71.4204635620117 -70.040885925293 -68.670524597168 -67.3284683227539 -65.9897918701172 -64.6545562744141 -64.516975402832 -64.5081558227539 -64.4969024658203 -64.381706237793 -64.1897811889648 -63.995044708252 -63.7151107788086 -63.1933479309082 -62.6712837219238
-87.8714828491211 -88.9573364257812 -89.7836074829102 -90.6129760742188 -91.4455337524414 -91.5728149414062 -91.5167846679688 -91.4645843505859 -90.8846130371094 -89.7012176513672 -88.5162124633789 -87.3642044067383 -86.4126434326172 -85.457275390625 -84.4979934692383 -83.2261810302734 -81.8864669799805 -80.5455856323242 -79.3813781738281 -78.3952484130859 -77.4094161987305 -76.5521469116211 -76.295295715332 -76.0414962768555 -75.7908248901367 -75.2425918579102 -74.640869140625 -74.0369720458984 -73.045768737793 -71.7135543823242 -70.3831329345703 -69.0696411132812 -67.8170623779297 -66.5678482055664 -65.3220825195312 -65.1111526489258 -65.0354690551758 -64.9573516845703 -64.7754821777344 -64.5109100341797 -64.243522644043 -63.9125823974609 -63.382453918457 -62.8520164489746
-87.8220291137695 -88.9359130859375 -89.8989791870117 -90.8651428222656 -91.8344955444336 -92.1199951171875 -92.2147674560547 -92.3133544921875 -91.7975234985352 -90.5437927246094 -89.2884521484375 -88.0530319213867 -86.9562377929688 -85.8556365966797 -84.7511215209961 -83.4231491088867 -82.0418090820312 -80.659294128418 -79.4728622436523 -78.4959869384766 -77.5194091796875 -76.6737670898438 -76.5114440917969 -76.352180480957 -76.1960296630859 -75.6131286621094 -74.9446716308594 -74.2740478515625 -73.2880020141602 -72.0049133300781 -70.7236175537109 -69.4655380249023 -68.3023834228516 -67.1426010131836 -65.9862518310547 -65.7078552246094 -65.5653457641602 -65.4204025268555 -65.1721115112305 -64.8349227905273 -64.4949188232422 -64.1103973388672 -63.5718955993652 -63.0331001281738
-87.7994689941406 -88.9479522705078 -90.0384902954102 -91.1255798339844 -92.209098815918 -92.6131896972656 -92.8065185546875 -92.9929809570312 -92.5158157348633 -91.2168884277344 -89.9239730834961 -88.6425857543945 -87.4020843505859 -86.1590728759766 -84.9134826660156 -83.5308685302734 -82.1133193969727 -80.6958770751953 -79.4945449829102 -78.538215637207 -77.5837707519531 -76.7547073364258 -76.6529235839844 -76.5510559082031 -76.449104309082 -75.8653411865234 -75.1781921386719 -74.4933624267578 -73.5500793457031 -72.3447265625 -71.1433563232422 -69.9650268554688 -68.8822555541992 -67.8019485473633 -66.7241592407227 -66.3664169311523 -66.136848449707 -65.9033889770508 -65.5990753173828 -65.2318725585938 -64.864501953125 -64.4674606323242 -63.9486198425293 -63.4309158325195
-88.4732818603516 -89.6784973144531 -90.6090316772461 -91.5361099243164 -92.4596328735352 -92.6231155395508 -92.5361862182617 -92.4424057006836 -91.9266662597656 -90.8652496337891 -89.8098373413086 -88.7304306030273 -87.3973541259766 -86.0617752075195 -84.7236251831055 -83.3270721435547 -81.9146270751953 -80.5022888183594 -79.3255310058594 -78.4320297241211 -77.540412902832 -76.7524261474609 -76.6480102539062 -76.5435180664062 -76.4389343261719 -75.9190063476562 -75.299919128418 -74.6831359863281 -73.8375549316406 -72.7433319091797 -71.6530914306641 -70.5766067504883 -69.5571975708008 -68.5402526855469 -67.5258178710938 -67.0759735107422 -66.7409362792969 -66.4020004272461 -66.0440979003906 -65.6700820922852 -65.2958984375 -64.9006652832031 -64.406867980957 -63.9141998291016
-89.1454849243164 -90.4125595092773 -91.1831588745117 -91.950309753418 -92.7139053344727 -92.6397018432617 -92.2726593017578 -91.8987579345703 -91.3315277099609 -90.5075149536133 -89.6894989013672 -88.8207321166992 -87.3951263427734 -85.9670181274414 -84.5363464355469 -83.1231155395508 -81.7157821655273 -80.3085403442383 -79.1546325683594 -78.3239364624023 -77.4951095581055 -76.7502212524414 -76.643180847168 -76.5360565185547 -76.428840637207 -75.9704132080078 -75.4193496704102 -74.8705978393555 -74.1211853027344 -73.1380462646484 -72.1588821411133 -71.1859130859375 -70.2298355102539 -69.2762222290039 -68.3251037597656 -67.7895202636719 -67.3490524291992 -66.9046936035156 -66.4893798828125 -66.1085586547852 -65.7275695800781 -65.3328552246094 -64.8640823364258 -64.3964385986328
-89.8160858154297 -91.1501235961914 -91.7608642578125 -92.3681640625 -92.9719009399414 -92.6629486083984 -92.0159072875977 -91.3620223999023 -90.7304153442383 -90.143684387207 -89.5629577636719 -88.9134902954102 -87.3954010009766 -85.8748092651367 -84.3516540527344 -82.9190216064453 -81.5167846679688 -80.1146469116211 -78.9818649291992 -78.2139358520508 -77.4478759765625 -76.7481002807617 -76.6384353637695 -76.5313568115234 -76.4235458374023 -76.0253143310547 -75.542350769043 -75.0606307983398 -74.4068374633789 -73.5401229858398 -72.6787261962891 -71.8192596435547 -70.9379959106445 -70.0610580444336 -69.1885223388672 -68.585075378418 -68.0501098632812 -67.5120086669922 -67.0319900512695 -66.6195602416992 -66.2028427124023 -65.7757797241211 -65.3069381713867 -64.8362884521484
-91.7682113647461 -92.8373565673828 -93.2069931030273 -93.5705184936523 -93.9277267456055 -93.4422378540039 -92.6292419433594 -91.8128662109375 -91.0029678344727 -90.2014770507812 -89.3913803100586 -88.5295257568359 -87.057373046875 -85.5872650146484 -84.1192626953125 -82.731330871582 -81.3724136352539 -80.0148239135742 -78.9474258422852 -78.2974014282227 -77.6509780883789 -77.0485534667969 -76.8930130004883 -76.7359161376953 -76.5772399902344 -76.1995849609375 -75.7522506713867 -75.3061599731445 -74.7431488037109 -74.0255737304688 -73.3133087158203 -72.5999603271484 -71.831787109375 -71.0679321289062 -70.3084716796875 -69.6569976806641 -69.0341873168945 -68.4082489013672 -67.8270111083984 -67.3023452758789 -66.7733917236328 -66.2424392700195 -65.7270812988281 -65.2099151611328
-94.2663040161133 -94.9070205688477 -94.9849319458008 -95.0567398071289 -95.1222381591797 -94.4607315063477 -93.4999923706055 -92.5358810424805 -91.5055999755859 -90.3665771484375 -89.2189483642578 -88.0501861572266 -86.6573638916016 -85.2665863037109 -83.8779220581055 -82.5443954467773 -81.2324371337891 -79.9218063354492 -78.9192276000977 -78.3875579833984 -77.859489440918 -77.3564376831055 -77.1500473022461 -76.9421157836914 -76.7325897216797 -76.3726806640625 -75.9609527587891 -75.5504684448242 -75.0743179321289 -74.5058059692383 -73.9426193237305 -73.376594543457 -72.7214584350586 -72.0706405639648 -71.4242095947266 -70.7322387695312 -70.021614074707 -69.3078765869141 -68.6264266967773 -67.9895629882812 -67.3484268188477 -66.7109832763672 -66.1491317749023 -65.5854721069336
-96.7738647460938 -96.9830780029297 -96.7693939208984 -96.5496215820312 -96.3235397338867 -95.4827270507812 -94.3743133544922 -93.2625350952148 -92.016716003418 -90.5403137207031 -89.0553131103516 -87.568733215332 -86.2552108764648 -84.943733215332 -83.6343536376953 -82.3561096191406 -81.0910949707031 -79.8274078369141 -78.8875045776367 -78.4741287231445 -78.0643539428711 -77.6659088134766 -77.4086990356445 -77.1499404907227 -76.8896026611328 -76.5445861816406 -76.16845703125 -75.7935638427734 -75.4003448486328 -74.9808349609375 -74.5666427612305 -74.1491775512695 -73.6070327758789 -73.0691909790039 -72.5357360839844 -71.810791015625 -71.0123977661133 -70.2108993530273 -69.4302215576172 -68.6812286376953 -67.9279556274414 -67.1811676025391 -66.5727767944336 -65.9637451171875
-99.4192733764648 -99.170654296875 -98.6130752563477 -98.0462875366211 -97.4699859619141 -96.3495025634766 -94.9745330810547 -93.5897521972656 -92.0818862915039 -90.3643951416016 -88.6439666748047 -86.9354095458984 -85.7815246582031 -84.6340560913086 -83.4931716918945 -82.3886184692383 -81.3045806884766 -80.2284774780273 -79.4281768798828 -79.0944366455078 -78.7619018554688 -78.4319305419922 -78.1377639770508 -77.8423461914062 -77.5456466674805 -77.163818359375 -76.7445755004883 -76.3225936889648 -75.9155807495117 -75.5374603271484 -75.15966796875 -74.7772445678711 -74.2906265258789 -73.8058929443359 -73.3230819702148 -72.5771560668945 -71.7242202758789 -70.8697738647461 -70.0328674316406 -69.2248229980469 -68.4148101806641 -67.6126327514648 -66.9863739013672 -66.3594818115234
-102.292236328125 -101.536529541016 -100.546684265137 -99.5476379394531 -98.5391082763672 -97.0120620727539 -95.2294387817383 -93.43701171875 -91.6278076171875 -89.8005142211914 -87.9702835083008 -86.1489791870117 -85.2374801635742 -84.3323822021484 -83.4338607788086 -82.5905838012695 -81.7774887084961 -80.9723129272461 -80.348258972168 -80.0469131469727 -79.7467575073242 -79.4469680786133 -79.1062545776367 -78.764289855957 -78.4210510253906 -77.9668807983398 -77.4608840942383 -76.9521408081055 -76.490592956543 -76.1178588867188 -75.7454452514648 -75.3715209960938 -74.9326705932617 -74.4957046508789 -74.0606460571289 -73.3057327270508 -72.409049987793 -71.510856628418 -70.6259613037109 -69.7651596069336 -68.9023971557617 -68.044807434082 -67.4006958007812 -66.7559509277344
-105.176124572754 -103.910888671875 -102.489936828613 -101.05884552002 -99.618278503418 -97.6842956542969 -95.4941864013672 -93.2942962646484 -91.1764755249023 -89.2394332885742 -87.2994613647461 -85.3564758300781 -84.6868896484375 -84.024055480957 -83.3677825927734 -82.7848587036133 -82.2425765991211 -81.7082138061523 -81.2673873901367 -80.998405456543 -80.7306213378906 -80.4634552001953 -80.0762176513672 -79.6877365112305 -79.2979736328125 -78.7728118896484 -78.1800918579102 -77.5846405029297 -77.0654296875 -76.6980667114258 -76.3310317993164 -75.9640884399414 -75.5729827880859 -75.1837539672852 -74.7964401245117 -74.0359573364258 -73.0955429077148 -72.1536254882812 -71.2211074829102 -70.3075714111328 -69.39208984375 -68.4777069091797 -67.8157501220703 -67.1531600952148
-108.033210754395 -106.282981872559 -104.44255065918 -102.596641540527 -100.746726989746 -98.4143829345703 -95.8153533935547 -93.2049179077148 -90.7785186767578 -88.7685928344727 -86.7615356445312 -84.7574157714844 -84.2889785766602 -83.8430862426758 -83.3987731933594 -83.0417785644531 -82.7326889038086 -82.4264831542969 -82.1335525512695 -81.8618774414062 -81.5879135131836 -81.3115921020508 -80.8900527954102 -80.4674377441406 -80.045295715332 -79.4740371704102 -78.8248443603516 -78.1758422851562 -77.6302337646484 -77.3018798828125 -76.9765090942383 -76.6541900634766 -76.3031616210938 -75.9529342651367 -75.6038055419922 -74.8425979614258 -73.8661956787109 -72.8886566162109 -71.911979675293 -70.937370300293 -69.9601287841797 -68.9802017211914 -68.2694091796875 -67.5584106445312
-109.956451416016 -108.419502258301 -106.39769744873 -104.357879638672 -102.314064025879 -99.6141510009766 -96.5360107421875 -93.4464797973633 -90.714225769043 -88.8159484863281 -86.920539855957 -85.0280609130859 -84.5951995849609 -84.2039337158203 -83.8142547607422 -83.5361328125 -83.3224029541016 -83.1115493774414 -82.8593444824219 -82.5067443847656 -82.15185546875 -81.7946166992188 -81.384147644043 -80.9727401733398 -80.5618133544922 -79.9994125366211 -79.3519592285156 -78.7046890258789 -78.1798934936523 -77.9330978393555 -77.6893005371094 -77.4485397338867 -77.1240081787109 -76.7982025146484 -76.4734802246094 -75.710578918457 -74.6994781494141 -73.6872482299805 -72.6647567749023 -71.6194763183594 -70.5715713500977 -69.5209808349609 -68.7421646118164 -67.9689025878906
-111.875152587891 -110.551368713379 -108.357162475586 -106.123527526855 -103.885902404785 -100.825248718262 -97.2682266235352 -93.699821472168 -90.6471328735352 -88.8604507446289 -87.0766372680664 -85.2957534790039 -84.8999557495117 -84.5633010864258 -84.2282180786133 -84.0277938842773 -83.9093704223633 -83.793830871582 -83.5875396728516 -83.1540603637695 -82.7182769775391 -82.280158996582 -81.8778915405273 -81.4776916503906 -81.0779724121094 -80.5247344970703 -79.879020690918 -79.2334823608398 -78.7267456054688 -78.5614852905273 -78.3992156982422 -78.2399749755859 -77.9439697265625 -77.6425704956055 -77.3422546386719 -76.5798645019531 -75.5340805053711 -74.4871673583984 -73.420280456543 -72.3043670654297 -71.1858291625977 -70.0646133422852 -69.2174530029297 -68.3819732666016
-113.789291381836 -112.678588867188 -110.320945739746 -107.893585205078 -105.462226867676 -102.047676086426 -98.0119857788086 -93.9649276733398 -90.5772323608398 -88.902099609375 -87.2298278808594 -85.5604782104492 -85.203239440918 -84.9211654663086 -84.6406631469727 -84.5167541503906 -84.4935989379883 -84.4733276367188 -84.3181457519531 -83.8038024902344 -83.2871780395508 -82.7682113647461 -82.3712768554688 -81.9797439575195 -81.5862808227539 -81.0351486206055 -80.3810729980469 -79.7245635986328 -79.2139434814453 -79.0947113037109 -78.9705123901367 -78.8412322998047 -78.551383972168 -78.2519378662109 -77.9534454345703 -77.1867065429688 -76.1129531860352 -75.0424575805664 -73.9515533447266 -72.7990951538086 -71.6504745483398 -70.5057525634766 -69.6393203735352 -68.7969818115234
-115.906311035156 -114.882423400879 -112.702682495117 -110.454864501953 -108.214584350586 -104.977127075195 -101.088409423828 -97.2076721191406 -93.9009475708008 -92.1338958740234 -90.3625335693359 -88.5867080688477 -88.0565338134766 -87.6095275878906 -87.1564788818359 -86.7239379882812 -86.2975234985352 -85.8576049804688 -85.3382873535156 -84.6260375976562 -83.9076843261719 -83.1830902099609 -82.7233657836914 -82.2833251953125 -81.8418121337891 -81.2318572998047 -80.5044174194336 -79.7745513916016 -79.1637954711914 -78.9028701782227 -78.6369705200195 -78.3660049438477 -78.0941314697266 -77.8233108520508 -77.5534439086914 -76.8639144897461 -75.8771209716797 -74.8935852050781 -73.8938446044922 -72.8384017944336 -71.7867889404297 -70.7390747070312 -69.9592971801758 -69.2091217041016
-118.108505249023 -117.117118835449 -115.234016418457 -113.288780212402 -111.35107421875 -108.431159973145 -104.837448120117 -101.25171661377 -98.0854873657227 -96.1130676269531 -94.136344909668 -92.1551666259766 -91.364143371582 -90.6707534790039 -89.9713363647461 -89.1524200439453 -88.2411117553711 -87.3163223266602 -86.3843154907227 -85.4633331298828 -84.536262512207 -83.6029510498047 -83.0764999389648 -82.5884399414062 -82.0989074707031 -81.4309768676758 -80.6302032470703 -79.827018737793 -79.1185073852539 -78.715950012207 -78.3084335327148 -77.8958435058594 -77.6358489990234 -77.3936462402344 -77.1523818969727 -76.5378570556641 -75.6379852294922 -74.7413558959961 -73.8323593139648 -72.8738861083984 -71.9192352294922 -70.9684829711914 -70.275505065918 -69.6174545288086
-120.310012817383 -119.351112365723 -117.758613586426 -116.115829467773 -114.480560302734 -111.878211975098 -108.579376220703 -105.288513183594 -102.275169372559 -100.097480773926 -97.9154815673828 -95.7290420532227 -94.6783828735352 -93.7387237548828 -92.7930450439453 -91.594612121582 -90.1986312866211 -88.7891845703125 -87.4365386962891 -86.3069229125977 -85.1712188720703 -84.0292892456055 -83.4311447143555 -82.8950881958008 -82.3575668334961 -81.6325073242188 -80.7584457397461 -79.881965637207 -79.0780715942383 -78.5339508056641 -77.9848709106445 -77.4307327270508 -77.1765289306641 -76.9629211425781 -76.7502593994141 -76.2085266113281 -75.3955383300781 -74.5857849121094 -73.76708984375 -72.9055404663086 -72.0478057861328 -71.1907119750977 -70.5694274902344 -69.9882431030273
