indici/fabbisogno02.asc
NCOLS 177 
NROWS 174 
XLLCORNER 1436301.375 
YLLCORNER 4916704.5 
CELLSIZE 1500 
NODATA_value -9999 
[rows 92 to 114 of 174, columns 106 to 158 of 177]
-59.0498580932617 -56.9841194152832 -53.6669311523438 -49.4129524230957 -44.6685676574707 -39.9098777770996 -35.5011024475098 -31.5780239105225 -28.1707630157471 -25.6437320709229 -23.9128112792969 -22.6843528747559 -21.8261470794678 -21.5083827972412 -21.4113540649414 -21.5016708374023 -21.6183376312256 -21.6486396789551 -21.5498008728027 -21.2762050628662 -20.6782741546631 -19.7053260803223 -18.6765804290771 -9999 -9999 -9999 -9999 -9999 -9999 -9999 -9999 -9999 -9999 -9999 -9999 -9999 -9999 -9999 -9999 -9999 -9999 -9999 -9999 -9999 -9999 -9999 -9999 -9999 -9999 -9999 -9999 -9999 -9999
-55.304630279541 -52.2778091430664 -48.3987884521484 -43.9626121520996 -39.4162788391113 -35.0950660705566 -31.2563610076904 -27.9908084869385 -25.2482624053955 -23.4049263000488 -22.2145957946777 -21.4601669311523 -21.1736812591553 -21.25217628479 -21.6863174438477 -22.2821731567383 -22.877534866333 -23.4563388824463 -23.9045314788818 -24.2087574005127 -24.3013172149658 -23.8848438262939 -23.2970066070557 -9999 -9999 -9999 -9999 -9999 -9999 -9999 -9999 -9999 -9999 -9999 -9999 -9999 -9999 -9999 -9999 -9999 -9999 -9999 -9999 -9999 -9999 -9999 -9999 -9999 -9999 -9999 -9999 -9999 -9999
-51.8030471801758 -47.9699554443359 -43.6430206298828 -39.1777877807617 -34.8816719055176 -31.002986907959 -27.7787971496582 -25.1492385864258 -23.1556758880615 -21.9422206878662 -21.1827087402344 -20.7882785797119 -20.9760437011719 -21.7122821807861 -22.7164173126221 -23.8735485076904 -25.1616191864014 -26.598596572876 -27.9762725830078 -29.0450496673584 -29.7476558685303 -30.0096397399902 -29.3404426574707 -9999 -9999 -9999 -9999 -9999 -9999 -9999 -9999 -9999 -9999 -9999 -9999 -9999 -9999 -9999 -9999 -9999 -9999 -9999 -9999 -9999 -9999 -9999 -9999 -9999 -9999 -9999 -9999 -9999 -9999
-49.0071563720703 -44.4745178222656 -39.833194732666 -35.3363227844238 -31.3421936035156 -27.8965511322021 -25.1448345184326 -23.0522575378418 -21.7173004150391 -20.9528141021729 -20.6210670471191 -20.8822250366211 -21.7413558959961 -23.0733604431152 -24.732027053833 -26.7457027435303 -28.937141418457 -31.2577934265137 -33.5331878662109 -35.4720649719238 -37.0157661437988 -37.7686996459961 -37.2790946960449 -9999 -9999 -9999 -9999 -9999 -9999 -9999 -9999 -9999 -9999 -9999 -9999 -9999 -9999 -9999 -9999 -9999 -9999 -9999 -9999 -9999 -9999 -9999 -9999 -9999 -9999 -9999 -9999 -9999 -9999
-46.8268814086914 -41.9681358337402 -37.0745468139648 -32.4118614196777 -28.5369529724121 -25.3960094451904 -23.0606098175049 -21.6584129333496 -20.7511882781982 -20.4167652130127 -20.7232208251953 -21.6077499389648 -23.1769371032715 -25.2623996734619 -27.824577331543 -30.7680015563965 -33.9247055053711 -37.3053855895996 -40.6413421630859 -43.5163612365723 -46.209300994873 -47.5373039245605 -47.0176391601562 -9999 -9999 -9999 -9999 -9999 -9999 -9999 -9999 -9999 -9999 -9999 -9999 -9999 -9999 -9999 -9999 -9999 -9999 -9999 -9999 -9999 -9999 -9999 -9999 -9999 -9999 -9999 -9999 -9999 -9999
-44.938346862793 -39.6956100463867 -34.8315277099609 -30.4624919891357 -26.6865749359131 -23.7052955627441 -21.7967739105225 -20.7609367370605 -20.2282199859619 -20.4591102600098 -21.3156833648682 -22.9285869598389 -25.2536010742188 -28.233325958252 -31.7607345581055 -35.7146797180176 -40.0071334838867 -44.5258522033691 -49.0320320129395 -52.9000701904297 -56.606201171875 -58.4955291748047 -58.0451812744141 -56.1062393188477 -52.3931694030762 -46.9310340881348 -40.3164329528809 -9999 -9999 -9999 -9999 -9999 -9999 -9999 -9999 -9999 -9999 -9999 -9999 -9999 -9999 -9999 -9999 -9999 -9999 -9999 -9999 -9999 -9999 -9999 -9999 -9999 -9999
-43.5414123535156 -38.133846282959 -33.1792869567871 -28.9905128479004 -25.5013427734375 -22.8279075622559 -21.2091751098633 -20.4295082092285 -20.371524810791 -21.0705795288086 -22.5025310516357 -24.8087730407715 -27.9534473419189 -31.8280639648438 -36.3548583984375 -41.384708404541 -46.8591232299805 -52.4463310241699 -58.0595512390137 -62.9576988220215 -67.4445343017578 -69.756721496582 -69.4440612792969 -66.9188919067383 -62.256534576416 -55.5347747802734 -47.4458541870117 -9999 -9999 -9999 -9999 -9999 -9999 -9999 -9999 -9999 -9999 -9999 -9999 -9999 -9999 -9999 -9999 -9999 -9999 -9999 -9999 -9999 -9999 -9999 -9999 -9999 -9999
-42.8441429138184 -37.2154121398926 -32.2380065917969 -28.1413707733154 -25.0055179595947 -22.6757144927979 -21.264123916626 -20.8504734039307 -21.1098194122314 -22.1746425628662 -24.2040901184082 -27.1510467529297 -31.0429935455322 -35.8043022155762 -41.3032455444336 -47.3467216491699 -53.766242980957 -60.3671188354492 -66.7801895141602 -72.546516418457 -77.4399261474609 -79.9417877197266 -79.5854034423828 -76.6442413330078 -70.837646484375 -62.9467887878418 -53.5757446289062 -9999 -9999 -9999 -9999 -9999 -9999 -9999 -9999 -9999 -9999 -9999 -9999 -9999 -9999 -9999 -9999 -9999 -9999 -9999 -9999 -9999 -9999 -9999 -9999 -9999 -9999
-42.6605224609375 -36.9966430664062 -32.0877113342285 -28.1613674163818 -25.2681140899658 -23.1358757019043 -21.9248886108398 -21.7482604980469 -22.2973136901855 -23.8961772918701 -26.326286315918 -29.8313789367676 -34.3816337585449 -39.8943481445312 -46.1635437011719 -52.9868316650391 -60.1157531738281 -67.2683029174805 -74.1518478393555 -80.1789779663086 -85.1174926757812 -87.6610870361328 -87.0084686279297 -83.5256271362305 -77.309440612793 -68.288818359375 -58.0055809020996 -9999 -9999 -9999 -9999 -9999 -9999 -9999 -9999 -9999 -9999 -9999 -9999 -9999 -9999 -9999 -9999 -9999 -9999 -9999 -9999 -9999 -9999 -9999 -9999 -9999 -9999
-42.7867622375488 -37.261775970459 -32.5007095336914 -28.8139457702637 -26.0358104705811 -24.1415596008301 -23.1575317382812 -23.1867790222168 -24.1151542663574 -26.0363731384277 -28.8991622924805 -32.8409042358398 -37.8329811096191 -43.8332405090332 -50.5587882995605 -57.7460327148438 -65.1185455322266 -72.4421920776367 -79.1316604614258 -84.9902954101562 -89.3779983520508 -91.9043426513672 -90.9012908935547 -87.0418319702148 -80.4630966186523 -71.390251159668 -60.6439437866211 -9999 -9999 -9999 -9999 -9999 -9999 -9999 -9999 -9999 -9999 -9999 -9999 -9999 -9999 -9999 -9999 -9999 -9999 -9999 -9999 -9999 -9999 -9999 -9999 -9999 -9999
-42.9249801635742 -37.7676086425781 -33.411979675293 -30.0570011138916 -27.5805320739746 -25.8873748779297 -25.1443309783936 -25.4411220550537 -26.6283531188965 -28.8051605224609 -31.9935150146484 -36.2034301757812 -41.3742980957031 -47.4951095581055 -54.2299385070801 -61.331657409668 -68.351188659668 -75.1322937011719 -81.3183212280273 -86.4164886474609 -90.2137985229492 -92.1787261962891 -91.0759506225586 -87.2600250244141 -80.8506546020508 -71.9842300415039 -9999 -9999 -9999 -9999 -9999 -9999 -9999 -9999 -9999 -9999 -9999 -9999 -9999 -9999 -9999 -9999 -9999 -9999 -9999 -9999 -9999 -9999 -9999 -9999 -9999 -9999 -9999
-43.0200500488281 -38.6369438171387 -34.8265151977539 -31.7883968353271 -29.535327911377 -27.9831886291504 -27.5137462615967 -28.1827049255371 -29.8452453613281 -32.2060585021973 -35.5505065917969 -39.9096794128418 -45.0969314575195 -50.8267402648926 -57.1301193237305 -63.4845275878906 -69.6813812255859 -75.4873428344727 -80.6158599853516 -84.9253234863281 -88.0545120239258 -89.6309127807617 -88.6529769897461 -85.112922668457 -79.0305099487305 -70.8363189697266 -61.191349029541 -9999 -9999 -9999 -9999 -9999 -9999 -9999 -9999 -9999 -9999 -9999 -9999 -9999 -9999 -9999 -9999 -9999 -9999 -9999 -9999 -9999 -9999 -9999 -9999 -9999 -9999
-43.3286781311035 -39.5590515136719 -36.3169212341309 -33.8140449523926 -31.8339443206787 -30.6234912872314 -30.6510124206543 -31.6008586883545 -33.5577735900879 -36.3205871582031 -39.6336441040039 -43.9737358093262 -48.8586540222168 -54.0673446655273 -59.1808471679688 -64.3787460327148 -69.2380905151367 -73.7448959350586 -77.6578674316406 -81.0440826416016 -83.3509750366211 -84.2627182006836 -83.1727752685547 -80.3455352783203 -75.1425933837891 -67.9601364135742 -59.4406242370605 -50.3659400939941 -9999 -9999 -9999 -9999 -9999 -9999 -9999 -9999 -9999 -9999 -9999 -9999 -9999 -9999 -9999 -9999 -9999 -9999 -9999 -9999 -9999 -9999 -9999 -9999 -9999
-43.4096527099609 -40.4432029724121 -38.0138969421387 -36.0848999023438 -34.3123245239258 -34.0788841247559 -34.5546684265137 -35.8431701660156 -37.9699058532715 -41.162654876709 -44.5004463195801 -48.3448905944824 -52.5475120544434 -56.6670036315918 -60.5705947875977 -63.9736709594727 -67.2213516235352 -70.2381591796875 -73.0146102905273 -75.219482421875 -76.8191299438477 -77.2648773193359 -76.4524078369141 -74.1516189575195 -69.9929122924805 -64.3372497558594 -57.3391876220703 -49.5447006225586 -41.7136878967285 -34.5230178833008 -28.0830554962158 -22.5325775146484 -9999 -9999 -9999 -9999 -9999 -9999 -9999 -9999 -9999 -9999 -9999 -9999 -9999 -9999 -9999 -9999 -9999 -9999 -9999 -9999 -9999
-43.491886138916 -41.4655265808105 -39.8542404174805 -38.3168411254883 -37.7131500244141 -38.017894744873 -38.9569206237793 -40.8716926574707 -43.2707901000977 -46.148250579834 -49.3860511779785 -52.5616912841797 -55.8415908813477 -58.7789611816406 -61.1786651611328 -62.9344291687012 -64.2743759155273 -65.7259140014648 -67.1474990844727 -68.3435592651367 -69.1085205078125 -69.5582809448242 -69.1378173828125 -67.5649871826172 -64.6703567504883 -60.2979507446289 -54.7194557189941 -48.6874732971191 -42.1499633789062 -35.8325576782227 -29.961893081665 -24.8274021148682 -20.6496334075928 -9999 -9999 -9999 -9999 -9999 -9999 -9999 -9999 -9999 -9999 -9999 -9999 -9999 -9999 -9999 -9999 -9999 -9999 -9999 -9999
-43.6940879821777 -42.4892158508301 -41.4732818603516 -40.8393325805664 -41.188793182373 -42.2756843566895 -44.1615333557129 -46.3336639404297 -48.7147674560547 -51.3962249755859 -53.9879760742188 -56.2659683227539 -58.5039215087891 -59.9849548339844 -60.7408103942871 -60.9178924560547 -60.7380294799805 -60.6860313415527 -60.8023529052734 -60.8525238037109 -61.3664703369141 -61.7245025634766 -61.6659049987793 -60.90576171875 -59.1830520629883 -56.5440063476562 -52.8537712097168 -48.3797874450684 -43.2817230224609 -37.9499206542969 -32.8097305297852 -28.2069129943848 -24.0522155761719 -20.2361888885498 -9999 -9999 -9999 -9999 -9999 -9999 -9999 -9999 -9999 -9999 -9999 -9999 -9999 -9999 -9999 -9999 -9999 -9999 -9999
-43.9435501098633 -43.2706680297852 -43.1514434814453 -43.6750221252441 -44.9132041931152 -46.8070755004883 -49.2606506347656 -51.600456237793 -54.0885887145996 -56.4934349060059 -58.4581336975098 -59.5018119812012 -60.0987892150879 -60.0291709899902 -59.0915679931641 -57.6210250854492 -56.103385925293 -54.9300537109375 -53.8475685119629 -53.5318336486816 -53.6529846191406 -53.9998207092285 -54.4240684509277 -54.4084968566895 -54.159065246582 -53.2563591003418 -51.2594184875488 -48.3262672424316 -44.7202644348145 -40.7373085021973 -36.4320678710938 -32.4017143249512 -28.1571254730225 -24.2722568511963 -9999 -9999 -9999 -9999 -9999 -9999 -9999 -9999 -9999 -9999 -9999 -9999 -9999 -9999 -9999 -9999 -9999 -9999 -9999
-44.2721214294434 -44.4013137817383 -45.0675430297852 -46.434928894043 -48.3440856933594 -51.06396484375 -53.6342887878418 -56.2025947570801 -58.6340370178223 -60.640567779541 -61.822078704834 -61.6719551086426 -60.811351776123 -59.0060424804688 -56.5562629699707 -53.6564712524414 -50.9868545532227 -49.0581893920898 -47.3615684509277 -46.5084381103516 -46.4796829223633 -46.925479888916 -47.661205291748 -48.6784973144531 -49.5481071472168 -49.7896957397461 -49.428165435791 -48.3623390197754 -46.4405708312988 -43.7684936523438 -40.8181648254395 -37.1593780517578 -33.2115211486816 -29.1934051513672 -25.3463878631592 -21.4985332489014 -17.9436721801758 -9999 -9999 -9999 -9999 -9999 -9999 -9999 -9999 -9999 -9999 -9999 -9999 -9999 -9999 -9999 -9999
-45.2474021911621 -45.830005645752 -47.0487289428711 -48.8039817810059 -51.0837364196777 -54.1589088439941 -56.8026123046875 -59.3354339599609 -61.4924087524414 -62.9164390563965 -63.1911201477051 -61.8890686035156 -59.7346954345703 -56.5499000549316 -52.7639961242676 -48.959545135498 -45.5335464477539 -43.0397529602051 -41.1712799072266 -39.9238586425781 -39.8067016601562 -40.2561721801758 -41.5556564331055 -43.2423858642578 -44.8813591003418 -46.4963912963867 -47.6990394592285 -48.3216590881348 -48.1645240783691 -47.0695495605469 -45.2142791748047 -42.3787689208984 -38.8693389892578 -34.9652633666992 -30.7335567474365 -26.2721519470215 -21.8949642181396 -17.9442405700684 -14.5330457687378 -9999 -9999 -9999 -9999 -9999 -9999 -9999 -9999 -9999 -9999 -9999 -9999 -9999 -9999
-46.6773529052734 -47.339427947998 -48.7297058105469 -50.4905548095703 -52.7944984436035 -55.7213516235352 -58.1582717895508 -60.3317718505859 -61.9487724304199 -62.6386222839355 -61.9930267333984 -59.6901206970215 -56.4783363342285 -52.352653503418 -47.8714790344238 -43.5737190246582 -39.8790473937988 -37.1045951843262 -35.1444854736328 -34.0153694152832 -33.7606582641602 -34.4941291809082 -36.0849685668945 -38.1322937011719 -40.6144027709961 -43.2658348083496 -45.877311706543 -48.0974311828613 -49.673267364502 -50.1564331054688 -49.6519088745117 -47.8488655090332 -44.9167175292969 -41.0703926086426 -36.4892654418945 -31.2750663757324 -26.1938972473145 -21.3351898193359 -17.135721206665 -9999 -9999 -9999 -9999 -9999 -9999 -9999 -9999 -9999 -9999 -9999 -9999 -9999 -9999
-48.4634208679199 -48.9401016235352 -49.9152793884277 -51.3855590820312 -53.2635917663574 -55.541919708252 -57.3720245361328 -58.8371658325195 -59.6668319702148 -59.5346641540527 -58.0293464660645 -55.0116424560547 -51.191722869873 -46.7304801940918 -42.1266555786133 -37.7221183776855 -34.1150169372559 -31.4476356506348 -29.5826663970947 -28.6331901550293 -28.3745651245117 -29.3924217224121 -31.0729827880859 -33.5346145629883 -36.5928993225098 -40.1824340820312 -43.9126739501953 -47.5719223022461 -50.6471519470215 -52.6577911376953 -53.5837860107422 -52.8133430480957 -50.5537910461426 -46.8648948669434 -41.9620895385742 -36.0831413269043 -30.2731704711914 -24.6132774353027 -19.6231651306152 -15.4101314544678 -12.0975818634033 -9999 -9999 -9999 -9999 -9999 -9999 -9999 -9999 -9999 -9999 -9999 -9999
-50.5422134399414 -50.4247779846191 -50.8019828796387 -51.391544342041 -52.3073844909668 -53.5732917785645 -54.4281425476074 -54.931339263916 -54.8447456359863 -53.9086952209473 -51.7339782714844 -48.3174858093262 -44.4707298278809 -40.1523857116699 -35.8233680725098 -31.784725189209 -28.4728050231934 -26.2168922424316 -24.6113014221191 -23.8947277069092 -23.8464603424072 -24.9422130584717 -26.7692050933838 -29.4072284698486 -32.992992401123 -37.1304321289062 -41.8680877685547 -46.5876617431641 -50.9139785766602 -54.4573135375977 -56.5919036865234 -56.9244041442871 -55.2684860229492 -51.7272529602051 -46.476146697998 -40.1645889282227 -33.6501312255859 -27.3512573242188 -21.6552848815918 -16.9990272521973 -13.311261177063 -10.5368719100952 -9999 -9999 -9999 -9999 -9999 -9999 -9999 -9999 -9999 -9999 -9999
-52.2433128356934 -51.3065376281738 -50.7762260437012 -50.5068893432617 -50.321174621582 -50.0559387207031 -49.6827774047852 -49.1392974853516 -48.1601486206055 -46.455867767334 -43.8423728942871 -40.5977058410645 -37.0159111022949 -33.1755561828613 -29.4621829986572 -26.0597534179688 -23.3005352020264 -21.5357551574707 -20.3140735626221 -19.8560562133789 -20.0452823638916 -21.1570682525635 -23.0748882293701 -25.9354553222656 -29.6506977081299 -34.2866897583008 -39.7132606506348 -45.3363647460938 -50.6009178161621 -55.2147445678711 -58.5254402160645 -59.715763092041 -58.6290397644043 -55.2203712463379 -49.4536628723145 -42.9489517211914 -35.9158096313477 -29.1386089324951 -23.0253448486328 -18.1302070617676 -14.2175931930542 -11.3375492095947 -9999 -9999 -9999 -9999 -9999 -9999 -9999 -9999 -9999 -9999 -9999
