indici/fabbisogno01.asc
NCOLS 177 
NROWS 174 
XLLCORNER 1436301.375 
YLLCORNER 4916704.5 
CELLSIZE 1500 
NODATA_value -9999 
[rows 46 to 68 of 174, columns 53 to 105 of 177]
-58.5080871582031 -60.7177658081055 -63.1936531066895 -64.8199844360352 -65.9062576293945 -66.8613815307617 -67.5138702392578 -67.6194381713867 -67.3815689086914 -66.9428405761719 -66.4018173217773 -66.1389389038086 -66.3356857299805 -66.7017974853516 -66.120246887207 -65.2100219726562 -64.3400421142578 -63.3334770202637 -62.3220405578613 -61.9047698974609 -62.4470825195312 -62.4462623596191 -62.3788795471191 -62.0292739868164 -61.4244728088379 -61.2632713317871 -61.8647308349609 -63.3722801208496 -65.1021194458008 -67.9291687011719 -70.5986557006836 -73.5630569458008 -74.6990661621094 -74.9479904174805 -73.9124526977539 -71.1204528808594 -67.7846221923828 -65.0746383666992 -62.9028511047363 -61.2847938537598 -60.5866088867188 -61.0501747131348 -62.0688781738281 -63.6193428039551 -65.4727478027344 -67.0080490112305 -67.9691467285156 -68.7338638305664 -68.9760437011719 -68.2823638916016 -67.5978317260742 -67.1270599365234 -66.6379318237305
-60.7421989440918 -61.9608917236328 -63.1335563659668 -64.0529937744141 -65.0428771972656 -65.9135589599609 -66.6071548461914 -67.0409164428711 -67.0973663330078 -66.923942565918 -66.9419784545898 -67.1987838745117 -67.7563705444336 -68.4308013916016 -68.1271667480469 -67.2617645263672 -66.1774749755859 -66.2698440551758 -67.048942565918 -66.8092803955078 -66.6106262207031 -66.3687896728516 -65.6925659179688 -64.5356521606445 -63.7612419128418 -63.7726097106934 -64.5026092529297 -65.6942672729492 -66.9400939941406 -68.6170120239258 -71.9189376831055 -74.266731262207 -76.4491806030273 -76.4817047119141 -75.22021484375 -72.6950225830078 -69.8574142456055 -67.2426223754883 -64.8579940795898 -63.7928810119629 -63.7804069519043 -64.6101455688477 -65.8251647949219 -66.8132629394531 -68.1746673583984 -68.8835525512695 -68.9535369873047 -68.7721633911133 -68.4765396118164 -67.4559707641602 -66.4182586669922 -65.7703247070312 -65.566162109375
-62.1446304321289 -62.6781921386719 -63.1828460693359 -63.5289764404297 -64.0243453979492 -64.9739608764648 -65.7292175292969 -66.3038711547852 -66.7888946533203 -67.2505569458008 -67.8766479492188 -68.7566986083984 -69.6804885864258 -70.5894012451172 -70.3195953369141 -69.9902267456055 -70.9301376342773 -71.0168991088867 -70.7561721801758 -70.340202331543 -69.9980697631836 -69.6580276489258 -69.0762176513672 -68.3933944702148 -67.4840927124023 -67.5114440917969 -68.3214263916016 -68.7927093505859 -69.6489410400391 -71.3036880493164 -75.2495040893555 -77.1768569946289 -78.3028564453125 -77.9569854736328 -76.8457489013672 -74.7100524902344 -72.2829895019531 -69.9331207275391 -68.6234436035156 -67.3201217651367 -67.5812072753906 -68.7678756713867 -69.8854751586914 -70.7266464233398 -70.706787109375 -70.9073028564453 -70.1035385131836 -69.2585754394531 -68.1772613525391 -66.9795455932617 -65.6310577392578 -64.8787384033203 -64.9008712768555
-62.4391136169434 -62.4597358703613 -63.0437240600586 -63.140739440918 -63.6517105102539 -64.2286758422852 -65.0780334472656 -65.9320831298828 -66.7129287719727 -67.5125503540039 -68.677490234375 -69.9893951416016 -71.251953125 -72.769172668457 -73.3027801513672 -74.8826370239258 -75.1362228393555 -74.9320831298828 -74.790397644043 -74.5225296020508 -74.2541427612305 -73.9011993408203 -73.4443283081055 -72.9167175292969 -72.7066116333008 -72.8099899291992 -73.2502059936523 -72.9382934570312 -73.5485229492188 -77.0253067016602 -79.0377578735352 -80.4222946166992 -81.3018188476562 -80.7773132324219 -79.8165283203125 -77.854248046875 -75.9858093261719 -73.7506256103516 -72.6968078613281 -72.5865173339844 -71.7683563232422 -73.1074142456055 -74.1073532104492 -74.5318603515625 -74.2837066650391 -72.9989242553711 -71.7370681762695 -70.1422271728516 -68.4077987670898 -66.9176406860352 -65.4168395996094 -64.3779678344727 -64.2516250610352
-61.7433319091797 -61.6350746154785 -62.4931793212891 -62.7058525085449 -63.1842422485352 -63.9778900146484 -64.7354888916016 -65.5268478393555 -66.4618072509766 -67.6274185180664 -69.2053909301758 -71.0464935302734 -72.8593444824219 -74.5653839111328 -76.8118362426758 -78.6863555908203 -79.1389999389648 -79.2795791625977 -79.3913879394531 -79.3216171264648 -79.1962203979492 -78.9652481079102 -78.7945938110352 -78.4836044311523 -78.4407958984375 -78.8680725097656 -78.0191421508789 -77.6533432006836 -78.0576705932617 -81.7836456298828 -83.3604507446289 -84.7143173217773 -85.5944595336914 -85.578971862793 -84.078254699707 -82.2131118774414 -80.4578704833984 -78.0578002929688 -76.7883148193359 -76.6529922485352 -75.8611145019531 -76.6945953369141 -77.5834884643555 -77.7542266845703 -76.9702682495117 -75.3031311035156 -72.9062576293945 -70.5830230712891 -68.546760559082 -66.8635559082031 -64.991813659668 -63.4000434875488 -62.0866737365723
-60.2078323364258 -60.3527069091797 -61.254753112793 -61.8539199829102 -62.6323623657227 -63.4276962280273 -64.2262573242188 -65.1050720214844 -66.1048583984375 -67.5526275634766 -69.3981399536133 -71.5645904541016 -74.1503067016602 -76.2696151733398 -79.8699569702148 -81.8227233886719 -82.6874542236328 -83.3393707275391 -83.9150466918945 -84.205696105957 -84.482063293457 -84.6653137207031 -84.2247848510742 -84.2537689208984 -83.7981109619141 -83.7958984375 -82.7306365966797 -82.4138031005859 -84.5976943969727 -86.278450012207 -87.6469039916992 -89.0757369995117 -89.9932250976562 -90.1581344604492 -89.0747756958008 -86.717887878418 -84.7021942138672 -82.2837371826172 -80.6368408203125 -80.3212432861328 -80.2764892578125 -79.6339721679688 -80.1836547851562 -80.0598449707031 -78.8141937255859 -76.5700454711914 -73.7135314941406 -70.8794631958008 -68.4111099243164 -66.2584533691406 -63.9711265563965 -63.1036567687988 -62.6966934204102
-58.175594329834 -58.8675270080566 -59.5185813903809 -60.7217674255371 -61.7565536499023 -62.6678085327148 -63.5471954345703 -64.4000778198242 -65.5258331298828 -67.2083511352539 -69.2538223266602 -71.9106216430664 -74.6551132202148 -77.7487716674805 -81.8529968261719 -84.3205642700195 -85.8251037597656 -86.9423522949219 -87.8840484619141 -88.5943069458008 -89.4698715209961 -89.454345703125 -89.2595825195312 -89.2170944213867 -88.7169799804688 -88.3419723510742 -87.1720962524414 -86.88525390625 -89.5351104736328 -90.5610198974609 -91.8545379638672 -92.9997024536133 -93.998161315918 -94.3071365356445 -93.3413009643555 -91.1368789672852 -88.3946838378906 -85.9213180541992 -84.0901794433594 -83.4747009277344 -83.0328903198242 -81.7744827270508 -81.9142303466797 -81.2996673583984 -79.1213226318359 -77.1794128417969 -74.9041366577148 -72.1884841918945 -69.6365661621094 -67.3117446899414 -65.3179702758789 -64.0346221923828 -63.4622955322266
-56.3884582519531 -57.293025970459 -58.1687927246094 -59.2295417785645 -60.5974349975586 -61.7137489318848 -62.6084365844727 -63.5660171508789 -64.8694458007812 -66.5656585693359 -68.7358474731445 -71.9055786132812 -74.8128204345703 -78.3749237060547 -82.763786315918 -85.7398529052734 -87.9012222290039 -89.7968063354492 -91.1333160400391 -92.2611999511719 -92.9652481079102 -93.1776123046875 -93.2076950073242 -93.1310195922852 -92.7104568481445 -92.1395568847656 -91.3656463623047 -90.5817642211914 -93.2853317260742 -94.0264587402344 -95.0396728515625 -96.2495040893555 -97.0968170166016 -97.4177627563477 -96.5862121582031 -94.431022644043 -91.5226211547852 -88.6490859985352 -86.8924026489258 -85.9966888427734 -85.1404037475586 -83.4165573120117 -82.7733993530273 -81.355224609375 -80.3492736816406 -78.1422653198242 -75.9279174804688 -73.5048599243164 -71.1746215820312 -68.2377319335938 -66.2550506591797 -64.9105758666992 -64.3447418212891
-54.7311134338379 -56.0246429443359 -56.998908996582 -58.1168098449707 -59.4216423034668 -60.4274749755859 -61.4951286315918 -62.4197998046875 -63.7945404052734 -65.4892807006836 -67.8383941650391 -71.2156753540039 -74.2818908691406 -77.8844528198242 -83.0409622192383 -86.6597137451172 -89.2667007446289 -91.4826965332031 -93.0852584838867 -94.5168380737305 -95.3724136352539 -95.2802124023438 -95.3709945678711 -95.5174560546875 -95.1123886108398 -94.7007293701172 -94.1407699584961 -93.5732879638672 -95.7344207763672 -96.5091781616211 -97.3875503540039 -98.2718200683594 -98.9914169311523 -99.2791061401367 -98.5759201049805 -96.5684509277344 -93.575798034668 -90.7489852905273 -88.967155456543 -87.6859817504883 -86.1600875854492 -84.2247543334961 -82.7197647094727 -82.1890563964844 -80.8067779541016 -79.0277252197266 -76.9666519165039 -74.5541763305664 -71.1305465698242 -68.7376327514648 -67.131477355957 -65.8054962158203 -64.7545623779297
-53.620361328125 -54.9132270812988 -56.2975196838379 -57.5656700134277 -58.6426467895508 -59.7026214599609 -60.579460144043 -61.6604766845703 -62.9445533752441 -64.6157760620117 -67.6296310424805 -70.5524673461914 -73.9168014526367 -77.4278335571289 -82.8760528564453 -86.986572265625 -90.0019302368164 -92.3629150390625 -94.029899597168 -95.4552917480469 -96.2107162475586 -96.4056625366211 -96.2844467163086 -96.7010040283203 -96.563117980957 -96.0671615600586 -95.4361419677734 -95.732421875 -95.3594818115234 -98.6482391357422 -99.0471878051758 -99.5870132446289 -100.043640136719 -100.226356506348 -99.5586929321289 -97.2304000854492 -94.2637939453125 -92.1740341186523 -90.2356414794922 -88.6705474853516 -85.77490234375 -83.6597442626953 -82.9422912597656 -82.1068725585938 -80.9235000610352 -78.8211441040039 -76.2947311401367 -73.4951477050781 -71.2397079467773 -69.130729675293 -67.540641784668 -66.0050354003906 -64.535041809082
-53.0536575317383 -54.6563606262207 -56.028392791748 -57.4902725219727 -58.5129623413086 -59.4087982177734 -60.2160835266113 -61.0725746154785 -62.1380310058594 -63.6345062255859 -66.6977005004883 -69.6376419067383 -73.1229934692383 -76.8171234130859 -81.7340698242188 -86.5605621337891 -89.8848419189453 -92.5064163208008 -94.4301834106445 -95.4467315673828 -96.252082824707 -96.4448394775391 -96.4653854370117 -97.0303573608398 -97.1472854614258 -96.3753051757812 -96.1755905151367 -96.6782379150391 -96.9033050537109 -99.9027633666992 -100.152183532715 -100.373977661133 -100.54581451416 -100.493453979492 -99.3071441650391 -97.0255813598633 -94.8059997558594 -92.6114273071289 -90.4572143554688 -88.3444290161133 -84.384162902832 -82.9331207275391 -81.8033294677734 -80.6413803100586 -78.8481140136719 -76.5004959106445 -74.6969451904297 -72.7712097167969 -70.952278137207 -69.0021057128906 -67.0863494873047 -65.2087860107422 -63.3679313659668
-53.5074882507324 -54.9913787841797 -56.4179801940918 -57.7012939453125 -58.6977500915527 -59.3248634338379 -59.836109161377 -60.5603981018066 -61.4716606140137 -63.1302108764648 -65.8582458496094 -68.7352828979492 -72.2035293579102 -76.0557708740234 -79.9581909179688 -84.9780578613281 -89.3738784790039 -91.927619934082 -93.9060516357422 -95.0654144287109 -95.6634750366211 -96.1626358032227 -96.2382659912109 -96.9248275756836 -97.2538223266602 -96.4778518676758 -96.7460708618164 -96.8732147216797 -97.4298858642578 -97.7480850219727 -100.615493774414 -100.675003051758 -100.66438293457 -99.8689346313477 -97.8728103637695 -96.1062622070312 -94.1634368896484 -91.6634140014648 -88.8932647705078 -84.2554016113281 -81.9010848999023 -80.6560440063477 -79.607551574707 -78.265266418457 -76.6914978027344 -75.0122528076172 -73.1973648071289 -71.4004821777344 -69.6441268920898 -67.7242660522461 -65.8880767822266 -63.6718101501465 -61.5152435302734
-54.5003242492676 -55.9561958312988 -57.3459854125977 -58.5748291015625 -59.2737693786621 -59.7374725341797 -59.8819465637207 -60.1721420288086 -60.9754600524902 -62.5628356933594 -64.9573440551758 -67.8640670776367 -71.3161239624023 -75.2871017456055 -79.3140335083008 -82.9648666381836 -87.2345657348633 -90.8711853027344 -93.1804122924805 -94.2517623901367 -95.0471496582031 -95.3851470947266 -95.4226303100586 -95.1515197753906 -95.5025177001953 -96.1087875366211 -96.64892578125 -96.9318389892578 -97.097038269043 -97.1119155883789 -96.9483032226562 -98.2825622558594 -98.1517791748047 -97.4745635986328 -96.0993270874023 -94.3769226074219 -91.7219696044922 -88.5938415527344 -83.8143920898438 -81.8234176635742 -80.2119979858398 -78.7635879516602 -77.3963088989258 -75.7448959350586 -74.0193328857422 -72.432861328125 -70.8560180664062 -69.3508834838867 -67.6362228393555 -65.8388671875 -63.9599151611328 -61.7131881713867 -59.2035255432129
-55.8654594421387 -57.4364395141602 -58.8104400634766 -59.7779922485352 -60.2564086914062 -60.4348297119141 -60.3418350219727 -60.3051414489746 -60.8448028564453 -62.0761604309082 -63.9674034118652 -67.0693511962891 -70.4513778686523 -74.4029541015625 -78.4748153686523 -82.3038635253906 -85.5774612426758 -88.1095352172852 -90.3456726074219 -92.9052200317383 -93.8703155517578 -93.3803558349609 -93.298828125 -93.3302307128906 -93.5136795043945 -94.5139007568359 -95.1519622802734 -95.4535598754883 -95.393928527832 -95.4601669311523 -95.3581924438477 -94.5343246459961 -93.7281265258789 -93.0103302001953 -91.7882080078125 -88.9718933105469 -86.4186172485352 -83.7064437866211 -81.6381454467773 -79.5212326049805 -77.4507904052734 -75.6823196411133 -73.8153839111328 -72.1151885986328 -70.3919982910156 -69.0828094482422 -67.7351226806641 -66.3191223144531 -64.8119430541992 -63.2714729309082 -61.6189804077148 -59.3834609985352 -56.8141708374023
-57.393684387207 -59.0773239135742 -60.3684959411621 -61.1331481933594 -61.5843391418457 -61.3672561645508 -60.8889427185059 -60.471981048584 -60.7354621887207 -61.6269798278809 -63.4307403564453 -66.2492523193359 -69.5050201416016 -73.4073867797852 -77.5762023925781 -81.5011596679688 -84.8123092651367 -87.4623565673828 -89.455810546875 -90.5120544433594 -90.9153442382812 -91.1865921020508 -90.9391860961914 -90.8811111450195 -91.0363693237305 -91.1745223999023 -91.8830642700195 -92.7409591674805 -93.2757415771484 -93.3707962036133 -92.7211608886719 -91.9372634887695 -90.7378234863281 -89.5531311035156 -87.8731155395508 -86.1207656860352 -83.7682800292969 -81.0888290405273 -78.6191482543945 -75.9615859985352 -73.5421905517578 -71.3418502807617 -69.5203857421875 -68.0184936523438 -66.7772903442383 -65.4861145019531 -64.3590545654297 -63.0342178344727 -61.8184204101562 -60.5271911621094 -58.9001960754395 -56.748046875 -54.3959121704102
-59.3238525390625 -60.839412689209 -62.2976608276367 -62.8604431152344 -62.7021865844727 -62.0649452209473 -61.250057220459 -60.456470489502 -60.4449462890625 -61.2365608215332 -62.4973983764648 -64.7636337280273 -68.3967056274414 -72.348762512207 -76.3899917602539 -80.3335342407227 -83.640007019043 -86.5317611694336 -88.4304504394531 -89.6821899414062 -90.1397476196289 -89.9239120483398 -89.3197937011719 -88.8687362670898 -88.7514801025391 -88.7573471069336 -88.7416915893555 -88.9977340698242 -89.2187118530273 -89.3116149902344 -89.0592956542969 -88.5426559448242 -87.8598785400391 -86.6360855102539 -85.1015014648438 -83.1445236206055 -80.6845169067383 -77.5617904663086 -74.5873794555664 -71.8943634033203 -69.1269073486328 -66.7046966552734 -65.0066375732422 -63.9891929626465 -63.0123558044434 -61.9539413452148 -61.1884841918945 -60.4053153991699 -59.3827857971191 -58.097713470459 -56.5722351074219 -54.4056015014648 -52.5508422851562
-61.0037689208984 -62.8269195556641 -63.9365272521973 -64.2698593139648 -63.8210906982422 -62.9110145568848 -61.7158508300781 -60.7075386047363 -60.2230796813965 -60.7885475158691 -61.6320037841797 -63.4858093261719 -66.7359848022461 -70.7224807739258 -74.7193603515625 -78.5123062133789 -81.935661315918 -84.819709777832 -86.8498001098633 -88.1692581176758 -88.2474975585938 -88.0018463134766 -87.1529922485352 -86.5088500976562 -85.8571319580078 -85.3189086914062 -84.9723129272461 -84.9937591552734 -85.287353515625 -85.5608291625977 -85.246208190918 -84.7429656982422 -83.9651870727539 -82.8407363891602 -81.213981628418 -79.2157287597656 -76.7680511474609 -73.7333145141602 -70.7765197753906 -67.8961563110352 -64.942024230957 -62.7303276062012 -61.1160583496094 -59.8836288452148 -59.2402305603027 -58.5685729980469 -58.181526184082 -57.9170150756836 -57.6462478637695 -56.8683738708496 -55.0901794433594 -53.4877891540527 -51.562427520752
-62.8557548522949 -64.5944900512695 -65.385498046875 -65.5128707885742 -64.8846130371094 -63.7436218261719 -62.3225975036621 -60.8996810913086 -60.0561676025391 -60.3749809265137 -60.9784507751465 -62.4944686889648 -65.0226211547852 -68.1632995605469 -71.7838516235352 -75.6874923706055 -79.0321884155273 -82.0839538574219 -84.115608215332 -85.0408554077148 -85.7939147949219 -85.581184387207 -84.5657424926758 -83.6549911499023 -82.6409683227539 -81.7576751708984 -81.1248397827148 -80.8703994750977 -80.7694473266602 -80.9001922607422 -80.8805084228516 -80.5563125610352 -79.7863845825195 -78.6291885375977 -77.1124572753906 -75.149055480957 -72.5290908813477 -69.322265625 -66.5408935546875 -63.8793792724609 -61.4105415344238 -59.2380599975586 -57.6937637329102 -56.5966720581055 -55.993278503418 -55.6759796142578 -55.9229850769043 -56.2144927978516 -56.2942848205566 -55.7457695007324 -54.9986190795898 -53.595760345459 -51.6666069030762
-64.9837799072266 -66.2973785400391 -66.7494049072266 -66.4936828613281 -65.7026519775391 -64.3779144287109 -62.8170394897461 -61.3004608154297 -60.0072021484375 -59.9407157897949 -60.3655815124512 -61.7130126953125 -63.5511474609375 -66.0783615112305 -69.1548233032227 -72.5760498046875 -75.8722381591797 -78.9501342773438 -81.1356964111328 -82.3991088867188 -82.7578201293945 -82.6020812988281 -81.3550415039062 -80.161979675293 -78.9333648681641 -77.7789077758789 -76.7526016235352 -76.3734436035156 -76.1858444213867 -76.3481826782227 -76.2413024902344 -75.9772415161133 -75.2932891845703 -74.3079452514648 -72.9416580200195 -71.1231689453125 -68.4213027954102 -65.4909973144531 -62.7321701049805 -60.2071723937988 -58.2458877563477 -56.159065246582 -54.6915168762207 -53.8176536560059 -53.6195259094238 -53.8732643127441 -54.4805870056152 -55.2417831420898 -55.3501319885254 -55.4663391113281 -55.0622215270996 -53.9712944030762 -52.2723846435547
-67.130744934082 -67.8450088500977 -67.9093780517578 -67.5136413574219 -66.4717407226562 -65.0752258300781 -63.368968963623 -61.5898590087891 -60.0558319091797 -59.4249496459961 -59.4299850463867 -60.5483741760254 -62.1359405517578 -64.2537155151367 -66.9686508178711 -70.1080856323242 -73.1549453735352 -75.7981567382812 -77.8241271972656 -78.754997253418 -78.9341659545898 -78.3218612670898 -77.2000885009766 -75.9125213623047 -74.6143264770508 -73.4219589233398 -72.4033279418945 -71.8025131225586 -71.6676788330078 -71.6974639892578 -71.6198577880859 -71.4039840698242 -70.9247589111328 -70.144416809082 -69.0410842895508 -67.3298110961914 -64.5699462890625 -62.1546058654785 -59.833812713623 -57.4591445922852 -55.2980499267578 -53.4352531433105 -51.7926177978516 -51.1009674072266 -51.3362274169922 -51.6543846130371 -52.7645835876465 -53.928337097168 -54.753589630127 -55.4742088317871 -55.6476020812988 -55.1151313781738 -54.077033996582
-69.14990234375 -69.4003067016602 -69.1004257202148 -68.2260665893555 -66.9929046630859 -65.30029296875 -63.4686050415039 -61.7184600830078 -59.8571548461914 -58.6340255737305 -58.5606536865234 -59.0395240783691 -60.3942947387695 -62.1773681640625 -64.6603698730469 -67.3830184936523 -69.9998397827148 -72.1990814208984 -74.1734619140625 -75.0691986083984 -74.895751953125 -73.9680328369141 -72.6875152587891 -71.4668350219727 -70.2268142700195 -69.2481842041016 -68.3542938232422 -67.68115234375 -67.3551483154297 -67.2499542236328 -67.2656631469727 -67.1625747680664 -66.8611602783203 -66.4528503417969 -65.5593109130859 -63.3172264099121 -61.649959564209 -59.7668647766113 -57.6184539794922 -55.3645286560059 -53.2340126037598 -51.3381843566895 -49.8872413635254 -49.0795860290527 -49.5962295532227 -50.3512153625488 -51.6487998962402 -53.1450157165527 -54.571044921875 -55.7233619689941 -56.4029273986816 -56.5796699523926 -55.871036529541
-70.8197708129883 -70.7731323242188 -70.023078918457 -68.8075942993164 -67.1702041625977 -65.3204193115234 -63.2715721130371 -61.2056159973145 -59.3877449035645 -58.1189842224121 -57.8037910461426 -57.828483581543 -58.5750122070312 -59.6879348754883 -61.6392936706543 -63.8770523071289 -66.1522903442383 -68.2473526000977 -69.8320693969727 -70.7563858032227 -70.7517166137695 -70.1589889526367 -69.217903137207 -67.853401184082 -66.2187423706055 -64.7927169799805 -64.1516265869141 -63.7829399108887 -63.3908576965332 -63.2412910461426 -63.3405303955078 -63.2784690856934 -63.2903480529785 -62.7790946960449 -61.6003150939941 -60.7033920288086 -59.4933319091797 -57.8315582275391 -55.8396186828613 -53.697566986084 -51.6858177185059 -49.861141204834 -48.3542060852051 -48.0132179260254 -48.0921516418457 -49.3020362854004 -50.742317199707 -52.5190658569336 -54.2600135803223 -55.7768096923828 -57.235897064209 -57.7312660217285 -57.524471282959
-71.8698959350586 -71.2086563110352 -70.1899566650391 -68.723014831543 -66.9316329956055 -64.9844207763672 -63.0215110778809 -60.8521385192871 -58.9207954406738 -57.3980674743652 -56.5753364562988 -56.4948043823242 -56.7175102233887 -57.4331016540527 -58.8428955078125 -60.6941261291504 -62.5927276611328 -64.3642272949219 -65.8967590332031 -66.7755355834961 -66.8610382080078 -66.7216339111328 -65.9001693725586 -64.6335067749023 -63.1766128540039 -61.6222190856934 -60.390022277832 -59.6292686462402 -59.1502265930176 -59.1264915466309 -59.1980590820312 -59.2122459411621 -59.287769317627 -59.3859176635742 -59.1251525878906 -58.6046180725098 -57.6763610839844 -56.2466659545898 -54.3978424072266 -52.3571929931641 -50.432258605957 -48.6221733093262 -47.1903305053711 -46.870231628418 -46.9221343994141 -48.0168495178223 -49.7484130859375 -51.6091613769531 -53.6034317016602 -55.8040161132812 -57.4240341186523 -58.5258522033691 -59.017505645752
