indici/fabbisogno02.asc
NCOLS 177 
NROWS 174 
XLLCORNER 1436301.375 
YLLCORNER 4916704.5 
CELLSIZE 1500 
NODATA_value -9999 
[rows 0 to 19 of 174, columns 132 to 175 of 177]
-48.269416809082 -49.0567436218262 -49.6991767883301 -50.3379592895508 -50.4551544189453 -50.0621337890625 -49.6807441711426 -49.3315963745117 -49.0295104980469 -48.7148056030273 -48.445484161377 -48.9040222167969 -49.353199005127 -49.7928733825684 -50.4772300720215 -51.1938209533691 -51.9008750915527 -51.8379020690918 -51.3378791809082 -50.8165168762207 -50.3225555419922 -49.9022026062012 -49.5031967163086 -49.4862594604492 -50.7791633605957 -52.0705528259277 -53.3537559509277 -51.6357192993164 -49.9148330688477 -48.1910743713379 -47.4808769226074 -47.0473365783691 -46.61669921875 -45.6446266174316 -44.2902145385742 -42.9662094116211 -41.2307395935059 -38.7098274230957 -36.1895790100098 -33.7120170593262 -31.4822559356689 -29.2402439117432 -26.98583984375 -26.0712280273438
-47.8186721801758 -48.5447387695312 -49.1107788085938 -49.6731719970703 -49.8923225402832 -49.7461700439453 -49.611644744873 -49.3754348754883 -48.8168067932129 -48.2455787658691 -47.7035064697266 -47.9810104370117 -48.2491645812988 -48.5078277587891 -49.0094528198242 -49.5521087646484 -50.0852355957031 -49.7494850158691 -48.8653907775879 -47.9599800109863 -47.3942337036133 -47.3702125549316 -47.3675155639648 -47.6217803955078 -48.8962936401367 -50.1692924499512 -51.4407577514648 -49.7630157470703 -48.0014839172363 -46.2370796203613 -45.5211296081543 -45.1435775756836 -44.768928527832 -44.1199569702148 -43.260425567627 -42.431266784668 -41.0716285705566 -38.5617485046387 -36.0525321960449 -33.5547218322754 -31.1377296447754 -28.7085018157959 -26.2668952941895 -25.4401397705078
-47.3707733154297 -48.0362014770508 -48.5258903503418 -49.0119285583496 -49.3179054260254 -49.4185066223145 -49.5307197570801 -49.4316864013672 -48.6166496276855 -47.7801742553711 -46.8923759460449 -46.9319038391113 -46.9728965759277 -47.0153846740723 -47.3692893981934 -47.8254623413086 -48.3134613037109 -47.8372535705566 -46.6815643310547 -45.5259475708008 -44.9404563903809 -45.3077926635742 -45.6877632141113 -46.2104415893555 -47.4098281860352 -48.5950775146484 -49.7660064697266 -48.2322082519531 -46.5474510192871 -44.8710708618164 -44.1963958740234 -43.8957405090332 -43.5970306396484 -43.1739234924316 -42.6403121948242 -42.1197814941406 -41.0290260314941 -38.5463256835938 -36.0652236938477 -33.5954513549805 -31.2452011108398 -28.9008483886719 -26.562463760376 -25.8824863433838
-46.3777503967285 -46.9735412597656 -47.3818511962891 -47.786922454834 -48.0035362243652 -47.968318939209 -47.9254455566406 -47.5959320068359 -46.2248992919922 -44.8282012939453 -43.405460357666 -43.4883155822754 -43.5753440856934 -43.6638641357422 -44.5014991760254 -45.5755920410156 -46.6814727783203 -46.5221977233887 -45.3739242553711 -44.2257232666016 -43.6849822998047 -44.2850227355957 -44.8976821899414 -45.5670509338379 -46.5218887329102 -47.4626007080078 -48.3890113830566 -47.0514793395996 -45.5133438110352 -43.9835777282715 -43.3374137878418 -43.0724258422852 -42.8093795776367 -42.5148658752441 -42.1943244934082 -41.886848449707 -41.0217475891113 -38.5642890930176 -36.1084365844727 -33.6628303527832 -31.4029026031494 -29.1488704681396 -26.9007987976074 -26.3267402648926
-45.2432823181152 -45.7864379882812 -46.1310806274414 -46.4724884033203 -46.5989532470703 -46.4103202819824 -46.2140350341797 -45.694221496582 -43.8106880187988 -41.9015235900879 -39.9663467407227 -40.0423965454102 -40.1754417419434 -40.3099746704102 -41.6016616821289 -43.2933731079102 -45.0168304443359 -45.2067337036133 -44.0658721923828 -42.9250869750977 -42.416748046875 -43.2493743896484 -44.094612121582 -44.9374465942383 -45.6478538513184 -46.3441543579102 -47.0261650085449 -45.8621826171875 -44.4705963134766 -43.0873756408691 -42.4762954711914 -42.246955871582 -42.0195579528809 -41.8427314758301 -41.7351570129395 -41.6406326293945 -41.0128631591797 -38.5806427001953 -36.150016784668 -33.7243766784668 -31.5547332763672 -29.3909759521484 -27.2331714630127 -26.7586841583252
-44.1117477416992 -44.6022262573242 -44.883228302002 -45.161003112793 -45.2015571594238 -44.8595809936523 -44.5099601745605 -43.8172721862793 -41.4214935302734 -39.0001106262207 -36.5527534484863 -36.5941581726074 -36.773193359375 -36.9537162780762 -38.6698188781738 -40.9788360595703 -43.3195648193359 -43.8908653259277 -42.7574157714844 -41.6240348815918 -41.1357574462891 -42.2008628845215 -43.2858009338379 -44.3339958190918 -44.8213539123535 -45.305046081543 -45.7850189208984 -44.7960624694824 -43.5691757202148 -42.3485336303711 -41.7860107421875 -41.5907745361328 -41.3924903869629 -41.2923240661621 -41.3308372497559 -41.3689079284668 -40.9260635375977 -38.5732803344727 -36.2303924560547 -33.8975143432617 -31.9068450927734 -29.938850402832 -27.9873580932617 -27.9376544952393
-41.508716583252 -41.7620315551758 -41.6960258483887 -41.6071624755859 -41.4211044311523 -41.1059837341309 -40.8056602478027 -40.2879791259766 -38.4028663635254 -36.5744247436523 -34.8035316467285 -35.6074905395508 -36.6735458374023 -37.7937164306641 -39.8872909545898 -42.3700408935547 -44.8486442565918 -45.4092254638672 -43.9268913269043 -42.4188499450684 -41.5302352905273 -42.3935203552246 -43.2425346374512 -44.0578155517578 -44.4821166992188 -44.9027557373047 -45.3196868896484 -44.4581146240234 -43.3382339477539 -42.2245788574219 -41.6431884765625 -41.3982200622559 -41.1502075195312 -41.0099792480469 -41.0424728393555 -41.0745162963867 -40.7282028198242 -38.5318717956543 -36.3454246520996 -34.1689758300781 -32.4125900268555 -30.6944141387939 -28.9927215576172 -29.4820098876953
-37.1509704589844 -37.1321983337402 -36.5952568054199 -36.0354881286621 -35.656982421875 -35.6831092834473 -35.7240219116211 -35.685661315918 -34.9787445068359 -34.3284225463867 -33.7355842590332 -35.5437278747559 -37.6698722839355 -39.8500747680664 -42.1886520385742 -44.5815544128418 -46.9703140258789 -47.3638458251953 -45.3969802856445 -43.4044380187988 -42.0194969177246 -42.6237373352051 -43.2137222290039 -43.7851829528809 -44.1464614868164 -44.5040817260742 -44.8579940795898 -44.1139221191406 -43.1009941101074 -42.0942802429199 -41.5033378601074 -41.2086601257324 -40.9109382629395 -40.7280044555664 -40.7544746398926 -40.7804985046387 -40.5205078125 -38.4805526733398 -36.4504661560059 -34.4303665161133 -32.9021492004395 -31.4336681365967 -29.9816493988037 -30.9761562347412
-32.7958717346191 -32.523681640625 -31.5160369873047 -30.4855937957764 -29.8768844604492 -30.2440948486328 -30.6260681152344 -31.0264511108398 -31.4971466064453 -32.0243721008301 -32.6090087890625 -35.4266891479492 -38.6124038696289 -41.852108001709 -44.4946823120117 -46.7977828979492 -49.0967445373535 -49.3442611694336 -46.8931045532227 -44.4163017272949 -42.5229454040527 -42.8682670593262 -43.1993560791016 -43.5160179138184 -43.814380645752 -44.109016418457 -44.3999443054199 -43.7634963989258 -42.8574600219727 -41.9576416015625 -41.366455078125 -41.0220909118652 -40.674690246582 -40.4463996887207 -40.4586143493652 -40.473503112793 -40.2900238037109 -38.4133491516113 -36.5527114868164 -34.7082862854004 -33.5198249816895 -32.4666061401367 -31.4680480957031 -32.9492416381836
-29.489107131958 -29.1680126190186 -27.9479808807373 -26.724702835083 -26.1234169006348 -27.0621070861816 -28.0188903808594 -29.0292472839355 -30.5174007415771 -32.0021018981934 -33.483283996582 -36.7043342590332 -40.188102722168 -43.6196250915527 -46.1007881164551 -48.0137596130371 -49.8940353393555 -49.9994583129883 -47.5736885070801 -45.1768112182617 -43.2073516845703 -42.9758605957031 -42.7022857666016 -42.3860702514648 -42.7705383300781 -43.1945724487305 -43.6313400268555 -43.0438919067383 -42.0944061279297 -41.1414489746094 -40.5250816345215 -40.225154876709 -39.9295997619629 -39.7511291503906 -39.8430976867676 -39.9399719238281 -39.9111366271973 -38.2885055541992 -36.6818885803223 -35.0914726257324 -34.6261291503906 -34.4036636352539 -34.2357978820801 -36.0567970275879
-33.7947158813477 -33.1754188537598 -31.863187789917 -30.5477123260498 -29.9250431060791 -31.2246189117432 -32.5422630310059 -33.8805274963379 -35.2736320495605 -36.6632919311523 -38.0494384765625 -40.3432655334473 -42.7846260070801 -45.1738014221191 -46.8997459411621 -48.185977935791 -49.4395599365234 -49.4747009277344 -47.5865707397461 -45.727294921875 -44.0312576293945 -43.0375747680664 -42.0018653869629 -40.9235610961914 -41.450740814209 -42.1021041870117 -42.766185760498 -42.2445869445801 -41.2395858764648 -40.2311134338379 -39.604377746582 -39.380500793457 -39.1609878540039 -39.0486030578613 -39.2225227355957 -39.4013404846191 -39.5163154602051 -38.1476058959961 -36.7948875427246 -35.4583511352539 -35.6787147521973 -36.2865943908691 -36.9490127563477 -39.148307800293
-38.1260414123535 -37.1869964599609 -35.7826080322266 -34.3749809265137 -33.7098236083984 -35.3701057434082 -37.0484390258789 -38.736400604248 -40.0345077514648 -41.3291778564453 -42.6203346252441 -44.0345458984375 -45.434009552002 -46.7813529968262 -47.7311058044434 -48.3909149169922 -49.0181045532227 -48.9213409423828 -47.5705795288086 -46.2486419677734 -44.8968315124512 -43.1413345336914 -41.3438606262207 -39.5038414001465 -40.1180648803711 -40.9966430664062 -41.8879280090332 -41.4484977722168 -40.388011932373 -39.3240585327148 -38.6791381835938 -38.5312728881836 -38.387767791748 -38.3410720825195 -38.5969009399414 -38.8576202392578 -39.1055755615234 -37.9906616210938 -36.8917198181152 -35.8089408874512 -36.6776390075684 -38.1154632568359 -39.6077537536621 -42.2237892150879
-42.4830589294434 -41.2027397155762 -39.7062377929688 -38.2065086364746 -37.4777793884277 -39.498592376709 -41.5374298095703 -43.5945701599121 -44.8000297546387 -45.9997482299805 -47.094181060791 -47.5986518859863 -47.9646263122559 -48.3521995544434 -48.6083564758301 -48.747013092041 -48.8890647888184 -48.6968612670898 -47.8123245239258 -46.9290962219238 -45.8925514221191 -43.5052719116211 -41.0977821350098 -38.669807434082 -39.0652465820312 -39.8133735656738 -40.5229110717773 -40.1232604980469 -39.1692848205566 -38.2340431213379 -37.6828651428223 -37.6234817504883 -37.5700302124023 -37.581169128418 -37.8176422119141 -38.0500984191895 -38.2784957885742 -37.4874305725098 -36.6981773376465 -35.9303932189941 -37.3930320739746 -39.6145896911621 -41.8878211975098 -44.7896041870117
-46.5531272888184 -45.4999389648438 -44.4679069519043 -43.4630279541016 -42.9760093688965 -44.4800910949707 -45.9540901184082 -47.397518157959 -47.348072052002 -47.1963310241699 -46.981086730957 -47.4954795837402 -48.2860870361328 -49.0982627868652 -49.5946273803711 -49.7933616638184 -49.995491027832 -49.8782577514648 -49.0125122070312 -48.1480751037598 -47.1414108276367 -44.3837089538574 -41.6058235168457 -38.8074722290039 -38.4864768981934 -38.5646591186523 -38.6043014526367 -38.2065200805664 -37.5788803100586 -36.9699592590332 -36.6301498413086 -36.6734580993652 -36.7226982116699 -36.7989273071289 -36.9736404418945 -37.1443481445312 -37.3109970092773 -36.8714141845703 -36.420841217041 -35.9917144775391 -38.0253562927246 -41.0351219177246 -44.0964889526367 -47.3446884155273
-50.5317573547363 -49.8401336669922 -49.3758201599121 -48.9386215209961 -48.7470970153809 -49.5866050720215 -50.3960723876953 -51.1749992370605 -49.8954277038574 -48.4456405639648 -46.9324340820312 -47.371021270752 -48.586051940918 -49.8226318359375 -50.5778007507324 -50.8365898132324 -51.098762512207 -51.058650970459 -50.2116928100586 -49.3660354614258 -48.4104804992676 -45.2825393676758 -42.1344337463379 -38.965892791748 -37.945613861084 -37.3541831970215 -36.7242546081543 -36.2708129882812 -35.9693603515625 -35.686595916748 -35.5713157653809 -35.7172698974609 -35.8691482543945 -36.0204544067383 -36.1334419250488 -36.2424240112305 -36.3473587036133 -36.2340393066406 -36.1219825744629 -36.0313453674316 -38.6068382263184 -42.4044189453125 -46.2535362243652 -49.9015121459961
-54.5003433227539 -54.154712677002 -54.2578315734863 -54.3880386352539 -54.549186706543 -54.7244491577148 -54.8697052001953 -54.9844627380371 -52.5058784484863 -49.7586898803711 -46.9481544494629 -47.2253074645996 -48.8645553588867 -50.5253219604492 -51.5578804016113 -51.8766899108887 -52.1988792419434 -52.2380447387695 -51.4098587036133 -50.5829734802246 -49.6997375488281 -46.2017364501953 -42.6851387023926 -39.2003936767578 -37.5616149902344 -36.3653945922852 -35.134895324707 -34.610237121582 -34.640079498291 -34.6704902648926 -34.7730369567871 -35.0106811523438 -35.2440643310547 -35.4554252624512 -35.5262908935547 -35.5932502746582 -35.6562538146973 -35.7895660400391 -35.9409027099609 -36.1017227172852 -38.7280082702637 -42.5975036621094 -46.4397659301758 -50.1272659301758
-57.405891418457 -57.2748870849609 -57.6222038269043 -57.9712982177734 -58.2607154846191 -58.1333885192871 -58.0130310058594 -57.8997421264648 -55.4650573730469 -52.8122749328613 -50.1991729736328 -50.2051734924316 -51.4254455566406 -52.6024971008301 -53.3028793334961 -53.448787689209 -53.581729888916 -53.4946098327637 -52.6749153137207 -51.855785369873 -51.0372123718262 -47.7822189331055 -44.5272827148438 -41.2863388061523 -39.1748809814453 -37.3735427856445 -35.537971496582 -34.7026290893555 -34.7417449951172 -34.781421661377 -34.861946105957 -35.0285835266113 -35.1909675598145 -35.3367195129395 -35.3448181152344 -35.3490142822266 -35.3492660522461 -35.5991249084473 -35.8999061584473 -36.2101554870605 -38.5107269287109 -41.9636344909668 -45.3893394470215 -49.0104026794434
-59.0148849487305 -59.0854148864746 -59.4615898132324 -59.8395385742188 -60.1803131103516 -60.190113067627 -60.2068748474121 -60.2307014465332 -58.567138671875 -56.7030944824219 -54.8786849975586 -54.4989356994629 -54.8478775024414 -55.1536445617676 -55.2671356201172 -55.1558265686035 -55.0315589904785 -54.7630233764648 -53.9478950500488 -53.1333236694336 -52.3193130493164 -49.367115020752 -46.3558769226074 -43.3586120605469 -40.8223304748535 -38.4161720275879 -35.9758224487305 -34.7944869995117 -34.8428688049316 -34.8918113708496 -34.955078125 -35.0507469177246 -35.1421661376953 -35.2218437194824 -35.1672058105469 -35.1086692810059 -35.0461921691895 -35.3992767333984 -35.8494262695312 -36.3090324401855 -38.3203201293945 -41.3568420410156 -44.3661918640137 -47.8649253845215
-60.609992980957 -60.894645690918 -61.2996673583984 -61.7064590454102 -62.0935287475586 -62.2403907775879 -62.3942031860352 -62.5550727844238 -61.6309242248535 -60.555233001709 -59.5191268920898 -58.8362998962402 -58.3143348693848 -57.7492561340332 -57.2446517944336 -56.8762435913086 -56.4948997497559 -56.0311965942383 -55.2206268310547 -54.4106140136719 -53.6011657714844 -50.9385986328125 -48.1709327697754 -45.4172248840332 -42.5039253234863 -39.4932441711426 -36.4484100341797 -34.8858070373535 -34.9434509277344 -35.0016555786133 -35.052433013916 -35.0771636962891 -35.0976524353027 -35.1107864379883 -35.0203170776367 -34.9571266174316 -34.8968620300293 -35.3802947998047 -35.9984321594238 -36.6098976135254 -38.375846862793 -41.0130386352539 -43.6184616088867 -46.952995300293
-62.0681648254395 -62.5233497619629 -62.9169120788574 -63.3088150024414 -63.6904792785645 -63.9339866638184 -64.1829833984375 -64.4375610351562 -63.9984931945801 -63.4181861877441 -62.8407249450684 -61.9101181030273 -60.7390937805176 -59.5632438659668 -58.6237297058105 -58.0918388366699 -57.5607376098633 -56.9918174743652 -56.1913414001465 -55.3933067321777 -54.5977363586426 -52.1533203125 -49.5597839355469 -46.9754943847656 -43.9699020385742 -40.7641525268555 -37.5561332702637 -35.8156547546387 -35.8438720703125 -35.8680839538574 -35.9299049377441 -36.1417274475098 -36.3646125793457 -36.598690032959 -36.5753173828125 -36.5530242919922 -36.5336532592773 -36.9208717346191 -37.4281845092773 -37.928825378418 -39.3154182434082 -41.4614028930664 -43.5756530761719 -46.61962890625
