indici/fabbisogno_annuo.asc
NCOLS 177 
NROWS 174 
XLLCORNER 1436301.375 
YLLCORNER 4916704.5 
CELLSIZE 1500 
NODATA_value -9999 
[rows 40 to 59 of 174, columns 88 to 131 of 177]
-123.25399017334 -188.548240661621 -208.833402633667 -200.603981018066 -204.899803161621 -240.703676223755 -230.035108566284 -317.881996154785 -316.976997375488 -295.7932472229 -258.906763076782 -222.078536987305 -186.452558517456 -177.848615646362 -232.689842224121 -281.978546142578 -325.183853149414 -340.238018035889 -336.082092285156 -311.736911773682 -334.969932556152 -298.153072357178 -280.704452514648 -240.638984680176 -230.690574645996 -320.263729095459 -377.268157958984 -398.604286193848 -424.49658203125 -447.484153747559 -426.446182250977 -450.719306945801 -457.871253967285 -460.778381347656 -457.511558532715 -697.648414611816 -695.453346252441 -690.769660949707 -685.431678771973 -678.964996337891 -670.092102050781 -661.484214782715 -652.843803405762 -641.951248168945
-123.056227684021 -138.522961616516 -158.192583084106 -173.510766029358 -190.926641464233 -211.758766174316 -229.406625747681 -255.825174331665 -270.954200744629 -274.304271697998 -256.192203521729 -223.440130233765 -217.04447555542 -231.055814743042 -272.595222473145 -335.396793365479 -354.799266815186 -340.476795196533 -336.306701660156 -297.498722076416 -246.103603363037 -230.593166351318 -192.891382217407 -182.418678283691 -231.020721435547 -323.683013916016 -388.623199462891 -397.021171569824 -435.690483093262 -454.605613708496 -441.997535705566 -456.702011108398 -464.947525024414 -467.919441223145 -461.937767028809 -459.44213104248 -702.743499755859 -697.191947937012 -691.006965637207 -683.816368103027 -674.312599182129 -665.121871948242 -656.000564575195 -644.911811828613
-98.7390031814575 -113.870163142681 -127.540946960449 -146.166004657745 -175.072130203247 -195.048948287964 -212.533676147461 -233.659084320068 -252.383857727051 -256.448925018311 -259.213859558105 -245.567310333252 -257.124095916748 -293.600017547607 -323.287963867188 -332.74295425415 -328.388656616211 -284.883312225342 -267.202217102051 -248.231971740723 -232.215255737305 -219.230323791504 -205.701307296753 -210.391242980957 -205.619594573975 -293.09513092041 -353.134407043457 -425.221611022949 -445.503273010254 -461.221748352051 -460.133682250977 -468.589332580566 -473.197219848633 -474.636093139648 -472.759803771973 -471.417121887207 -709.880844116211 -703.374130249023 -696.317886352539 -688.379058837891 -678.23127746582 -668.437896728516 -658.804000854492 -647.504516601562
-118.998084783554 -134.349994659424 -155.373951911926 -158.120410919189 -185.29541015625 -207.291069030762 -229.836261749268 -237.075550079346 -245.979581832886 -254.602638244629 -265.188018798828 -286.100620269775 -330.374526977539 -364.242904663086 -345.093631744385 -355.386215209961 -378.030181884766 -334.922794342041 -334.85570526123 -324.456966400146 -329.695991516113 -299.234592437744 -273.358177185059 -221.366399765015 -219.171089172363 -303.320514678955 -396.858520507812 -434.339302062988 -453.279365539551 -468.359352111816 -475.186462402344 -479.74405670166 -489.570236206055 -488.266723632812 -489.680152893066 -480.965576171875 -721.472808837891 -713.267684936523 -704.53694152832 -694.963485717773 -683.174041748047 -671.712112426758 -660.417007446289 -649.616409301758
-204.896766662598 -222.626934051514 -247.229675292969 -261.049489974976 -292.261028289795 -315.326801300049 -338.088352203369 -338.995155334473 -338.736476898193 -362.826107025146 -365.494022369385 -377.97513961792 -376.826686859131 -416.701599121094 -426.372604370117 -446.217414855957 -418.631378173828 -376.53532409668 -412.168251037598 -406.617462158203 -382.252746582031 -353.504135131836 -281.495010375977 -225.705530166626 -252.026798248291 -325.468570709229 -365.414920806885 -445.546211242676 -453.719696044922 -482.53254699707 -480.978134155273 -497.59546661377 -497.539413452148 -500.027679443359 -495.485580444336 -741.190734863281 -736.068420410156 -725.476989746094 -714.437377929688 -702.640823364258 -688.672386169434 -675.066307067871 -661.671310424805 -651.58137512207
-317.556297302246 -282.043188095093 -370.160774230957 -374.594429016113 -405.077079772949 -437.318958282471 -440.426876068115 -444.718502044678 -447.823261260986 -489.848838806152 -488.641723632812 -485.745246887207 -452.133171081543 -462.690216064453 -497.092216491699 -478.787696838379 -459.190185546875 -452.329032897949 -426.179862976074 -438.180084228516 -408.069473266602 -319.587028503418 -254.116397857666 -234.63353729248 -295.795127868652 -383.47972869873 -399.496711730957 -419.899559020996 -466.93773651123 -500.089836120605 -506.313163757324 -506.580444335938 -507.92057800293 -511.554336547852 -508.012672424316 -757.63395690918 -751.569122314453 -738.768096923828 -725.392211914062 -711.297317504883 -695.048721313477 -679.201927185059 -663.62532043457 -654.04109954834
-395.852180480957 -353.306938171387 -448.933288574219 -472.586601257324 -525.722351074219 -544.790084838867 -525.46208190918 -564.341270446777 -560.748229980469 -557.925987243652 -579.730667114258 -562.446060180664 -546.25333404541 -458.998352050781 -521.199768066406 -510.934303283691 -493.627616882324 -476.102592468262 -459.59733581543 -467.804153442383 -416.759719848633 -324.801246643066 -262.993015289307 -283.571750640869 -367.1875 -433.612197875977 -469.343292236328 -485.022506713867 -502.475044250488 -511.785369873047 -500.534332275391 -521.266830444336 -529.253868103027 -516.00609588623 -526.872207641602 -773.789031982422 -766.422210693359 -751.211227416992 -735.274261474609 -718.531677246094 -699.188888549805 -680.199028015137 -661.453552246094 -652.438529968262
-398.778816223145 -423.798263549805 -480.99787902832 -535.84757232666 -563.691619873047 -585.33731842041 -579.739234924316 -626.76220703125 -583.865600585938 -620.692771911621 -609.682250976562 -592.331657409668 -571.715362548828 -499.539817810059 -531.616348266602 -523.34253692627 -492.590538024902 -496.038208007812 -484.800498962402 -473.523422241211 -437.811431884766 -349.073802947998 -280.036499023438 -320.041316986084 -330.476608276367 -390.825370788574 -453.624389648438 -468.000991821289 -473.573188781738 -502.985969543457 -540.449165344238 -545.789070129395 -531.071495056152 -545.325248718262 -543.00732421875 -788.921203613281 -779.202362060547 -761.31657409668 -742.580413818359 -722.810241699219 -699.141647338867 -675.860389709473 -652.891288757324 -645.051040649414
-464.244735717773 -500.904136657715 -483.072891235352 -554.948600769043 -588.862716674805 -616.126823425293 -620.196960449219 -647.885093688965 -643.615867614746 -638.19303894043 -627.433738708496 -607.910537719727 -581.306762695312 -533.879730224609 -549.361366271973 -529.848342895508 -507.114936828613 -498.806137084961 -488.811172485352 -455.173599243164 -400.376808166504 -371.682609558105 -300.569915771484 -290.716495513916 -314.420478820801 -373.929588317871 -403.530769348145 -429.636169433594 -454.367858886719 -537.714485168457 -546.717109680176 -503.998138427734 -564.282020568848 -564.508918762207 -810.63996887207 -803.945526123047 -791.760543823242 -771.074798583984 -749.490447998047 -726.718963623047 -698.688919067383 -671.196800231934 -644.213348388672 -637.501754760742
-493.814102172852 -533.180595397949 -532.963455200195 -580.145950317383 -612.071754455566 -638.484504699707 -662.42064666748 -669.028869628906 -664.787528991699 -657.189331054688 -643.916702270508 -624.353416442871 -572.612464904785 -567.706260681152 -542.05265045166 -536.36449432373 -510.219863891602 -502.831344604492 -473.178039550781 -432.623123168945 -377.928653717041 -359.350036621094 -372.589988708496 -346.297637939453 -324.109981536865 -358.743762969971 -373.033142089844 -404.349105834961 -461.61009979248 -477.058364868164 -517.142929077148 -573.448661804199 -586.585708618164 -836.500381469727 -828.386413574219 -818.925827026367 -804.21240234375 -780.668518066406 -756.230590820312 -730.526596069336 -698.071846008301 -666.52010345459 -635.977615356445 -630.238105773926
-514.89208984375 -551.36402130127 -578.301864624023 -602.45108795166 -624.564270019531 -652.123115539551 -670.90283203125 -674.181358337402 -617.842796325684 -656.567237854004 -653.918006896973 -631.098411560059 -605.229415893555 -588.009796142578 -559.843521118164 -534.794776916504 -496.985969543457 -475.429237365723 -451.665496826172 -399.429962158203 -409.503799438477 -419.161315917969 -426.348754882812 -343.23388671875 -323.778060913086 -367.792430877686 -451.939361572266 -491.468780517578 -498.572090148926 -564.481147766113 -576.870468139648 -593.034324645996 -847.723846435547 -843.201141357422 -833.305160522461 -822.033416748047 -805.414581298828 -778.983428955078 -751.669876098633 -723.628890991211 -692.611862182617 -662.732215881348 -634.131744384766 -627.716117858887
-532.493125915527 -558.118492126465 -576.488014221191 -560.464561462402 -605.129943847656 -650.397811889648 -666.080436706543 -595.919937133789 -613.365440368652 -663.53231048584 -651.041114807129 -627.77416229248 -609.205284118652 -549.237884521484 -549.699638366699 -525.816780090332 -487.960273742676 -471.869010925293 -412.751594543457 -426.617706298828 -441.428016662598 -395.951354980469 -361.125297546387 -335.566123962402 -319.169509887695 -373.884628295898 -481.073463439941 -535.459823608398 -553.02067565918 -568.737365722656 -571.601356506348 -586.423561096191 -853.021911621094 -847.825820922852 -836.581207275391 -823.89875793457 -805.743515014648 -776.681945800781 -746.84294128418 -716.697799682617 -687.36124420166 -659.205810546875 -632.461494445801 -625.375495910645
-528.604057312012 -558.174034118652 -582.958518981934 -559.659149169922 -587.356590270996 -565.54264831543 -578.539482116699 -601.13484954834 -644.042175292969 -632.171058654785 -647.863746643066 -619.628005981445 -608.745452880859 -540.36254119873 -517.512229919434 -510.26155090332 -453.983306884766 -457.390144348145 -446.170043945312 -438.154335021973 -406.111839294434 -373.493896484375 -323.20336151123 -297.342468261719 -316.538272857666 -376.341270446777 -421.657676696777 -516.23184967041 -569.402565002441 -594.348335266113 -601.800430297852 -604.210067749023 -857.789138793945 -851.965347290039 -839.380065917969 -825.334106445312 -805.734512329102 -774.086059570312 -741.972473144531 -709.887619018555 -682.545570373535 -656.194305419922 -631.121406555176 -623.294578552246
-528.923049926758 -556.460136413574 -540.094383239746 -565.650421142578 -542.850517272949 -592.729339599609 -624.351348876953 -602.059280395508 -620.995788574219 -647.125564575195 -602.944198608398 -608.565879821777 -580.655143737793 -521.096549987793 -498.762245178223 -454.151176452637 -390.781860351562 -381.967479705811 -396.365272521973 -421.463851928711 -419.538963317871 -403.913208007812 -310.122592926025 -282.582408905029 -307.951274871826 -367.15258026123 -429.944831848145 -478.119277954102 -556.515533447266 -590.289207458496 -597.285873413086 -597.739845275879 -856.768981933594 -850.478866577148 -837.057891845703 -822.202667236328 -802.25846862793 -770.291351318359 -738.309265136719 -706.600761413574 -681.338523864746 -656.890007019043 -633.573104858398 -626.308250427246
-539.501197814941 -547.370712280273 -547.123641967773 -528.142364501953 -554.324104309082 -619.682922363281 -626.741729736328 -627.618873596191 -596.072929382324 -591.270530700684 -553.313385009766 -550.864227294922 -496.74658203125 -464.948921203613 -431.245101928711 -401.43567276001 -406.29239654541 -410.828582763672 -361.582496643066 -377.739585876465 -391.598922729492 -390.766708374023 -297.771663665771 -262.948577880859 -291.158504486084 -355.368705749512 -440.704467773438 -516.639533996582 -545.020095825195 -575.616775512695 -589.159454345703 -848.602874755859 -850.417953491211 -844.158126831055 -830.664123535156 -815.717254638672 -796.364242553711 -765.670074462891 -735.238098144531 -705.097061157227 -681.789939880371 -659.136611938477 -637.463745117188 -631.070556640625
-528.362098693848 -533.092613220215 -543.514686584473 -521.76342010498 -536.222007751465 -590.129188537598 -582.938629150391 -613.47102355957 -591.444969177246 -550.271102905273 -538.900817871094 -502.195472717285 -478.310890197754 -495.463066101074 -462.786506652832 -416.823059082031 -407.412712097168 -327.525066375732 -289.399730682373 -279.354816436768 -293.590805053711 -315.70979309082 -256.552585601807 -241.506107330322 -282.308776855469 -332.080150604248 -374.188575744629 -435.478927612305 -482.853309631348 -568.006141662598 -580.494415283203 -842.211578369141 -843.583236694336 -837.385147094727 -823.86784362793 -809.037551879883 -790.456680297852 -761.281997680664 -732.449417114258 -703.852416992188 -682.408409118652 -661.5810546875 -641.698356628418 -636.335464477539
-512.369750976562 -503.391937255859 -517.672317504883 -511.235549926758 -538.038597106934 -547.108711242676 -568.795845031738 -596.714431762695 -596.742362976074 -571.133590698242 -535.807716369629 -488.551605224609 -451.571102142334 -447.766403198242 -431.01392364502 -417.22900390625 -363.836032867432 -317.112247467041 -306.311573028564 -248.191082000732 -249.136367797852 -251.087314605713 -221.953220367432 -223.392063140869 -272.82958984375 -341.952194213867 -425.503303527832 -484.861633300781 -492.554336547852 -561.592498779297 -576.778030395508 -558.399551391602 -837.600769042969 -831.315994262695 -816.857528686523 -801.058410644531 -782.220672607422 -754.49104309082 -727.172912597656 -700.154876708984 -681.549346923828 -663.831901550293 -647.176475524902 -642.461212158203
-495.902656555176 -519.872222900391 -494.224472045898 -507.05103302002 -521.854637145996 -545.751708984375 -571.064643859863 -560.945838928223 -573.451637268066 -569.046951293945 -536.479827880859 -484.351371765137 -419.706302642822 -443.346374511719 -418.787048339844 -388.057144165039 -318.620876312256 -288.576885223389 -255.501068115234 -234.714023590088 -215.071077346802 -228.443153381348 -203.583351135254 -228.909790039062 -287.991390228271 -356.51961517334 -449.500297546387 -473.794570922852 -526.206649780273 -561.319137573242 -569.505241394043 -565.099258422852 -835.632293701172 -828.339004516602 -809.38330078125 -789.229049682617 -767.574615478516 -741.682266235352 -716.25569152832 -691.187683105469 -677.855674743652 -665.695701599121 -654.55297088623 -649.950164794922
-480.734489440918 -487.919624328613 -483.479721069336 -519.403602600098 -538.698577880859 -530.119346618652 -534.987991333008 -504.64013671875 -542.50798034668 -540.965950012207 -530.128150939941 -436.799598693848 -392.161815643311 -365.696495056152 -337.507953643799 -329.248401641846 -278.958961486816 -248.93225479126 -242.359832763672 -216.265434265137 -201.007360458374 -199.569316864014 -205.977851867676 -239.034587860107 -333.423816680908 -402.597328186035 -440.339111328125 -489.62622833252 -520.625679016113 -543.148414611816 -549.755569458008 -563.424247741699 -570.001861572266 -825.119277954102 -801.477523803711 -776.955963134766 -752.275299072266 -728.258178710938 -704.838714599609 -681.912612915039 -673.905616760254 -667.391799926758 -661.539619445801 -657.127937316895
-501.516021728516 -489.369697570801 -473.724868774414 -476.520942687988 -489.91382598877 -505.36865234375 -500.079467773438 -498.52473449707 -478.459526062012 -482.068229675293 -442.734428405762 -395.477462768555 -346.019237518311 -337.13005065918 -327.586116790771 -288.743774414062 -259.279964447021 -240.681104660034 -218.209136962891 -187.969018936157 -184.053457260132 -194.056800842285 -212.130113601685 -228.300148010254 -287.128582000732 -375.426544189453 -431.702835083008 -472.222961425781 -501.211463928223 -506.989036560059 -498.756721496582 -551.113830566406 -554.017997741699 -821.724273681641 -793.273834228516 -764.399505615234 -736.50732421875 -714.420257568359 -693.09203338623 -672.427757263184 -669.772247314453 -668.888244628906 -667.862777709961 -663.661003112793
