indici/fabbisogno02.asc
NCOLS 177 
NROWS 174 
XLLCORNER 1436301.375 
YLLCORNER 4916704.5 
CELLSIZE 1500 
NODATA_value -9999 
[rows 69 to 91 of 174, columns 0 to 52 of 177]
-9999 -9999 -9999 -9999 -9999 -9999 -9999 -9999 -9999 -9999 -9999 -9999 -9999 -9999 -9999 -9999 -9999 -9999 -9999 -9999 -78.7618255615234 -79.5046691894531 -79.878791809082 -79.927360534668 -80.123893737793 -80.5358352661133 -81.8063430786133 -84.0370712280273 -86.5132293701172 -89.3817977905273 -92.2279281616211 -94.615837097168 -96.2536773681641 -96.6991577148438 -95.9640579223633 -94.1599349975586 -91.7921371459961 -89.058219909668 -86.5764312744141 -84.4293518066406 -82.9985885620117 -82.7939758300781 -83.1208648681641 -83.9906921386719 -85.6758499145508 -87.8884963989258 -90.3834762573242 -92.7497940063477 -94.7140197753906 -96.1092071533203 -96.7540054321289 -96.4211044311523 -95.4418106079102
-9999 -9999 -9999 -9999 -9999 -9999 -9999 -9999 -9999 -9999 -9999 -9999 -9999 -9999 -9999 -9999 -9999 -9999 -9999 -76.6644744873047 -77.9579238891602 -78.4890823364258 -78.6666488647461 -78.6710739135742 -78.8249893188477 -79.5179977416992 -80.9028472900391 -83.1119232177734 -85.9333801269531 -88.7706451416016 -91.5023727416992 -93.6824264526367 -94.9946899414062 -95.032958984375 -93.8520965576172 -92.0414047241211 -89.6679763793945 -87.1678771972656 -84.9107513427734 -83.0321884155273 -81.984245300293 -82.02587890625 -82.4928436279297 -83.5198059082031 -85.2805252075195 -87.6522827148438 -90.1897506713867 -92.709114074707 -94.759765625 -96.2660140991211 -97.1470947265625 -96.922233581543 -95.7578277587891
-9999 -9999 -9999 -9999 -9999 -9999 -9999 -9999 -9999 -9999 -9999 -9999 -9999 -9999 -9999 -9999 -9999 -9999 -9999 -76.9971389770508 -77.528190612793 -77.5818557739258 -77.6561965942383 -77.5194931030273 -77.7222366333008 -78.5312805175781 -80.0172271728516 -82.371208190918 -85.0631332397461 -87.8821029663086 -90.4806137084961 -92.3899307250977 -93.195426940918 -93.0177307128906 -91.6547088623047 -89.6851959228516 -87.3189849853516 -84.9984359741211 -83.0264358520508 -81.5253295898438 -80.6983871459961 -80.8643264770508 -81.4300918579102 -82.7162322998047 -84.7692718505859 -86.9565124511719 -89.3562469482422 -91.8228073120117 -93.9041519165039 -95.7049713134766 -96.6354598999023 -96.5977096557617 -95.5414428710938
-9999 -9999 -9999 -9999 -9999 -9999 -9999 -9999 -9999 -9999 -9999 -9999 -9999 -9999 -9999 -9999 -9999 -9999 -9999 -9999 -77.4331665039062 -76.8685760498047 -76.4907913208008 -76.266716003418 -76.4396362304688 -77.4263916015625 -79.0544967651367 -81.4846572875977 -84.1819152832031 -86.9798355102539 -89.515998840332 -91.1233139038086 -91.6009292602539 -90.9087677001953 -89.2955780029297 -87.2038040161133 -84.8442230224609 -82.8178634643555 -81.0254058837891 -79.8468856811523 -79.2032775878906 -79.3311462402344 -80.5112152099609 -82.1221084594727 -84.1208419799805 -86.1968841552734 -88.4021148681641 -90.6440048217773 -92.7689208984375 -94.6049194335938 -95.6606750488281 -95.7531967163086 -94.7837600708008
-9999 -9999 -9999 -9999 -9999 -9999 -9999 -9999 -9999 -9999 -9999 -9999 -9999 -9999 -9999 -9999 -9999 -9999 -9999 -9999 -76.5453186035156 -75.6883850097656 -74.9489517211914 -74.5918273925781 -74.8359527587891 -75.8496780395508 -77.7969818115234 -80.3754577636719 -83.1726913452148 -85.9102783203125 -88.297966003418 -89.7573165893555 -89.9729843139648 -88.9592742919922 -87.021110534668 -84.8371124267578 -82.7248916625977 -80.6855316162109 -79.1831741333008 -78.315315246582 -78.0320816040039 -78.4800415039062 -79.7684555053711 -81.5522155761719 -83.4626770019531 -85.5048446655273 -87.5827789306641 -89.5629653930664 -91.7327346801758 -93.4502487182617 -94.55810546875 -94.7012710571289 -93.8598403930664
-9999 -9999 -9999 -9999 -9999 -9999 -9999 -9999 -9999 -9999 -9999 -9999 -9999 -9999 -9999 -9999 -9999 -9999 -9999 -9999 -9999 -73.4801559448242 -72.8880233764648 -72.5327301025391 -72.7731094360352 -74.0636596679688 -76.1281509399414 -79.0243759155273 -81.9100799560547 -84.8061141967773 -87.0548248291016 -88.2478713989258 -88.3102111816406 -87.1581497192383 -85.1800155639648 -83.0194091796875 -80.9857711791992 -79.199951171875 -77.8732070922852 -77.2311782836914 -77.2482376098633 -78.001350402832 -79.2992935180664 -81.0261001586914 -83.2094573974609 -85.1997680664062 -87.1194839477539 -89.0121536254883 -90.7615203857422 -92.2816314697266 -93.0217971801758 -93.4289016723633 -93.0595932006836
-9999 -9999 -9999 -9999 -9999 -9999 -9999 -9999 -9999 -9999 -9999 -9999 -9999 -9999 -9999 -9999 -9999 -9999 -9999 -9999 -9999 -70.2031021118164 -69.7789535522461 -69.8164443969727 -70.3675079345703 -71.8495407104492 -74.1794128417969 -77.2367172241211 -80.4588470458984 -83.4658126831055 -85.8481597900391 -87.035041809082 -86.9434661865234 -85.7755126953125 -83.8395843505859 -81.8210754394531 -79.8805084228516 -78.2246170043945 -77.0974426269531 -76.6268615722656 -76.9115753173828 -77.8217086791992 -79.3964614868164 -81.1419982910156 -82.8984222412109 -84.7282791137695 -86.4779891967773 -88.2747344970703 -89.8183975219727 -91.0309906005859 -92.089729309082 -92.3327178955078 -92.0288238525391
-9999 -9999 -9999 -9999 -9999 -9999 -9999 -9999 -9999 -9999 -9999 -9999 -9999 -9999 -9999 -9999 -9999 -9999 -9999 -9999 -9999 -9999 -9999 -9999 -67.5018768310547 -69.4111862182617 -72.0547790527344 -75.1898422241211 -78.8228454589844 -82.1618957519531 -84.6661682128906 -85.9862747192383 -85.8852310180664 -84.6985244750977 -82.9449615478516 -81.0018844604492 -79.1395874023438 -77.6047668457031 -76.6579742431641 -76.4127960205078 -76.8364868164062 -77.9402160644531 -79.6133041381836 -81.329345703125 -83.0608901977539 -84.6965103149414 -86.4635543823242 -88.0944366455078 -89.4129104614258 -90.4615478515625 -91.1788940429688 -91.4694061279297 -91.01171875
-9999 -9999 -9999 -9999 -9999 -9999 -9999 -9999 -9999 -9999 -9999 -9999 -9999 -9999 -9999 -9999 -9999 -9999 -9999 -9999 -9999 -9999 -9999 -9999 -64.1839370727539 -66.6491622924805 -69.8961791992188 -73.6186981201172 -77.4888229370117 -81.1196060180664 -83.8982009887695 -85.4242324829102 -85.4954528808594 -84.3229904174805 -82.6683044433594 -80.7812805175781 -79.020881652832 -77.4623489379883 -76.6024780273438 -76.3805160522461 -76.8764190673828 -78.1529006958008 -79.763427734375 -81.4857635498047 -83.1951751708984 -84.84716796875 -86.4769973754883 -87.9013824462891 -89.0178604125977 -90.0280227661133 -90.3188400268555 -90.1783599853516 -89.6371154785156
-9999 -9999 -9999 -9999 -9999 -9999 -9999 -9999 -9999 -9999 -9999 -9999 -9999 -9999 -9999 -9999 -9999 -9999 -9999 -9999 -9999 -9999 -9999 -9999 -60.6609992980957 -64.0280456542969 -67.9974670410156 -72.3132019042969 -76.4771881103516 -80.4093704223633 -83.4882049560547 -85.2686004638672 -85.7005004882812 -84.7645645141602 -82.9395370483398 -80.9976425170898 -79.1250839233398 -77.6061172485352 -76.6349411010742 -76.3853302001953 -77.0062789916992 -78.1545333862305 -79.6974487304688 -81.4092712402344 -83.1219482421875 -84.6733856201172 -86.196907043457 -87.4649047851562 -88.364372253418 -89.1678619384766 -89.224479675293 -88.7241134643555 -88.0724487304688
-9999 -9999 -9999 -9999 -9999 -9999 -9999 -9999 -9999 -9999 -9999 -9999 -9999 -9999 -9999 -9999 -9999 -9999 -9999 -9999 -9999 -9999 -9999 -9999 -57.4890365600586 -61.7867317199707 -66.4426193237305 -71.4389190673828 -76.2890472412109 -80.6168823242188 -83.8498611450195 -85.9031372070312 -86.1591110229492 -85.3611755371094 -83.4591522216797 -81.1084976196289 -79.2570953369141 -77.6667251586914 -76.7346954345703 -76.4397354125977 -76.9128036499023 -77.9052658081055 -79.2955856323242 -81.0065078735352 -82.5997314453125 -84.0744476318359 -85.4711990356445 -86.4966812133789 -87.3001556396484 -87.8345336914062 -87.7148971557617 -87.0984497070312 -86.3871154785156
-9999 -9999 -9999 -9999 -9999 -9999 -9999 -9999 -9999 -9999 -9999 -9999 -9999 -9999 -9999 -9999 -9999 -9999 -9999 -9999 -9999 -9999 -9999 -9999 -9999 -9999 -65.2169876098633 -70.9738388061523 -76.6216430664062 -81.4339752197266 -85.0935440063477 -87.1703872680664 -87.621826171875 -86.4995880126953 -84.2811126708984 -81.8646697998047 -79.5911407470703 -77.7707214355469 -76.5807647705078 -76.1101989746094 -76.4004058837891 -77.2223052978516 -78.4183731079102 -79.905143737793 -81.4718627929688 -82.8344268798828 -84.0227966308594 -84.977409362793 -85.6131973266602 -85.8833389282227 -85.6860504150391 -85.0720443725586 -84.4110412597656
-9999 -9999 -9999 -9999 -9999 -9999 -9999 -9999 -9999 -9999 -9999 -9999 -9999 -9999 -9999 -9999 -9999 -9999 -9999 -9999 -9999 -9999 -9999 -9999 -9999 -9999 -64.2053451538086 -70.8036575317383 -77.1308822631836 -82.6344146728516 -86.7976837158203 -88.9858856201172 -89.2473526000977 -87.8989105224609 -85.3664627075195 -82.3875732421875 -79.5521545410156 -77.4000244140625 -75.9618377685547 -75.1628875732422 -75.2570571899414 -75.8758087158203 -76.8376693725586 -78.1087188720703 -79.4537353515625 -80.7559051513672 -81.7960205078125 -82.6566314697266 -83.1094360351562 -83.1912689208984 -83.0624313354492 -82.544792175293 -81.9764175415039
-9999 -9999 -9999 -9999 -9999 -9999 -9999 -9999 -9999 -9999 -9999 -9999 -9999 -9999 -9999 -9999 -9999 -9999 -9999 -9999 -9999 -9999 -9999 -9999 -9999 -56.3094215393066 -63.2280006408691 -70.4862747192383 -77.530029296875 -83.7691955566406 -88.2433319091797 -90.4880676269531 -90.6542739868164 -89.0143203735352 -86.049934387207 -82.526237487793 -79.2723007202148 -76.4072799682617 -74.5186309814453 -73.5618057250977 -73.3135452270508 -73.6597671508789 -74.3821258544922 -75.4730224609375 -76.6383590698242 -77.7248916625977 -78.7473297119141 -79.6250762939453 -80.1297454833984 -80.2680969238281 -80.2474212646484 -79.9509506225586 -79.7357177734375
-9999 -9999 -9999 -9999 -9999 -9999 -9999 -9999 -9999 -9999 -9999 -9999 -9999 -9999 -9999 -9999 -9999 -9999 -9999 -9999 -9999 -9999 -9999 -9999 -9999 -54.5584030151367 -62.1623001098633 -70.0192489624023 -77.6600570678711 -84.3127365112305 -88.8295364379883 -91.0969085693359 -91.3098754882812 -89.3354415893555 -85.9041900634766 -82.0362014770508 -78.1647415161133 -74.8523101806641 -72.5378952026367 -71.1214447021484 -70.5637817382812 -70.6493988037109 -71.2253494262695 -72.1519088745117 -73.2357177734375 -74.3355102539062 -75.3798599243164 -76.2987289428711 -76.8854675292969 -77.1867446899414 -77.4065246582031 -77.5107498168945 -77.5104217529297
-9999 -9999 -9999 -9999 -9999 -9999 -9999 -9999 -9999 -9999 -9999 -9999 -9999 -9999 -9999 -9999 -9999 -9999 -9999 -9999 -9999 -9999 -9999 -9999 -9999 -9999 -60.9693832397461 -69.1888885498047 -77.3722229003906 -84.2038650512695 -88.692512512207 -90.8757019042969 -90.5791931152344 -88.1760864257812 -84.5937423706055 -80.3748550415039 -76.1088256835938 -72.4716491699219 -69.7880706787109 -68.0976333618164 -67.2036209106445 -67.0025100708008 -67.4269714355469 -68.3315048217773 -69.4548492431641 -70.7042007446289 -71.8991165161133 -72.9097595214844 -73.6767196655273 -74.1703948974609 -74.6114044189453 -74.9484405517578 -75.43798828125
-9999 -9999 -9999 -9999 -9999 -9999 -9999 -9999 -9999 -9999 -9999 -9999 -9999 -9999 -9999 -9999 -9999 -9999 -9999 -9999 -9999 -9999 -9999 -9999 -9999 -9999 -9999 -67.8674087524414 -76.0866165161133 -82.9567108154297 -87.3771286010742 -89.2086181640625 -88.5273818969727 -85.8929672241211 -82.0242614746094 -77.5512008666992 -73.0491714477539 -69.1999053955078 -66.3082962036133 -64.3967971801758 -63.2888069152832 -62.9226455688477 -63.3081245422363 -64.23291015625 -65.5187835693359 -67.0179977416992 -68.4577255249023 -69.7608947753906 -70.8645248413086 -71.6872024536133 -72.2382278442383 -72.7945327758789 -73.6347351074219
-9999 -9999 -9999 -9999 -9999 -9999 -9999 -9999 -9999 -9999 -9999 -9999 -9999 -9999 -9999 -9999 -9999 -9999 -9999 -9999 -9999 -9999 -9999 -9999 -9999 -9999 -9999 -65.8173065185547 -73.6777648925781 -80.0711669921875 -84.3292999267578 -85.8150939941406 -84.9329681396484 -82.144660949707 -78.1692504882812 -73.6495819091797 -69.0383529663086 -65.2042999267578 -62.2087478637695 -60.1492080688477 -59.0278968811035 -58.6740531921387 -59.0611381530762 -60.1161460876465 -61.6677207946777 -63.3650856018066 -65.2332000732422 -66.9731292724609 -68.4672393798828 -69.6992797851562 -70.7128219604492 -71.6465835571289 -72.7638854980469
-9999 -9999 -9999 -9999 -9999 -9999 -9999 -9999 -9999 -9999 -9999 -9999 -9999 -9999 -9999 -9999 -9999 -9999 -9999 -9999 -9999 -9999 -9999 -9999 -9999 -9999 -9999 -62.7121467590332 -69.9291610717773 -75.8254776000977 -79.47314453125 -80.7590713500977 -79.775276184082 -76.9895248413086 -73.0791244506836 -68.6269302368164 -64.2711410522461 -60.5812377929688 -57.6400947570801 -55.6696510314941 -54.6644630432129 -54.4119148254395 -54.9915008544922 -56.301383972168 -58.0307693481445 -60.1818199157715 -62.4281234741211 -64.6677398681641 -66.6780166625977 -68.4460678100586 -69.95068359375 -71.4074859619141 -72.8074951171875
-9999 -9999 -9999 -9999 -9999 -9999 -9999 -9999 -9999 -9999 -9999 -9999 -9999 -9999 -9999 -9999 -9999 -9999 -9999 -9999 -9999 -9999 -9999 -9999 -9999 -9999 -9999 -58.4318046569824 -64.9121932983398 -70.1045837402344 -73.1163940429688 -74.1019744873047 -73.1573944091797 -70.6169204711914 -66.9735336303711 -62.8532371520996 -58.9821434020996 -55.6429405212402 -52.9561729431152 -51.2234725952148 -50.3745536804199 -50.4652137756348 -51.2423210144043 -52.8225708007812 -55.0046730041504 -57.6081809997559 -60.4514961242676 -63.2736587524414 -65.8770599365234 -68.1558074951172 -70.2489166259766 -72.1388702392578 -73.7536926269531
-9999 -9999 -9999 -9999 -9999 -9999 -9999 -9999 -9999 -9999 -9999 -9999 -9999 -9999 -9999 -9999 -9999 -9999 -9999 -9999 -9999 -9999 -9999 -9999 -9999 -9999 -9999 -52.861499786377 -58.5270347595215 -63.0000991821289 -65.5751037597656 -66.3209457397461 -65.406135559082 -63.2260818481445 -60.2393569946289 -56.7819900512695 -53.5310592651367 -50.7092361450195 -48.5173835754395 -47.1013450622559 -46.5075607299805 -46.8782119750977 -48.0826988220215 -50.0595664978027 -52.7033920288086 -55.8506278991699 -59.2024612426758 -62.544189453125 -65.7340240478516 -68.5697174072266 -71.1362762451172 -73.2991027832031 -74.9467010498047
-9999 -9999 -9999 -9999 -9999 -9999 -9999 -9999 -9999 -9999 -9999 -9999 -9999 -9999 -9999 -9999 -9999 -9999 -9999 -9999 -9999 -9999 -9999 -9999 -9999 -9999 -9999 -9999 -51.1892471313477 -54.9070892333984 -57.2334403991699 -58.014461517334 -57.430492401123 -55.7690200805664 -53.4483375549316 -50.8265800476074 -48.2640953063965 -46.0981674194336 -44.4055862426758 -43.4304809570312 -43.2914657592773 -44.0526885986328 -45.681095123291 -48.0795669555664 -51.2018280029297 -54.9075775146484 -58.8386154174805 -62.7827072143555 -66.4915161132812 -69.7718048095703 -72.6310195922852 -74.7640075683594 -76.3266754150391
-9999 -9999 -9999 -9999 -9999 -9999 -9999 -9999 -9999 -9999 -9999 -9999 -9999 -9999 -9999 -9999 -9999 -9999 -9999 -9999 -9999 -9999 -9999 -9999 -9999 -9999 -9999 -9999 -43.5309638977051 -46.6180305480957 -48.6774711608887 -49.5783157348633 -49.5113143920898 -48.5975952148438 -47.0741806030273 -45.2739181518555 -43.4912528991699 -41.9574966430664 -40.8425598144531 -40.4057540893555 -40.8218879699707 -42.0494956970215 -44.0657234191895 -46.9599914550781 -50.6130828857422 -54.7667617797852 -59.2126045227051 -63.7320671081543 -67.8529739379883 -71.3485336303711 -74.3533248901367 -76.3324813842773 -77.5697631835938
