indici/fabbisogno07.asc
NCOLS 177 
NROWS 174 
XLLCORNER 1436301.375 
YLLCORNER 4916704.5 
CELLSIZE 1500 
NODATA_value -9999 
[rows 80 to 99 of 174, columns 45 to 89 of 177]
-9.41231346130371 -11.7020446777344 -14.179483795166 -16.5731719970703 -19.1199451446533 -21.1830070495605 -23.1313850402832 -24.9355419158936 -26.5348659515381 -28.0787780761719 -29.6335903167725 -30.9084186553955 -32.2125907897949 -33.3310962677002 -33.9330299377441 -33.3399700164795 -32.3008499145508 -31.0132053375244 -26.969994354248 -22.8257102966309 -18.6227771759033 -14.384973526001 -10.2144611358643 -6.6315258026123 -4.30538902282716 -3.49137382507324 -2.575732421875 -1.97735748291016 -2.37211990356445 -2.60323066711426 -2.68083190917969 -2.34488754272461 -1.89644775390626 -1.33619804382325 -0.892154693603516 -0.476995849609381 0.0183872222900305 0.69517097473144 1.39981956481934 2.1096305847168 2.69963417053222 3.02481384277344 3.08157196044921 3.2448673248291 4.25978240966796
-6.44715042114258 -8.39343528747558 -10.6020206451416 -12.6214359283447 -14.94814453125 -16.7801315307617 -18.434748840332 -19.8668045043945 -21.3431056976318 -22.8084987640381 -24.189221572876 -25.2516773223877 -26.3279247283936 -27.267200088501 -27.7613693237305 -27.2872207641602 -26.3638683319092 -25.1929039001465 -21.7451156616211 -18.1751441955566 -14.6663276672363 -10.9832111358643 -7.40364151000976 -3.86259117126465 -2.35531158447266 -1.41411094665527 -0.468218231201178 0.312078857421866 -0.0140205383300867 -0.022622680664071 -0.300055694580081 -0.0790660858154268 0.0519042968749943 0.391964340209952 0.878955841064453 1.34267387390136 1.99069938659667 2.65658187866211 3.65254402160645 4.48421859741211 5.40534591674805 6.11252670288086 6.86065940856933 7.36086921691894 7.9212230682373
-3.60257186889649 -5.12841453552247 -7.00231971740723 -8.72589073181153 -10.7350994110108 -12.1915740966797 -13.487724685669 -14.7208877563477 -16.0336303710938 -17.3632415771484 -18.5641307830811 -19.577668762207 -20.1996364593506 -20.920528793335 -21.5773830413818 -21.1533042907715 -20.3887542724609 -19.3490043640137 -16.5495876312256 -13.6283786773682 -10.6949089050293 -7.67919578552247 -4.6652057647705 -2.2708023071289 -0.479103088378906 0.51450767517089 1.60667343139649 2.30571098327637 2.32464485168457 2.23594017028809 2.00207290649413 2.08943634033203 2.01651687622071 2.10394020080567 2.48661079406737 3.02211952209473 3.82364578247071 4.55110168457031 5.61748847961425 6.75690841674805 7.7634178161621 8.65353202819824 9.53942794799805 10.1093574523926 10.5381954193115
-0.961323928833011 -1.90594787597657 -3.42572174072266 -4.76125946044922 -6.51144332885742 -7.62947044372559 -8.70799713134765 -9.63270263671875 -10.7869205474854 -11.8432987213135 -12.8313701629639 -13.7316715240479 -14.2316047668457 -14.8384647369385 -15.258878326416 -15.026602935791 -14.3915943145752 -13.5395343780518 -11.3341300964355 -9.04302444458008 -6.72819519042969 -4.29521865844727 -1.83589096069336 -0.0467041015624972 1.81386489868164 2.46280822753906 3.58075370788573 4.46158332824707 4.43633193969727 4.34529914855956 4.26911506652831 4.1956111907959 3.92530250549316 3.80135116577148 4.12964477539062 4.60591773986816 5.41692810058593 6.34007568359375 7.70199928283691 8.97397880554199 10.2977405548096 11.2873455047607 12.1762138366699 12.9401863098145 13.2017307281494
1.50619010925293 0.80447692871094 -0.544468307495123 -1.75108528137207 -3.26646003723145 -4.49227752685547 -5.48551025390626 -6.23938293457032 -7.39902801513672 -8.55582809448242 -9.44449691772461 -10.0403480529785 -10.4804588317871 -10.7117698669434 -10.9245525360108 -10.4492527008057 -9.6398738861084 -8.5595069885254 -6.4346908569336 -4.30412139892579 -2.12204017639161 -0.0324619293212862 2.04537696838379 3.53089485168456 4.83226432800292 5.71744346618652 6.35443305969238 7.03145828247069 7.01526184082032 6.93050575256348 6.8756664276123 6.76311950683593 6.52326736450195 6.40214805603027 6.76733055114745 7.17115249633788 7.93084754943847 8.76027374267578 9.92763214111328 11.1679622650147 12.3881259918213 13.2995239257812 14.0441688537598 14.7370658874512 14.9710556030273
4.34543609619141 3.47973823547363 2.20162048339843 1.11688995361328 -0.418019866943368 -1.70841484069824 -2.7735050201416 -3.43680839538574 -4.64122657775879 -5.5970386505127 -6.66691017150879 -6.95292472839355 -7.11705474853515 -7.2417652130127 -6.97557144165039 -6.12269935607911 -5.03422012329102 -3.72815742492676 -1.62619171142579 0.492990112304682 2.61822547912597 4.41451377868653 6.17272453308105 7.51253623962403 8.40561981201172 9.05430297851562 9.69599609375 9.83701744079589 9.63007850646973 9.55909271240235 9.49759788513184 9.36975898742675 9.22544898986816 9.18185195922851 9.37523880004882 9.84734497070312 10.432315826416 11.2126132965088 12.3585456848144 13.3835708618164 14.5553153991699 15.3397083282471 16.0854217529297 16.6098068237305 16.7105766296387
6.45217437744141 5.82933349609375 5.16385879516601 4.1885398864746 2.59189033508301 1.23230972290038 0.0960845947265625 -0.825913238525388 -1.81428718566895 -2.7708667755127 -3.44037399291993 -3.69650726318359 -3.6520477294922 -3.51657524108887 -3.06278800964355 -1.81661911010742 -0.41208190917969 1.18122329711913 3.24892501831054 5.2704963684082 7.41125144958495 9.05242767333984 10.4279964447021 11.4127620697021 12.0296913146973 12.2808494567871 12.6901359558105 12.5772163391113 12.3942718505859 12.2194770812988 12.1396217346191 11.9771945953369 11.8562351226807 11.813932800293 11.9375152587891 12.3274951934814 12.8550212860107 13.5588409423828 14.6145309448242 15.5223617553711 16.470874786377 17.364737701416 17.8606964111328 18.242219543457 18.4144355773926
9.17501831054688 8.72299118041992 7.88388557434082 6.85084571838378 5.44208679199218 3.82645492553711 2.63767509460449 1.65199737548828 0.71883926391601 -0.103502655029303 -0.783261871337899 -1.02218513488769 -0.774250793457028 -0.477072525024411 0.240302658081049 1.54810905456543 3.14998817443848 4.91831321716309 7.03883285522461 9.1860523223877 11.3471343994141 12.9459426879883 14.2334899902344 15.043998336792 15.5534961700439 15.9017158508301 16.0002914428711 15.8177570343017 15.5877552032471 15.3910556793213 15.2997371673584 15.19521484375 15.0577163696289 15.0447154998779 15.0759948730469 15.3759716033936 15.8077682495117 16.3819347381592 17.0315658569336 17.5784042358398 18.1390377044678 18.8425365447998 19.1926910400391 19.5339637756348 19.7704113006592
11.7076099395752 11.081335067749 10.3007690429688 9.30178794860839 7.79910736083984 6.22124252319335 4.89330520629882 3.75296554565429 2.86134071350098 1.91365585327148 1.07848663330078 1.2739273071289 1.48948249816894 1.87744827270508 2.55069618225097 3.97889633178711 5.62404403686523 7.36788673400879 9.65072822570801 12.0178241729736 14.2831604003906 15.9984008789063 17.4884963989258 18.4203163146973 19.0118427276611 19.4547660827637 19.5149696350098 19.4046340942383 19.1894058227539 19.0798114776611 18.9356632232666 18.873359298706 18.7190040588379 18.6448623657227 18.6861442565918 18.800114440918 19.0813655853271 19.3317729949951 19.4640235900879 19.5642780303955 19.5968719482422 20.0618881225586 20.5137634277344 20.6734783172607 21.0662273406982
13.8650238037109 13.5237468719482 12.443782043457 11.6131175994873 10.3234279632568 8.81306228637695 7.50930480957031 6.48091506958008 5.39953498840332 4.11507987976074 3.50644264221191 3.32461433410644 3.99376335144042 4.3058307647705 5.00091590881347 6.58593788146972 8.19913673400879 9.94901695251464 12.3214363098144 14.8355529785156 17.2866497039795 19.1594348907471 20.7491260528564 21.8427051544189 22.585912322998 22.7326816558838 23.1821125030518 23.2933410644531 22.8606712341309 22.7269836425781 22.5440116882324 22.4531639099121 22.3562259674072 22.3179553985596 22.2848403930664 22.2632881164551 22.3132266998291 22.3225841522217 21.9560955047607 21.5410831451416 21.0998023986816 21.3754768371582 21.6480186462402 21.8111427307129 22.2946662902832
16.2666156768799 16.0339412689209 14.9365505218506 13.9156410217285 12.7433372497559 11.4570388793945 10.2903118133545 9.20606727600098 8.35614204406738 7.28023109436035 6.11534729003905 6.51274642944335 6.73372879028319 6.82279396057129 7.43972320556641 8.83333053588866 10.7252811431885 12.505375289917 14.9835487365723 17.5898281097412 20.1488048553467 22.1242767333984 23.7639556884766 25.0209938049316 25.8520469665527 26.2963638305664 26.3418117523193 26.388143157959 26.1015270233154 25.8874717712402 25.7125438690185 25.6460578918457 25.5724742889404 25.5548301696777 25.4745315551758 25.2398651123047 25.1371906280518 24.7858715057373 24.0526653289795 23.2359169006348 22.4035297393799 22.4904441833496 22.7400981903076 22.7337211608887 23.3135036468506
18.6957427978516 18.0866153717041 16.8395660400391 15.7318405151367 14.8955909729004 13.1068065643311 12.2851734161377 11.3738166809082 10.4870910644531 9.66141471862792 9.33341484069824 9.31870346069336 9.22121124267578 9.56315040588379 9.721626663208 11.0428253173828 12.9681907653809 14.6803321838379 17.0679466247559 19.5818946838379 22.0178977966309 23.9729255676269 25.5139465332031 26.8200527191162 27.6922840118408 27.8608013153076 27.9888786315918 27.9481266021728 27.7877952575684 27.6619037628174 27.5729598999023 27.5531284332275 27.5654056549072 27.6000919342041 27.4867877960205 27.1165729522705 26.8385265350342 26.3569480895996 25.3927024841309 24.3752479553223 23.3877212524414 23.2651809692383 23.4318977355957 23.2489597320557 23.7020038604736
20.701781463623 20.2338535308838 19.4312522888184 17.9094131469727 16.960033416748 15.4399261474609 14.8557350158691 14.2441780090332 13.4482803344727 12.5178722381592 12.1715240478516 11.978874206543 11.8594779968262 12.0243534088135 12.0198482513428 13.5997451782226 15.1904773712158 16.7634937286377 19.1363796234131 21.5033157348633 23.8304424285889 25.6957408905029 27.2625839233398 28.4956146240234 29.4846015930176 29.5289817810059 29.6056522369385 29.5937305450439 29.4590511322021 29.3697910308838 29.3841632843017 29.3953720092773 29.4966541290283 29.6084770202637 29.369958114624 28.9628437042236 28.5219509124756 27.8904567718506 26.6919075012207 25.5201606750488 24.2780540466309 24.0402778625488 23.8893737792969 23.9764301300049 24.0589538574219
22.5052631378174 21.9577419281006 21.3246078491211 20.0694953918457 18.7728523254394 17.8407203674316 17.4010501861572 17.0782539367676 16.2802825927734 15.3294017791748 14.6836948394775 14.7021385192871 14.4892742156982 14.1176113128662 14.6426273345947 15.9209316253662 17.3347957611084 18.8019348144531 21.1061534881592 23.3650630950928 25.5936878204346 27.4287734985352 28.9093730926514 30.3069152832031 31.093595123291 31.0786708831787 31.12717628479 31.2891712188721 31.0572341918945 31.0425266265869 31.1106903076172 31.2487945556641 31.3354057312012 31.4798374176025 31.2732025146484 30.7041358947754 30.0753017425537 29.3264720916748 28.0099166870117 26.6334171295166 25.2194263458252 24.8244728088379 24.5098854064941 24.4092094421387 24.459984588623
23.6779750823975 23.1374717712402 22.3871929168701 21.1450630187988 20.3477806091309 19.381245803833 19.0462490081787 18.8370601654053 18.1277454376221 17.2633087158203 16.9324935913086 16.7762462615967 16.8716003417969 16.6519451141357 16.8261341094971 18.046263885498 19.3605602264404 20.7828006744385 22.9264770507812 25.0675731658935 27.1816783905029 28.8038272857666 30.0957202911377 31.3011539459228 31.9359237670898 31.9759052276611 31.9606384277344 31.9745449066162 31.7705486297607 31.6946552276611 31.6400951385498 31.8136711120605 32.0357929229736 32.2441661834717 32.1690216064453 31.6059581756592 31.0686695098877 30.4588073730469 29.0631458282471 27.7789348602295 26.4698314666748 26.0033870697021 25.5184741973877 25.1292293548584 25.3952171325684
24.7351360321045 24.1866611480713 22.7878425598145 21.8245040893555 20.9921070098877 20.6840984344482 20.4642158508301 20.344181060791 19.6627090454102 18.8569339752197 18.7303039550781 18.8465648651123 18.7157249450684 18.5499851226807 18.7685726165771 20.0074905395508 21.3552955627441 22.7227504730225 24.6873512268066 26.7415336608887 28.7464202880859 30.1508209228516 31.2076301574707 32.1464557647705 32.6868183135986 32.7089889526367 32.6939762115478 32.7015739440918 32.4541492462158 32.2712341308594 32.2082214355469 32.3233741760254 32.5682071685791 32.8861759185791 32.8000328063965 32.340758895874 31.8846817016602 31.3952186584473 30.2138416290283 28.9757389068603 27.7283306121826 27.1226287841797 26.5928810119629 26.0200222015381 26.1959491729736
25.6228443145752 25.0255073547363 23.6357643127441 22.6826133728027 22.1773090362549 21.799129486084 21.6156669616699 21.5483406066895 20.8560737609863 20.0346771240234 20.0308032989502 20.1864158630371 20.3078388214111 20.2698108673096 20.5488983154297 21.7867141723633 23.0796741485596 24.4967967987061 26.3382522583008 28.3178256988525 30.1926280975342 31.4598617553711 32.4398288726807 33.1140556335449 33.482483291626 33.4473045349121 33.4246871948242 33.3848232269287 33.0605098724365 32.8159435272217 32.6104690551758 32.7760265350342 33.1500972747803 33.420524597168 33.4722007751465 33.1382595062256 32.8640827178955 32.4480186462402 31.3191650390625 30.1292274475098 28.9417144775391 28.2882682800293 27.6172515869141 26.9812061309814 27.0133926391602
26.4513492584229 25.4973209381103 24.3356704711914 23.8306282043457 23.6080024719238 23.4943405151367 23.1450927734375 23.0984367370605 22.7833065032959 22.1547855377197 21.3567539215088 21.2896514892578 21.8282112121582 21.9475463867187 22.3103981018066 23.6054885864258 24.8952983856201 26.3146507263184 28.0981517791748 29.88928565979 31.5689720153809 32.6960647583008 33.515548324585 34.0416896820068 34.3647285461426 34.2765430450439 34.2335651397705 34.1720573425293 33.8692226409912 33.5788429260254 33.3409187316895 33.4891216278076 33.7824493408203 34.112943649292 34.1796394348144 33.9682292938232 33.6983089447021 33.353239440918 32.2849586486816 31.1931095123291 30.0734878540039 29.3630809783936 28.6425998687744 27.8883235931396 27.8946964263916
27.1231803894043 26.4462024688721 25.4363048553467 24.8193992614746 24.81647605896 25.0077152252197 25.0026020050049 24.7931240081787 24.262633895874 23.6891529083252 23.2240478515625 22.6362892150879 22.8747577667236 23.5188545227051 23.9898014068604 25.360412979126 26.8053329467773 28.2519302368164 29.8063381195068 31.4325717926025 32.903759765625 33.8522480010986 34.5719535827637 35.0311706542969 35.2530567169189 35.1673816680908 35.1075542449951 35.0437702178955 34.7563453674316 34.5183345794678 34.272327041626 34.3585338592529 34.6300754547119 34.8428516387939 34.8658008575439 34.6848110198975 34.5161743164062 34.2554168701172 33.2205966949463 32.1492618560791 31.1064098358154 30.3912906646729 29.6768600463867 28.8607250213623 28.9193756103516
27.6946491241455 26.9771450042725 26.627364730835 26.1964336395264 25.7632472991943 25.4946022033691 25.3239807128906 25.1242221832275 24.7346645355225 24.3487342834473 24.0590259552002 23.8001258850098 24.4437801361084 24.948416519165 25.6405158996582 27.1022758483887 28.5879104614258 30.0580074310303 31.4721984863281 32.9186817169189 34.242667388916 35.2842838287354 35.63171043396 35.9252174377441 36.083939743042 36.0124576568603 35.9489231109619 35.8882820129395 35.654528427124 35.4419059753418 35.1833431243897 35.1976997375488 35.4056705474853 35.5035758972168 35.5104019165039 35.4020069122314 35.2933120727539 35.0800735473633 34.0970561981201 32.9215808868408 31.9402290344238 31.427367401123 30.659455871582 29.7678451538086 29.8128253936768
