indici/fabbisogno06.asc
NCOLS 177 
NROWS 174 
XLLCORNER 1436301.375 
YLLCORNER 4916704.5 
CELLSIZE 1500 
NODATA_value -9999 
[rows 140 to 159 of 174, columns 44 to 87 of 177]
-51.1784057617188 24.8195060729981 24.2916156768799 26.2211975097656 24.366654586792 20.0756996154785 18.6899787902832 18.3127948760986 18.2269069671631 16.5291297912598 14.5282348632813 13.7418506622314 12.6274662017822 9.50026969909668 7.69691276550293 6.46038360595703 7.16713333129883 6.33025207519532 -66.9872055053711 -66.7041854858398 -66.2611312866211 -65.7961349487305 -65.4621429443359 -65.3468704223633 -65.2355346679688 -65.1503067016602 -65.4881439208984 -65.825439453125 -66.161735534668 -66.7672500610352 -67.4707870483398 -68.1760940551758 -68.8618240356445 -69.5193023681641 -70.1865310668945 -70.8315734863281 -71.2229309082031 -71.6309204101562 -72.0608444213867 -72.7669448852539 -73.5596389770508 -74.3824081420898 -75.4000396728516 -76.6580200195312
-50.8327217102051 28.1161758422852 24.9679931640625 24.5507797241211 25.560147857666 22.0305919647217 19.9120952606201 20.2379859924316 19.9897499084473 19.2533210754395 15.8891780853271 13.8283588409424 11.6054416656494 9.55192108154297 6.86650085449219 5.71063461303712 6.36421279907226 5.6642894744873 -67.409294128418 -67.081787109375 -66.5814819335938 -66.0400848388672 -65.6619720458984 -65.5626602172852 -65.4698944091797 -65.4017105102539 -65.7628402709961 -66.1240692138672 -66.4852600097656 -67.0860061645508 -67.777214050293 -68.4711990356445 -69.1356887817383 -69.7563629150391 -70.3878555297852 -71.0049667358398 -71.4212036132812 -71.8530502319336 -72.3062515258789 -73.0011367797852 -73.7761459350586 -74.5849151611328 -75.5502090454102 -76.7165374755859
-50.4900512695312 -51.0845489501953 24.741618347168 23.6129173278809 22.5909698486328 24.8718185424805 24.2793930053711 23.1572296142578 22.478776550293 20.3719360351563 17.3841678619385 14.0359962463379 11.4625732421875 8.95660934448243 6.23257484436036 4.61314582824707 5.28783569335938 4.7804573059082 -67.8202133178711 -67.4378890991211 -66.8701553344727 -66.2584075927734 -65.8412933349609 -65.7641830444336 -65.7063369750977 -65.6761932373047 -66.0821533203125 -66.4748687744141 -66.8448715209961 -67.4249267578125 -68.0878753662109 -68.7706069946289 -69.4143218994141 -69.9982604980469 -70.5940628051758 -71.1822891235352 -71.6234436035156 -72.0799255371094 -72.5581741333008 -73.2444686889648 -74.0033111572266 -74.7964477539062 -75.7093276977539 -76.7823181152344
-50.150951385498 -50.7558326721191 -51.3157691955566 -51.771556854248 23.1371879577637 22.5928848266602 22.2170749664307 20.9666481018066 21.328564453125 19.4260265350342 18.3252891540527 14.8015361785889 12.6169441223145 9.61193428039552 6.06160507202149 3.19065933227539 4.41164360046388 3.92652893066406 -68.2202606201172 -67.7733764648438 -67.1287536621094 -66.4528961181641 -66.0018692016602 -65.9529342651367 -65.9441909790039 -65.9697341918945 -66.4377288818359 -66.8677291870117 -67.2328643798828 -67.7794799804688 -68.4017105102539 -69.0731201171875 -69.6964263916016 -70.2435913085938 -70.8036346435547 -71.3618850708008 -71.8278961181641 -72.309326171875 -72.8134765625 -73.4927597045898 -74.2360687255859 -75.0139389038086 -75.8762969970703 -76.8593673706055
-50.4253082275391 -51.0095024108887 -51.5625762939453 -52.0443840026855 -52.5245666503906 -53.0039482116699 -53.444149017334 20.5770393371582 20.0916118621826 17.8873306274414 15.9557746887207 14.1638568878174 11.4931190490723 9.18685264587403 5.46509819030761 2.59182662963867 3.52665367126465 -68.3033981323242 -68.1203231811523 -67.8293762207031 -67.4906158447266 -67.1382141113281 -66.9444427490234 -67.0352249145508 -67.1884689331055 -67.3829727172852 -67.9722213745117 -68.5007019042969 -68.9224014282227 -69.457145690918 -70.0422134399414 -70.7065505981445 -71.3017807006836 -71.7835464477539 -72.2788009643555 -72.7689666748047 -73.0903778076172 -73.424201965332 -73.7785034179688 -74.2877883911133 -74.8543395996094 -75.4497604370117 -76.2022094726562 -77.1887588500977
-50.8704376220703 -51.4266242980957 -51.9762802124023 -52.5130348205566 -53.0443496704102 -53.5726890563965 -54.4358291625977 -55.3189506530762 17.4574584960938 15.8421855926514 14.475757598877 13.1691417694092 9.5660572052002 7.44980697631836 4.73433761596679 1.68272666931152 -68.66259765625 -68.2992248535156 -67.9399337768555 -67.848014831543 -67.8893966674805 -67.9291915893555 -68.0423049926758 -68.2871398925781 -68.6041564941406 -68.9629669189453 -69.6579895019531 -70.2779083251953 -70.7641906738281 -71.291633605957 -71.8403244018555 -72.4868774414062 -73.0430755615234 -73.4461364746094 -73.8587036132812 -74.2619552612305 -74.4131088256836 -74.5787124633789 -74.7694549560547 -75.0988693237305 -75.4817352294922 -75.8946151733398 -76.53466796875 -77.5260467529297
-51.3767929077148 -51.9144554138184 -52.4697608947754 -53.0706100463867 -53.6565856933594 -54.2341537475586 -55.5190620422363 -56.8300476074219 15.3913925170898 12.5415912628174 11.3104637145996 11.8704082489014 9.53297119140625 6.60276679992675 4.80431709289552 -69.3748626708984 -68.8737487792969 -68.3570785522461 -67.8349456787109 -67.9498443603516 -68.3839797973633 -68.8233642578125 -69.2532806396484 -69.6593780517578 -70.1056518554688 -70.5763397216797 -71.3247985839844 -72.0177764892578 -72.6090087890625 -73.1702651977539 -73.7201538085938 -74.3485107421875 -74.8662033081055 -75.1901016235352 -75.5066452026367 -75.8058624267578 -75.7686233520508 -75.7535858154297 -75.7776794433594 -75.9245986938477 -76.1210861206055 -76.3534927368164 -76.8793029785156 -77.8773498535156
-52.1348419189453 -52.6029243469238 -53.2072868347168 -54.1400833129883 -55.0502281188965 -55.9485206604004 -57.8233528137207 -59.7304840087891 11.3197975158691 8.55677642822266 6.78684158325196 7.48815650939942 6.22150917053223 4.00979080200196 2.32688980102539 1.86608009338379 -70.2565383911133 -69.4592208862305 -68.6448440551758 -68.9704437255859 -69.8787612915039 -70.8011169433594 -71.6591796875 -72.3842315673828 -73.1217880249023 -73.8676528930664 -74.5549545288086 -75.2031936645508 -75.7795333862305 -76.2779769897461 -76.7404403686523 -77.2594375610352 -77.6412353515625 -77.7761993408203 -77.8843383789062 -77.9664611816406 -77.6691970825195 -77.3994216918945 -77.1809921264648 -77.1897583007812 -77.2974548339844 -77.4499359130859 -77.8979110717773 -78.8370132446289
-53.1902008056641 -53.5278930664062 -54.2306365966797 -55.8072128295898 -57.3517837524414 -58.8790054321289 -61.528980255127 -64.2127151489258 -66.8881988525391 -68.6906890869141 0.872209930419928 2.43773727416992 -0.176856613159174 0.0850471496582088 -0.886690902709958 -1.69253387451171 1.04142532348634 -71.6071014404297 -70.3547592163086 -70.8746948242188 -72.31640625 -73.7789764404297 -75.1431274414062 -76.3018798828125 -77.442253112793 -78.5736618041992 -79.0698471069336 -79.5452194213867 -79.98193359375 -80.3150024414062 -80.5979080200195 -80.9173583984375 -81.0733795166016 -80.9251022338867 -80.7339248657227 -80.512077331543 -79.8982696533203 -79.3189010620117 -78.8056716918945 -78.6870498657227 -78.7456359863281 -78.8552017211914 -79.2304000854492 -80.0667877197266
-54.3307456970215 -54.5481033325195 -55.3580513000488 -57.5883636474609 -59.7702255249023 -61.9250450134277 -65.3482818603516 -68.810188293457 -72.25927734375 -3.58429489135742 -4.89756736755371 -3.41676063537598 -7.23164749145508 -5.33820190429687 -3.21504783630371 -4.20207710266114 -3.27881546020508 -73.8598785400391 -72.1872329711914 -72.9098739624023 -74.9026336669922 -76.8950119018555 -78.7557144165039 -80.33740234375 -81.9044876098633 -83.4673919677734 -83.8172836303711 -84.1164627075195 -84.3193130493164 -84.3918991088867 -84.398811340332 -84.5085754394531 -84.429817199707 -83.9878158569336 -83.5222396850586 -83.0384979248047 -82.1508178710938 -81.2868804931641 -80.4705657958984 -80.2114334106445 -80.2121353149414 -80.2718811035156 -80.5686721801758 -81.2956390380859
-55.6156578063965 -55.6911506652832 -56.5799789428711 -59.4237937927246 -62.2001495361328 -64.9376220703125 -69.1751098632812 -73.4616622924805 -77.7339019775391 -9.47953147888184 -10.1188312530518 -9.66695137023926 -12.4343208312988 -9.93795547485351 -5.98684577941894 -7.03544807434082 -78.375 -76.4849700927734 -74.5861434936523 -75.4977188110352 -77.9203643798828 -80.3092880249023 -82.5265655517578 -84.3820037841797 -86.2228775024414 -88.0545806884766 -88.2647933959961 -88.3806838989258 -88.3307113647461 -88.1031036376953 -87.7813110351562 -87.6360321044922 -87.3011627197266 -86.5925674438477 -85.8836975097656 -85.1728591918945 -84.1422729492188 -83.1322021484375 -82.1580581665039 -81.8000946044922 -81.7382507324219 -81.7435913085938 -81.9400329589844 -82.497314453125
-57.7469482421875 -57.5097007751465 -58.2694282531738 -61.4343566894531 -64.5136260986328 -67.543083190918 -72.8753356933594 -78.2877426147461 -83.6827926635742 -15.2737155914307 -16.8625759124756 -16.5906806945801 -18.7448974609375 -13.7609886169434 -9.81531372070312 -9.16298027038575 -82.0966186523438 -80.8403778076172 -79.5807189941406 -80.5649719238281 -82.7803344726562 -84.9361572265625 -86.8893585205078 -88.4056549072266 -89.9161148071289 -91.4219436645508 -91.5127563476562 -91.4709625244141 -91.1925582885742 -90.6182479858398 -89.8847045898438 -89.4013442993164 -88.7995376586914 -87.9538345336914 -87.1284866333008 -86.3130340576172 -85.4910049438477 -84.6784973144531 -83.8810501098633 -83.5230102539062 -83.3841934204102 -83.3211669921875 -83.3731079101562 -83.6515274047852
-59.8537445068359 -59.2864265441895 -59.8981018066406 -63.3659782409668 -66.7435302734375 -70.0682601928711 -76.4954528808594 -83.0409622192383 -89.5764694213867 -23.5768314361572 -22.6445720672607 -24.1817459106445 -25.5873977661133 -20.7699195861816 -14.9964756011963 -9.22034645080566 -85.8435897827148 -85.2053451538086 -84.556022644043 -85.5918502807617 -87.5703582763672 -89.4984588623047 -91.1948471069336 -92.3782730102539 -93.557746887207 -94.7334671020508 -94.6979370117188 -94.5038833618164 -94.0203247070312 -93.1257858276367 -92.0050430297852 -91.1776962280273 -90.3003768920898 -89.311897277832 -88.3588790893555 -87.4239807128906 -86.7921676635742 -86.1707382202148 -85.5587539672852 -85.2144622802734 -85.0087585449219 -84.8766632080078 -84.788459777832 -84.7881546020508
-61.9317359924316 -61.0140953063965 -61.4559288024902 -65.205940246582 -68.8768005371094 -72.5011901855469 -80.0246200561523 -87.7121276855469 -95.4086227416992 -98.9898834228516 -100.150077819824 -101.353584289551 -101.051948547363 -97.2030639648438 -93.4552536010742 -89.7633361816406 -89.6164321899414 -89.5801849365234 -89.5127563476562 -90.5805053710938 -92.2952270507812 -94.0014495849609 -95.4490280151367 -96.3063354492188 -97.1556625366211 -97.9989242553711 -97.8322219848633 -97.4913940429688 -96.8219909667969 -95.6286163330078 -94.1388778686523 -92.9634704589844 -91.8037109375 -90.6687164306641 -89.5809860229492 -88.5186386108398 -88.0638809204102 -87.6304626464844 -87.2098388671875 -86.889778137207 -86.622673034668 -86.4140701293945 -86.1841125488281 -85.9094619750977
-66.0737838745117 -65.1385650634766 -65.6044158935547 -69.4943923950195 -73.3166046142578 -77.0989074707031 -84.9887542724609 -93.0632705688477 -101.162117004395 -104.626953125 -105.337005615234 -106.08470916748 -105.304382324219 -100.875503540039 -96.5348052978516 -92.2444534301758 -92.4702224731445 -92.8485488891602 -93.1731338500977 -94.2580642700195 -95.7854766845703 -97.3464965820312 -98.5554656982422 -98.9329452514648 -99.2961502075195 -99.6484909057617 -99.8979873657227 -99.9938049316406 -99.7300796508789 -98.5195236206055 -96.7572784423828 -95.3315811157227 -93.8605194091797 -92.2598724365234 -90.71240234375 -89.1920776367188 -88.6210784912109 -88.0838775634766 -87.5573272705078 -87.2389221191406 -87.0412445068359 -86.9058837890625 -86.7769470214844 -86.6575164794922
-70.7256393432617 -69.8582305908203 -70.396240234375 -74.3865127563477 -78.3198471069336 -82.2195587158203 -90.2888641357422 -98.559196472168 -106.869354248047 -110.090888977051 -110.256240844727 -110.45964050293 -109.160972595215 -104.220184326172 -99.351432800293 -94.5240783691406 -95.0804290771484 -95.841194152832 -96.536994934082 -97.6578140258789 -99.0302276611328 -100.469062805176 -101.454597473145 -101.338531494141 -101.186065673828 -101.008033752441 -101.71558380127 -102.315650939941 -102.563430786133 -101.41081237793 -99.4209365844727 -97.7514801025391 -95.9666366577148 -93.8744888305664 -91.8459243774414 -89.8518981933594 -89.1505584716797 -88.5068283081055 -87.8766632080078 -87.5677490234375 -87.4515686035156 -87.3916091918945 -87.3615417480469 -87.396728515625
-75.1902084350586 -74.3983840942383 -75.0174102783203 -79.1168823242188 -83.1687927246094 -87.1925659179688 -95.4477157592773 -103.911140441895 -112.407341003418 -115.364318847656 -114.960433959961 -114.614204406738 -112.792663574219 -107.335708618164 -101.928298950195 -96.5492782592773 -97.4140777587891 -98.5611953735352 -99.6772384643555 -100.887603759766 -102.153266906738 -103.479942321777 -104.254684448242 -103.653671264648 -102.924201965332 -102.112480163574 -103.163124084473 -104.233024597168 -105.121337890625 -104.164176940918 -102.07152557373 -100.167549133301 -98.0761947631836 -95.4959106445312 -92.9871139526367 -90.5192337036133 -89.6809539794922 -88.9297866821289 -88.1939010620117 -87.8889007568359 -87.8521499633789 -87.8670120239258 -87.9336242675781 -88.1228332519531
-80.2350082397461 -79.4613189697266 -80.3042221069336 -85.1507339477539 -89.9628448486328 -94.7571182250977 -102.426078796387 -110.237449645996 -118.067420959473 -120.325576782227 -119.170066833496 -118.089340209961 -115.79508972168 -110.471328735352 -105.184219360352 -99.9225463867188 -100.95191192627 -102.304244995117 -103.656890869141 -104.870574951172 -105.996673583984 -107.177940368652 -107.797912597656 -106.985610961914 -105.960800170898 -104.801879882812 -105.741828918457 -106.786041259766 -107.810607910156 -106.813514709473 -104.539215087891 -102.321868896484 -99.9489822387695 -97.1756896972656 -94.4896087646484 -91.8594436645508 -90.8612518310547 -89.9650268554688 -89.0847091674805 -88.6701354980469 -88.5537643432617 -88.4797515869141 -88.491584777832 -88.7311706542969
-85.9583282470703 -85.1342163085938 -86.3631591796875 -92.6915283203125 -98.9947662353516 -105.285713195801 -111.47826385498 -117.668548583984 -123.870323181152 -124.942276000977 -122.839149475098 -120.830184936523 -118.117935180664 -113.621017456055 -109.138748168945 -104.668434143066 -105.705589294434 -107.063140869141 -108.455688476562 -109.573051452637 -110.514717102051 -111.506233215332 -112.00366973877 -111.204772949219 -110.10489654541 -108.810760498047 -109.248924255371 -109.850204467773 -110.60888671875 -109.386878967285 -106.876045227051 -104.294570922852 -101.656524658203 -98.8902206420898 -96.2185516357422 -93.6096343994141 -92.4284591674805 -91.3512802124023 -90.2918014526367 -89.6964569091797 -89.410285949707 -89.162109375 -89.0439529418945 -89.28857421875
-91.5052719116211 -90.6700897216797 -92.3238296508789 -100.175003051758 -107.990509033203 -115.787124633789 -120.523811340332 -125.101501464844 -129.678359985352 -129.563980102539 -126.516242980957 -123.557861328125 -120.393676757812 -116.700042724609 -113.019104003906 -109.349105834961 -110.40975189209 -111.762451171875 -113.13451385498 -114.096649169922 -114.792152404785 -115.542533874512 -115.863700866699 -115.025955200195 -113.940948486328 -112.694549560547 -112.821319580078 -113.087364196777 -113.478416442871 -111.927749633789 -109.075370788574 -106.163818359375 -103.297607421875 -100.581802368164 -97.9439239501953 -95.3592300415039 -94.0016860961914 -92.746711730957 -91.5113220214844 -90.7383422851562 -90.2857131958008 -89.8569183349609 -89.5978317260742 -89.8402786254883
