indici/fabbisogno10.asc
NCOLS 177 
NROWS 174 
XLLCORNER 1436301.375 
YLLCORNER 4916704.5 
CELLSIZE 1500 
NODATA_value -9999 
[rows 46 to 68 of 174, columns 53 to 105 of 177]
-142.332794189453 -142.878677368164 -142.588653564453 -140.564025878906 -137.924362182617 -134.989028930664 -131.830200195312 -128.857192993164 -126.283241271973 -124.300079345703 -123.08602142334 -122.099838256836 -122.012359619141 -122.448852539062 -122.895065307617 -123.268089294434 -123.577697753906 -123.523292541504 -123.367027282715 -123.04061126709 -122.841644287109 -122.153350830078 -121.359642028809 -120.24437713623 -119.223487854004 -118.806114196777 -118.971504211426 -119.934638977051 -122.042167663574 -124.33422088623 -127.003128051758 -129.606842041016 -131.643737792969 -133.283477783203 -135.626373291016 -135.959014892578 -136.011917114258 -135.529190063477 -135.372146606445 -135.191375732422 -135.152908325195 -135.671417236328 -137.496627807617 -141.162063598633 -146.976867675781 -153.482864379883 -159.151321411133 -165.801483154297 -170.046020507812 -171.412994384766 -170.522323608398 -167.780029296875 -163.969192504883
-141.084259033203 -139.875717163086 -137.850662231445 -134.727508544922 -131.8515625 -128.984375 -126.689758300781 -124.624412536621 -123.284996032715 -122.510009765625 -122.376457214355 -123.339859008789 -125.103851318359 -127.578643798828 -129.570327758789 -131.427612304688 -132.865447998047 -134.293823242188 -135.834243774414 -135.911163330078 -135.139556884766 -133.489501953125 -131.421936035156 -129.337875366211 -127.555061340332 -126.254837036133 -126.337303161621 -127.166168212891 -129.034133911133 -131.541351318359 -134.947402954102 -138.692565917969 -142.053741455078 -144.444458007812 -147.514144897461 -148.305358886719 -148.253265380859 -147.961410522461 -147.544723510742 -146.981842041016 -146.76872253418 -147.285568237305 -148.959747314453 -152.272674560547 -157.745269775391 -163.950561523438 -169.322296142578 -175.321151733398 -179.17138671875 -179.889953613281 -177.971282958984 -174.285690307617 -169.411468505859
-137.105560302734 -134.789398193359 -131.659606933594 -128.028060913086 -124.953590393066 -122.5693359375 -120.988906860352 -120.339324951172 -120.335624694824 -121.169746398926 -123.051300048828 -125.724975585938 -129.649383544922 -134.139862060547 -138.305404663086 -142.258743286133 -146.49983215332 -149.494979858398 -151.236419677734 -151.010025024414 -149.234024047852 -146.498641967773 -143.23747253418 -140.010314941406 -136.990859985352 -135.163726806641 -134.684936523438 -135.203659057617 -136.874130249023 -139.677200317383 -144.777572631836 -149.235534667969 -152.953140258789 -156.02018737793 -159.707763671875 -160.927947998047 -161.305130004883 -161.213912963867 -160.403381347656 -158.448989868164 -158.015808105469 -158.270324707031 -159.802139282227 -163.066070556641 -167.876968383789 -173.954284667969 -178.708480834961 -184.035430908203 -187.130477905273 -187.050415039062 -184.124954223633 -179.344573974609 -173.478897094727
-131.189666748047 -128.232238769531 -124.974731445312 -121.186531066895 -118.475494384766 -116.713691711426 -116.182304382324 -116.466163635254 -117.810218811035 -120.219100952148 -124.048973083496 -128.948104858398 -135.282485961914 -142.106231689453 -149.031341552734 -156.662551879883 -162.901748657227 -166.714584350586 -168.261978149414 -167.498001098633 -164.830017089844 -160.791473388672 -156.262252807617 -151.700347900391 -148.353408813477 -145.19873046875 -144.173309326172 -144.105560302734 -145.745788574219 -150.557022094727 -155.093826293945 -159.85107421875 -164.361267089844 -167.895584106445 -172.20751953125 -173.861267089844 -173.82829284668 -173.084777832031 -171.574142456055 -169.707504272461 -167.716323852539 -167.950714111328 -169.513442993164 -172.658416748047 -177.41325378418 -182.450622558594 -186.82878112793 -191.421997070312 -193.585525512695 -192.541748046875 -188.587005615234 -182.812149047852 -175.967132568359
-124.436103820801 -121.270439147949 -118.241493225098 -114.997375488281 -112.812881469727 -111.786964416504 -111.844078063965 -113.092994689941 -115.67227935791 -119.687461853027 -125.325813293457 -132.675567626953 -141.348724365234 -151.052474975586 -162.265960693359 -171.956329345703 -179.4150390625 -184.244186401367 -186.289947509766 -185.261260986328 -181.676849365234 -176.258605957031 -170.187423706055 -164.618789672852 -159.749145507812 -155.978820800781 -153.539123535156 -153.157516479492 -154.724365234375 -160.025360107422 -165.145568847656 -170.904190063477 -176.338088989258 -180.67529296875 -185.17041015625 -186.381057739258 -185.755569458008 -183.946258544922 -181.25993347168 -178.864410400391 -176.017181396484 -175.979644775391 -177.649368286133 -180.859069824219 -185.172698974609 -189.971755981445 -193.387893676758 -196.928329467773 -197.74983215332 -195.847763061523 -190.722808837891 -184.062759399414 -176.047134399414
-117.595603942871 -114.824279785156 -112.137237548828 -109.797821044922 -108.328834533691 -107.856254577637 -108.514198303223 -110.567428588867 -114.307495117188 -119.804733276367 -127.105659484863 -136.444793701172 -147.63542175293 -160.803085327148 -174.588348388672 -186.290481567383 -195.300552368164 -201.502746582031 -204.042892456055 -202.817504882812 -198.388092041016 -191.545013427734 -183.647399902344 -176.800720214844 -170.577102661133 -165.711822509766 -162.283462524414 -161.759902954102 -164.817916870117 -169.232620239258 -174.890960693359 -181.35139465332 -187.705841064453 -192.887084960938 -195.636001586914 -197.864730834961 -196.430358886719 -193.450866699219 -189.716613769531 -186.411407470703 -183.706253051758 -182.509399414062 -184.141082763672 -187.245712280273 -191.252548217773 -193.801406860352 -197.762069702148 -199.94206237793 -199.710876464844 -196.709655761719 -190.901626586914 -184.508819580078 -176.884170532227
-111.97029876709 -109.711418151855 -107.403358459473 -105.896255493164 -105.002380371094 -105.178062438965 -106.444877624512 -109.194313049316 -113.768745422363 -120.327995300293 -129.09651184082 -140.076583862305 -153.761413574219 -169.215393066406 -184.98600769043 -198.627197265625 -209.255661010742 -216.458938598633 -219.406005859375 -218.075378417969 -212.971328735352 -204.878158569336 -195.376800537109 -187.530212402344 -180.109634399414 -174.32112121582 -170.254211425781 -169.609344482422 -172.93473815918 -177.251190185547 -183.447067260742 -190.519302368164 -197.453063964844 -203.261688232422 -206.243362426758 -206.410537719727 -205.644439697266 -201.581192016602 -197.073883056641 -192.832534790039 -189.582397460938 -187.671035766602 -188.766464233398 -191.218933105469 -192.77262878418 -196.40739440918 -199.410369873047 -200.525085449219 -199.117477416992 -195.448303222656 -190.145111083984 -183.143768310547 -175.453964233398
-107.825241088867 -106.103530883789 -104.569969177246 -103.39527130127 -103.222511291504 -103.753082275391 -105.506622314453 -108.732124328613 -114.067474365234 -121.403953552246 -131.080078125 -143.75163269043 -158.699951171875 -175.4443359375 -192.692810058594 -207.624114990234 -219.451995849609 -227.596664428711 -230.563034057617 -229.125381469727 -223.433181762695 -214.803436279297 -205.618576049805 -196.24772644043 -187.986389160156 -181.660934448242 -177.206680297852 -176.167144775391 -179.23063659668 -183.611968994141 -189.999038696289 -197.654205322266 -205.111740112305 -211.393508911133 -214.662231445312 -214.763031005859 -211.767318725586 -208.102966308594 -203.00439453125 -197.968978881836 -193.907409667969 -191.197128295898 -191.161911010742 -191.147979736328 -193.783645629883 -196.055358886719 -197.746170043945 -197.855346679688 -195.803955078125 -191.818801879883 -186.129058837891 -179.215377807617 -172.077560424805
-105.383010864258 -104.425582885742 -103.535293579102 -102.643287658691 -102.791030883789 -103.686004638672 -105.701477050781 -109.216148376465 -114.861923217773 -122.396934509277 -132.585525512695 -146.242782592773 -161.588897705078 -178.589569091797 -196.599822998047 -212.397933959961 -225.051681518555 -233.583847045898 -237.066635131836 -235.471557617188 -230.060424804688 -221.062606811523 -211.561096191406 -201.840896606445 -193.0361328125 -186.521926879883 -181.839202880859 -180.849990844727 -183.73486328125 -187.697372436523 -194.321395874023 -202.105621337891 -209.919235229492 -216.692718505859 -220.483367919922 -220.783615112305 -217.747772216797 -212.415466308594 -206.265701293945 -200.428863525391 -195.243881225586 -191.367477416992 -190.140640258789 -190.671249389648 -191.90380859375 -192.884216308594 -193.099822998047 -192.119125366211 -188.946136474609 -184.962326049805 -179.499572753906 -173.08935546875 -166.390319824219
-104.708930969238 -104.551834106445 -103.925758361816 -103.561737060547 -103.788749694824 -104.882431030273 -106.945838928223 -110.624633789062 -116.106811523438 -123.638816833496 -134.137542724609 -147.389739990234 -162.580230712891 -179.324172973633 -197.411193847656 -213.534973144531 -226.277847290039 -234.870880126953 -238.528549194336 -237.254455566406 -232.054092407227 -223.456130981445 -213.888900756836 -204.325836181641 -195.810943603516 -189.01448059082 -184.369644165039 -183.190887451172 -184.485458374023 -190.047866821289 -196.159606933594 -203.804260253906 -211.785919189453 -218.985870361328 -223.291229248047 -224.01188659668 -221.201126098633 -216.055816650391 -209.412246704102 -202.553695678711 -195.373306274414 -190.841369628906 -188.402267456055 -187.376525878906 -186.90739440918 -185.960388183594 -184.844314575195 -182.641845703125 -179.53190612793 -175.697006225586 -170.637847900391 -164.795196533203 -158.783432006836
-105.548278808594 -106.124313354492 -105.87548828125 -106.071464538574 -106.340492248535 -107.182518005371 -109.192924499512 -112.365409851074 -117.491165161133 -124.66618347168 -134.896942138672 -147.600189208984 -162.269744873047 -178.304397583008 -195.392837524414 -211.559295654297 -224.074630737305 -232.644500732422 -236.395721435547 -235.489318847656 -230.584411621094 -222.425491333008 -213.605606079102 -204.438583374023 -196.138427734375 -188.983322143555 -184.660430908203 -183.181625366211 -184.306732177734 -189.695129394531 -195.474761962891 -203.135314941406 -211.079208374023 -218.475830078125 -223.14469909668 -224.116302490234 -221.886291503906 -216.710464477539 -209.643142700195 -201.250778198242 -193.268020629883 -187.675979614258 -183.680511474609 -180.984481811523 -178.648895263672 -175.967559814453 -173.67822265625 -171.414764404297 -168.45654296875 -164.989303588867 -160.274993896484 -155.196487426758 -149.969314575195
-107.700424194336 -108.302673339844 -108.994979858398 -109.347442626953 -109.661209106445 -110.290908813477 -111.643165588379 -114.837844848633 -119.116844177246 -125.661514282227 -135.462554931641 -147.371322631836 -161.079010009766 -176.130035400391 -191.827163696289 -207.296463012695 -219.847702026367 -228.038925170898 -231.700134277344 -231.322250366211 -226.778991699219 -219.712783813477 -211.106872558594 -202.498016357422 -194.212326049805 -187.320892333984 -182.714889526367 -180.845245361328 -182.303070068359 -186.15315246582 -192.882278442383 -200.158615112305 -208.183120727539 -215.333908081055 -219.38557434082 -220.809204101562 -218.707794189453 -213.339660644531 -205.393264770508 -196.057708740234 -188.335861206055 -181.851470947266 -176.555206298828 -172.378921508789 -168.324310302734 -165.109497070312 -162.458312988281 -159.944473266602 -156.948333740234 -153.823455810547 -150.043121337891 -145.473770141602 -140.983779907227
-110.641220092773 -111.955406188965 -112.86905670166 -113.362594604492 -113.591796875 -113.918807983398 -114.915939331055 -117.268112182617 -121.298812866211 -126.957962036133 -136.062393188477 -147.04118347168 -159.635818481445 -173.630828857422 -188.127914428711 -201.749450683594 -213.653244018555 -222.182250976562 -225.997085571289 -225.461196899414 -221.714126586914 -215.030715942383 -206.916931152344 -198.303756713867 -190.29313659668 -183.973937988281 -179.691375732422 -177.250579833984 -177.876113891602 -181.126174926758 -186.838485717773 -194.620101928711 -202.167633056641 -208.607528686523 -212.89436340332 -213.955093383789 -211.224639892578 -205.081314086914 -196.574768066406 -188.792495727539 -180.991439819336 -173.861358642578 -167.736572265625 -161.907592773438 -157.526321411133 -154.235137939453 -151.447158813477 -148.89729309082 -146.734344482422 -144.136032104492 -141.040023803711 -136.936798095703 -132.815826416016
-114.328521728516 -116.445381164551 -117.703025817871 -118.256805419922 -118.189910888672 -118.27392578125 -118.784889221191 -120.50212097168 -123.87752532959 -128.992004394531 -136.501708984375 -146.714569091797 -158.011138916016 -170.868453979492 -184.179565429688 -196.87336730957 -207.450531005859 -214.6865234375 -218.34521484375 -218.570663452148 -214.860397338867 -208.687927246094 -200.677368164062 -192.624938964844 -184.849884033203 -178.616287231445 -174.337020874023 -172.088012695312 -172.311477661133 -175.371765136719 -180.671905517578 -186.84162902832 -193.525207519531 -199.265213012695 -202.765594482422 -202.62727355957 -199.361190795898 -193.898422241211 -186.996826171875 -179.430145263672 -171.36979675293 -163.944274902344 -157.147369384766 -151.553771972656 -147.387466430664 -144.100997924805 -141.916076660156 -139.794342041016 -137.666763305664 -135.616348266602 -133.314636230469 -130.166748046875 -126.440559387207
-118.835838317871 -121.39575958252 -122.880271911621 -123.304588317871 -123.232498168945 -122.715103149414 -122.810287475586 -123.919174194336 -126.638801574707 -130.950439453125 -137.098190307617 -145.858810424805 -155.803039550781 -167.337524414062 -179.653915405273 -191.347213745117 -201.115249633789 -207.745132446289 -211.240051269531 -210.812744140625 -207.262420654297 -201.309661865234 -193.882049560547 -186.024307250977 -178.149612426758 -172.31315612793 -167.968215942383 -165.798324584961 -166.058837890625 -168.423049926758 -172.826873779297 -178.491271972656 -184.044631958008 -188.758804321289 -191.261856079102 -190.805404663086 -187.484588623047 -182.275619506836 -175.542190551758 -168.194458007812 -160.361785888672 -152.735595703125 -146.714859008789 -141.903564453125 -137.998672485352 -135.509414672852 -133.640533447266 -132.165771484375 -130.691619873047 -129.233673095703 -127.399551391602 -124.60009765625 -121.176284790039
-123.849151611328 -126.830856323242 -128.567840576172 -128.911651611328 -128.242294311523 -127.207672119141 -126.70149230957 -126.918785095215 -128.549453735352 -131.976470947266 -136.604019165039 -143.111877441406 -152.325271606445 -162.665969848633 -173.796112060547 -184.676727294922 -193.818008422852 -200.256393432617 -203.608901977539 -203.471527099609 -200.423034667969 -194.782318115234 -187.318862915039 -179.038177490234 -171.717422485352 -165.633270263672 -161.165756225586 -158.977020263672 -158.94319152832 -160.942565917969 -164.59895324707 -169.51481628418 -174.937484741211 -178.588104248047 -179.812881469727 -178.572280883789 -175.160537719727 -169.765182495117 -163.14128112793 -156.27360534668 -148.933349609375 -142.417861938477 -137.170639038086 -133.236907958984 -130.260635375977 -128.669281005859 -127.504783630371 -126.677001953125 -125.99536895752 -125.098693847656 -123.44261932373 -120.76318359375 -117.80379486084
-128.74626159668 -132.00163269043 -133.601425170898 -133.601776123047 -132.501831054688 -131.256576538086 -129.92724609375 -129.278793334961 -129.598480224609 -131.559524536133 -134.745498657227 -139.702667236328 -146.828277587891 -156.311508178711 -166.401641845703 -176.322341918945 -184.995910644531 -191.433334350586 -194.824890136719 -195.120223999023 -192.367431640625 -186.906448364258 -179.843109130859 -171.984756469727 -164.803817749023 -158.653457641602 -153.992416381836 -151.710205078125 -151.694213867188 -153.606521606445 -156.530914306641 -160.938949584961 -164.798202514648 -167.358276367188 -167.784652709961 -166.079925537109 -162.570358276367 -157.30842590332 -151.438659667969 -145.119720458984 -138.713333129883 -133.490173339844 -129.165222167969 -126.116577148438 -124.456069946289 -123.408882141113 -122.935508728027 -122.994667053223 -123.25700378418 -122.869430541992 -121.412528991699 -119.007621765137 -115.813789367676
-133.497253417969 -136.513549804688 -137.601104736328 -137.182144165039 -135.632720947266 -133.775833129883 -131.722991943359 -129.962844848633 -128.984939575195 -129.106903076172 -131.170562744141 -134.952011108398 -140.437774658203 -147.991455078125 -156.835784912109 -166.098815917969 -174.41845703125 -180.758972167969 -184.336791992188 -184.893539428711 -182.789947509766 -178.283676147461 -171.889236450195 -164.479827880859 -157.526840209961 -151.577850341797 -147.133590698242 -144.64208984375 -144.20866394043 -145.595001220703 -148.356506347656 -151.664077758789 -154.571685791016 -156.07861328125 -155.970703125 -154.060989379883 -150.469024658203 -145.450561523438 -140.145050048828 -134.908538818359 -130.097198486328 -125.7578125 -122.734016418457 -120.537521362305 -119.86905670166 -119.759666442871 -120.311828613281 -121.173065185547 -121.866104125977 -122.001197814941 -120.988609313965 -118.945205688477 -115.604934692383
-137.383117675781 -139.962478637695 -140.475997924805 -139.484436035156 -137.294418334961 -134.419342041016 -131.528427124023 -128.753768920898 -126.383140563965 -125.402359008789 -125.80037689209 -128.88720703125 -133.353897094727 -139.587112426758 -147.18635559082 -155.28662109375 -162.960876464844 -169.278747558594 -173.230102539062 -174.365432739258 -172.753128051758 -168.848678588867 -162.734283447266 -156.181564331055 -149.803466796875 -144.477035522461 -140.140777587891 -137.661544799805 -136.891418457031 -138.10693359375 -140.059799194336 -142.298202514648 -144.398666381836 -145.4052734375 -144.883102416992 -142.869445800781 -139.375289916992 -134.803085327148 -130.243606567383 -126.160934448242 -122.574256896973 -119.623123168945 -117.631210327148 -116.612640380859 -117.023147583008 -117.919273376465 -119.27498626709 -120.794883728027 -121.825202941895 -121.992340087891 -121.42391204834 -119.805999755859 -116.55248260498
-140.207733154297 -141.771209716797 -141.413711547852 -139.927444458008 -137.112228393555 -133.35888671875 -129.507461547852 -125.683906555176 -122.348648071289 -120.188873291016 -119.979232788086 -121.74210357666 -125.93579864502 -131.192047119141 -137.604309082031 -144.869171142578 -151.806854248047 -157.69645690918 -161.681182861328 -163.083480834961 -161.856628417969 -158.302856445312 -153.049758911133 -147.479843139648 -141.716644287109 -136.909683227539 -133.098007202148 -130.730865478516 -130.157608032227 -131.032485961914 -132.210372924805 -133.939880371094 -135.391052246094 -135.871688842773 -135.1982421875 -133.177856445312 -129.773544311523 -125.842826843262 -122.176155090332 -118.888107299805 -116.112968444824 -114.582000732422 -113.589828491211 -113.724983215332 -115.26978302002 -117.018180847168 -118.929145812988 -120.768295288086 -121.914810180664 -122.716773986816 -122.687103271484 -121.553245544434 -119.370330810547
-141.424118041992 -142.038467407227 -141.058364868164 -138.362319946289 -134.72428894043 -130.317184448242 -125.628692626953 -121.281517028809 -117.29313659668 -114.889282226562 -113.942413330078 -114.975189208984 -117.732406616211 -122.449317932129 -128.194412231445 -134.37663269043 -140.529678344727 -145.673873901367 -149.66325378418 -150.952575683594 -150.345275878906 -147.626037597656 -143.736801147461 -138.905654907227 -134.196685791016 -129.996719360352 -126.653999328613 -124.653549194336 -123.893852233887 -124.159332275391 -125.289306640625 -126.580741882324 -127.629623413086 -128.060989379883 -127.283462524414 -125.145378112793 -121.929595947266 -118.868606567383 -115.80216217041 -113.210494995117 -111.501274108887 -110.406562805176 -110.199096679688 -111.156105041504 -113.663421630859 -116.207122802734 -118.504554748535 -120.767730712891 -122.892288208008 -124.413475036621 -124.971122741699 -124.753227233887 -122.955039978027
-141.413711547852 -141.396224975586 -139.505752563477 -136.143630981445 -131.616836547852 -126.45694732666 -121.027351379395 -115.973571777344 -112.138336181641 -109.492317199707 -108.521797180176 -108.775856018066 -110.652740478516 -113.882141113281 -118.335311889648 -123.566856384277 -128.807693481445 -133.464340209961 -137.181182861328 -139.288497924805 -139.507598876953 -137.82975769043 -134.935348510742 -131.138763427734 -127.117767333984 -123.559852600098 -121.122001647949 -119.176040649414 -118.289657592773 -118.569892883301 -119.389434814453 -120.356956481934 -121.18196105957 -121.412544250488 -120.389343261719 -118.307968139648 -116.06526184082 -113.536399841309 -111.023155212402 -108.966049194336 -107.89860534668 -107.574340820312 -107.940528869629 -109.551879882812 -112.299095153809 -115.305541992188 -118.625198364258 -121.653167724609 -124.345504760742 -126.368118286133 -128.134994506836 -128.388687133789 -127.388725280762
-140.272354125977 -138.760375976562 -136.100723266602 -132.485733032227 -127.593116760254 -122.063415527344 -116.808708190918 -111.472549438477 -107.167335510254 -104.5400390625 -103.229568481445 -103.211372375488 -104.147727966309 -106.430084228516 -109.745796203613 -113.801864624023 -118.053359985352 -122.18684387207 -125.752174377441 -128.232070922852 -129.018966674805 -128.608306884766 -126.842933654785 -124.161155700684 -121.204322814941 -118.244857788086 -115.726760864258 -114.258583068848 -113.052070617676 -113.468338012695 -114.106239318848 -114.648597717285 -115.203842163086 -115.268371582031 -114.374137878418 -113.231079101562 -111.513153076172 -109.434150695801 -107.385803222656 -105.792961120605 -105.170875549316 -105.149070739746 -105.880325317383 -107.903984069824 -110.895065307617 -114.547958374023 -118.424682617188 -122.160827636719 -125.457733154297 -128.471008300781 -131.046752929688 -132.24284362793 -132.220733642578
