indici/fabbisogno03.asc
NCOLS 177 
NROWS 174 
XLLCORNER 1436301.375 
YLLCORNER 4916704.5 
CELLSIZE 1500 
NODATA_value -9999 
[rows 69 to 91 of 174, columns 53 to 105 of 177]
-85.0311050415039 -83.8321914672852 -82.143928527832 -79.9350738525391 -77.5413131713867 -75.2897033691406 -73.7431259155273 -71.5138702392578 -69.4827117919922 -68.1227188110352 -67.4638900756836 -67.7501831054688 -68.4900512695312 -70.250846862793 -72.4297790527344 -74.6097564697266 -76.672492980957 -78.1352615356445 -78.6190338134766 -78.4841079711914 -77.8758773803711 -76.7174530029297 -75.3364486694336 -73.8450927734375 -72.5866622924805 -71.4774475097656 -70.5101013183594 -69.865348815918 -69.9634704589844 -70.5413665771484 -71.2708969116211 -72.2648849487305 -73.2509460449219 -74.0739517211914 -74.3052673339844 -74.1855392456055 -73.3291625976562 -71.7183074951172 -69.4045028686523 -66.7222900390625 -63.9308204650879 -61.2111434936523 -59.1885108947754 -58.0297431945801 -57.396183013916 -57.6315574645996 -58.5617332458496 -60.0604476928711 -62.0467948913574 -64.6861114501953 -67.0177764892578 -68.9719772338867 -70.4844665527344
-82.9376525878906 -81.3796157836914 -80.0811309814453 -78.147705078125 -76.0349655151367 -73.8342132568359 -72.1113052368164 -70.0351104736328 -68.1006622314453 -66.4452972412109 -65.4872131347656 -65.0274505615234 -65.6621017456055 -67.0767059326172 -68.5840072631836 -70.3612442016602 -72.0056686401367 -73.2472229003906 -74.0572280883789 -74.0680313110352 -73.7698135375977 -73.0168228149414 -71.9024429321289 -71.0880355834961 -70.0906372070312 -69.1998596191406 -68.5126724243164 -68.2428436279297 -68.2076721191406 -68.4317092895508 -69.1823654174805 -69.9077911376953 -70.9638519287109 -71.8528747558594 -72.328239440918 -72.2693786621094 -71.5439376831055 -70.1306610107422 -68.0376968383789 -65.3677520751953 -62.4208450317383 -59.7407417297363 -57.6941146850586 -56.3257026672363 -55.6739616394043 -55.9637718200684 -57.021598815918 -58.9125785827637 -61.2530212402344 -64.3541717529297 -67.3933029174805 -69.9640121459961 -71.9351425170898
-81.4214096069336 -79.850700378418 -78.1046752929688 -76.8367691040039 -75.0713424682617 -73.0406951904297 -71.2053527832031 -68.8308715820312 -66.727897644043 -64.9798965454102 -63.3897972106934 -62.847583770752 -62.9105262756348 -63.9145126342773 -65.1902847290039 -66.6689987182617 -68.0859985351562 -69.4390258789062 -70.4254760742188 -70.5392150878906 -70.5791244506836 -70.4016647338867 -69.8300552368164 -69.2390899658203 -68.5750198364258 -67.9137573242188 -67.3824005126953 -67.0002059936523 -66.7345123291016 -66.8879547119141 -67.2992248535156 -67.9648056030273 -68.8570175170898 -69.5814819335938 -70.0745239257812 -70.1519622802734 -69.6978073120117 -68.4619522094727 -66.3815078735352 -63.7685623168945 -60.7823333740234 -58.2805290222168 -56.147891998291 -54.6428604125977 -53.8276977539062 -54.1382064819336 -55.2713470458984 -57.292896270752 -60.0569686889648 -63.5832328796387 -67.1573867797852 -70.2912826538086 -72.9273681640625
-80.2606811523438 -79.0628128051758 -77.8001861572266 -76.2996673583984 -74.4067230224609 -72.3810195922852 -70.390251159668 -68.0623931884766 -65.6119537353516 -63.7918434143066 -62.240894317627 -61.2717323303223 -61.0920715332031 -61.5399131774902 -62.3960990905762 -63.6686058044434 -65.0196533203125 -66.4378051757812 -67.1635513305664 -67.7968139648438 -68.5141220092773 -68.7788772583008 -68.863395690918 -68.6581802368164 -68.293212890625 -67.4202880859375 -66.6816711425781 -66.0994567871094 -65.6044006347656 -65.3679046630859 -65.4341888427734 -65.6392211914062 -66.3254318237305 -66.907112121582 -67.4915008544922 -67.5529098510742 -67.1365509033203 -66.2139358520508 -64.4522323608398 -61.9204483032227 -59.3411102294922 -56.8238067626953 -54.7339324951172 -53.0499649047852 -51.9811096191406 -52.2434921264648 -53.3773231506348 -55.4537544250488 -58.3524513244629 -62.1528854370117 -66.1574249267578 -69.6884994506836 -72.7276153564453
-79.4207916259766 -78.8592224121094 -77.8295059204102 -76.2464141845703 -74.1690368652344 -71.9682464599609 -69.624153137207 -67.647346496582 -65.3626480102539 -63.4256362915039 -61.7948341369629 -60.516960144043 -59.801586151123 -59.8204536437988 -60.2393226623535 -61.3314476013184 -62.7033767700195 -64.1519470214844 -65.200309753418 -66.590950012207 -67.860710144043 -68.5913009643555 -68.8122634887695 -68.6733245849609 -68.2242431640625 -67.356575012207 -66.1975631713867 -65.4486694335938 -64.6116790771484 -63.8853569030762 -63.3183975219727 -63.0920066833496 -63.0581550598145 -63.4743347167969 -63.9814491271973 -64.3478698730469 -64.3431091308594 -63.7295951843262 -62.3746871948242 -60.4217529296875 -58.0576171875 -55.5115776062012 -53.2042045593262 -51.2240295410156 -50.0545806884766 -50.2438163757324 -51.3025970458984 -53.430835723877 -56.2001800537109 -59.9752616882324 -64.3052978515625 -68.2945098876953 -71.8257369995117
-78.7073287963867 -78.3060760498047 -77.5013656616211 -76.3608856201172 -74.6022262573242 -72.3858184814453 -70.0975036621094 -68.1035079956055 -65.8253326416016 -63.5637893676758 -61.6820030212402 -60.3381309509277 -59.3218727111816 -59.0351829528809 -59.4650764465332 -60.2157325744629 -61.539192199707 -62.9141273498535 -64.6372756958008 -66.58642578125 -68.1820220947266 -69.2085037231445 -69.5776672363281 -69.5089797973633 -68.9705047607422 -67.8361053466797 -66.3238525390625 -64.8536682128906 -63.481575012207 -62.1346664428711 -61.0052528381348 -60.1572418212891 -59.6645774841309 -60.0050201416016 -60.5790939331055 -61.243595123291 -61.4740371704102 -61.2120895385742 -60.3012237548828 -58.7402610778809 -56.5968971252441 -54.155216217041 -51.7692222595215 -49.4480972290039 -48.1976661682129 -48.0540504455566 -49.1563835144043 -50.9433631896973 -53.695240020752 -57.1827812194824 -61.7955017089844 -66.1574859619141 -70.0830459594727
-77.9271240234375 -77.6445693969727 -77.2710266113281 -76.4358139038086 -75.1375045776367 -73.3332138061523 -71.1409912109375 -68.6095733642578 -66.4785232543945 -64.1760559082031 -62.1553802490234 -60.6009826660156 -59.5457496643066 -59.0781097412109 -59.5160751342773 -60.1799659729004 -61.1494293212891 -62.8572998046875 -65.1751174926758 -67.6729125976562 -69.6433944702148 -70.8227157592773 -71.2382507324219 -70.9338226318359 -69.993293762207 -68.3419647216797 -66.1956253051758 -63.8310699462891 -61.8010444641113 -59.7745208740234 -58.1819877624512 -56.9294891357422 -56.1026649475098 -56.0336074829102 -56.9971771240234 -57.9118423461914 -58.4851379394531 -58.6130294799805 -58.2616271972656 -57.1925048828125 -55.3689193725586 -53.0004653930664 -50.1587448120117 -47.9471664428711 -46.4830551147461 -45.8911285400391 -46.5965270996094 -48.357982635498 -51.0622787475586 -54.5334014892578 -58.821460723877 -63.5093688964844 -68.1401138305664
-76.9985961914062 -76.8153533935547 -76.7530517578125 -76.5005722045898 -75.7677154541016 -74.2915649414062 -72.2059326171875 -69.7796401977539 -67.0567092895508 -64.707633972168 -62.9449195861816 -61.3448677062988 -60.1807708740234 -59.6015129089355 -59.9107666015625 -60.2951698303223 -61.811107635498 -63.9926452636719 -66.6844863891602 -69.5610504150391 -71.7773895263672 -72.9827880859375 -73.1482162475586 -72.3366088867188 -70.7115478515625 -68.4103393554688 -65.3749694824219 -62.070728302002 -59.1259002685547 -56.641487121582 -54.665397644043 -53.2200164794922 -52.2709007263184 -52.2740020751953 -52.951416015625 -53.9499168395996 -54.941104888916 -55.9830436706543 -56.2828903198242 -55.5888938903809 -53.792407989502 -51.0170631408691 -48.4074897766113 -46.3246154785156 -44.9760589599609 -44.5092964172363 -44.7770843505859 -46.0863571166992 -48.3601112365723 -51.7502784729004 -55.8190116882324 -60.4676513671875 -65.4682922363281
-75.9206008911133 -76.0643692016602 -76.3530654907227 -76.384033203125 -76.0716323852539 -75.0075225830078 -73.0951995849609 -70.7235107421875 -68.2694473266602 -65.918212890625 -63.9533958435059 -62.3576469421387 -61.0281028747559 -60.3572883605957 -60.746467590332 -61.8410758972168 -63.424072265625 -65.6721572875977 -68.4777526855469 -71.7079315185547 -74.156852722168 -75.3539657592773 -75.1833114624023 -73.7024002075195 -70.9683609008789 -67.7717437744141 -63.8572082519531 -59.6347045898438 -56.021915435791 -52.8831367492676 -50.3962707519531 -48.9308853149414 -48.0749626159668 -48.1958503723145 -49.0739402770996 -50.2708740234375 -51.7745323181152 -53.1253967285156 -53.7074813842773 -53.1302947998047 -51.7511291503906 -49.6815567016602 -47.2820701599121 -45.1201667785645 -43.6918067932129 -42.9956817626953 -43.0817337036133 -44.0271797180176 -46.2400741577148 -49.2471466064453 -53.140625 -57.8134231567383 -62.6483573913574
-74.4920272827148 -75.0149536132812 -75.6103210449219 -76.000602722168 -75.9778060913086 -75.0582885742188 -73.4910125732422 -71.5412445068359 -69.3721160888672 -67.3826599121094 -65.6047439575195 -64.0206756591797 -62.7188529968262 -62.1658554077148 -62.4596748352051 -63.4883651733398 -65.1797103881836 -67.3591995239258 -70.4110870361328 -73.1415405273438 -75.495719909668 -76.4328536987305 -75.89794921875 -73.7702713012695 -70.3483428955078 -66.2002105712891 -61.3461418151855 -56.4011268615723 -52.1991310119629 -48.7595520019531 -46.0601806640625 -44.3907318115234 -43.5898399353027 -43.8399696350098 -44.9676361083984 -46.6236839294434 -48.429859161377 -50.0017204284668 -51.0176391601562 -51.2507247924805 -50.3467254638672 -48.6316452026367 -46.3218269348145 -44.0105323791504 -42.4542236328125 -41.5472946166992 -41.4279518127441 -42.1509132385254 -44.0459442138672 -46.7864799499512 -50.7521553039551 -55.2615089416504 -60.4929084777832
-72.6979675292969 -73.5449142456055 -74.3857421875 -75.0350036621094 -75.2109375 -74.5933456420898 -73.324348449707 -71.9403839111328 -70.2815475463867 -68.5471496582031 -66.9910278320312 -65.5144195556641 -64.1926651000977 -63.6336975097656 -63.7459907531738 -64.8435134887695 -66.3970108032227 -68.5944061279297 -71.4656295776367 -73.8996353149414 -75.5156631469727 -76.279296875 -75.2321319580078 -72.4241027832031 -68.3044281005859 -63.1791915893555 -57.6628189086914 -52.4035301208496 -47.8508033752441 -44.2289276123047 -41.5737228393555 -40.0269660949707 -39.3111724853516 -39.811954498291 -40.9702529907227 -42.8005676269531 -45.1457061767578 -47.430419921875 -49.0609664916992 -49.5546226501465 -48.7269325256348 -46.9097213745117 -44.8049583435059 -42.5873832702637 -40.924747467041 -39.8998146057129 -39.6118316650391 -40.2258834838867 -41.9177398681641 -44.4702491760254 -48.1024055480957 -52.64990234375 -58.1059837341309
-70.849723815918 -71.8764266967773 -72.9455947875977 -73.6851043701172 -73.9999847412109 -73.796630859375 -73.0699768066406 -71.9829330444336 -70.6288757324219 -69.2152099609375 -67.7549438476562 -66.1992721557617 -65.0942840576172 -64.5192794799805 -64.618537902832 -65.65625 -66.8977966308594 -69.013298034668 -71.5367660522461 -73.4822998046875 -74.5939636230469 -74.4951324462891 -72.8574905395508 -69.6415100097656 -64.7510147094727 -59.0431747436523 -53.1032562255859 -47.8213500976562 -43.0200233459473 -39.4949798583984 -37.039966583252 -35.4985198974609 -35.0337791442871 -35.4917030334473 -37.1529579162598 -39.5844764709473 -42.339225769043 -44.9956245422363 -46.8881950378418 -47.6366958618164 -46.9944190979004 -45.2727928161621 -42.9394378662109 -40.6832618713379 -39.0359001159668 -38.017219543457 -37.673999786377 -38.1551818847656 -39.6747016906738 -42.2079620361328 -45.8215599060059 -50.253791809082 -55.6777381896973
-68.9143371582031 -70.1746520996094 -71.3154067993164 -72.2337646484375 -72.8065338134766 -72.6600646972656 -72.137451171875 -71.296760559082 -70.1359481811523 -68.8769454956055 -67.4016265869141 -66.1810150146484 -65.192626953125 -64.6841201782227 -64.7236175537109 -65.2167129516602 -66.3262481689453 -68.303825378418 -70.3542785644531 -71.7492828369141 -72.129524230957 -71.1484527587891 -68.7127990722656 -64.9206314086914 -59.8403358459473 -53.8249549865723 -47.9292488098145 -42.6521682739258 -38.2507858276367 -34.7002220153809 -32.418701171875 -31.0110626220703 -30.859827041626 -31.9281978607178 -33.8568687438965 -36.6011428833008 -39.6754760742188 -42.4730110168457 -44.5791358947754 -45.4818687438965 -45.0309867858887 -43.4208717346191 -41.0917091369629 -38.6426811218262 -36.9778099060059 -35.9801368713379 -35.6814880371094 -36.0729446411133 -37.5824508666992 -40.1753463745117 -43.7749824523926 -48.2834281921387 -53.5900764465332
-67.282958984375 -68.3453674316406 -69.6909255981445 -70.592903137207 -71.0363311767578 -71.1426696777344 -70.6995849609375 -69.9094390869141 -68.6374969482422 -67.4107894897461 -66.3019104003906 -65.4026412963867 -64.5673828125 -63.9550247192383 -63.7690238952637 -64.2219009399414 -65.0006942749023 -66.2267074584961 -67.597038269043 -68.4254455566406 -68.0280227661133 -66.2901229858398 -63.0831108093262 -58.4181632995605 -53.4128761291504 -47.7963256835938 -42.1886329650879 -37.3209266662598 -33.3061561584473 -30.0399227142334 -27.9886226654053 -27.1067085266113 -27.5213050842285 -28.7803249359131 -30.9924640655518 -33.959716796875 -37.183235168457 -40.1847648620605 -42.3960380554199 -43.4210891723633 -43.0533676147461 -41.5008277893066 -39.2670364379883 -36.884449005127 -34.9927558898926 -34.0145034790039 -33.812370300293 -34.2695770263672 -35.7397499084473 -38.3915786743164 -42.0306205749512 -46.5893478393555 -52.1016540527344
-65.9257583618164 -67.0947494506836 -68.0254516601562 -68.6804351806641 -68.9552459716797 -68.9499282836914 -68.6218795776367 -67.6781234741211 -66.6033020019531 -65.6050033569336 -64.6881408691406 -63.8048095703125 -63.0242652893066 -62.2660789489746 -61.7851219177246 -62.0719223022461 -62.5740127563477 -63.1360054016113 -63.5486297607422 -63.5389251708984 -62.5493087768555 -60.2131118774414 -56.5499000549316 -51.8214988708496 -46.6739540100098 -41.2601623535156 -36.2463111877441 -31.9449577331543 -28.4219455718994 -25.9591789245605 -24.3885440826416 -23.8892288208008 -24.6344738006592 -26.1505355834961 -28.7391681671143 -31.8902988433838 -35.2641983032227 -38.3776626586914 -40.7138290405273 -41.8430862426758 -41.5992126464844 -40.1739807128906 -37.9670829772949 -35.5874214172363 -33.6552963256836 -32.5486869812012 -32.1482048034668 -32.7849159240723 -34.3768272399902 -37.0968017578125 -40.7132148742676 -45.2844543457031 -50.8695373535156
-64.9771118164062 -66.0390777587891 -66.9508056640625 -67.3728332519531 -67.5044784545898 -67.0554885864258 -66.3886032104492 -65.7341156005859 -64.7614669799805 -63.7398834228516 -62.7324676513672 -61.5918121337891 -60.4894256591797 -59.7393569946289 -59.074577331543 -59.0900535583496 -59.1976013183594 -59.1878852844238 -58.847038269043 -58.0063552856445 -56.362491607666 -53.6412086486816 -49.7624816894531 -45.0217361450195 -40.0809783935547 -35.184741973877 -30.7129669189453 -27.1079502105713 -24.3764801025391 -22.5345401763916 -21.3966083526611 -21.3328418731689 -22.3214912414551 -24.3337326049805 -27.043794631958 -30.2858772277832 -33.7598495483398 -36.9467124938965 -39.3433380126953 -40.5271797180176 -40.364631652832 -39.0434761047363 -36.993766784668 -34.7171974182129 -32.7330093383789 -31.420804977417 -30.9779472351074 -31.6202163696289 -33.4005699157715 -36.0680274963379 -39.8549346923828 -44.4047431945801 -49.9978637695312
-64.1217346191406 -65.1764068603516 -66.0110855102539 -66.4214401245117 -66.3413772583008 -65.9201965332031 -65.0557861328125 -63.9293975830078 -62.8087959289551 -61.5056114196777 -60.2869720458984 -58.8548736572266 -57.6697158813477 -56.8274917602539 -56.0619812011719 -55.4355697631836 -55.2397689819336 -54.606315612793 -53.6017990112305 -52.0353469848633 -49.8519744873047 -46.8251953125 -43.004035949707 -38.5278358459473 -34.0168151855469 -29.7973232269287 -26.034387588501 -23.0839748382568 -20.9409217834473 -19.6411914825439 -18.9693050384521 -19.4361629486084 -20.5797500610352 -22.7866096496582 -25.738187789917 -29.2293281555176 -32.8474769592285 -36.166088104248 -38.6396369934082 -39.8681297302246 -39.7243347167969 -38.4256248474121 -36.4212188720703 -34.2112236022949 -32.1937103271484 -30.8406085968018 -30.418872833252 -31.121280670166 -32.8776893615723 -35.7982978820801 -39.5337409973145 -44.1320114135742 -49.198169708252
-63.7920188903809 -64.8135757446289 -65.5183944702148 -65.8162841796875 -65.6548538208008 -65.0372009277344 -64.0196990966797 -62.6255302429199 -61.1699485778809 -59.5849876403809 -58.0816421508789 -56.5696601867676 -55.1452369689941 -53.9298400878906 -52.9128608703613 -51.7873573303223 -51.1714248657227 -49.9751510620117 -48.3684120178223 -46.2657814025879 -43.5621681213379 -40.4113998413086 -36.7024841308594 -32.6704483032227 -28.7289733886719 -25.1722946166992 -22.1338672637939 -19.8272113800049 -18.2304420471191 -17.3297805786133 -17.159387588501 -17.7935791015625 -19.2819995880127 -21.6699619293213 -24.8259410858154 -28.5676498413086 -32.4436683654785 -36.0226364135742 -38.6316299438477 -39.8992767333984 -39.7242851257324 -38.2844581604004 -36.2260093688965 -34.0038909912109 -32.1275444030762 -31.0522212982178 -30.5232963562012 -31.2235527038574 -32.9629516601562 -35.6979675292969 -39.598819732666 -43.9570617675781 -48.7197570800781
-64.0801239013672 -64.9717407226562 -65.6329803466797 -65.892204284668 -65.5687942504883 -64.8177490234375 -63.5682144165039 -61.8049392700195 -59.9860038757324 -58.0313568115234 -56.2337226867676 -54.5682601928711 -52.9469413757324 -51.3618354797363 -49.8975028991699 -48.4031867980957 -47.161506652832 -45.7858085632324 -43.7624397277832 -41.2085456848145 -38.2185020446777 -34.9414482116699 -31.4180011749268 -27.7436962127686 -24.3591594696045 -21.3971061706543 -19.0168304443359 -17.2819881439209 -16.1637077331543 -15.5985479354858 -15.8648405075073 -16.7252731323242 -18.4646339416504 -21.0611228942871 -24.339635848999 -28.1371269226074 -32.1505393981934 -35.80615234375 -38.5273971557617 -39.8739356994629 -39.7397422790527 -38.4158363342285 -36.3765258789062 -34.2237205505371 -32.4350547790527 -31.4078388214111 -31.0273933410645 -31.9068164825439 -33.4889068603516 -36.2382965087891 -39.9101943969727 -44.1896438598633 -48.7076606750488
-64.7957153320312 -65.4594573974609 -65.9816284179688 -65.9684677124023 -65.4497528076172 -64.5135803222656 -63.2185668945312 -61.3696517944336 -59.2001686096191 -57.0892906188965 -54.9573173522949 -52.8636131286621 -51.2163543701172 -49.4810638427734 -47.6134567260742 -45.7326164245605 -43.9351005554199 -42.2446784973145 -39.995491027832 -37.2461738586426 -34.1190376281738 -30.6406116485596 -27.1640758514404 -23.9228191375732 -21.0454254150391 -18.6461925506592 -16.7693119049072 -15.4454030990601 -14.7282953262329 -14.4998340606689 -14.9087209701538 -16.1120529174805 -18.0203895568848 -20.8581352233887 -24.5098419189453 -28.759183883667 -33.1357688903809 -37.060977935791 -39.873950958252 -41.1640090942383 -40.9215431213379 -39.4972038269043 -37.5197525024414 -35.3772048950195 -33.5701637268066 -32.5681533813477 -32.2219009399414 -33.0578727722168 -34.636287689209 -37.3903503417969 -40.7978668212891 -44.6669654846191 -48.6006622314453
-65.4003219604492 -65.8940277099609 -66.0220642089844 -65.960334777832 -65.4043884277344 -64.2954330444336 -62.7716903686523 -60.9349822998047 -58.8228378295898 -56.4540786743164 -54.2741279602051 -52.1098899841309 -49.9885292053223 -47.9446830749512 -46.0651435852051 -44.1294403076172 -41.9842567443848 -39.6555824279785 -37.2673873901367 -34.3500633239746 -31.1195011138916 -27.7432193756104 -24.434684753418 -21.4942569732666 -18.931568145752 -16.9155101776123 -15.3407402038574 -14.3561449050903 -13.7351551055908 -13.8242340087891 -14.5242671966553 -15.9653587341309 -18.2514457702637 -21.330846786499 -25.2511215209961 -29.7708225250244 -34.4255485534668 -38.5233688354492 -41.4606056213379 -42.8399467468262 -42.6144714355469 -41.1915740966797 -39.1549911499023 -37.099193572998 -35.248836517334 -34.1556167602539 -34.0483551025391 -34.679370880127 -36.1572494506836 -38.7393112182617 -41.7987976074219 -45.2271881103516 -48.5529174804688
-65.8740768432617 -66.0406723022461 -65.9347076416016 -65.5498657226562 -64.9509658813477 -63.8024139404297 -62.3169593811035 -60.3861503601074 -58.3437652587891 -56.0904808044434 -53.9672355651855 -51.8216361999512 -49.7015113830566 -47.4746475219727 -45.3564414978027 -43.2077331542969 -40.852783203125 -38.2441062927246 -35.317310333252 -32.1081924438477 -29.04856300354 -25.8954467773438 -22.8894824981689 -20.1858406066895 -17.8093585968018 -16.0199546813965 -14.7017478942871 -13.7352180480957 -13.3817882537842 -13.7757596969604 -14.7505569458008 -16.3989696502686 -18.8935470581055 -22.2366237640381 -26.3348197937012 -31.0468368530273 -35.8376579284668 -40.0711326599121 -43.079158782959 -44.5549697875977 -44.4604644775391 -43.2255020141602 -41.4824333190918 -39.3298950195312 -37.6039810180664 -36.49462890625 -36.2740097045898 -36.6062889099121 -37.879711151123 -40.1071395874023 -42.802360534668 -45.6466407775879 -48.1694068908691
-66.0345306396484 -65.8599700927734 -65.4951324462891 -64.7622451782227 -63.9154396057129 -62.7864456176758 -61.3882522583008 -59.6666488647461 -57.9079818725586 -55.9455375671387 -53.9713859558105 -51.9864120483398 -50.0060844421387 -47.9696197509766 -45.6322708129883 -43.2338752746582 -40.6189956665039 -37.7922973632812 -34.7413749694824 -31.5708675384521 -28.3080940246582 -25.0954723358154 -22.1568374633789 -19.5742435455322 -17.3833084106445 -15.630880355835 -14.4667043685913 -13.8781385421753 -13.818995475769 -14.3717346191406 -15.524263381958 -17.3762969970703 -20.0524883270264 -23.546573638916 -27.8167266845703 -32.561450958252 -37.3900871276855 -41.6345634460449 -44.758716583252 -46.3290061950684 -46.6723937988281 -45.7156410217285 -44.0166702270508 -42.0841789245605 -40.32080078125 -39.1909065246582 -38.7284507751465 -39.0403823852539 -39.8760414123535 -41.6751976013184 -43.6856155395508 -45.7087135314941 -47.2249603271484
