indici/fabbisogno_annuo.asc
NCOLS 177 
NROWS 174 
XLLCORNER 1436301.375 
YLLCORNER 4916704.5 
CELLSIZE 1500 
NODATA_value -9999 
[rows 72 to 95 of 174, columns 0 to 53 of 177]
-9999 -9999 -9999 -9999 -9999 -9999 -9999 -9999 -9999 -9999 -9999 -9999 -9999 -9999 -9999 -9999 -9999 -9999 -9999 -9999 -65.8031389713287 -43.470689535141 -25.6307897567749 -12.28019541502 -5.21647489070892 -3.23575496673584 -13.9782865643501 -27.3729424476624 -46.1417398452759 -71.8498622775078 -101.176156044006 -125.181025505066 -143.552848815918 -155.034536361694 -155.719766616821 -156.138135910034 -149.127268791199 -142.629732608795 -135.056335255504 -133.080087423325 -135.569296240807 -148.144185304642 -168.21150970459 -188.251808643341 -209.00643658638 -229.120446562767 -246.308364868164 -264.15802192688 -278.817106246948 -294.50547504425 -310.337274551392 -324.125091552734 -332.135116577148 -337.285430908203
-9999 -9999 -9999 -9999 -9999 -9999 -9999 -9999 -9999 -9999 -9999 -9999 -9999 -9999 -9999 -9999 -9999 -9999 -9999 -9999 -60.6691927909851 -34.3534970283508 -17.0231903195381 -3.56698381900787 3.03394985198975 0.428324699401855 -7.42130625247955 -19.8268246650696 -36.9675436019897 -57.6314463615417 -80.880509018898 -101.028447628021 -117.33132648468 -124.628866672516 -125.55401468277 -124.656687498093 -120.206129252911 -114.349561452866 -110.792282104492 -113.715487480164 -119.048433303833 -131.157418489456 -152.007636547089 -177.462578296661 -199.278333187103 -220.780793379992 -239.077133178711 -256.309858798981 -271.945918083191 -286.363338470459 -300.52382850647 -311.61635017395 -318.670404434204 -326.202075958252
-9999 -9999 -9999 -9999 -9999 -9999 -9999 -9999 -9999 -9999 -9999 -9999 -9999 -9999 -9999 -9999 -9999 -9999 -9999 -9999 -9999 -16.5963270068169 0.588069200515747 11.0088181495667 14.5461692810059 9.65165519714355 -1.15294504165649 -15.3663622140884 -32.5553164482117 -50.8096942901611 -68.3304424285889 -81.666736125946 -94.2313761711121 -100.492802023888 -99.3658890724182 -97.0566554069519 -94.4892473220825 -92.2266998291016 -92.5511751174927 -96.3094129562378 -104.983333110809 -119.597920894623 -139.256946563721 -162.50342464447 -188.466485977173 -210.508602380753 -230.147215366364 -246.254879951477 -258.530659675598 -267.529203414917 -276.714225769043 -291.289737701416 -300.804149627686 -306.606760025024
-9999 -9999 -9999 -9999 -9999 -9999 -9999 -9999 -9999 -9999 -9999 -9999 -9999 -9999 -9999 -9999 -9999 -9999 -9999 -9999 -9999 8.2251193523407 25.2995176315308 30.592324256897 27.9325947761536 19.9207572937012 6.16624569892883 -10.8940860629082 -31.0398669242859 -49.2779064178467 -65.3763446807861 -75.1852860450745 -81.5062212944031 -83.8366703987122 -80.0808820724487 -77.0093679428101 -76.0112152099609 -73.9867210388184 -75.1423234939575 -80.646388053894 -91.5876517295837 -108.697987556458 -129.221053123474 -152.098026275635 -174.678205490112 -194.260137796402 -210.80530244112 -224.684092283249 -235.910136222839 -244.19372177124 -253.4340467453 -265.70682144165 -274.171617507935 -282.014919281006
-9999 -9999 -9999 -9999 -9999 -9999 -9999 -9999 -9999 -9999 -9999 -9999 -9999 -9999 -9999 -9999 -9999 -9999 -9999 -9999 -9999 -9999 -9999 -9999 42.2095437049866 30.0395321846008 13.580087184906 -7.3701183795929 -28.8371441364288 -48.0992012023926 -62.9395885467529 -73.3180656433105 -75.8374834060669 -73.7480554580688 -68.8744068145752 -64.1780319213867 -60.4749670028687 -59.2944860458374 -61.0188608169556 -67.6334247589111 -79.9311819076538 -97.8864464759827 -119.479857206345 -141.279917240143 -162.410716056824 -180.642617225647 -193.982339859009 -205.399264335632 -213.417210102081 -219.84424495697 -227.397870063782 -235.597631454468 -245.394548416138 -252.59613609314
-9999 -9999 -9999 -9999 -9999 -9999 -9999 -9999 -9999 -9999 -9999 -9999 -9999 -9999 -9999 -9999 -9999 -9999 -9999 -9999 -9999 -9999 -9999 -9999 59.2282291650772 41.4432306289673 20.1224789619446 -5.02835690975189 -29.9010517597198 -50.4244899749756 -65.8396682739258 -75.2435989379883 -77.4922466278076 -71.8896799087524 -64.3172302246094 -56.6567115783691 -51.4975037574768 -48.1082763671875 -49.2623229026794 -55.1038017272949 -66.4239616394043 -84.2421836853027 -105.667502641678 -126.966666996479 -145.875468254089 -162.964026927948 -175.270112037659 -183.625882863998 -187.456465125084 -192.767706692219 -198.511371135712 -205.15905380249 -213.868512153625 -223.371360778809
-9999 -9999 -9999 -9999 -9999 -9999 -9999 -9999 -9999 -9999 -9999 -9999 -9999 -9999 -9999 -9999 -9999 -9999 -9999 -9999 -9999 -9999 -9999 -9999 77.1869106292725 53.5201692581177 25.1577024459839 -5.0620002746582 -31.8638734817505 -53.825234413147 -70.7796382904053 -79.691520690918 -83.1541557312012 -77.7014966011047 -64.9985003471375 -53.8697090148926 -44.3314280509949 -38.7663309574127 -36.6902871131897 -41.246696472168 -52.3927421569824 -67.6219596862793 -87.7580814361572 -107.818182706833 -126.02982789278 -141.154313564301 -152.482872486115 -158.526657104492 -160.673183441162 -164.426943302155 -167.950161218643 -173.585487723351 -180.782725334167 -194.242677688599
-9999 -9999 -9999 -9999 -9999 -9999 -9999 -9999 -9999 -9999 -9999 -9999 -9999 -9999 -9999 -9999 -9999 -9999 -9999 -9999 -9999 -9999 -9999 -9999 93.7859134674072 63.8714938163757 29.5907773971558 -4.12855607271194 -35.4222469329834 -60.0594339370728 -77.8785953521729 -88.4967885017395 -90.0373414754868 -82.8737990856171 -69.1853103637695 -52.4893522262573 -40.3506801128387 -32.4869031906128 -27.6140686273575 -28.4747905731201 -37.1455941200256 -49.8927507400513 -66.8093347549438 -85.7580671310425 -102.696693897247 -116.213014990091 -126.176300048828 -130.715302944183 -132.809024095535 -135.437792301178 -138.381455183029 -142.934006690979 -149.933063983917 -160.298888683319
-9999 -9999 -9999 -9999 -9999 -9999 -9999 -9999 -9999 -9999 -9999 -9999 -9999 -9999 -9999 -9999 -9999 -9999 -9999 -9999 -9999 -9999 -9999 -9999 -9999 -9999 33.481294631958 -5.67749862745404 -41.3390274047852 -69.6527996063232 -89.419070482254 -101.520140841603 -103.782978773117 -92.8433603048325 -76.0973687171936 -57.7131485939026 -40.7357399463654 -27.6759643554688 -19.9911041259766 -17.0020574331284 -21.6332820653915 -30.9844207763672 -44.5334043502808 -60.572172164917 -76.3367629051208 -88.8903589248657 -97.4353432655334 -101.570474982262 -103.723154842854 -106.345236212015 -108.156828701496 -111.874210953712 -119.310771375895 -129.614747524261
-9999 -9999 -9999 -9999 -9999 -9999 -9999 -9999 -9999 -9999 -9999 -9999 -9999 -9999 -9999 -9999 -9999 -9999 -9999 -9999 -9999 -9999 -9999 -9999 -9999 -9999 37.278039932251 -8.08690682053566 -47.5695371627808 -80.7080731391907 -102.150976896286 -115.679569721222 -114.279578208923 -103.288620471954 -84.4351327419281 -63.2745430469513 -42.427446603775 -24.3499103784561 -11.1762111186981 -4.63111615180969 -4.95158708095551 -10.8196300268173 -20.9473748207092 -33.0497984886169 -47.2084684371948 -57.9794368743896 -65.6681337356567 -71.0874266624451 -73.2080664634705 -75.9018287658691 -78.5465235710144 -82.0146217346191 -89.4696669578552 -100.936305522919
-9999 -9999 -9999 -9999 -9999 -9999 -9999 -9999 -9999 -9999 -9999 -9999 -9999 -9999 -9999 -9999 -9999 -9999 -9999 -9999 -9999 -9999 -9999 -9999 -9999 89.0676776915789 39.3250074386597 -9.67603722214699 -52.7562184333801 -90.1757007837296 -113.41520690918 -124.719012260437 -122.7405128479 -111.549026966095 -91.8320589065552 -68.6101922988892 -44.029403924942 -19.6128885746002 0.26466703414917 10.4409589767456 15.187379360199 13.0865626335144 5.78979301452637 -4.85569036006927 -16.4632415771484 -25.1390056610107 -32.2499771118164 -37.6875424385071 -41.577109336853 -45.4102268218994 -49.1566677093506 -55.2204322814941 -63.4068536758423 -75.8493418693542
-9999 -9999 -9999 -9999 -9999 -9999 -9999 -9999 -9999 -9999 -9999 -9999 -9999 -9999 -9999 -9999 -9999 -9999 -9999 -9999 -9999 -9999 -9999 -9999 -9999 97.397089779377 44.4756412506104 -9.26138591766357 -57.5439529418945 -95.9816560745239 -118.006921768188 -129.00391960144 -128.590467453003 -116.089142799377 -96.6469621658325 -71.9753339290619 -40.9503518939018 -12.1573128700256 10.8561973571777 28.6096239089966 36.6135396957397 38.5032796859741 34.3874750137329 25.6412353515625 15.2454807758331 6.45829620957375 0.0290721654891968 -5.85117149353027 -11.1919902563095 -17.604163646698 -24.3740921020508 -33.4438552856445 -43.0303616523743 -55.5813808441162
-9999 -9999 -9999 -9999 -9999 -9999 -9999 -9999 -9999 -9999 -9999 -9999 -9999 -9999 -9999 -9999 -9999 -9999 -9999 -9999 -9999 -9999 -9999 -9999 -9999 -9999 49.5621662139893 -5.34335565567017 -58.8584986925125 -97.7376208305359 -121.028058052063 -129.884073257446 -124.437782287598 -109.149284362793 -90.0214948654175 -63.314498603344 -30.5728870630264 0.709857940673828 26.4460144042969 46.3490743637085 60.5777554512024 66.1647601127625 64.2841091156006 57.6793432235718 47.2134828567505 38.1172142028809 30.0581746101379 21.9952039718628 14.642852306366 6.01007115840912 -2.97090835869312 -13.5360828638077 -26.185378074646 -39.7115297317505
-9999 -9999 -9999 -9999 -9999 -9999 -9999 -9999 -9999 -9999 -9999 -9999 -9999 -9999 -9999 -9999 -9999 -9999 -9999 -9999 -9999 -9999 -9999 -9999 -9999 -9999 -9999 0.620502948760986 -52.1031410694122 -91.2013425827026 -114.632625579834 -121.36284160614 -112.332016944885 -95.5731401443481 -72.3481624126434 -42.6011365652084 -8.87782764434814 23.1503782272339 47.7728033065796 70.5836119651794 86.3640140537173 94.9197162389755 95.0210842117667 89.7003910541534 80.6203637123108 69.3109855651855 57.7808990478516 46.7217330932617 35.6873393058777 23.2843532562256 11.9626381397247 -0.0816776156425476 -13.9364181756973 -28.2058811187744
-9999 -9999 -9999 -9999 -9999 -9999 -9999 -9999 -9999 -9999 -9999 -9999 -9999 -9999 -9999 -9999 -9999 -9999 -9999 -9999 -9999 -9999 -9999 -9999 -9999 -9999 -9999 13.7502632141113 -35.6725984588265 -70.7381978034973 -92.8749876022339 -97.0398483276367 -89.9346370697021 -71.077204823494 -45.9667383432388 -15.0062212944031 20.0529174804688 50.6451396942139 77.748597741127 98.8659309148788 114.876383781433 124.086205482483 124.920215606689 119.52037358284 109.630405068398 95.8781646490097 82.0615344047546 68.1985635757446 52.4682950973511 35.5109548568726 20.7333040237427 6.1792938709259 -9.2668514251709 -23.5987429618835
-9999 -9999 -9999 -9999 -9999 -9999 -9999 -9999 -9999 -9999 -9999 -9999 -9999 -9999 -9999 -9999 -9999 -9999 -9999 -9999 -9999 -9999 -9999 -9999 -9999 -9999 -9999 35.9401245117188 -8.10635852813721 -39.9091710150242 -57.0080246925354 -61.1461699008942 -53.4248420000076 -35.43319272995 -10.176332950592 20.4604396820068 53.0955128669739 83.9030097723007 110.100639820099 129.35005903244 143.20209312439 152.362567901611 152.378265380859 146.025922775269 134.832530021667 119.148915052414 102.116511940956 83.11714220047 63.2204914093018 43.3244733810425 24.1099953651428 6.16436195373535 -10.5196297168732 -24.5356202125549
-9999 -9999 -9999 -9999 -9999 -9999 -9999 -9999 -9999 -9999 -9999 -9999 -9999 -9999 -9999 -9999 -9999 -9999 -9999 -9999 -9999 -9999 -9999 -9999 -9999 -9999 -9999 66.2518062591553 28.7744131088257 1.37025260925293 -10.3930168151855 -12.4265875816345 -4.65231418609619 11.0706520080566 35.151294708252 62.4490704536438 91.1564705371857 118.679503917694 142.649328231812 160.867315292358 171.585470676422 177.596816778183 176.484076023102 168.826375961304 154.887231349945 136.598400115967 114.805878460407 92.4075937271118 69.3807287216187 45.2722930908203 22.9074196815491 1.9305511713028 -16.2753357887268 -29.1922521591187
-9999 -9999 -9999 -9999 -9999 -9999 -9999 -9999 -9999 -9999 -9999 -9999 -9999 -9999 -9999 -9999 -9999 -9999 -9999 -9999 -9999 -9999 -9999 -9999 -9999 -9999 -9999 105.566521167755 76.7678165435791 53.7645053863525 44.7687816619873 45.110011100769 52.6296062469482 65.8249244689941 85.2093925476074 107.735399961472 131.492527008057 154.008545875549 173.929709434509 189.158747196198 198.756986260414 201.227972745895 197.609105706215 185.758773028851 168.746761322021 147.083626270294 122.228097558022 95.6065034866333 68.5760984420776 41.3356714248657 16.7196245193481 -4.52296142652631 -20.9081764221191 -33.5902638435364
-9999 -9999 -9999 -9999 -9999 -9999 -9999 -9999 -9999 -9999 -9999 -9999 -9999 -9999 -9999 -9999 -9999 -9999 -9999 -9999 -9999 -9999 -9999 -9999 -9999 -9999 -9999 -9999 129.358753919601 114.010405302048 105.356233119965 105.833147764206 111.520072549582 121.52622461319 135.935887336731 153.178500175476 171.113826751709 188.343857526779 203.879769921303 214.300425052643 220.090964794159 219.758413791656 213.618016719818 198.194044589996 178.41499376297 152.447218418121 123.528794288635 91.8509984016418 60.4175214767456 32.0105519294739 7.51058506965637 -11.5837444067001 -26.5346746444702 -36.1604375839233
-9999 -9999 -9999 -9999 -9999 -9999 -9999 -9999 -9999 -9999 -9999 -9999 -9999 -9999 -9999 -9999 -9999 -9999 -9999 -9999 -9999 -9999 -9999 -9999 -9999 -9999 -9999 -9999 184.006902694702 172.703553915024 166.341022968292 164.923407554626 167.259795665741 173.22027015686 183.199887275696 194.825754165649 207.175458550453 219.41720533371 229.511636257172 235.925170898438 237.428165435791 233.800466537476 224.213810920715 207.860728502274 182.514851093292 154.403758049011 120.696762464941 84.3034505844116 49.6023731231689 20.1505146026611 -6.53746873140335 -22.5631003379822 -33.8555364608765 -40.4867882728577
-9999 -9999 -9999 -9999 -9999 -9999 -9999 -9999 -9999 -9999 -9999 -9999 -9999 -9999 -9999 -9999 -9999 -9999 -9999 -9999 -9999 -9999 -9999 -9999 -9999 -9999 -9999 -9999 233.458194732666 226.059638023376 221.378173828125 217.945251941681 217.095121860504 218.872886657715 224.07233953476 230.922008514404 238.371273040771 245.255381584167 250.69275188446 252.775634765625 251.000644683838 243.876912117004 231.123266220093 211.245915174484 184.020236492157 151.71449804306 115.40843963623 77.6408929824829 39.5195646286011 9.04819679260254 -16.506745159626 -30.3460626602173 -37.2493901252747 -38.7532949447632
-9999 -9999 -9999 -9999 -9999 -9999 -9999 -9999 -9999 -9999 -9999 -9999 -9999 -9999 -9999 -9999 -9999 -9999 -9999 -9999 -9999 -9999 -9999 -9999 -9999 -9999 -9999 -9999 -9999 -9999 264.9241065979 261.097370147705 258.147197723389 256.897188186646 257.909543991089 260.105526924133 262.807874679565 264.993955612183 266.559894561768 265.272754669189 260.26834487915 250.55387878418 234.272987365723 211.312939167023 180.792319297791 145.493132591248 107.069842815399 68.3361177444458 31.2932968139648 -0.0635139942169189 -22.3052966594696 -33.7046790122986 -37.3035826683044 -33.88494348526
-9999 -9999 -9999 -9999 -9999 -9999 -9999 -9999 -9999 -9999 -9999 -9999 -9999 -9999 -9999 -9999 -9999 -9999 -9999 -9999 -9999 -9999 -9999 -9999 -9999 -9999 -9999 -9999 -9999 -9999 -9999 -9999 288.712131500244 286.197191238403 282.813035964966 280.500991821289 279.30916595459 278.092735290527 277.369470596313 273.481378555298 266.170883178711 253.310139656067 234.019571304321 207.957794904709 175.039172172546 137.734068393707 98.5993795394897 59.3402938842773 23.5175876617432 -2.52471041679382 -20.7894684076309 -28.0684459209442 -27.7200617790222 -21.7182178497314
-9999 -9999 -9999 -9999 -9999 -9999 -9999 -9999 -9999 -9999 -9999 -9999 -9999 -9999 -9999 -9999 -9999 -9999 -9999 -9999 -9999 -9999 -9999 -9999 -9999 -9999 -9999 -9999 -9999 -9999 -9999 -9999 309.048389434814 304.331748962402 297.636054992676 292.208463668823 288.420660018921 285.019268035889 282.274862289429 276.172790527344 266.24983215332 251.440689086914 230.451639652252 202.772538006306 168.232654571533 129.699119925499 91.1953287124634 52.5351667404175 19.5529651641846 -2.92903232574463 -12.9360481500626 -14.8828624784946 -10.070812985301 -1.23252141475677
