indici/fabbisogno07.asc
NCOLS 177 
NROWS 174 
XLLCORNER 1436301.375 
YLLCORNER 4916704.5 
CELLSIZE 1500 
NODATA_value -9999 
[rows 96 to 119 of 174, columns 54 to 107 of 177]
47.1613250732422 50.8903614044189 54.0460006713867 56.8163875579834 58.8741924285889 60.4075447082519 61.576261138916 62.1776927947998 61.6922428131104 60.1681129455566 58.536022567749 56.8797924041748 55.7193336486816 55.5363101959229 56.1535987854004 57.7096675872803 60.7487838745117 64.8355949401855 69.5203632354736 74.0446006774902 78.2742202758789 81.7490550994873 84.618431854248 86.9104637145996 88.7499580383301 89.9955715179443 90.4833913803101 90.3837522506714 89.6869636535644 88.512230682373 86.6313083648682 84.1944610595703 80.5205718994141 75.7234870910645 70.2566463470459 64.8984405517578 59.5220623016357 54.2745830535889 50.5853374481201 47.9739051818848 46.3962184906006 45.5104259490967 44.8304496765137 45.238069152832 46.9013549804688 49.9324172973633 53.9858520507812 58.5680473327637 62.8881103515625 66.9584045410156 71.1827140808105 75.1879707336426 79.3790634155273 83.6653961181641
54.8571743011475 57.4094043731689 59.9045501708984 62.1752075195312 63.6832565307617 64.8325729370117 65.7474143981934 65.5467990875244 64.4985801696777 62.5279155731201 60.3054500579834 58.1544021606445 56.7505310058594 56.287421798706 56.3114269256592 57.5791450500488 60.1353382110596 63.6461780548096 67.5191452026367 71.4817371368408 75.0346801757812 78.1562091827393 80.7669689178467 82.9375492095947 84.92209815979 86.0601802825928 86.6644496917725 86.5420608520508 85.8760437011719 84.8459442138672 83.247709274292 80.9481884002685 77.7937564849854 73.6712215423584 68.9629390716553 64.3021595001221 59.6009815216064 54.8403079986572 51.2607002258301 48.4456207275391 46.0398418426514 44.4506420135498 43.5298004150391 43.3469024658203 44.4135765075684 47.5640846252441 51.7711814880371 56.658585357666 61.606761932373 66.7728424072266 71.6386772155762 76.4708564758301 81.2870864868164 86.2022686004639
62.357075881958 64.1103164672852 64.9045616149902 65.8995800018311 67.3903335571289 68.555082321167 68.6227382659912 67.7763336181641 66.308349609375 64.0239856719971 61.4049457550049 59.190697479248 57.600500869751 56.8424613952637 56.8858039855957 58.0387851715088 60.0986484527588 63.0115688323975 66.0874980926514 69.0808120727539 71.8624317169189 74.333247756958 76.4610080718994 78.7030448913574 80.2949447631836 81.3193645477295 82.0190547943115 82.2822227478027 81.7736473083496 81.0335296630859 79.7405609130859 77.8019226074219 75.4024143218994 71.9739868164063 68.0329471588135 64.3083068847656 60.3259479522705 56.2853092193603 53.1222846984863 50.4264549255371 48.0547939300537 46.1754760742188 44.9283378601074 43.8606254577637 44.5545593261719 46.8328773498535 50.4093696594238 54.7415992736816 59.8138595581055 65.4178527832031 71.2878555297851 76.8952705383301 82.4977931976318 87.6122898101807
67.1280578613281 68.1403247833252 68.7435577392578 69.4071094512939 70.2868106842041 70.5560928344727 70.1529998779297 69.1547706604004 67.33840675354 64.928108215332 62.2131839752197 59.8865501403809 58.3039066314697 57.3153919219971 57.3129890441895 58.5169269561768 60.4954479217529 62.821756362915 65.0988342285156 67.1976764678955 69.0625152587891 70.6996547698975 72.4604598999023 74.1140102386475 75.3607173919678 76.4422275543213 77.3708332061768 77.9993896484375 77.934203338623 77.6236961364746 76.8140998840332 75.4848304748535 74.0401145935059 71.3996711730957 68.3274536132812 65.5929958343506 62.4726955413818 59.2808437347412 56.6564884185791 54.4641048431397 52.2655616760254 50.1309768676758 48.6074363708496 47.0089637756348 46.6753944396973 47.6618453979492 49.9196662902832 53.3260604858398 57.8837104797363 63.8406509399414 69.9851089477539 76.4425582885742 82.8302925109863 88.352318572998
70.4771331787109 70.7807228088379 71.0266315460205 71.537451171875 71.8199787139893 71.4740821838379 70.8155647277832 69.5377998352051 67.9068431854248 65.4905853271484 62.8894458770752 60.1034843444824 58.4502799987793 57.5633075714111 57.8067947387695 59.0282608032227 60.8786964416504 62.6245719909668 64.2576503753662 65.5265316009521 66.7552116394043 68.0257869720459 69.0622047424316 70.0846321105957 71.1522274017334 72.3541854858398 73.5928009033203 74.723844909668 75.2935729980469 75.4552131652832 75.3103408813477 74.7767604827881 73.8665691375732 72.1113925933838 70.2874118804932 68.2367736816406 65.9161247253418 63.9496875762939 61.8179397583008 59.7628929138184 57.7007469177246 55.7054710388184 53.7860893249512 51.9481430053711 50.5779754638672 50.1023406982422 50.7816078186035 53.0306030273437 56.8923629760742 62.5829399108887 69.0585556030273 75.9868896484375 82.6336669921875 88.5264385223389
72.5583576202392 72.2340560913086 72.0159576416016 71.8519714355469 71.7822597503662 71.5245784759521 71.0074714660644 69.8016765594482 68.1474071502685 65.7655269622803 63.0011775970459 60.4189449310303 58.7694664001465 58.0589492797852 58.3972900390625 59.5207496643066 60.9364810943603 62.4352680206299 63.5788970947266 64.2683540344238 65.3014316558838 66.0343547821045 66.5539115905762 67.3424438476562 68.3821895599365 69.8389236450195 71.4961605072021 73.1202754974365 74.4546226501465 75.0526779174805 75.6391536712647 75.5694686889648 75.2333431243896 74.4050636291504 73.2324661254883 71.7870742797852 70.2618713378906 68.9252067565918 67.4799491882324 65.6632431030273 63.8314170837402 62.0733474731445 59.7434219360351 57.6052742004395 55.4876998901367 54.0831275939941 53.7054832458496 54.747289276123 57.9131454467773 62.6899024963379 68.9241989135742 75.7706932067871 82.5231559753418 88.4203952789307
73.7112510681152 72.7455638885498 71.8259593963623 71.3933292388916 71.200919342041 71.0812072753906 70.7613880157471 69.6356540679932 67.9365940093994 65.9576187133789 63.4305786132812 61.1964324951172 59.680558013916 59.1573348999023 59.3929664611816 60.0736343383789 61.1913440704346 62.4814434051514 63.4474098205566 64.0540302276611 64.4347541809082 64.8166873931885 65.6091979980469 66.3845138549805 67.5799167633057 69.3831825256348 71.3873199462891 73.4693378448486 75.3370658874512 76.5372447967529 77.4227783203125 77.8623699188232 77.8373359680176 77.6444343566894 76.9766723632813 75.8095275878906 74.6732688903809 73.6568862915039 72.5806900024414 71.2986587524414 69.7499946594238 68.2528663635254 66.0520034790039 63.6650428771973 61.2720863342285 59.5263710021973 58.6063354492187 58.502555847168 60.5085456848145 64.3622467041016 70.0280853271484 76.5471450805664 82.9154125213623 88.4353218078613
74.0316303253174 72.2967617034912 70.99853515625 70.32487449646 70.1870006561279 70.1474044799805 69.9035327911377 69.0667705535889 67.6682994842529 65.9948665618897 64.0870643615723 62.5077445983887 61.3681240081787 61.0318061828613 60.8712512969971 61.3176250457764 62.151891708374 63.017582321167 63.4662769317627 63.8327133178711 64.2057342529297 64.8307456970215 65.6552734375 66.9912487030029 68.6867404937744 70.8364799499512 73.1760311126709 75.5689067840576 77.7729175567627 79.2485969543457 80.309903717041 81.0392589569092 81.3390632629394 81.2365447998047 80.6984058380127 79.9321628570557 78.4541439056396 77.4373733520508 76.4798500061035 75.3261642456055 74.2366355895996 73.2348030090332 71.1810684204102 69.5673568725586 67.5037582397461 65.4853805541992 63.8738090515137 63.3527793884277 64.7243782043457 67.9583404541016 72.6845077514648 78.34743309021 83.8160930633545 88.4383449554443
74.0431636810303 71.843334197998 70.3978412628174 69.5604114532471 69.3442825317383 69.0284973144531 68.9369083404541 68.4977672576904 67.4185375213623 66.128596496582 64.7026119232178 63.4531517028809 62.7615291595459 62.5613338470459 62.6980556488037 62.6954219818115 63.0129013061523 63.5292774200439 63.9953720092773 64.6055263519287 65.091219329834 65.8603343963623 67.2172920227051 69.0343383789062 71.0900062561035 73.705627822876 76.1042739868164 78.688793182373 80.9782001495361 82.7343017578125 83.9203002929687 84.5863300323486 84.8206703186035 84.6983757019043 83.7552845001221 82.8069370269775 81.9598941802979 80.9871620178223 79.5623249053955 78.5242446899414 77.6082946777344 76.7365005493164 75.2991058349609 73.9834648132324 72.5500785827637 70.8404685974121 69.6268760681152 69.2175872802734 70.3097290039062 72.764387512207 76.4283004760742 80.7780544281006 84.764217376709 88.527006149292
74.1269691467285 71.7756702423096 70.0921104431152 69.3042709350586 68.7690368652344 68.4926177978516 68.2469120025635 67.907933807373 67.1537826538086 66.070450592041 65.1758792877197 64.3140174865723 63.7821784973144 63.6506782531738 63.9742000579834 64.1081203460693 64.4629257202148 64.8478141784668 65.2501163482666 65.9076713562012 66.7781105041504 68.0823097229004 69.7311992645264 71.5148284912109 74.0169948577881 76.5477909088135 79.3992156982422 81.9565544128418 84.2276065826416 86.0888450622559 87.3200839996338 87.9437702178955 88.2638298034668 87.3578098297119 86.5201313018799 85.427710723877 84.2655570983887 83.0935733795166 82.1072895050049 81.2056709289551 80.2681499481201 79.4732055664062 78.4042137145996 77.4384613037109 76.5513168334961 75.9722763061523 75.3446090698242 75.3100151062012 76.191487121582 77.9374145507812 80.4340930938721 83.402709197998 86.0536510467529 88.7053325653076
74.1444374084473 72.0278408050537 70.5074241638184 69.4140232086182 68.8572513580322 68.5810520172119 68.0664073944092 67.589831161499 66.9386756896973 66.1167274475098 65.3505599975586 64.6994438171387 64.3136089324951 64.1323810577393 64.6530384063721 65.1815933227539 65.795463180542 66.6288608551025 67.1770771026611 68.1068172454834 69.2161464691162 70.8137466430664 72.5060569763184 74.5597366333008 77.0684501647949 79.5528686523437 82.3191604614258 84.8504711151123 87.1700428009033 88.9296203613281 90.0623348236084 90.7889064788818 90.8253002166748 89.9494815826416 88.9467304229736 87.5703151702881 86.0461006164551 84.6648952484131 83.5239654541016 82.7006401062012 82.017297744751 81.4779716491699 80.9296699523926 80.4062915802002 80.1120037078857 80.0413009643555 80.3686744689941 80.7061309814453 81.4460964202881 82.715238571167 84.301575088501 85.9203998565674 87.5232921600342 88.8183589935303
74.3082252502441 72.5497001647949 71.3176948547363 70.3441841125488 69.7395603179932 69.2324096679688 68.5329105377197 67.4729110717773 66.6046901702881 66.1757274627685 65.1828628540039 64.447456741333 64.1863845825195 64.3665523529053 64.9205284118652 65.925862121582 66.8541831970215 68.0568706512451 69.4415500640869 70.5359066009521 71.9926910400391 73.6718482971191 75.4295143127441 77.558044052124 79.7722709655762 82.0604957580566 84.6339065551758 87.0630706787109 89.392614364624 91.1642948150635 92.3258815765381 92.914221572876 92.5574241638184 91.8866756439209 90.7812828063965 89.3875862121582 87.6325073242188 85.8398029327393 84.3350620269775 83.1080806732178 82.4998447418213 82.395471572876 82.5613502502441 82.6899757385254 83.0735336303711 83.3759605407715 84.2738956451416 84.9571880340576 85.7675491333008 86.647388458252 87.3068386077881 88.0961429595947 88.6366558074951 88.9681491851807
74.2090328216553 73.0683948516846 72.4440731048584 71.6475341796875 71.0684474945068 70.38620262146 69.3482200622559 68.0794445037842 66.7875942230225 65.9473846435547 64.7512454986572 64.0578742980957 63.9349178314209 64.3448387145996 65.3641815185547 66.6890899658203 68.1648601531982 69.6921257019043 71.1933612823486 72.9143676757812 74.7572555541992 76.4649749755859 78.1871055603027 79.9518913269043 81.9856494903564 84.1578044891357 86.3424018859863 88.6011566162109 90.834859085083 92.6801567077637 93.9200847625732 94.436852645874 93.9329467773437 93.320463180542 92.0927394866943 90.4569358825684 88.4903774261475 86.5392684936523 84.893724822998 83.7396244049072 83.3561103820801 83.4433303833008 84.2012660980225 84.885721206665 85.4398826599121 86.0786659240723 86.9299266815186 88.0671264648438 88.8577308654785 89.4688312530518 89.6343692779541 89.7347862243652 89.6528339385986 89.3848007202148
73.8913757324219 73.5384441375732 73.409211730957 73.1635986328125 72.8058525085449 72.0600799560547 70.8787899017334 69.2664264678955 67.9435352325439 66.1049835205078 64.5349044799805 63.8198551177978 63.441854095459 64.1455039978027 65.3807556152344 67.3028011322021 69.1079986572266 71.206664276123 73.1418533325195 75.0674491882324 76.8449333190918 78.6676071166992 80.3101432800293 81.7443458557129 83.5886001586914 85.5618564605713 87.685725402832 89.6726596832275 91.8049137115479 93.712805557251 94.8681730270386 95.2646305084229 94.5954637527466 94.0478607177734 92.8392906188965 91.0561473846436 88.9066394805908 86.7939922332764 85.0266830444336 83.735689163208 83.3451229095459 83.5971057891846 84.3450752258301 85.4149982452393 86.6409912109375 87.7588558197021 88.7725620269775 90.0169868469238 90.827112197876 91.1840167999268 91.1836647033691 91.143420791626 90.6931789398193 89.5207942962646
73.5937252044678 73.9369010925293 74.6067874908447 74.995174407959 74.9479816436768 74.2966053009033 73.1677356719971 71.7287624359131 69.4277244567871 67.0638359069824 65.1927421569824 64.1763549804687 64.0391368865967 64.9520206451416 66.2749179840088 68.4870189666748 70.6287178039551 72.8385635375977 74.7979377746582 77.2159492492676 78.9298725128174 80.334920501709 81.6486248016357 82.7943210601807 84.3265632629394 85.9947383880615 88.1005386352539 90.1217578887939 91.961937713623 93.6769882202148 94.9656841278076 95.5237989425659 95.013302230835 94.2971324920654 93.0814521789551 91.2146415710449 89.0455108642578 86.8641712188721 84.7964374542236 83.4821575164795 82.9163761138916 83.1224502563476 83.8312160491943 84.8710475921631 86.2584434509277 87.6807819366455 89.349084854126 91.1645275115967 91.8946868896484 92.4877277374268 92.1961814880371 91.8247047424316 91.0853115081787 89.535279083252
73.7106243133545 74.9205505371094 76.1888076782227 77.2285621643066 77.9129810333252 77.8169178009033 76.7353225708008 74.6553379058838 72.2197166442871 69.4843055725098 67.3883556365967 66.097144317627 65.6116073608398 66.0498229980469 67.3819725036621 69.5224609375 71.9391708374023 74.5104919433594 76.4581512451172 78.4318298339844 80.2033443450928 81.3526397705078 82.1320289611816 83.055818939209 84.1976177215576 85.77829246521 87.5833957672119 89.6067413330078 91.4830368041992 93.124243927002 94.4762620925903 95.243380355835 95.0706523895264 94.2351272583008 92.9706619262695 91.1178691864014 88.7247463226318 86.4417869567871 84.5587661743164 83.2688201904297 82.4182518005371 82.2833461761475 82.8937007904053 83.8993408203125 85.2577152252197 86.794140625 88.6943130493164 90.2912899017334 91.5872802734375 92.5288345336914 92.5077213287353 92.1984474182129 91.0958473205566 89.8284027099609
74.4783283233643 76.9801296234131 79.2329536437988 80.5652843475342 81.5844856262207 81.606799697876 80.569743347168 78.6648666381836 75.9410160064697 73.1676204681396 70.8255554199219 69.0810623168945 67.9881553649902 68.0897834777832 69.2755470275879 71.2489837646484 73.5481636047363 75.9541534423828 77.8120697021484 79.543824005127 80.9551761627197 81.895178604126 82.3973754882812 82.8007904052734 84.1394924163818 85.2875190734863 86.860196685791 88.7583164215088 90.7046546936035 92.3819194793701 93.8318069458008 94.675581741333 94.8221826553345 93.8079135894775 92.4157779693603 90.6514682769775 88.5356544494629 86.269548034668 84.2509471893311 82.5558155059814 81.427322769165 81.0732875823975 81.3718475341797 82.2565773010254 83.6707950592041 85.418977355957 87.6332214355469 89.3388359069824 90.7343818664551 91.6787261962891 91.9411689758301 91.5494384765625 91.0510597229004 90.1567150115967
75.910876083374 79.0122207641601 82.0028865814209 83.8391613006592 85.1884670257568 85.5561485290527 84.9728820800781 83.3019233703613 80.8116207122803 78.172993850708 75.3963684082031 73.2004753112793 71.9349639892578 71.725528717041 72.360099029541 73.6845924377441 75.5125946044922 77.6462516784668 79.2653507232666 80.7064487457275 81.6995426177978 82.3651966094971 82.6509330749512 82.9527675628662 83.2999877929688 83.9430992126465 85.3226070404053 87.3478927612305 89.4464347839355 91.4732120513916 93.0374694824219 94.0132076263428 93.8681564331055 93.2284023284912 92.0512702941895 90.3433029174805 88.3573516845703 86.2002811431885 84.145671081543 82.0503170013428 80.5551868438721 79.8282348632813 79.8842922210693 80.6186874389648 81.9829452514648 84.0799350738525 86.1139739990234 88.0055099487305 89.6243659973145 90.5859016418457 91.1233646392822 90.9745700836182 90.6058876037598 90.0098957061767
78.5174911499023 82.1347999572754 85.2803249359131 87.6968597412109 89.1586826324463 89.9590709686279 89.63225440979 88.2405353546143 86.1991554260254 83.6516605377197 80.7789852142334 78.0743591308594 76.7448432922363 76.325617980957 76.5515640258789 77.1536888122559 78.5699779510498 80.2637989044189 81.4670944213867 82.5450466156006 83.2026973724365 83.1117267608643 82.9024848937988 82.5644107818603 82.3552829742432 82.5974201202392 83.8067443847656 85.6228034973145 87.8868404388428 90.2540210723877 92.048762512207 93.1731163024902 93.3053020477295 93.0250865936279 91.8925399780273 90.2445976257324 88.316117477417 86.2681247711182 84.0506992340088 81.8443069458008 80.1634536743164 79.0567573547363 78.6974617004394 79.2037010192871 80.8713386535645 82.6499000549316 84.6497226715088 86.5405941009521 88.1506771087646 89.5081184387207 90.3881183624268 90.3987880706787 90.2354995727539 90.0144985198975
82.2331398010254 85.9960376739502 89.1829776763916 91.639852142334 93.0760074615478 94.0682922363281 93.8564071655273 92.9266868591309 91.281702041626 89.2233104705811 86.6843601226807 83.9615249633789 82.0378955841064 81.5643753051758 81.4947704315185 81.8378765106201 82.7884983062744 83.6853454589844 84.5875843048096 84.8659408569336 84.5292602539062 83.9693733215332 83.2762683868408 82.385566329956 81.6271553039551 81.5850410461426 82.4615997314453 84.1454254150391 86.7137245178223 89.2037086486816 91.3208351135254 92.5577228546143 92.9428016662598 92.7351863861084 92.206725692749 90.5815853118896 88.83630027771 86.8460285186768 84.544359588623 82.4590755462646 80.5264541625977 79.1325935363769 78.2153717041016 78.7982124328613 79.752294921875 81.272176361084 83.073263168335 84.8683563232422 86.666968536377 88.2190948486328 89.1651401519775 89.8416156768799 89.8546672821045 90.1173587799072
86.6273384094238 90.0434497833252 93.0046220779419 95.1773761749267 96.7317064285278 97.688815498352 97.5770427703857 97.0628242492676 95.8089937210083 94.310929107666 92.2631923675537 90.2457576751709 88.7202331542969 86.8302196502685 85.9224109649658 86.9567249298096 87.5080448150635 87.819123840332 88.0703418731689 87.654182434082 86.6782955169678 85.5752338409424 84.4263103485107 82.9393661499023 81.6995365142822 81.2970291137695 81.9126716613769 83.7678527832031 86.1720504760742 88.9208992004395 91.1469532012939 92.5658912658691 93.1706207275391 93.2510250091553 93.0414241790771 92.0564506530762 90.4085636138916 88.7517383575439 86.2166397094727 84.2108875274658 82.2951084136963 80.5327529907227 79.2927062988281 78.789729309082 79.3842433929443 80.61025390625 82.0395767211914 83.8053325653076 85.3917316436767 86.8808349609375 87.9616424560547 88.8264015197754 89.5890693664551 90.6007389068603
91.0478767395019 93.9414098739624 96.4712436676025 98.2999044418335 99.6708309173584 100.597759628296 100.631145095825 100.473614311218 99.621392250061 98.4589742660522 97.0746877670288 95.7993547439575 94.6156999588013 93.2414054870605 92.4815341949463 92.1894813537598 92.1383476257324 92.2578510284424 91.9908638000488 91.3522064208984 89.6885181427002 88.2246440887451 86.5847503662109 84.6317394256592 82.9839588165283 82.2121257781982 82.742960357666 84.2712577819824 86.6525093078613 89.200813293457 91.6804775238037 93.3533618927002 94.3720699310303 94.7297061920166 94.7737239837646 93.9434497833252 92.7524143218994 91.070845413208 89.1241973876953 86.9769432067871 84.6887222290039 82.6532741546631 80.915412902832 79.9905502319336 80.1573677062988 80.8676094055176 81.9882507324219 83.489937210083 84.8400890350342 86.0111824035644 87.2215789794922 88.2015727996826 89.3697265625 90.982006072998
95.1740650177002 97.6048854827881 99.5827550888062 100.92805109024 102.007684230804 103.123077201843 103.302831840515 102.967630195618 102.682416725159 102.200342464447 101.311512947083 100.344224357605 99.185831451416 98.1086004257202 97.5520683288574 97.1344861984253 96.8602108001709 96.5020320892334 95.9397165298462 94.8544490814209 93.2106781005859 91.4027816772461 89.497688293457 87.4063850402832 85.3157119750977 84.5171150207519 84.8366565704346 86.1982074737549 88.4256847381592 90.9309803009033 93.1444847106934 95.0061584472656 96.2643730163574 96.7020139694214 96.9789268493652 96.4564947128296 95.7164241790772 94.2984596252441 92.5767692565918 90.3445339202881 88.1277095794678 85.5112670898437 83.4261680603027 82.407515335083 82.3490356445312 82.5444778442383 83.3184597015381 84.3432861328125 85.4033786773682 86.3255172729492 87.4110683441162 88.4890644073486 89.8923202514648 91.8747966766357
98.4745780944824 100.418496131897 101.998316955566 103.252795314789 104.063889789581 104.853761863708 105.067460441589 105.130883216858 104.99995174408 104.612161636353 104.124397373199 103.415489768982 102.705852603912 101.992479705811 101.516580581665 101.121366500854 100.752240562439 100.367943763733 99.4771669387817 98.3815818786621 96.9360572814941 95.0211273193359 92.9356742858887 90.6517448425293 88.7604290008545 87.7544052124023 87.8585838317871 89.1592514038086 91.2788795471191 93.7565563201904 95.8027408599853 97.3763410568237 98.6485366821289 99.3551042556763 99.7323320388794 99.3745582580566 98.8801115036011 97.7979629516602 95.8717906951904 94.0095802307129 91.9153423309326 89.5894035339355 87.5076881408691 86.3439968109131 85.8673538208008 85.6412933349609 85.9945854187012 86.6239593505859 87.3216121673584 88.0266361236572 88.9841598510742 90.0668342590332 91.6301658630371 93.7665302276611
