indici/fabbisogno05.asc
NCOLS 177 
NROWS 174 
XLLCORNER 1436301.375 
YLLCORNER 4916704.5 
CELLSIZE 1500 
NODATA_value -9999 
[rows 100 to 119 of 174, columns 0 to 43 of 177]
-114.654914855957 -113.133285522461 -111.68383026123 -110.258010864258 -108.833770751953 -107.413749694824 -105.999702453613 -105.030426025391 -104.135162353516 -103.142486572266 -102.572174072266 -102.378707885742 -101.983459472656 -101.705520629883 -101.889823913574 -101.976661682129 -101.9970703125 -103.050498962402 -104.167945861816 -105.299819946289 -106.619537353516 -108.039566040039 -109.658721923828 -110.711013793945 -110.788070678711 -110.937408447266 -111.052619934082 -110.463264465332 -109.85929107666 -109.237022399902 -48.3931228637695 -48.3917938232422 -48.2749145507813 -48.2205551147461 -48.1338180541992 -48.1607391357422 -48.4079406738281 -49.6055023193359 -50.8290176391602 -51.8851089477539 -54.0798385620117 -56.3329788208008 -58.6117095947266 -60.818244934082
-112.670249938965 -111.188117980957 -109.751579284668 -108.355056762695 -107.148826599121 -105.935806274414 -104.716186523438 -104.012992858887 -103.389541625977 -102.658233642578 -102.256568908691 -102.140365600586 -101.882453918457 -101.704612731934 -101.829887390137 -101.862113952637 -101.832641601562 -102.51530456543 -103.219924926758 -103.894096374512 -104.883682250977 -106.036911010742 -107.395584106445 -108.386856079102 -108.756713867188 -109.213706970215 -109.629249572754 -109.238998413086 -47.5513259887695 -47.5065826416016 -47.5044815063477 -47.5358047485352 -47.5602340698242 -47.5150726318359 -47.4306259155273 -47.5319839477539 -47.7660095214844 -48.7604339599609 -49.8195739746094 -50.8068328857422 -52.8884643554687 -55.0688873291016 -57.2351058959961 -59.3256896972656
-110.681823730469 -109.220420837402 -107.789886474609 -106.424018859863 -105.433166503906 -104.427024841309 -103.405143737793 -102.972587585449 -102.623809814453 -102.156867980957 -101.923973083496 -101.887954711914 -101.751617431641 -101.652488708496 -101.700744628906 -101.674545288086 -101.600059509277 -101.912605285645 -102.215530395508 -102.458892822266 -103.14665222168 -104.058036804199 -41.3799911499023 -42.73798828125 -106.727584838867 -107.479698181152 -108.180763244629 -107.975921630859 -46.3532485961914 -46.4862945556641 -46.5749862670898 -46.6465698242188 -46.7552001953125 -46.7914642333984 -46.8481597900391 -46.8266174316406 -47.0406494140625 -47.9540649414063 -48.7672515869141 -49.6719665527344 -51.7143615722656 -53.7932312011719 -55.8639877319336 -57.830583190918
-108.691360473633 -107.240478515625 -105.81160736084 -104.478149414062 -103.700294494629 -102.900085449219 -102.077270507812 -101.918128967285 -101.845268249512 -101.644264221191 -101.578994750977 -101.624992370605 -101.597091674805 -101.557952880859 -101.51293182373 -101.423919677734 -101.307106018066 -101.248275756836 -35.8441329956055 -35.9900146484375 -36.7520950317383 -37.8168334960938 -38.9996643066406 -40.2394424438477 -104.700553894043 -105.734375 -106.704811096191 -106.669944763184 -106.61304473877 -45.4331436157227 -45.6123931884766 -45.7789001464844 -45.9056076049805 -46.1156997680664 -46.2910873413086 -46.1652435302734 -46.3779525756836 -47.1022689819336 -47.7837615966797 -48.4848907470703 -50.5369125366211 -52.5351776123047 -54.5162307739258 -56.4692443847656
-106.44792175293 -105.283508300781 -104.126594543457 -103.065620422363 -102.565223693848 -102.03401184082 -101.472465515137 -101.47826385498 -101.544334411621 -101.474937438965 -101.446830749512 -101.452796936035 -101.413711547852 -101.347091674805 -101.216773986816 -101.073440551758 -100.921981811523 -100.783973693848 -35.1631256103516 -35.1881393432617 -35.8156280517578 -36.7417282104492 -37.7107940673828 -38.8369903564453 -40.2038177490234 -104.568557739258 -105.599990844727 -105.67993927002 -44.1115524291992 -44.6310882568359 -44.9168838500977 -45.1507308959961 -45.4213180541992 -45.6462432861328 -45.8343170166016 -46.0113555908203 -46.063688659668 -46.6709045410156 -47.2488372802734 -47.9288040161133 -49.931233215332 -51.7227523803711 -53.5577789306641 -55.4250411987305
-104.166625976562 -103.280044555664 -102.395385742188 -101.612983703613 -101.392936706543 -101.141357421875 -100.859031677246 -101.033241271973 -101.23885345459 -101.299308776855 -101.301704406738 -101.261611938477 -101.194793701172 -101.084739685059 -100.86597442627 -100.661552429199 -100.465957641602 -100.28768157959 -34.4956283569336 -34.49228515625 -35.0209213256836 -35.7744430541992 -36.582893371582 -37.6353485107422 -39.0353225708008 -40.5389099121094 -104.565002441406 -104.753189086914 -43.1927200317383 -43.8228363037109 -44.2374526977539 -44.5589416503906 -44.8918319702148 -45.1671356201172 -45.5414489746094 -45.8430603027344 -45.9308853149414 -46.3959899902344 -46.8163986206055 -47.5189636230469 -49.1981185913086 -51.0777618408203 -52.7413482666016 -54.4416885375977
-101.804321289062 -101.168563842773 -100.535255432129 -100.01197052002 -100.05224609375 -100.076644897461 -100.085716247559 -100.438667297363 -100.796798706055 -101.001312255859 -101.046112060547 -100.974960327148 -100.865943908691 -100.694244384766 -100.369483947754 -100.068359375 -99.7812118530273 -33.5165817260742 -33.5171417236328 -33.4615982055664 -33.8989334106445 -34.5345138549805 -35.2105102539062 -36.2440002441406 -37.6614135742188 -39.2293106079102 -103.440658569336 -41.5470733642578 -42.2778930664062 -42.9990982055664 -43.489665222168 -43.9300567626953 -44.3834289550781 -44.7157653808594 -45.1704284667969 -45.4663772583008 -45.5848510742188 -46.1414825439453 -46.5887069702148 -47.0049942016602 -48.7207763671875 -50.330436706543 -51.8147369384766 -53.4283721923828
-100.281188964844 -99.8478317260742 -99.4188232421875 -99.0841598510742 -99.2007827758789 -99.3229751586914 -99.4497451782227 -99.8527069091797 -100.24592590332 -100.480430603027 -100.517440795898 -100.413673400879 -100.260734558105 -100.031616210938 -99.6219940185547 -99.2449417114258 -98.8863220214844 -32.4086471557617 -32.2818359375 -32.2466613769531 -32.6174789428711 -33.1378875732422 -33.7499053955078 -34.7370315551758 -36.3082305908203 -37.9511199951172 -39.5313049316406 -40.3856506347656 -41.2164031982422 -42.0638854980469 -42.6792724609375 -43.2119003295898 -43.7539154052734 -44.2011596679688 -44.5984649658203 -44.8969375610352 -45.2157028198242 -45.7972640991211 -46.1987609863281 -46.6751831054688 -48.1521392822266 -49.6068954467773 -50.8858657836914 -52.4388153076172
-99.1920166015625 -98.9541244506836 -98.7211380004883 -98.5476684570312 -98.6444625854492 -98.7635650634766 -98.9015502929688 -99.2707824707031 -99.6168441772461 -99.7961578369141 -99.7842636108398 -99.6403732299805 -99.4358139038086 -99.1467437744141 -98.6638641357422 -98.2232360839844 -97.8058013916016 -31.0956024169922 -30.923908996582 -30.8022003173828 -31.1199783325195 -31.6182708740234 -32.1939956665039 -33.2212310791016 -34.8267547607422 -36.4763534545898 -38.092121887207 -39.0607391357422 -40.0831192016602 -41.0661651611328 -41.7632965087891 -42.3890914916992 -43.0361740112305 -43.5987243652344 -44.0889770507813 -44.5007476806641 -44.9965194702148 -45.4820465087891 -45.8776412963867 -46.3159591674805 -47.4540023803711 -48.920036315918 -50.0701461791992 -51.4571258544922
-97.9583358764648 -97.9167709350586 -97.864372253418 -97.8299713134766 -97.8892135620117 -97.984245300293 -98.1088333129883 -98.4192810058594 -98.7068328857422 -98.8578338623047 -98.8236618041992 -98.6655654907227 -98.427001953125 -98.0947494506836 -97.5554275512695 -97.0392990112305 -96.5357894897461 -95.9804306030273 -29.3763092041016 -29.16142578125 -29.3934112548828 -29.840071105957 -30.4524688720703 -31.4889465332031 -33.1315689086914 -34.9025497436523 -36.5504425048828 -37.7531265258789 -38.8272933959961 -39.9240844726563 -40.7679107666016 -41.5371063232422 -42.2775039672852 -42.9505493164063 -43.5200393676758 -44.1429550170898 -44.6652404785156 -45.2213882446289 -45.5010589599609 -45.9194473266602 -46.8539184570313 -47.8487899780273 -49.1057693481445 -50.4952255249023
-97.1147232055664 -97.1809616088867 -97.224723815918 -97.2567291259766 -97.2555694580078 -97.3045959472656 -97.3939056396484 -97.6206741333008 -97.8279342651367 -97.9326934814453 -97.8548202514648 -97.6593551635742 -97.3643035888672 -96.9748916625977 -96.3814544677734 -95.787727355957 -95.1935882568359 -94.5273971557617 -27.7023529052734 -27.4575744628906 -27.6583480834961 -28.0253173828125 -28.6075073242188 -29.7187438964844 -31.5035461425781 -33.2281845092773 -34.9139831542969 -36.3143829345703 -37.5636505126953 -38.8010391235352 -39.7698196411133 -40.6455001831055 -41.4616638183594 -42.2046630859375 -42.8724258422852 -43.5459671020508 -44.1608734130859 -44.6811981201172 -44.931706237793 -45.3331481933594 -46.0538467407227 -46.9382064819336 -47.8006164550781 -49.2718688964844
-97.0696411132812 -97.0930786132812 -97.0771636962891 -97.0398788452148 -96.944580078125 -96.9131851196289 -96.9313201904297 -97.0290222167969 -97.1103897094727 -97.1215209960938 -96.9345474243164 -96.6241073608398 -96.1931991577148 -95.6912841796875 -95.0423431396484 -94.3692245483398 -93.6835556030273 -92.9420852661133 -25.9741790771484 -25.825895690918 -25.9696899414063 -26.3249588012695 -26.878874206543 -27.9135467529297 -29.7434020996094 -31.5009094238281 -33.2137481689453 -34.8427169799805 -36.3821426391602 -37.8549743652344 -38.8152282714844 -39.6249877929688 -40.3985443115234 -41.0206985473633 -41.5008987426758 -41.9445007324219 -42.3663360595703 -42.7615020751953 -43.1325256347656 -43.196711730957 -43.869921875 -44.593913269043 -45.2912612915039 -46.4237350463867
-97.0119857788086 -97.0091552734375 -96.9615097045898 -96.8836059570312 -96.7226028442383 -96.6196670532227 -96.5607452392578 -96.522575378418 -96.4663391113281 -96.3536834716797 -96.0279541015625 -95.5739822387695 -95.0028915405273 -94.3863220214844 -93.6786727905273 -92.9364852905273 -92.1767425537109 -91.3768463134766 -24.3710403442383 -24.082682800293 -24.2455718994141 -24.4869674682617 -25.0158309936523 -26.0866271972656 -27.8659759521484 -29.6621704101562 -31.3902938842773 -33.2998519897461 -35.1362762451172 -36.8467208862305 -37.8232070922852 -38.586555480957 -39.3227554321289 -39.8215393066406 -40.0851760864258 -40.353498840332 -40.5865646362305 -40.902880859375 -41.1408584594727 -41.2417495727539 -41.6862457275391 -42.2568130493164 -42.848454284668 -43.7518890380859
-96.9478530883789 -96.9273834228516 -96.8639602661133 -96.7626876831055 -96.5546646118164 -96.3872604370117 -96.249755859375 -96.0729598999023 -95.8726348876953 -95.6161727905273 -95.1305313110352 -94.5114517211914 -93.7968902587891 -93.0637435913086 -92.2942276000977 -91.4916687011719 -90.672966003418 -89.8299407958984 -22.6484909057617 -22.4129135131836 -22.4442916870117 -22.6369110107422 -23.1391799926758 -24.2084884643555 -25.9245010375977 -27.6882125854492 -29.4605361938477 -31.6821258544922 -33.7986145019531 -35.78251953125 -36.7693832397461 -37.5166397094727 -38.1871597290039 -38.5903457641602 -38.6752517700195 -38.7386306762695 -38.7982528686523 -39.0001510620117 -39.1537521362305 -39.2592834472656 -39.5906173706055 -39.8944259643555 -40.363508605957 -41.1036148071289
-97.2799453735352 -97.2384490966797 -97.156005859375 -97.0264282226562 -96.7636947631836 -96.5237350463867 -96.30029296875 -95.9061126708984 -95.4809188842773 -95.0012893676758 -94.2888565063477 -93.4456481933594 -92.5299072265625 -91.6521453857422 -90.8468017578125 -90.0095367431641 -89.1621322631836 -88.4353713989258 -87.7636108398438 -21.1118392944336 -21.230973815918 -21.4523254394531 -22.0268814086914 -22.9600021362305 -24.4056411743164 -25.9765182495117 -27.6222122192383 -29.8673950195313 -31.9637115478516 -33.9597473144531 -34.8962249755859 -35.579948425293 -36.2091537475586 -36.5045684814453 -36.5804565429688 -36.6395690917969 -36.6016098022461 -36.6452545166016 -36.6571166992188 -36.6076248168945 -36.8390090942383 -36.7746032714844 -37.0250503540039 -37.4516128540039
-97.6194610595703 -97.5622406005859 -97.4659576416016 -97.3123321533203 -96.9994659423828 -96.6906509399414 -96.38525390625 -95.7697448730469 -95.1153564453125 -94.4046020507812 -93.4573364257812 -92.3817520141602 -91.2596817016602 -90.2367858886719 -89.3998260498047 -88.5385360717773 -87.6783981323242 -87.1029434204102 -86.5832138061523 -20.0299346923828 -20.1643173217773 -20.3789260864258 -20.8896011352539 -21.7981353759766 -22.9754806518555 -24.3113494873047 -25.8601608276367 -28.0087249755859 -30.0184295654297 -31.920881652832 -32.7679153442383 -33.4427505493164 -33.9725128173828 -34.2746719360352 -34.3706344604492 -34.3743011474609 -34.3703720092773 -34.1905075073242 -34.0420135498047 -33.8129638671875 -33.7551025390625 -33.7393783569336 -33.3860061645508 -33.4703979492188
-97.9693908691406 -97.89990234375 -97.7933654785156 -97.6186218261719 -97.2593536376953 -96.8846893310547 -96.5008239746094 -95.6651382446289 -94.7822647094727 -93.8344345092773 -92.646240234375 -91.3320465087891 -90.010124206543 -88.8506546020508 -87.9882431030273 -87.1334075927734 -86.3038635253906 -85.9214553833008 -85.5795135498047 -19.0382446289063 -19.2198532104492 -19.4395858764648 -19.885612487793 -20.561540222168 -21.5761215209961 -22.7208724975586 -24.0326446533203 -26.0824676513672 -27.972673034668 -29.7554550170898 -30.5573089599609 -31.1577621459961 -31.608528137207 -31.9479965209961 -32.0718292236328 -32.1321533203125 -32.0721038818359 -31.7216644287109 -31.395198059082 -31.042594909668 -30.6756713867188 -30.3651580810547 -30.0316619873047 -29.7057708740234
-98.2684173583984 -98.2687377929688 -98.2316818237305 -98.09375 -97.6946258544922 -97.2599258422852 -96.8037872314453 -95.7878494262695 -94.7188262939453 -93.5753479003906 -92.1717681884766 -90.6367034912109 -89.1322250366211 -87.8588790893555 -86.9973373413086 -86.1753082275391 -85.3987884521484 -85.1444702148438 -84.9164276123047 -18.336457824707 -18.4442611694336 -18.6404541015625 -18.9964813232422 -19.4973861694336 -20.1828018188477 -21.1134994506836 -22.1270156860352 -23.8373306274414 -25.4547515869141 -26.9699508666992 -27.7590454101563 -28.3158065795898 -28.7269714355469 -29.0057357788086 -29.2303497314453 -29.3625854492188 -29.3029556274414 -28.9447738647461 -28.5401229858398 -28.1623626708984 -27.7336181640625 -27.2408676147461 -26.830989074707 -26.3655899047852
-98.543212890625 -98.6562118530273 -98.7339477539062 -98.6671447753906 -98.236083984375 -97.7488784790039 -97.228759765625 -96.0639877319336 -94.8436889648438 -93.5407943725586 -91.947639465332 -90.2135162353516 -88.548095703125 -87.1884765625 -86.3586502075195 -85.6014022827148 -84.9060516357422 -84.7313766479492 -84.5668029785156 -84.417724609375 -17.9282516479492 -17.9817367553711 -18.2041641235352 -18.5215087890625 -18.8715469360352 -19.527864074707 -20.2663818359375 -21.4524230957031 -22.6392013549805 -23.7119216918945 -24.3393325805664 -24.8901565551758 -25.2032836914063 -25.5283432006836 -25.8085571289063 -25.9266784667969 -25.9609603881836 -25.720671081543 -25.4944580078125 -25.2216857910156 -24.9060073852539 -24.5226226806641 -24.1104888916016 -23.8074966430664
-98.8451232910156 -99.0783920288086 -99.2647171020508 -99.2593307495117 -98.7895202636719 -98.2557220458984 -97.6855239868164 -96.3842086791992 -95.0323486328125 -93.6027450561523 -91.8515777587891 -89.950325012207 -88.1422653198242 -86.717041015625 -85.9366302490234 -85.2321243286133 -84.5938110351562 -84.4750061035156 -84.3624572753906 -84.2591552734375 -84.032600402832 -17.5189407348633 -17.6027572631836 -17.7740753173828 -17.8340545654297 -18.1117477416992 -18.5476821899414 -19.1764053344727 -19.8042251586914 -20.3901977539062 -20.864599609375 -21.2878967285156 -21.5813491821289 -21.9257110595703 -22.2766555786133 -22.4618927001953 -22.5363479614258 -22.4433578491211 -22.3481292724609 -22.2569747924805 -22.0201034545898 -21.755973815918 -21.4923904418945 -21.2350891113281
