indici/fabbisogno12.asc
NCOLS 177 
NROWS 174 
XLLCORNER 1436301.375 
YLLCORNER 4916704.5 
CELLSIZE 1500 
NODATA_value -9999 
[rows 115 to 137 of 174, columns 106 to 158 of 177]
-38.1395416259766 -36.252124786377 -34.4270324707031 -33.1422119140625 -32.2079315185547 -31.6153202056885 -30.4020767211914 -29.3625965118408 -28.5330104827881 -27.5000190734863 -26.0118846893311 -24.3617324829102 -22.4831714630127 -20.473445892334 -18.6703681945801 -16.7091388702393 -15.2291622161865 -14.4506750106812 -14.0803642272949 -14.134349822998 -14.597466468811 -15.5731201171875 -17.3239212036133 -19.8057708740234 -23.2504539489746 -27.2369899749756 -31.8759155273438 -36.7245979309082 -41.5629920959473 -45.6978950500488 -48.625431060791 -49.3701934814453 -48.0510749816895 -44.6268081665039 -40.0100021362305 -34.8830909729004 -29.3046550750732 -24.148509979248 -19.5011177062988 -15.6370286941528 -12.6394443511963 -10.2956800460815 -9999 -9999 -9999 -9999 -9999 -9999 -9999 -9999 -9999 -9999 -9999
-37.6711158752441 -35.1219520568848 -32.6208267211914 -30.5920753479004 -28.9005794525146 -27.6901721954346 -26.2710494995117 -24.8642597198486 -23.581615447998 -22.0836277008057 -20.7985877990723 -19.4029521942139 -17.9034290313721 -16.3410682678223 -14.9632215499878 -13.4839630126953 -12.383490562439 -11.8742647171021 -11.7217807769775 -11.8963413238525 -12.3942022323608 -13.3867692947388 -15.1189956665039 -17.696985244751 -20.9343681335449 -24.8467636108398 -29.5736999511719 -34.8572044372559 -40.1840744018555 -44.7558822631836 -48.3154029846191 -49.5024223327637 -48.2503547668457 -44.9573669433594 -40.562183380127 -35.2991333007812 -29.774435043335 -24.513801574707 -19.7073040008545 -15.81751537323 -12.8858070373535 -10.5928659439087 -8.90635204315186 -7.68595457077026 -6.83386659622192 -9999 -9999 -9999 -9999 -9999 -9999 -9999 -9999
-36.5681076049805 -33.256217956543 -30.2171230316162 -27.447940826416 -25.2042446136475 -23.5361595153809 -21.9141731262207 -20.2776908874512 -18.903263092041 -17.7418270111084 -16.562183380127 -15.291166305542 -14.0276012420654 -12.8796195983887 -11.7911529541016 -10.8712959289551 -10.0865859985352 -9.75413036346436 -9.71575927734375 -10.128210067749 -10.6309909820557 -11.6799812316895 -13.4461355209351 -15.736888885498 -18.7732791900635 -22.7110862731934 -27.48655128479 -32.9459648132324 -38.4122200012207 -43.2572937011719 -46.9251937866211 -48.2622146606445 -47.1358375549316 -44.1684150695801 -39.7685050964355 -34.4934387207031 -29.0432929992676 -23.9226665496826 -19.3844413757324 -15.5763063430786 -12.7218246459961 -10.631121635437 -9.10461902618408 -8.03143215179443 -7.40648889541626 -9999 -9999 -9999 -9999 -9999 -9999 -9999 -9999
-34.3984375 -30.7402515411377 -27.2201652526855 -24.1955509185791 -21.6876049041748 -19.6118831634521 -17.9902896881104 -16.468189239502 -15.1205587387085 -13.9661054611206 -12.9871377944946 -12.0050525665283 -11.0146160125732 -10.1930990219116 -9.40677833557129 -8.79144096374512 -8.31168365478516 -8.1385326385498 -8.24472045898438 -8.6511754989624 -9.14785099029541 -10.2458267211914 -11.8247013092041 -14.0646524429321 -17.0065898895264 -20.8497123718262 -25.6045360565186 -31.0237903594971 -36.4944725036621 -41.3137130737305 -44.4717140197754 -46.1337089538574 -45.3070297241211 -42.3718032836914 -37.9224319458008 -32.705451965332 -27.4199562072754 -22.5400848388672 -18.3820171356201 -15.0623836517334 -12.2878389358521 -10.3548631668091 -9.07472133636475 -8.27473258972168 -7.92799711227417 -9999 -9999 -9999 -9999 -7.31014633178711 -7.23189735412598 -9999 -9999
-31.0325660705566 -27.3635311126709 -23.8892879486084 -20.7988471984863 -18.2727279663086 -16.1459522247314 -14.6851825714111 -13.2687616348267 -12.0873432159424 -11.0587949752808 -10.1911163330078 -9.45917129516602 -8.76123332977295 -8.02760887145996 -7.59061145782471 -7.2017707824707 -6.99000978469849 -6.94713115692139 -7.12155914306641 -7.5083179473877 -8.09160709381104 -9.10477542877197 -10.5846385955811 -12.6881265640259 -15.5649442672729 -19.2969284057617 -23.9155502319336 -29.0791015625 -34.4035377502441 -38.8685340881348 -42.0885047912598 -43.4036827087402 -42.8271598815918 -39.8041610717773 -35.3688278198242 -30.3000545501709 -25.2631893157959 -20.7313041687012 -16.9786643981934 -14.0059156417847 -11.6537532806396 -9.8759937286377 -8.90407562255859 -8.34072685241699 -8.22071266174316 -9999 -8.45437812805176 -8.43459987640381 -8.48760890960693 -8.62352752685547 -8.70526885986328 -8.73458003997803 -8.96002578735352
-26.9208316802979 -23.5965099334717 -20.3671875 -17.5007667541504 -15.0710315704346 -13.1948843002319 -11.8192338943481 -10.7004661560059 -9.68871784210205 -8.86553573608398 -8.12833881378174 -7.55018281936646 -7.0571985244751 -6.5282154083252 -6.26188850402832 -6.05898237228394 -5.98302316665649 -6.04098176956177 -6.30207872390747 -6.65699291229248 -7.18893527984619 -8.13531017303467 -9.59914684295654 -11.6168260574341 -14.401083946228 -17.9479312896729 -22.2505512237549 -27.10178565979 -32.1922378540039 -36.7412567138672 -39.8567008972168 -40.8537788391113 -39.5979080200195 -36.5317268371582 -32.4686698913574 -27.6009254455566 -22.8967170715332 -18.7691116333008 -15.3606176376343 -12.7557306289673 -10.7514905929565 -9.32042407989502 -8.50584697723389 -8.1882905960083 -8.26139068603516 -8.63685703277588 -8.75247001647949 -9.00746154785156 -9.47637557983398 -9.89407920837402 -10.2482357025146 -10.6116704940796 -11.0685262680054
-22.5045528411865 -19.6984672546387 -16.9370803833008 -14.4552574157715 -12.3723840713501 -10.6331815719604 -9.46992301940918 -8.66643142700195 -7.84069299697876 -7.18814277648926 -6.66664552688599 -6.25456714630127 -5.83847093582153 -5.45573329925537 -5.31533002853394 -5.2072491645813 -5.23699712753296 -5.40731048583984 -5.66870546340942 -5.99304676055908 -6.48526668548584 -7.38769340515137 -8.78138256072998 -10.7434043884277 -13.3807029724121 -16.7762775421143 -20.9400119781494 -25.6725406646729 -30.6276569366455 -34.9025039672852 -37.7086601257324 -38.4711723327637 -36.9172973632812 -33.5841217041016 -29.2518558502197 -24.7492637634277 -20.4768981933594 -16.7046604156494 -13.7386808395386 -11.4171724319458 -9.79839706420898 -8.63995552062988 -7.99925756454468 -7.81538867950439 -8.03710174560547 -8.35642051696777 -8.78536987304688 -9.38594436645508 -10.1539688110352 -10.9186134338379 -11.6506223678589 -12.6079273223877 -9999
-18.2212009429932 -15.8704566955566 -13.7875652313232 -11.7519950866699 -10.1186761856079 -8.60060024261475 -7.5889835357666 -7.06105804443359 -6.46821022033691 -5.96462821960449 -5.60158920288086 -5.33790349960327 -4.86600351333618 -4.71298599243164 -4.68592596054077 -4.67806100845337 -4.79494571685791 -4.96117544174194 -5.19612693786621 -5.5193657875061 -6.08714056015015 -6.99938774108887 -8.26929378509521 -10.215518951416 -12.8223028182983 -16.1636962890625 -20.2888507843018 -24.9403266906738 -29.5971908569336 -33.6031723022461 -35.9769096374512 -36.3440704345703 -34.5245132446289 -31.033784866333 -26.6611022949219 -22.140998840332 -18.081672668457 -14.8236598968506 -12.2573642730713 -10.2577247619629 -8.86320495605469 -7.92294931411743 -7.38363885879517 -7.29686594009399 -7.61338996887207 -7.89092111587524 -8.43745517730713 -9.34971618652344 -10.3895587921143 -11.516583442688 -12.9092578887939 -14.248966217041 -9999
-14.3263216018677 -12.5306606292725 -10.9766273498535 -9.44525051116943 -8.25352096557617 -7.08459186553955 -6.18224716186523 -5.68212795257568 -5.41584587097168 -5.09045600891113 -4.81127643585205 -4.65104341506958 -4.31145620346069 -4.20808219909668 -4.2707896232605 -4.28886604309082 -4.38601970672607 -4.59450435638428 -4.81847524642944 -5.17563533782959 -5.87666034698486 -6.80732393264771 -8.24104309082031 -10.1912393569946 -12.8447589874268 -16.2983531951904 -20.5134887695312 -25.1906433105469 -29.7813091278076 -33.5244483947754 -35.4733695983887 -35.2380638122559 -32.8138122558594 -29.0134983062744 -24.6043510437012 -20.1422233581543 -16.286735534668 -13.1820611953735 -10.8516998291016 -9.10822296142578 -7.97082614898682 -7.15406370162964 -6.69103956222534 -6.6631007194519 -6.91745615005493 -7.2785496711731 -7.9276556968689 -8.94213771820068 -10.1664600372314 -11.6190824508667 -13.4750270843506 -15.3996315002441 -17.5212802886963
-11.0802822113037 -9.78306770324707 -8.63281440734863 -7.6318883895874 -6.74225902557373 -5.86787223815918 -5.16683101654053 -4.71177768707275 -4.53903579711914 -4.34951877593994 -4.26843452453613 -4.15456104278564 -3.90525078773499 -3.84382152557373 -3.86711001396179 -3.98852038383484 -4.1597204208374 -4.39351272583008 -4.63094282150269 -5.07664489746094 -5.81656312942505 -6.76255035400391 -8.17044639587402 -10.1883573532104 -12.94260597229 -16.5197353363037 -20.8883190155029 -25.7129898071289 -30.3548145294189 -33.9448432922363 -35.5785446166992 -34.85302734375 -32.0106353759766 -27.7786808013916 -23.1420478820801 -18.7783718109131 -15.1014823913574 -12.1477451324463 -9.92147541046143 -8.34347152709961 -7.23021745681763 -6.45283269882202 -6.08335161209106 -6.03341245651245 -6.23144483566284 -6.54619646072388 -7.26098871231079 -8.28001308441162 -9.5850248336792 -11.4098463058472 -13.4354791641235 -15.8708276748657 -18.6740436553955
-8.54771518707275 -7.6655478477478 -6.82518815994263 -6.15802097320557 -5.57773399353027 -4.95431709289551 -4.46478366851807 -4.06399822235107 -3.83872890472412 -3.82719111442566 -3.84453511238098 -3.62341451644897 -3.56555843353271 -3.53290414810181 -3.61410140991211 -3.86499619483948 -4.1130805015564 -4.22632694244385 -4.56451320648193 -5.0366005897522 -5.79828977584839 -6.88502073287964 -8.29156112670898 -10.3969888687134 -13.2656784057617 -17.1317234039307 -21.7002964019775 -26.7492580413818 -31.4866352081299 -34.9341659545898 -36.2593002319336 -35.0469512939453 -31.6939735412598 -27.0627498626709 -22.1267375946045 -17.6235580444336 -13.9055337905884 -11.0766162872314 -9.0335865020752 -7.62199926376343 -6.56619071960449 -5.86220598220825 -5.45030212402344 -5.4109845161438 -5.61976432800293 -5.8898663520813 -6.57797813415527 -7.54179334640503 -8.88797950744629 -10.7056350708008 -12.9116477966309 -15.6613731384277 -18.9405670166016
-6.66250801086426 -6.06302118301392 -5.46577596664429 -5.0076060295105 -4.68105411529541 -4.29243659973145 -3.89689087867737 -3.60426259040833 -3.44609665870667 -3.47240996360779 -3.52900695800781 -3.39407110214233 -3.37339901924133 -3.40180969238281 -3.62833571434021 -3.91413974761963 -4.02214527130127 -4.24744033813477 -4.64180707931519 -5.16569375991821 -5.92824077606201 -7.03371906280518 -8.62219333648682 -10.8421421051025 -13.8577451705933 -17.8237247467041 -22.7299900054932 -28.0816745758057 -33.0087432861328 -36.5103988647461 -37.4770393371582 -35.7271156311035 -31.735200881958 -26.5894470214844 -21.3144226074219 -16.7123584747314 -13.0015630722046 -10.2214193344116 -8.19889545440674 -6.84985828399658 -5.92234563827515 -5.32001352310181 -4.98921489715576 -5.00643301010132 -5.06424379348755 -5.28132820129395 -5.89426422119141 -6.76560258865356 -8.12693786621094 -9.77943897247314 -11.9726123809814 -14.7873878479004 -18.2290077209473
-9999 -4.88923454284668 -4.47784662246704 -4.16580200195312 -4.00999355316162 -3.77487349510193 -3.48730421066284 -3.33505964279175 -3.17579102516174 -3.21974229812622 -3.15276646614075 -3.22369289398193 -3.31090378761292 -3.44362020492554 -3.73160076141357 -3.9377760887146 -4.13060474395752 -4.46668434143066 -4.86721754074097 -5.45690155029297 -6.32397603988647 -7.53894567489624 -9.25618648529053 -11.5895509719849 -14.8279819488525 -19.0761566162109 -24.2841567993164 -29.8787975311279 -34.9560699462891 -38.1880531311035 -38.724681854248 -36.3482246398926 -31.9433898925781 -26.279369354248 -20.7063980102539 -15.9154071807861 -12.1846580505371 -9.47680187225342 -7.56406688690186 -6.31864500045776 -5.44279718399048 -4.87443923950195 -4.60637712478638 -4.60895156860352 -4.57964038848877 -4.76578187942505 -5.28367328643799 -6.09918355941772 -7.25864410400391 -8.7742338180542 -10.8062162399292 -13.4515295028687 -16.5907936096191
-9999 -9999 -9999 -3.57079482078552 -3.45919346809387 -3.39570689201355 -3.2303946018219 -3.10737061500549 -2.98861885070801 -2.98054623603821 -2.98100185394287 -3.13793349266052 -3.3467071056366 -3.57249808311462 -3.81876373291016 -4.03834390640259 -4.4051570892334 -4.83771562576294 -5.32595825195312 -6.01234817504883 -6.96938133239746 -8.30200862884521 -10.1285171508789 -12.6710500717163 -16.0188064575195 -20.5217132568359 -25.9668483734131 -31.8303928375244 -36.9880104064941 -40.1539688110352 -40.3165397644043 -37.392650604248 -32.2223815917969 -26.1154556274414 -20.2543144226074 -15.3274631500244 -11.5593366622925 -8.86778354644775 -6.9893798828125 -5.80354499816895 -4.99378967285156 -4.51576662063599 -4.27511835098267 -4.30976104736328 -4.204918384552 -4.3303542137146 -4.78775835037231 -5.52338075637817 -6.45833778381348 -7.76641607284546 -9.53314781188965 -11.8249053955078 -14.6014060974121
-9999 -9999 -9999 -9999 -9999 -3.11733937263489 -3.03804779052734 -2.95554876327515 -2.8832311630249 -2.89263224601746 -2.91096043586731 -3.1204833984375 -3.38872575759888 -3.68243789672852 -3.96947979927063 -4.37251043319702 -4.86473321914673 -5.41562843322754 -6.01377534866333 -6.79239797592163 -7.78545761108398 -9.22683811187744 -11.1124591827393 -13.7104091644287 -17.1503124237061 -21.6655826568604 -27.1575927734375 -33.0253028869629 -38.0702056884766 -40.9865226745605 -40.814208984375 -37.501953125 -31.985279083252 -25.684232711792 -19.7378082275391 -14.8175926208496 -11.1033763885498 -8.45678806304932 -6.63099193572998 -5.41859292984009 -4.67908239364624 -4.25972175598145 -3.96447491645813 -3.98353576660156 -3.9054229259491 -3.95985579490662 -4.32234764099121 -4.92544889450073 -5.70780420303345 -6.79790544509888 -8.25807666778564 -10.0396461486816 -12.3835353851318
-9999 -9999 -9999 -9999 -9999 -9999 -2.87443017959595 -2.76031422615051 -2.81472611427307 -2.75380897521973 -2.94381594657898 -3.21053624153137 -3.6007137298584 -3.83548521995544 -4.25684261322021 -4.8665657043457 -5.49924802780151 -6.16049814224243 -6.89490556716919 -7.77732563018799 -8.81584167480469 -10.2639284133911 -12.108494758606 -14.6114072799683 -17.9894123077393 -22.1863250732422 -27.3678455352783 -9999 -37.5354156494141 -40.0410499572754 -39.5700950622559 -36.1051216125488 -30.6287651062012 -24.4676361083984 -18.7398929595947 -14.0441722869873 -10.5184450149536 -8.00190353393555 -6.27194023132324 -5.12450218200684 -4.43715047836304 -3.99972295761108 -3.74014210700989 -3.73611330986023 -3.67399907112122 -3.63918042182922 -3.99168395996094 -4.42722082138062 -5.05882406234741 -5.92427062988281 -7.03941679000854 -8.4605131149292 -10.236912727356
-9999 -9999 -9999 -9999 -9999 -9999 -9999 -2.65388989448547 -2.82456660270691 -2.75879335403442 -9999 -3.29651689529419 -3.675044298172 -4.07560634613037 -4.67664337158203 -5.45905065536499 -6.24738693237305 -7.06024694442749 -7.92819833755493 -8.88599300384521 -9.91705322265625 -11.1949815750122 -12.9514055252075 -15.1788320541382 -18.1609115600586 -9999 -9999 -9999 -35.0193710327148 -37.0140228271484 -36.3191909790039 -33.0352210998535 -27.9918270111084 -22.3922424316406 -17.1969089508057 -12.9562520980835 -9.77220439910889 -7.46591377258301 -5.8870997428894 -4.83436250686646 -4.15393781661987 -3.78483867645264 -3.51457738876343 -3.53761959075928 -3.52066969871521 -3.38421893119812 -9999 -4.00351285934448 -4.49756383895874 -5.16447114944458 -5.95166015625 -7.04270029067993 -8.3434534072876
-9999 -9999 -9999 -9999 -9999 -9999 -9999 -9999 -9999 -9999 -9999 -9999 -3.82720398902893 -4.32300186157227 -5.13115310668945 -6.06507158279419 -7.01959371566772 -7.99596405029297 -8.97975254058838 -9.95212554931641 -10.9093723297119 -12.0031433105469 -13.4362840652466 -15.2173671722412 -9999 -9999 -9999 -9999 -30.7853660583496 -32.2321090698242 -31.4490833282471 -28.5978736877441 -24.329195022583 -19.5863399505615 -15.2106828689575 -11.6023588180542 -8.85625553131104 -6.85781908035278 -5.47334337234497 -4.53284120559692 -3.92265963554382 -3.55288195610046 -9999 -9999 -9999 -9999 -9999 -9999 -9999 -4.45289707183838 -5.0684380531311 -5.86611032485962 -6.78455591201782
-9999 -9999 -9999 -9999 -9999 -9999 -9999 -9999 -9999 -9999 -9999 -9999 -9999 -4.58684873580933 -5.51192855834961 -6.59194087982178 -7.67752265930176 -8.77487850189209 -9.82054615020752 -10.7295637130737 -11.5433444976807 -12.350567817688 -13.3614892959595 -14.6089639663696 -9999 -9999 -9999 -9999 -9999 -9999 -9999 -23.4679126739502 -20.1537342071533 -16.4439506530762 -12.9859895706177 -10.0972003936768 -7.8519983291626 -6.19198036193848 -5.02564907073975 -4.22990226745605 -9999 -9999 -9999 -9999 -9999 -9999 -9999 -9999 -9999 -9999 -9999 -9999 -9999
-9999 -9999 -9999 -9999 -9999 -9999 -9999 -9999 -9999 -9999 -9999 -9999 -9999 -9999 -9999 -6.90383672714233 -8.06384754180908 -9.20699596405029 -10.2234334945679 -11.004768371582 -11.593994140625 -12.0845203399658 -12.5914249420166 -9999 -9999 -9999 -9999 -9999 -9999 -9999 -9999 -9999 -9999 -9999 -9999 -8.5941801071167 -6.84375190734863 -5.53108167648315 -9999 -9999 -9999 -9999 -9999 -9999 -9999 -9999 -9999 -9999 -9999 -9999 -9999 -9999 -9999
-9999 -9999 -9999 -9999 -9999 -9999 -9999 -9999 -9999 -9999 -9999 -9999 -9999 -9999 -9999 -9999 -9999 -9999 -10.0345344543457 -10.6432065963745 -9999 -9999 -9999 -9999 -9999 -9999 -9999 -9999 -9999 -9999 -9999 -9999 -9999 -9999 -9999 -9999 -9999 -9999 -9999 -9999 -9999 -9999 -9999 -9999 -9999 -9999 -9999 -9999 -9999 -9999 -9999 -9999 -9999
-9999 -9999 -9999 -9999 -9999 -9999 -9999 -9999 -9999 -9999 -9999 -9999 -9999 -9999 -9999 -9999 -9999 -9999 -9999 -9999 -9999 -9999 -9999 -9999 -9999 -9999 -9999 -9999 -9999 -9999 -9999 -9999 -9999 -9999 -9999 -9999 -9999 -9999 -9999 -9999 -9999 -9999 -9999 -9999 -9999 -9999 -9999 -9999 -9999 -9999 -9999 -9999 -9999
-9999 -9999 -9999 -9999 -9999 -9999 -9999 -9999 -9999 -9999 -9999 -9999 -9999 -9999 -9999 -9999 -9999 -9999 -9999 -9999 -9999 -9999 -9999 -9999 -9999 -9999 -9999 -9999 -9999 -9999 -9999 -9999 -9999 -9999 -9999 -9999 -9999 -9999 -9999 -9999 -9999 -9999 -9999 -9999 -9999 -9999 -9999 -9999 -9999 -9999 -9999 -9999 -9999
