indici/fabbisogno02.asc
NCOLS 177 
NROWS 174 
XLLCORNER 1436301.375 
YLLCORNER 4916704.5 
CELLSIZE 1500 
NODATA_value -9999 
[rows 120 to 139 of 174, columns 44 to 87 of 177]
-65.2285919189453 -64.8605804443359 -64.5185470581055 -64.2313842773438 -63.9442443847656 -63.6624755859375 -63.7238426208496 -63.7849197387695 -63.8456611633301 -64.9455795288086 -66.4700927734375 -67.9934463500977 -69.9402160644531 -72.5133438110352 -75.0861358642578 -77.4066772460938 -77.4120559692383 -77.4190979003906 -77.4279632568359 -77.4413986206055 -77.4560394287109 -77.4710311889648 -77.7051239013672 -78.1692657470703 -78.6322021484375 -79.1513137817383 -79.9289855957031 -80.7041473388672 -81.476676940918 -82.6201095581055 -83.8152008056641 -85.0084838867188 -86.1878662109375 -87.3569946289062 -88.5251770019531 -89.422737121582 -89.564208984375 -89.7065658569336 -89.8498382568359 -89.890251159668 -89.927848815918 -89.967414855957 -90.1159210205078 -90.32275390625
-64.6712417602539 -64.4271621704102 -64.182502746582 -63.9365081787109 -63.6905403137207 -63.4479866027832 -63.4490203857422 -63.4497604370117 -63.4501686096191 -64.404426574707 -65.7529678344727 -67.1003341674805 -68.9328842163086 -71.4925994873047 -74.0519714355469 -76.3911972045898 -76.6154174804688 -76.84130859375 -77.0690155029297 -77.1608734130859 -77.216064453125 -77.2716217041016 -77.4780120849609 -77.8459777832031 -78.2127304077148 -78.6195831298828 -79.2203979492188 -79.818717956543 -80.4144058227539 -81.4445648193359 -82.5395736694336 -83.6327819824219 -84.7478866577148 -85.8804550170898 -87.0120697021484 -87.9084701538086 -88.1176910400391 -88.3277893066406 -88.5388031005859 -88.6904754638672 -88.8406524658203 -88.9928131103516 -89.2074356079102 -89.4569091796875
-64.11376953125 -63.9935607910156 -63.8463745117188 -63.6415328979492 -63.4367179870605 -63.2336959838867 -63.1744270324707 -63.1148643493652 -63.0549621582031 -63.8641891479492 -65.0368270874023 -66.2083053588867 -67.9256439208984 -70.4719467163086 -73.0179138183594 -75.3739547729492 -75.8169250488281 -76.2615585327148 -76.7080078125 -76.8799438476562 -76.9756774902344 -77.0717849731445 -77.2519912719727 -77.523811340332 -77.79443359375 -78.0900955200195 -78.5141525268555 -78.9357070922852 -79.3546371459961 -80.2704925537109 -81.2654647827148 -82.2586364746094 -83.3084869384766 -84.4045028686523 -85.4995803833008 -86.3930130004883 -86.6699523925781 -86.9477615356445 -87.2264862060547 -87.4885177612305 -87.7512359619141 -88.0159301757812 -88.2980499267578 -88.5901489257812
-63.5561828613281 -63.5597877502441 -63.5101699829102 -63.3464622497559 -63.1827774047852 -63.019603729248 -62.9000549316406 -62.780216217041 -62.660041809082 -63.3248558044434 -64.3216857910156 -65.3173522949219 -66.9184951782227 -69.4513854980469 -71.9839477539062 -74.3549652099609 -75.0165710449219 -75.6798477172852 -76.3449401855469 -76.5986099243164 -76.7348709106445 -76.8714981079102 -77.0270538330078 -77.2027893066406 -77.377311706543 -77.5628662109375 -77.8102340698242 -78.0551147460938 -78.2973709106445 -79.0978698730469 -79.9928588867188 -80.8860397338867 -81.8696670532227 -82.9291610717773 -83.9877090454102 -84.8763732910156 -85.2209930419922 -85.5664825439453 -85.9128952026367 -86.2843856811523 -86.6595840454102 -87.037239074707 -87.3877944946289 -87.7202911376953
-63.414924621582 -63.4287452697754 -63.3800964355469 -63.1971321105957 -63.0140609741211 -62.8309173583984 -62.6549873352051 -62.4787940979004 -62.3022918701172 -62.8470153808594 -63.7004623413086 -64.5530014038086 -66.0095596313477 -68.4071731567383 -70.8033905029297 -73.0756530761719 -73.9804534912109 -74.8871231079102 -75.7958297729492 -76.1893463134766 -76.4323806762695 -76.6765899658203 -76.8782272338867 -77.0295257568359 -77.1806335449219 -77.331787109375 -77.4834899902344 -77.6339874267578 -77.7832107543945 -78.5206146240234 -79.3641052246094 -80.206672668457 -81.1826171875 -82.2742691040039 -83.3662719726562 -84.2766799926758 -84.5709762573242 -84.8639755249023 -85.155632019043 -85.4921112060547 -85.831672668457 -86.1702423095703 -86.4777145385742 -86.7648162841797
-63.3863906860352 -63.3794097900391 -63.3054161071777 -63.0867652893066 -62.8680038452148 -62.6490211486816 -62.417667388916 -62.1860504150391 -61.9541320800781 -62.3849716186523 -63.1027603149414 -63.8196411132812 -65.1246948242188 -67.3585586547852 -69.5910186767578 -71.7378082275391 -72.8925094604492 -74.049072265625 -75.2076721191406 -75.7543792724609 -76.1173477172852 -76.4814834594727 -76.7424087524414 -76.8803405761719 -77.0180816650391 -77.1448822021484 -77.2096405029297 -77.2731857299805 -77.3354568481445 -78.0103759765625 -78.8019409179688 -79.5925903320312 -80.5580978393555 -81.6798782348633 -82.8020172119141 -83.7286682128906 -83.9583892822266 -84.1868133544922 -84.4138870239258 -84.7071228027344 -85.0060958862305 -85.3040618896484 -85.5685806274414 -85.8102951049805
-63.3578758239746 -63.3301010131836 -63.2308006286621 -62.9764785766602 -62.7220458984375 -62.4673042297363 -62.1805572509766 -61.8935432434082 -61.6062278747559 -61.9236297607422 -62.5058250427246 -63.0871124267578 -64.2408981323242 -66.3110961914062 -68.3798828125 -70.3979644775391 -71.8024520874023 -73.2087860107422 -74.6171646118164 -75.318229675293 -75.8010711669922 -76.2850723266602 -76.6067352294922 -76.7313079833984 -76.8556900024414 -76.9590911865234 -76.9369354248047 -76.9135665893555 -76.8889312744141 -77.5008850097656 -78.2405548095703 -78.9793167114258 -79.9330902099609 -81.0849990844727 -82.2372589111328 -83.1817855834961 -83.3469543457031 -83.5108261108398 -83.6733474731445 -83.9229202270508 -84.1813125610352 -84.4387054443359 -84.6603775024414 -84.8567428588867
-63.3289604187012 -63.2811279296875 -63.153694152832 -62.8529968261719 -62.5521278381348 -62.2509269714355 -61.9177742004395 -61.584415435791 -61.2508316040039 -61.5090065002441 -62.029956817627 -62.5509490966797 -63.6042327880859 -65.5200119018555 -67.4346237182617 -69.3249053955078 -70.9094696044922 -72.494758605957 -74.0808258056641 -74.9097366333008 -75.4987945556641 -76.088737487793 -76.4767227172852 -76.614990234375 -76.7536697387695 -76.8720169067383 -76.8596115112305 -76.8483810424805 -76.8383941650391 -77.4172821044922 -78.1204376220703 -78.823112487793 -79.71875 -80.7955322265625 -81.869743347168 -82.7520370483398 -82.886589050293 -83.0208206176758 -83.1547317504883 -83.3640594482422 -83.5817260742188 -83.7983779907227 -83.9785842895508 -84.131965637207
-63.2995529174805 -63.2325477600098 -63.0736236572266 -62.7138442993164 -62.353889465332 -61.9937057495117 -61.6249237060547 -61.2559394836426 -60.8867263793945 -61.1467819213867 -61.6894645690918 -62.2321815490723 -63.2385101318359 -65.006217956543 -66.7727661132812 -68.5329513549805 -70.221061706543 -71.9098892211914 -73.5995101928711 -74.528450012207 -75.210090637207 -75.8926239013672 -76.3514785766602 -76.5275344848633 -76.7040252685547 -76.8676528930664 -76.9431762695312 -77.0198669433594 -77.0978012084961 -77.6591720581055 -78.327522277832 -78.9953994750977 -79.7923126220703 -80.7137985229492 -81.6327056884766 -82.3953857421875 -82.5171127319336 -82.6385269165039 -82.7596206665039 -82.9262008666992 -83.0979995727539 -83.2687911987305 -83.4031600952148 -83.5096206665039
-63.2701644897461 -63.1839942932129 -62.9936676025391 -62.5748291015625 -62.1558151245117 -61.7365989685059 -61.332202911377 -60.9276084899902 -60.5227851867676 -60.7844505310059 -61.3488464355469 -61.9132843017578 -62.8737640380859 -64.4934768676758 -66.1120223999023 -67.7401733398438 -69.5317840576172 -71.324104309082 -73.1172180175781 -74.1462478637695 -74.9204330444336 -75.6955032348633 -76.2257995605469 -76.4396438598633 -76.6539154052734 -76.8621826171875 -77.0255813598633 -77.1901550292969 -77.3559722900391 -77.9015655517578 -78.5351333618164 -79.1682281494141 -79.8683624267578 -80.6346206665039 -81.3983001708984 -82.038948059082 -82.1478652954102 -82.2564697265625 -82.3647537231445 -82.4892196655273 -82.6151809692383 -82.740119934082 -82.8286972045898 -82.8882598876953
-63.2284774780273 -63.1258239746094 -62.9065589904785 -62.4304122924805 -61.9541130065918 -61.4776382446289 -61.0413436889648 -60.6050033569336 -60.1685752868652 -60.4328422546387 -61.0189399719238 -61.6050910949707 -62.5338821411133 -64.0419082641602 -65.5505599975586 -67.0813522338867 -68.958625793457 -70.8356399536133 -72.7123870849609 -73.831169128418 -74.6905517578125 -75.5503616333008 -76.1431579589844 -76.382942199707 -76.6223907470703 -76.8613204956055 -77.099006652832 -77.3370132446289 -77.5753479003906 -78.1085815429688 -78.7136993408203 -79.3187866210938 -79.9352493286133 -80.5624847412109 -81.1881790161133 -81.7215270996094 -81.8304672241211 -81.9398345947266 -82.0496673583984 -82.1667098999023 -82.2859802246094 -82.4064788818359 -82.4970779418945 -82.5636596679688
-63.0978126525879 -62.9983787536621 -62.7677574157715 -62.2469863891602 -61.7260627746582 -61.204963684082 -60.7622032165527 -60.319580078125 -59.8768615722656 -60.1503829956055 -60.7565841674805 -61.3628349304199 -62.3359832763672 -63.9379119873047 -65.5404739379883 -67.1569366455078 -69.0034103393555 -70.8496398925781 -72.6955947875977 -73.8410034179688 -74.7406539916992 -75.6407318115234 -76.2473678588867 -76.457275390625 -76.6668548583984 -76.8818359375 -77.1428909301758 -77.4042739868164 -77.6659851074219 -78.1982879638672 -78.7995376586914 -79.400749206543 -79.9702835083008 -80.5047225952148 -81.0376281738281 -81.5027465820312 -81.638801574707 -81.7753067016602 -81.9122619628906 -82.0867919921875 -82.2688522338867 -82.4521484375 -82.6170120239258 -82.7666244506836
-62.9671440124512 -62.8709259033203 -62.6290397644043 -62.063663482666 -61.4981384277344 -60.9324378967285 -60.4830894470215 -60.0341796875 -59.5851745605469 -59.8678207397461 -60.4941139221191 -61.1204528808594 -62.1374664306641 -63.8332595825195 -65.5296859741211 -67.2327728271484 -69.0484619140625 -70.8639068603516 -72.6790771484375 -73.8504333496094 -74.7903366088867 -75.7306671142578 -76.351921081543 -76.5319671630859 -76.7116775512695 -76.9020538330078 -77.1864776611328 -77.4712219238281 -77.7562942504883 -78.2880477905273 -78.8854293823242 -79.482780456543 -80.0067901611328 -80.448486328125 -80.8886413574219 -81.2834854125977 -81.446662902832 -81.6102752685547 -81.7743453979492 -82.0056610107422 -82.2504806518555 -82.4965438842773 -82.7352294921875 -82.9678421020508
-62.8364677429199 -62.7434692382812 -62.4904022216797 -61.880443572998 -61.2703399658203 -60.6600570678711 -60.2039985656738 -59.7488059997559 -59.2935180664062 -59.5851593017578 -60.2315292358398 -60.8779487609863 -61.9383354187012 -63.7279434204102 -65.518196105957 -67.3088531494141 -69.0937728881836 -70.8784561157227 -72.6628646850586 -73.8594741821289 -74.8396072387695 -75.8201675415039 -76.4568099975586 -76.6070022583008 -76.7568664550781 -76.9219818115234 -77.2297515869141 -77.537841796875 -77.8462753295898 -78.3778686523438 -78.9713897705078 -79.5648651123047 -80.0447845458984 -80.3937683105469 -80.7412261962891 -81.0637512207031 -81.254035949707 -81.4447479248047 -81.6359252929688 -81.9233169555664 -82.2308807373047 -82.5425872802734 -82.8611831665039 -83.1836776733398
-62.7626800537109 -62.700252532959 -62.4450798034668 -61.7582511901855 -61.0712051391602 -60.3838691711426 -60.1211967468262 -59.8627738952637 -59.6054496765137 -59.9043426513672 -60.4695205688477 -61.0341682434082 -61.9767913818359 -63.5940589904785 -65.2096481323242 -66.8367156982422 -68.764518737793 -70.6937637329102 -72.6245803833008 -73.9133071899414 -74.9595565795898 -76.0065765380859 -76.6768341064453 -76.8016357421875 -76.9261779785156 -77.0662384033203 -77.3612670898438 -77.6560821533203 -77.9506759643555 -78.4923248291016 -79.1058731079102 -79.7197799682617 -80.1966171264648 -80.5109558105469 -80.8248062133789 -81.1262054443359 -81.3553619384766 -81.585205078125 -81.8157501220703 -82.2307510375977 -82.6874771118164 -83.1471862792969 -83.5898284912109 -84.0154495239258
-62.7040863037109 -62.679443359375 -62.4246368408203 -61.6523094177246 -60.8797607421875 -60.1069221496582 -60.0878791809082 -60.0769309997559 -60.0670738220215 -60.3720512390137 -60.8290863037109 -61.2855987548828 -62.0719413757324 -63.4552612304688 -64.8369064331055 -66.2447738647461 -68.3551483154297 -70.4669570922852 -72.5803451538086 -73.9750595092773 -75.0918350219727 -76.209358215332 -76.9164657592773 -77.0157012939453 -77.1146850585938 -77.2286911010742 -77.5050277709961 -77.7811508178711 -78.0570526123047 -78.6091842651367 -79.2449264526367 -79.8810348510742 -80.3582305908203 -80.64111328125 -80.9235076904297 -81.203239440918 -81.4690475463867 -81.7355346679688 -82.0027313232422 -82.541145324707 -83.1435089111328 -83.7488479614258 -84.3163528442383 -84.8450546264648
-62.645450592041 -62.6585884094238 -62.4043579101562 -61.5465660095215 -60.6885528564453 -59.8302536010742 -60.0536346435547 -60.2900428771973 -60.5275382995605 -60.8403167724609 -61.1892623901367 -61.5376815795898 -62.168628692627 -63.3181076049805 -64.4659118652344 -65.6513748168945 -67.9442367553711 -70.2385330200195 -72.5344009399414 -74.0361251831055 -75.2233810424805 -76.4113922119141 -77.1563949584961 -77.2300720214844 -77.3034973144531 -77.3913726806641 -77.6490325927734 -77.9064788818359 -78.163703918457 -78.725715637207 -79.3836441040039 -80.0419387817383 -80.5203475952148 -80.7717819213867 -81.0227355957031 -81.2796401977539 -81.5820846557617 -81.8852005004883 -82.1890258789062 -82.8487548828125 -83.5966796875 -84.3475799560547 -85.0407562255859 -85.672492980957
-63.0387382507324 -62.851131439209 -62.4443473815918 -61.5420150756836 -60.6397171020508 -59.7374572753906 -60.0568351745605 -60.3916854858398 -60.7262191772461 -61.1223602294922 -61.5504684448242 -61.9802932739258 -62.7138786315918 -64.0127868652344 -65.3159561157227 -66.6512603759766 -68.8623275756836 -71.0707321166992 -73.2761993408203 -74.7136688232422 -75.8390502929688 -76.9626312255859 -77.6231384277344 -77.5674285888672 -77.5091781616211 -77.4736938476562 -77.7591781616211 -78.0455780029297 -78.3329391479492 -78.9087219238281 -79.578369140625 -80.2481155395508 -80.7314987182617 -80.9728775024414 -81.2143707275391 -81.462272644043 -81.7580032348633 -82.0531539916992 -82.3477096557617 -83.0324249267578 -83.816650390625 -84.6005706787109 -85.3673858642578 -86.117805480957
-63.9709320068359 -63.2979202270508 -62.5555992126465 -61.6566696166992 -60.7577743530273 -59.8589134216309 -60.1044387817383 -60.3663635253906 -60.6279792785645 -61.1928024291992 -61.9111137390137 -62.6311340332031 -63.7435836791992 -65.5967330932617 -67.4541320800781 -69.3153457641602 -71.1468124389648 -72.9756164550781 -74.8014907836914 -75.9916534423828 -76.9173965454102 -77.8413391113281 -78.2983245849609 -78.0161514282227 -77.7314300537109 -77.4870452880859 -77.8405151367188 -78.1948928833008 -78.5502319335938 -79.1423721313477 -79.8145217895508 -80.4867630004883 -80.9762878417969 -81.2208023071289 -81.4654235839844 -81.7118835449219 -81.9724578857422 -82.2324676513672 -82.4918670654297 -83.1513671875 -83.9189376831055 -84.6861953735352 -85.507209777832 -86.3919143676758
-64.9035797119141 -63.7453918457031 -62.6668472290039 -61.7713165283203 -60.8758201599121 -59.9803619384766 -60.1523094177246 -60.3413543701172 -60.5300788879395 -61.2617492675781 -62.2701263427734 -63.280216217041 -64.769660949707 -67.1767959594727 -69.5881729125977 -71.9824600219727 -73.4345016479492 -74.8838806152344 -76.3303451538086 -77.271598815918 -77.997802734375 -78.7222061157227 -78.9760589599609 -78.4675216674805 -77.9564437866211 -77.4995422363281 -77.9209594726562 -78.3432922363281 -78.7665710449219 -79.3759918212891 -80.0506439208984 -80.7253799438477 -81.2210311889648 -81.4686737060547 -81.7164306640625 -81.9621047973633 -82.1875457763672 -82.4124145507812 -82.6366882324219 -83.270637512207 -84.0215530395508 -84.7721557617188 -85.6442642211914 -86.6632080078125
