indici/fabbisogno11.asc
NCOLS 177 
NROWS 174 
XLLCORNER 1436301.375 
YLLCORNER 4916704.5 
CELLSIZE 1500 
NODATA_value -9999 
[rows 0 to 19 of 174, columns 88 to 131 of 177]
-9999 -9999 -9999 -9999 -9999 -9999 -9999 -9999 -9999 -9999 -9999 -9999 -9999 -9999 -9999 -9999 -9999 -9999 -9999 -9999 -9999 -9999 -9999 -9999 -9999 -9999 -72.7569885253906 -70.7537536621094 -68.8214721679688 -68.119270324707 -67.7181625366211 -67.0544204711914 -66.7665786743164 -66.7605514526367 -66.8182525634766 -67.803840637207 -70.5018615722656 -73.3325881958008 -76.7882919311523 -83.8484268188477 -90.8598098754883 -97.8267517089844 -100.537437438965 -102.900390625
-9999 -9999 -9999 -9999 -9999 -9999 -9999 -9999 -9999 -9999 -9999 -9999 -9999 -9999 -9999 -9999 -9999 -9999 -9999 -9999 -9999 -9999 -9999 -9999 -74.832649230957 -75.0531463623047 -73.6302108764648 -72.1739120483398 -70.7297973632812 -70.2216033935547 -69.9441146850586 -69.3017959594727 -68.8779067993164 -68.6290512084961 -68.426139831543 -69.1104354858398 -71.5832366943359 -74.2045288085938 -77.3557357788086 -84.0675659179688 -90.741096496582 -97.3780975341797 -99.9666976928711 -102.125015258789
-9999 -9999 -9999 -9999 -9999 -9999 -9999 -9999 -9999 -9999 -9999 -9999 -9999 -9999 -9999 -9999 -9999 -9999 -9999 -9999 -9999 -9999 -9999 -9999 -75.0668563842773 -75.3125 -74.3565673828125 -73.3284759521484 -72.2584838867188 -71.8482818603516 -71.6254119873047 -71.1269454956055 -70.6950225830078 -70.3156127929688 -69.915657043457 -70.3533554077148 -72.653938293457 -75.0775985717773 -77.927490234375 -84.2881927490234 -90.6261596679688 -96.941764831543 -99.4109954833984 -101.369789123535
-9999 -9999 -9999 -9999 -9999 -9999 -9999 -9999 -9999 -9999 -9999 -9999 -9999 -9999 -9999 -9999 -9999 -9999 -9999 -9999 -9999 -9999 -76.9359283447266 -76.5084533691406 -76.2254486083984 -76.065299987793 -75.3865127563477 -74.6178741455078 -73.7352905273438 -73.2881469726562 -72.9784393310547 -72.4765930175781 -72.0200805664062 -71.6134872436523 -71.1310424804688 -71.4274291992188 -73.6352844238281 -75.947639465332 -78.5701446533203 -84.3634567260742 -90.1346969604492 -95.8851623535156 -98.1819152832031 -99.9256973266602
-9999 -9999 -9999 -9999 -9999 -9999 -9999 -9999 -9999 -9999 -9999 -9999 -9999 -9999 -9999 -9999 -9999 -9999 -9999 -9999 -9999 -9999 -77.1118469238281 -77.107292175293 -77.2196578979492 -77.4379196166992 -76.8383865356445 -76.0889587402344 -75.1655883789062 -74.5352630615234 -74.0128555297852 -73.3959274291992 -72.9205322265625 -72.6000671386719 -72.142936706543 -72.3866195678711 -74.5600204467773 -76.8149642944336 -79.2674102783203 -84.3895874023438 -89.5033187866211 -94.6136093139648 -96.731071472168 -98.2832489013672
-9999 -9999 -9999 -9999 -9999 -9999 -9999 -9999 -9999 -9999 -9999 -9999 -9999 -9999 -9999 -9999 -9999 -9999 -9999 -9999 -9999 -9999 -76.5885696411133 -77.3126907348633 -77.9708099365234 -78.5675201416016 -78.0595474243164 -77.345344543457 -76.4257202148438 -75.6659545898438 -74.9672164916992 -74.1722412109375 -73.604377746582 -73.3013534545898 -72.90185546875 -73.1427459716797 -75.3318634033203 -77.5675582885742 -79.9051284790039 -84.3892517089844 -88.8711090087891 -93.3592376708984 -95.2951049804688 -96.6725540161133
-9999 -9999 -9999 -9999 -9999 -9999 -9999 -9999 -9999 -9999 -9999 -9999 -9999 -9999 -9999 -9999 -9999 -9999 -9999 -9999 -9999 -9999 -85.1436080932617 -83.4341735839844 -81.6904220581055 -79.9126968383789 -79.1697311401367 -78.4688339233398 -77.5279998779297 -76.6675186157227 -75.8490295410156 -74.9252853393555 -74.278076171875 -73.9614410400391 -73.5938034057617 -73.7915420532227 -75.8980865478516 -78.0014724731445 -80.118537902832 -83.8583755493164 -87.5910110473633 -91.3302154541016 -92.9736175537109 -94.0907592773438
-9999 -9999 -9999 -9999 -9999 -9999 -9999 -9999 -9999 -9999 -9999 -9999 -9999 -84.5062026977539 -84.6434631347656 -84.7056198120117 -9999 -9999 -9999 -9999 -9999 -9999 -85.1460876464844 -83.7018051147461 -82.2546539306641 -80.8051528930664 -79.921875 -79.0301895141602 -77.8718490600586 -77.0511703491211 -76.4176788330078 -75.6560134887695 -75.0382308959961 -74.6018829345703 -74.1630020141602 -74.1936569213867 -75.9779434204102 -77.7258834838867 -79.4432983398438 -82.313102722168 -85.1886367797852 -88.0817565917969 -89.3871688842773 -90.2427520751953
-9999 -9999 -9999 -9999 -9999 -9999 -9999 -9999 -9999 -9999 -9999 -84.2661666870117 -84.344970703125 -84.4677505493164 -84.5604629516602 -84.2852935791016 -83.9806671142578 -83.6469955444336 -9999 -9999 -9999 -84.7386932373047 -85.0052108764648 -83.8117218017578 -82.6297988891602 -81.4598388671875 -80.4024505615234 -79.2965316772461 -77.9994430541992 -77.2894668579102 -76.9335784912109 -76.3720703125 -75.8357009887695 -75.3238296508789 -74.8170623779297 -74.6862716674805 -76.1430740356445 -77.5328063964844 -78.8684768676758 -80.8605270385742 -82.8685989379883 -84.8977279663086 -85.8205108642578 -86.3921432495117
-9999 -9999 -9999 -9999 -9999 -9999 -9999 -9999 -9999 -9999 -9999 -84.1519622802734 -84.2028198242188 -84.2967529296875 -84.3762893676758 -84.1614761352539 -83.9181594848633 -83.6448593139648 -9999 -9999 -9999 -84.3567123413086 -84.6131744384766 -83.6637191772461 -82.7189254760742 -81.7775726318359 -80.517333984375 -79.186408996582 -77.8689422607422 -77.3659591674805 -77.3944702148438 -77.0718460083008 -76.66357421875 -76.1090698242188 -75.5343246459961 -75.2445449829102 -76.3664321899414 -77.3936233520508 -78.3417816162109 -79.5612564086914 -80.8648910522461 -82.2100830078125 -82.8901901245117 -83.326416015625
-9999 -9999 -9999 -9999 -9999 -9999 -9999 -9999 -9999 -9999 -86.4877319335938 -85.5131454467773 -84.498046875 -84.2572555541992 -84.3408355712891 -84.2071228027344 -84.2885894775391 -84.6072540283203 -85.2608108520508 -85.6772994995117 -85.2497406005859 -84.8891372680664 -84.5535049438477 -83.7879180908203 -83.0173797607422 -82.2379531860352 -81.1155242919922 -79.9802932739258 -79.0926055908203 -78.7019424438477 -78.6382675170898 -78.0686111450195 -77.7191772460938 -77.7959060668945 -77.8580627441406 -78.2467651367188 -80.4312515258789 -82.5541915893555 -84.6306838989258 -85.5412826538086 -86.3737030029297 -87.2490005493164 -87.4470977783203 -87.3674545288086
-9999 -9999 -9999 -9999 -9999 -9999 -9999 -9999 -9999 -9999 -86.4808654785156 -85.5441970825195 -84.5693588256836 -84.3261108398438 -84.420280456543 -84.3758850097656 -84.4821548461914 -84.7640686035156 -85.2337036132812 -85.5245208740234 -85.1453018188477 -84.8662643432617 -84.64453125 -84.0294647216797 -83.4044189453125 -82.7605056762695 -81.8764953613281 -81.036376953125 -80.6422500610352 -80.296745300293 -79.9686584472656 -79.0367431640625 -78.6760330200195 -79.4479217529297 -80.2057189941406 -81.3041381835938 -84.5952758789062 -87.8042831420898 -90.9401397705078 -91.5815658569336 -91.9772262573242 -92.4018020629883 -92.1406860351562 -91.5671081542969
-9999 -9999 -9999 -9999 -9999 -9999 -9999 -9999 -87.1754455566406 -87.2013854980469 -86.425651550293 -85.5369033813477 -84.6244049072266 -84.4026718139648 -84.5245971679688 -84.5195846557617 -84.6029281616211 -84.7948150634766 -85.1203842163086 -85.3317642211914 -85.0569458007812 -84.9069366455078 -84.8393478393555 -84.4159851074219 -83.9635467529297 -83.4610748291016 -82.8167419433594 -82.2336807250977 -82.1357498168945 -81.6738662719727 -80.9009246826172 -79.6003112792969 -79.1867904663086 -80.6538925170898 -82.1808624267578 -84.0703201293945 -88.5606842041016 -92.9412307739258 -97.2105026245117 -97.7154235839844 -97.7289276123047 -97.7216491699219 -97.0204162597656 -95.9678955078125
-9999 -9999 -9999 -9999 -9999 -9999 -102.691551208496 -98.1027526855469 -93.5956573486328 -89.1726684570312 -87.7376174926758 -86.6934127807617 -85.5944747924805 -85.1804122924805 -85.1233062744141 -84.9104843139648 -84.813606262207 -84.9041137695312 -85.0802764892578 -85.1927719116211 -84.9996032714844 -84.9502334594727 -85.0009231567383 -84.7455978393555 -84.4365463256836 -84.0419921875 -83.5098495483398 -83.0204010009766 -83.043830871582 -82.6567916870117 -81.932861328125 -80.7934799194336 -80.5677719116211 -82.3734588623047 -84.28173828125 -86.5400390625 -91.8540344238281 -97.0087356567383 -101.986434936523 -102.685401916504 -102.720260620117 -102.708061218262 -102.010177612305 -100.939933776855
-9999 -9999 -9999 -9999 -9999 -9999 -102.950149536133 -101.321968078613 -99.7748413085938 -98.311279296875 -95.8039093017578 -93.0757446289062 -90.3100204467773 -88.5707092285156 -87.4129333496094 -86.1040191650391 -85.2962875366211 -85.240104675293 -85.2248840332031 -85.1848526000977 -85.0130004882812 -85.0052871704102 -85.1194381713867 -84.9852294921875 -84.7787399291992 -84.4521942138672 -83.8793411254883 -83.3006210327148 -83.2764587402344 -83.1808395385742 -83.0363922119141 -82.5473556518555 -82.7203140258789 -84.5205154418945 -86.4892730712891 -88.8116073608398 -94.7281799316406 -100.463180541992 -105.977760314941 -107.084579467773 -107.364074707031 -107.542602539062 -107.016624450684 -106.066795349121
-9999 -9999 -9999 -9999 -9999 -9999 -103.658027648926 -104.83772277832 -106.146186828613 -107.588325500488 -104.080772399902 -99.6214904785156 -95.1787490844727 -92.0867233276367 -89.8166122436523 -87.4646911621094 -85.9727325439453 -85.8279647827148 -85.7099304199219 -85.6086730957031 -85.5611801147461 -85.6390686035156 -85.8135070800781 -85.7947082519531 -85.6830215454102 -85.404052734375 -84.7740173339844 -84.0773162841797 -83.9426193237305 -84.048828125 -84.4138870239258 -84.6195678710938 -85.2809524536133 -87.1431274414062 -89.0791473388672 -91.2687683105469 -97.6033248901367 -103.793724060059 -109.79736328125 -111.277610778809 -111.779899597168 -112.181953430176 -111.862480163574 -111.065002441406
-9999 -9999 -9999 -9999 -9999 -9999 -104.089805603027 -108.42147064209 -112.739967346191 -117.016082763672 -112.568801879883 -106.323547363281 -100.188827514648 -95.7133712768555 -92.3151931762695 -88.9552688598633 -86.7826919555664 -86.5788650512695 -86.4008178710938 -86.2735443115234 -86.3879623413086 -86.5576858520508 -86.7748107910156 -86.8470916748047 -86.8030166625977 -86.5338745117188 -85.7997741699219 -84.9183502197266 -84.5870666503906 -84.7642593383789 -85.5032501220703 -86.2650680541992 -87.37158203125 -89.4801712036133 -91.5967559814453 -93.8645706176758 -100.326850891113 -106.647560119629 -112.782661437988 -114.56689453125 -115.287368774414 -115.913925170898 -115.841613769531 -115.268402099609
-9999 -9999 -9999 -9999 -9999 -9999 -146.515991210938 -142.356414794922 -138.102096557617 -133.674331665039 -126.294960021973 -118.253288269043 -110.417793273926 -103.889671325684 -98.2344741821289 -92.6956329345703 -88.9228057861328 -88.2985916137695 -87.6867218017578 -87.1962356567383 -87.4844360351562 -87.760383605957 -88.0228881835938 -88.036735534668 -87.9061279296875 -87.4959335327148 -86.4174270629883 -85.0707397460938 -84.2738342285156 -84.170524597168 -84.8874969482422 -85.8204193115234 -87.3280639648438 -90.5739974975586 -93.7267456054688 -96.8647613525391 -102.710006713867 -108.454261779785 -114.060028076172 -116.123779296875 -117.206855773926 -118.197151184082 -118.550216674805 -118.403297424316
-9999 -9999 -9999 -9999 -9999 -9999 -149.644607543945 -148.948944091797 -148.720077514648 -149.087005615234 -141.171325683594 -131.233688354492 -121.587188720703 -112.824356079102 -104.680252075195 -96.7550277709961 -91.1838455200195 -90.0602188110352 -88.9587707519531 -88.0467910766602 -88.4846496582031 -88.8569412231445 -89.1651840209961 -89.1253967285156 -88.9154586791992 -88.3788833618164 -86.9833526611328 -85.1900177001953 -83.9489135742188 -83.571907043457 -84.2918014526367 -85.3524169921875 -87.1747131347656 -91.5034103393555 -95.7078094482422 -99.8465118408203 -105.124160766602 -110.317695617676 -115.365058898926 -117.639930725098 -119.059356689453 -120.42894744873 -121.221214294434 -121.518173217773
-9999 -9999 -9999 -9999 -9999 -9999 -150.219329833984 -154.753997802734 -159.572860717773 -164.742416381836 -156.483551025391 -144.642959594727 -133.115814208984 -122.070510864258 -111.37264251709 -100.967864990234 -93.4526519775391 -91.7444763183594 -90.1065368652344 -88.7216339111328 -89.2795715332031 -89.7450485229492 -90.1144256591797 -90.039909362793 -89.7722778320312 -89.141845703125 -87.471321105957 -85.2612533569336 -83.6057052612305 -82.9664688110352 -83.7151031494141 -84.864631652832 -86.9226379394531 -92.2942886352539 -97.5648574829102 -102.77702331543 -107.563812255859 -112.22469329834 -116.696685791016 -119.123802185059 -120.834907531738 -122.540832519531 -123.718574523926 -124.410804748535
