indici/fabbisogno04.asc
NCOLS 177 
NROWS 174 
XLLCORNER 1436301.375 
YLLCORNER 4916704.5 
CELLSIZE 1500 
NODATA_value -9999 
[rows 92 to 114 of 174, columns 106 to 158 of 177]
-42.759672164917 -40.4632205963135 -36.7953147888184 -31.8951778411865 -26.2057209014893 -20.3354454040527 -14.7875938415527 -9.96272087097168 -5.74054145812988 -2.64570617675781 -0.655023574829102 0.729461669921875 1.76483154296875 1.98633766174316 2.05019760131836 1.92245483398438 1.56926155090332 1.32407760620117 0.763731002807617 0.491355895996094 0.467126846313477 0.801549911499023 1.24661636352539 -9999 -9999 -9999 -9999 -9999 -9999 -9999 -9999 -9999 -9999 -9999 -9999 -9999 -9999 -9999 -9999 -9999 -9999 -9999 -9999 -9999 -9999 -9999 -9999 -9999 -9999 -9999 -9999 -9999 -9999
-37.7148303985596 -34.3371620178223 -30.0133876800537 -25.0288028717041 -19.7648258209229 -14.6778335571289 -10.0629100799561 -6.17862319946289 -2.85481071472168 -0.680093765258789 0.694673538208008 1.83859443664551 2.23160743713379 2.14221572875977 1.82376861572266 1.27512741088867 0.505683898925781 -0.396623611450195 -1.37133026123047 -2.23731422424316 -2.99645042419434 -3.40314674377441 -3.49752998352051 -9999 -9999 -9999 -9999 -9999 -9999 -9999 -9999 -9999 -9999 -9999 -9999 -9999 -9999 -9999 -9999 -9999 -9999 -9999 -9999 -9999 -9999 -9999 -9999 -9999 -9999 -9999 -9999 -9999 -9999
-32.9571361541748 -28.5900459289551 -23.8357849121094 -18.9619903564453 -14.2526435852051 -9.91484832763672 -6.19955444335938 -3.24393844604492 -0.88433837890625 0.5484619140625 1.6009635925293 2.24387741088867 2.19189262390137 1.58831596374512 0.686960220336914 -0.456579208374023 -1.7501220703125 -3.51142120361328 -5.21916389465332 -6.87681579589844 -8.50950622558594 -9.65911483764648 -9.92274284362793 -9999 -9999 -9999 -9999 -9999 -9999 -9999 -9999 -9999 -9999 -9999 -9999 -9999 -9999 -9999 -9999 -9999 -9999 -9999 -9999 -9999 -9999 -9999 -9999 -9999 -9999 -9999 -9999 -9999 -9999
-28.8788223266602 -23.9831256866455 -18.9792938232422 -14.2089252471924 -9.95985412597656 -6.26394844055176 -3.29931831359863 -0.940719604492188 0.45234489440918 1.37840461730957 2.01096153259277 1.90351486206055 1.15537643432617 -0.0319023132324219 -1.67498588562012 -3.55318641662598 -5.62676811218262 -8.1047477722168 -10.7549819946289 -13.2935810089111 -15.8273849487305 -17.6668567657471 -18.263988494873 -9999 -9999 -9999 -9999 -9999 -9999 -9999 -9999 -9999 -9999 -9999 -9999 -9999 -9999 -9999 -9999 -9999 -9999 -9999 -9999 -9999 -9999 -9999 -9999 -9999 -9999 -9999 -9999 -9999 -9999
-25.387716293335 -20.23362159729 -15.2168598175049 -10.493766784668 -6.54941177368164 -3.41694831848145 -0.88409423828125 0.529747009277344 1.45503044128418 1.96280097961426 1.78300666809082 0.971231460571289 -0.580745697021484 -2.59333038330078 -5.07625007629395 -7.85783195495605 -10.8485622406006 -14.3622360229492 -17.9876937866211 -21.4461631774902 -25.0282955169678 -27.5781669616699 -28.3512916564941 -9999 -9999 -9999 -9999 -9999 -9999 -9999 -9999 -9999 -9999 -9999 -9999 -9999 -9999 -9999 -9999 -9999 -9999 -9999 -9999 -9999 -9999 -9999 -9999 -9999 -9999 -9999 -9999 -9999 -9999
-22.6657123565674 -17.0015182495117 -12.1372261047363 -7.94012069702148 -4.17330741882324 -1.19040107727051 0.705804824829102 1.6107234954834 2.11134338378906 1.91689872741699 1.09206581115723 -0.519344329833984 -2.90656661987305 -5.89568138122559 -9.35714721679688 -13.1941471099854 -17.2962951660156 -21.9506645202637 -26.6545543670654 -30.9896411895752 -35.4496269226074 -38.6227321624756 -39.597972869873 -38.8088188171387 -35.9276275634766 -30.6445751190186 -23.5572681427002 -9999 -9999 -9999 -9999 -9999 -9999 -9999 -9999 -9999 -9999 -9999 -9999 -9999 -9999 -9999 -9999 -9999 -9999 -9999 -9999 -9999 -9999 -9999 -9999 -9999 -9999
-20.6752052307129 -14.9602336883545 -9.92231559753418 -5.85587692260742 -2.54133605957031 -0.0189685821533203 1.49823188781738 2.16109466552734 2.0909252166748 1.42381477355957 -0.112363815307617 -2.45810127258301 -5.72731399536133 -9.73151588439941 -14.2970428466797 -19.2169342041016 -24.4925022125244 -30.2058258056641 -35.8851108551025 -41.0030670166016 -46.0738639831543 -49.5267467498779 -50.5564842224121 -49.4176368713379 -45.6828670501709 -39.2562122344971 -30.7121810913086 -9999 -9999 -9999 -9999 -9999 -9999 -9999 -9999 -9999 -9999 -9999 -9999 -9999 -9999 -9999 -9999 -9999 -9999 -9999 -9999 -9999 -9999 -9999 -9999 -9999 -9999
-19.5287971496582 -13.6327133178711 -8.64947128295898 -4.6284351348877 -1.68594360351562 0.547800064086914 1.69907188415527 1.86688804626465 1.59818458557129 0.493398666381836 -1.55766105651855 -4.67399406433105 -8.77553749084473 -13.7651710510254 -19.3726291656494 -25.3597812652588 -31.5492630004883 -37.9784278869629 -44.3637065887451 -50.2571487426758 -55.4629058837891 -58.9148559570312 -59.7450294494629 -58.1322059631348 -53.5224494934082 -45.9893016815186 -36.3549575805664 -9999 -9999 -9999 -9999 -9999 -9999 -9999 -9999 -9999 -9999 -9999 -9999 -9999 -9999 -9999 -9999 -9999 -9999 -9999 -9999 -9999 -9999 -9999 -9999 -9999 -9999
-19.0487213134766 -13.1068363189697 -8.27145576477051 -4.44783782958984 -1.7214527130127 0.248725891113281 1.28137016296387 1.22420120239258 0.652103424072266 -0.827415466308594 -3.36381721496582 -7.01018714904785 -11.816463470459 -17.5569248199463 -23.9843311309814 -30.7707958221436 -37.6739730834961 -44.4310760498047 -51.1399078369141 -57.0995693206787 -62.1546688079834 -65.3830699920654 -65.6833400726318 -63.5002746582031 -58.5015392303467 -50.0543594360352 -39.7326011657715 -9999 -9999 -9999 -9999 -9999 -9999 -9999 -9999 -9999 -9999 -9999 -9999 -9999 -9999 -9999 -9999 -9999 -9999 -9999 -9999 -9999 -9999 -9999 -9999 -9999 -9999
-18.9666080474854 -13.1978416442871 -8.4219856262207 -4.85592079162598 -2.23758125305176 -0.471654891967773 0.387161254882812 0.268638610839844 -0.730340957641602 -2.52128410339355 -5.33946990966797 -9.35711288452148 -14.6337242126465 -20.831075668335 -27.6767826080322 -34.8530902862549 -41.9755535125732 -48.7753925323486 -54.9535503387451 -60.721565246582 -65.0583324432373 -68.1859588623047 -67.8726119995117 -65.2712249755859 -59.9216270446777 -51.5018272399902 -40.8642024993896 -9999 -9999 -9999 -9999 -9999 -9999 -9999 -9999 -9999 -9999 -9999 -9999 -9999 -9999 -9999 -9999 -9999 -9999 -9999 -9999 -9999 -9999 -9999 -9999 -9999 -9999
-18.8806762695312 -13.5640106201172 -9.18396759033203 -6.0047550201416 -3.63359642028809 -1.95999717712402 -1.25762367248535 -1.55675506591797 -2.6874942779541 -4.7501392364502 -7.72794342041016 -11.9511775970459 -17.2209968566895 -23.5233936309814 -30.3269939422607 -37.3282890319824 -44.0852451324463 -50.356351852417 -55.9423923492432 -60.7150382995605 -64.7113704681396 -67.154956817627 -66.66748046875 -64.0067462921143 -58.6033458709717 -50.5858383178711 -9999 -9999 -9999 -9999 -9999 -9999 -9999 -9999 -9999 -9999 -9999 -9999 -9999 -9999 -9999 -9999 -9999 -9999 -9999 -9999 -9999 -9999 -9999 -9999 -9999 -9999 -9999
-18.7510643005371 -14.3489818572998 -10.5925712585449 -7.6188907623291 -5.3789119720459 -3.79340744018555 -3.18397521972656 -3.81642150878906 -5.34045219421387 -7.38750076293945 -10.3782424926758 -14.7352333068848 -19.9186115264893 -25.7839527130127 -32.104190826416 -38.3005695343018 -44.1091079711914 -49.5008602142334 -54.3057289123535 -58.3639450073242 -61.5689926147461 -63.8821544647217 -63.4905776977539 -61.0607509613037 -56.0992965698242 -48.5673313140869 -39.3159351348877 -9999 -9999 -9999 -9999 -9999 -9999 -9999 -9999 -9999 -9999 -9999 -9999 -9999 -9999 -9999 -9999 -9999 -9999 -9999 -9999 -9999 -9999 -9999 -9999 -9999 -9999
-18.8990631103516 -15.185245513916 -12.0148849487305 -9.54752540588379 -7.5027961730957 -6.17786598205566 -6.01568031311035 -6.66043853759766 -8.38646125793457 -10.8355846405029 -13.6940612792969 -17.8359050750732 -22.7360725402832 -27.8959217071533 -33.0370330810547 -38.0543022155762 -42.6889514923096 -47.0245666503906 -50.732234954834 -54.0785846710205 -56.8065948486328 -58.082670211792 -58.0825538635254 -56.3230361938477 -51.9617958068848 -45.3039703369141 -36.9277458190918 -27.9425411224365 -9999 -9999 -9999 -9999 -9999 -9999 -9999 -9999 -9999 -9999 -9999 -9999 -9999 -9999 -9999 -9999 -9999 -9999 -9999 -9999 -9999 -9999 -9999 -9999 -9999
-18.8543968200684 -15.9950923919678 -13.6880645751953 -11.8106460571289 -9.89001846313477 -9.47409248352051 -9.61656379699707 -10.3798351287842 -12.0525035858154 -14.8908996582031 -17.969633102417 -21.487024307251 -25.5974636077881 -29.6278743743896 -33.55295753479 -36.8918113708496 -40.0207767486572 -43.0862483978271 -46.0237121582031 -48.6236972808838 -50.769359588623 -51.6083869934082 -51.7744770050049 -50.7565841674805 -47.2238464355469 -41.9373207092285 -35.0092182159424 -27.181224822998 -19.2433395385742 -12.0140838623047 -5.73654174804688 -0.256189346313477 -9999 -9999 -9999 -9999 -9999 -9999 -9999 -9999 -9999 -9999 -9999 -9999 -9999 -9999 -9999 -9999 -9999 -9999 -9999 -9999 -9999
-18.7696895599365 -16.9743156433105 -15.5533676147461 -14.0705490112305 -13.2910633087158 -13.2105941772461 -13.6414127349854 -14.9001331329346 -16.7782077789307 -19.1480464935303 -22.0191822052002 -25.1031475067139 -28.4058246612549 -31.311918258667 -33.7216129302979 -35.4440670013428 -36.8503074645996 -38.4894905090332 -40.5242824554443 -42.316858291626 -43.5184745788574 -45.0549354553223 -45.5967864990234 -44.8284282684326 -42.7347507476807 -38.6586532592773 -33.0008850097656 -26.6927433013916 -19.8451232910156 -13.2388820648193 -7.24759864807129 -2.15895843505859 1.7570858001709 -9999 -9999 -9999 -9999 -9999 -9999 -9999 -9999 -9999 -9999 -9999 -9999 -9999 -9999 -9999 -9999 -9999 -9999 -9999 -9999
-18.8177719116211 -17.9782333374023 -17.2006607055664 -16.4958095550537 -16.6002464294434 -17.2756156921387 -18.580753326416 -20.1413841247559 -21.8829212188721 -24.0109615325928 -26.0969390869141 -28.1484928131104 -30.7699794769287 -32.3829669952393 -33.2882308959961 -33.5636367797852 -33.4886684417725 -33.9242992401123 -34.7311859130859 -35.3614234924316 -36.8812465667725 -38.3125610351562 -39.3832874298096 -39.463529586792 -38.2332763671875 -35.8271179199219 -32.0100860595703 -27.0386772155762 -21.3326187133789 -15.553581237793 -10.1510238647461 -5.45861053466797 -1.44324684143066 2.05391311645508 -9999 -9999 -9999 -9999 -9999 -9999 -9999 -9999 -9999 -9999 -9999 -9999 -9999 -9999 -9999 -9999 -9999 -9999 -9999
-18.9835186004639 -18.6437759399414 -18.7341804504395 -19.1475143432617 -20.1453094482422 -21.6870250701904 -23.4901275634766 -25.212646484375 -27.1510353088379 -29.1914939880371 -30.8590354919434 -31.5251960754395 -32.214750289917 -32.3866271972656 -31.5823936462402 -30.2909164428711 -28.9618263244629 -28.4178256988525 -28.2812252044678 -28.7660179138184 -29.9410629272461 -31.481782913208 -33.1419887542725 -34.1450653076172 -34.6415100097656 -33.868335723877 -31.7057247161865 -28.1732654571533 -23.7377796173096 -19.0200119018555 -14.2195358276367 -9.84947776794434 -5.62222862243652 -1.83595275878906 -9999 -9999 -9999 -9999 -9999 -9999 -9999 -9999 -9999 -9999 -9999 -9999 -9999 -9999 -9999 -9999 -9999 -9999 -9999
-19.0709686279297 -19.5419063568115 -20.3981437683105 -21.6369972229004 -23.2761611938477 -25.6138210296631 -27.6322708129883 -29.6891918182373 -31.7747955322266 -33.6517677307129 -34.7697086334229 -34.4156398773193 -33.6317577362061 -31.9651031494141 -29.7524852752686 -27.0236492156982 -24.5683498382568 -23.4713611602783 -22.3719310760498 -22.5013675689697 -23.5756950378418 -25.2124080657959 -27.2117233276367 -29.3847980499268 -31.0999813079834 -31.7210254669189 -31.2684001922607 -29.5427799224854 -26.7510185241699 -23.15087890625 -19.4133396148682 -15.0883617401123 -10.9260425567627 -6.98775482177734 -3.28046989440918 0.23272705078125 3.5161657333374 -9999 -9999 -9999 -9999 -9999 -9999 -9999 -9999 -9999 -9999 -9999 -9999 -9999 -9999 -9999 -9999
-19.8376197814941 -20.6821670532227 -21.982738494873 -23.4691524505615 -25.5588417053223 -28.2592792510986 -30.4711780548096 -32.7189311981201 -34.8167114257812 -36.4328575134277 -36.9793128967285 -35.5932216644287 -33.569164276123 -30.3646869659424 -26.6673831939697 -23.2131748199463 -20.0397167205811 -18.2214813232422 -17.0406875610352 -16.5905323028564 -17.4903545379639 -19.0163879394531 -21.575403213501 -24.543493270874 -27.1631622314453 -29.3620433807373 -30.5881042480469 -30.855749130249 -29.9676132202148 -27.9645442962646 -25.1125316619873 -21.3601856231689 -17.4419078826904 -13.2756156921387 -9.0704231262207 -4.83706283569336 -0.68913459777832 2.98776817321777 6.31428623199463 -9999 -9999 -9999 -9999 -9999 -9999 -9999 -9999 -9999 -9999 -9999 -9999 -9999 -9999
-21.1170387268066 -21.8036136627197 -23.1845951080322 -24.5618801116943 -26.5620746612549 -29.256799697876 -31.4516792297363 -33.6290683746338 -35.5195560455322 -36.7372093200684 -36.6123657226562 -34.3990707397461 -31.3241577148438 -27.1958484649658 -22.725606918335 -18.659122467041 -15.2292652130127 -13.0231800079346 -11.6767063140869 -11.2047710418701 -11.7806243896484 -13.4731121063232 -16.2327537536621 -19.5355033874512 -23.0668258666992 -26.5189552307129 -29.6020679473877 -31.9096775054932 -32.9228382110596 -32.5951385498047 -30.9077053070068 -28.213680267334 -24.5300121307373 -20.2532272338867 -15.5493297576904 -10.4389896392822 -5.52637100219727 -0.83704948425293 3.3602352142334 -9999 -9999 -9999 -9999 -9999 -9999 -9999 -9999 -9999 -9999 -9999 -9999 -9999 -9999
-22.9515628814697 -23.2796821594238 -23.8978652954102 -24.9213638305664 -26.4856739044189 -28.5920734405518 -30.3620319366455 -32.1171474456787 -33.5240135192871 -34.1347312927246 -33.2468566894531 -30.5025806427002 -26.9539413452148 -22.5676784515381 -17.8333530426025 -13.4507732391357 -10.1508331298828 -7.92413902282715 -6.6001148223877 -6.20101547241211 -6.59417724609375 -8.3250846862793 -11.128870010376 -14.6221981048584 -18.8565731048584 -23.4753036499023 -28.0876331329346 -32.1948528289795 -35.0508804321289 -36.3327865600586 -36.4285278320312 -34.673620223999 -31.5205936431885 -27.1895351409912 -21.9987010955811 -16.0907020568848 -10.3199043273926 -4.59223747253418 0.384431838989258 4.56673049926758 7.87642478942871 -9999 -9999 -9999 -9999 -9999 -9999 -9999 -9999 -9999 -9999 -9999 -9999
-25.1880073547363 -24.8900356292725 -24.8691463470459 -24.7413063049316 -25.1271667480469 -26.3615093231201 -27.3704204559326 -28.3448486328125 -29.0064868927002 -28.9366989135742 -27.4660167694092 -24.4635829925537 -20.8570556640625 -16.5964260101318 -12.2102909088135 -8.21768569946289 -5.11747360229492 -3.20277214050293 -2.04111099243164 -1.7772216796875 -2.13884162902832 -3.83712387084961 -6.48415184020996 -10.1262645721436 -14.7917575836182 -20.1267604827881 -25.8861637115479 -31.2344627380371 -35.775936126709 -39.1497745513916 -40.7103519439697 -40.1302890777588 -37.5856819152832 -33.3262119293213 -27.6414031982422 -21.1232738494873 -14.4429531097412 -8.01177978515625 -2.29308319091797 2.44666481018066 6.20371723175049 8.88774013519287 -9999 -9999 -9999 -9999 -9999 -9999 -9999 -9999 -9999 -9999 -9999
-27.3075714111328 -26.0468482971191 -24.9807834625244 -24.1886444091797 -23.6423435211182 -22.9242286682129 -22.890287399292 -22.8945446014404 -22.7035808563232 -21.7539730072021 -19.9046936035156 -17.1107044219971 -13.866024017334 -10.1310863494873 -6.42994689941406 -3.07753562927246 -0.389463424682617 1.05763816833496 1.90294075012207 2.02794075012207 1.57513809204102 0.0333957672119141 -2.50050735473633 -6.15809059143066 -10.8231258392334 -16.5567035675049 -23.0750560760498 -29.5391311645508 -35.3399925231934 -40.2001895904541 -43.2082576751709 -43.7028484344482 -41.8272571563721 -37.7795734405518 -31.5675964355469 -24.6924514770508 -17.4604053497314 -10.4707469940186 -4.19669151306152 0.845006942749023 4.79595947265625 7.51081085205078 -9999 -9999 -9999 -9999 -9999 -9999 -9999 -9999 -9999 -9999 -9999
