indici/fabbisogno09.asc
NCOLS 177 
NROWS 174 
XLLCORNER 1436301.375 
YLLCORNER 4916704.5 
CELLSIZE 1500 
NODATA_value -9999 
[rows 80 to 99 of 174, columns 0 to 43 of 177]
-137.02165222168 -137.549194335938 -138.036163330078 -138.490859985352 -138.858657836914 -139.175628662109 -139.38591003418 -137.987884521484 -135.719146728516 -133.525039672852 -131.000427246094 -127.924156188965 -124.928855895996 -122.181907653809 -121.43684387207 -120.684715270996 -119.924125671387 -119.555816650391 -119.263427734375 -118.929862976074 -118.218078613281 -117.196754455566 -116.158905029297 -115.107276916504 -114.021438598633 -112.982604980469 -51.5858139038086 -52.1084121704102 -52.5682540893555 -52.9967254638672 -53.7705337524414 -55.3345474243164 -56.8232864379883 -57.4164413452148 -58.5036087036133 -59.862841796875 -61.2468109130859 -62.4649795532227 -63.664372253418 -64.8320251464844 -66.3259613037109 -67.7737579345703 -69.1174026489258 -70.3949417114258
-135.131317138672 -135.733581542969 -136.301696777344 -136.843536376953 -137.273513793945 -137.645233154297 -137.899139404297 -136.593688964844 -134.476150512695 -132.444183349609 -130.12336730957 -127.336067199707 -124.621780395508 -122.122367858887 -121.231498718262 -120.325836181641 -119.403198242188 -118.736358642578 -118.116661071777 -117.467445373535 -116.532249450684 -115.367858886719 -114.215026855469 -113.119071960449 -112.163856506348 -111.251159667969 -49.7021957397461 -50.501887512207 -50.9274291992188 -51.3345672607422 -52.168327331543 -53.8727737426758 -54.8090682983398 -55.6906173706055 -56.8459869384766 -58.2604278564453 -59.6514892578125 -60.8942932128906 -62.3341995239258 -63.6678314208984 -65.2077514648437 -66.769270324707 -68.1912658691406 -69.3775268554687
-133.138397216797 -133.812408447266 -134.459411621094 -135.086273193359 -135.575897216797 -136.009399414062 -136.335021972656 -135.151275634766 -133.210998535156 -131.343933105469 -129.231536865234 -126.735748291016 -124.299812316895 -122.037986755371 -120.997566223145 -119.940399169922 -118.864387512207 -117.905456542969 -116.967720031738 -116.014839172363 -114.869789123535 -113.573745727539 -112.308547973633 -111.172027587891 -110.34886932373 -48.4660842895508 -48.1470504760742 -48.9221878051758 -49.3489685058594 -49.7950698852539 -50.6171112060547 -51.7452789306641 -52.6822265625 -53.8720199584961 -55.2259643554687 -56.6988098144531 -58.2307952880859 -59.580143737793 -61.0226638793945 -62.5146484375 -64.1431167602539 -65.7807205200195 -67.2391571044922 -68.3128799438477
-131.093185424805 -131.834884643555 -132.55712890625 -133.265167236328 -133.81005859375 -134.307693481445 -134.720962524414 -133.677444458008 -131.931076049805 -130.230316162109 -128.32975769043 -126.126968383789 -123.966651916504 -121.932731628418 -120.739074707031 -119.531799316406 -118.3095703125 -117.063911437988 -115.81672668457 -114.571655273438 -113.230285644531 -111.814468383789 -110.440132141113 -109.267616271973 -108.578750610352 -46.8110153198242 -46.3900894165039 -47.2285675048828 -47.8276641845703 -48.2833404541016 -49.0925811767578 -50.0726593017578 -51.1000885009766 -52.3220825195312 -54.1171600341797 -55.9194198608398 -57.0611175537109 -58.6381866455078 -60.0260101318359 -61.446728515625 -63.1684417724609 -64.8341079711914 -66.3689407348633 -67.3531921386719
-126.214332580566 -126.885429382324 -127.547492980957 -128.203506469727 -128.907485961914 -129.581314086914 -130.191436767578 -129.64990234375 -128.566452026367 -127.492980957031 -126.14030456543 -124.385971069336 -122.653717041016 -120.982650756836 -119.711181640625 -118.428024291992 -117.132514953613 -115.806663513184 -114.479888916016 -113.169105529785 -111.849815368652 -110.52286529541 -109.245750427246 -108.186660766602 -107.642616271973 -107.110527038574 -45.7058715820312 -46.3349349975586 -47.2332382202148 -47.7751617431641 -48.579133605957 -49.5009262084961 -50.514729309082 -51.6596389770508 -53.37373046875 -54.8661560058594 -56.0787414550781 -57.8346542358398 -59.4407180786133 -60.9218826293945 -62.1924270629883 -63.802278137207 -65.3709747314453 -66.1856079101562
-121.302780151367 -121.873176574707 -122.44261932373 -123.011436462402 -123.852157592773 -124.678489685059 -125.462684631348 -125.430450439453 -125.025062561035 -124.602478027344 -123.814025878906 -122.513320922852 -121.21768951416 -119.913070678711 -118.567817687988 -117.216041564941 -115.857315063477 -114.485275268555 -113.119430541992 -111.783996582031 -110.531074523926 -109.337104797363 -108.200080871582 -107.28751373291 -106.893058776855 -106.50023651123 -106.124008178711 -45.7888427734375 -46.7997161865234 -47.4388549804687 -48.296728515625 -49.2144424438477 -50.1972106933594 -51.1421783447266 -52.1985610961914 -53.2014739990234 -54.4851135253906 -56.4174194335938 -58.806201171875 -60.0911315917969 -61.2921768188477 -62.7875228881836 -64.3270584106445 -65.011540222168
-116.367683410645 -116.838943481445 -117.317863464355 -117.801498413086 -118.785255432129 -119.765655517578 -120.722915649414 -121.207458496094 -121.47827911377 -121.703689575195 -121.473510742188 -120.62353515625 -119.764862060547 -118.821334838867 -117.404281616211 -115.993583679199 -114.588897705078 -113.188446044922 -111.798759460449 -110.444282531738 -109.265045166016 -108.209686279297 -107.199363708496 -106.41862487793 -106.158813476562 -105.896697998047 -105.65104675293 -45.2364761352539 -46.3551406860352 -47.1044815063477 -47.9613189697266 -48.8562454223633 -49.7885650634766 -50.6258758544922 -51.4306030273438 -52.3287155151367 -53.3563949584961 -55.2558929443359 -57.3931488037109 -59.2512756347656 -60.4553649902344 -61.9364212036133 -63.4372100830078 -63.9634750366211
-111.517234802246 -111.851753234863 -112.203941345215 -112.566970825195 -113.49365234375 -114.428283691406 -115.363998413086 -116.174667358398 -116.923355102539 -117.604293823242 -117.888595581055 -117.642372131348 -117.369346618652 -116.935684204102 -115.659439086914 -114.397491455078 -113.149169921875 -111.849189758301 -110.551155090332 -109.29052734375 -108.247611999512 -107.356315612793 -106.497604370117 -105.852836608887 -105.686088562012 -105.513885498047 -105.358123779297 -44.8363952636719 -46.0231369018555 -46.802409362793 -47.6536529541016 -48.4997711181641 -49.3748947143555 -50.1354370117188 -50.8427963256836 -51.6040710449219 -52.501496887207 -54.1500640869141 -55.9302154541016 -58.0310195922852 -59.5489105224609 -60.8052764892578 -62.2120712280273 -62.5846771240234
-106.70858001709 -106.888137817383 -107.094512939453 -107.316513061523 -108.061149597168 -108.818374633789 -109.594665527344 -110.58943939209 -111.656715393066 -112.629013061523 -113.372886657715 -113.819511413574 -114.225028991699 -114.401512145996 -113.427307128906 -112.48095703125 -111.560508728027 -110.473258972168 -109.373680114746 -108.31615447998 -107.473213195801 -106.776321411133 -106.099876403809 -105.600143432617 -105.488304138184 -105.366981506348 -105.26050567627 -44.6392364501953 -45.6927215576172 -46.4967697143555 -47.3115341186523 -48.1346282958984 -48.9590789794922 -49.678874206543 -50.310986328125 -51.0291381835937 -51.8588531494141 -53.3135894775391 -54.8705673217773 -56.5202407836914 -58.1443969726562 -59.3713806152344 -60.4933807373047 -60.7962615966797
-102.025817871094 -102.074020385742 -102.136978149414 -102.212509155273 -102.761512756348 -103.315849304199 -103.87784576416 -105.010932922363 -106.346641540527 -107.598320007324 -108.79613494873 -109.923805236816 -111.032539367676 -111.847366333008 -111.208229064941 -110.596176147461 -110.008811950684 -109.137855529785 -108.238311767578 -107.373954772949 -106.721084594727 -106.208938598633 -105.71110534668 -105.352012634277 -105.291954040527 -105.226707458496 -105.178115844727 -44.4564605712891 -45.1896423339844 -46.1957443237305 -47.0495910644531 -47.8549911499023 -48.6455642700195 -49.3347625732422 -49.9050674438477 -50.6002151489258 -51.3702087402344 -52.670246887207 -54.0174774169922 -55.4315002441406 -56.681477355957 -57.8202651977539 -58.7782791137695 -59.1073379516602
-98.2099609375 -98.1558837890625 -98.1013565063477 -98.0528030395508 -98.376091003418 -98.6975326538086 -99.0139694213867 -100.101234436035 -101.467231750488 -102.776695251465 -104.218765258789 -105.815811157227 -107.434173583984 -108.753639221191 -108.573570251465 -108.411087036133 -108.263641357422 -107.685119628906 -107.055297851562 -106.447685241699 -106.012031555176 -105.68953704834 -105.375877380371 -105.153961181641 -105.127998352051 -105.103965759277 -105.099212646484 -105.529281616211 -44.9658615112305 -45.6677734375 -46.7096771240234 -47.4165985107422 -48.2112487792969 -48.844987487793 -49.3797409057617 -49.9886337280273 -50.6954528808594 -51.8134048461914 -53.003742980957 -54.2115173339844 -55.2414916992187 -56.1989013671875 -57.0212860107422 -57.3999435424805
-96.187858581543 -96.1741027832031 -96.1469573974609 -96.1170425415039 -96.2408599853516 -96.3544311523438 -96.4498901367188 -97.0608825683594 -97.8512115478516 -98.5981903076172 -99.6321334838867 -100.997695922852 -102.411994934082 -103.702339172363 -104.35221862793 -105.017181396484 -105.694305419922 -105.699333190918 -105.624984741211 -105.564163208008 -105.483283996582 -105.39037322998 -105.301170349121 -105.214935302734 -105.138442993164 -105.070175170898 -105.019439697266 -105.264495849609 -44.3850463867187 -44.8815414428711 -45.4885238647461 -46.1897903442383 -46.8571716308594 -47.3191131591797 -47.6364959716797 -48.0636428833008 -48.6422424316406 -49.626969909668 -50.6534194946289 -51.664582824707 -52.7591323852539 -53.8016708374023 -54.7249160766602 -55.1584121704102
-94.1902542114258 -94.1996688842773 -94.1880493164062 -94.1638946533203 -94.0798492431641 -93.983512878418 -93.8662490844727 -94.0030364990234 -94.2267379760742 -94.426383972168 -95.0720291137695 -96.220329284668 -97.4288864135742 -98.6989288330078 -100.172950744629 -101.659622192383 -103.155784606934 -103.73575592041 -104.212219238281 -104.695610046387 -104.963661193848 -105.098007202148 -105.240280151367 -105.294403076172 -105.174591064453 -105.066360473633 -104.971405029297 -105.03434753418 -44.1334732055664 -44.1533203125 -44.4474563598633 -44.8797775268555 -45.4146469116211 -45.7484588623047 -45.892985534668 -46.1337539672852 -46.5070297241211 -47.3485305786133 -48.1675369262695 -49.0138229370117 -50.1626205444336 -51.31416015625 -52.3247421264648 -53.0298538208008
-92.2052383422852 -92.2291488647461 -92.2265625 -92.1988143920898 -91.9015045166016 -91.5937423706055 -91.2686309814453 -90.9303817749023 -90.5939331054688 -90.2573471069336 -90.5312652587891 -91.4740371704102 -92.4762573242188 -93.7367553710938 -96.0308151245117 -98.3348617553711 -100.645683288574 -101.792907714844 -102.816207885742 -103.841583251953 -104.452941894531 -104.812370300293 -105.193473815918 -105.393112182617 -105.23787689209 -105.094657897949 -104.9580078125 -104.842559814453 -104.735305786133 -104.639221191406 -43.6026245117187 -43.7190246582031 -43.9645492553711 -44.0855682373047 -44.1571197509766 -44.1701202392578 -44.3039733886719 -44.9775543212891 -45.6457397460937 -46.2756484985352 -47.5076477050781 -48.7284973144531 -49.8789291381836 -50.8820251464844
-91.8471603393555 -91.7436752319336 -91.6109313964844 -91.4511337280273 -91.0228424072266 -90.5845718383789 -90.1310577392578 -89.6054382324219 -89.0621795654297 -88.5363388061523 -88.5445175170898 -89.1261520385742 -89.769287109375 -90.7383651733398 -92.9718627929688 -95.2261276245117 -97.4972991943359 -99.1345443725586 -100.70516204834 -102.272941589355 -103.220581054688 -103.799095153809 -104.413070678711 -104.738212585449 -104.50838470459 -104.29125213623 -104.073486328125 -103.748924255371 -103.430870056152 -103.121398925781 -102.752975463867 -102.376663208008 -41.4519485473633 -41.3119827270508 -41.3193450927734 -41.1404830932617 -41.1559158325195 -41.8868148803711 -42.6034881591797 -43.2690032958984 -44.7196487426758 -46.1358276367187 -47.5427978515625 -48.8678024291992
-91.4882659912109 -91.2699508666992 -91.0209350585938 -90.7423400878906 -90.203254699707 -89.6567764282227 -89.099250793457 -88.4271469116211 -87.7290573120117 -87.0664901733398 -86.8388366699219 -87.0644836425781 -87.3486709594727 -88.0074005126953 -90.0698318481445 -92.1507797241211 -94.246467590332 -96.3619995117188 -98.4735412597656 -100.581047058105 -101.858108520508 -102.651870727539 -103.49250793457 -103.931632995605 -103.613883972168 -103.307289123535 -102.99104309082 -102.442817687988 -101.899063110352 -101.360908508301 -100.710960388184 -100.036865234375 -38.6227783203125 -38.2617523193359 -38.0417770385742 -37.8647659301758 -37.7658279418945 -38.5912414550781 -39.4194946289062 -40.1840866088867 -41.8665725708008 -43.5469589233398 -45.2163925170898 -46.9260208129883
-91.1059875488281 -90.7685546875 -90.4084625244141 -90.0204162597656 -89.3800277709961 -88.7373352050781 -88.0908126831055 -87.2866897583008 -86.4474945068359 -85.6476593017578 -85.1802444458008 -85.0493698120117 -84.9664306640625 -85.3078536987305 -87.1893692016602 -89.0884094238281 -91.001091003418 -93.595817565918 -96.2462997436523 -98.9073715209961 -100.524482727051 -101.5478515625 -102.61727142334 -103.169456481934 -102.76587677002 -102.36060333252 -101.930854797363 -101.144905090332 -100.358711242676 -99.5715179443359 -98.6191864013672 -97.6261367797852 -35.7976150512695 -35.1318801879883 -34.6938415527344 -34.2678848266602 -34.2303131103516 -35.1223495483398 -36.0554489135742 -36.9753829956055 -38.8985107421875 -40.8706817626953 -42.8404266357422 -44.8633071899414
-90.5872955322266 -90.1045761108398 -89.6082458496094 -89.0918121337891 -88.3928375244141 -87.6956558227539 -87.0004577636719 -86.1978225708008 -85.3725891113281 -84.5862579345703 -84.0687484741211 -83.8139572143555 -83.5903549194336 -83.7602844238281 -85.325798034668 -86.9112396240234 -88.5125122070312 -91.1525726318359 -93.8861312866211 -96.6545944213867 -98.4355773925781 -99.6645965576172 -100.939071655273 -101.598335266113 -101.142395019531 -100.670936584473 -100.162353515625 -99.2265167236328 -98.2840881347656 -97.3327484130859 -96.2808303833008 -95.2030563354492 -94.1497116088867 -32.4849227905273 -31.9508438110352 -31.5075927734375 -31.4622741699219 -32.4022048950195 -33.4146606445312 -34.4250259399414 -36.4603622436523 -38.6318481445312 -40.7722747802734 -42.9870544433594
-89.9963455200195 -89.3511657714844 -88.7008743286133 -88.0423431396484 -87.3059997558594 -86.5769729614258 -85.8567047119141 -85.1467895507812 -84.4457702636719 -83.7873306274414 -83.3714599609375 -83.185417175293 -83.0195922851562 -83.1542358398438 -84.3163375854492 -85.4973297119141 -86.6931076049805 -88.9956207275391 -91.3950729370117 -93.8435821533203 -95.6116485595703 -97.0074462890625 -98.4475021362305 -99.1932601928711 -98.7052307128906 -98.1885452270508 -97.6268463134766 -96.6262969970703 -95.6142883300781 -94.5869445800781 -93.6627426147461 -92.7678985595703 -91.8849639892578 -30.3022216796875 -29.8512145996094 -29.5410522460937 -29.5397598266602 -30.5896423339844 -31.5777709960937 -32.6089111328125 -34.7171127319336 -36.8975845336914 -39.0763092041016 -41.3285659790039
-89.3870391845703 -88.5902099609375 -87.7924270629883 -86.9985809326172 -86.2293853759766 -85.4727478027344 -84.7308349609375 -84.1194686889648 -83.5444107055664 -83.0077209472656 -82.6865310668945 -82.5633239746094 -82.4535140991211 -82.5455474853516 -83.3035202026367 -84.0770797729492 -84.8628768920898 -86.8242111206055 -88.8858489990234 -91.0114669799805 -92.7688369750977 -94.3283920288086 -95.932243347168 -96.7609939575195 -96.2392654418945 -95.673698425293 -95.0545883178711 -93.9851684570312 -92.9001312255859 -91.79443359375 -90.9970932006836 -90.2837905883789 -89.5768432617188 -88.9735641479492 -27.7885360717773 -27.5987716674805 -27.6464080810547 -28.7473098754883 -29.7992568969727 -30.9052886962891 -32.9773941040039 -35.1707290649414 -37.3709564208984 -39.6555862426758
