indici/fabbisogno08.asc
NCOLS 177 
NROWS 174 
XLLCORNER 1436301.375 
YLLCORNER 4916704.5 
CELLSIZE 1500 
NODATA_value -9999 
[rows 72 to 95 of 174, columns 54 to 107 of 177]
-34.4609603881836 -33.6103065490723 -31.5735504150391 -28.5808944702148 -24.878784942627 -21.3781921386719 -17.9312240600586 -13.9719078063965 -10.2062606811523 -6.91037979125976 -3.90683822631836 -0.253055572509766 0.184415435791024 0.440248870849615 -1.34986801147461 -4.77499008178711 -7.96085662841797 -11.6520957946777 -15.3291320800781 -18.5409942626953 -22.8111274719238 -28.2768585205078 -32.3622200012207 -37.0657249450684 -36.8128509521484 -35.1763656616211 -31.1559410095215 -25.3629287719726 -20.7877853393555 -13.5786010742188 -8.84488983154297 -6.67774887084961 -8.4575325012207 -8.49946899414063 -9.95472183227538 -10.0483917236328 -10.7766990661621 -12.6298309326172 -18.1810363769531 -19.4236000061035 -15.2064010620117 -12.9386100769043 -7.12653503417968 -2.97731246948241 -3.52126770019531 -12.4466484069824 -15.2506286621094 -24.575399017334 -35.6393890380859 -43.4644996643066 -39.2883857727051 -40.0672904968262 -36.2186248779297 -28.8366386413574
-30.9509368896484 -30.4237777709961 -28.440461730957 -25.7666275024414 -22.4834403991699 -18.7138084411621 -16.0307411193848 -11.6802925109863 -7.73126754760742 -3.82858123779296 0.0274612426757841 3.85113983154297 5.62686080932617 4.55321884155273 3.3461296081543 0.587890625 -3.16123809814452 -7.14909362792969 -11.7409088134766 -17.1476234436035 -21.5223426818848 -27.1508941650391 -31.0363647460938 -34.0525215148926 -35.6388008117676 -31.8709197998047 -28.1456535339355 -22.2421821594238 -14.1503456115723 -7.14588775634765 -2.55054931640625 0.974953460693357 2.24994277954102 1.5900978088379 -1.64899673461913 -2.43405075073242 -5.52464447021484 -13.2947357177734 -13.6378494262695 -15.5295722961426 -10.1748992919922 -7.34005966186523 -5.64675292968749 4.1241554260254 4.19364700317384 -0.780675506591791 -5.26958923339843 -12.0236083984375 -23.4722145080566 -34.9331336975098 -36.0241363525391 -37.4775505065918 -28.3611602783203 -24.5350456237793
-27.1360862731934 -26.8808319091797 -25.565234375 -23.5855659484863 -20.7530715942383 -17.6237747192383 -14.0198539733887 -10.9515869140625 -6.36435089111328 -2.0709228515625 2.2774772644043 6.33525848388672 8.54948806762695 7.79886932373047 5.91940460205079 3.20492172241211 -0.396625518798828 -5.25891799926758 -10.4504272460938 -16.5108543395996 -21.8886260986328 -26.6087097167969 -30.3057830810547 -32.5557121276855 -33.30771484375 -29.9250030517578 -23.922233581543 -16.6084533691406 -8.3112678527832 -1.90065994262694 2.31345138549806 4.5551742553711 8.14128952026367 6.14812850952148 2.40824508666992 1.05952835083008 -1.50328063964844 -8.0791618347168 -10.302001953125 -7.58609695434571 -7.65279083251953 -3.62498016357422 2.29484405517579 7.64970779418945 11.1388946533203 9.95538864135743 3.89093322753907 -2.34576187133788 -11.2187850952148 -16.7450096130371 -22.168977355957 -25.4126945495605 -23.725675201416 -23.8927619934082
-23.3061134338379 -23.1740104675293 -22.6764945983887 -21.1104110717773 -19.539037322998 -16.8948486328125 -13.4963333129883 -9.81341323852538 -5.51094360351563 -0.698207855224609 3.75462493896485 7.13762512207032 9.71684112548829 9.10873718261719 7.4382194519043 4.61539306640626 0.564411926269528 -4.65426635742188 -10.938606262207 -16.9265243530273 -21.9337379455566 -26.2781074523926 -29.609529876709 -31.3946929931641 -30.0114219665527 -25.8043907165527 -18.7104331970215 -10.7286018371582 -2.44289550781249 4.62736358642579 9.63457870483398 14.369686126709 15.5559494018555 14.3630935668945 11.3463272094727 10.2425628662109 3.71366195678711 -3.60521240234375 -6.34890518188476 -2.8786148071289 -2.30110397338866 2.5959976196289 4.66746292114259 15.4498687744141 16.9200126647949 16.6550102233887 13.4151390075684 4.76534805297852 -6.08104248046875 -7.1524787902832 -14.6523780822754 -18.2604072570801 -16.0773132324219 -18.1980934143066
-18.3691398620605 -18.8305847167969 -19.2963134765625 -19.2171195983887 -18.3263160705566 -16.1812042236328 -13.2785461425781 -8.60694808959961 -4.6740234375 -0.576731872558597 3.73995437622071 7.21814041137695 9.63040008544922 9.11987838745118 7.76765518188476 4.59706573486328 -0.000710296630856533 -5.29873352050781 -12.2893737792969 -17.7781364440918 -23.0278694152832 -26.6316780090332 -29.4961639404297 -28.9443710327148 -25.8846717834473 -20.4898635864258 -12.5713317871094 -4.1357322692871 5.27374725341797 12.6220481872559 18.0701904296875 22.2517860412598 23.412939453125 22.4496269226074 19.1497138977051 13.2087463378906 7.49813613891602 -0.0492965698242216 -0.506800079345695 -1.92276382446289 -3.84752960205078 6.47017898559571 13.1595092773438 19.9078475952148 21.747274017334 18.6846206665039 20.8140007019043 13.2109420776367 3.36412353515625 -0.928057098388663 -2.6234764099121 -7.69882354736328 -10.7392105102539 -17.6924919128418
-14.8452774047852 -15.9821434020996 -16.805778503418 -17.2713531494141 -16.8687057495117 -15.4945266723633 -12.968505859375 -9.61513748168944 -5.37670135498047 -1.03002166748047 2.93207321166993 6.08087463378907 8.4410385131836 7.94947357177735 6.18059158325195 2.86827774047852 -1.72532882690429 -7.4255989074707 -13.9159660339355 -19.7384506225586 -24.4370811462402 -27.1306480407715 -27.8797149658203 -26.0606109619141 -21.680632019043 -14.8710739135742 -5.78177490234374 3.54721908569336 13.0783439636231 20.5006690979004 24.9736259460449 29.3425636291504 29.8155395507813 27.6603584289551 23.0692764282227 17.1321006774902 10.943147277832 4.75753784179688 3.94257202148438 0.684376525878903 3.30848922729493 10.4303672790527 12.3742393493652 21.6082489013672 26.2658706665039 25.2417984008789 24.6503776550293 16.801872253418 11.8398132324219 9.61103439331055 5.56564331054688 -2.43127517700195 -6.04366302490234 -14.4976860046387
-11.2206726074219 -12.8623001098633 -14.4290954589844 -15.2101593017578 -15.5485343933105 -14.359839630127 -12.1240715026855 -9.36663818359375 -5.74786834716797 -2.10699768066407 1.41398086547852 4.02884368896484 5.49922256469726 5.45490112304688 3.75813293457031 0.335858154296872 -3.98603744506836 -10.0637420654297 -16.1927734375 -21.0771705627441 -25.1097274780273 -26.548038482666 -25.4629745483398 -22.093773651123 -16.3346221923828 -8.16194686889648 1.61310653686523 11.5039993286133 20.6472984313965 28.2263175964355 33.3822593688965 35.9312271118164 35.9557540893555 33.4277755737305 28.1630523681641 21.0640846252441 14.718579864502 8.12816009521485 6.12557220458984 4.40034103393555 7.06320571899414 14.3989311218262 21.2192527770996 27.0706207275391 30.2979957580566 31.6465576171875 28.1900588989258 23.4420059204102 19.3952880859375 12.8224960327149 11.4779769897461 0.893049621582037 -8.1515495300293 -12.7503273010254
-7.55843353271484 -9.47042617797851 -11.3048034667969 -12.1366966247559 -12.6592803955078 -11.943285369873 -10.7363388061523 -8.72736206054687 -5.91970214843749 -2.87241439819336 -0.171302795410156 1.83810348510742 2.98999633789063 2.96568222045899 0.91604843139649 -2.24686889648437 -6.49030532836913 -12.206957244873 -17.5879692077637 -21.3210319519043 -24.3646049499512 -24.7779899597168 -22.0460548400879 -17.0746185302734 -9.61362380981446 -0.522619628906241 9.86885910034179 19.9950386047363 28.8521766662598 35.3658302307129 40.28994140625 42.4930358886719 41.217733001709 37.8383529663086 32.4393486022949 25.1757736206055 18.5370071411133 12.415771484375 9.06899337768554 9.86653289794923 13.615364074707 19.5670166015625 25.9782569885254 31.4150131225586 34.917960357666 33.0233085632324 30.3521659851074 28.7122978210449 28.6363037109375 23.5101806640625 17.923365020752 10.1722442626953 3.28948287963867 -6.71784591674805
-3.47269134521484 -5.89284362792968 -7.77898788452148 -9.16496658325195 -9.98990173339844 -9.97653579711914 -9.20876159667968 -7.41865921020508 -5.26443634033203 -3.1934211730957 -1.2055679321289 0.636743164062509 1.07720947265625 0.589334106445321 -1.19901809692382 -4.3749412536621 -8.68736190795899 -13.7487167358398 -17.9919990539551 -21.0174873352051 -21.9462265014648 -20.6443206787109 -16.9658477783203 -10.1742401123047 -1.30875778198242 8.73008346557617 19.2454719543457 29.0906120300293 37.3902313232422 43.6379570007324 47.4906211853027 49.2272819519043 48.025658416748 43.7087944030762 37.3640151977539 29.658406829834 22.2568557739258 16.8474815368652 13.3211204528809 12.4501167297363 16.9237403869629 24.452872467041 31.0678863525391 36.6840240478516 38.0793113708496 39.0122177124023 39.4658760070801 37.1480934143066 33.9023162841797 25.5870254516602 21.7345199584961 17.1933532714844 8.38776245117188 0.796589660644528
0.869392395019531 -2.14481353759766 -4.26622314453125 -5.99595108032226 -7.02982635498047 -6.97186965942383 -6.15092391967774 -4.7379898071289 -3.22299041748046 -1.88004608154297 -0.754291534423828 0.122342681884774 0.00790863037109091 -1.18912734985351 -2.12075576782226 -5.32764358520508 -9.15032196044922 -13.5070861816406 -16.5810508728027 -18.4637672424316 -17.4611404418945 -13.795142364502 -8.65073318481446 -0.886449432373041 8.80129699707031 19.1683898925781 29.2738395690918 38.4235847473145 45.9309448242188 51.3811195373535 55.024772644043 55.788956451416 54.0017150878906 49.9696754455566 43.6001670837402 35.8995597839355 28.7062042236328 22.5158683776855 18.3454032897949 16.9807914733887 23.525830078125 30.0781494140625 37.1064552307129 40.8456146240234 44.7260284423828 46.6462181091309 46.91142578125 45.6233924865723 40.5278030395508 32.9107818603516 29.0027328491211 21.5314079284668 7.56839599609376 2.14401397705079
5.00582580566406 2.11349182128906 -0.469495391845697 -2.09859161376953 -2.93484725952148 -3.24608001708984 -2.24565124511719 -1.00136032104491 0.11661071777344 0.793598175048828 0.944355010986328 0.922041320800787 0.296774291992193 -0.982377624511713 -2.85261154174805 -5.42032546997071 -8.56122817993163 -11.1772163391113 -12.8222450256348 -12.4931610107422 -10.3040969848633 -5.34808959960937 2.12621688842773 10.3055030822754 20.1882705688477 30.1774360656738 39.6455703735352 47.817236328125 54.2609725952149 58.9699523925781 61.4401245117188 61.1532218933105 59.0541954040527 54.7192039489746 48.2433448791504 40.7849456787109 33.6508033752441 27.7992500305176 24.593138885498 24.9919570922852 29.8614715576172 36.2186706542969 42.6899871826172 48.0517082214355 51.3156776428223 53.4634223937988 53.4053817749024 52.6352241516113 46.3107650756836 39.4544830322266 34.2360427856445 26.8420944213867 15.0033195495605 2.31739883422851
8.50366439819337 5.6727165222168 3.27571868896484 1.72479858398438 1.28780441284179 1.25168991088867 2.0899658203125 3.1369026184082 4.10257568359376 4.02132949829102 3.84163360595703 3.54614334106445 2.83741073608398 1.86284866333008 -0.751844024658197 -2.6460479736328 -5.23677062988281 -6.44638519287109 -6.60333404541015 -4.7567268371582 -0.5404052734375 5.49051055908204 13.9017074584961 22.9890167236328 32.5101440429687 41.5520866394043 49.5496383666992 56.550749206543 61.6936660766602 65.2691402435303 66.7926647186279 65.9538158416748 63.0732421875 58.2409088134766 51.7747970581055 44.3336662292481 36.9938369750977 31.3465309143066 28.6618667602539 29.3183837890625 34.6665618896484 40.7649467468262 47.4878089904785 52.2826972961426 56.6850631713867 58.7911933898926 59.1685737609863 56.3200859069824 52.0674224853516 44.0525856018066 38.722762298584 30.6408561706543 19.5376564025879 8.79496841430664
10.6857131958008 7.91034088134766 5.97497634887695 4.97668380737305 5.06625289916992 5.67738876342774 6.18822174072265 7.06244201660157 7.86768035888672 7.96670761108399 8.08292160034181 8.15133972167969 7.68688888549805 6.24552078247071 4.33249359130859 2.50625839233399 1.10279083251953 0.818666839599615 2.03232498168946 5.01211395263672 10.2801948547363 17.5512367248535 26.1223358154297 34.925072479248 43.7017097473145 51.7744026184082 58.3823104858399 63.9256198883057 67.8493927001953 70.2752277374268 71.1482776641846 69.4993980407715 65.8824047088623 60.6925361633301 54.0458152770996 46.442414855957 39.0765823364258 33.6136848449707 31.4039024353027 32.4810188293457 37.3724411010742 43.5292167663574 50.6414657592774 55.9420394897461 60.3207054138184 62.7528518676758 62.7818397521973 60.8451988220215 55.2831916809082 49.8403160095215 41.8929023742676 31.8661109924316 22.6479804992676 11.3903770446777
12.737158203125 9.92883682250977 8.27505035400391 7.78774414062501 7.75146789550782 8.52189712524414 9.54455871582032 10.4516159057617 11.5580513000488 12.5382942199707 13.2290748596191 13.852042388916 13.4894836425781 12.6107490539551 11.7535743713379 10.1051040649414 9.67850570678711 10.5640380859375 12.7597183227539 16.7932548522949 22.3891807556152 29.7089553833008 38.0439384460449 46.2516052246094 53.9154167175293 60.5639427185059 66.0152786254883 70.0971961975098 72.8980159759521 74.5655361175537 74.1528457641602 72.2287242889404 68.431974029541 62.6915176391602 55.3635696411133 47.0896270751953 39.5109611511231 34.0876091003418 30.3644088745117 33.9419486999512 39.2114151000977 45.9286987304688 52.7784576416016 58.6704193115234 62.7928153991699 64.991626739502 64.9281448364258 63.0950553894043 58.5460670471191 52.4385971069336 43.8423301696777 33.5388229370117 24.0336334228516 14.2677635192871
13.8391868591309 11.6905494689941 10.4149307250977 9.80513687133789 10.0397209167481 10.8616592407227 12.2384857177734 13.7701385498047 15.6406341552734 17.1565719604492 18.4562698364258 19.5365814208984 20.2347412109375 19.9144515991211 19.5264488220215 18.6741546630859 18.675910949707 20.4814674377441 23.3685203552246 28.3013282775879 34.438549041748 41.5290748596191 49.0182586669922 55.9807540893555 62.4005016326904 67.6745208740234 71.8499740600586 75.1037113189697 76.9857196807861 77.5745254516602 76.5578063964844 74.1760929107666 70.2039577484131 64.0017166137695 55.8237464904785 46.7517723083496 38.4894844055176 32.8401428222656 31.320076751709 33.575520324707 39.6016555786133 47.0361358642578 53.8776016235352 59.5124160766602 63.4345191955566 65.5619148254395 65.5482658386231 63.7197799682617 59.7419921875 53.4352111816406 43.9732536315918 34.0653610229492 25.0936187744141 15.8101005554199
14.5153038024902 12.6174964904785 11.6397811889648 11.2808776855469 11.7544097900391 12.8002265930176 14.5116645812988 16.4957939147949 18.7092353820801 21.2810668945312 23.1203353881836 24.6165679931641 25.6952507019043 26.359432220459 26.8920394897461 26.9107872009277 27.7087013244629 29.7724052429199 33.2073661804199 38.5015258789062 44.8657432556152 51.6538764953613 58.4333358764649 64.373556137085 69.7204681396484 73.7134716033936 76.8058097839355 78.8819469451904 79.9577198028564 79.9474338531494 78.5953048706055 75.7887729644775 71.3145034790039 64.5763748168945 56.0445655822754 46.5962776184082 37.9761077880859 32.1097328186035 30.6409378051758 33.692903137207 39.8233467102051 47.2369186401367 54.2470321655273 59.8765487670898 63.5571578979492 65.5807365417481 65.4683204650879 63.5409904479981 59.3260566711426 53.0060501098633 44.168049621582 35.1083404541016 25.3200386047363 17.1407020568848
14.4869720458984 12.6788383483887 12.1920761108398 12.5628456115723 13.2209594726562 14.6186248779297 16.6464080810547 18.8318237304688 21.4088279724121 24.035368347168 26.8403388977051 28.6601287841797 29.9961578369141 31.4669929504395 32.3940773010254 33.3064018249512 34.9144302368164 37.4398590087891 41.3619003295898 46.9641067504883 53.3410667419434 60.0467727661133 65.894314956665 70.856644821167 74.9536136627197 78.1236740112305 80.3382242202759 81.670986366272 82.215936088562 81.7236770629883 79.9768527984619 76.7051792144775 71.6076084136963 64.444499206543 54.9516441345215 44.7574554443359 35.4275398254395 29.3094024658203 27.9705383300781 31.4389915466309 37.9803367614746 45.6330856323242 52.8207641601563 58.6764770507813 62.5203468322754 64.4140480041504 64.2558486938477 62.4036437988281 58.135799407959 51.7449333190918 43.4992179870605 34.2684555053711 25.6827178955078 18.2628189086914
14.1411827087402 13.1007316589355 12.5696418762207 13.4110740661621 14.4766845703125 16.2609649658203 18.4057693481445 20.7862037658691 23.4720573425293 26.1750350952149 28.9402488708496 31.4388214111328 33.1534019470215 34.5197235107422 35.7080230712891 37.331470489502 39.5315269470215 43.1143585205078 47.5909912109375 53.0632568359375 59.5960525512695 65.6804401397705 70.8946506500244 75.1941566467285 78.5271869659424 80.9773923873901 82.6818508148193 83.6888866424561 83.7799726486206 82.8717685699463 80.7405027389526 77.0914852142334 71.6430847167969 63.8646865844727 54.088663482666 43.5014373779297 33.9912887573242 27.7295616149902 26.2962585449219 29.7147605895996 36.2940765380859 44.0139701843262 51.0641845703125 56.9102676391602 60.7457504272461 62.6053047180176 62.5699234008789 60.5512367248535 56.3506050109863 50.1457633972168 42.4890953063965 34.2857040405273 27.2510452270508 23.4044967651367
15.0291061401367 13.8337791442871 14.3794998168945 14.5634346008301 15.5983177185059 17.3844261169434 19.6002723693848 21.9296310424805 24.5492294311523 27.3117286682129 29.9399963378906 32.3730628967285 34.5569755554199 36.1248756408691 37.4300827026367 39.3021575927734 42.5573852539062 46.7241737365723 52.1915740966797 58.0313102722168 63.8380081176758 69.3436676025391 74.0842990875244 77.9850803375244 80.8998626708984 83.059920501709 84.4398988723755 85.0225015640259 84.5737586975098 83.3354097366333 80.9729373931885 77.037822341919 71.2604740142822 63.5785247802734 53.7750877380371 43.3308853149414 33.8926284790039 27.7596046447754 26.3588928222656 29.2983322143555 35.3482192993164 42.2936096191406 49.1521621704102 54.5778656005859 58.3672180175781 60.126628112793 60.5577484130859 58.6048690795898 54.877522277832 49.168994140625 42.6546104431152 35.8150360107422 30.6233680725098 28.2092163085938
15.7140983581543 15.6479591369629 16.3140060424805 16.6137573242188 17.3196472167969 18.6244972229004 20.4422592163086 22.5714797973633 24.9179397583008 27.3759521484375 29.7883811950684 31.9101348876953 33.8555389404297 35.6279403686523 37.4062683105469 39.7702606201172 43.4146240234375 48.2573844909668 54.0559265136719 60.5035614013672 66.640051651001 71.9584671020508 76.34270362854 79.8676858901978 82.478563117981 84.3165393829346 85.2077875137329 85.4509887695312 84.8146404266357 83.2907796859741 80.7208389282227 76.6125026702881 70.6804149627686 63.1667625427246 53.6865295410156 43.747925567627 34.9863510131836 29.1213134765625 27.5620964050293 29.5065856933594 34.6361930847168 40.954566192627 47.1245552062988 52.259358215332 55.7567108154297 57.8736068725586 58.0161964416504 56.8092414855957 53.6208129882813 49.1480422973633 44.1721420288086 39.472811126709 36.2892448425293 35.7492080688477
17.6259338378906 17.8917869567871 18.3303123474121 19.0081687927246 19.8256683349609 20.7284896850586 21.6629531860352 23.3201965332031 25.3462615966797 27.368904876709 29.1111282348633 30.7415679931641 32.3259155273438 33.8246536254883 35.7417259216309 38.4652381896973 42.3259582519531 47.8956352233887 54.4578704833984 61.3223167419434 67.790795135498 73.1955825805664 77.4335933685303 80.6409729003906 82.9864112854004 84.3766304016113 85.2041744232178 85.2561407089233 84.559192276001 82.6497274398804 79.8020431518555 75.4325355529785 69.5099468231201 61.9823097229004 53.4272613525391 44.0281311035156 36.4797241210938 31.1613914489746 29.087239074707 30.5312942504883 34.4886161804199 39.7138481140137 44.8859878540039 49.3541938781738 52.5959838867188 55.0500762939453 55.4747581481934 54.735880279541 53.053141784668 50.2250144958496 47.1534729003906 44.5399528503418 43.3989128112793 44.4474220275879
20.3714973449707 20.9296798706055 21.8247146606445 22.4966735839844 22.8842292785645 23.2428741455078 23.7837287902832 24.8390319824219 26.2838516235352 27.5963264465332 28.3560340881348 29.4102188110352 30.3351524353027 31.2646377563477 33.0205986022949 35.5271705627441 39.7668991088867 45.9534820556641 53.3159393310547 60.4894149780273 67.1892490386963 72.7883209228516 77.0457901000977 80.1272920608521 82.3593994140625 83.8416006088257 84.5518030166626 84.3164817810059 83.3801828384399 81.3105205535889 78.1728126525879 73.7588291168213 67.8726020812988 60.7629135131836 52.8462928771973 44.4632186889648 37.5202461242676 32.6959289550781 30.5902870178223 31.2440361022949 34.211693572998 38.1907211303711 42.3543334960938 46.0863273620605 49.6650085449219 52.1236854553223 52.9986885070801 53.276229095459 52.8307769775391 52.1507843017578 50.9371620178223 50.3731575012207 51.0573974609375 53.4197151184082
24.7306793212891 26.0165649414063 26.7778114318848 27.6659591674805 27.4218971252441 27.0877998352051 26.8638366699219 27.3931526184082 27.8178230285645 27.8291557312012 28.2098052978516 28.491487121582 28.7695945739746 29.1866973876953 30.4381622314453 32.7734275817871 37.2495712280273 43.5800140380859 51.0756607055664 58.6650428771973 65.577225112915 71.1252746582031 75.432353591919 78.5371868133545 80.754093170166 82.3426525115967 82.8763181686401 82.5397554397583 81.509143447876 79.2372394561768 75.9180294036865 71.2889591217041 65.659366607666 58.9115013122559 51.590699005127 44.6504035949707 38.3192649841309 33.5394195556641 31.3732437133789 31.6914993286133 33.7476661682129 36.6174545288086 39.7118583679199 43.4958023071289 46.4612380981445 49.1493667602539 51.1302032470703 52.324732208252 52.8549285888672 54.042977142334 55.091194152832 56.0002700805664 58.1219123840332 61.4605430603027
29.7777603149414 31.5819961547852 32.6523109436035 33.0823165893555 32.6177619934082 31.8219833374023 31.0568473815918 30.753254699707 30.4843276977539 29.629451751709 29.2746315002441 28.9315773010254 28.5013999938965 28.4290809631348 29.197705078125 31.1177055358887 35.2300117492676 41.4220817565918 48.9156730651855 56.4682685852051 63.169083404541 68.8380264282227 72.9304531097412 75.8746536254883 78.1431251525879 79.6373119354248 80.0281623840332 79.5418933868408 78.2528133392334 76.0651439666748 73.0405281066895 68.5268474578858 62.7606559753418 56.3833724975586 49.8499710083008 43.904524230957 38.6367630004883 34.2927627563477 32.2184356689453 32.003125 33.2751220703125 35.5624534606934 38.4204650878906 40.9940673828125 43.9029121398926 46.8413124084473 49.7060913085938 51.9840599060059 53.5752098083496 55.7304626464844 58.4559371948242 60.73427734375 63.8611709594727 67.7177764892578
