indici/fabbisogno08.asc
NCOLS 177 
NROWS 174 
XLLCORNER 1436301.375 
YLLCORNER 4916704.5 
CELLSIZE 1500 
NODATA_value -9999 
[rows 100 to 119 of 174, columns 0 to 43 of 177]
-92.2658386230469 -90.5742263793945 -88.8970794677734 -87.2546539306641 -85.8677978515625 -84.4884033203125 -83.118293762207 -82.1665802001953 -81.3037185668945 -80.4401779174805 -79.9711685180664 -79.8547897338867 -79.7321853637695 -79.7360153198242 -80.1465911865234 -80.5568542480469 -80.9673156738281 -82.4924468994141 -84.0921020507812 -85.7190933227539 -87.3058090209961 -88.8738479614258 -90.4494934082031 -90.9860534667969 -89.736946105957 -88.4917907714844 -87.1998825073242 -85.3545532226562 -83.5022048950195 -81.641960144043 19.3657241821289 19.8791664123535 20.4055252075195 20.8561317443848 21.3344146728516 21.3790939331055 21.1390602111816 19.5383796691895 17.7832733154297 16.1894889831543 13.5092796325684 10.7896438598633 8.03604736328126 5.53383712768554
-90.0508804321289 -88.5210494995117 -86.9964599609375 -85.5119552612305 -84.3227157592773 -83.1419372558594 -81.9710998535156 -81.2789154052734 -80.6808319091797 -80.0732574462891 -79.7449111938477 -79.6591186523438 -79.5699462890625 -79.5694122314453 -79.8437042236328 -80.1205368041992 -80.3995132446289 -81.4958190917969 -82.6441955566406 -83.8171234130859 -84.9287567138672 -86.0116348266602 -87.1010131835938 -87.382209777832 -86.300163269043 -85.2205657958984 -84.1071243286133 -82.6183547973633 19.6519645690918 20.7743560791016 21.2258995056152 21.5322631835938 21.8363441467285 22.0325874328613 22.390950012207 22.3966911315918 22.0578903198242 20.7227806091309 19.1492691040039 17.6035835266113 14.9798263549805 12.3343757629395 9.67367248535156 7.24983825683594
-87.8558349609375 -86.4787445068359 -85.1054229736328 -83.7809143066406 -82.7904281616211 -81.8063659667969 -80.8297119140625 -80.3932647705078 -80.0565795898438 -79.7086563110352 -79.5211181640625 -79.4695053100586 -79.4207916259766 -79.4207458496094 -79.5658416748047 -79.7129287719727 -79.86181640625 -80.5268936157227 -81.2247543334961 -81.9429321289062 -82.5784912109375 -83.1753845214844 19.3145935058594 18.8518333435059 -82.8704299926758 -81.9508590698242 -81.0128707885742 -79.8761672973633 22.0945472717285 22.8879196166992 23.0992919921875 23.1813705444336 23.2598175048828 23.1923095703125 23.3587501525879 23.3534645080566 23.0319221496582 21.7852752685547 20.5343902587891 19.0509101867676 16.436644744873 13.9074737548828 11.3145736694336 8.9579330444336
-85.6724014282227 -84.4435348510742 -83.2210464477539 -82.0582504272461 -81.2673416137695 -80.4788436889648 -79.6932067871094 -79.5102844238281 -79.4326782226562 -79.3469085693359 -79.2993621826172 -79.2847366333008 -79.2822875976562 -79.2865447998047 -79.3088836669922 -79.3299026489258 -79.3506393432617 -79.5826416015625 24.6928382873535 24.1100799560547 23.6325706481934 23.1688850402832 22.7241363525391 22.609211730957 -79.4479141235352 -78.6826248168945 -77.9167327880859 -77.1271133422852 -76.3273544311523 24.8880584716797 24.9841011047363 24.8089042663574 24.6596267700195 24.4079750061035 24.1713272094727 24.2865325927734 23.9198989868164 22.8893608093262 21.7856224060059 20.5448104858398 17.9228042602539 15.4126029968262 12.9096733093262 10.5830230712891
-83.7466430664062 -82.7197723388672 -81.7009124755859 -80.751838684082 -80.2071685791016 -79.6598892211914 -79.1102752685547 -79.0689239501953 -79.1127471923828 -79.1538467407227 -79.1547775268555 -79.1254959106445 -79.1186676025391 -79.0984115600586 -79.0360260009766 -78.968376159668 -78.8978805541992 -78.9863662719727 25.5496467590332 25.1257179260254 24.8116630554199 24.5475448608398 24.3807739257813 24.3734008789063 24.6852561950684 -77.1756744384766 -76.5135192871094 -75.9537582397461 25.489030456543 25.6569129943848 25.5158920288086 25.3238784790039 25.0486839294434 24.7672180175781 24.4988288879395 24.1963676452637 24.0797775268555 23.2905288696289 22.3733291625977 21.2539138793945 18.6834892272949 16.3521369934082 14.0622749328613 11.8390258789063
-81.8469543457031 -81.0224838256836 -80.2058715820312 -79.4704895019531 -79.1723709106445 -78.8708648681641 -78.5659255981445 -78.6614303588867 -78.8208312988281 -78.9839782714844 -79.028450012207 -78.9839782714844 -78.9672393798828 -78.9176864624023 -78.7754745483398 -78.6263122558594 -78.4732894897461 -78.4695281982422 26.2911682128906 25.9448989868164 25.7450241088867 25.6535026550293 25.6224884033203 25.587979888916 25.816520690918 26.0098182678223 -75.5052185058594 -75.1532897949219 26.1247718811035 26.0664108276367 25.8452598571777 25.5767189025879 25.3337707519531 25.0256912231445 24.4317100524902 23.921728515625 23.9676490783691 23.4148498535156 22.832152557373 21.774195098877 19.5945434570312 17.1805244445801 15.0411582946777 12.9538284301758
-79.9929046630859 -79.3662414550781 -78.7401657104492 -78.2056350708008 -78.1399917602539 -78.0782241821289 -78.0197067260742 -78.2516860961914 -78.5318222045898 -78.8331146240234 -78.9354934692383 -78.8926544189453 -78.8692855834961 -78.791618347168 -78.5717697143555 -78.350341796875 -78.128288269043 27.2412612915039 26.9420333862305 26.659782409668 26.5922882080078 26.6438858032227 26.7108047485352 26.7969169616699 27.0094665527344 27.1253135681152 -74.5361251831055 27.01845703125 26.7561424255371 26.5469665527344 26.2105827331543 25.8928413391113 25.5334022521973 25.1879615783691 24.4040283203125 24.0055793762207 24.1202766418457 23.4926803588867 22.9808265686035 22.3666511535645 20.1336875915527 17.9805503845215 16.0596145629883 14.0936553955078
-78.6868286132812 -78.2403717041016 -77.7875137329102 -77.4110794067383 -77.4112243652344 -77.4274749755859 -77.4579772949219 -77.7220611572266 -78.0308074951172 -78.380256652832 -78.5007629394531 -78.4579696655273 -78.4262771606445 -78.3288421630859 -78.0669479370117 -77.8080749511719 -77.5508193969727 28.038298034668 27.8618469238281 27.6242622375488 27.605916595459 27.6600685119629 27.8539321899414 27.9585609436035 28.0497222900391 28.0791137695312 28.0154602050781 27.6721633911133 27.2799011230469 26.898770904541 26.4983253479004 26.1345985412598 25.6884483337402 25.3037910461426 24.8500564575195 24.463606262207 24.2177612304688 23.6185768127441 23.229956817627 22.5938194274902 20.6318717956543 18.6832725524902 17.0156776428223 15.1946212768555
-77.6648178100586 -77.4015350341797 -77.1242294311523 -76.8893890380859 -76.8648986816406 -76.8642501831055 -76.8840408325195 -77.1096420288086 -77.3797149658203 -77.707145690918 -77.8102493286133 -77.7583770751953 -77.7090835571289 -77.5913772583008 -77.3097305297852 -77.0366897583008 -76.7682876586914 29.0027145385742 28.9531372070312 28.805126953125 28.8050086975098 28.7562591552734 28.9174041748047 28.9876312255859 28.8866195678711 28.7822128295899 28.5805320739746 28.1473281860352 27.6708740234375 27.147541809082 26.7065124511719 26.2726936340332 25.7722793579102 25.4159507751465 24.9661720275879 24.5918487548828 24.1826309204102 23.7171905517578 23.3339920043945 22.7804466247559 21.3781265258789 19.3090080261231 17.8247573852539 16.2177383422852
-76.6994476318359 -76.6123886108398 -76.5093841552734 -76.4124526977539 -76.3634338378906 -76.3501052856445 -76.3662719726562 -76.5598220825195 -76.7964706420898 -77.1008071899414 -77.1856536865234 -77.1236724853516 -77.0529251098633 -76.9111404418945 -76.6060180664062 -76.3076400756836 -76.0127563476562 -75.6767959594727 29.9925262451172 30.0222885131836 29.9274940490723 29.8693733215332 29.9603286743164 29.9246078491211 29.6964179992676 29.4678848266602 29.1768730163574 28.5837287902832 27.9958557128906 27.4140335083008 26.9163513183594 26.4740669250488 25.976847076416 25.4885284423828 25.1649963378906 24.7481254577637 24.2892723083496 23.7244018554688 23.5517707824707 23.0022888183594 21.8451225280762 20.5829177856445 18.8592575073242 17.2200965881348
-76.0576629638672 -76.0756607055664 -76.0797271728516 -76.064094543457 -75.9801483154297 -75.9448699951172 -75.9485549926758 -76.0876083374023 -76.2691192626953 -76.5292663574219 -76.5764007568359 -76.4859466552734 -76.3760223388672 -76.1989669799805 -75.8714599609375 -75.5475692749023 -75.2245178222656 -74.8012237548828 31.1116271972656 31.195231628418 31.0455192565918 30.9880378723145 31.1557884216309 30.9688468933106 30.5302452087402 30.2113296508789 29.8411094665527 29.1763961791992 28.5219512939453 27.7661079406738 27.2063995361328 26.6795448303223 26.2312202453613 25.7506477355957 25.4016792297363 24.9010200500488 24.4848831176758 23.9766403198242 23.8301940917969 23.2934394836426 22.4579933166504 21.342813873291 20.2033576965332 18.4059951782227
-76.0756225585938 -76.0748901367188 -76.058219909668 -76.0151214599609 -75.883056640625 -75.8124694824219 -75.7894058227539 -75.8198623657227 -75.8881683349609 -76.0444717407227 -75.9936370849609 -75.8133239746094 -75.6014938354492 -75.3454437255859 -74.9939270019531 -74.6428527832031 -74.2900695800781 -73.8203277587891 32.2082458496094 32.3066787719727 32.2648170471191 32.270255279541 32.3308990478516 32.1410102844238 31.6028366088867 31.1016151428223 30.6519813537598 29.8764785766602 29.0724281311035 28.2501953125 27.6743453979492 27.1460563659668 26.5572868347168 26.122061920166 25.7851043701172 25.3884307861328 25.0938659667969 24.7484092712402 24.4011413574219 24.4633506774902 23.7295845031738 22.9518608093262 22.1190032958984 20.9569610595703
-76.147102355957 -76.1296310424805 -76.1027908325195 -76.0432586669922 -75.8742904663086 -75.7706451416016 -75.7160110473633 -75.6316604614258 -75.579963684082 -75.6190567016602 -75.4574432373047 -75.1745986938477 -74.8521423339844 -74.5099334716797 -74.1263427734375 -73.7320251464844 -73.3297500610352 -72.7944869995117 33.3891716003418 33.6136756896973 33.5480377197266 33.5699081420898 33.5887619018555 33.3230560302734 32.6272285461426 32.0284423828125 31.495002746582 30.6079872131348 29.701838684082 28.75986328125 28.1216972351074 27.5711006164551 26.9848747253418 26.5646827697754 26.2616477966309 25.9767639160156 25.7257774353027 25.4987167358398 25.2574935913086 25.2469841003418 25.0603019714355 24.5935661315918 24.0602096557617 23.2393692016602
-76.2460174560547 -76.2141189575195 -76.1845397949219 -76.1163330078125 -75.9190673828125 -75.7856369018555 -75.6984100341797 -75.4965744018555 -75.3219223022461 -75.2358703613281 -74.9554214477539 -74.5614166259766 -74.1222610473633 -73.6888961791992 -73.2668914794922 -72.8155288696289 -72.3462066650391 -71.7276382446289 34.7965942382813 34.9770042419434 34.9726043701172 34.8930770874023 34.9439445495606 34.521329498291 33.7329216003418 33.0661224365234 32.4202987670898 31.3575805664063 30.3434379577637 29.2306098937988 28.5939888000488 28.0504058837891 27.393416595459 27.0093208312988 26.7896987915039 26.5653869628906 26.3378761291504 26.287532043457 26.2428726196289 26.2332633972168 26.2075531005859 26.1531433105469 25.9610374450684 25.3949203491211
-76.594482421875 -76.5504302978516 -76.5205917358398 -76.4416961669922 -76.2030410766602 -76.0269012451172 -75.8944854736328 -75.522575378418 -75.1723175048828 -74.9094467163086 -74.4722213745117 -73.9366760253906 -73.3508682250977 -72.8072128295898 -72.3449401855469 -71.8343200683594 -71.3022003173828 -70.7743377685547 -70.2275619506836 35.8994956970215 35.829475402832 35.6959167480469 35.6749572753906 35.2016128540039 34.4848075866699 33.9104034423828 33.2741729736328 32.2296073913574 31.2142738342285 30.2173492431641 29.7590476989746 29.3215721130371 28.7659591674805 28.5124305725098 28.3579193115234 28.1383193969727 28.0437080383301 28.1789337158203 28.3326210021973 28.542537689209 28.6074203491211 29.0611236572266 29.1020126342773 28.8735153198242
-76.9489974975586 -76.8992614746094 -76.8705139160156 -76.780632019043 -76.5006332397461 -76.2808151245117 -76.1016845703125 -75.5529632568359 -75.0211029052734 -74.5733947753906 -73.9726409912109 -73.2886657714844 -72.5491180419922 -71.8906021118164 -71.3843841552734 -70.8151397705078 -70.2261505126953 -69.8204727172852 -69.4033737182617 36.6765983581543 36.5720252990723 36.3547752380371 36.286937713623 35.9035079956055 35.1877876281738 34.7253921508789 34.1724281311035 33.2166625976563 32.3361564636231 31.4812980651856 31.0927833557129 30.8426582336426 30.4813919067383 30.2799926757813 30.1908126831055 30.149471282959 30.1415092468262 30.5039352416992 30.8225662231445 31.208952331543 31.5413635253906 31.7799766540527 32.5898002624512 32.744474029541
-77.3130035400391 -77.2664794921875 -77.2363052368164 -77.130729675293 -76.8053894042969 -76.5355606079102 -76.3019714355469 -75.5662841796875 -74.8430328369141 -74.1966857910156 -73.4188461303711 -72.5719528198242 -71.6644744873047 -70.8781433105469 -70.3132629394531 -69.6877593994141 -69.0545196533203 -68.7814483642578 -68.4938583374023 37.6978759765625 37.4994285583496 37.291773223877 37.1341949462891 36.8142181396484 36.2091430664063 35.7855690002441 35.384449005127 34.4729034423828 33.6329948425293 32.8930793762207 32.6756309509277 32.5314430236816 32.2408897399902 32.1046203613281 32.2038322448731 32.1860038757324 32.2470901489258 32.7595909118652 33.3237854003906 33.8583465576172 34.4248947143555 34.9975379943848 35.6036834716797 36.229475402832
-77.8578338623047 -77.8420715332031 -77.8370971679688 -77.7267532348633 -77.3292465209961 -76.9831924438477 -76.6698226928711 -75.8101119995117 -74.9620361328125 -74.1819686889648 -73.2434539794922 -72.2247619628906 -71.1414337158203 -70.2364730834961 -69.6482772827148 -69.0011367797852 -68.3551635742188 -68.1635055541992 -67.9553680419922 38.3281326293945 38.1696212768555 38.0516441345215 37.8425178527832 37.6239799499512 37.1605491638184 36.8388534545899 36.5830268859863 35.9571006774902 35.4178131103516 34.9005126953125 34.7727409362793 34.8073051452637 34.8064819335938 34.8519577026367 34.9651298522949 35.038648223877 35.2576606750488 35.799144744873 36.3895866394043 37.0083740234375 37.6395599365234 38.3704246520996 39.0025444030762 39.7598640441895
-78.4964141845703 -78.5303115844727 -78.5701522827148 -78.465202331543 -77.9850158691406 -77.5513076782227 -77.1461563110352 -76.2102355957031 -75.2892074584961 -74.4292297363281 -73.3493194580078 -72.161003112793 -70.9038162231445 -69.8970794677734 -69.3234405517578 -68.693359375 -68.0707855224609 -67.9245758056641 -67.7585983276367 -67.5643005371094 38.6293525695801 38.5041679382324 38.3900588989258 38.1788703918457 37.9738693237305 37.8297416687012 37.789673614502 37.6099967956543 37.3524429321289 37.2841705322266 37.5769691467285 37.8517303466797 38.1099624633789 38.3208221435547 38.725846862793 39.0177192687988 39.3215934753418 39.751872253418 40.2675277709961 40.7976341247559 41.2915351867676 41.8633827209473 42.5174606323242 43.0273323059082
-79.0296630859375 -79.102165222168 -79.1861343383789 -79.0843048095703 -78.5215606689453 -78.0036849975586 -77.512336730957 -76.5060424804688 -75.5153274536133 -74.5748443603516 -73.3516006469727 -71.9933013916016 -70.5726776123047 -69.4769973754883 -68.9279022216797 -68.3137435913086 -67.7094116210938 -67.6031875610352 -67.4690093994141 -67.2956237792969 -67.091667175293 39.1300941467285 39.0841789245605 38.9760841369629 38.9597648620606 39.0033996582031 39.0701629638672 39.291822052002 39.5146385192871 39.7638862609863 40.3505699157715 40.9507843017578 41.3801940917969 41.8719009399414 42.351545715332 42.9219444274902 43.4017646789551 43.736026763916 44.0871505737305 44.4079010009766 44.9363632202148 45.3596115112305 45.7733055114746 46.1855598449707
