indici/fabbisogno12.asc
NCOLS 177 
NROWS 174 
XLLCORNER 1436301.375 
YLLCORNER 4916704.5 
CELLSIZE 1500 
NODATA_value -9999 
[rows 100 to 119 of 174, columns 132 to 175 of 177]
-82.5462417602539 -82.5569458007812 -82.5731353759766 -82.498161315918 -82.3276596069336 -82.1110229492188 -81.9595260620117 -82.1076507568359 -82.2585067749023 -82.4118728637695 -82.5408630371094 -82.662712097168 -82.768928527832 -83.0067291259766 -83.3239135742188 -83.56591796875 -83.8874740600586 -84.3899383544922 -84.8698883056641 -85.3218154907227 -85.4304809570312 -85.5634765625 -85.7469024658203 -85.7277526855469 -85.6406326293945 -85.6187591552734 -85.8326263427734 -86.3470077514648 -86.8780059814453 -87.5011520385742 -88.7040557861328 -89.9001235961914 -91.0892181396484 -93.6035842895508 -96.3369979858398 -99.0261459350586 -101.454612731934 -103.655853271484 -105.786567687988 -107.121704101562 -106.251190185547 -105.372787475586 -104.487449645996 -101.92204284668
-81.8345413208008 -81.8805770874023 -81.9310150146484 -81.9123916625977 -81.8147811889648 -81.6819000244141 -81.5965270996094 -81.7694549560547 -81.9444198608398 -82.1212463378906 -82.2780609130859 -82.4233551025391 -82.5363311767578 -82.6857757568359 -82.8554229736328 -82.9522247314453 -83.0492553710938 -83.1603622436523 -83.2716827392578 -83.3755569458008 -83.2572860717773 -83.1549987792969 -83.0945739746094 -83.001579284668 -82.9003753662109 -82.8514022827148 -82.9439315795898 -83.2367553710938 -83.5475921630859 -83.9160842895508 -84.7513122558594 -85.5753631591797 -86.3893356323242 -88.5151519775391 -90.9153366088867 -93.2739791870117 -95.2618942260742 -96.8970108032227 -98.4768905639648 -99.4569702148438 -98.4985580444336 -97.5415496826172 -96.5843124389648 -94.5951232910156
-81.1083526611328 -81.1825103759766 -81.2650604248047 -81.2991409301758 -81.2727355957031 -81.2248916625977 -81.2109451293945 -81.4111328125 -81.6117095947266 -81.8125762939453 -81.9976501464844 -82.167350769043 -82.2739181518555 -82.3246612548828 -82.3194732666016 -82.2412261962891 -82.0935516357422 -81.7935638427734 -81.5167007446289 -81.2482223510742 -80.9405517578125 -80.6542892456055 -80.4124526977539 -80.2295608520508 -80.0693893432617 -79.9422454833984 -79.8993377685547 -80.00146484375 -80.1285629272461 -80.302848815918 -80.9413681030273 -81.5848693847656 -82.2350616455078 -83.9780120849609 -85.987548828125 -87.9505844116211 -89.5642013549805 -90.8237457275391 -92.0571823120117 -92.8989868164062 -92.2209625244141 -91.5783004760742 -90.9690475463867 -89.7784042358398
-80.0688629150391 -80.1619491577148 -80.2674942016602 -80.3373336791992 -80.3579177856445 -80.369255065918 -80.3997573852539 -80.5697555541992 -80.7361373901367 -80.8985595703125 -81.1234664916992 -81.3478927612305 -81.5005340576172 -81.4086685180664 -81.0900192260742 -80.7060928344727 -80.2415313720703 -79.5720672607422 -78.9460678100586 -78.3455047607422 -78.0676498413086 -77.8244323730469 -77.6126174926758 -77.3511199951172 -77.0556793212891 -76.779899597168 -76.5927047729492 -76.5777206420898 -76.588752746582 -76.640022277832 -77.2613143920898 -77.8840866088867 -78.5095596313477 -79.847900390625 -81.3866653442383 -82.8821716308594 -84.1144409179688 -85.0537109375 -85.9795684814453 -86.6774826049805 -86.3208923339844 -86.0051193237305 -85.7290191650391 -85.2442321777344
-78.9207305908203 -79.0410385131836 -79.177848815918 -79.2892456054688 -79.3622207641602 -79.4369430541992 -79.5205078125 -79.662467956543 -79.7997970581055 -79.9320449829102 -80.2049102783203 -80.497688293457 -80.7025451660156 -80.4906692504883 -79.8644409179688 -79.1851501464844 -78.4195251464844 -77.3946685791016 -76.4211273193359 -75.4824829101562 -75.2077026367188 -75.0028686523438 -74.8202133178711 -74.4879608154297 -74.0573501586914 -73.6397399902344 -73.3144302368164 -73.1908187866211 -73.0926971435547 -73.0220336914062 -73.6329727172852 -74.2458343505859 -74.8628692626953 -75.8400192260742 -76.9251480102539 -77.9594650268555 -78.8074645996094 -79.4254684448242 -80.0306243896484 -80.5315017700195 -80.4821624755859 -80.4735488891602 -80.5073547363281 -80.6810531616211
-77.7545166015625 -77.9012985229492 -78.0669631958008 -78.2167205810547 -78.3399658203125 -78.4703979492188 -78.6028518676758 -78.7089385986328 -78.8123779296875 -78.9130554199219 -79.2279891967773 -79.5908432006836 -79.8608551025391 -79.5587997436523 -78.636474609375 -77.6770172119141 -76.6289215087891 -75.2627029418945 -73.9420852661133 -72.6572799682617 -72.3581924438477 -72.1869430541992 -72.0321426391602 -71.6367416381836 -71.0699615478516 -70.5495376586914 -70.1443328857422 -69.9811706542969 -69.8522262573242 -69.7435989379883 -70.4138641357422 -71.0887222290039 -71.7703552246094 -72.5767288208008 -73.4385147094727 -74.2724609375 -74.9897079467773 -75.5278701782227 -76.072883605957 -76.5896911621094 -76.8499526977539 -77.1304931640625 -77.4359664916992 -77.9746856689453
-76.5758743286133 -76.6442565917969 -76.7235717773438 -76.7895050048828 -76.8402404785156 -76.8935317993164 -76.942138671875 -76.960693359375 -76.9764175415039 -76.989875793457 -77.3012847900391 -77.6981887817383 -77.9968032836914 -77.6941528320312 -76.6866989135742 -75.6733016967773 -74.6122283935547 -73.3101501464844 -72.0741577148438 -70.9009780883789 -70.6238327026367 -70.4878845214844 -70.3606643676758 -70.0471343994141 -69.5948944091797 -69.1626892089844 -68.8248291015625 -68.732780456543 -68.6732788085938 -68.6352081298828 -69.2812957763672 -69.9520874023438 -70.6314392089844 -71.484504699707 -72.4253997802734 -73.3285903930664 -74.090217590332 -74.6069107055664 -75.1308670043945 -75.6346435546875 -75.8569259643555 -76.0990600585938 -76.3692474365234 -76.8138198852539
-75.3872299194336 -75.2422714233398 -75.1099243164062 -74.9810104370117 -74.8692092895508 -74.7647476196289 -74.6616439819336 -74.6085510253906 -74.5542297363281 -74.500358581543 -74.8336410522461 -75.2997665405273 -75.6628952026367 -75.4449310302734 -74.4748840332031 -73.5123748779297 -72.5285797119141 -71.3956832885742 -70.3230285644531 -69.3128204345703 -69.0354156494141 -68.8979873657227 -68.765022277832 -68.502082824707 -68.1321411132812 -67.7801971435547 -67.5121536254883 -67.4934768676758 -67.5058135986328 -67.5407485961914 -68.1695709228516 -68.8373565673828 -69.5112152099609 -70.4026031494141 -71.4185943603516 -72.3955764770508 -73.2115707397461 -73.7117538452148 -74.2191390991211 -74.7154693603516 -74.904541015625 -75.110221862793 -75.3425445556641 -75.6941680908203
-74.1674270629883 -73.8166427612305 -73.4805145263672 -73.1630859375 -72.897705078125 -72.6404190063477 -72.3851623535156 -72.2639007568359 -72.1420745849609 -72.0220565795898 -72.3720855712891 -72.9095840454102 -73.3507537841797 -73.2315673828125 -72.3109436035156 -71.396842956543 -70.4788970947266 -69.5097579956055 -68.5938949584961 -67.7383041381836 -67.4612274169922 -67.3168029785156 -67.1801376342773 -66.9649505615234 -66.678955078125 -66.4091415405273 -66.2129135131836 -66.2690124511719 -66.3542251586914 -66.4628601074219 -67.0791931152344 -67.7431030273438 -68.4066696166992 -69.3273391723633 -70.41357421875 -71.4666595458984 -72.343635559082 -72.8539276123047 -73.3692245483398 -73.8814239501953 -74.0569000244141 -74.243034362793 -74.4510345458984 -74.7328186035156
-72.9250793457031 -72.3671417236328 -71.8251266479492 -71.3170852661133 -70.9062271118164 -70.5057907104492 -70.1093292236328 -69.9248428344727 -69.744384765625 -69.5685272216797 -69.8907928466797 -70.4301605224609 -70.8705596923828 -70.8260345458984 -70.0338516235352 -69.2584381103516 -68.5054016113281 -67.8523635864258 -67.2620086669922 -66.7454223632812 -66.5791168212891 -66.5088348388672 -66.4545440673828 -66.3436889648438 -66.1727447509766 -66.0159225463867 -65.9178466796875 -66.0533142089844 -66.2138442993164 -66.3962554931641 -67.0473709106445 -67.7578125 -68.4621810913086 -69.3849182128906 -70.4603424072266 -71.5011215209961 -72.3753433227539 -72.8376922607422 -73.3041534423828 -73.7717361450195 -73.8829193115234 -73.9946441650391 -74.1252212524414 -74.3155670166016
-71.4844055175781 -70.7208557128906 -69.9746246337891 -69.2906875610352 -68.7922897338867 -68.303840637207 -67.8199234008789 -67.5945053100586 -67.3802108764648 -67.1717987060547 -67.3739852905273 -67.7773056030273 -68.0894622802734 -68.0944213867188 -67.580192565918 -67.0817947387695 -66.61572265625 -66.4370346069336 -66.3149795532227 -66.2635803222656 -66.2554016113281 -66.2615356445312 -66.2873382568359 -66.2559814453125 -66.1566162109375 -66.0701522827148 -66.0283432006836 -66.1928939819336 -66.3804473876953 -66.5899963378906 -67.2419281005859 -67.9645690917969 -68.6747207641602 -69.5592422485352 -70.5807800292969 -71.5741348266602 -72.4182281494141 -72.8350982666016 -73.2548904418945 -73.6755142211914 -73.729621887207 -73.767951965332 -73.8183822631836 -73.9150924682617
-70.0556335449219 -69.0892791748047 -68.1418075561523 -67.2802047729492 -66.6978225708008 -66.1248092651367 -65.5568618774414 -65.2917022705078 -65.0464553833008 -64.8063507080078 -64.8943328857422 -65.161247253418 -65.3510665893555 -65.3911743164062 -65.1604919433594 -64.9356231689453 -64.7383041381836 -65.0249938964844 -65.366081237793 -65.7803497314453 -65.9510803222656 -66.0340194702148 -66.1395950317383 -66.1878280639648 -66.1596145629883 -66.1443939208984 -66.1619720458984 -66.3563690185547 -66.5684814453125 -66.7992935180664 -67.4472351074219 -68.1783981323242 -68.8953170776367 -69.7460098266602 -70.7145004272461 -71.6631011962891 -72.4800262451172 -72.854118347168 -73.2284393310547 -73.60205078125 -73.6002883911133 -73.5643844604492 -73.5300140380859 -73.5298767089844
-68.6399307250977 -67.4740600585938 -66.3282852172852 -65.2866744995117 -64.6227569580078 -63.9670524597168 -63.3164329528809 -63.0102348327637 -62.7344245910645 -62.461296081543 -62.4387855529785 -62.5668525695801 -62.6607627868652 -62.752742767334 -62.8323287963867 -62.897632598877 -62.966178894043 -63.7015724182129 -64.4764862060547 -65.3145294189453 -65.6665496826172 -65.8207855224609 -65.9991760253906 -66.1130523681641 -66.1296157836914 -66.1553726196289 -66.2016372680664 -66.400520324707 -66.6096878051758 -66.8311538696289 -67.4201889038086 -68.0930938720703 -68.7438735961914 -69.5295181274414 -70.4556503295898 -71.3725662231445 -72.1824035644531 -72.5533599853516 -72.9268188476562 -73.3025588989258 -73.2544403076172 -73.1488037109375 -73.034049987793 -72.8590469360352
-67.3165969848633 -66.1257247924805 -64.9658432006836 -63.9258499145508 -63.3458251953125 -62.7810707092285 -62.229663848877 -61.9790802001953 -61.7650108337402 -61.5543632507324 -61.491512298584 -61.5240364074707 -61.5147323608398 -61.5607490539551 -61.7630653381348 -61.9395637512207 -62.1032981872559 -63.0121116638184 -63.968807220459 -64.9928894042969 -65.4538116455078 -65.6544647216797 -65.8824462890625 -66.0283966064453 -66.0369720458984 -66.0551681518555 -66.0890960693359 -66.2719268798828 -66.4607238769531 -66.6575775146484 -67.1548919677734 -67.7335891723633 -68.2882308959961 -69.0140075683594 -69.9388580322266 -70.8617782592773 -71.7001419067383 -72.108642578125 -72.5172348022461 -72.9258880615234 -72.849609375 -72.6861419677734 -72.5030746459961 -72.1641159057617
-66.0242462158203 -64.8598480224609 -63.7271385192871 -62.7150955200195 -62.2325439453125 -61.7639045715332 -61.3081474304199 -61.0932197570801 -60.9140205383301 -60.736255645752 -60.606746673584 -60.5078544616699 -60.3798637390137 -60.3651428222656 -60.6864814758301 -60.9791030883789 -61.2562408447266 -62.3371353149414 -63.483814239502 -64.6943969726562 -65.2718048095703 -65.5190505981445 -65.7952194213867 -65.9746627807617 -65.9733734130859 -65.9795379638672 -65.9957962036133 -66.1562194824219 -66.3197021484375 -66.4884262084961 -66.8942260742188 -67.3753204345703 -67.8356170654297 -68.4979019165039 -69.4234771728516 -70.3495330810547 -71.2108154296875 -71.6533126831055 -72.0944747924805 -72.5339202880859 -72.4329223632812 -72.2127990722656 -71.97119140625 -71.4886322021484
-64.7536392211914 -63.6204566955566 -62.5151557922363 -61.5273094177246 -61.1414680480957 -60.7669677734375 -60.4036407470703 -60.2240409851074 -60.0775413513184 -59.9329109191895 -59.7447242736816 -59.5146217346191 -59.261287689209 -59.1678733825684 -59.6022529602051 -60.0164909362793 -60.418888092041 -61.678596496582 -63.0218734741211 -64.4161911010742 -65.1146545410156 -65.406494140625 -65.7268142700195 -65.939582824707 -65.9254531860352 -65.904182434082 -65.8813552856445 -66.0016403198242 -66.1271514892578 -66.2597961425781 -66.5597686767578 -66.916877746582 -67.254150390625 -67.8066940307617 -68.6729354858398 -69.5329666137695 -70.3459320068359 -70.8225860595703 -71.3021392822266 -71.783561706543 -71.6594009399414 -71.3761672973633 -71.071647644043 -70.4713516235352
-63.7993011474609 -62.7573699951172 -61.7442169189453 -60.8369903564453 -60.5449905395508 -60.259838104248 -59.9818077087402 -59.8456726074219 -59.7394256591797 -59.6347122192383 -59.4385719299316 -59.1572227478027 -58.8627433776855 -58.7186737060547 -59.1230621337891 -59.5041007995605 -59.8662033081055 -61.0108184814453 -62.2318153381348 -63.4701843261719 -64.1320953369141 -64.425422668457 -64.7451248168945 -64.9785461425781 -65.0084609985352 -65.0447235107422 -65.0859680175781 -65.25244140625 -65.4233627319336 -65.5991744995117 -65.7967147827148 -65.9954681396484 -66.1792068481445 -66.5662078857422 -67.288932800293 -68.0072784423828 -68.7107238769531 -69.3167266845703 -69.9245758056641 -70.5321197509766 -70.4459533691406 -70.1441345214844 -69.8189544677734 -69.1633224487305
-63.2993431091309 -62.3894081115723 -61.5047645568848 -60.7009086608887 -60.4527206420898 -60.2091865539551 -59.9706993103027 -59.8474388122559 -59.7524719238281 -59.6595268249512 -59.4529151916504 -59.1305732727051 -58.800121307373 -58.586856842041 -58.8715705871582 -59.1402168273926 -59.3949012756348 -60.344409942627 -61.3783073425293 -62.4169540405273 -63.0347862243652 -63.35498046875 -63.6968040466309 -63.9731330871582 -64.0719223022461 -64.1748199462891 -64.2814865112305 -64.4902191162109 -64.7051391601562 -64.9235534667969 -65.0295944213867 -65.0692443847656 -65.0964279174805 -65.3140029907227 -65.8896560668945 -66.4623947143555 -67.0361785888672 -67.7671279907227 -68.5014724731445 -69.2374877929688 -69.2009124755859 -68.884147644043 -68.547966003418 -67.854736328125
-62.8051986694336 -62.026741027832 -61.2689628601074 -60.5698318481445 -60.3629989624023 -60.1590614318848 -59.9582633972168 -59.8472366333008 -59.7614364624023 -59.6776390075684 -59.4603080749512 -59.0941352844238 -58.7200660705566 -58.4339027404785 -58.5916404724121 -58.743709564209 -58.8907127380371 -59.6486892700195 -60.4990425109863 -61.3503494262695 -61.9240684509277 -62.2819976806641 -62.6437301635742 -62.9568557739258 -63.1211853027344 -63.2886276245117 -63.4592247009277 -63.7100257873535 -63.9685516357422 -64.2306137084961 -64.2576217651367 -64.1390991210938 -64.0086364746094 -64.0553283691406 -64.4832916259766 -64.909912109375 -65.337890625 -66.1938095092773 -67.0368423461914 -67.863525390625 -67.8517990112305 -67.4921646118164 -67.1161499023438 -66.3892669677734
-62.3871688842773 -61.7633209228516 -61.156436920166 -60.5895004272461 -60.4324569702148 -60.2731056213379 -60.1111869812012 -60.0037117004395 -59.9091987609863 -59.8107452392578 -59.5739479064941 -59.173828125 -58.7662239074707 -58.4166107177734 -58.4218063354492 -58.4265975952148 -58.4319229125977 -58.9898529052734 -59.6484756469727 -60.3029594421387 -60.8209953308105 -61.2265739440918 -61.6200103759766 -61.9733581542969 -62.1883888244629 -62.404296875 -62.6212997436523 -62.8646125793457 -63.1091041564941 -63.3531074523926 -63.3598403930664 -63.2111968994141 -63.0600929260254 -63.0480537414551 -63.3655662536621 -63.6850547790527 -64.0026245117188 -64.6226577758789 -65.234016418457 -65.8331756591797 -65.7554244995117 -65.3549194335938 -64.9433517456055 -64.2917175292969
