indici/fabbisogno11.asc
NCOLS 177 
NROWS 174 
XLLCORNER 1436301.375 
YLLCORNER 4916704.5 
CELLSIZE 1500 
NODATA_value -9999 
[rows 92 to 114 of 174, columns 0 to 52 of 177]
-9999 -9999 -9999 -9999 -9999 -9999 -9999 -9999 -9999 -9999 -9999 -9999 -9999 -9999 -9999 -9999 -9999 -9999 -9999 -9999 -9999 -9999 -9999 -9999 -9999 -9999 -9999 -9999 -74.2790069580078 -79.1111907958984 -82.3178253173828 -84.3236312866211 -84.60205078125 -83.6946563720703 -81.6706771850586 -79.0826950073242 -76.629768371582 -74.6724548339844 -73.2792053222656 -73.763542175293 -75.8525695800781 -79.8438339233398 -85.9493255615234 -94.0850830078125 -103.944259643555 -114.843589782715 -126.062637329102 -136.709136962891 -146.006469726562 -152.897857666016 -157.496444702148 -159.500381469727 -159.498138427734
-9999 -9999 -9999 -9999 -9999 -9999 -9999 -9999 -9999 -9999 -9999 -9999 -9999 -9999 -9999 -9999 -9999 -9999 -9999 -9999 -9999 -9999 -9999 -9999 -9999 -9999 -9999 -9999 -9999 -9999 -65.8376159667969 -68.0868453979492 -69.2605972290039 -69.5331726074219 -68.9507522583008 -68.1143569946289 -67.4069213867188 -67.1393432617188 -67.6332244873047 -69.4254455566406 -72.6811218261719 -77.8609848022461 -85.136474609375 -94.2416915893555 -105.232536315918 -117.059730529785 -128.931213378906 -139.739349365234 -148.547439575195 -154.603424072266 -157.909805297852 -158.399307250977 -156.788177490234
-9999 -9999 -9999 -9999 -9999 -9999 -9999 -9999 -9999 -9999 -9999 -9999 -9999 -9999 -9999 -9999 -9999 -9999 -9999 -9999 -9999 -9999 -9999 -9999 -9999 -9999 -9999 -9999 -9999 -9999 -9999 -9999 -57.4335289001465 -58.6640281677246 -59.4939193725586 -60.2281074523926 -61.0164985656738 -62.116382598877 -63.7677383422852 -66.5920562744141 -70.7539596557617 -77.0073165893555 -85.19091796875 -95.3970565795898 -107.13892364502 -119.532852172852 -131.542526245117 -142.036712646484 -149.990219116211 -154.45280456543 -156.193725585938 -154.997695922852 -151.898529052734
-9999 -9999 -9999 -9999 -9999 -9999 -9999 -9999 -9999 -9999 -9999 -9999 -9999 -9999 -9999 -9999 -9999 -9999 -9999 -9999 -9999 -9999 -9999 -9999 -9999 -9999 -9999 -9999 -9999 -9999 -9999 -9999 -48.8689270019531 -51.011157989502 -53.2169303894043 -55.1562728881836 -57.0936317443848 -59.2412338256836 -61.7762832641602 -65.4242858886719 -70.5329818725586 -77.4541625976562 -86.4138870239258 -97.1331405639648 -109.317245483398 -121.71989440918 -133.336395263672 -142.909957885742 -149.680770874023 -152.671676635742 -152.226608276367 -149.577697753906 -145.16291809082
-9999 -9999 -9999 -9999 -9999 -9999 -9999 -9999 -9999 -9999 -9999 -9999 -9999 -9999 -9999 -9999 -9999 -9999 -9999 -9999 -9999 -9999 -9999 -9999 -9999 -9999 -9999 -9999 -9999 -9999 -9999 -9999 -42.7696723937988 -45.9336700439453 -49.1054725646973 -52.089054107666 -55.006649017334 -58.0528450012207 -61.6157493591309 -66.255989074707 -72.2642211914062 -79.5655899047852 -88.5839080810547 -99.2941970825195 -111.194679260254 -123.15673828125 -133.758087158203 -141.955383300781 -146.898040771484 -148.516128540039 -146.681976318359 -142.598892211914 -137.508880615234
-9999 -9999 -9999 -9999 -9999 -9999 -9999 -9999 -9999 -9999 -9999 -9999 -9999 -9999 -9999 -9999 -9999 -9999 -9999 -9999 -9999 -9999 -9999 -9999 -9999 -9999 -9999 -9999 -9999 -9999 -9999 -9999 -9999 -42.9548721313477 -47.076000213623 -51.096565246582 -54.9928436279297 -59.0617904663086 -63.5379409790039 -68.9783477783203 -75.5773696899414 -83.1668014526367 -91.7318267822266 -101.608528137207 -112.416320800781 -123.206420898438 -132.365783691406 -138.754333496094 -141.910354614258 -142.033294677734 -139.416381835938 -134.655807495117 -129.323486328125
-9999 -9999 -9999 -9999 -9999 -9999 -9999 -9999 -9999 -9999 -9999 -9999 -9999 -9999 -9999 -9999 -9999 -9999 -9999 -9999 -9999 -9999 -9999 -9999 -9999 -9999 -9999 -9999 -9999 -9999 -9999 -9999 -9999 -42.0305633544922 -46.978458404541 -52.22705078125 -57.3556785583496 -62.5429420471191 -67.8730239868164 -73.6500854492188 -80.2989959716797 -87.7575225830078 -95.7357711791992 -104.249214172363 -113.139671325684 -121.885917663574 -129.081436157227 -133.720397949219 -135.219772338867 -134.011535644531 -130.955917358398 -126.424140930176 -121.381370544434
-9999 -9999 -9999 -9999 -9999 -9999 -9999 -9999 -9999 -9999 -9999 -9999 -9999 -9999 -9999 -9999 -9999 -9999 -9999 -9999 -9999 -9999 -9999 -9999 -9999 -9999 -9999 -9999 -9999 -9999 -9999 -9999 -9999 -9999 -48.8510475158691 -55.2140083312988 -61.3165473937988 -67.3199920654297 -73.5634460449219 -79.6362915039062 -85.9010772705078 -93.1048202514648 -100.152198791504 -106.799354553223 -113.461776733398 -119.564758300781 -124.287734985352 -127.010299682617 -127.247161865234 -125.43514251709 -122.134986877441 -118.150917053223 -114.135848999023
-9999 -9999 -9999 -9999 -9999 -9999 -9999 -9999 -9999 -9999 -9999 -9999 -9999 -9999 -9999 -9999 -9999 -9999 -9999 -9999 -9999 -9999 -9999 -9999 -9999 -9999 -9999 -9999 -9999 -9999 -27.6870288848877 -32.5479278564453 -38.5002326965332 -45.3230819702148 -52.6082496643066 -60.2662696838379 -67.7258071899414 -74.6398315429688 -81.0265655517578 -86.6229095458984 -92.5862579345703 -98.5269393920898 -104.16813659668 -108.857162475586 -113.297439575195 -116.747703552246 -118.956443786621 -119.692649841309 -118.843795776367 -116.825820922852 -113.791572570801 -110.889106750488 -108.324401855469
-9999 -9999 -9999 -9999 -9999 -9999 -9999 -9999 -9999 -9999 -9999 -9999 -9999 -9999 -9999 -9999 -9999 -9999 -9999 -9999 -9999 -9999 -9999 -9999 -9999 -9999 -9999 -9999 -21.3173217773438 -24.7273082733154 -29.2104072570801 -34.6259460449219 -41.3987083435059 -48.962890625 -57.5708312988281 -66.4452667236328 -75.2821044921875 -82.9650497436523 -89.5646362304688 -94.8753662109375 -99.4959945678711 -103.813247680664 -107.857971191406 -110.816848754883 -112.427124023438 -113.465782165527 -113.700256347656 -112.762847900391 -111.212135314941 -109.003265380859 -106.976013183594 -105.232292175293 -103.57844543457
-9999 -9999 -9999 -9999 -9999 -9999 -9999 -9999 -9999 -9999 -9999 -9999 -9999 -9999 -9999 -9999 -9999 -9999 -9999 -9999 -9999 -9999 -16.7871646881104 -15.9957399368286 -9999 -9999 -9999 -9999 -23.4379100799561 -27.0057907104492 -31.7531433105469 -37.7821159362793 -45.2006683349609 -53.8076858520508 -63.4211692810059 -73.3503112792969 -83.0569229125977 -91.2973556518555 -97.879638671875 -103.21215057373 -106.477256774902 -108.939819335938 -110.589332580566 -111.623779296875 -111.353904724121 -110.468338012695 -108.790504455566 -106.811408996582 -104.725509643555 -102.797332763672 -101.894256591797 -100.816383361816 -100.14559173584
-9999 -9999 -9999 -9999 -9999 -9999 -9999 -9999 -9999 -9999 -9999 -9999 -9999 -9999 -9999 -9999 -9999 -9999 -32.9012870788574 -26.3986930847168 -22.4472103118896 -20.1174812316895 -18.5612888336182 -17.8483257293701 -9999 -9999 -9999 -9999 -9999 -30.5740203857422 -35.5866737365723 -41.9290618896484 -50.044620513916 -59.2659149169922 -69.2965774536133 -79.7836380004883 -89.9305877685547 -98.6359786987305 -105.256492614746 -109.504470825195 -111.765380859375 -112.47339630127 -112.491554260254 -111.485496520996 -109.475875854492 -107.322280883789 -104.706848144531 -102.122619628906 -99.7778854370117 -98.451530456543 -98.0175247192383 -97.7628021240234 -98.202018737793
-9999 -9999 -9999 -9999 -9999 -9999 -9999 -9999 -9999 -9999 -9999 -9999 -9999 -9999 -9999 -9999 -9999 -9999 -34.2215843200684 -28.2779178619385 -24.8896751403809 -22.5464153289795 -21.1157875061035 -20.4645042419434 -20.9939289093018 -9999 -9999 -9999 -30.7503452301025 -35.0764770507812 -40.5754051208496 -46.8832817077637 -55.0691146850586 -64.6500396728516 -74.9487457275391 -85.2822341918945 -94.9290008544922 -103.371551513672 -109.433815002441 -112.940078735352 -114.465278625488 -114.346130371094 -113.216499328613 -110.729866027832 -107.554046630859 -104.419532775879 -101.177749633789 -98.4247589111328 -96.4550018310547 -95.7092132568359 -95.7931671142578 -96.5963134765625 -98.0966491699219
-9999 -9999 -9999 -9999 -9999 -9999 -9999 -9999 -9999 -9999 -9999 -9999 -9999 -9999 -9999 -9999 -9999 -9999 -35.8784027099609 -31.0106925964355 -27.7883205413818 -25.689115524292 -24.540060043335 -24.52956199646 -25.4423542022705 -26.9941215515137 -9999 -9999 -36.4490165710449 -40.8255920410156 -46.2725486755371 -52.8325042724609 -60.0248565673828 -69.0174865722656 -78.5934677124023 -87.961555480957 -96.954460144043 -104.647148132324 -109.911560058594 -112.938529968262 -114.162826538086 -113.777191162109 -112.299362182617 -108.955986022949 -105.688171386719 -102.15592956543 -98.8222351074219 -96.3624725341797 -94.9970016479492 -94.8713531494141 -95.843391418457 -97.4762725830078 -99.4863967895508
-9999 -9999 -9999 -9999 -9999 -9999 -9999 -9999 -9999 -9999 -9999 -9999 -9999 -9999 -9999 -9999 -9999 -44.1116523742676 -38.0838165283203 -34.168529510498 -31.4407215118408 -29.7371006011963 -29.2021636962891 -29.8575191497803 -31.3213748931885 -33.4145698547363 -9999 -39.0833015441895 -43.5972175598145 -47.8896903991699 -52.8290557861328 -58.7082557678223 -65.2112579345703 -72.2801055908203 -80.3231735229492 -88.1388092041016 -95.9224090576172 -102.221984863281 -106.656768798828 -109.429016113281 -110.671035766602 -110.517395019531 -109.269439697266 -106.228141784668 -103.233139038086 -100.143714904785 -97.1776428222656 -95.7582168579102 -95.1264038085938 -95.7406158447266 -97.5929183959961 -99.9024658203125 -102.64737701416
-9999 -9999 -9999 -9999 -9999 -9999 -9999 -9999 -9999 -9999 -9999 -9999 -9999 -9999 -9999 -9999 -9999 -45.3916397094727 -40.8020439147949 -37.8411712646484 -35.9467811584473 -34.7737236022949 -35.2410583496094 -36.8570175170898 -39.3012351989746 -42.124324798584 -45.0412788391113 -48.026439666748 -51.6549911499023 -56.1173362731934 -60.065746307373 -64.5501556396484 -69.6636276245117 -74.4972229003906 -80.2253189086914 -86.0584564208984 -91.9414443969727 -96.7137756347656 -100.303573608398 -102.762138366699 -104.225082397461 -104.657165527344 -103.541244506836 -101.903030395508 -99.8636703491211 -97.8398361206055 -96.39453125 -95.7956161499023 -96.4453582763672 -98.0316467285156 -101.081268310547 -104.148452758789 -107.440780639648
-9999 -9999 -9999 -9999 -9999 -9999 -9999 -9999 -9999 -9999 -9999 -9999 -9999 -9999 -9999 -9999 -9999 -46.8628273010254 -44.0072441101074 -42.1942405700684 -40.6447410583496 -41.2935829162598 -42.8917694091797 -45.6257400512695 -49.1620101928711 -52.8332977294922 -56.186653137207 -59.0072364807129 -61.6448745727539 -64.2087020874023 -67.5621795654297 -70.1226043701172 -72.9530868530273 -75.9746551513672 -78.8892288208008 -82.3747100830078 -85.9321823120117 -89.0759963989258 -91.7449340820312 -93.9089813232422 -95.5100860595703 -96.57421875 -96.1420211791992 -95.8763046264648 -95.3452072143555 -94.9801406860352 -95.3784027099609 -96.5669250488281 -98.6890640258789 -101.960830688477 -105.735450744629 -110.192901611328 -113.289604187012
-9999 -9999 -9999 -9999 -9999 -9999 -9999 -9999 -9999 -9999 -9999 -9999 -9999 -9999 -9999 -9999 -9999 -9999 -47.8017044067383 -46.5031051635742 -47.0406951904297 -48.9299621582031 -51.6798210144043 -55.7603988647461 -60.4655456542969 -64.981575012207 -68.6754302978516 -71.1431350708008 -72.5740280151367 -73.5449371337891 -73.8607406616211 -74.8796768188477 -75.3325042724609 -75.8877105712891 -76.4620819091797 -77.5350036621094 -78.9008331298828 -80.4199523925781 -82.0799102783203 -83.8429565429688 -85.5501098632812 -86.285270690918 -87.5257415771484 -88.8239669799805 -90.1594390869141 -91.933708190918 -94.4822463989258 -97.6994400024414 -102.141265869141 -106.469657897949 -111.192611694336 -116.416168212891 -119.907531738281
-9999 -9999 -9999 -9999 -9999 -9999 -9999 -9999 -9999 -9999 -9999 -9999 -9999 -9999 -9999 -9999 -9999 -9999 -51.7463188171387 -52.4430809020996 -54.2677459716797 -57.3640937805176 -61.3278656005859 -66.5798110961914 -72.3198394775391 -77.5176391601562 -81.3036499023438 -83.1841125488281 -83.2568206787109 -82.4505310058594 -80.20849609375 -78.1238861083984 -76.3133087158203 -74.9363021850586 -73.069580078125 -72.1012802124023 -71.7838821411133 -71.821891784668 -72.4407501220703 -73.5109024047852 -74.4518432617188 -76.2230987548828 -78.5346755981445 -81.0446243286133 -84.2026062011719 -88.2027282714844 -92.8170318603516 -98.9793090820312 -105.142051696777 -110.955268859863 -116.921607971191 -121.864112854004 -125.614677429199
-9999 -9999 -9999 -9999 -9999 -9999 -9999 -9999 -9999 -9999 -9999 -9999 -9999 -9999 -9999 -9999 -9999 -9999 -57.1209602355957 -59.2908744812012 -62.0722312927246 -66.1678085327148 -71.1139984130859 -77.1340560913086 -83.4461441040039 -88.9315338134766 -92.5120544433594 -93.6110076904297 -92.4679565429688 -89.7835311889648 -85.4524612426758 -80.7869491577148 -76.6816177368164 -72.8642730712891 -68.9623031616211 -66.2773590087891 -64.7315292358398 -63.4121475219727 -63.1527938842773 -63.5861587524414 -64.8330459594727 -66.7190551757812 -69.6382446289062 -73.158805847168 -78.1475982666016 -83.6024703979492 -91.1013870239258 -98.6730575561523 -106.449462890625 -114.121421813965 -121.273971557617 -126.316551208496 -128.522323608398
-9999 -9999 -9999 -9999 -9999 -9999 -9999 -9999 -9999 -9999 -9999 -9999 -9999 -9999 -9999 -9999 -9999 -9999 -63.1756706237793 -66.7556762695312 -70.4619903564453 -74.8353958129883 -80.3337326049805 -86.354362487793 -92.5235061645508 -97.7385482788086 -100.806869506836 -101.118812561035 -99.0660705566406 -94.8554077148438 -89.0482406616211 -82.7997589111328 -76.6025466918945 -71.0454025268555 -65.838493347168 -61.6441040039062 -58.7194404602051 -56.6841888427734 -55.5692901611328 -55.5439414978027 -56.536003112793 -58.4591789245605 -61.4140434265137 -66.1367721557617 -71.6773376464844 -79.378662109375 -87.6466751098633 -96.7839584350586 -105.851203918457 -115.367034912109 -123.121566772461 -127.921020507812 -129.024490356445
-9999 -9999 -9999 -9999 -9999 -9999 -9999 -9999 -9999 -9999 -9999 -9999 -9999 -9999 -9999 -9999 -9999 -9999 -69.7668685913086 -74.2414779663086 -78.2575607299805 -82.8210372924805 -87.8235931396484 -93.1308288574219 -98.6847610473633 -103.068321228027 -105.418968200684 -105.131141662598 -102.585571289062 -97.648811340332 -91.7034149169922 -84.5099411010742 -77.1949157714844 -70.2433013916016 -63.8243408203125 -58.718822479248 -54.6364364624023 -51.644702911377 -49.9031372070312 -49.1967582702637 -49.6605911254883 -51.3560676574707 -54.6874198913574 -59.5130729675293 -65.9111709594727 -74.0242385864258 -83.2111053466797 -92.9446334838867 -103.355934143066 -113.417747497559 -121.181983947754 -125.43147277832 -125.306167602539
-9999 -9999 -9999 -9999 -9999 -9999 -9999 -9999 -9999 -9999 -9999 -9999 -9999 -9999 -9999 -9999 -9999 -9999 -9999 -81.2427749633789 -85.0552139282227 -88.8825912475586 -93.033935546875 -96.8377075195312 -101.098213195801 -104.481117248535 -106.118614196777 -105.644332885742 -103.76025390625 -99.1284332275391 -92.6567687988281 -85.0674362182617 -77.2179260253906 -69.4335021972656 -62.3256492614746 -56.420581817627 -51.6984939575195 -48.1604537963867 -45.9705619812012 -44.5329551696777 -44.4786491394043 -45.9973602294922 -49.2933616638184 -54.1013259887695 -60.3785018920898 -68.5798263549805 -77.6463165283203 -87.6579895019531 -98.4722671508789 -108.383941650391 -115.615455627441 -118.818313598633 -117.365577697754
