indici/fabbisogno08.asc
NCOLS 177 
NROWS 174 
XLLCORNER 1436301.375 
YLLCORNER 4916704.5 
CELLSIZE 1500 
NODATA_value -9999 
[rows 60 to 79 of 174, columns 132 to 175 of 177]
-138.2421875 -137.025741577148 -135.408203125 -133.097457885742 -130.850082397461 -128.657211303711 -126.769912719727 -125.045707702637 -123.498817443848 -122.324531555176 -121.209510803223 -120.059539794922 -118.860412597656 -117.595222473145 -116.093811035156 -115.559616088867 -117.148025512695 -118.76042175293 -120.580535888672 -124.988159179688 -129.427017211914 -133.915557861328 -137.712493896484 -141.341003417969 -145.009429931641 -148.690368652344 -152.409332275391 -156.416641235352 -159.920700073242 -161.990615844727 -164.016204833984 -165.991729736328 -165.685180664062 -165.297561645508 -164.791427612305 -163.258743286133 -161.365539550781 -159.402282714844 -158.007995605469 -157.217712402344 -156.532150268555 -156.255065917969 -157.345626831055 -158.419647216797
-138.774429321289 -137.618713378906 -135.977600097656 -133.420654296875 -130.964767456055 -128.60188293457 -126.850006103516 -125.23486328125 -123.779541015625 -122.656715393066 -121.603996276855 -120.54655456543 -118.968040466309 -116.951934814453 -114.719017028809 -113.864608764648 -116.36531829834 -118.869346618652 -121.457183837891 -125.579200744629 -129.743148803711 -133.975631713867 -137.632675170898 -141.134323120117 -144.728881835938 -148.676132202148 -152.988174438477 -157.515899658203 -161.562881469727 -164.014541625977 -166.387557983398 -168.717636108398 -168.073516845703 -167.297897338867 -166.381103515625 -164.506271362305 -162.248886108398 -159.975769042969 -158.311431884766 -157.379409790039 -156.564468383789 -156.156982421875 -157.369781494141 -158.559143066406
-139.289749145508 -138.209854125977 -136.572143554688 -133.781265258789 -131.122512817383 -128.58056640625 -126.96907043457 -125.455108642578 -124.064956665039 -122.971748352051 -121.960968017578 -120.984817504883 -119.080863952637 -116.397743225098 -113.588150024414 -112.48722076416 -115.897743225098 -119.264595031738 -122.618667602539 -126.577484130859 -130.600112915039 -134.725112915039 -138.400619506836 -141.954055786133 -145.680191040039 -149.923355102539 -154.709381103516 -159.614028930664 -164.025268554688 -166.604309082031 -169.03857421875 -171.364517211914 -170.630065917969 -169.684417724609 -168.593673706055 -166.476058959961 -163.886688232422 -161.340270996094 -159.446182250977 -158.443832397461 -157.572875976562 -157.076049804688 -158.354690551758 -159.597412109375
-139.749038696289 -138.412460327148 -136.608184814453 -133.786956787109 -131.138427734375 -128.619064331055 -127.111846923828 -125.664558410645 -124.299560546875 -123.161392211914 -122.100051879883 -121.120712280273 -119.49439239502 -117.270973205566 -114.94898223877 -114.115097045898 -117.76180267334 -121.353462219238 -124.91495513916 -128.938735961914 -133.035400390625 -137.250061035156 -141.111145019531 -144.865295410156 -148.856094360352 -153.24755859375 -158.106338500977 -163.019470214844 -167.45198059082 -169.796173095703 -171.968307495117 -173.999053955078 -173.297180175781 -172.307098388672 -171.145935058594 -168.806854248047 -165.850677490234 -163.001159667969 -160.840423583984 -159.748519897461 -158.799255371094 -158.180435180664 -159.484848022461 -160.737350463867
-140.186264038086 -138.50537109375 -136.495498657227 -133.713348388672 -131.127746582031 -128.668762207031 -127.264091491699 -125.889724731445 -124.558769226074 -123.390747070312 -122.292366027832 -121.321815490723 -119.961364746094 -118.209365844727 -116.374137878418 -115.817916870117 -119.69800567627 -123.526351928711 -127.323791503906 -131.436981201172 -135.619552612305 -139.910018920898 -143.935043334961 -147.867538452148 -152.081253051758 -156.586318969727 -161.468826293945 -166.366943359375 -170.811218261719 -172.896301269531 -174.786026000977 -176.498168945312 -175.78923034668 -174.747512817383 -173.556365966797 -171.058059692383 -167.780731201172 -164.660278320312 -162.250396728516 -161.097274780273 -160.091415405273 -159.364715576172 -160.713012695312 -161.959228515625
-140.464477539062 -138.486206054688 -40.9894218444824 -40.887020111084 -131.124435424805 -128.743804931641 -127.447090148926 -126.164764404297 -124.890823364258 -123.71800994873 -122.598876953125 -121.64421081543 -120.533058166504 -119.25756072998 -117.896614074707 -117.616371154785 -121.716278076172 -125.78214263916 -129.825805664062 -134.04443359375 -138.312377929688 -142.657897949219 -146.821914672852 -150.912811279297 -155.387054443359 -160.084075927734 -165.029937744141 -169.941497802734 -174.424621582031 -176.311996459961 -177.988540649414 -179.452453613281 -178.639938354492 -177.403717041016 -176.002746582031 -173.321807861328 -169.806076049805 -166.500518798828 -163.908874511719 -162.730438232422 -161.70556640625 -160.899185180664 -162.219955444336 -163.385375976562
-45.1172882080078 -45.6979881286621 -37.8370613098144 -37.6151184082031 -33.4104522705078 -15.7718139648437 -11.9292022705078 -126.487289428711 -125.513946533203 -124.524299621582 -123.546203613281 -122.781921386719 -122.035079956055 -121.318290710449 -120.517807006836 -120.620567321777 -125.061805725098 -129.490936279297 -133.913604736328 -138.507431030273 -143.152130126953 -147.85563659668 -152.449676513672 -156.995819091797 -161.916076660156 -166.699478149414 -171.202926635742 -175.648559570312 -179.768615722656 -181.433853149414 -182.873336791992 -184.059173583984 -182.64826965332 -180.674423217773 -178.563735961914 -175.582885742188 -171.966094970703 -168.596633911133 -165.894973754883 -164.694717407227 -163.650833129883 -162.760681152344 -163.958221435547 -164.965133666992
-41.5226303100586 -40.922534942627 -33.0345062255859 -30.7863182067871 -16.0359016418457 -13.0818046569824 -12.1841384887695 -126.827964782715 -126.308158874512 -125.600746154785 -124.819557189941 -124.293655395508 -123.911071777344 -123.735466003418 -123.47395324707 -123.945892333984 -128.703857421875 -133.457977294922 -138.2080078125 -143.131057739258 -148.099044799805 -153.109130859375 -158.0634765625 -162.993209838867 -168.271072387695 -173.125823974609 -177.116638183594 -181.056640625 -184.770416259766 -186.183456420898 -187.388549804688 -188.338714599609 -186.406326293945 -183.737777709961 -180.916152954102 -177.598281860352 -173.880767822266 -170.389358520508 -167.510650634766 -166.219131469727 -165.080337524414 -164.033584594727 -165.023132324219 -165.847259521484
-38.4683807373047 -37.1921020507812 -33.3296615600586 -19.1185432434082 -15.079109954834 -12.7866981506348 -127.155097961426 -127.178833007812 -127.149742126465 -126.775703430176 -126.228645324707 -125.893257141113 -125.811080932617 -126.13011932373 -126.381477355957 -127.21427154541 -132.270919799805 -137.30549621582 -142.314849853516 -147.503067016602 -152.755020141602 -158.096588134766 -163.430877685547 -168.769180297852 -174.329345703125 -179.231796264648 -182.646392822266 -186.069229125977 -189.374847412109 -190.549301147461 -191.560302734375 -192.348510742188 -189.989608764648 -186.682464599609 -183.168502807617 -179.491134643555 -175.597503662109 -171.886688232422 -168.730010986328 -167.251174926758 -165.923126220703 -164.690963745117 -165.341842651367 -165.915985107422
-39.9365142822266 -32.153923034668 -32.0777923583984 -16.9162651062012 -14.4026306152344 -126.630813598633 -126.865875244141 -127.283821105957 -127.634140014648 -127.563446044922 -127.261123657227 -127.131042480469 -127.359420776367 -128.209808349609 -129.017013549805 -130.243316650391 -135.332916259766 -140.356521606445 -145.303634643555 -150.68717956543 -156.210052490234 -161.877044677734 -167.463821411133 -172.981079101562 -178.585784912109 -183.348358154297 -185.999649047852 -188.704544067383 -191.374877929688 -191.702331542969 -191.869598388672 -191.813339233398 -189.247573852539 -185.83137512207 -182.192352294922 -178.383804321289 -174.386627197266 -170.533248901367 -167.173828125 -165.589797973633 -164.155517578125 -162.830474853516 -163.270233154297 -163.719619750977
-32.7691581726074 -28.6988822937012 -25.6204612731934 -15.2053512573242 -13.3624015808105 -125.752510070801 -126.123527526855 -126.69864654541 -127.20743560791 -127.438774108887 -127.503730773926 -127.688171386719 -128.321746826172 -129.81510925293 -131.281539916992 -132.997650146484 -137.849319458008 -142.620880126953 -147.290832519531 -152.888488769531 -158.770111083984 -164.849670410156 -170.711654663086 -176.374160766602 -182.004302978516 -186.669647216797 -188.601821899414 -190.636810302734 -192.717330932617 -192.204406738281 -191.539443969727 -190.676086425781 -188.014358520508 -184.644607543945 -181.014877319336 -177.172714233398 -173.065933227539 -169.062545776367 -165.487258911133 -163.786819458008 -162.225982666016 -160.77995300293 -160.982131958008 -161.286102294922
-28.2872581481934 -27.0499801635742 -15.2253356933594 -13.592643737793 -125.685905456543 -124.81852722168 -125.316589355469 -126.030860900879 -126.694328308105 -127.213821411133 -127.64200592041 -128.153594970703 -129.188232421875 -131.337310791016 -133.452575683594 -135.682983398438 -140.274749755859 -144.780532836914 -149.167846679688 -154.940841674805 -161.155059814453 -167.516510009766 -173.530197143555 -179.192733764648 -184.971008300781 -189.739349365234 -191.103256225586 -192.530395507812 -193.986633300781 -192.706008911133 -191.189453125 -189.449508666992 -186.577087402344 -183.200805664062 -179.598327636719 -175.747192382812 -171.547714233398 -167.406936645508 -163.621871948242 -161.81364440918 -160.127182006836 -158.555038452148 -158.520568847656 -158.681045532227
-27.7388526916504 -22.5387596130371 -13.1510696411133 -12.0904052734375 -124.333023071289 -123.835098266602 -124.458473205566 -125.301849365234 -126.122512817383 -126.922790527344 -127.716796875 -128.556823730469 -129.97216796875 -132.773391723633 -135.53010559082 -138.312881469727 -142.619613647461 -146.833419799805 -150.908660888672 -156.722534179688 -163.122894287109 -169.582412719727 -175.698425292969 -181.470077514648 -187.519149780273 -192.541931152344 -193.298065185547 -194.078369140625 -194.865539550781 -192.792465209961 -190.387496948242 -187.731048583984 -184.17805480957 -180.130432128906 -175.832290649414 -171.619094848633 -167.635238647461 -163.705474853516 -160.067184448242 -158.36051940918 -156.780487060547 -155.334976196289 -155.204788208008 -155.335342407227
-23.6979690551758 -12.0634635925293 -9.69850006103515 -121.758094787598 -121.593132019043 -121.497383117676 -122.182586669922 -123.049324035645 -123.919334411621 -125.089546203613 -126.539833068848 -128.035339355469 -130.093978881836 -133.638565063477 -137.125381469727 -140.593414306641 -144.543045043945 -148.400756835938 -152.103881835938 -157.63688659668 -163.867279052734 -170.092559814453 -176.324798583984 -182.596939086914 -189.272766113281 -194.880889892578 -195.025680541992 -195.161407470703 -195.281311035156 -192.442596435547 -189.16796875 -185.613708496094 -181.117156982422 -176.045989990234 -170.764373779297 -166.101196289062 -162.647033691406 -159.211608886719 -155.971405029297 -154.523544311523 -153.192962646484 -152.002548217773 -151.885635375977 -152.053970336914
-9.82909851074218 -7.70695343017577 -5.92346115112305 -118.263069152832 -118.566276550293 -118.916481018066 -119.708526611328 -120.623527526855 -121.573196411133 -123.126495361328 -125.270370483398 -127.435989379883 -130.130996704102 -134.415557861328 -138.625045776367 -142.797485351562 -146.398559570312 -149.898193359375 -153.251312255859 -158.517135620117 -164.611907958984 -170.687362670898 -177.088134765625 -183.960159301758 -191.228332519531 -197.427215576172 -196.890090942383 -196.331481933594 -195.749969482422 -192.120544433594 -187.953353881836 -183.523284912109 -178.11442565918 -172.039703369141 -165.798324584961 -160.616241455078 -157.709823608398 -154.813140869141 -152.034317016602 -150.89079284668 -149.865295410156 -148.997406005859 -148.970626831055 -149.204437255859
-5.03840789794921 -3.46610488891601 -113.981216430664 -114.691520690918 -115.438865661621 -116.232330322266 -117.147430419922 -118.10710144043 -119.135215759277 -121.04133605957 -123.877868652344 -126.717506408691 -130.048522949219 -135.076278686523 -140.006240844727 -144.874938964844 -148.17512512207 -151.32145690918 -154.353988647461 -159.368347167969 -165.353927612305 -171.336975097656 -177.916412353516 -185.430023193359 -193.184494018555 -199.75373840332 -198.343185424805 -196.970901489258 -195.638381958008 -191.259140014648 -186.302291870117 -181.179000854492 -175.106658935547 -168.328277587891 -161.490417480469 -155.985641479492 -153.586990356445 -151.170196533203 -148.784851074219 -147.749710083008 -146.798324584961 -145.988861083984 -145.918960571289 -146.107269287109
-1.55653228759765 -111.802742004395 -111.183944702148 -112.047454833984 -112.913932800293 -113.793159484863 -114.705741882324 -115.640830993652 -116.67406463623 -118.719017028809 -121.924560546875 -125.092155456543 -128.731399536133 -134.358612060547 -139.860321044922 -145.266738891602 -148.999420166016 -152.591491699219 -156.157150268555 -160.817733764648 -166.03010559082 -171.217742919922 -176.6884765625 -182.645446777344 -188.733169555664 -194.130508422852 -193.087814331055 -192.083999633789 -191.123046875 -187.151657104492 -182.500381469727 -177.71240234375 -171.914077758789 -165.268600463867 -158.600952148438 -153.145431518555 -150.957122802734 -148.743545532227 -146.51985168457 -145.235168457031 -144.037887573242 -143.002258300781 -142.761657714844 -142.837585449219
0.450277709960943 -110.042449951172 -109.815071105957 -110.398635864258 -110.98876953125 -111.590507507324 -112.363128662109 -113.21443939209 -114.201156616211 -116.261276245117 -119.674957275391 -123.03271484375 -126.863967895508 -133.088897705078 -139.173217773438 -145.138916015625 -149.549438476562 -153.79768371582 -158.051986694336 -162.399032592773 -166.751556396484 -171.099060058594 -175.471603393555 -179.905303955078 -184.41064453125 -188.545318603516 -187.890823364258 -187.274551391602 -186.701583862305 -183.160354614258 -178.831115722656 -174.398864746094 -168.908187866211 -162.418853759766 -155.926712036133 -150.523101806641 -148.549621582031 -146.556976318359 -144.556579589844 -143.042343139648 -141.609024047852 -140.318634033203 -139.868057250977 -139.800888061523
-108.119682312012 -108.262390136719 -108.46021270752 -108.783416748047 -109.106552124023 -109.433631896973 -110.06029510498 -110.82536315918 -111.703948974609 -113.702323913574 -117.25602722168 -120.781303405762 -124.778617858887 -131.596115112305 -138.297378540039 -144.888000488281 -150.034622192383 -154.983276367188 -159.931091308594 -164.050430297852 -167.548141479492 -171.064483642578 -174.385452270508 -177.305023193359 -180.251617431641 -183.036834716797 -182.790222167969 -182.574844360352 -182.395126342773 -179.29264831543 -175.285568237305 -171.210342407227 -166.039138793945 -159.704605102539 -153.374496459961 -148.006774902344 -146.267150878906 -144.511444091797 -142.733032226562 -141.050323486328 -139.427291870117 -137.930877685547 -137.250259399414 -136.974136352539
-106.028732299805 -106.584831237793 -107.171813964844 -107.330513000488 -107.47346496582 -107.627197265625 -108.159721374512 -108.874404907227 -109.674758911133 -111.547187805176 -115.038330078125 -118.492279052734 -122.363899230957 -129.50505065918 -136.520767211914 -143.403060913086 -149.172424316406 -154.757537841797 -160.334686279297 -164.420883178711 -167.337326049805 -170.325592041016 -172.986877441406 -174.829895019531 -176.696441650391 -178.521881103516 -178.035659790039 -177.522247314453 -176.983123779297 -174.435455322266 -171.211334228516 -167.990325927734 -163.627517700195 -157.889678955078 -152.190277099609 -147.211059570312 -145.349822998047 -143.469985961914 -141.573776245117 -139.84944152832 -138.177474975586 -136.600296020508 -135.52668762207 -134.731857299805
