indici/fabbisogno07.asc
NCOLS 177 
NROWS 174 
XLLCORNER 1436301.375 
YLLCORNER 4916704.5 
CELLSIZE 1500 
NODATA_value -9999 
[rows 72 to 95 of 174, columns 0 to 53 of 177]
-9999 -9999 -9999 -9999 -9999 -9999 -9999 -9999 -9999 -9999 -9999 -9999 -9999 -9999 -9999 -9999 -9999 -9999 -9999 -9999 36.9186531066894 39.1743412017822 40.7810729980469 41.9642627716064 42.6721813201904 44.1171981811523 43.403003692627 42.7770816802979 40.6405624389648 36.6533432006836 31.134761428833 25.7930152893066 20.7990646362305 16.1720539093018 13.0967655181885 9.78633804321289 8.63338317871093 8.34379501342774 10.2783172607422 10.3888999938965 10.2774349212646 8.80105552673339 6.53540725708008 4.39232864379882 1.75255661010742 -1.17935600280762 -3.81229209899902 -7.13536262512207 -10.4180778503418 -14.3514835357666 -19.0931529998779 -24.2350318908691 -28.2908210754395 -31.9328735351562
-9999 -9999 -9999 -9999 -9999 -9999 -9999 -9999 -9999 -9999 -9999 -9999 -9999 -9999 -9999 -9999 -9999 -9999 -9999 -9999 37.9216751098633 41.1073623657227 43.1226905822754 44.0975936889648 44.7972663879394 44.9125465393066 44.8141860961914 44.0738712310791 42.024861907959 38.7388416290283 33.8792400360107 29.3238807678223 24.7798580169678 21.5412631988525 18.8463726043701 16.395352935791 14.9403198242187 15.945433807373 15.5631118774414 14.5708160400391 14.0297298431396 12.482848739624 9.38905143737793 6.28014183044434 3.34694709777831 0.0306728363037081 -3.0699291229248 -6.77819480895997 -10.3197696685791 -14.5794464111328 -18.44426612854 -22.619592666626 -26.5191295623779 -30.1936603546143
-9999 -9999 -9999 -9999 -9999 -9999 -9999 -9999 -9999 -9999 -9999 -9999 -9999 -9999 -9999 -9999 -9999 -9999 -9999 -9999 -9999 45.0524547576904 47.2482666015625 48.1209949493408 48.1235725402832 47.5918746948242 46.5601623535156 44.86633644104 42.1820793151855 38.6603923797607 35.1905094146728 31.8379356384277 27.9464588165283 24.9192405700684 23.2379432678223 22.7453651428223 21.6201431274414 20.7963413238525 19.714017868042 18.8084583282471 17.1146369934082 15.0496109008789 11.8105548858642 8.5310115814209 4.73845977783203 1.21767692565918 -2.62434043884278 -6.47762794494629 -9.60019226074219 -12.398613357544 -15.669694519043 -20.1522109985352 -24.0981956481934 -27.0214576721191
-9999 -9999 -9999 -9999 -9999 -9999 -9999 -9999 -9999 -9999 -9999 -9999 -9999 -9999 -9999 -9999 -9999 -9999 -9999 -9999 -9999 50.6605785369873 53.0205127716064 53.1791282653809 52.2073059082031 50.937780380249 48.6670440673828 45.6470077514648 41.6124267578125 37.8419105529785 34.2670154571533 31.4969547271728 29.0538234710693 27.5857475280762 27.3287044525146 26.4955497741699 25.6834449768066 24.9048030853271 24.0451011657715 22.2875587463379 20.0778846740723 16.9445579528809 13.737198638916 10.1955513000488 6.51571578979492 2.91634063720703 -0.4860237121582 -3.94264297485351 -6.94348258972168 -9.92719802856446 -12.7043083190918 -16.5502834320068 -20.3439990997314 -23.4831958770752
-9999 -9999 -9999 -9999 -9999 -9999 -9999 -9999 -9999 -9999 -9999 -9999 -9999 -9999 -9999 -9999 -9999 -9999 -9999 -9999 -9999 -9999 -9999 -9999 56.390930557251 53.8204006195068 50.7853630065918 46.1950664520264 41.5405849456787 36.9284477233887 33.0025356292725 30.1164264678955 28.965648651123 28.2434474945068 28.4995853424072 28.4640277862549 28.5227367401123 27.7760486602783 27.0716953277588 25.511071395874 22.9182556152344 19.505224609375 15.7921882629394 12.1178512573242 8.51275787353515 4.94919204711914 1.8144645690918 -1.19820594787598 -3.54165115356446 -6.0944263458252 -8.85307579040527 -12.1948429107666 -16.0735481262207 -19.3001121520996
-9999 -9999 -9999 -9999 -9999 -9999 -9999 -9999 -9999 -9999 -9999 -9999 -9999 -9999 -9999 -9999 -9999 -9999 -9999 -9999 -9999 -9999 -9999 -9999 60.5953884124756 56.9171115875244 52.4545810699463 46.8147914886475 40.8713558197021 35.8674488067627 31.7161964416504 28.8996173858643 27.4493392944336 27.8617763519287 28.7751205444336 29.7964332580566 30.5347110748291 30.6974319458008 29.9850803375244 28.6181522369385 26.2804374694824 22.9419067382812 18.8123458862305 15.2074974060059 12.0850582122803 8.73353462219238 6.04625816345215 3.46726531982422 1.67692718505859 -0.762379455566403 -3.80332717895509 -7.19026832580566 -11.2383609771729 -14.940832901001
-9999 -9999 -9999 -9999 -9999 -9999 -9999 -9999 -9999 -9999 -9999 -9999 -9999 -9999 -9999 -9999 -9999 -9999 -9999 -9999 -9999 -9999 -9999 -9999 64.3890727996826 59.6144416809082 53.7954280853271 46.8275524139404 40.6325794219971 35.0376998901367 30.6603015899658 27.7715896606445 26.2120197296143 26.6817539215088 29.0320278167725 31.0266712188721 32.6127002716064 33.5207847595215 33.6313488006592 32.5327388763428 30.0290149688721 26.9706817626953 23.3614906311035 20.0243713378906 16.8928192138672 14.1152084350586 11.5524990081787 9.58274917602539 8.13782005310058 5.64441604614258 2.85924987792968 -1.14297904968262 -5.49519844055176 -10.6010478973389
-9999 -9999 -9999 -9999 -9999 -9999 -9999 -9999 -9999 -9999 -9999 -9999 -9999 -9999 -9999 -9999 -9999 -9999 -9999 -9999 -9999 -9999 -9999 -9999 67.6246078491211 62.2647792816162 55.3443126678467 48.0151905059814 40.7409534454346 34.5681541442871 29.9618137359619 26.8214328765869 25.6474346160889 26.5022731781006 28.9338172912598 32.3353351593017 34.7734199523926 36.1919994354248 37.0788280487061 36.526781463623 34.6171390533447 32.1665290832519 29.0746002197266 25.8507469177246 22.8896270751953 20.4665523529053 18.1799007415771 16.6653549194336 15.1349872589111 12.7136783599854 9.52133903503417 5.31218223571777 0.569564819335938 -4.25558052062989
-9999 -9999 -9999 -9999 -9999 -9999 -9999 -9999 -9999 -9999 -9999 -9999 -9999 -9999 -9999 -9999 -9999 -9999 -9999 -9999 -9999 -9999 -9999 -9999 -9999 -9999 56.7212787628174 48.6960235595703 40.8924198150635 34.3313262939453 29.1417636871338 25.4865650177002 24.0190311431885 25.7474773406982 28.9450126647949 32.6584686279297 36.2029495239258 38.7208431243896 40.2213916778564 40.3848747253418 39.3566539764404 37.3987869262695 34.9837474822998 32.1159965515137 29.5461311340332 27.2315998077393 25.29072265625 23.9468818664551 22.1555191040039 19.5683712005615 16.3921043395996 12.2656105041504 7.28240699768067 2.09773292541503
-9999 -9999 -9999 -9999 -9999 -9999 -9999 -9999 -9999 -9999 -9999 -9999 -9999 -9999 -9999 -9999 -9999 -9999 -9999 -9999 -9999 -9999 -9999 -9999 -9999 -9999 57.9643890380859 49.2119625091553 41.106135559082 33.7182746887207 28.2747566223145 24.3295764923096 23.7008350372314 25.2695232391357 29.0791938781738 33.1908893585205 37.2882289886475 40.8792011260986 43.35758934021 44.3043243408203 43.9264537811279 42.7752712249756 40.8886627197266 38.8296363830566 36.3480575561523 34.2503593444824 32.6778537750244 30.8655925750732 29.204056930542 26.3728851318359 22.8754241943359 18.8570831298828 14.0453964233398 8.52488288879394
-9999 -9999 -9999 -9999 -9999 -9999 -9999 -9999 -9999 -9999 -9999 -9999 -9999 -9999 -9999 -9999 -9999 -9999 -9999 -9999 -9999 -9999 -9999 -9999 -9999 66.9060153961182 58.5162673950195 49.7647151947021 41.2959911346436 33.3621570587158 27.4424488067627 24.1169101715088 23.645592880249 25.4222957611084 28.9656837463379 33.3657440185547 38.1953624725342 42.649089050293 46.5736621856689 47.8651103973389 48.6735534667969 48.2211605072021 46.7982856750488 44.9675331115723 42.5901954650879 41.1056114196777 39.5076404571533 37.5959850311279 35.3482135772705 32.4958347320557 28.8083267211914 24.706107711792 19.9121841430664 14.4577713012695
-9999 -9999 -9999 -9999 -9999 -9999 -9999 -9999 -9999 -9999 -9999 -9999 -9999 -9999 -9999 -9999 -9999 -9999 -9999 -9999 -9999 -9999 -9999 -9999 -9999 68.1842712402344 59.6037288665771 50.1170780181885 41.1171432495117 33.3911861419678 28.3090953826904 24.7063110351562 23.9371265411377 25.6484619140625 28.746662902832 33.3379695892334 39.3286689758301 44.8066608428955 48.7274555206299 51.681725692749 52.9012706756592 53.0405609130859 52.3485160827637 50.591654586792 48.6106441497803 46.8375537872314 45.4056442260742 43.4445442199707 41.2152687072754 37.3070190429687 33.7565540313721 28.9104415893555 24.2577163696289 19.3737239837646
-9999 -9999 -9999 -9999 -9999 -9999 -9999 -9999 -9999 -9999 -9999 -9999 -9999 -9999 -9999 -9999 -9999 -9999 -9999 -9999 -9999 -9999 -9999 -9999 -9999 -9999 60.3396579742432 50.9294731140137 41.1274570465088 33.5128372192383 28.3571125030518 26.0528423309326 26.0847141265869 27.9341632843018 30.7314781188965 35.3685359954834 41.2464447021484 46.9097072601318 51.2604988098145 54.2950634002685 56.6473812103271 57.5064483642578 57.0589698791504 55.9270595550537 53.7734119415283 52.0026844024658 50.3583862304688 47.9769702911377 45.3640804290771 41.6680187225342 37.4967361450195 32.7352005004883 28.0229080200195 23.2848937988281
-9999 -9999 -9999 -9999 -9999 -9999 -9999 -9999 -9999 -9999 -9999 -9999 -9999 -9999 -9999 -9999 -9999 -9999 -9999 -9999 -9999 -9999 -9999 -9999 -9999 -9999 -9999 51.97868309021 42.4364398956299 34.7952674865723 29.7317825317383 27.6410655975342 28.4559070587158 30.5971832275391 34.0370079040527 39.0913688659668 44.7466033935547 50.3029876708984 54.378437423706 57.9368892669678 60.2191352844238 61.702180480957 61.4900218963623 60.5781017303467 58.9687488555908 57.0686950683594 54.6808948516846 51.9568389892578 48.6746635437012 44.3886474609375 39.890408706665 35.4904987335205 30.9103595733643 26.4482738494873
-9999 -9999 -9999 -9999 -9999 -9999 -9999 -9999 -9999 -9999 -9999 -9999 -9999 -9999 -9999 -9999 -9999 -9999 -9999 -9999 -9999 -9999 -9999 -9999 -9999 -9999 -9999 53.7151153564453 44.6810035705566 37.9848819732666 33.2782653808594 31.4393966674805 31.8009841918945 34.5137615203857 38.3575813293457 43.4292213439941 49.3383701324463 54.2950355529785 58.6790409088135 61.9752117156982 64.2525337219238 65.8008884429932 65.6408214569092 64.8030052185059 63.1652423858643 60.6216346740723 58.1344787597656 55.3957733154297 51.3065055847168 46.0305500030518 41.3720726013184 36.9740715026855 32.060164642334 27.6709880828857
-9999 -9999 -9999 -9999 -9999 -9999 -9999 -9999 -9999 -9999 -9999 -9999 -9999 -9999 -9999 -9999 -9999 -9999 -9999 -9999 -9999 -9999 -9999 -9999 -9999 -9999 -9999 56.4106407165527 48.5554828643799 42.273690032959 38.4883968353272 36.7609184265137 37.2116355895996 39.6484401702881 43.553734588623 48.5400886535645 54.0162635803223 59.077318572998 63.2855941772461 66.1887851715088 68.1108577728271 69.641077041626 69.5543594360352 68.6090888977051 66.8979846954346 64.1714324951172 61.2726013183594 57.6426288604736 52.8161930084228 47.5537696838379 42.1164100646973 36.8510425567627 32.1070068359375 27.9552131652832
-9999 -9999 -9999 -9999 -9999 -9999 -9999 -9999 -9999 -9999 -9999 -9999 -9999 -9999 -9999 -9999 -9999 -9999 -9999 -9999 -9999 -9999 -9999 -9999 -9999 -9999 -9999 60.0773937225342 53.4001781463623 47.9619598388672 45.2223205566406 43.9483901977539 44.4911609649658 46.5714504241943 50.3509567260742 54.8033740997314 59.6321472167969 64.2604663848877 68.1899795532227 71.0427040100098 72.4643867492676 73.3607563018799 73.1894607543945 72.153963470459 69.8031867980957 66.9236248016357 63.1209392547607 58.9597503662109 53.9011302947998 47.8700836181641 42.0856643676758 36.4727462768555 31.3954521179199 27.6965305328369
-9999 -9999 -9999 -9999 -9999 -9999 -9999 -9999 -9999 -9999 -9999 -9999 -9999 -9999 -9999 -9999 -9999 -9999 -9999 -9999 -9999 -9999 -9999 -9999 -9999 -9999 -9999 65.218741607666 60.3736667633057 55.6203746795654 53.5947227478027 53.0559680938721 53.5589603424072 55.35666847229 58.3487339019775 62.0178852081299 65.9601634979248 69.7264728546143 72.9802982330322 75.4186687469482 77.0078105926514 77.4407970428467 76.8817344665527 74.6173988342285 71.9576915740967 68.4418251037598 64.1399044036865 59.1716949462891 53.7271808624267 47.2867000579834 41.0432945251465 35.6019638061523 31.0426445007324 27.6653736114502
-9999 -9999 -9999 -9999 -9999 -9999 -9999 -9999 -9999 -9999 -9999 -9999 -9999 -9999 -9999 -9999 -9999 -9999 -9999 -9999 -9999 -9999 -9999 -9999 -9999 -9999 -9999 -9999 68.1157035827637 65.4882274627685 63.2955001831055 62.9677368164062 63.491614151001 64.6733589172363 66.8201602935791 69.5121482849121 72.4883438110352 75.3138271331787 77.8834167480469 79.5095394134521 80.5016929626465 80.5215866088867 79.5460662841797 76.7805099487305 73.6033317565918 69.2770908355713 64.5784740447998 58.6670269012451 52.1205207824707 45.474813079834 39.4639472961426 34.5561275482178 30.5048877716064 28.0312976837158
-9999 -9999 -9999 -9999 -9999 -9999 -9999 -9999 -9999 -9999 -9999 -9999 -9999 -9999 -9999 -9999 -9999 -9999 -9999 -9999 -9999 -9999 -9999 -9999 -9999 -9999 -9999 -9999 76.6153919219971 74.8111209869385 73.3710697174072 72.8200912475586 72.9616352081299 73.6168544769287 74.9541637420654 76.6309734344482 78.5565818786621 80.5755886077881 82.1506698608398 83.1865161895752 83.4733932495117 82.9353210449219 81.4146785736084 78.8484725952148 74.6069236755371 70.167227935791 64.2945888519287 57.4743354797363 50.0056823730469 43.392268371582 36.7765720367432 32.6261768341064 29.3120338439941 27.6637954711914
-9999 -9999 -9999 -9999 -9999 -9999 -9999 -9999 -9999 -9999 -9999 -9999 -9999 -9999 -9999 -9999 -9999 -9999 -9999 -9999 -9999 -9999 -9999 -9999 -9999 -9999 -9999 -9999 84.4380474090576 83.4205749511719 82.796448135376 81.8481746673584 81.4492115020752 81.4296726226807 81.8996215820312 82.8536468505859 83.9111167907715 84.9460472106934 85.818376159668 86.1314670562744 85.9313632965088 84.764208984375 82.8012336730957 79.7364696502685 75.3823905944824 70.1362144470215 63.8610851287842 56.8440559387207 48.7166946411133 41.5234222412109 35.196044921875 31.480818939209 29.1794502258301 28.5661544799805
-9999 -9999 -9999 -9999 -9999 -9999 -9999 -9999 -9999 -9999 -9999 -9999 -9999 -9999 -9999 -9999 -9999 -9999 -9999 -9999 -9999 -9999 -9999 -9999 -9999 -9999 -9999 -9999 -9999 -9999 89.6348598480225 89.0846744537353 88.4780445098877 87.7932846069336 87.5862239837646 87.8001403808594 88.0964988708496 88.3195297241211 88.6193286895752 88.444552230835 87.6282894134522 86.2543590545654 83.7735523223877 80.2596027374268 75.3235763549805 69.5669582366943 62.801167678833 55.6313552856445 47.8312217712402 40.6221908569336 34.8526222229004 31.3993564605713 29.7612449645996 30.2247711181641
-9999 -9999 -9999 -9999 -9999 -9999 -9999 -9999 -9999 -9999 -9999 -9999 -9999 -9999 -9999 -9999 -9999 -9999 -9999 -9999 -9999 -9999 -9999 -9999 -9999 -9999 -9999 -9999 -9999 -9999 -9999 -9999 93.1711744308472 92.5564176559448 91.7009086608887 91.2089923858642 90.8834276199341 90.5866527557373 90.5378154754639 89.946950340271 88.8761651992798 86.9645721435547 84.1473793029785 80.1834659576416 74.9145118713379 68.8407024383545 62.0948387145996 54.6925479888916 47.115495300293 41.1087516784668 36.187512588501 33.3788372039795 32.4648830413818 33.4679248809814
-9999 -9999 -9999 -9999 -9999 -9999 -9999 -9999 -9999 -9999 -9999 -9999 -9999 -9999 -9999 -9999 -9999 -9999 -9999 -9999 -9999 -9999 -9999 -9999 -9999 -9999 -9999 -9999 -9999 -9999 -9999 -9999 95.9978685379028 95.1157577514648 93.8554870605469 92.8122625350952 92.0983995437622 91.5903345108032 91.3479162216186 90.4331256866455 89.0836278915405 86.9887920379639 83.8840316772461 79.7026496887207 74.4934616088867 68.193826675415 61.6906093597412 54.0381172180176 47.1885101318359 41.8397708892822 38.6867916107178 37.0375991821289 36.8394622802734 38.3143432617187
