indici/fabbisogno_annuo.asc
NCOLS 177 
NROWS 174 
XLLCORNER 1436301.375 
YLLCORNER 4916704.5 
CELLSIZE 1500 
NODATA_value -9999 
[rows 100 to 119 of 174, columns 88 to 131 of 177]
-76.8439836502075 -73.4057879447937 -69.2746238708496 -64.0876504927874 -57.6335213184357 -50.1403081417084 -42.5813679695129 -34.9542486667633 -29.2311962097883 -23.6850265264511 -18.7372329235077 -15.9653084278107 -14.2194583415985 -12.2673687934875 -11.4450123310089 -12.8827877044678 -14.0594398975372 -15.5389380455017 -18.6352640390396 -21.7983421087265 -24.7167774215341 -27.9555495977402 -31.2724196910858 -34.8477468490601 -36.3960518836975 -35.707582950592 -35.4196538925171 -33.5356492996216 -30.1591324806213 -22.7726392745972 -17.5388422012329 -16.5918841362 -16.3199129104614 -17.7018880844116 -19.7811555862427 -23.1931476593018 -24.3991651535034 -25.1440658569336 -27.7239422798157 -27.6723890304565 -28.078577041626 -29.4625816345215 -30.946916103363 -28.3004512786865
-68.040557384491 -64.7334936857224 -59.8463313579559 -54.0518274307251 -47.7897565364838 -41.1759994029999 -34.706015586853 -28.2091968506575 -23.8716659545898 -19.1697826385498 -15.1827607154846 -13.057088136673 -11.8894734382629 -10.5436449050903 -10.0625114440918 -10.9273910522461 -11.4287967681885 -12.4735341072083 -14.4055018424988 -16.2742488384247 -18.0540775060654 -19.2172821164131 -20.345482647419 -21.7973591089249 -21.186450958252 -18.5111699104309 -16.2738742828369 -13.3327832221985 -9.54299879074097 -5.74165964126587 -1.74960589408875 -2.85831570625305 -4.56735873222351 -7.18569111824036 -10.6270051002502 -13.9625689983368 -17.5516059398651 -20.4030418395996 -22.7995376586914 -23.7602434158325 -22.7761130332947 -25.6369552612305 -28.083291053772 -25.2076969146729
-58.760728597641 -55.4907066822052 -50.071702003479 -43.9452648162842 -37.7395482063293 -32.0210707187653 -26.3753610625863 -21.2711673974991 -17.8271659612656 -14.4896965026855 -11.2483615875244 -10.1091184616089 -9.43700695037842 -8.88752412796021 -8.38100528717041 -8.84180879592896 -8.89228677749634 -8.92550611495972 -9.99240112304688 -10.6253292560577 -11.5527663230896 -10.8339946269989 -10.0999596118927 -9.30193480849266 -6.66501313447952 -2.33685302734375 1.94841802120209 6.21139645576477 8.56275677680969 10.6924911737442 13.0573223233223 9.98281097412109 6.18877756595612 1.83395004272461 -2.33237302303314 -6.20116233825684 -9.61174547672272 -13.530978679657 -17.1992003917694 -18.1411437988281 -18.0182585716248 -19.2082812786102 -20.8661303520203 -22.5064964294434
-50.0415077209473 -45.5139904022217 -40.1293275356293 -33.9086911678314 -27.6852474212646 -23.5227928161621 -18.8494266271591 -14.5463714599609 -12.3985438346863 -10.1482841968536 -7.94155073165894 -7.25589084625244 -7.36737203598022 -7.45857048034668 -7.38171720504761 -6.85205221176147 -6.64322376251221 -5.89145231246948 -5.88690853118896 -5.59820413589478 -5.19358944892883 -3.44999003410339 -0.930141448974609 1.15729260444641 4.87571144104004 10.0445781946182 15.3140983581543 19.666024774313 20.4617729187012 21.173083126545 22.4710338711739 18.455545425415 13.885869204998 8.77398796379566 4.69218522310257 0.832644641399384 -2.51106375455856 -5.23154181241989 -6.46624720096588 -8.16755747795105 -10.9771010875702 -11.9309215545654 -13.7540172338486 -16.8784122467041
-36.5116522312164 -33.7294659614563 -28.734828710556 -23.8500591516495 -21.1708335876465 -18.4156326055527 -15.2701419591904 -11.9148724079132 -10.4542803764343 -8.52749967575073 -7.30728983879089 -6.93833827972412 -6.87484979629517 -6.9803581237793 -6.50726127624512 -5.92975425720215 -5.0300145149231 -4.27522468566895 -2.98233795166016 -1.43296146392822 -0.284719467163086 2.22656631469727 4.88906478881836 7.65079915523529 11.2629902362823 15.8229430913925 20.3018680810928 24.2512050569057 24.6125709414482 24.827260196209 25.2793926000595 21.9920002222061 17.7445785403252 13.5702942013741 10.0630557984114 7.12404403090477 4.34446373581886 2.38432693481445 1.71109086275101 0.771170020103455 -1.28182601928711 -5.91110229492188 -6.49500999413431 -6.97266883775592
-22.5515232086182 -21.5276985168457 -19.1971980929375 -16.5001060515642 -13.6567699313164 -12.0247195959091 -10.9295161962509 -9.02067947387695 -8.37247776985168 -7.38372182846069 -6.30549001693726 -5.89152717590332 -5.97013902664185 -5.82371997833252 -5.4195990562439 -4.39012241363525 -3.63865232467651 -1.6530613899231 0.0344343185424805 2.3151741027832 4.70869445800781 7.75962948799133 10.9624652862549 14.2016792297363 17.9309616088867 21.8100303411484 25.5075515508652 28.8711112737656 28.5561637878418 28.1206092834473 27.9261405467987 25.1476809978485 21.8818565607071 18.4019309878349 15.5411468744278 13.1133453845978 10.9355560541153 9.2057021856308 8.47422337532043 8.08052492141724 7.83495330810547 5.6276741027832 3.17364120483398 1.16314959526062
-8.60226669348776 -8.72439002990723 -8.92244148254395 -8.91618233919144 -8.34090650081635 -6.8891350030899 -5.63550639152527 -5.29033517837524 -5.74980354309082 -5.35352969169617 -5.02631688117981 -4.6838481426239 -4.81261563301086 -4.522132396698 -4.21226024627686 -2.67847061157227 -1.4524941444397 0.464870929718018 3.40600967407227 6.38358116149902 9.7574245929718 13.2770419120789 16.9098384380341 20.7075878381729 24.2947959899902 27.3153964877129 30.6495998501778 33.3107131719589 32.4367637634277 31.3843826055527 30.4234291315079 28.0042968988419 25.3100029230118 22.5603625774384 20.0118911266327 18.1756843328476 16.2599494457245 14.708328962326 14.4825451374054 14.827803850174 14.4753575325012 12.4910249710083 10.4002215862274 8.75837469100952
-0.458184838294983 -1.54410135746002 -2.74611699581146 -3.81662714481354 -4.31108856201172 -4.13017010688782 -3.77599334716797 -3.20228385925293 -2.95221757888794 -2.38617849349976 -1.75945806503296 -1.82586288452148 -1.41461062431335 -1.21228361129761 -0.340911865234375 1.29304027557373 3.04619932174683 5.06120157241821 8.43614912033081 11.8237657546997 15.141909122467 18.6691024303436 21.6791262626648 25.1791491508484 27.7173385620117 29.8978641033173 32.4933273792267 34.4730548858643 33.4801086187363 32.168487906456 31.0210930109024 29.0430355072021 26.638121843338 24.4442322254181 22.6236507892609 21.2928586006165 19.7417442798615 18.4048838615417 18.4354915618896 18.5306324958801 18.5578756332397 17.5506620407104 16.5929350852966 15.7623987197876
5.49596440792084 3.81840097904205 2.14098393917084 0.60092431306839 -0.682844161987305 -0.860272586345673 -0.501934051513672 -0.551124930381775 1.22751188278198 1.52305603027344 1.76981663703918 1.87704992294312 1.96222639083862 2.54715585708618 3.63340854644775 5.7149806022644 7.97481727600098 9.86487531661987 13.8151488304138 17.3062448501587 21.042811870575 23.8367137908936 26.9329342842102 29.3470928668976 31.4846596717834 32.7490241527557 34.1864849328995 35.7448647022247 34.6867091655731 33.0506999492645 31.8972301483154 30.3490726947784 28.4427287578583 26.6008716821671 25.1724324226379 24.1026072502136 23.0290598869324 22.0688886642456 22.316424369812 22.291033744812 22.8064069747925 22.3945736885071 22.4006433486938 22.6135330200195
11.0553562641144 8.89346313476562 6.50134545564651 4.4471321105957 2.728898614645 2.08263319730759 2.25815045833588 2.07174682617188 2.48146665096283 2.94061350822449 3.66593027114868 4.80156946182251 5.68480491638184 6.44147634506226 7.42400932312012 9.97982883453369 12.4844284057617 15.2508044242859 19.2762980461121 22.986912727356 26.8880515098572 29.5665040016174 31.8229820728302 34.2317867279053 35.3960719108582 35.8016581535339 36.3653283119202 37.0959491729736 35.5837256908417 34.4131450653076 32.9957611560822 31.5913784503937 30.2509903907776 28.8213076591492 27.7661769390106 26.9089477062225 26.3551640510559 25.7023591995239 25.9151215553284 26.3824057579041 26.8827438354492 27.3031349182129 28.4236078262329 29.0386457443237
14.7739779949188 12.320810675621 9.63223534822464 7.23833771049976 5.21049384772778 4.7491920478642 4.75211945176125 4.49960631132126 4.99621081352234 5.75737345218658 6.38421869277954 7.60490727424622 9.1365647315979 11.5162963867188 12.8573756217957 16.3277063369751 18.5284833908081 21.4301962852478 25.7997770309448 28.8803381919861 32.500955581665 34.4844517707825 35.7013006210327 38.0752158164978 38.5040047168732 38.3059940338135 38.240531206131 38.6454644203186 37.1311619281769 35.7435142993927 34.2278656959534 32.9472625255585 31.5352470874786 30.1588883399963 29.1384475231171 28.6121430397034 28.2188849449158 27.9177341461182 28.5591878890991 29.2306113243103 29.9265975952148 31.1426019668579 32.9912891387939 34.080885887146
15.6004947423935 13.3157081604004 10.940642952919 8.65671539306641 7.1102123260498 6.93546371161938 6.78480453789234 6.8601810336113 7.6190899014473 8.76704442501068 9.61608648300171 11.2498409748077 13.7278277873993 15.9609093666077 19.0358166694641 22.7676272392273 25.9276418685913 29.5264024734497 31.6744346618652 35.2585954666138 37.6360540390015 38.8462867736816 39.6710667610168 40.9347667694092 41.5818209648132 40.673168182373 40.1883187294006 39.9605975151062 38.640837430954 37.0384624004364 35.6628060340881 34.3085999488831 32.9195599555969 31.6473762989044 30.6388194561005 30.2699246406555 29.8631854057312 29.5896406173706 30.8165464401245 31.9295024871826 33.006932258606 34.9656200408936 37.7110242843628 39.3549909591675
16.7076381444931 14.3713481426239 12.2521152496338 10.1864128112793 8.70596158504486 8.42648774385452 8.50187110900879 8.72452125512064 9.82871931791306 11.1060520410538 12.6777873039246 14.9522144794464 17.8578162193298 20.8429293632507 24.1618528366089 28.0583138465881 32.1861248016357 35.7607088088989 38.6399803161621 41.2349090576172 42.8763360977173 43.7327499389648 44.1919050216675 44.8788642883301 44.5599346160889 43.2841506004333 42.5208599567413 41.8370754718781 40.5802369117737 38.7404232025146 37.1707999706268 35.7978167533875 34.472501039505 32.9362227916718 32.0849680900574 32.0314812660217 31.7549428939819 31.762806892395 33.3157019615173 34.7717914581299 36.1753940582275 38.6733646392822 41.7165908813477 44.7078657150269
17.9478733539581 15.5962864160538 13.6369354128838 11.9446594268084 10.5159195065498 10.3935481905937 10.3228534758091 10.4141643643379 11.9424022734165 13.4695876836777 15.0220572948456 17.9127717018127 21.6809186935425 25.3480939865112 29.0854573249817 33.4549932479858 37.5792388916016 41.7015447616577 43.9820680618286 46.0383996963501 47.836236000061 48.6014461517334 47.8138833045959 48.4478998184204 47.3588933944702 45.8723759651184 44.7418684959412 43.7797400951385 42.5017521381378 40.7674541473389 39.1576545238495 37.7901253700256 36.4087080955505 35.1549830436707 34.3730034828186 34.5410356521606 34.5852994918823 34.8134965896606 36.5389728546143 38.6645021438599 40.3199605941772 43.2628154754639 46.5956611633301 49.8824253082275
19.9191238880157 17.1044342517853 15.0713337063789 13.4718925505877 11.6585636138916 11.3381881713867 10.9009494781494 10.7165821194649 12.183988571167 13.8136882781982 15.7237765789032 19.1206550598145 23.7060918807983 28.1353526115417 32.525764465332 36.8362512588501 41.0954256057739 45.3740644454956 47.3580169677734 48.6152601242065 50.2391653060913 50.7219619750977 50.7110910415649 50.4425649642944 49.3680701255798 48.0548157691956 46.9806146621704 46.0066390037537 44.730664730072 43.4315819740295 41.8604669570923 40.5791306495667 39.4101972579956 38.0975122451782 37.5035862922668 37.8014273643494 37.8067808151245 38.148268699646 40.655909538269 42.7344913482666 44.890700340271 47.9926204681396 51.3391723632812 55.2186756134033
21.3956305980682 18.5817928314209 16.5185233950615 14.6231452941429 12.9208496212959 12.4164081811905 11.6540569067001 11.0885437130928 12.5141235291958 14.4970218539238 16.4286098480225 20.2583870887756 25.4996719360352 30.8117170333862 35.9598159790039 40.4360094070435 44.6467332839966 49.1763105392456 50.7132129669189 52.1241359710693 53.4063568115234 53.5280494689941 52.9161281585693 52.5748796463013 52.2106904983521 50.5503759384155 49.6223683357239 48.3473091125488 47.284764289856 46.0355100631714 44.5445499420166 43.4682946205139 42.434262752533 41.32288646698 40.7103137969971 40.9829802513123 41.2411680221558 41.5226774215698 44.3674793243408 46.9909238815308 49.5592460632324 52.7743635177612 56.6330823898315 60.6802759170532
23.1676254272461 20.6213439702988 18.1761333346367 16.1892166137695 14.2502769529819 13.4712154269218 12.4447910189629 11.6286388635635 13.0206531584263 15.0379249453545 17.323782324791 21.465847492218 27.5873193740845 33.6972045898438 39.5586261749268 44.0972108840942 48.57301902771 52.8929767608643 54.399995803833 55.7426567077637 56.8397855758667 56.7463865280151 55.9026479721069 55.1135320663452 54.9051113128662 53.726490020752 52.4929175376892 51.4092493057251 50.1063027381897 48.9986472129822 47.7328538894653 46.7690005302429 45.7942686080933 44.3755865097046 43.6821460723877 44.1081132888794 44.5717782974243 45.1226949691772 48.1959028244019 51.1930170059204 54.1754083633423 57.6307554244995 61.2480239868164 65.339168548584
26.9953117370605 24.045649766922 21.8851808309555 19.0933510065079 17.1025108397007 15.4770011901855 14.1044009923935 12.9785842895508 14.3203346133232 16.4462951719761 18.7044513225555 23.0664463043213 29.489287853241 36.2780900001526 42.6801996231079 47.0989847183228 51.2707748413086 55.4581327438354 57.0808401107788 58.2638120651245 59.3248062133789 59.2576313018799 58.4668045043945 57.8014965057373 57.3249111175537 56.465142250061 55.3805184364319 54.0578713417053 52.9528779983521 51.74090051651 50.4612021446228 49.9342160224915 48.7059783935547 47.3559136390686 46.6460423469543 47.5200147628784 48.3971252441406 49.3004035949707 52.4963989257812 55.5779886245728 58.6451635360718 62.0141181945801 65.3492279052734 68.4695911407471
30.660564661026 27.7801101207733 25.5459182262421 23.1227598190308 20.8415899276733 18.712970353663 16.8968048095703 14.1067333221436 14.5827342867851 17.8960567414761 20.5392353534698 25.1906750202179 32.1979150772095 39.089102268219 45.818920135498 50.0294456481934 54.0447635650635 57.787220954895 59.6784915924072 60.7457332611084 61.960729598999 61.9884996414185 61.0352182388306 60.3717250823975 59.5235843658447 58.9371566772461 58.0507230758667 57.3768529891968 55.926869392395 54.6465954780579 53.3519954681396 52.4854388237 51.551287651062 50.388409614563 49.6317577362061 51.0117273330688 52.2696838378906 53.5792350769043 56.8842105865479 60.0027952194214 63.2222166061401 66.3438501358032 69.5091533660889 72.6677513122559
34.7292175292969 31.5050978660583 29.1565537452698 26.9497356414795 24.0476137399673 21.6868618130684 19.487921141088 16.7605274319649 17.17018699646 20.3487541079521 22.7054436206818 27.4846358299255 34.8295540809631 42.1824550628662 49.2601671218872 53.1648874282837 56.8601322174072 60.5257978439331 62.1894960403442 63.4110126495361 64.4930248260498 64.5794467926025 63.8650121688843 63.1199254989624 62.4597663879395 61.5212326049805 60.5277557373047 59.568172454834 58.10879945755 56.6571683883667 55.6107702255249 54.681752204895 53.9095325469971 52.7629442214966 52.5540637969971 54.5789442062378 56.4030265808105 58.2351551055908 61.4536905288696 64.8017721176147 67.9943466186523 70.9777097702026 73.8403434753418 76.690372467041
