indici/fabbisogno08.asc
NCOLS 177 
NROWS 174 
XLLCORNER 1436301.375 
YLLCORNER 4916704.5 
CELLSIZE 1500 
NODATA_value -9999 
[rows 120 to 139 of 174, columns 132 to 175 of 177]
44.2375137329102 44.4461082458496 44.7684074401856 45.0204109191895 45.213151550293 45.402067565918 45.5709182739258 45.9031768798828 46.1430252075195 46.3544548034668 46.6281562805176 46.825643157959 47.0406188964844 47.2236625671387 47.2467430114746 47.2552955627441 47.3566963195801 47.1527275085449 46.910319519043 46.6156089782715 46.4545906066895 46.4324462890625 46.3088745117188 46.3769233703613 46.5995590209961 46.8766136169434 47.1641036987305 -65.0062713623047 -64.904914855957 -64.7714309692383 -64.7058944702148 -64.6852951049805 -64.5845413208008 -64.4188919067383 -64.0880966186523 -63.7513847351074 -63.4077453613281 -62.7491035461426 -62.1164169311523 -61.5877304077148 -60.9036750793457 -60.1344299316406 -59.4958953857422 -58.9465866088867
44.8518119812012 45.0173988342285 45.1636581420898 45.3705177307129 45.5746681213379 45.7387054443359 45.9446311950684 46.2070701599121 46.4578956604004 46.7161750793457 46.9915145874023 47.2554008483887 47.4209571838379 47.536499786377 47.6261344909668 47.7401008605957 47.9556419372559 47.9269195556641 47.8626960754395 47.7821868896484 47.7199577331543 47.6767776489258 47.5586135864258 47.4603149414063 47.5611953735352 47.662915802002 -64.4627990722656 -64.5364379882812 -64.5939025878906 -64.6313400268555 -64.6376724243164 -64.6122894287109 -64.5182800292969 -64.3368759155273 -63.8954620361328 -63.4394226074219 -62.9702491760254 -62.1769790649414 -61.3849258422852 -60.6781349182129 -59.8870162963867 -59.0440216064453 -58.310604095459 -57.7119483947754
45.4227333068848 45.549690246582 45.6955474853516 45.7203979492188 45.9019538879395 46.1089248657227 46.3049949645996 46.5171569824219 46.7719436645508 47.1148391723633 47.3677658081055 47.5241241455078 47.6438385009766 47.825025177002 47.9663330078125 48.2023735046387 48.5170051574707 48.6543853759766 48.739990234375 48.8362083435059 48.8277069091797 48.7208290100098 48.6035835266113 48.4420509338379 48.4382835388184 48.3943260192871 -63.936824798584 -64.1792221069336 -64.4174270629883 -64.6506423950195 -64.7553482055664 -64.7325592041016 -64.6517791748047 -64.4675979614258 -63.9194831848145 -63.3483467102051 -62.7564163208008 -61.8479652404785 -60.9195175170898 -60.0566215515137 -59.1554489135742 -58.2270240783691 -57.3864822387695 -56.7266273498535
46.3253067016602 46.3634017944336 46.4378845214844 46.5498542785645 46.6786178588867 46.8324340820313 46.9612022399902 47.1901031494141 47.5197776794434 47.8340606689453 48.0689575195313 48.2334403991699 48.3170043945313 48.4551338195801 48.5747116088867 48.7812286376953 49.1480438232422 49.252815246582 49.3350608825684 49.4296165466309 49.4526870727539 49.418603515625 49.258504486084 49.1940338134766 49.0598655700684 48.9336769104004 48.8224617004395 48.5412239074707 -64.4235687255859 48.0362342834473 48.0303176879883 -65.0378799438477 -64.9557495117188 -64.7616500854492 -64.0918426513672 -63.3920669555664 -62.6635475158691 -61.6354141235352 -60.5698928833008 -59.5480117797852 -58.5240859985352 -57.4995422363281 -56.5392379760742 -55.792423248291
47.3021003723145 47.3222206115723 47.29658203125 47.362370300293 47.4777008056641 47.5595695495605 47.6317207336426 47.8419425964355 48.1626205444336 48.4901931762695 48.7399894714355 48.8977523803711 48.9719993591309 49.0842193603516 49.1739891052246 49.3803016662598 49.7374229431152 49.8956077575684 49.972541809082 50.0667579650879 50.220393371582 50.1667877197266 50.009806060791 49.9147331237793 49.8202644348145 49.5063056945801 49.2294960021973 48.751424407959 48.2769683837891 47.8132606506348 47.754288482666 -65.3144226074219 -65.2428665161133 -65.0629959106445 -64.2898864746094 -63.4821586608887 -62.6383247375488 -61.5095863342285 -60.324649810791 -59.1530532836914 -58.0110664367676 -56.8979721069336 -55.8001174926758 -54.930362701416
48.2209808349609 48.1652374267578 48.1653511047363 48.1703506469727 48.2107856750488 48.2492248535156 48.2913024902344 48.4757637023926 48.7261299133301 49.087085723877 49.3903091430664 49.4862419128418 49.5691452026367 49.6639213562012 49.7860961914063 49.9915946960449 50.3410705566406 50.5135963439941 50.605640411377 50.7072616577149 50.814192199707 50.816227722168 50.7492446899414 50.7050476074219 50.4205207824707 50.108056640625 49.7225845336914 49.1144340515137 48.4651718139648 47.8504241943359 47.6841941833496 -65.4016876220703 -65.3259735107422 -65.1583099365234 -64.2822952270508 -63.3721733093262 -62.4220962524414 -61.2105331420898 -59.9343795776367 -58.6453323364258 -57.413330078125 -56.241397857666 -55.0437126159668 -54.0544967651367
49.4297782897949 49.3621604919434 49.3446937561035 49.3110122680664 49.3324035644531 49.3382057189941 49.3105728149414 49.3994430541992 49.6305694580078 49.8501815795898 50.0850250244141 50.1242301940918 50.1591758728027 50.1902603149414 50.3158279418945 50.499942779541 50.8258834838867 51.0177124023437 51.1564384460449 51.3328681945801 51.5072135925293 51.5825500488281 51.5989181518555 51.6270774841309 51.3541854858398 51.0637908935547 50.6671417236328 50.093824005127 49.4865875244141 48.8550132751465 48.5427528381348 48.7958641052246 49.2458946228027 -64.559211730957 -63.6781005859375 -62.7587699890137 -61.7892570495605 -60.5811233520508 -59.2982978820801 -57.9675598144531 -56.7037048339844 -55.5192909240723 -54.2667999267578 -53.173152923584
51.1231269836426 50.9944969177246 50.9107635498047 50.7471298217773 50.7446350097656 50.7350242614746 50.6495719909668 50.6359184265137 50.6310768127441 50.6962493896484 50.8156890869141 50.763875579834 50.7645286560059 50.7518547058105 50.8099052429199 50.9806434631348 51.282341003418 51.5021705627441 51.6885070800781 51.9273780822754 52.1620491027832 52.3343238830566 52.4772087097168 52.566495513916 52.3283485412598 52.0472747802734 51.6432601928711 51.1108108520508 50.4988761901856 49.8847839355469 49.6412139892578 49.7529640197754 50.0586982727051 50.3591758728027 -63.0505142211914 -62.1092720031738 -61.1105690002441 -59.894344329834 -58.5946998596191 -57.1956253051758 -55.8695106506348 -54.6420021057129 -53.3291282653809 -52.1291999816895
52.7797378540039 52.5407455444336 52.327294921875 52.1026321411133 52.0464408874512 51.9707038879395 51.9048736572266 51.7705833435059 51.5711273193359 51.5930877685547 51.5329170227051 51.4454986572266 51.3818161010742 51.3357864379883 51.3828262329102 51.5228172302246 51.7770538330078 52.0035057067871 52.2199005126953 52.5425872802734 52.887606048584 53.1110412597656 53.3063972473145 53.4753021240234 53.3450584411621 53.0839385986328 52.6954650878906 52.1751609802246 51.6366973876953 51.0035774230957 50.6940444946289 50.8153160095215 50.9838912963867 51.2073661804199 52.5567756652832 53.99560546875 -60.4086990356445 -59.1746673583984 -57.8473968505859 -56.363338470459 -54.9638137817383 -53.6972885131836 -52.3432426452637 -51.0622406005859
54.4183174133301 54.0926750183105 53.8108589172363 53.5076454162598 53.377645111084 53.2656402587891 53.1478141784668 52.9609764099121 52.6994415283203 52.5181312561035 52.3756637573242 52.2140464782715 52.0784729003906 51.9436363220215 51.9773529052734 52.0919075012207 52.3216133117676 52.5605819702148 52.8065299987793 53.2020378112793 53.6104881286621 53.9080451965332 54.147777557373 54.4297859191895 54.3106781005859 54.159326171875 53.8540885925293 53.4033332824707 52.8842712402344 52.3171249389649 51.942073059082 52.1359596252441 52.3551078796387 52.5859130859375 53.9300270080566 55.3502212524414 56.8188293457031 58.3539604187012 59.9175148010254 -55.1526145935059 -53.7412872314453 -52.5483741760254 -51.2596168518066 -49.9930114746094
55.8313255310059 -54.873161315918 55.179020690918 54.8257789611816 54.684513092041 54.6074264526367 54.5145713806152 54.3004776000977 53.984449005127 53.6797004699707 53.4083862304688 53.1334579467773 52.8556747436523 52.5987327575684 52.6372344970703 52.7173881530762 52.9283073425293 53.1851402282715 53.4607704162598 53.8664215087891 54.3174942016602 54.7097137451172 55.0693069458008 55.4384399414063 55.3555206298828 55.2783973693848 55.025129699707 54.6812950134277 54.2566963195801 53.6871856689453 53.3622093200684 53.598420715332 53.8933601379395 54.1688827514648 55.4373977661133 56.8146614074707 58.2338623046875 59.8088012695313 61.4224105834961 -53.8097305297852 -52.3632850646973 -51.2273902893066 -50.008358001709 -48.7773590087891
-53.378532409668 -53.8109512329102 56.5282989501953 56.1677864074707 56.0347503662109 55.95947265625 55.8761199951172 55.6585632324219 55.2979110717773 54.9622299194336 54.478971862793 54.0720321655273 53.6633079528809 53.2531578063965 53.2722984313965 53.3615951538086 53.5903709411621 53.8563522338867 54.146248626709 54.5830833435059 -57.9075126647949 55.5725746154785 56.0095970153809 56.4539764404297 56.502912902832 56.4495483398438 56.215892791748 55.9964614868164 55.6485000610352 55.2285835266113 54.9793579101563 55.2989875793457 -59.7064056396484 -59.732536315918 -58.799732208252 -57.7634773254395 -56.601734161377 61.3922554016113 63.0616760253906 -52.2739105224609 -50.7876434326172 -49.7125205993652 -48.5869140625 -47.438102722168
-52.276538848877 -52.7497863769531 57.9194549560547 57.523038482666 57.4077133178711 57.3360656738281 57.3148773193359 57.1149765014649 56.6703323364258 56.1595771789551 55.566047668457 55.0032707214356 54.4600189208984 53.9566444396973 53.9405158996582 54.0489814758301 -58.4486465454102 -58.2891616821289 -58.0856132507324 -57.7435493469238 -57.3747825622559 -56.999927520752 -56.6474838256836 57.4506202697754 57.5318923950195 57.5418830871582 57.4022735595703 57.2431945800781 -57.6791915893555 -58.2185745239258 -58.6004180908203 -58.445140838623 -58.3558120727539 -58.3139533996582 -57.4650688171387 -56.4920883178711 -55.3536262512207 -54.122013092041 -52.8320045471191 -51.2586517333984 -49.8497085571289 -48.9029235839844 -47.9390144348145 -46.969554901123
-51.251636505127 -51.7598762512207 -52.2463645935059 -52.7020416259766 -52.9237098693848 58.6589622497559 58.7125328063965 58.5676246643066 58.1938514709473 57.6633438110352 57.1088737487793 56.4595344543457 55.8342254638672 55.2400772094727 -57.6910552978516 -57.7924919128418 -57.7606925964355 -57.6364898681641 -57.4106826782227 -57.0482749938965 -56.665454864502 -56.3289184570312 -56.0075721740723 -55.7005157470703 -55.7253799438477 -55.8481025695801 -56.145450592041 -56.4381713867188 -56.7222137451172 -57.1326370239258 -57.4122276306152 -57.1428527832031 -56.9513244628906 -56.8235092163086 -56.1021575927734 -55.2480964660645 -54.1773262023926 -53.0458831787109 -51.870792388916 -50.4067497253418 -49.0831069946289 -48.252872467041 -47.4310874938965 -46.6180038452148
-50.2490768432617 -50.7841911315918 -51.2935066223145 -51.7640151977539 -51.9898262023926 -52.1228904724121 -52.1891632080078 -52.4331092834473 -52.9208641052246 59.2000526428223 58.7284729003906 57.991820526123 -55.6873397827148 -56.4506034851074 -56.7806129455566 -56.9726219177246 -57.0254440307617 -56.9411697387695 -56.6925506591797 -56.3093299865723 -55.90869140625 -55.6100959777832 -55.3241882324219 -55.0518569946289 -55.0429649353027 -55.1241149902344 -55.3833656311035 -55.585765838623 -55.7274436950684 -55.9977226257324 -56.1631240844727 -55.7675895690918 -55.4340744018555 -55.1555976867676 -54.4808044433594 -53.6942405700684 -52.7072372436523 -51.6966667175293 -50.6693534851074 -49.3713722229004 -48.1880416870117 -47.5266914367676 -46.8694190979004 -46.2172317504883
-49.1896553039551 -49.7331390380859 -50.2542381286621 -50.7384567260742 -50.9685096740723 -51.0933113098145 -51.1452407836914 -51.3428001403809 -51.7598152160645 -52.2205963134766 -52.7277450561523 -53.6370277404785 -54.5216217041016 -55.3707313537598 -55.8030319213867 -56.0886878967285 -56.2306976318359 -56.1961555480957 -55.929012298584 -55.5290565490723 -55.1110687255859 -54.8539581298828 -54.6096839904785 -54.3804244995117 -54.3490676879883 -54.3922691345215 -54.6007957458496 -54.7131004333496 -54.7171325683594 -54.860668182373 -54.9363098144531 -54.4619178771973 -54.0455207824707 -53.6874923706055 -53.0980567932129 -52.4298439025879 -51.5874519348145 -50.7345085144043 -49.8692092895508 -48.7479820251465 -47.7005882263184 -47.1446685791016 -46.5768737792969 -45.9978561401367
-48.1105918884277 -48.6580429077148 -49.1859397888184 -49.6787490844727 -49.948600769043 -50.1214637756348 -50.2200508117676 -50.4342155456543 -50.8359069824219 -51.2720031738281 -51.7443313598633 -52.6143226623535 -53.4549789428711 -54.2538604736328 -54.7032318115234 -55.0147018432617 -55.173770904541 -55.1395149230957 -54.8278388977051 -54.384204864502 -53.9148139953613 -53.6401977539062 -53.3756217956543 -53.1247024536133 -53.1136093139648 -53.1978950500488 -53.4546508789062 -53.6037673950195 -53.6178703308105 -53.7734146118164 -53.8978309631348 -53.5365600585938 -53.2171936035156 -52.9441108703613 -52.4742889404297 -51.9355201721191 -51.2471351623535 -50.5204811096191 -49.7492523193359 -48.7392158508301 -47.7558670043945 -47.1693229675293 -46.5675354003906 -45.9499397277832
-47.0024757385254 -47.5507926940918 -48.0820388793945 -48.5805854797363 -48.9265518188477 -49.2009391784668 -49.3945426940918 -49.6677856445312 -50.0816040039062 -50.5173301696777 -50.9717750549316 -51.719482421875 -52.4412498474121 -53.1219520568848 -53.5480117797852 -53.8628807067871 -54.0230712890625 -53.9862785339355 -53.6355895996094 -53.1573486328125 -52.6464385986328 -52.3655471801758 -52.0963249206543 -51.8441696166992 -51.877140045166 -52.0269660949707 -52.3411636352539 -52.5394859313965 -52.5750885009766 -52.7462539672852 -52.9154281616211 -52.6682586669922 -52.4501037597656 -52.2670021057129 -51.920093536377 -51.512565612793 -50.9699020385742 -50.3637542724609 -49.6761856079102 -48.7853240966797 -47.8888854980469 -47.2874603271484 -46.679141998291 -46.0638885498047
-45.8585815429688 -46.3817405700684 -46.8933639526367 -47.3795394897461 -47.7784957885742 -48.1338424682617 -48.4221115112305 -48.7572822570801 -49.1824569702148 -49.6179161071777 -50.0594596862793 -50.6845054626465 -51.2842483520508 -51.8411560058594 -52.2330169677734 -52.547119140625 -52.7285003662109 -52.7104949951172 -52.3391990661621 -51.8503608703613 -51.3216972351074 -51.0583724975586 -50.8072090148926 -50.5758247375488 -50.6695175170898 -50.9040794372559 -51.2860984802246 -51.5449981689453 -51.610294342041 -51.7942008972168 -51.9961776733398 -51.8566932678223 -51.7365112304688 -51.6409568786621 -51.4124412536621 -51.1313056945801 -50.7239189147949 -50.2349052429199 -49.629264831543 -48.8585319519043 -48.0588684082031 -47.446460723877 -46.8355369567871 -46.2276306152344
-44.7452583312988 -45.2381019592285 -45.7294387817383 -46.2035675048828 -46.6492729187012 -47.0799293518066 -47.4597549438477 -47.8557662963867 -48.2887420654297 -48.7191390991211 -49.1468276977539 -49.6598815917969 -50.1501731872559 -50.5943717956543 -50.9144172668457 -51.1659851074219 -51.3011169433594 -51.2496070861816 -50.8406066894531 -50.3228416442871 -49.7564010620117 -49.5137672424316 -49.2848701477051 -49.0798873901367 -49.2776870727539 -49.6687927246094 -50.1954498291016 -50.6115112304688 -50.8287506103516 -51.1574249267578 -51.5217094421387 -51.5065040588379 -51.5022087097168 -51.5111846923828 -51.3659210205078 -51.1535339355469 -50.8203353881836 -50.3898658752441 -49.805004119873 -49.0938034057617 -48.3472518920898 -47.7180480957031 -47.0976524353027 -46.4914779663086
