indici/fabbisogno10.asc
NCOLS 177 
NROWS 174 
XLLCORNER 1436301.375 
YLLCORNER 4916704.5 
CELLSIZE 1500 
NODATA_value -9999 
[rows 140 to 159 of 174, columns 44 to 87 of 177]
-91.7688980102539 -89.0430145263672 -86.2442321777344 -83.2560119628906 -80.8035888671875 -78.6477203369141 -77.6621475219727 -76.8854370117188 -76.5068283081055 -77.1210632324219 -78.2465133666992 -79.5241851806641 -81.1349868774414 -83.3906860351562 -85.4444885253906 -87.3818359375 -88.1375503540039 -88.7925720214844 -89.265983581543 -89.6925811767578 -90.1030426025391 -90.6225204467773 -91.1421661376953 -91.6597137451172 -92.3361892700195 -93.0788421630859 -93.8816452026367 -94.7146911621094 -95.5934600830078 -96.5479736328125 -97.5238647460938 -98.4273147583008 -99.1764755249023 -99.7049026489258 -100.210754394531 -100.672798156738 -100.776802062988 -100.831390380859 -100.820976257324 -101.05793762207 -101.342407226562 -101.403877258301 -101.619293212891 -102.027626037598
-94.2527389526367 -91.3699417114258 -88.3002853393555 -84.7809295654297 -81.7576141357422 -79.0102920532227 -77.506591796875 -76.2530364990234 -75.4818420410156 -76.2151641845703 -77.7302398681641 -79.3745346069336 -81.3197326660156 -83.8549728393555 -86.1865081787109 -88.400505065918 -89.1990432739258 -89.8684921264648 -90.3009185791016 -90.7023086547852 -91.0972290039062 -91.7154541015625 -92.2590942382812 -92.6734924316406 -93.2503509521484 -93.9040069580078 -94.7709121704102 -95.6547775268555 -96.5646133422852 -97.4885101318359 -98.411018371582 -99.2451782226562 -99.9127960205078 -100.33430480957 -100.735084533691 -101.095710754395 -101.094520568848 -101.05184173584 -100.952735900879 -101.135795593262 -101.38330078125 -101.400184631348 -101.624481201172 -102.118804931641
-96.6780548095703 -93.6586074829102 -90.3375549316406 -86.3060836791992 -82.7512283325195 -79.4632186889648 -77.4922866821289 -75.7874221801758 -74.5947570800781 -75.4140396118164 -77.2890701293945 -79.2792129516602 -81.5383529663086 -84.3318939208984 -86.913459777832 -89.3747787475586 -90.1845474243164 -90.8827133178711 -91.3739242553711 -91.8515396118164 -92.3302841186523 -93.0346908569336 -93.5918197631836 -93.8901748657227 -94.3492431640625 -94.8913116455078 -95.8012084960938 -96.7187042236328 -97.6481018066406 -98.5308151245117 -99.3890686035156 -100.157913208008 -100.748657226562 -101.06746673584 -101.361793518066 -101.617568969727 -101.507637023926 -101.355575561523 -101.143707275391 -101.247131347656 -101.433380126953 -101.392539978027 -101.609489440918 -102.175788879395
-99.0338287353516 -95.9019165039062 -92.3524398803711 -87.8312225341797 -83.7905960083008 -80.0205154418945 -77.6402740478516 -75.5125579833984 -73.864013671875 -74.7310409545898 -76.931755065918 -79.2439575195312 -81.794075012207 -84.8226852416992 -87.6250076293945 -90.3033599853516 -91.0928726196289 -91.8336944580078 -92.4830551147461 -93.134162902832 -93.7898406982422 -94.5640563964844 -95.1207580566406 -95.287239074707 -95.6086730957031 -96.0158615112305 -96.947883605957 -97.8820419311523 -98.8192901611328 -99.6506195068359 -100.434120178223 -101.138458251953 -101.653617858887 -101.870330810547 -102.055183410645 -102.201705932617 -101.978729248047 -101.708541870117 -101.368782043457 -101.377212524414 -101.488891601562 -101.386856079102 -101.591384887695 -102.232421875
-101.23363494873 -98.2562408447266 -94.8135681152344 -90.2951278686523 -86.2629470825195 -82.5071792602539 -80.2961044311523 -78.3298950195312 -76.8135604858398 -77.57421875 -79.5514831542969 -81.6336135864258 -84.0107421875 -86.9949188232422 -89.736686706543 -92.3507080078125 -93.0199432373047 -93.7010498046875 -94.4068145751953 -95.1163635253906 -95.8282775878906 -96.5491561889648 -97.1155242919922 -97.4017486572266 -97.8408279418945 -98.3674240112305 -99.4935073852539 -100.619247436523 -101.742004394531 -102.525848388672 -103.162254333496 -103.72891998291 -104.142700195312 -104.309272766113 -104.437873840332 -104.516151428223 -103.99600982666 -103.420501708984 -102.76195526123 -102.459999084473 -102.27082824707 -101.870941162109 -101.980247497559 -102.845062255859
-103.326736450195 -100.593994140625 -97.3682708740234 -93.0027618408203 -89.1323165893555 -85.5452423095703 -83.6755752563477 -82.0366973876953 -80.8034439086914 -81.42724609375 -83.0539855957031 -84.7455825805664 -86.8109817504883 -89.6580200195312 -92.257438659668 -94.7297821044922 -95.2467651367188 -95.830436706543 -96.5525360107422 -97.2783050537109 -98.0049362182617 -98.6546783447266 -99.234504699707 -99.6852035522461 -100.273933410645 -100.942268371582 -102.269454956055 -103.594367980957 -104.913368225098 -105.643501281738 -106.113662719727 -106.514358520508 -106.801422119141 -106.899368286133 -106.945755004883 -106.92862701416 -106.068420410156 -105.15535736084 -104.161796569824 -103.536285400391 -103.037437438965 -102.338325500488 -102.342994689941 -103.432762145996
-104.962524414062 -102.614166259766 -99.7638092041016 -95.7092361450195 -92.1881866455078 -88.9740905761719 -87.6485748291016 -86.5056610107422 -85.6473617553711 -86.2286911010742 -87.5955123901367 -88.7654113769531 -90.383056640625 -92.9592437744141 -95.3363342285156 -97.6095581054688 -97.9277038574219 -98.3506851196289 -99.0073699951172 -99.6683883666992 -100.331184387207 -100.938438415527 -101.55729675293 -102.20011138916 -102.928047180176 -103.709121704102 -105.209465026855 -106.718139648438 -108.240005493164 -108.928108215332 -109.237510681152 -109.446113586426 -109.579231262207 -109.58332824707 -109.507354736328 -109.352912902832 -108.107681274414 -106.831573486328 -105.508720397949 -104.564826965332 -103.761474609375 -102.767539978027 -102.661117553711 -103.979804992676
-106.942665100098 -104.845054626465 -102.482566833496 -99.4336395263672 -96.9605560302734 -94.8232345581055 -94.6986083984375 -94.7148590087891 -94.901741027832 -95.9169769287109 -97.3903121948242 -98.4131164550781 -99.6471939086914 -101.341033935547 -102.87678527832 -104.324485778809 -103.717933654785 -103.240852355957 -103.081474304199 -103.567085266113 -104.387283325195 -105.178398132324 -106.03165435791 -107.002548217773 -108.010070800781 -109.041580200195 -110.407485961914 -111.784866333008 -113.187446594238 -113.711456298828 -113.825378417969 -113.805908203125 -113.727149963379 -113.543807983398 -113.250030517578 -112.869667053223 -111.338981628418 -109.801239013672 -108.254364013672 -107.240333557129 -106.448432922363 -105.485145568848 -105.30012512207 -106.39884185791
-109.329666137695 -107.324600219727 -105.578941345215 -104.345985412598 -103.726982116699 -103.467613220215 -105.278266906738 -107.180603027344 -109.131217956543 -111.065994262695 -112.99250793457 -114.209922790527 -115.062507629395 -115.140655517578 -115.108154296875 -115.011840820312 -112.679901123047 -110.510208129883 -108.755844116211 -108.915702819824 -110.073097229004 -111.223297119141 -112.449592590332 -113.824546813965 -115.185073852539 -116.53929901123 -117.463523864746 -118.409049987793 -119.399658203125 -119.627143859863 -119.486991882324 -119.181213378906 -118.819427490234 -118.355644226074 -117.75431060791 -117.063743591309 -115.282524108887 -113.514221191406 -111.772499084473 -110.783531188965 -110.126472473145 -109.308738708496 -109.024772644043 -109.656478881836
-111.459266662598 -109.605377197266 -108.528694152832 -109.166328430176 -110.436210632324 -112.07829284668 -115.847587585449 -119.650901794434 -123.357681274414 -126.211112976074 -128.583755493164 -130.044845581055 -130.577041625977 -129.090087890625 -127.569778442383 -126.027549743652 -122.070960998535 -118.236488342285 -114.763542175293 -114.45384979248 -115.821182250977 -117.250228881836 -118.768486022949 -120.465850830078 -122.161239624023 -123.85871887207 -124.357818603516 -124.878402709961 -125.450752258301 -125.373031616211 -124.972702026367 -124.381080627441 -123.736633300781 -122.992874145508 -122.133949279785 -121.205642700195 -119.248908996582 -117.298439025879 -115.361122131348 -114.390213012695 -113.867202758789 -113.211555480957 -112.856994628906 -113.037399291992
-113.70238494873 -111.979301452637 -111.559219360352 -114.086212158203 -117.258773803711 -120.813438415527 -126.608932495117 -132.383453369141 -137.912841796875 -141.690795898438 -144.469100952148 -146.146087646484 -146.352035522461 -143.31135559082 -140.31982421875 -137.351913452148 -132.101135253906 -126.939674377441 -122.073211669922 -121.240058898926 -122.570983886719 -124.028472900391 -125.586692810059 -127.365936279297 -129.152008056641 -130.937149047852 -131.024993896484 -131.124420166016 -131.280960083008 -130.856048583984 -130.131042480469 -129.18669128418 -128.205490112305 -127.160507202148 -126.024215698242 -124.837898254395 -122.923233032227 -121.019920349121 -119.128005981445 -118.255531311035 -117.873428344727 -117.387992858887 -116.97257232666 -116.676475524902
-117.201011657715 -115.355659484863 -115.418464660645 -119.860664367676 -124.961387634277 -130.453857421875 -138.666961669922 -146.81689453125 -154.569839477539 -159.247665405273 -162.153106689453 -163.769882202148 -163.458724975586 -158.830581665039 -154.333038330078 -149.905410766602 -144.906036376953 -139.989288330078 -135.281890869141 -133.685684204102 -133.79182434082 -134.101699829102 -134.584060668945 -135.444259643555 -136.333618164062 -137.234283447266 -136.936538696289 -136.648513793945 -136.422790527344 -135.547225952148 -134.326232910156 -132.86393737793 -131.430770874023 -130.072250366211 -128.64665222168 -127.184669494629 -125.879211425781 -124.57780456543 -123.271423339844 -122.668891906738 -122.419906616211 -122.097282409668 -121.60620880127 -120.766502380371
-121.137840270996 -119.102348327637 -119.570671081543 -125.853393554688 -132.788116455078 -140.112411499023 -150.634567260742 -161.064666748047 -170.971893310547 -176.490234375 -179.45280456543 -181.073699951172 -180.323791503906 -174.178207397461 -168.18408203125 -162.272308349609 -157.484771728516 -152.805328369141 -148.288864135742 -145.975555419922 -144.890533447266 -144.055023193359 -143.461242675781 -143.404541015625 -143.460601806641 -143.576461791992 -142.988647460938 -142.370849609375 -141.719192504883 -140.349838256836 -138.587005615234 -136.548736572266 -134.600158691406 -132.8662109375 -131.125427246094 -129.379699707031 -128.665084838867 -127.976684570312 -127.302673339844 -127.026924133301 -126.959869384766 -126.823883056641 -126.295402526855 -124.936912536621
-125.58935546875 -123.283271789551 -124.065979003906 -132.101058959961 -140.759811401367 -149.793319702148 -162.500778198242 -175.103668212891 -187.089294433594 -193.383728027344 -196.330184936523 -198.028686523438 -196.927795410156 -189.342529296875 -181.865509033203 -174.447143554688 -169.834945678711 -165.388519287109 -161.098266601562 -158.116073608398 -155.874694824219 -153.89892578125 -152.231201171875 -151.262191772461 -150.540451049805 -149.956405639648 -149.154663085938 -148.252731323242 -147.13720703125 -145.238876342773 -142.898544311523 -140.242416381836 -137.734146118164 -135.585266113281 -133.514083862305 -131.484710693359 -131.34553527832 -131.278930664062 -131.266189575195 -131.353408813477 -131.494567871094 -131.538101196289 -130.971237182617 -129.097198486328
-133.627639770508 -131.658599853516 -132.858917236328 -141.530090332031 -150.794387817383 -160.41520690918 -173.951248168945 -187.356307983398 -200.041564941406 -206.025436401367 -208.024200439453 -208.860397338867 -206.922286987305 -198.479476928711 -190.105651855469 -181.770324707031 -177.674819946289 -173.81005859375 -170.09733581543 -166.845169067383 -163.855529785156 -161.151702880859 -158.643905639648 -156.574508666992 -154.881317138672 -153.403015136719 -153.64958190918 -153.805252075195 -153.584564208984 -151.874435424805 -149.297439575195 -146.370788574219 -143.507278442383 -140.816284179688 -138.28337097168 -135.839050292969 -135.276275634766 -134.801452636719 -134.401596069336 -134.187881469727 -134.079788208008 -133.873489379883 -133.203765869141 -131.492218017578
-142.737396240234 -141.240539550781 -142.859954833984 -151.853378295898 -161.401840209961 -171.285278320312 -185.270782470703 -199.116149902344 -212.177627563477 -217.613891601562 -218.469543457031 -218.266403198242 -215.425155639648 -206.305633544922 -197.198822021484 -188.096984863281 -184.603103637695 -181.414901733398 -178.378814697266 -174.971710205078 -171.33625793457 -168.020355224609 -164.761459350586 -161.608657836914 -158.923355102539 -156.510757446289 -157.931579589844 -159.300750732422 -160.141784667969 -158.713363647461 -155.92790222168 -152.762802124023 -149.56413269043 -146.320648193359 -143.298782348633 -140.405807495117 -139.352905273438 -138.41731262207 -137.59326171875 -137.062286376953 -136.704559326172 -136.239624023438 -135.444686889648 -133.880569458008
-152.795166015625 -151.636322021484 -153.531158447266 -162.703048706055 -172.327758789062 -182.227340698242 -196.415954589844 -210.539398193359 -224.016220092773 -228.951629638672 -228.703704833984 -227.563674926758 -223.922210693359 -214.23030090332 -204.414688110352 -194.521347045898 -191.592208862305 -189.069396972656 -186.733413696289 -183.207382202148 -178.949569702148 -175.12028503418 -171.216842651367 -167.080581665039 -163.347671508789 -159.855529785156 -162.278854370117 -164.772048950195 -166.7060546875 -165.608261108398 -162.644943237305 -159.29655456543 -155.822326660156 -152.079895019531 -148.573440551758 -145.209548950195 -143.645095825195 -142.222396850586 -140.939437866211 -140.053970336914 -139.413513183594 -138.661071777344 -137.704498291016 -136.260406494141
-163.821182250977 -162.972839355469 -165.355972290039 -175.512313842773 -186.024673461914 -196.75764465332 -209.957931518555 -223.063110351562 -235.648635864258 -239.426071166992 -237.806213378906 -235.456253051758 -231.072128295898 -221.713653564453 -212.109588623047 -202.357696533203 -199.510665893555 -197.100509643555 -194.902648925781 -191.369491577148 -187.012008666992 -183.201293945312 -179.246398925781 -174.839126586914 -170.788330078125 -166.962265014648 -169.516754150391 -172.181335449219 -174.232192993164 -173.014282226562 -169.732513427734 -166.056762695312 -162.207855224609 -157.975326538086 -153.992919921875 -150.167419433594 -147.979461669922 -145.945983886719 -144.077545166016 -142.757629394531 -141.790496826172 -140.705429077148 -139.630126953125 -138.62190246582
-175.979476928711 -175.406875610352 -178.519821166992 -190.587615966797 -202.910064697266 -215.392272949219 -226.23274230957 -236.836944580078 -247.060241699219 -248.946105957031 -245.670700073242 -241.829788208008 -236.772171020508 -228.721481323242 -220.292022705078 -211.628967285156 -208.372604370117 -205.511993408203 -202.899169921875 -199.454223632812 -195.487213134766 -192.173461914062 -188.677154541016 -184.591110229492 -180.799697875977 -177.198806762695 -179.121322631836 -181.141052246094 -182.515060424805 -180.806350708008 -177.09294128418 -172.980361938477 -168.682571411133 -163.963195800781 -159.507369995117 -155.223022460938 -152.345138549805 -149.629531860352 -147.108444213867 -145.313369750977 -144.003967285156 -142.57389831543 -141.398574829102 -140.977661132812
-187.206161499023 -186.89778137207 -190.728439331055 -204.697555541992 -218.892135620117 -233.229537963867 -241.832305908203 -250.047317504883 -258.031951904297 -258.146820068359 -253.340377807617 -248.038986206055 -242.316116333008 -235.598403930664 -228.386077880859 -220.863037109375 -217.261978149414 -213.973724365234 -210.89079284668 -207.470443725586 -203.837097167969 -200.939819335938 -197.82243347168 -193.974853515625 -190.352844238281 -186.879989624023 -188.083114624023 -189.414245605469 -190.220108032227 -188.127410888672 -184.09423828125 -179.699295043945 -175.113250732422 -170.069702148438 -165.224685668945 -160.512100219727 -156.979583740234 -153.59228515625 -150.369750976562 -148.043869018555 -146.341400146484 -144.653869628906 -143.456680297852 -143.717590332031
