indici/fabbisogno03.asc
NCOLS 177 
NROWS 174 
XLLCORNER 1436301.375 
YLLCORNER 4916704.5 
CELLSIZE 1500 
NODATA_value -9999 
[rows 40 to 59 of 174, columns 132 to 175 of 177]
-86.8203964233398 -86.188232421875 -85.6308441162109 -85.1228103637695 -84.6637878417969 -84.2598419189453 -83.8806228637695 -83.5103302001953 -82.8319778442383 -81.4978790283203 -80.1468124389648 -78.8335647583008 -78.185661315918 -77.5640182495117 -76.9743423461914 -77.0685119628906 -77.2917404174805 -77.4719161987305 -77.0847396850586 -76.2869415283203 -75.4114532470703 -74.1579055786133 -72.2127304077148 -70.2742691040039 -68.4259948730469 -67.3444671630859 -66.2749938964844 -65.2184066772461 -64.4451522827148 -63.7300224304199 -63.0313415527344 -62.6234169006348 -62.4104614257812 -62.2170372009277 -62.4232864379883 -63.3553810119629 -64.3281784057617 -65.5947952270508 -69.0552673339844 -72.5862350463867 -76.1901397705078 -80.9138031005859 -85.7753219604492 -90.6286087036133
-87.3085861206055 -86.5804901123047 -86.5353622436523 -86.6996994018555 -86.9120712280273 -86.8065338134766 -86.4197692871094 -86.0453720092773 -85.2362213134766 -83.4009323120117 -81.5533294677734 -79.7524871826172 -79.0563430786133 -78.3819961547852 -77.7364807128906 -77.8883972167969 -78.2218246459961 -78.5052032470703 -78.0392379760742 -76.9753494262695 -75.846809387207 -74.5205841064453 -72.8049011230469 -71.0852355957031 -69.4206008911133 -68.4543609619141 -67.5013046264648 -66.5632476806641 -65.8888702392578 -65.2841644287109 -64.7158355712891 -64.430290222168 -64.3578567504883 -64.3046188354492 -64.6956481933594 -66.0060501098633 -67.3522338867188 -68.9275054931641 -72.9125518798828 -76.9634704589844 -81.0869674682617 -85.0721817016602 -88.9835662841797 -92.8864059448242
-87.7614440917969 -86.946647644043 -87.3877639770508 -88.2315368652344 -89.1182098388672 -89.345344543457 -88.9537658691406 -88.5801391601562 -87.6688461303711 -85.3367385864258 -82.989616394043 -80.6468276977539 -79.8767318725586 -79.1290435791016 -78.4112930297852 -78.5654830932617 -78.942756652832 -79.2524566650391 -78.7077941894531 -77.4323959350586 -76.1274948120117 -74.7663345336914 -73.2661895751953 -71.7505645751953 -70.2575225830078 -69.3736953735352 -68.5008392333984 -67.6421051025391 -67.0487976074219 -66.5408248901367 -66.090934753418 -65.9176177978516 -65.9785614013672 -66.0591354370117 -66.6208343505859 -68.3259201049805 -70.0649032592773 -71.935188293457 -75.887092590332 -79.8567047119141 -83.8539276123047 -87.2465972900391 -90.4649124145508 -93.697151184082
-88.2216796875 -87.4727020263672 -88.034423828125 -89.0382614135742 -90.0514373779297 -90.2870407104492 -89.7430419921875 -89.21630859375 -88.1521530151367 -85.5031967163086 -82.8561859130859 -80.2165145874023 -79.5507965087891 -78.9014358520508 -78.2750244140625 -78.3246688842773 -78.5735321044922 -78.7496948242188 -78.2468643188477 -77.1003494262695 -75.9378890991211 -74.7439575195312 -73.457893371582 -72.1467590332031 -70.8318099975586 -70.0094757080078 -69.1988754272461 -68.4048843383789 -67.9048919677734 -67.5130844116211 -67.2021026611328 -67.161750793457 -67.3782730102539 -67.6140899658203 -68.3541946411133 -70.482536315918 -72.6401748657227 -74.8503036499023 -78.6302871704102 -82.4236679077148 -86.243408203125 -89.1693496704102 -91.7988891601562 -94.439094543457
-88.6743927001953 -88.0304412841797 -88.6301727294922 -89.6996459960938 -90.7728881835938 -91.018180847168 -90.3537673950195 -89.709831237793 -88.546012878418 -85.6330718994141 -82.7234954833984 -79.8116073608398 -79.203498840332 -78.6506042480469 -78.112678527832 -78.0660934448242 -78.1842498779297 -78.2299423217773 -77.7585754394531 -76.7447814941406 -75.7136764526367 -74.6693801879883 -73.5825347900391 -72.4735260009766 -71.3548812866211 -70.5942687988281 -69.8568267822266 -69.1483612060547 -68.7612075805664 -68.5049819946289 -68.3285903930664 -68.4155502319336 -68.7826309204102 -69.1665191650391 -70.0608444213867 -72.6043243408203 -75.174934387207 -77.7723541259766 -81.3608169555664 -84.9745712280273 -88.6134796142578 -91.0958557128906 -93.1338043212891 -95.1736755371094
-89.0795745849609 -88.5459365844727 -89.1904983520508 -90.3307495117188 -91.4682998657227 -91.7356948852539 -90.9547958374023 -90.1918640136719 -88.9329681396484 -85.7538452148438 -82.5799713134766 -79.4062652587891 -78.8252563476562 -78.3684768676758 -77.9179992675781 -77.7857055664062 -77.7730484008789 -77.6940078735352 -77.2455291748047 -76.3691711425781 -75.4640731811523 -74.5590896606445 -73.6660614013672 -72.7624130249023 -71.8648681640625 -71.1836395263672 -70.5335388183594 -69.9255905151367 -69.6511001586914 -69.5215530395508 -69.458381652832 -69.651741027832 -70.1556091308594 -70.671630859375 -71.6700210571289 -74.5224151611328 -77.3827438354492 -80.2511367797852 -83.5677795410156 -86.9048233032227 -90.2572860717773 -92.3889083862305 -93.9971694946289 -95.6201248168945
-88.8899307250977 -88.5125961303711 -89.0614318847656 -90.0239105224609 -90.9568557739258 -91.1032333374023 -90.2342224121094 -89.3872375488281 -88.1546936035156 -85.1768417358398 -82.2442016601562 -79.3532867431641 -78.6851425170898 -78.1697769165039 -77.6402816772461 -77.4009399414062 -77.2925415039062 -77.1267395019531 -76.7169876098633 -75.9947814941406 -75.2342071533203 -74.5018157958984 -73.9279708862305 -73.3574981689453 -72.7940216064453 -72.1695556640625 -71.5659408569336 -71.0204544067383 -70.7696228027344 -70.6624603271484 -70.6144714355469 -70.8454742431641 -71.455940246582 -72.0766143798828 -73.1146240234375 -76.1022720336914 -79.0960998535156 -82.0964889526367 -85.1311798095703 -88.1643142700195 -91.2110595703125 -93.1360702514648 -94.503547668457 -95.8754043579102
-87.9253158569336 -87.8241424560547 -88.1998672485352 -88.8031539916992 -89.3698196411133 -89.3547821044922 -88.5196075439453 -87.7041473388672 -86.6336669921875 -84.1868209838867 -81.7865982055664 -79.4293746948242 -78.6420211791992 -78.0017700195312 -77.3391494750977 -76.9877471923828 -76.7973861694336 -76.5568008422852 -76.1819763183594 -75.6196594238281 -75.0041427612305 -74.4322280883789 -74.1738510131836 -73.9330139160156 -73.7120895385742 -73.1705932617188 -72.6205825805664 -72.1382904052734 -71.9138946533203 -71.8302001953125 -71.7966461181641 -72.0589065551758 -72.7746887207031 -73.4994125366211 -74.5745162963867 -77.6965866088867 -80.8243255615234 -83.9580307006836 -86.7392196655273 -89.4693298339844 -92.207878112793 -93.9192504882812 -95.0437316894531 -96.1672821044922
-86.9795455932617 -87.1492919921875 -87.3748779296875 -87.6137237548828 -87.8109741210938 -87.6125946044922 -86.8075332641602 -86.0098266601562 -85.0596771240234 -83.124885559082 -81.24365234375 -79.416015625 -78.5382919311523 -77.7762069702148 -76.9988555908203 -76.550407409668 -76.2941665649414 -75.9907836914062 -75.6498489379883 -75.2578048706055 -74.7820816040039 -74.3498916625977 -74.3965911865234 -74.4870300292969 -74.6236877441406 -74.1952819824219 -73.7071151733398 -73.2850570678711 -73.0864105224609 -73.0243453979492 -73.0013809204102 -73.2861404418945 -74.1040878295898 -74.9304656982422 -76.0386657714844 -79.3097076416016 -82.5677108764648 -85.7940216064453 -88.3309555053711 -90.7494659423828 -93.1717529296875 -94.6953201293945 -95.647834777832 -96.6144943237305
-86.0740966796875 -86.4647903442383 -86.5783767700195 -86.5245895385742 -86.4451675415039 -86.1496124267578 -85.4824295043945 -84.8262405395508 -84.0793991088867 -82.4881286621094 -80.9231033325195 -79.3871688842773 -78.6743698120117 -78.1297836303711 -77.6179580688477 -77.2801895141602 -77.0392456054688 -76.7585983276367 -76.4519653320312 -76.0940475463867 -75.6056442260742 -75.1716003417969 -75.7746276855469 -76.4630508422852 -77.2454605102539 -77.0886611938477 -76.7798156738281 -76.5391540527344 -76.5066070556641 -76.6197967529297 -76.7651748657227 -77.072380065918 -77.671760559082 -78.2537078857422 -79.006965637207 -81.8184585571289 -84.5989532470703 -87.3476333618164 -89.6007308959961 -91.7435913085938 -93.8833389282227 -95.3756332397461 -96.4020462036133 -97.4371566772461
-85.5507659912109 -85.7473449707031 -85.83056640625 -85.8423690795898 -85.8255233764648 -85.7064666748047 -85.3976364135742 -85.0883560180664 -84.6589508056641 -82.8627166748047 -81.0988998413086 -79.3753509521484 -79.1678771972656 -79.2978744506836 -79.4687118530273 -79.3931427001953 -79.119743347168 -78.8118057250977 -78.4261169433594 -77.878173828125 -77.173942565918 -76.5379028320312 -77.7732543945312 -79.1146087646484 -80.5841598510742 -80.6878509521484 -80.50146484375 -80.3805541992188 -80.4516525268555 -80.6730575561523 -80.9148635864258 -81.171760559082 -81.4358901977539 -81.6826477050781 -82.0245742797852 -84.3580474853516 -86.6608505249023 -88.931999206543 -90.8885498046875 -92.7567977905273 -94.6169662475586 -96.0585021972656 -97.1622848510742 -98.2709350585938
-85.0206298828125 -85.0221481323242 -85.0624008178711 -85.1386642456055 -85.1777954101562 -85.2138442993164 -85.254997253418 -85.2846832275391 -85.1896743774414 -83.1790084838867 -81.2116317749023 -79.3046112060547 -79.5643157958984 -80.3714370727539 -81.2208938598633 -81.4399642944336 -81.1301574707031 -80.7829971313477 -80.3138580322266 -79.562385559082 -78.6821060180664 -77.8629608154297 -79.7998504638672 -81.8288269042969 -83.9703369140625 -84.3514175415039 -84.2745361328125 -84.2624282836914 -84.427375793457 -84.747200012207 -85.0796279907227 -85.3058471679688 -85.2295150756836 -85.1382293701172 -85.0758972167969 -86.9299545288086 -88.7541732788086 -90.547607421875 -92.1946640014648 -93.7889556884766 -95.3722686767578 -96.7426376342773 -97.9256591796875 -99.1101989746094
-84.4789581298828 -84.2860107421875 -84.2722473144531 -84.4135055541992 -84.5046157836914 -84.6777191162109 -85.0649566650391 -85.4311828613281 -85.6941604614258 -83.4673538208008 -81.2966766357422 -79.2216796875 -79.9136276245117 -81.384521484375 -82.8797912597656 -83.3855819702148 -82.9858779907227 -82.5316314697266 -81.9967422485352 -81.333984375 -80.6475296020508 -80.0346984863281 -82.5513916015625 -85.107780456543 -87.7238998413086 -88.4505615234375 -88.6127548217773 -88.8523406982422 -89.224235534668 -89.7177581787109 -90.2198867797852 -90.5574417114258 -90.3741836547852 -90.1963043212891 -90.0214233398438 -91.2024993896484 -92.3407287597656 -93.4253234863281 -94.5103454589844 -95.5736389160156 -96.599853515625 -97.5636138916016 -98.478385925293 -99.3663787841797
-85.1456146240234 -85.1752624511719 -85.1863479614258 -85.1630325317383 -85.062629699707 -85.0475082397461 -85.3058395385742 -85.5086212158203 -85.641487121582 -83.521614074707 -81.4854583740234 -79.5796356201172 -80.4891510009766 -82.3068008422852 -84.1476058959961 -84.7285614013672 -84.0409851074219 -83.2953109741211 -82.8416748046875 -83.377815246582 -83.9186248779297 -84.4895401000977 -87.0093460083008 -89.5732650756836 -92.1795196533203 -93.2260513305664 -93.7311630249023 -94.3125610351562 -94.9274597167969 -95.5690460205078 -96.2123794555664 -96.6699142456055 -96.4428482055664 -96.2230987548828 -96.0082015991211 -96.3036193847656 -96.5676651000977 -96.7790908813477 -97.1520156860352 -97.5730514526367 -97.9533843994141 -98.4220275878906 -99.0242156982422 -99.598274230957
-86.1702194213867 -86.4884490966797 -86.5072479248047 -86.212516784668 -85.8320922851562 -85.5437316894531 -85.5945205688477 -85.5865707397461 -85.5392303466797 -83.5775375366211 -81.6881942749023 -79.9504928588867 -81.0676727294922 -83.2297592163086 -85.4047393798828 -86.0804290771484 -85.0910263061523 -84.0650405883789 -83.6311187744141 -85.3840942382812 -87.1565628051758 -88.9639205932617 -91.4955062866211 -94.0675277709961 -96.6650924682617 -98.0127868652344 -98.8613204956055 -99.7762832641602 -100.636375427246 -101.416511535645 -102.202056884766 -102.793418884277 -102.525848388672 -102.263427734375 -102.004623413086 -101.460990905762 -100.847724914551 -100.184928894043 -99.8303604125977 -99.6083755493164 -99.341064453125 -99.2917251586914 -99.5797576904297 -99.8429794311523
-87.1929092407227 -87.7817230224609 -87.8161087036133 -87.234016418457 -86.575553894043 -86.0146942138672 -85.8619689941406 -85.6604537963867 -85.4231719970703 -83.6592864990234 -81.9274597167969 -80.3519668579102 -81.6623916625977 -84.1630096435547 -86.6545028686523 -87.4410629272461 -86.1354141235352 -84.8397216796875 -84.3629150390625 -87.3460845947266 -90.3519897460938 -93.3915634155273 -95.9973297119141 -98.5764694213867 -101.084197998047 -102.633644104004 -103.74821472168 -104.919456481934 -105.959526062012 -106.79963684082 -107.651222229004 -108.30933380127 -107.907173156738 -107.503852844238 -107.098686218262 -105.810501098633 -104.403900146484 -102.976631164551 -102.012092590332 -101.302642822266 -100.568565368652 -100.152603149414 -100.262916564941 -100.367240905762
-88.0768051147461 -88.5982818603516 -88.5323486328125 -87.7941665649414 -87.0028076171875 -86.2733840942383 -85.8169784545898 -85.3134765625 -84.7707290649414 -83.4563598632812 -82.1968612670898 -81.1222457885742 -82.1667938232422 -84.1375885009766 -86.0168151855469 -86.5864028930664 -85.4567337036133 -84.4159927368164 -84.1505889892578 -87.5422439575195 -90.9120483398438 -94.2660751342773 -97.0482330322266 -99.7819213867188 -102.518363952637 -104.459045410156 -105.987236022949 -107.558227539062 -108.912269592285 -109.906219482422 -110.916915893555 -111.739143371582 -111.240852355957 -110.739303588867 -110.234237670898 -108.566688537598 -106.70728302002 -104.830780029297 -103.527137756348 -102.58674621582 -101.61701965332 -100.996238708496 -101.036834716797 -101.074249267578
-88.8041000366211 -88.8649978637695 -88.5820770263672 -87.8776168823242 -87.1284713745117 -86.3608856201172 -85.5410614013672 -84.6828308105469 -83.7902374267578 -83.0689315795898 -82.4579467773438 -82.0384140014648 -82.6781616210938 -83.8137435913086 -84.8375091552734 -85.1264572143555 -84.3839645385742 -83.7645874023438 -83.8036193847656 -87.5302276611328 -91.2357635498047 -94.9220886230469 -97.9806900024414 -100.95841217041 -103.926139831543 -106.245483398438 -108.185493469238 -110.160942077637 -111.8486328125 -113.002906799316 -114.172912597656 -115.172462463379 -114.576072692871 -113.97607421875 -113.372680664062 -111.349006652832 -109.037536621094 -106.708793640137 -105.049201965332 -103.874076843262 -102.673355102539 -101.842155456543 -101.818313598633 -101.791130065918
-89.515754699707 -89.1284408569336 -88.6195220947266 -87.9623947143555 -87.2730712890625 -86.5060424804688 -85.3440017700195 -84.150032043457 -82.9257278442383 -82.7681198120117 -82.8150024414062 -83.0278549194336 -83.3135452270508 -83.5938415527344 -83.7917709350586 -83.7646942138672 -83.4348831176758 -83.2190704345703 -83.5399398803711 -87.5753784179688 -91.5898361206055 -95.581184387207 -98.8952560424805 -102.099258422852 -105.297019958496 -107.983825683594 -110.335121154785 -112.723571777344 -114.767097473145 -116.08910369873 -117.419395446777 -118.609886169434 -117.914207458496 -117.215805053711 -116.51530456543 -114.145797729492 -111.34162902832 -108.514266967773 -106.450050354004 -105.026512145996 -103.59553527832 -102.568954467773 -102.556907653809 -102.567588806152
-90.121940612793 -89.3482360839844 -88.6367340087891 -88.0045166015625 -87.3453598022461 -86.5798873901367 -85.1910171508789 -83.8000869750977 -82.4076080322266 -82.6804122924805 -83.2397842407227 -83.9157943725586 -83.8490371704102 -83.27392578125 -82.6490173339844 -82.2995910644531 -82.5493240356445 -82.9229202270508 -83.6923141479492 -87.7580947875977 -91.7746734619141 -95.7351303100586 -99.073112487793 -102.276481628418 -105.46118927002 -108.471015930176 -111.378730773926 -114.339424133301 -117.001586914062 -118.93660736084 -120.905570983887 -122.766304016113 -121.415885925293 -120.026237487793 -118.59822845459 -115.708190917969 -112.391006469727 -109.04866027832 -106.678741455078 -105.228553771973 -103.775924682617 -102.78018951416 -103.12281036377 -103.487449645996
