indici/fabbisogno11.asc
NCOLS 177 
NROWS 174 
XLLCORNER 1436301.375 
YLLCORNER 4916704.5 
CELLSIZE 1500 
NODATA_value -9999 
[rows 20 to 39 of 174, columns 0 to 43 of 177]
-9999 -9999 -9999 -9999 -9999 -9999 -9999 -135.831039428711 -140.848709106445 -145.866668701172 -150.887100219727 -156.030899047852 -161.173095703125 -166.292327880859 -174.54328918457 -184.272125244141 -193.701141357422 -201.094528198242 -205.99577331543 -211.032577514648 -215.373977661133 -217.208206176758 -218.893035888672 -220.48193359375 -220.06233215332 -219.586410522461 -219.029754638672 -215.68408203125 -211.44612121582 -206.886199951172 -201.287902832031 -194.812698364258 -188.713027954102 -183.6962890625 -180.963623046875 -178.383102416992 -175.933700561523 -174.167572021484 -172.357803344727 -170.500335693359 -171.330184936523 -172.624847412109 -174.026794433594 -176.538864135742
-9999 -9999 -9999 -9999 -9999 -9999 -9999 -136.165466308594 -140.872512817383 -145.491226196289 -150.03271484375 -155.608474731445 -161.245132446289 -166.802597045898 -175.021499633789 -184.456268310547 -193.661468505859 -201.06803894043 -206.327117919922 -211.643569946289 -216.236938476562 -218.360427856445 -220.298477172852 -222.117385864258 -221.392135620117 -220.608703613281 -219.731353759766 -215.829956054688 -211.013153076172 -206.027313232422 -200.214294433594 -193.71110534668 -187.57942199707 -182.548278808594 -179.817932128906 -177.246658325195 -174.846176147461 -173.491607666016 -172.106094360352 -170.686981201172 -171.819915771484 -173.369674682617 -174.954376220703 -177.223251342773
-9999 -9999 -9999 -9999 -9999 -9999 -135.241271972656 -136.38932800293 -140.733779907227 -144.946090698242 -149.044036865234 -155.101486206055 -161.261352539062 -167.279327392578 -175.47770690918 -184.638442993164 -193.608978271484 -201.025360107422 -206.63166809082 -212.240463256836 -217.103851318359 -219.53401184082 -221.783081054688 -223.901977539062 -222.959594726562 -221.926605224609 -220.752548217773 -216.317077636719 -210.928848266602 -205.434310913086 -199.327423095703 -192.715621948242 -186.523132324219 -181.452850341797 -178.7001953125 -176.122177124023 -173.759368896484 -172.803848266602 -171.823638916016 -170.816818237305 -172.226684570312 -174.017150878906 -175.805099487305 -177.851531982422
-9999 -9999 -9999 -9999 -9999 -9999 -135.320693969727 -136.535980224609 -140.479309082031 -144.277481079102 -147.954315185547 -154.532119750977 -161.235198974609 -167.730331420898 -175.915237426758 -184.818283081055 -193.544616699219 -200.968215942383 -206.911407470703 -212.82438659668 -217.974990844727 -220.729080200195 -223.349151611328 -225.849639892578 -224.778472900391 -223.561630249023 -222.122253417969 -217.182205200195 -211.235092163086 -205.143112182617 -198.654708862305 -191.843002319336 -185.557601928711 -180.419708251953 -177.615798950195 -175.012069702148 -172.673110961914 -172.101379394531 -171.503158569336 -170.876525878906 -172.530960083008 -174.544311523438 -176.560760498047 -178.410415649414
-9999 -9999 -9999 -9999 -139.33854675293 -138.687591552734 -138.667999267578 -139.535247802734 -144.01953125 -148.32878112793 -152.494232177734 -160.210083007812 -168.027633666992 -175.564193725586 -183.537048339844 -191.690170288086 -199.688491821289 -206.476516723633 -211.925598144531 -217.323699951172 -221.981307983398 -224.370407104492 -226.682357788086 -228.897399902344 -227.654678344727 -226.210784912109 -224.464736938477 -218.913589477539 -212.286773681641 -205.478103637695 -198.530426025391 -191.469589233398 -185.04313659668 -179.830535888672 -177.053451538086 -174.501968383789 -172.244430541992 -171.910049438477 -171.54801940918 -171.15625 -172.66032409668 -174.463348388672 -176.275161743164 -178.382247924805
-9999 -9999 -9999 -9999 -139.161514282227 -139.881011962891 -140.934585571289 -142.762344360352 -147.869964599609 -152.789001464844 -157.558410644531 -166.521621704102 -175.567413330078 -184.285873413086 -192.064910888672 -199.463073730469 -206.719635009766 -212.8232421875 -217.683197021484 -222.468765258789 -226.531860351562 -228.457244873047 -230.350540161133 -232.161758422852 -230.753189086914 -229.095199584961 -227.068756103516 -220.91259765625 -213.600128173828 -206.030380249023 -198.591278076172 -191.254013061523 -184.669494628906 -179.376708984375 -176.643020629883 -174.16748046875 -172.01220703125 -171.879501342773 -171.712738037109 -171.509521484375 -172.74609375 -174.211761474609 -175.694076538086 -178.183227539062
-9999 -9999 -9999 -9999 -139.652557373047 -141.322860717773 -143.305450439453 -146.019439697266 -151.681030273438 -157.134033203125 -162.426849365234 -172.565216064453 -182.782409667969 -192.68244934082 -200.240737915039 -206.885192871094 -213.402206420898 -218.82568359375 -223.098999023438 -227.322372436523 -230.851119995117 -232.372100830078 -233.893463134766 -235.341567993164 -233.806076049805 -232.027282714844 -229.895416259766 -223.307952880859 -215.436950683594 -206.999771118164 -198.964782714844 -191.242691040039 -184.457580566406 -179.045776367188 -176.315475463867 -173.923919677734 -171.898483276367 -171.994689941406 -172.015075683594 -171.954406738281 -172.87678527832 -173.964935302734 -175.094741821289 -177.942443847656
-9999 -9999 -9999 -9999 -155.612503051758 -153.526809692383 -151.710830688477 -151.507125854492 -157.905029296875 -164.068771362305 -170.057479858398 -180.799011230469 -191.589874267578 -202.089401245117 -208.962066650391 -214.474685668945 -219.88313293457 -224.519973754883 -228.355392456055 -232.162261962891 -235.340896606445 -236.748840332031 -238.184326171875 -239.553680419922 -238.237518310547 -236.678573608398 -234.776504516602 -228.149810791016 -220.123931884766 -211.22102355957 -202.392150878906 -193.628829956055 -185.99641418457 -180.010818481445 -177.202499389648 -174.815231323242 -172.82795715332 -172.94450378418 -172.944900512695 -172.821060180664 -173.750152587891 -174.862686157227 -176.042068481445 -179.120666503906
-9999 -9999 -9999 -9999 -156.584823608398 -156.577453613281 -156.816848754883 -158.503616333008 -165.818313598633 -172.877853393555 -179.752853393555 -190.709197998047 -201.651962280273 -212.313247680664 -218.132629394531 -222.200256347656 -226.177474975586 -229.936111450195 -233.465393066406 -236.991195678711 -240.001495361328 -241.589859008789 -243.239227294922 -244.839782714844 -244.127487182617 -243.178924560547 -241.902236938477 -235.705978393555 -228.017807006836 -219.149276733398 -209.333801269531 -198.80485534668 -189.592910766602 -182.516494750977 -179.545669555664 -177.077255249023 -175.024948120117 -174.913940429688 -174.644714355469 -174.207046508789 -175.541946411133 -177.177276611328 -178.904403686523 -182.055404663086
-9999 -9999 -155.51286315918 -156.225402832031 -157.560882568359 -159.650695800781 -161.932586669922 -165.471817016602 -173.685653686523 -181.624099731445 -189.369934082031 -200.514633178711 -211.597885131836 -222.414916992188 -227.152908325195 -229.77360534668 -232.337966918945 -235.250366210938 -238.490798950195 -241.734588623047 -244.57795715332 -246.342987060547 -248.147644042969 -249.895462036133 -249.700393676758 -249.321365356445 -248.690567016602 -242.943374633789 -235.688903808594 -227.291381835938 -216.911880493164 -205.048400878906 -194.180511474609 -185.918304443359 -182.683868408203 -179.999008178711 -177.732452392578 -177.246002197266 -176.670852661133 -176.001052856445 -177.824295043945 -180.013244628906 -182.168838500977 -185.273452758789
-165.184722900391 -163.36540222168 -160.870147705078 -158.865814208984 -159.473968505859 -163.246185302734 -167.178283691406 -172.243469238281 -181.278167724609 -190.021713256836 -198.569732666016 -209.477783203125 -220.309722900391 -230.917083740234 -234.811477661133 -236.427291870117 -237.996307373047 -240.318710327148 -243.360046386719 -246.403244018555 -249.161819458008 -251.178817749023 -253.197570800781 -255.137985229492 -255.361434936523 -255.468078613281 -255.415924072266 -250.252838134766 -243.628189086914 -235.973876953125 -225.411254882812 -212.686569213867 -200.490539550781 -191.182174682617 -187.471694946289 -184.355941772461 -181.667144775391 -180.642700195312 -179.634140014648 -178.640762329102 -180.755172729492 -183.271545410156 -185.588745117188 -188.54753112793
-165.149597167969 -164.084487915039 -162.725494384766 -161.943923950195 -163.600433349609 -168.099533081055 -172.699630737305 -178.445327758789 -188.053100585938 -197.348327636719 -206.440689086914 -215.664169311523 -224.7763671875 -233.679183959961 -237.482421875 -239.620086669922 -241.747192382812 -244.424682617188 -247.615325927734 -250.81169128418 -253.855346679688 -256.509338378906 -259.131378173828 -261.623077392578 -261.878082275391 -262.080322265625 -262.211395263672 -258.456604003906 -253.577255249023 -247.78889465332 -238.985473632812 -227.968765258789 -217.025115966797 -207.996917724609 -202.672576904297 -197.98014831543 -193.750778198242 -191.363067626953 -189.091873168945 -186.941497802734 -187.658187866211 -188.681442260742 -189.338317871094 -191.634811401367
-165.219833374023 -164.96028137207 -164.764099121094 -165.207916259766 -167.905990600586 -173.134582519531 -178.372634887695 -184.764190673828 -194.91276550293 -204.729476928711 -214.338302612305 -221.815505981445 -229.197357177734 -236.408233642578 -240.163208007812 -242.832122802734 -245.513366699219 -248.537078857422 -251.873443603516 -255.209976196289 -258.530212402344 -261.807525634766 -265.010589599609 -268.022979736328 -268.284881591797 -268.532440185547 -268.760681152344 -266.340850830078 -263.125366210938 -259.129058837891 -252.010772705078 -242.629638671875 -233.107299804688 -224.525787353516 -217.766235351562 -211.555999755859 -205.800216674805 -202.062591552734 -198.513320922852 -195.159622192383 -194.43212890625 -193.956283569336 -193.06575012207 -194.812118530273
-165.344039916992 -165.930557250977 -166.915115356445 -168.58935546875 -172.324859619141 -178.288467407227 -184.147537231445 -191.164428710938 -201.833801269531 -212.151901245117 -222.22819519043 -227.933242797852 -233.577178955078 -239.106079101562 -242.853652954102 -246.06169128418 -249.293869018555 -252.655410766602 -256.134307861328 -259.598449707031 -263.186828613281 -267.073272705078 -270.833770751953 -274.334197998047 -274.575317382812 -274.811309814453 -275.040100097656 -273.868591308594 -272.220306396484 -269.92578125 -264.400634765625 -256.563446044922 -248.656478881836 -240.717056274414 -232.733581542969 -225.074584960938 -217.808959960938 -212.737396240234 -207.890518188477 -203.276168823242 -201.046752929688 -199.064178466797 -196.765747070312 -198.100769042969
-168.958312988281 -169.658676147461 -170.814376831055 -172.728378295898 -176.997787475586 -183.701477050781 -190.184219360352 -197.546188354492 -207.63117980957 -217.364791870117 -226.840057373047 -232.217849731445 -237.542922973633 -242.784271240234 -246.476867675781 -249.731658935547 -253.029693603516 -256.586303710938 -260.361938476562 -264.105621337891 -267.871429443359 -271.701629638672 -275.361419677734 -278.749206542969 -279.198425292969 -279.649047851562 -280.101806640625 -278.704406738281 -276.787994384766 -274.373107910156 -269.364898681641 -262.518981933594 -255.676635742188 -248.624633789062 -241.182662963867 -233.828582763672 -226.676834106445 -220.897399902344 -215.376358032227 -210.122467041016 -207.164321899414 -204.470138549805 -201.558410644531 -202.167663574219
-172.762771606445 -173.661071777344 -175.032730102539 -177.119491577148 -181.869735717773 -189.270843505859 -196.329055786133 -203.94987487793 -213.313735961914 -222.344223022461 -231.110549926758 -236.307510375977 -241.480651855469 -246.616470336914 -250.256271362305 -253.492858886719 -256.781219482422 -260.510650634766 -264.606353759766 -268.651123046875 -272.566589355469 -276.203094482422 -279.620056152344 -282.763610839844 -283.458923339844 -284.157653808594 -284.861572265625 -282.856323242188 -280.199157714844 -277.185668945312 -272.397064208984 -266.364837646484 -260.393493652344 -254.248245239258 -247.779373168945 -241.19677734375 -234.607604980469 -228.304641723633 -222.287231445312 -216.564117431641 -213.092300415039 -209.908981323242 -206.606216430664 -206.399002075195
-176.931564331055 -178.165817260742 -179.862121582031 -182.031814575195 -187.17985534668 -195.182678222656 -202.699447631836 -210.437637329102 -218.958801269531 -227.271896362305 -235.381729125977 -240.443023681641 -245.495727539062 -250.534255981445 -254.130783081055 -257.355407714844 -260.628845214844 -264.529815673828 -268.939880371094 -273.262268066406 -277.297027587891 -280.714782714844 -283.882446289062 -286.789489746094 -287.733612060547 -288.639831542969 -289.5009765625 -286.785583496094 -283.310150146484 -279.679626464844 -275.1005859375 -269.862884521484 -264.639801025391 -259.275207519531 -253.652389526367 -247.897842407227 -241.993240356445 -235.293548583984 -228.837814331055 -222.632385253906 -218.633850097656 -214.947479248047 -211.236526489258 -210.196166992188
-182.802154541016 -184.765045166016 -187.16731262207 -189.794830322266 -195.044967651367 -202.742874145508 -209.835159301758 -217.064086914062 -224.79460144043 -232.444152832031 -239.963073730469 -245.155563354492 -250.348236083984 -255.542587280273 -259.37890625 -262.875274658203 -266.410919189453 -270.515197753906 -275.075927734375 -279.515716552734 -283.471771240234 -286.403930664062 -289.060791015625 -291.435455322266 -291.791717529297 -292.082977294922 -292.29345703125 -288.812530517578 -284.619293212891 -280.468170166016 -276.051330566406 -271.450408935547 -266.818542480469 -262.056732177734 -257.061950683594 -251.918014526367 -246.518936157227 -239.567855834961 -232.816741943359 -226.270156860352 -221.858047485352 -217.776641845703 -213.764083862305 -212.324844360352
-189.550842285156 -192.49299621582 -195.859878540039 -199.221145629883 -204.435256958008 -211.32096862793 -217.45231628418 -223.780822753906 -230.760894775391 -237.791793823242 -244.781814575195 -250.318817138672 -255.87239074707 -261.449615478516 -265.790740966797 -269.836273193359 -273.918212890625 -278.290863037109 -282.893005371094 -287.33642578125 -291.053436279297 -293.264068603516 -295.168060302734 -296.712921142578 -295.609558105469 -294.398345947266 -293.057678222656 -288.730529785156 -283.901916503906 -279.312927246094 -274.975860595703 -270.804504394531 -266.555480957031 -262.161102294922 -257.510162353516 -252.69189453125 -247.56201171875 -240.518356323242 -233.632751464844 -226.908096313477 -222.214782714844 -217.867797851562 -213.684265136719 -212.385040283203
-195.977767944336 -199.718505859375 -203.915512084961 -208.152099609375 -213.440185546875 -219.650482177734 -224.974136352539 -230.561080932617 -236.942901611328 -243.371643066406 -249.794769287109 -255.62467956543 -261.49658203125 -267.424133300781 -272.240325927734 -276.801605224609 -281.389709472656 -285.985046386719 -290.589813232422 -295.018676757812 -298.472320556641 -299.945465087891 -301.102325439453 -301.826080322266 -299.278381347656 -296.598815917969 -293.764312744141 -288.654052734375 -283.226257324219 -278.159027099609 -273.866821289062 -270.084808349609 -266.25 -262.255737304688 -257.981323242188 -253.482498168945 -248.600860595703 -241.44514465332 -234.424270629883 -227.540008544922 -222.583786010742 -217.970031738281 -213.556503295898 -212.338012695312
