indici/fabbisogno09.asc
NCOLS 177 
NROWS 174 
XLLCORNER 1436301.375 
YLLCORNER 4916704.5 
CELLSIZE 1500 
NODATA_value -9999 
[rows 20 to 39 of 174, columns 44 to 87 of 177]
-118.252395629883 -121.095664978027 -123.922004699707 -126.724998474121 -129.54866027832 -131.971893310547 -132.566040039062 -133.036758422852 -133.413543701172 -132.837341308594 -132.203872680664 -131.542922973633 -128.569046020508 -83.409928894043 -76.7719207763672 -71.2483032226562 -68.3815643310547 -68.8249160766601 -68.0935089111328 -70.2237487792969 -67.6089996337891 -60.7901107788086 -63.2195404052734 -9999 -9999 -9999 -9999 -9999 -9999 -9999 -9999 -9999 -9999 -9999 -9999 -9999 -9999 -9999 -9999 -9999 -9999 -9999 -9999 -9999
-117.561729431152 -120.10962677002 -122.917762756348 -126.104965209961 -129.352294921875 -132.118286132812 -132.619354248047 -132.986602783203 -133.251205444336 -133.441528320312 -133.615097045898 -133.759628295898 -91.3579620361328 -84.9696044921875 -78.888134765625 -72.054833984375 -73.3758972167969 -70.4872924804687 -72.5768737792969 -74.9054046630859 -68.8179977416992 -61.3684204101562 -66.9314071655273 -9999 -9999 -9999 -9999 -9999 -9999 -9999 -9999 -9999 -9999 -9999 -9999 -9999 -9999 -9999 -9999 -9999 -9999 -9999 -9999 -9999
-116.902450561523 -119.169120788574 -121.97191619873 -125.557304382324 -129.209579467773 -132.292877197266 -132.67366027832 -132.924224853516 -133.074127197266 -134.023422241211 -134.998611450195 -93.7467926025391 -92.5472717285156 -86.630712890625 -82.1187896728516 -75.6501876831055 -75.0622406005859 -73.3641784667969 -76.7803207397461 -77.3178146362305 -72.1672409057617 -63.8291229248047 -68.4586364746094 -9999 -9999 -9999 -9999 -9999 -9999 -9999 -9999 -9999 -9999 -9999 -9999 -9999 -9999 -9999 -9999 -9999 -9999 -9999 -9999 -9999
-116.281791687012 -118.284507751465 -121.09782409668 -125.098182678223 -129.132446289062 -132.501602172852 -132.729309082031 -132.847259521484 -132.879638671875 -134.580123901367 -136.351043701172 -93.0461273193359 -94.2739318847656 -87.9898101806641 -86.1923370361328 -83.9760620117187 -77.2660064697266 -79.0490768432617 -78.0098678588867 -79.9385360717773 -73.9251739501953 -67.7283081054688 -71.1966873168945 -9999 -9999 -9999 -9999 -9999 -9999 -9999 -9999 -9999 -9999 -9999 -9999 -9999 -9999 -9999 -9999 -9999 -9999 -9999 -9999 -9999
-116.531578063965 -119.064353942871 -121.995864868164 -125.510444641113 -129.023513793945 -131.97395324707 -132.284622192383 -132.506866455078 -132.660034179688 -134.526885986328 -136.461502075195 -138.331832885742 -94.9325500488281 -95.2729522705078 -93.1222961425781 -89.1093139648438 -81.4389984130859 -85.0258819580078 -84.8040130615234 -85.5465667724609 -78.3259475708008 -71.4379287719727 -78.7426467895508 -9999 -9999 -9999 -9999 -9999 -106.709014892578 -106.224609375 -105.724609375 -105.425941467285 -105.529693603516 -105.619071960449 -9999 -9999 -9999 -9999 -9999 -9999 -9999 -9999 -9999 -9999
-117.047317504883 -120.327499389648 -123.403793334961 -126.177139282227 -128.917724609375 -131.253601074219 -131.711029052734 -132.099472045898 -132.433563232422 -134.314636230469 -136.254180908203 -138.120788574219 -139.629928588867 -99.1466583251953 -96.4947174072266 -96.4316101074219 -89.0952239990234 -85.7497650146484 -84.6958862304687 -83.7363311767578 -84.2070938110352 -78.0070587158203 -80.3638732910156 -121.891151428223 -121.636215209961 -9999 -106.938041687012 -106.973999023438 -106.719703674316 -106.234893798828 -105.726196289062 -105.412643432617 -105.505615234375 -105.407005310059 -105.223098754883 -104.963973999023 -9999 -9999 -9999 -9999 -9999 -9999 -120.868843078613 -120.72533416748
-117.735343933105 -121.734405517578 -124.929885864258 -126.934234619141 -128.886108398438 -130.591003417969 -131.181564331055 -131.717666625977 -132.210571289062 -134.084808349609 -136.018356323242 -137.892684936523 -140.785263061523 -103.438079833984 -105.44241027832 -102.524566650391 -94.7915435791016 -92.464794921875 -94.7976226806641 -90.2832275390625 -89.6265228271484 -83.2664138793945 -83.2393249511719 -123.295539855957 -121.904991149902 -9999 -106.975982666016 -107.008659362793 -106.754936218262 -106.266983032227 -105.720687866211 -105.361991882324 -105.414588928223 -105.328483581543 -105.177001953125 -104.949577331543 -9999 -9999 -9999 -9999 -9999 -9999 -120.872077941895 -120.714408874512
-119.159294128418 -123.48641204834 -126.612937927246 -127.956130981445 -129.227951049805 -130.369384765625 -130.974151611328 -131.538055419922 -132.068923950195 -134.15266418457 -136.320816040039 -138.446914672852 -142.203475952148 -104.478366088867 -107.298336791992 -108.832192993164 -98.9881988525391 -91.7643829345703 -93.9575439453125 -91.6518402099609 -89.9986541748047 -84.7701019287109 -82.5292022705078 -75.0341384887695 -111.697418212891 -109.929595947266 -109.114242553711 -108.342239379883 -107.702278137207 -107.167930603027 -106.540260314941 -106.054092407227 -105.89868927002 -105.651390075684 -105.21647644043 -103.055046081543 -100.958473205566 -98.9374465942383 -100.847595214844 -103.454620361328 -105.974220275879 -109.36107635498 -113.290603637695 -82.5168411254883
-121.493392944336 -125.664970397949 -128.488098144531 -129.300994873047 -130.022933959961 -130.681350708008 -131.153900146484 -131.599884033203 -132.024185180664 -134.565505981445 -137.241485595703 -139.889373779297 -143.92756652832 -107.331378173828 -109.278863525391 -108.384701538086 -100.476809692383 -88.85888671875 -90.1830047607422 -87.3083801269531 -85.8501922607422 -81.4747970581055 -74.9214065551758 -73.3585021972656 -67.8342895507812 -110.365287780762 -110.081733703613 -109.828887939453 -109.374061584473 -108.738349914551 -107.976043701172 -107.285865783691 -106.787864685059 -106.248374938965 -105.571838378906 -103.32088470459 -101.119148254395 -98.9769515991211 -100.821647644043 -103.429290771484 -105.948822021484 -73.7384231567383 -76.9288757324219 -80.1401107788086
-124.015754699707 -128.001770019531 -130.492233276367 -130.74494934082 -130.918014526367 -131.101440429688 -131.451110839844 -131.761703491211 -132.040023803711 -134.995956420898 -138.164581298828 -141.373779296875 -145.735733032227 -150.604263305664 -111.169158935547 -105.338711547852 -96.8870513916016 -88.2336975097656 -85.7209747314453 -83.9925109863281 -78.1160125732422 -75.0132659912109 -71.0239608764648 -67.9762268066406 -65.2114654541016 -62.5356475830078 -110.908958435059 -111.151275634766 -110.866355895996 -110.104751586914 -109.243316650391 -108.393852233887 -107.595504760742 -106.746841430664 -105.781074523926 -103.395263671875 -61.8656524658203 -61.711604309082 -63.5721633911133 -67.0075454711914 -68.7026611328125 -73.2646728515625 -76.3838012695312 -78.1544189453125
-126.528755187988 -130.358200073242 -132.54264831543 -132.256698608398 -131.911590576172 -131.651290893555 -131.905410766602 -132.101913452148 -132.250839233398 -135.561187744141 -139.163589477539 -142.887130737305 -147.389175415039 -152.218139648438 -110.459375 -109.307489013672 -99.3450134277344 -86.2771636962891 -80.2531829833984 -76.6417053222656 -69.3498596191406 -67.6643997192383 -65.7657943725586 -61.6203430175781 -59.0011596679688 -57.3540115356445 -111.731140136719 -112.294258117676 -112.12279510498 -111.280250549316 -110.374084472656 -109.395240783691 -108.242134094238 -107.021263122559 -105.692039489746 -64.0470718383789 -62.6140625 -55.6271377563477 -61.5230133056641 -63.8556137084961 -61.2817153930664 -68.0252212524414 -70.617057800293 -75.1239105224609
-128.555770874023 -132.521743774414 -134.667037963867 -134.068145751953 -133.429763793945 -132.93962097168 -133.267303466797 -133.517959594727 -133.704483032227 -137.022979736328 -140.677169799805 -144.5361328125 -147.956771850586 -107.461596679687 -108.383721923828 -106.093759155273 -95.3115203857422 -84.3088989257812 -72.6101135253906 -68.4029525756836 -69.3050094604492 -64.9280670166016 -64.2380661010742 -63.7612442016602 -61.4386138916016 -62.2004608154297 -64.2157653808594 -112.889091491699 -112.632591247559 -111.892753601074 -111.121627807617 -110.101448059082 -108.433891296387 -106.68531036377 -104.833473205566 -63.4007125854492 -60.4172332763672 -52.7280563354492 -52.0452224731445 -50.0853927612305 -51.7648025512695 -57.1609375 -64.1582382202148 -71.2176406860352
-130.467849731445 -134.589385986328 -136.715484619141 -135.822937011719 -134.895462036133 -134.17414855957 -134.575134277344 -134.907028198242 -135.181274414062 -138.558746337891 -142.28044128418 -146.212173461914 -148.499969482422 -106.6064453125 -105.120626831055 -98.9859558105469 -88.5015380859375 -77.7155059814453 -67.0691635131836 -67.0352661132812 -69.7945220947266 -68.3574203491211 -69.0647445678711 -67.2540649414063 -68.7993759155273 -68.1863876342773 -68.8109802246094 -72.9791244506836 -69.6804962158203 -112.546653747559 -111.887649536133 -110.807487487793 -108.595748901367 -106.336357116699 -104.004066467285 -64.5002593994141 -59.1867431640625 -51.5441452026367 -47.626985168457 -53.0178863525391 -51.0396453857422 -47.3787902832031 -53.554736328125 -61.2565582275391
-132.23779296875 -136.53874206543 -138.670364379883 -137.508193969727 -136.297134399414 -135.343719482422 -135.818145751953 -136.263641357422 -136.685028076172 -140.180435180664 -143.987915039062 -147.919799804688 -101.243865966797 -103.19606628418 -99.1060607910156 -95.6476715087891 -84.785400390625 -70.9324783325195 -62.6495864868164 -67.0244583129883 -66.9466339111328 -66.6564239501953 -72.6414794921875 -69.1907089233398 -71.1947006225586 -73.0435180664062 -70.5889450073242 -70.3562469482422 -74.4410232543945 -75.3017227172851 -74.6713134765625 -72.0227020263672 -70.3865417480469 -67.1688385009766 -66.8689819335937 -63.5806076049805 -55.7226623535156 -49.9244781494141 -49.2856399536133 -50.9126434326172 -50.0456726074219 -47.7501617431641 -47.0689636230469 -56.86826171875
-133.288208007812 -136.783462524414 -138.612747192383 -137.906600952148 -137.139526367188 -136.7470703125 -138.434844970703 -140.139602661133 -141.861236572266 -145.067489624023 -148.416259765625 -151.799819946289 -108.039633178711 -106.096466064453 -102.790682983398 -97.4825653076172 -84.1782928466797 -72.1990371704102 -62.0355697631836 -62.1097732543945 -67.7779251098633 -71.9650527954101 -73.4375534057617 -71.8972305297852 -73.2177627563477 -71.8121856689453 -66.5709945678711 -73.1223175048828 -73.3333374023437 -70.7826614379883 -73.7313873291016 -70.94716796875 -66.4766632080078 -61.9623962402344 -60.1414184570312 -57.6114349365234 -55.8575576782227 -51.8326446533203 -49.4201126098633 -49.5674880981445 -48.8870376586914 -46.3741622924805 -40.1900527954102 -44.889909362793
-134.126327514648 -136.545776367188 -137.99153137207 -137.951049804688 -137.838073730469 -138.229629516602 -141.445083618164 -144.707824707031 -148.013153076172 -150.810440063477 -153.544891357422 -112.230044555664 -108.832928466797 -102.769924926758 -101.054779052734 -95.4805236816406 -88.1104309082031 -76.6555450439453 -62.8360687255859 -61.2138092041016 -67.1186889648438 -70.7437362670898 -71.6778411865234 -68.7601715087891 -68.035107421875 -66.8169647216797 -67.4729827880859 -72.075114440918 -71.4096221923828 -69.6019729614258 -70.2528137207031 -66.0851104736328 -61.7935317993164 -53.6726409912109 -51.0593734741211 -53.3593597412109 -53.9367828369141 -51.3433074951172 -48.4401428222656 -47.2505279541016 -43.9075912475586 -38.7648559570312 -35.7692947387695 -38.8749008178711
-134.881500244141 -136.264831542969 -137.363250732422 -138.027114868164 -138.623275756836 -139.855346679688 -144.657333374023 -149.468536376953 -154.28955078125 -156.621917724609 -158.716918945312 -113.51149597168 -108.695098876953 -111.951559448242 -105.462063598633 -99.2432800292969 -91.4033386230469 -77.8257568359375 -66.2813369750976 -62.0188186645508 -61.0474807739258 -65.9995086669922 -69.5763259887695 -67.260107421875 -71.7040878295898 -72.3461868286133 -70.9943710327148 -74.4479827880859 -69.3267105102539 -65.1356857299805 -65.7110397338867 -59.097526550293 -54.6766082763672 -55.0193344116211 -54.4602432250977 -53.6684188842773 -49.6847076416016 -46.9445098876953 -45.2193756103516 -43.0993576049805 -39.4687866210937 -35.4935211181641 -31.4871932983398 -39.9909927368164
-135.065292358398 -135.884094238281 -137.050918579102 -138.756149291992 -140.400634765625 -142.685546875 -148.588851928711 -154.459777832031 -160.302871704102 -162.311309814453 -163.958801269531 -118.313967895508 -116.952716064453 -117.888714599609 -115.165493774414 -108.705264282227 -98.02666015625 -86.6670532226562 -74.0071868896484 -65.2859283447266 -62.7915893554687 -64.7132553100586 -70.6680221557617 -68.6703842163086 -72.1310928344727 -75.9702301025391 -78.3369110107422 -75.8566680908203 -70.0675933837891 -64.4474792480469 -60.443196105957 -57.6888626098633 -61.4662017822266 -59.1443466186523 -54.9833435058594 -49.9697387695312 -49.2571624755859 -45.9424774169922 -41.501545715332 -40.1546371459961 -36.422541809082 -32.3542419433594 -30.6702926635742 -33.4232437133789
-134.541015625 -135.378677368164 -137.126495361328 -140.283935546875 -143.385375976562 -146.977279663086 -153.388763427734 -159.730407714844 -166.01091003418 -167.855880737305 -124.006207275391 -124.067364501953 -123.958096313477 -120.601876831055 -120.132272338867 -117.750381469727 -107.031225585938 -95.8559967041016 -82.5073974609375 -75.7221923828125 -66.1298767089844 -61.5550430297852 -68.921044921875 -71.2329635620117 -77.3017944335938 -80.3381698608398 -77.7411026000977 -78.4094497680664 -75.5347717285156 -70.0527526855469 -67.7616256713867 -56.5348999023437 -58.2538818359375 -52.3649871826172 -50.3659164428711 -50.9322418212891 -49.1389221191406 -45.7548004150391 -44.9732070922852 -43.2757781982422 -40.4125762939453 -38.5308364868164 -31.3067764282227 -31.5699676513672
-134.002883911133 -134.852142333984 -137.170883178711 -141.772521972656 -146.311019897461 -151.189697265625 -158.086196899414 -164.897644042969 -171.633987426758 -126.616354370117 -127.565087890625 -127.08525390625 -125.125619506836 -125.884164428711 -123.876641845703 -120.733502197266 -113.992025756836 -105.026782226562 -94.7926849365234 -86.7089721679687 -76.0765548706055 -65.5369400024414 -64.8376983642578 -73.6470962524414 -78.7819046020508 -78.401838684082 -76.2503341674805 -78.0721130371094 -74.1199401855469 -70.7903610229492 -65.2812591552734 -56.020133972168 -52.8520294189453 -54.170133972168 -52.5539566040039 -50.335595703125 -48.4255249023437 -47.0120544433594 -43.8764404296875 -41.046794128418 -41.7977935791016 -41.5474136352539 -36.610041809082 -29.3126480102539
