indici/fabbisogno05.asc
NCOLS 177 
NROWS 174 
XLLCORNER 1436301.375 
YLLCORNER 4916704.5 
CELLSIZE 1500 
NODATA_value -9999 
[rows 80 to 99 of 174, columns 88 to 131 of 177]
-79.4202453613281 -78.5681427001953 -77.3518417358399 -75.5579559326172 -74.7416748046875 -74.9065551757812 -73.9420181274414 -72.6191802978516 -72.2871246337891 -71.9293441772461 -72.8362258911133 -76.1736465454102 -78.7479110717773 -81.9071960449219 -83.7999282836914 -87.1738189697266 -87.438298034668 -87.3450897216797 -89.1823059082031 -90.5559158325195 -93.0581573486328 -92.6406494140625 -94.1724945068359 -93.3748596191406 -91.2493423461914 -87.664094543457 -85.8198257446289 -84.8448287963867 -84.2041351318359 -83.5639450073242 -83.2918869018555 -81.7667282104492 -80.9006042480469 -80.6221481323242 -80.0871124267578 -76.5505966186523 -75.9234558105469 -70.353337097168 -64.8666000366211 -57.8328765869141 -54.9680099487305 -53.9845947265625 -52.7913421630859 -118.194869995117
-76.3515930175781 -75.7951202392578 -74.8259872436523 -73.9315078735352 -73.8245590209961 -74.397883605957 -72.5664627075195 -71.9076934814453 -71.4589324951172 -72.1176193237305 -71.8356536865234 -74.2410293579102 -76.7842636108398 -79.1196334838867 -81.7782409667969 -84.4292083740234 -84.3980407714844 -85.6610260009766 -90.0571228027344 -89.7781997680664 -90.4921768188477 -91.0325347900391 -92.9267990112305 -90.7692565917969 -89.2964797973633 -87.524462890625 -84.1268661499024 -83.1476989746094 -82.4051406860352 -81.6630020141602 -80.704150390625 -81.1919219970703 -78.9571533203125 -78.0066040039063 -76.072492980957 -72.739875793457 -70.5404922485352 -66.0937850952149 -59.685530090332 -55.5806762695313 -53.1052169799805 -52.5596176147461 -117.601760864258 -117.305526733398
-73.8180923461914 -73.3291259765625 -72.8210113525391 -72.2734008789062 -72.0148956298828 -72.0096908569336 -71.2041717529297 -70.7379669189453 -70.5380081176758 -70.4368759155273 -70.3616241455078 -72.2144409179687 -74.6805541992188 -76.4461380004883 -79.5464935302734 -81.6300521850586 -82.0579193115234 -82.8957183837891 -85.8702590942383 -89.3608871459961 -91.0694686889648 -91.2505920410156 -90.5392578125 -89.5394653320313 -88.0202331542969 -85.4246475219727 -82.5377380371094 -82.11025390625 -80.390007019043 -79.858544921875 -79.4765014648438 -77.9857696533203 -76.4021240234375 -75.1166946411133 -73.0435958862305 -69.3354049682617 -64.8210327148438 -60.8556838989258 -57.0120025634766 -53.3478424072266 -51.1926742553711 -116.38500213623 -116.28044128418 -116.303604125977
-71.1582733154297 -70.7681213378906 -70.7869476318359 -70.5666107177734 -70.5104888916016 -70.6576538085938 -69.8259704589844 -69.6521469116211 -69.4151412963867 -69.5624084472656 -68.9485565185547 -70.5341888427734 -72.2626754760742 -74.6756164550781 -76.3826263427734 -78.9151428222656 -79.1830627441406 -80.2292922973633 -82.5323150634766 -84.8275207519531 -88.6871673583984 -88.6075256347656 -87.1533584594727 -86.9961959838867 -85.5271667480469 -83.5028869628906 -81.1508361816406 -79.437255859375 -78.9338973999023 -78.8656829833984 -77.4270324707031 -75.4976638793945 -73.7599136352539 -71.9988464355469 -68.9652496337891 -64.5781524658203 -61.4050598144531 -58.0342681884766 -54.6809432983398 -51.4505569458008 -114.491310119629 -114.736541748047 -114.825103759766 -114.99397277832
-69.3937347412109 -69.0175735473633 -68.8931594848633 -68.712077331543 -68.5701217651367 -68.7978439331055 -68.4660842895508 -68.3457427978516 -67.956120300293 -67.8540298461914 -67.4192428588867 -68.5057708740234 -69.8345794677734 -71.3493316650391 -73.4462951660156 -74.4324737548828 -75.8262588500977 -77.7481918334961 -78.9958297729492 -81.2147766113281 -83.0063186645508 -84.6074859619141 -85.3688751220703 -86.5996124267578 -87.8940200805664 -84.9580947875977 -81.9262512207031 -79.7767532348633 -78.2978378295898 -76.9482757568359 -75.6807006835938 -74.4034606933594 -72.9766174316406 -70.5937866210938 -66.8895812988281 -62.9642578125 -58.5864120483398 -55.5045593261719 -52.5813598632812 -49.8074447631836 -112.828475952148 -113.126075744629 -113.316131591797 -113.568565368652
-67.5192428588867 -67.1822387695313 -67.0330276489258 -66.6720352172852 -67.4399124145508 -66.7600540161133 -66.6209045410156 -66.4236923217773 -66.2566207885742 -65.9616073608398 -65.7044906616211 -66.5219360351562 -67.490217590332 -68.5191848754883 -69.743766784668 -70.8697738647461 -72.5642822265625 -74.3829940795898 -75.6929000854492 -77.2285858154297 -78.7570617675781 -80.743701171875 -82.4649566650391 -85.3018280029297 -85.6994430541992 -83.8186126708984 -81.8326049804687 -79.8018814086914 -77.6859329223633 -76.0725601196289 -74.7521194458008 -72.8682357788086 -71.2632369995117 -69.3475814819336 -64.9878524780273 -60.2960174560547 -55.8976348876953 -52.975146484375 -50.4610473632813 -48.0933227539062 -111.200897216797 -111.551109313965 -111.81307220459 -112.116508483887
-65.637548828125 -65.2683792114258 -65.0319839477539 -64.7155731201172 -64.4577713012695 -64.7972854614258 -64.7223815917969 -64.5587860107422 -64.5803131103516 -64.416943359375 -64.0915176391602 -64.5384628295898 -65.1142303466797 -65.8425308227539 -66.6260848999023 -67.6030197143555 -69.7553161621094 -71.323828125 -72.1890716552734 -73.6564407348633 -75.6426620483398 -77.9311157226562 -80.8689605712891 -82.6570846557617 -82.6398147583008 -81.6996688842773 -79.8428375244141 -78.3979583740234 -76.5521881103516 -75.0119216918945 -73.6604476928711 -71.6454574584961 -69.5843566894531 -67.444189453125 -62.7876205444336 -57.5011489868164 -53.2917419433594 -50.5160690307617 -48.4296447753906 -46.4890060424805 -109.635414123535 -110.038581848145 -110.371467590332 -110.725662231445
-64.1194839477539 -63.7220291137695 -63.3456420898438 -62.9217590332031 -62.6713104248047 -62.805403137207 -62.829606628418 -62.8332763671875 -62.8518127441406 -62.8029159545898 -62.6085144042969 -62.9884582519531 -63.4135803222656 -64.1860916137695 -64.9637847900391 -65.7627502441406 -67.3585754394531 -68.4558746337891 -69.9484329223633 -71.1001159667969 -73.0328704833984 -75.5639938354492 -77.9440551757812 -79.1863586425781 -79.0869079589844 -78.1345886230469 -77.1618392944336 -75.7550903320312 -74.341194152832 -73.4934799194336 -72.6006378173828 -70.1506607055664 -67.7503265380859 -65.2530288696289 -60.3630279541016 -55.8394165039062 -51.5195892333984 -48.2438507080078 -46.5751266479492 -45.0229751586914 -108.195953369141 -108.641471862793 -109.034141540527 -109.430755615234
-62.8030090332031 -62.2984573364258 -61.7708755493164 -61.2019195556641 -60.9145004272461 -61.0328857421875 -61.0720458984375 -61.0410385131836 -61.1904113769531 -61.2135345458984 -61.1629959106445 -61.5629913330078 -62.0628448486328 -62.7670150756836 -63.4254806518555 -64.2344940185547 -65.1995071411133 -66.4558303833008 -67.7143127441406 -69.2478805541992 -70.586376953125 -73.7866714477539 -74.3565521240234 -75.101579284668 -75.3976669311523 -75.1771514892578 -74.2004730224609 -73.5023300170898 -72.6478042602539 -72.2080718994141 -71.7481567382813 -68.8443405151367 -66.0639602661133 -63.2022521972656 -58.2862396240234 -53.7545547485352 -48.5166687011719 -46.0043014526367 -44.7744430541992 -43.6307662963867 -42.9632614135742 -107.298301696777 -107.718536376953 -108.116363525391
-61.6059295654297 -61.015251159668 -60.2653747558594 -59.5760131835938 -59.1935623168945 -59.3443359375 -59.3895004272461 -59.3764846801758 -59.6669342041016 -59.7898056030273 -59.8829971313477 -60.2474517822266 -60.832958984375 -61.5024307250977 -62.1893249511719 -62.6148910522461 -63.295458984375 -64.3225830078125 -65.4092025756836 -65.9742553710938 -67.3248321533203 -69.3171035766602 -70.181916809082 -71.2900390625 -72.1723587036133 -72.09775390625 -71.6105133056641 -71.4617568969727 -71.0998321533203 -71.2404541015625 -70.8790832519531 -67.6836502075195 -64.4977447509766 -61.3539642333984 -56.400813293457 -51.2529052734375 -46.2368881225586 -43.8108642578125 -43.0340118408203 -42.2798385620117 -41.8734848022461 -105.983085632324 -106.41658782959 -106.798683166504
-60.6020111083984 -59.9903076171875 -59.2223068237305 -58.4434753417969 -57.947395324707 -58.0655548095703 -58.0797607421875 -58.0784576416016 -58.3179672241211 -58.4808944702148 -58.5898315429688 -58.9937561035156 -59.563200378418 -60.2264404296875 -60.7532791137695 -61.1804626464844 -61.7081848144531 -62.4186325073242 -63.3070709228516 -64.0288223266602 -64.849348449707 -66.3564163208008 -67.6607757568359 -68.9314590454102 -69.377685546875 -69.5111465454102 -69.6242141723633 -69.5938415527344 -69.5360610961914 -69.4706909179688 -69.0445205688477 -65.3486282348633 -61.7150924682617 -57.774560546875 -52.7356033325195 -48.6074951171875 -44.6430572509766 -42.5662246704102 -42.0088272094727 -41.4422729492188 -41.1039031982422 -104.870742797852 -105.207847595215 -105.474227905273
-60.0478668212891 -59.5149322509766 -58.7538467407227 -58.0460098266602 -57.5661727905273 -57.5139358520508 -57.4097091674805 -57.246142578125 -57.3916519165039 -57.406396484375 -57.3706390380859 -57.7402755737305 -58.1993606567383 -58.8278884887695 -59.3883041381836 -59.7997131347656 -60.4435684204102 -61.0983642578125 -61.8005340576172 -62.4679824829102 -63.2203125 -64.538801574707 -65.6459564208984 -66.5860717773438 -67.1538772583008 -67.5843231201172 -67.75302734375 -67.840007019043 -67.5429626464844 -67.4542984008789 -66.9645690917969 -62.9159713745117 -58.7639083862305 -53.6983337402344 -49.8512557983398 -46.4501327514648 -43.1436065673828 -41.4434982299805 -41.1488861083984 -40.6410949707031 -40.3936859130859 -103.810806274414 -104.081573486328 -104.279075622559
-59.4246276855469 -59.1719375610352 -58.4680389404297 -57.7943649291992 -57.3191604614258 -57.1683670043945 -56.9442474365234 -56.6309356689453 -56.6460525512695 -56.5856857299805 -56.4280471801758 -56.696858215332 -57.0966873168945 -57.6363922119141 -58.1800140380859 -58.6540878295898 -59.3086807250977 -59.9528305053711 -60.5466842651367 -61.1661911010742 -61.8247146606445 -62.8741241455078 -63.8356887817383 -64.7109664916992 -65.2759414672852 -65.7758071899414 -66.0807647705078 -66.1505599975586 -65.7390014648438 -65.5338012695313 -64.9550903320313 -60.4247833251953 -55.9759246826172 -50.7723983764648 -47.8103332519531 -44.3830047607422 -41.7429946899414 -40.3984756469727 -40.2158752441406 -39.9915573120117 -39.8181671142578 -102.843704223633 -103.086814880371 -103.273010253906
-59.0683929443359 -58.8671035766602 -58.2441879272461 -57.6423828125 -57.1656616210938 -56.8794891357422 -56.5100799560547 -56.0357788085938 -55.926335144043 -55.6961563110352 -55.475227355957 -55.5769714355469 -55.9490371704102 -56.3463012695313 -56.9077377319336 -57.5221542358398 -58.1013336181641 -58.7871780395508 -59.3181869506836 -59.8627395629883 -60.4323471069336 -61.3794769287109 -62.2258880615234 -63.0400802612305 -63.5981506347656 -64.0898742675781 -64.478434753418 -64.5018707275391 -63.9436645507812 -63.3556716918945 -62.5961685180664 -57.9371932983398 -53.3565002441406 -48.0809158325195 -45.6191024780273 -42.8378051757813 -40.7879501342773 -39.797200012207 -39.7034637451172 -39.6252075195313 -39.5315933227539 -102.147438049316 -102.339775085449 -102.49195098877
-58.4493453979492 -58.1099639892578 -57.7310745239258 -57.2146926879883 -56.7186920166016 -56.3350448608398 -55.8181838989258 -55.2491439819336 -54.9981887817383 -54.6907623291016 -54.3173873901367 -54.3527969360352 -54.4905319213867 -54.8422180175781 -55.5510665893555 -56.0489547729492 -56.4617095947266 -57.2724899291992 -57.8928985595703 -58.5090835571289 -59.1776031494141 -60.0663558959961 -60.9871612548828 -61.5362243652344 -62.1085998535156 -62.5883529663086 -63.0112274169922 -62.9122924804688 -61.9186294555664 -60.9126510620117 -59.8118408203125 -55.3081619262695 -51.0349014282227 -46.4854995727539 -43.8164901733398 -42.3022979736328 -40.433708190918 -39.5886764526367 -39.706169128418 -39.5695297241211 -39.4878723144531 -101.578117370605 -101.698181152344 -101.798042297363
-57.6837387084961 -57.4436096191406 -57.1661743164063 -56.8141693115234 -56.3801879882812 -55.7955780029297 -55.1973419189453 -54.5362899780273 -54.1046783447266 -53.6731109619141 -53.1670623779297 -53.1109146118164 -53.1798233032227 -53.3446182250977 -53.9448944091797 -54.4855407714844 -54.9352279663086 -55.6473999023438 -56.4174194335938 -57.1838531494141 -57.9778305053711 -58.7801971435547 -59.5658477783203 -60.2572601318359 -60.7646072387695 -61.2572891235352 -61.6109527587891 -61.4633483886719 -59.9737945556641 -58.4986099243164 -57.1117538452148 -52.8079696655273 -48.6891815185547 -44.5895874023438 -42.4998031616211 -41.131819152832 -40.0289352416992 -39.5095260620117 -39.6268157958984 -39.5017028808594 -39.573112487793 -101.03148651123 -101.086570739746 -101.128494262695
-56.9015182495117 -56.8049697875977 -56.64208984375 -56.400439453125 -56.0075057983398 -55.3433654785156 -54.6144409179688 -53.8008972167969 -53.2543472290039 -52.6983016967773 -52.1061981201172 -51.9209396362305 -51.8770004272461 -51.9240447998047 -52.2784912109375 -52.9029754638672 -53.545133972168 -54.2384155273438 -55.1330688476563 -55.9894073486328 -56.8681838989258 -57.6311538696289 -58.3463851928711 -58.9172637939453 -59.4660278320313 -59.882926940918 -60.1491714477539 -59.8011260986328 -57.8852890014648 -55.9958892822266 -54.2530044555664 -50.2373458862305 -46.3727279663086 -42.5382369995117 -41.0021926879883 -40.1752243041992 -39.5694473266602 -39.2244216918945 -39.4398620605469 -39.4414367675781 -39.5019744873047 -100.53636932373 -100.592086791992 -100.64958190918
-56.1638427734375 -56.1189651489258 -55.9853469848633 -55.7280197143555 -55.3343902587891 -54.5904006958008 -53.8130249023438 -52.9716018676758 -52.4043441772461 -51.8655670166016 -51.271711730957 -51.0750106811523 -51.0708847045898 -51.0605346679688 -51.317805480957 -51.849089050293 -52.405989074707 -52.9773727416992 -53.7360275268555 -54.4464904785156 -55.22724609375 -55.9115951538086 -56.5022811889648 -57.0268402099609 -57.3708984375 -57.4742202758789 -57.5409881591797 -57.0315811157227 -54.6376983642578 -52.3904098510742 -50.3259689331055 -47.0167602539063 -43.9985382080078 -40.7513671875 -39.7192733764648 -39.3973709106445 -39.1015106201172 -38.9628005981445 -39.1591903686523 -39.4168106079102 -39.6939865112305 -39.6878372192383 -39.531689453125 -39.4912094116211
-55.4048843383789 -55.2788604736328 -55.1613693237305 -54.9576644897461 -54.4866989135742 -53.7265411376953 -52.9497604370117 -52.0553329467773 -51.488688659668 -50.9973983764648 -50.480647277832 -50.3160186767578 -50.2348449707031 -50.2465423583984 -50.4675842285156 -50.8701095581055 -51.3054870605469 -51.7539443969727 -52.3436508178711 -52.9901992797852 -53.5941497802734 -54.1929443359375 -54.7418899536133 -55.2649108886719 -55.394548034668 -55.2235076904297 -55.0157379150391 -54.1797149658203 -51.5098129272461 -48.9230484008789 -46.4435470581055 -44.0016815185547 -41.6580154418945 -39.3558776855469 -38.6471771240234 -38.7043746948242 -38.4109100341797 -38.3607162475586 -38.7162780761719 -38.8888305664063 -39.1182601928711 -39.4749862670898 -39.3787689208984 -39.4583679199219
-54.6559478759766 -54.5658905029297 -54.4623062133789 -54.1638534545898 -53.5889205932617 -52.8599411010742 -52.0167831420898 -51.1762451171875 -50.5960708618164 -50.1649642944336 -49.7043991088867 -49.4889068603516 -49.4255111694336 -49.3954849243164 -49.5697814941406 -49.9193481445313 -50.2347122192383 -50.5559097290039 -51.0919876098633 -51.5671752929688 -52.0848815917969 -52.5438171386719 -53.0396392822266 -53.5392395019531 -53.5837921142578 -53.1730209350586 -52.7177154541016 -51.5752548217773 -48.5829544067383 -45.6377838134766 -42.7412933349609 -40.9514541625977 -39.2305557250977 -37.7534210205078 -37.4111282348633 -37.6875305175781 -37.6969055175781 -37.8718627929688 -38.1998306274414 -38.4137832641602 -38.7512542724609 -39.0347778320313 -39.2640396118164 -39.252522277832
