indici/fabbisogno12.asc
NCOLS 177 
NROWS 174 
XLLCORNER 1436301.375 
YLLCORNER 4916704.5 
CELLSIZE 1500 
NODATA_value -9999 
[rows 140 to 159 of 174, columns 132 to 175 of 177]
-58.2815170288086 -58.3199653625488 -58.3268508911133 -58.2409133911133 -57.921516418457 -57.4535522460938 -56.9269180297852 -56.4013862609863 -55.8805541992188 -55.355640411377 -54.8262214660645 -54.7532424926758 -54.7074813842773 -54.690975189209 -54.7274703979492 -54.7953643798828 -54.9086952209473 -54.9059982299805 -54.6550407409668 -54.4496994018555 -54.2727928161621 -53.9762229919434 -53.6852760314941 -53.4058647155762 -53.1822738647461 -52.9878959655762 -52.7647094726562 -52.6206283569336 -52.6275024414062 -52.5767288208008 -52.5050888061523 -52.852424621582 -53.2105979919434 -53.5846099853516 -53.7110900878906 -53.7280464172363 -53.7641639709473 -53.6732711791992 -53.3531112670898 -53.0245208740234 -52.6809921264648 -52.0256195068359 -51.3765716552734 -50.7383728027344
-58.407413482666 -58.3918952941895 -58.3490257263184 -58.2104034423828 -57.8929672241211 -57.451416015625 -56.9543228149414 -56.4173469543457 -55.774845123291 -55.133056640625 -54.4901924133301 -54.251579284668 -54.0491371154785 -53.8819389343262 -53.8342132568359 -53.8637466430664 -53.9293403625488 -53.9511566162109 -53.8700942993164 -53.8277626037598 -53.8117790222168 -53.5785903930664 -53.3444557189941 -53.1250915527344 -52.9487953186035 -52.7977561950684 -52.6271820068359 -52.5192184448242 -52.5467872619629 -52.527702331543 -52.4844284057617 -52.910514831543 -53.3527526855469 -53.8087615966797 -54.0240097045898 -54.1168327331543 -54.2265663146973 -54.1992721557617 -53.8903503417969 -53.5747680664062 -53.2541885375977 -52.5851707458496 -51.9202690124512 -51.2636833190918
-58.5502014160156 -58.4674072265625 -58.3664093017578 -58.1784782409668 -57.8626670837402 -57.450366973877 -56.9786376953125 -56.4325714111328 -55.6645317077637 -54.9040145874023 -54.1478462219238 -53.7458801269531 -53.3857192993164 -53.0577163696289 -52.9095802307129 -52.8957824707031 -52.9112091064453 -52.9503402709961 -53.057731628418 -53.2051315307617 -53.3846321105957 -53.2367744445801 -53.0767021179199 -52.937427520752 -52.8223991394043 -52.7220039367676 -52.6092414855957 -52.5447235107422 -52.5996017456055 -52.6178359985352 -52.6146087646484 -53.0626068115234 -53.5317611694336 -54.0056419372559 -54.2685203552246 -54.410285949707 -54.5637855529785 -54.6013450622559 -54.3723258972168 -54.1445732116699 -53.9208106994629 -53.3915863037109 -52.8678283691406 -52.3606719970703
-59.0840911865234 -58.9683990478516 -58.8420524597168 -58.6395454406738 -58.2851486206055 -57.7996940612793 -57.2452735900879 -56.5955009460449 -55.6432685852051 -54.7016906738281 -53.7672920227051 -53.0645637512207 -52.3943214416504 -51.7680168151855 -51.5026054382324 -51.5254058837891 -51.5676078796387 -51.7044525146484 -52.1462135314941 -52.6214637756348 -53.1256980895996 -53.1025199890137 -53.037914276123 -52.9982833862305 -52.9436912536621 -52.8772277832031 -52.8056564331055 -52.7712097167969 -52.8409309387207 -52.8835334777832 -52.9083824157715 -53.3140602111816 -53.748477935791 -54.1851425170898 -54.465030670166 -54.6437911987305 -54.8315849304199 -54.9375038146973 -54.8242416381836 -54.7139167785645 -54.6086311340332 -54.2516479492188 -53.8914604187012 -53.5445709228516
-59.7534408569336 -59.6018142700195 -59.4440727233887 -59.2193069458008 -58.8046684265137 -58.2124328613281 -57.5498809814453 -56.7831077575684 -55.6402969360352 -54.5130958557129 -53.3987236022949 -52.4013862609863 -51.4255256652832 -50.4985771179199 -50.0968894958496 -50.1529769897461 -50.2215385437012 -50.4401435852051 -51.2154960632324 -52.0197639465332 -52.8508148193359 -52.9665260314941 -52.9993438720703 -53.0601806640625 -53.0704040527344 -53.0388450622559 -53.0077667236328 -53.0043449401855 -53.0883750915527 -53.1516952514648 -53.1996383666992 -53.5611457824707 -53.9566764831543 -54.3558158874512 -54.6480979919434 -54.8635063171387 -55.0810928344727 -55.245361328125 -55.2437973022461 -55.253044128418 -55.272705078125 -55.0912246704102 -54.8998222351074 -54.7154808044434
-60.3551063537598 -60.1851692199707 -60.0096855163574 -59.7659034729004 -59.2978706359863 -58.6019134521484 -57.841796875 -56.9730033874512 -55.6503143310547 -54.3435592651367 -53.0519714355469 -51.7684707641602 -50.4876823425293 -49.254207611084 -48.694522857666 -48.7786750793457 -48.8727073669434 -49.1571731567383 -50.2654914855957 -51.3999443054199 -52.5597343444824 -52.8279342651367 -52.959342956543 -53.1207542419434 -53.1993370056152 -53.2027053833008 -53.2132797241211 -53.2475852966309 -53.3488655090332 -53.4344024658203 -53.5068016052246 -53.8259124755859 -54.1793785095215 -54.5371360778809 -54.8339195251465 -55.0828742980957 -55.3266143798828 -55.5396881103516 -55.6442985534668 -55.7660064697266 -55.9034805297852 -55.8766479492188 -55.8329238891602 -55.7871360778809
-60.9063529968262 -60.7100257873535 -60.507438659668 -60.2346420288086 -59.7325477600098 -58.9803009033203 -58.1741714477539 -57.2773780822754 -55.9349174499512 -54.6210060119629 -53.3373413085938 -51.996524810791 -50.6545257568359 -49.3734741210938 -48.714527130127 -48.6904449462891 -48.6620216369629 -48.812370300293 -49.9243659973145 -51.0379791259766 -52.1530227661133 -52.5262069702148 -52.7626991271973 -53.0318489074707 -53.2279777526855 -53.3529891967773 -53.4922943115234 -53.632511138916 -53.7401123046875 -53.836856842041 -53.9235305786133 -54.1791496276855 -54.4644470214844 -54.7564964294434 -55.0359039306641 -55.3070182800293 -55.5668258666992 -55.8143615722656 -56.0173377990723 -56.2436943054199 -56.4927749633789 -56.6015510559082 -56.6894149780273 -56.767951965332
-61.3828239440918 -61.1551513671875 -60.9204864501953 -60.6143913269043 -60.1022491455078 -59.3448867797852 -58.5393180847168 -57.6659393310547 -56.4133148193359 -55.1893005371094 -53.998104095459 -52.6894378662109 -51.359806060791 -50.0891494750977 -49.3022994995117 -49.0581398010254 -48.807746887207 -48.7233657836914 -49.7299346923828 -50.7360801696777 -51.742115020752 -52.2087554931641 -52.558177947998 -52.9423484802246 -53.2634468078613 -53.5156173706055 -53.7842216491699 -54.0373077392578 -54.1513481140137 -54.2578048706055 -54.3562431335449 -54.5500755310059 -54.7634162902832 -54.9838981628418 -55.2343406677246 -55.5203819274902 -55.7985305786133 -56.0798454284668 -56.3858337402344 -56.7172966003418 -57.0752067565918 -57.3152885437012 -57.5317420959473 -57.7293090820312
-61.8289108276367 -61.5676078796387 -61.2981452941895 -60.9589881896973 -60.4358520507812 -59.6737174987793 -58.8709945678711 -58.0203132629395 -56.861026763916 -55.7318000793457 -54.6400413513184 -53.3745269775391 -52.0645332336426 -50.8058280944824 -49.903751373291 -49.441032409668 -48.9731750488281 -48.6532592773438 -49.559024810791 -50.4622192382812 -51.3632125854492 -51.9154891967773 -52.3809127807617 -52.8819732666016 -53.3290596008301 -53.7097854614258 -54.1049308776855 -54.4740905761719 -54.5912742614746 -54.7027702331543 -54.8075256347656 -54.9392242431641 -55.0758171081543 -55.2190361022949 -55.4303932189941 -55.7269630432129 -56.0247421264648 -56.3377151489258 -56.7473526000977 -57.1738090515137 -57.6204986572266 -57.9585990905762 -58.2607536315918 -58.5226364135742
-62.2567481994629 -61.9559173583984 -61.6406745910645 -61.2554588317871 -60.7080421447754 -59.9337387084961 -59.1260414123535 -58.2875099182129 -57.2316589355469 -56.2100715637207 -55.2338714599609 -54.0791816711426 -52.8792343139648 -51.7347946166992 -50.8264770507812 -50.2285079956055 -49.6342582702637 -49.1613502502441 -49.9440650939941 -50.7169570922852 -51.4799423217773 -52.0643577575684 -52.5965576171875 -53.1592140197754 -53.6640472412109 -54.0902519226074 -54.521427154541 -54.9201316833496 -54.9907150268555 -55.0536193847656 -55.1074829101562 -55.2292213439941 -55.3754577636719 -55.5336761474609 -55.75537109375 -56.0600700378418 -56.3740768432617 -56.6968231201172 -57.0661964416504 -57.4522743225098 -57.8613166809082 -58.1561546325684 -58.4082794189453 -58.6092910766602
-62.5766067504883 -62.1968383789062 -61.7764892578125 -61.289176940918 -60.6844024658203 -59.9012565612793 -59.091854095459 -58.2681045532227 -57.3770942687988 -56.5211448669434 -55.7155570983887 -54.8204650878906 -53.9037399291992 -53.0336875915527 -52.253604888916 -51.5928230285645 -50.9366912841797 -50.3585777282715 -50.9294815063477 -51.4888458251953 -52.0357933044434 -52.5658531188965 -53.0943946838379 -53.6543006896973 -54.1555557250977 -54.5679359436035 -54.9841194152832 -55.3741989135742 -55.3815765380859 -55.3829345703125 -55.3770561218262 -55.502124786377 -55.6778335571289 -55.8652191162109 -56.1025886535645 -56.4130096435547 -56.7383728027344 -57.0693397521973 -57.3967475891113 -57.739818572998 -58.1077117919922 -58.3559837341309 -58.5542831420898 -58.6924934387207
-62.8744964599609 -62.4223937988281 -61.8996086120605 -61.3150863647461 -60.6542930603027 -59.8682136535645 -59.0627670288086 -58.2527046203613 -57.533332824707 -56.8446769714355 -56.202205657959 -55.5532302856445 -54.9116477966309 -54.3120536804199 -53.6723327636719 -52.9444351196289 -52.22265625 -51.5433197021484 -51.8987579345703 -52.2461051940918 -52.5873603820801 -53.0630416870117 -53.5992126464844 -54.1615371704102 -54.6652526855469 -55.0695457458496 -55.4726066589355 -55.8569602966309 -55.8013801574707 -55.7415580749512 -55.6770057678223 -55.8013114929199 -56.0073471069336 -56.2253379821777 -56.4809989929199 -56.798210144043 -57.1301727294922 -57.466480255127 -57.7462615966797 -58.0405082702637 -58.361270904541 -58.5583419799805 -58.6985740661621 -58.772819519043
-63.1391220092773 -62.6249618530273 -62.0052642822266 -61.3309440612793 -60.6169395446777 -59.8342361450195 -59.0378074645996 -58.2387390136719 -57.6951675415039 -57.1744728088379 -56.6892738342285 -56.275806427002 -55.9037780761719 -55.5453186035156 -55.0292701721191 -54.2217254638672 -53.4340553283691 -52.6734085083008 -52.8487701416016 -53.0361366271973 -53.2417869567871 -53.6791763305664 -54.2218208312988 -54.7806701660156 -55.2767677307129 -55.6561317443848 -56.0259246826172 -56.3833923339844 -56.3035659790039 -56.2258682250977 -56.1510620117188 -56.2946701049805 -56.5435981750488 -56.805004119873 -57.0733451843262 -57.3482475280762 -57.6320266723633 -57.9169769287109 -58.1502876281738 -58.3967742919922 -58.6714134216309 -58.8052673339844 -58.8668441772461 -58.854606628418
-63.7323913574219 -63.166561126709 -62.4784240722656 -61.7450408935547 -60.9802742004395 -60.1538124084473 -59.3160018920898 -58.4711761474609 -57.9053230285645 -57.3477935791016 -56.8039779663086 -56.3719253540039 -55.9998168945312 -55.6528244018555 -55.2140045166016 -54.5869522094727 -53.9814567565918 -53.3917503356934 -53.6619606018066 -53.9573936462402 -54.279842376709 -54.7123146057129 -55.1985626220703 -55.6936950683594 -56.1238746643066 -56.4180564880371 -56.6987152099609 -56.9697685241699 -56.9192695617676 -56.8671607971191 -56.8209114074707 -56.987174987793 -57.269229888916 -57.5636596679688 -57.8256187438965 -58.0090484619141 -58.2011070251465 -58.3955154418945 -58.5807914733887 -58.7777137756348 -59.0037078857422 -59.0697250366211 -59.0432510375977 -58.9422988891602
-64.4430694580078 -63.8144302368164 -63.0515556335449 -62.2549095153809 -61.4285202026367 -60.5384750366211 -59.6401672363281 -58.7357063293457 -58.1147804260254 -57.5034065246582 -56.8953857421875 -56.4455680847168 -56.0890083312988 -55.753734588623 -55.3845825195312 -54.9386672973633 -54.5185470581055 -54.1178703308105 -54.4801826477051 -54.8879661560059 -55.3281784057617 -55.7656631469727 -56.1968765258789 -56.6264915466309 -56.9895935058594 -57.1960525512695 -57.3899459838867 -57.5746078491211 -57.557746887207 -57.5360870361328 -57.5219497680664 -57.7143440246582 -58.0335540771484 -58.3592834472656 -58.6199645996094 -58.7096939086914 -58.8097267150879 -58.9142532348633 -59.0484275817871 -59.191951751709 -59.3587608337402 -59.3493766784668 -59.2252426147461 -59.0392837524414
-65.0995712280273 -64.4056243896484 -63.5652389526367 -62.7188339233398 -61.8450927734375 -60.905029296875 -59.9488143920898 -58.9811363220215 -58.3012847900391 -57.6358451843262 -56.9682083129883 -56.5012588500977 -56.1643180847168 -55.8431816101074 -55.5375785827637 -55.2746200561523 -55.0445022583008 -54.8394584655762 -55.303825378418 -55.8274879455566 -56.384880065918 -56.8356628417969 -57.2112655639648 -57.5733833312988 -57.8681297302246 -57.9846954345703 -58.0910415649414 -58.1933784484863 -58.2096900939941 -58.2262725830078 -58.254077911377 -58.4772682189941 -58.832462310791 -59.18603515625 -59.4558868408203 -59.4838218688965 -59.5300788879395 -59.5896606445312 -59.6958389282227 -59.8117256164551 -59.9462509155273 -59.8930130004883 -59.7027053833008 -59.4644660949707
-65.941780090332 -65.2039260864258 -64.3141021728516 -63.4466285705566 -62.5475578308105 -61.5512771606445 -60.5300102233887 -59.4898414611816 -58.7351951599121 -57.9983673095703 -57.2513999938965 -56.7722053527832 -56.4857063293457 -56.2114944458008 -55.9880790710449 -55.9129104614258 -55.8767471313477 -55.8716239929199 -56.3301086425781 -56.8390884399414 -57.3748817443848 -57.7713050842285 -58.0636253356934 -58.3298530578613 -58.5517501831055 -58.653392791748 -58.7529525756836 -58.8510704040527 -58.9415740966797 -59.037914276123 -59.1464881896973 -59.3989906311035 -59.7598876953125 -60.1131210327148 -60.3943786621094 -60.4350128173828 -60.4954223632812 -60.5718460083008 -60.6586036682129 -60.7492485046387 -60.8515548706055 -60.755687713623 -60.4968223571777 -60.2013092041016
-67.0612640380859 -66.2848968505859 -65.3577880859375 -64.4783248901367 -63.5545234680176 -62.4707489013672 -61.3552742004395 -60.214427947998 -59.3548355102539 -58.5187530517578 -57.6662559509277 -57.1607055664062 -56.9281387329102 -56.7018585205078 -56.5505790710449 -56.6504135131836 -56.7945251464844 -56.9755935668945 -57.3986701965332 -57.8579292297363 -58.3471527099609 -58.6838264465332 -58.8947257995605 -59.0715103149414 -59.2251853942871 -59.3221092224121 -59.4195899963379 -59.517635345459 -59.6824264526367 -59.8627777099609 -60.0532379150391 -60.340389251709 -60.7081642150879 -61.06005859375 -61.3498764038086 -61.4008407592773 -61.4714736938477 -61.5596809387207 -61.6237907409668 -61.6849937438965 -61.7553367614746 -61.6193466186523 -61.2922630310059 -60.934196472168
-68.2348556518555 -67.447624206543 -66.513313293457 -65.5986557006836 -64.6230697631836 -63.4196090698242 -62.1882934570312 -60.9333229064941 -59.9545059204102 -59.0070762634277 -58.0451965332031 -57.5018157958984 -57.3189392089844 -57.1474342346191 -57.0697479248047 -57.3517761230469 -57.6748352050781 -58.0348968505859 -58.4275894165039 -58.8330459594727 -59.2809867858887 -59.5647735595703 -59.6990776062012 -59.797435760498 -59.8891563415527 -59.9913330078125 -60.0943222045898 -60.1981239318848 -60.4378852844238 -60.7061233520508 -60.9773292541504 -61.3022003173828 -61.6757354736328 -62.0236473083496 -62.3179244995117 -62.3762245178223 -62.453685760498 -62.5503044128418 -62.5967330932617 -62.6363525390625 -62.6880531311035 -62.5356254577637 -62.174015045166 -61.7945404052734
-69.3793334960938 -68.586311340332 -67.6616821289062 -66.7243041992188 -65.7220687866211 -64.4412384033203 -63.1520004272461 -61.856330871582 -60.8185768127441 -59.8240051269531 -58.8253784179688 -58.2769317626953 -58.1453819274902 -58.0246391296387 -57.9919242858887 -58.3572235107422 -58.7456092834473 -59.1558303833008 -59.4634552001953 -59.7563629150391 -60.0991134643555 -60.3114051818848 -60.3988952636719 -60.4519653320312 -60.5105857849121 -60.6388778686523 -60.7700347900391 -60.9041175842285 -61.2104682922363 -61.5560989379883 -61.8962364196777 -62.2924652099609 -62.750072479248 -63.1781806945801 -63.5484428405762 -63.5882568359375 -63.6446266174316 -63.7197189331055 -63.7836227416992 -63.8480339050293 -63.9239959716797 -63.8304443359375 -63.5406532287598 -63.2371520996094
