indici/fabbisogno04.asc
NCOLS 177 
NROWS 174 
XLLCORNER 1436301.375 
YLLCORNER 4916704.5 
CELLSIZE 1500 
NODATA_value -9999 
[rows 69 to 91 of 174, columns 53 to 105 of 177]
-122.782720565796 -121.532594680786 -119.317113876343 -116.295467376709 -112.484512329102 -108.624143600464 -105.04768371582 -101.101329803467 -96.9949512481689 -94.1896457672119 -92.0719432830811 -90.7394943237305 -90.4825096130371 -90.9637718200684 -92.2036552429199 -94.4827651977539 -95.8051605224609 -97.408332824707 -98.8722114562988 -99.8120384216309 -100.158168792725 -99.5772094726562 -98.7569608688354 -97.3541698455811 -95.1051712036133 -92.8119010925293 -90.9003524780273 -89.323956489563 -87.3519554138184 -87.6153717041016 -88.0078678131104 -87.7860832214355 -88.0177383422852 -87.9204635620117 -88.0042419433594 -87.9340133666992 -87.4671325683594 -87.2608070373535 -85.9749155044556 -83.7905969619751 -81.5901288986206 -79.3389663696289 -77.0104713439941 -77.5976066589355 -78.9718570709229 -80.8719539642334 -84.1613845825195 -88.4701595306396 -93.9202613830566 -98.9394073486328 -101.260908126831 -103.382740974426 -104.998027801514
-120.602722167969 -119.10595703125 -117.082775115967 -114.327989578247 -110.809337615967 -106.857614517212 -102.938014984131 -98.971227645874 -94.8667068481445 -90.8665733337402 -88.1773567199707 -86.2316474914551 -85.1229362487793 -84.8474636077881 -85.2244873046875 -86.6335515975952 -88.2272329330444 -89.4212093353271 -90.7208576202393 -92.0466747283936 -93.2465572357178 -94.0921421051025 -93.3347434997559 -92.4710559844971 -90.8576259613037 -89.0456256866455 -87.4112281799316 -86.1651802062988 -84.382116317749 -83.5168199539185 -83.9451427459717 -83.7954750061035 -83.4267406463623 -84.0022430419922 -84.3110256195068 -84.4907722473145 -84.3090648651123 -84.3564929962158 -82.1515712738037 -80.0268058776855 -77.7697906494141 -75.9925708770752 -74.8970317840576 -75.652530670166 -76.6142845153809 -78.9793510437012 -82.681619644165 -88.5908889770508 -92.992395401001 -98.8068065643311 -103.109740257263 -105.932618141174 -106.877704620361
-118.41969871521 -116.986755371094 -115.170261383057 -112.817447662354 -109.750974655151 -105.797956466675 -101.556715011597 -96.7720756530762 -92.3237838745117 -88.0784435272217 -84.260778427124 -81.8063278198242 -79.810230255127 -79.0623416900635 -79.1166286468506 -79.9312839508057 -81.9246797561646 -83.5310277938843 -85.0010547637939 -86.9020462036133 -88.6852684020996 -89.7864761352539 -89.920841217041 -89.6256828308105 -88.6117362976074 -86.9881896972656 -85.5798282623291 -83.7251119613647 -81.8486785888672 -80.3383102416992 -79.1616287231445 -79.7821054458618 -79.4869556427002 -80.0932006835938 -80.5854873657227 -80.9887866973877 -81.8324661254883 -81.4529552459717 -79.4568347930908 -78.3832321166992 -75.7086982727051 -73.8246917724609 -72.6423664093018 -72.3381748199463 -73.448091506958 -75.9647655487061 -81.060827255249 -86.5526275634766 -93.2012414932251 -98.6992044448853 -103.429857254028 -106.566822052002 -107.023370742798
-116.410303115845 -115.319313049316 -114.064916610718 -111.846199035645 -108.641609191895 -104.728269577026 -100.061029434204 -95.1007137298584 -89.9418067932129 -85.3875751495361 -81.1704063415527 -78.0563220977783 -75.4873695373535 -74.3731536865234 -74.0300483703613 -74.7874565124512 -76.3958301544189 -78.5664539337158 -81.305513381958 -83.4986801147461 -85.4588813781738 -87.1064682006836 -88.3382110595703 -88.5301723480225 -88.1365232467651 -86.0790042877197 -83.9376277923584 -81.5607643127441 -79.2778511047363 -77.7655353546143 -75.894344329834 -74.994140625 -75.2621822357178 -76.1732139587402 -76.773567199707 -77.5500221252441 -77.5363540649414 -77.3371067047119 -76.4650230407715 -75.8004779815674 -74.2643547058105 -71.9562206268311 -70.5926609039307 -69.1795120239258 -69.6339550018311 -72.1101112365723 -77.423791885376 -82.2781181335449 -89.2783813476562 -96.6389360427856 -102.539874076843 -105.118430137634 -107.52367401123
-114.249216079712 -113.751480102539 -112.819633483887 -110.748546600342 -107.631561279297 -103.583528518677 -98.6104316711426 -93.8445949554443 -88.5415630340576 -83.4598903656006 -78.8752365112305 -75.0170631408691 -72.3022155761719 -70.7694988250732 -70.2934951782227 -71.0850677490234 -72.9784355163574 -75.3314380645752 -78.3600025177002 -81.4407520294189 -84.6872730255127 -86.9732189178467 -88.3906440734863 -88.4275817871094 -87.6017608642578 -85.6014423370361 -82.2715759277344 -79.7420482635498 -77.047607421875 -74.3911209106445 -72.2648620605469 -70.8348865509033 -70.1070957183838 -70.5259895324707 -71.378044128418 -72.7441902160645 -73.0944061279297 -73.5091171264648 -74.0721435546875 -72.6944484710693 -71.2745189666748 -68.6592140197754 -67.0299186706543 -66.2054290771484 -64.9273090362549 -66.945499420166 -71.3738861083984 -76.7489280700684 -83.2667465209961 -91.1467418670654 -98.1752910614014 -102.421305656433 -105.094239234924
-111.743160247803 -111.431053161621 -110.792247772217 -109.151563644409 -106.415355682373 -102.464900970459 -97.9172592163086 -92.9298839569092 -87.9307060241699 -82.5415287017822 -77.4305038452148 -73.4547023773193 -70.4008255004883 -68.4920959472656 -68.1273231506348 -68.9821147918701 -70.8780536651611 -73.6229038238525 -77.1811923980713 -81.1501865386963 -85.1133804321289 -87.7575340270996 -89.2589588165283 -89.4595832824707 -88.0475521087646 -85.8117332458496 -82.2505664825439 -78.1532592773438 -74.4970703125 -70.9761295318604 -68.2631759643555 -66.4542770385742 -65.5008640289307 -65.3476238250732 -66.6867847442627 -68.2414722442627 -68.9860553741455 -69.4020576477051 -70.0983257293701 -69.2766761779785 -67.1738548278809 -65.4816608428955 -63.4050006866455 -61.2454586029053 -60.3562488555908 -61.4788875579834 -64.7799129486084 -70.0824203491211 -76.6338558197021 -83.9408302307129 -90.5690364837646 -95.9824829101562 -99.7963047027588
-109.013833999634 -108.711381912231 -108.236446380615 -106.862377166748 -104.553325653076 -101.464773178101 -97.3134098052979 -92.3492965698242 -87.2464408874512 -82.0140171051025 -76.7062435150146 -72.4315147399902 -69.3370227813721 -67.5625 -67.2494277954102 -68.2418766021729 -70.4775257110596 -73.6859302520752 -77.7586078643799 -82.478687286377 -86.688289642334 -89.4039287567139 -90.9144039154053 -90.9949855804443 -89.2894897460938 -85.9050235748291 -81.3110065460205 -76.1196022033691 -71.4923324584961 -67.0820789337158 -63.6021881103516 -61.2780666351318 -59.3864631652832 -59.3163414001465 -60.5481853485107 -62.2566547393799 -63.4581470489502 -64.9243202209473 -66.1841430664062 -65.7585773468018 -63.4242935180664 -61.4600639343262 -58.8062477111816 -57.266695022583 -55.1949348449707 -56.215934753418 -58.8299770355225 -63.0257377624512 -69.6027297973633 -77.3544120788574 -83.2214298248291 -89.9951629638672 -94.6317672729492
-105.891998291016 -105.451137542725 -105.117416381836 -104.179853439331 -102.504232406616 -99.7749195098877 -96.2020053863525 -91.7830028533936 -86.318416595459 -81.1467781066895 -76.2838478088379 -72.2895565032959 -69.2646579742432 -67.5239238739014 -67.3891410827637 -68.7451057434082 -71.2762546539307 -75.1232109069824 -79.5491714477539 -84.6552639007568 -88.8929138183594 -91.856164932251 -93.0315418243408 -92.3988952636719 -90.0756168365479 -85.5516777038574 -79.724910736084 -73.0908184051514 -67.2366714477539 -61.9374446868896 -57.9616088867188 -55.1916809082031 -53.2643909454346 -53.142162322998 -54.097095489502 -55.8101825714111 -58.0800914764404 -60.1088085174561 -61.9955406188965 -61.3867130279541 -60.0932292938232 -58.3945837020874 -54.5073642730713 -51.8401870727539 -50.4107036590576 -51.0460395812988 -53.4148368835449 -56.5310039520264 -62.5748138427734 -70.3739147186279 -76.8738594055176 -82.1357612609863 -87.7003078460693
-102.47647857666 -102.170461654663 -101.955497741699 -101.127628326416 -99.8578319549561 -97.7247734069824 -94.6688060760498 -90.683500289917 -86.0068778991699 -80.8981513977051 -76.5047225952148 -72.7805461883545 -69.842794418335 -68.403226852417 -68.6952533721924 -70.4870567321777 -73.5092601776123 -77.5174026489258 -82.2671813964844 -87.0565299987793 -91.7554759979248 -94.5730667114258 -95.382194519043 -93.5877990722656 -89.7067947387695 -84.1287593841553 -77.067892074585 -69.3716354370117 -62.5214862823486 -56.516773223877 -51.6885242462158 -48.850471496582 -47.0742473602295 -47.0899505615234 -48.3944988250732 -50.6297779083252 -53.5254955291748 -56.0942440032959 -57.7662715911865 -57.2266387939453 -56.4826583862305 -53.8961544036865 -50.3696880340576 -48.6698226928711 -46.3961200714111 -46.1611824035645 -47.9087753295898 -51.0823726654053 -57.1576900482178 -63.5774593353271 -69.4986553192139 -75.8081684112549 -82.2251358032227
-98.9365119934082 -98.6079158782959 -98.5557918548584 -97.9468441009521 -96.9868583679199 -95.2052478790283 -92.4090976715088 -89.1806182861328 -84.837854385376 -80.9336833953857 -77.1029357910156 -73.8325958251953 -71.1303424835205 -70.0858840942383 -70.6732006072998 -72.6119709014893 -75.7546901702881 -79.8096885681152 -84.8814487457275 -89.6989498138428 -93.8154697418213 -96.3732738494873 -96.3411731719971 -93.5403003692627 -88.1429767608643 -81.3729686737061 -73.0734996795654 -64.5808925628662 -56.8899383544922 -50.5810432434082 -45.7402267456055 -42.5859909057617 -40.8911247253418 -40.9750785827637 -42.5059719085693 -45.2715358734131 -48.7314682006836 -51.6141223907471 -53.6211204528809 -53.8835868835449 -52.8599433898926 -50.5011386871338 -46.8708515167236 -43.8843383789062 -42.2771587371826 -41.8086700439453 -42.8482341766357 -45.9523143768311 -51.1317882537842 -57.197546005249 -64.316478729248 -69.9429111480713 -77.435546875
-94.5021705627441 -94.7707901000977 -94.7682132720947 -94.4438743591309 -93.5946750640869 -92.1966228485107 -89.5862197875977 -87.2188873291016 -84.1792335510254 -80.6679439544678 -77.3744449615479 -74.4242382049561 -72.1042137145996 -71.4415111541748 -72.1663417816162 -74.3924884796143 -77.6388320922852 -81.7807369232178 -86.6083793640137 -91.1159229278564 -94.4717998504639 -96.572811126709 -95.8777256011963 -91.8099632263184 -85.3287811279297 -76.8760509490967 -67.8016128540039 -58.7386016845703 -50.5968208312988 -44.2055511474609 -39.5022869110107 -36.4499568939209 -34.9273414611816 -35.4096527099609 -37.2626419067383 -40.409704208374 -44.3679618835449 -48.0231781005859 -50.6919116973877 -51.3409576416016 -49.8413238525391 -46.8549766540527 -43.362377166748 -40.1836414337158 -38.4998035430908 -37.657434463501 -38.8472709655762 -41.8119659423828 -45.8726558685303 -50.5155448913574 -56.9967288970947 -63.8243255615234 -70.9432106018066
-90.693473815918 -90.9748878479004 -90.9721717834473 -90.7520809173584 -89.9531631469727 -88.9129219055176 -87.5062866210938 -85.5356025695801 -82.7763404846191 -79.8592357635498 -76.9514350891113 -74.33376121521 -72.4450836181641 -72.0708656311035 -73.0725479125977 -75.314525604248 -78.5217533111572 -82.6564979553223 -87.1943588256836 -91.0564098358154 -93.7304592132568 -94.3902378082275 -92.7211036682129 -88.141996383667 -80.3868808746338 -70.9414196014404 -61.1116847991943 -51.9951477050781 -43.7916564941406 -37.5459613800049 -33.1473522186279 -30.1830673217773 -29.1846408843994 -29.7716674804688 -32.3481788635254 -36.1461963653564 -40.6894378662109 -44.883960723877 -47.7542133331299 -48.6534309387207 -47.4906024932861 -44.3247032165527 -40.1981258392334 -36.6134204864502 -34.3261108398438 -33.9637050628662 -34.4709377288818 -36.1848239898682 -39.9747447967529 -45.0173015594482 -52.1700115203857 -58.4851417541504 -65.1676979064941
-87.0251731872559 -87.4848670959473 -87.620138168335 -87.562442779541 -87.1006317138672 -86.5802021026611 -85.3799858093262 -83.4995384216309 -80.9258670806885 -78.2325572967529 -75.5439033508301 -73.1999206542969 -71.9654769897461 -71.9546165466309 -73.0517597198486 -74.9630966186523 -77.9893474578857 -81.6994323730469 -85.7301197052002 -88.8836555480957 -90.5621891021729 -89.8726253509521 -86.6694183349609 -81.1833267211914 -73.2313709259033 -63.4064483642578 -53.5581893920898 -44.5666408538818 -36.9836597442627 -30.9401779174805 -26.9264831542969 -24.2204818725586 -23.7301540374756 -25.1368141174316 -28.1044845581055 -32.3411197662354 -37.0741367340088 -41.4907932281494 -44.6475868225098 -45.7947635650635 -44.9644870758057 -41.5611019134521 -37.3770618438721 -33.162670135498 -30.7344608306885 -29.9217433929443 -30.0781784057617 -31.4460029602051 -34.5018939971924 -39.7047386169434 -46.4279441833496 -52.6645851135254 -60.3082485198975
-83.5742149353027 -84.0209541320801 -84.3974189758301 -84.3382148742676 -84.3439407348633 -83.9307804107666 -82.7577304840088 -80.6627769470215 -78.2614974975586 -75.7235450744629 -73.4525833129883 -71.6000061035156 -70.6742744445801 -70.7641410827637 -71.698055267334 -73.5838108062744 -75.9802989959717 -78.8884887695312 -81.8886470794678 -83.9990272521973 -84.4693698883057 -82.7784996032715 -78.5740547180176 -71.6599941253662 -63.826940536499 -54.5890064239502 -45.2026882171631 -36.92653465271 -30.0068531036377 -24.5303611755371 -20.9172477722168 -19.1853981018066 -19.3662204742432 -21.1702823638916 -24.4668426513672 -29.0089244842529 -33.9778156280518 -38.5740547180176 -41.8790626525879 -43.1328144073486 -42.0610618591309 -38.9140682220459 -34.7431564331055 -30.4921264648438 -27.3800525665283 -26.1247901916504 -26.2947063446045 -27.5582847595215 -30.286693572998 -35.2159099578857 -41.5536766052246 -48.0995311737061 -55.8801136016846
-80.8792743682861 -81.3237819671631 -81.4389457702637 -81.6730041503906 -81.7403507232666 -81.1583271026611 -79.7438220977783 -77.6303291320801 -75.2179641723633 -72.906229019165 -70.9544506072998 -69.3538856506348 -68.4101181030273 -68.3731117248535 -69.0155944824219 -70.5544872283936 -72.3632793426514 -74.2200508117676 -75.8439197540283 -76.7505016326904 -76.205509185791 -73.4876804351807 -68.6019020080566 -61.6742534637451 -53.5682182312012 -44.7652473449707 -36.3838539123535 -29.0919380187988 -23.1174144744873 -18.7375297546387 -16.0463523864746 -14.7019939422607 -15.6895236968994 -17.8146553039551 -21.6440773010254 -26.4367733001709 -31.644193649292 -36.5260639190674 -40.0138740539551 -41.372013092041 -40.3737716674805 -37.3016777038574 -33.0608444213867 -28.7519569396973 -25.5145874023438 -23.5773754119873 -23.2249946594238 -24.3690128326416 -27.2919750213623 -31.7476825714111 -38.1398868560791 -44.6567134857178 -52.84157371521
-78.5591468811035 -79.4878902435303 -80.0381393432617 -80.2300472259521 -79.8953704833984 -78.6747703552246 -76.9134407043457 -75.0117626190186 -72.6944999694824 -70.3256492614746 -68.2996978759766 -66.5433254241943 -65.2837810516357 -64.9197559356689 -65.2761287689209 -66.0678424835205 -67.1818790435791 -68.0512638092041 -68.3973083496094 -68.0366878509521 -66.6237277984619 -63.2775650024414 -57.9150428771973 -51.0376644134521 -43.5056076049805 -35.6669082641602 -28.3206157684326 -22.1473407745361 -17.3052463531494 -13.9758625030518 -11.9733924865723 -11.2536792755127 -12.6302108764648 -15.4960899353027 -19.5353755950928 -24.479606628418 -29.8835144042969 -34.805871963501 -38.3832893371582 -39.8347778320312 -38.9739646911621 -36.1101818084717 -32.1332569122314 -27.8986740112305 -24.3523712158203 -21.9295177459717 -21.1194458007812 -22.3295345306396 -25.0712852478027 -29.4073486328125 -35.1716384887695 -42.3854312896729 -50.6528759002686
-77.1481132507324 -78.0953521728516 -79.1009311676025 -79.1854019165039 -78.4777717590332 -77.2585124969482 -75.2687320709229 -72.9452571868896 -70.4131050109863 -67.6573886871338 -65.4162578582764 -63.3757343292236 -61.6735954284668 -60.9225177764893 -60.6119785308838 -60.7096843719482 -61.0151615142822 -60.8214645385742 -60.1401786804199 -58.6488914489746 -56.1165771484375 -52.6000652313232 -47.404598236084 -40.8686084747314 -33.9687919616699 -27.195972442627 -21.1222724914551 -16.0548534393311 -12.2949123382568 -9.86362457275391 -8.40283203125 -8.66747093200684 -10.2327766418457 -13.4393329620361 -17.8746814727783 -23.1893138885498 -28.8461532592773 -33.9963150024414 -37.7379169464111 -39.4247493743896 -38.4767799377441 -35.6455383300781 -31.6930046081543 -27.5444431304932 -24.0195980072021 -21.3985157012939 -20.4884414672852 -21.4607467651367 -24.1547260284424 -28.6005611419678 -34.3618831634521 -41.4747505187988 -49.1125240325928
-77.0157299041748 -78.2508945465088 -79.0711479187012 -79.2123832702637 -78.3407726287842 -76.8560600280762 -74.5142345428467 -71.7471046447754 -68.6903324127197 -65.5739727020264 -62.7695617675781 -60.3665943145752 -58.2708206176758 -56.713716506958 -55.8259220123291 -54.8801288604736 -54.4690132141113 -53.6096229553223 -51.9951496124268 -49.6331062316895 -46.3859176635742 -42.2970542907715 -37.3981857299805 -31.596061706543 -25.6780414581299 -19.9669227600098 -15.0284652709961 -11.0377998352051 -8.10745048522949 -6.4882869720459 -5.70344543457031 -6.47042655944824 -8.44975662231445 -11.826961517334 -16.5383377075195 -22.3349685668945 -28.4439544677734 -34.0992450714111 -38.1276817321777 -39.7927436828613 -38.984733581543 -36.0218753814697 -31.9310436248779 -27.7783203125 -24.4048557281494 -22.1290817260742 -21.0099716186523 -21.8960456848145 -24.2345561981201 -28.2174263000488 -34.2318878173828 -41.0702285766602 -48.4521522521973
-77.6411170959473 -79.0109825134277 -79.8477230072021 -79.738109588623 -78.7199687957764 -76.8903503417969 -74.3868064880371 -70.9253368377686 -67.4185276031494 -63.87939453125 -60.5322799682617 -57.8493614196777 -55.3499736785889 -53.2010593414307 -51.3036422729492 -49.6369876861572 -48.3112373352051 -46.8125305175781 -44.6939029693604 -41.7341346740723 -38.0402088165283 -33.6905918121338 -28.7928676605225 -23.683313369751 -18.6116752624512 -13.8252391815186 -9.8808536529541 -6.92057228088379 -4.92618560791016 -3.72804832458496 -3.75852012634277 -4.83857727050781 -7.19244956970215 -10.8840885162354 -15.9933547973633 -21.9555282592773 -28.3327140808105 -34.1512184143066 -38.4395351409912 -40.3346271514893 -39.6528072357178 -36.8112945556641 -32.8247470855713 -28.7771854400635 -25.4543113708496 -23.3222484588623 -22.342321395874 -23.4184284210205 -25.5507736206055 -29.6475486755371 -35.2241687774658 -41.7409744262695 -48.7061576843262
-79.3454647064209 -80.3159770965576 -80.9874801635742 -80.523832321167 -78.8607730865479 -76.9097156524658 -74.1998081207275 -70.6112842559814 -66.7565078735352 -62.9317188262939 -59.2225704193115 -55.6627044677734 -52.9580745697021 -50.3648910522461 -47.8750190734863 -45.3992862701416 -43.1123733520508 -41.1038246154785 -38.5965976715088 -35.3116397857666 -31.2834739685059 -26.7688217163086 -21.942699432373 -17.2078819274902 -12.8845138549805 -9.15195465087891 -6.06875228881836 -3.89690589904785 -2.57511901855469 -1.87956619262695 -2.32682609558105 -3.861328125 -6.55002021789551 -10.7309837341309 -16.152530670166 -22.6751499176025 -29.6563701629639 -36.02077293396 -40.625394821167 -42.5640525817871 -41.8112201690674 -38.9335975646973 -35.1091556549072 -31.144983291626 -27.7362613677979 -25.6629695892334 -24.8275089263916 -25.7124805450439 -27.8185062408447 -31.8320770263672 -36.9230442047119 -42.7760829925537 -49.0312595367432
-80.8476390838623 -81.6827354431152 -81.6034851074219 -80.9119110107422 -79.2544822692871 -76.9253044128418 -73.7432880401611 -70.1675968170166 -66.222188949585 -62.2076148986816 -58.4285545349121 -54.7625408172607 -51.3115768432617 -48.2950744628906 -45.5642757415771 -42.7604904174805 -39.9542827606201 -37.0875682830811 -33.8955745697021 -30.395637512207 -26.3806114196777 -21.7014865875244 -17.1587619781494 -12.8967590332031 -9.20144271850586 -6.0726203918457 -3.61822700500488 -1.84870147705078 -0.751930236816406 -0.72846794128418 -1.57396697998047 -3.47430419921875 -6.63451385498047 -11.0537242889404 -16.94677734375 -23.939172744751 -31.2974109649658 -38.1043605804443 -43.0553779602051 -45.2847785949707 -44.6909427642822 -41.8940372467041 -38.1139221191406 -34.2926349639893 -30.8690395355225 -28.6230144500732 -27.9261360168457 -28.6086082458496 -30.6361427307129 -34.3282337188721 -38.8285598754883 -43.9720363616943 -49.0581531524658
-81.8620357513428 -82.2463340759277 -81.8921413421631 -80.6460113525391 -78.8355770111084 -76.3816089630127 -73.2622661590576 -69.4219245910645 -65.7742958068848 -61.9354305267334 -58.2549953460693 -54.5391883850098 -51.0296630859375 -47.6231346130371 -44.4203052520752 -41.5080223083496 -38.2865600585938 -34.8328971862793 -31.072229385376 -26.8561840057373 -22.5809879302979 -18.3732147216797 -14.2370719909668 -10.3921375274658 -6.91612434387207 -4.08831214904785 -1.9301586151123 -0.484432220458984 0.0360660552978516 -0.325738906860352 -1.49630928039551 -3.70084953308105 -7.22249031066895 -12.0740928649902 -18.1487693786621 -25.5158596038818 -33.211950302124 -40.2330932617188 -45.4510841369629 -47.9009876251221 -47.5853996276855 -45.2681293487549 -41.9875774383545 -38.0000762939453 -34.6904144287109 -32.4822177886963 -31.7135562896729 -31.8567790985107 -33.6151218414307 -36.7976512908936 -40.6024341583252 -44.7305355072021 -48.2671184539795
-82.507303237915 -82.318567276001 -81.3387470245361 -79.554838180542 -77.5955505371094 -75.0493698120117 -72.0541591644287 -68.5254993438721 -65.360746383667 -61.9676284790039 -58.4451789855957 -54.9350147247314 -51.671594619751 -48.2892684936523 -44.9071197509766 -41.492151260376 -37.9520282745361 -34.2443084716797 -30.2157020568848 -25.7948760986328 -21.3098297119141 -16.777473449707 -12.5789546966553 -8.89651870727539 -5.6795597076416 -3.0880241394043 -1.25415802001953 -0.22395133972168 0.0324344635009766 -0.597734451293945 -2.08992004394531 -4.6798210144043 -8.46395492553711 -13.6304893493652 -20.1104679107666 -27.5480155944824 -35.322452545166 -42.4211235046387 -47.7605075836182 -50.5061988830566 -50.9864234924316 -49.0813407897949 -45.834997177124 -42.1719608306885 -38.9312229156494 -36.6279373168945 -35.3408832550049 -35.5796051025391 -36.6670188903809 -39.096378326416 -41.8560791015625 -44.4982166290283 -46.4913082122803
