indici/fabbisogno07.asc
NCOLS 177 
NROWS 174 
XLLCORNER 1436301.375 
YLLCORNER 4916704.5 
CELLSIZE 1500 
NODATA_value -9999 
[rows 40 to 59 of 174, columns 45 to 89 of 177]
-172.833282470703 -174.685562133789 -178.552429199219 -182.589050292969 -186.466857910156 -189.136459350586 -191.782012939453 -194.405975341797 -105.382187271118 -101.599980163574 -103.712552261353 -106.343532943726 -101.722244262695 -93.6232086181641 -93.3063327789307 -91.4832847595215 -82.5622291564941 -73.2350563049316 -65.5149600982666 -52.7554660797119 -39.7535346984863 -41.16369972229 -51.0619678497314 -53.637784576416 -61.0482116699219 -65.105069732666 -67.7742294311523 -64.4811828613281 -51.1789691925049 -38.05947265625 -29.0086624145508 -33.5103321075439 -26.92610206604 -24.5431060791016 -17.0298049926758 -20.7417583465576 -14.478352355957 -13.0268383026123 -16.139037322998 -21.9418342590332 -26.9459579467773 -17.383797454834 -1.7990592956543 -4.82847137451172 -20.8317825317383
-173.266082763672 -175.428375244141 -179.586471557617 -183.888900756836 -187.984344482422 -190.617385864258 -193.227325439453 -107.500609207153 -112.349317932129 -97.3725482940674 -97.4500225067139 -97.2579563140869 -100.681246566772 -95.1433822631836 -91.3541236877441 -86.6554782867432 -78.7696006774902 -70.8478908538818 -64.9344367980957 -51.1318794250488 -44.5310577392578 -53.2172164916992 -57.4943286895752 -69.6977146148682 -70.6591728210449 -69.6471477508545 -66.9933521270752 -58.6023921966553 -51.3730495452881 -32.8677097320557 -26.5723316192627 -22.7702739715576 -18.8065036773682 -15.3061698913574 -13.0747127532959 -13.6857521057129 -9.35531082153321 -8.40978317260742 -7.11261367797852 -7.41082153320313 -5.9254867553711 -5.60582847595215 -0.0857933044433565 -4.15754508972168 -7.10929794311524
-173.755279541016 -176.253479003906 -180.728759765625 -185.295059204102 -189.598602294922 -192.184616088867 -112.643267440796 -114.024069595337 -104.806156539917 -97.4229858398437 -96.9256801605225 -96.6808078765869 -97.0568553924561 -95.956135559082 -91.2719341278076 -86.4447906494141 -76.5411693572998 -65.9350791931152 -60.3072425842285 -54.7904472351074 -50.4661262512207 -59.3681594848633 -60.7832180023193 -62.4759563446045 -62.8122550964355 -57.9462551116943 -60.3169414520264 -49.072087097168 -38.3710723876953 -29.0198047637939 -21.02734375 -11.7506992340088 -8.0236156463623 -5.2376277923584 -3.68752670288086 -4.75341491699218 -4.26203269958496 -3.17032699584961 -1.95388679504394 0.322359848022458 -2.8858741760254 -1.38226928710938 3.38330955505371 2.12289848327636 -0.660844039916995
-174.314193725586 -177.179870605469 -182.003723144531 -186.830963134766 -100.716267776489 -107.811503601074 -108.438869857788 -105.659560775757 -101.38550491333 -99.3178100585938 -97.8651416778564 -95.834538269043 -95.9148242950439 -98.0230548858643 -93.1507984161377 -84.4666835784912 -74.5186695098877 -67.632740020752 -62.9723655700684 -58.5085548400879 -58.5419605255127 -57.2236766815186 -57.6550968170166 -57.9701698303223 -56.3171680450439 -52.7044490814209 -50.8290447235107 -44.5438228607178 -33.7816158294678 -25.0930110931397 -16.420890045166 -8.4126636505127 -9.43871574401855 -4.1187084197998 -4.63332443237304 -1.26182594299317 -0.119488525390622 1.05944633483887 2.08148078918457 3.01814346313476 3.2551383972168 1.70451354980469 0.367900848388672 -2.12746734619141 -4.81528968811035
-175.160003662109 -178.092620849609 -182.842727661133 -187.507461547852 -104.527405929565 -95.8830997467041 -96.0442718505859 -102.91812210083 -101.152789306641 -100.643203353882 -97.2981769561768 -94.1035335540771 -91.8421936035156 -88.3091041564941 -84.8059268951416 -78.9790969848633 -73.1421115875244 -68.1986572265625 -63.4499248504639 -59.2899890899658 -54.9411811828613 -53.8509544372559 -53.3012294769287 -52.8664649963379 -50.3010803222656 -47.1509578704834 -44.7962596893311 -38.2542263031006 -30.9938220977783 -23.6908424377441 -18.4859195709229 -22.8646450042725 -21.2401245117187 -22.8743015289307 -20.9937595367432 -16.3917846679688 -12.9537567138672 -11.6010555267334 -12.3749229431152 -11.5534675598145 -10.7261322021484 -12.6254676818848 -14.7432811737061 -17.4984722137451 -20.1604320526123
-176.112487792969 -179.019821166992 -89.2246429443359 -104.735354614258 -106.860222244263 -106.135256576538 -95.6075210571289 -96.4299125671387 -92.8778163909912 -90.7950023651123 -88.3710338592529 -86.9553337097168 -83.0958614349365 -81.114506149292 -78.7663158416748 -74.9936237335205 -71.2929222106934 -69.1990085601807 -67.0415512084961 -65.8411308288574 -56.4946342468262 -55.9995399475098 -57.9322788238525 -58.8096054077148 -57.0730518341065 -49.497546005249 -46.3505867004395 -42.3428966522217 -39.1568992614746 -33.7777935028076 -29.4828861236572 -31.1760162353516 -30.7986305236816 -42.336852645874 -39.7870349884033 -33.8336723327637 -23.1239727020264 -24.2976642608643 -31.7198310852051 -23.8132633209229 -22.8953674316406 -28.0255950927734 -26.3386562347412 -41.4406288146973 -29.2008377075195
-177.267639160156 -94.0701053619385 -96.8810771942139 -93.0393241882324 -100.137060928345 -104.765304946899 -110.849654769897 -106.154139328003 -96.4570682525635 -90.6784721374512 -87.8028400421143 -83.2686656951904 -77.3411838531494 -75.0889629364014 -75.7846141815186 -71.3690814971924 -71.7206630706787 -71.0041145324707 -69.2447589874268 -68.7755016326904 -64.7448276519775 -63.8318134307861 -65.7668716430664 -65.4531829833984 -62.7545528411865 -59.4645500183105 -56.0488319396973 -52.576416015625 -50.5002826690674 -45.7565467834473 -41.5338935852051 -45.2970035552978 -46.8134029388428 -45.4147975921631 -52.4480316162109 -53.713143157959 -34.8695671081543 -46.0708862304688 -36.1163841247559 -50.7008602142334 -32.7038822174072 -42.2040287017822 -52.61975440979 -56.6395191192627 -41.563444519043
-178.372314453125 -85.7380786895752 -96.2020458221436 -87.9337726593018 -90.4145748138428 -102.007330322266 -95.5997158050537 -101.682746887207 -103.818600463867 -97.487956237793 -84.1412441253662 -78.3360511779785 -73.2758476257324 -71.0207557678223 -70.1588523864746 -74.2892303466797 -74.1657096862793 -72.4536212921143 -72.3028701782227 -79.9934413909912 -72.5383762359619 -65.3786930084229 -65.9940399169922 -75.1557220458984 -74.0793972015381 -66.5956268310547 -58.8594429016113 -57.8617546081543 -54.8822322845459 -62.6657066345215 -54.850333404541 -63.9544246673584 -52.6644470214844 -53.7163513183594 -63.0726711273193 -62.9618991851807 -49.1464725494385 -51.6800003051758 -49.0265419006348 -58.3987678527832 -51.4149490356445 -59.1476890563965 -63.8637565612793 -52.424728012085 -56.3445198059082
-179.414810180664 -181.280212402344 -90.9167083740234 -85.0941974639893 -85.4798309326172 -89.4391532897949 -89.0514614105225 -92.5430675506592 -90.4418346405029 -95.3236518859863 -79.9984722137451 -74.2046947479248 -70.3614875793457 -68.9949264526367 -71.8685356140137 -72.8167720794678 -80.3771629333496 -76.6264041900635 -87.7346744537354 -86.8159881591797 -78.4463459014893 -73.6118999481201 -79.671919631958 -76.6414821624756 -80.826640701294 -71.79697265625 -62.6454750061035 -68.7843090057373 -59.9748695373535 -64.8812522888184 -71.5062492370605 -72.2239486694336 -58.7158416748047 -67.0767837524414 -57.3834625244141 -69.743478012085 -69.1569286346436 -61.7050270080566 -64.0546253204346 -65.4983463287354 -58.6422859191895 -64.8944942474365 -64.9074195861816 -66.7127792358398 -74.232710647583
-180.503677368164 -181.783004760742 -86.0501956939697 -84.0958786010742 -82.5384803771973 -79.8480857849121 -79.4845664978027 -84.4125514984131 -83.3118358612061 -87.551969909668 -73.9621509552002 -69.9440467834473 -67.3309818267822 -67.1933032989502 -69.5181999206543 -69.3061073303223 -71.4011447906494 -71.9901573181152 -77.6748828887939 -79.3749900817871 -84.2445495605469 -86.9153381347656 -82.9042747497559 -86.0746379852295 -82.6206932067871 -69.717578125 -66.7365913391113 -72.129630279541 -72.4625682830811 -71.1005290985107 -77.2669429779053 -77.945824432373 -76.608825302124 -76.9582065582275 -75.7840442657471 -74.4499259948731 -77.4624801635742 -71.3008563995361 -75.0058284759522 -74.0967468261719 -64.6310680389404 -73.3997219085693 -68.946862411499 -70.8473480224609 -79.7259845733643
-85.0655536651611 -90.1500411987305 -87.9002082824707 -82.0320178985596 -80.2619750976562 -75.6983753204346 -83.5874706268311 -74.0322582244873 -80.026407623291 -75.7028045654297 -66.8472900390625 -65.3998142242432 -64.2644596099854 -65.0579795837402 -69.1245414733887 -71.1038646697998 -71.0969856262207 -69.5926303863525 -71.2073806762695 -73.8226165771484 -80.579797744751 -76.7689990997314 -84.7084384918213 -86.2108062744141 -88.2966373443603 -77.4483043670654 -71.5155437469482 -76.3240303039551 -83.9997291564941 -73.171125793457 -85.3385246276855 -84.7827812194824 -84.8844886779785 -81.7415676116943 -83.9810604095459 -81.9323551177979 -84.4223899841309 -81.6621990203857 -81.5212261199951 -79.4503845214844 -72.5600872039795 -78.3647136688232 -76.2643745422363 -73.8204753875732 -82.2164787292481
-79.1743270874023 -85.2188060760498 -78.4224868774414 -75.7867527008057 -74.5409210205078 -72.1329334259033 -71.0847164154053 -69.3504550933838 -67.1978309631348 -65.2227558135986 -62.7890800476074 -60.6710597991943 -61.8313003540039 -63.2555629730225 -66.8127223968506 -71.4073440551758 -81.4463088989258 -75.4358726501465 -70.6582450866699 -70.2127220153809 -70.2642414093018 -73.0945785522461 -77.9656677246094 -85.0984287261963 -87.9535228729248 -86.5512580871582 -75.9534015655518 -87.69075050354 -84.6682079315186 -86.5108528137207 -87.1916030883789 -80.8838527679443 -78.8390113830566 -83.2603717803955 -77.8991184234619 -84.4799789428711 -80.3474689483643 -81.4083541870117 -83.8072254180908 -82.3827518463135 -80.5125659942627 -79.7105587005615 -78.6798221588135 -78.5972423553467 -83.9820053100586
-75.4724338531494 -76.0763568878174 -78.0304332733154 -72.9180610656738 -71.9850799560547 -69.5520538330078 -67.3399494171143 -65.7699924468994 -62.8854064941406 -61.1533012390137 -57.5969898223877 -57.7348754882812 -59.5553665161133 -62.8032787322998 -65.4564960479736 -68.3953029632568 -71.0521587371826 -71.2883415222168 -73.1315399169922 -74.9673583984375 -74.2993629455566 -83.7358379364014 -76.4785709381104 -85.1466556549072 -93.2095436096191 -85.2622932434082 -88.9003383636475 -82.5865135192871 -92.0854705810547 -87.0957809448242 -85.5321598052979 -75.5106521606445 -83.5849540710449 -88.3887699127197 -78.6782852172852 -77.2930362701416 -76.6664459228516 -85.6465587615967 -79.4611656188965 -82.387984085083 -81.3133926391602 -75.7457427978516 -77.0125568389893 -75.6962409973145 -82.9433525085449
-75.8771533966064 -75.6582710266113 -73.9436462402344 -71.4091274261475 -69.8250087738037 -65.9761707305908 -63.7582405090332 -61.0152000427246 -59.9280094146729 -58.0708610534668 -54.3347961425781 -54.9357872009277 -57.313591003418 -61.3655475616455 -63.9297840118408 -65.6085060119629 -67.5193218231201 -70.5312797546387 -73.7629974365234 -80.0016551971436 -74.5316463470459 -88.8565155029297 -84.1619247436523 -87.7211349487305 -94.1062335968018 -95.8142116546631 -95.6802268981934 -93.892509841919 -94.0755958557129 -89.4032997131348 -78.2993339538574 -83.2111644744873 -74.9018432617188 -86.0802261352539 -88.9279712677002 -83.594376373291 -75.1379196166992 -84.7241836547852 -70.192259979248 -74.3932529449463 -73.1362487792969 -72.9688098907471 -75.7447078704834 -74.6139091491699 -81.2822463989258
-74.7632816314697 -74.7057155609131 -72.8268268585205 -69.9253070831299 -69.7296615600586 -68.1203807830811 -71.0886924743652 -62.9660720825195 -58.2341487884521 -56.640474319458 -54.1179496765137 -54.7821445465088 -57.3221794128418 -61.5792304992676 -67.699454498291 -73.1259468078613 -68.6791244506836 -69.555916595459 -71.5198711395264 -75.6433135986328 -80.9179370880127 -85.7736282348633 -87.3945285797119 -91.0481086730957 -94.0292106628418 -96.1846786499024 -92.5985870361328 -87.792444229126 -88.0718723297119 -80.3252937316895 -75.8010242462158 -79.9429428100586 -73.5647819519043 -74.0670261383057 -82.1703495025635 -86.9947872161865 -74.7757705688477 -71.928560256958 -79.9098407745361 -83.0030223846436 -82.1714988708496 -81.3697860717773 -79.8813060760498 -78.5912136077881 -79.2235805511475
-73.189725112915 -71.7264472961426 -70.4698127746582 -70.269059753418 -69.5965789794922 -71.010132598877 -61.693920135498 -65.8844177246094 -57.2668998718262 -56.8470600128174 -54.2832271575928 -55.3288463592529 -57.8754852294922 -62.0231704711914 -64.5728366851807 -67.740168762207 -72.8437389373779 -70.5997657775879 -69.942212677002 -71.8405033111572 -73.5445289611816 -77.7082069396973 -85.1611614227295 -90.8609603881836 -83.8573581695557 -82.5281898498535 -84.721565246582 -77.8953475952148 -79.3171657562256 -77.490092086792 -74.4018898010254 -78.4494812011719 -73.6889148712158 -73.9447463989258 -74.9043888092041 -84.0969554901123 -77.8292137145996 -73.7561218261719 -85.9755935668945 -81.4558658599854 -82.6617504119873 -82.6565662384033 -81.0848369598389 -75.5485622406006 -76.0187370300293
-70.2458835601807 -70.0199645996094 -68.9207248687744 -68.0231391906738 -68.4447757720947 -69.3328395843506 -59.8898895263672 -57.0035823822022 -57.118616104126 -55.209130859375 -54.0484771728516 -56.0038288116455 -58.0349311828613 -62.208048248291 -65.3674797058106 -69.1935413360596 -73.9236804962158 -71.8161991119385 -71.2328407287598 -70.3808170318604 -71.0719783782959 -73.1357982635498 -75.106693649292 -80.8653839111328 -79.2739192962647 -75.6165775299072 -74.623104095459 -74.877645111084 -75.7265205383301 -74.5707946777344 -73.5612384796143 -74.2097061157227 -72.4983432769775 -74.3546752929688 -81.0323123931885 -78.2642917633057 -71.9449066162109 -80.0468009948731 -84.828048324585 -83.6543918609619 -82.489139175415 -80.107067489624 -81.1090595245361 -71.4226940155029 -68.3366611480713
-67.6331066131592 -66.7030349731445 -66.5291046142578 -66.3418979644775 -63.6581413269043 -60.9332042694092 -57.9164478302002 -55.8434711456299 -54.365845489502 -54.2522701263428 -55.0660308837891 -56.6433895111084 -57.8679977416992 -60.7165260314941 -64.6641185760498 -69.3415409088135 -79.3090007781982 -81.7033096313477 -78.8328964233398 -72.0501819610596 -71.781763458252 -71.660916519165 -72.8201248168945 -82.1040065765381 -84.9350322723389 -75.4245769500732 -73.1112857818604 -71.9949771881104 -73.5148162841797 -71.7902484893799 -71.8176975250244 -71.1317058563233 -73.3055992126465 -75.3040199279785 -80.1851558685303 -71.8084159851074 -72.479141998291 -83.5333930969238 -83.4802772521973 -75.9293113708496 -75.2777515411377 -78.7337608337402 -72.0530658721924 -67.7717842102051 -73.9458515167236
-64.7112438201904 -61.7967903137207 -60.7466209411621 -60.2261981964111 -58.2318199157715 -57.8850044250488 -55.1507160186768 -52.8050411224365 -52.9055358886719 -54.2460464477539 -53.7545562744141 -55.800142288208 -57.4721115112305 -59.6255283355713 -63.0688003540039 -69.4365577697754 -69.0257709503174 -84.3111053466797 -87.4428169250488 -75.7789916992188 -71.047721862793 -70.932336807251 -75.1903160095215 -82.9322490692139 -86.4408992767334 -83.9914501190186 -74.0148345947266 -73.1649131774902 -74.1307342529297 -70.5477127075195 -74.6144653320313 -73.9477508544922 -70.2980308532715 -72.2792346954346 -71.7112049102783 -70.5643730163574 -70.6149047851563 -70.4677307128906 -70.451676940918 -80.0477317810059 -71.8860847473145 -66.067370223999 -65.314965057373 -65.0222194671631 -66.6406139373779
-64.0359806060791 -57.5973014831543 -55.6817455291748 -54.8453147888184 -54.0579261779785 -52.6788749694824 -51.6676982879639 -51.5194667816162 -51.7491329193115 -51.8626575469971 -53.1974876403809 -54.9861633300781 -56.8643142700195 -58.6442131042481 -61.439168548584 -65.4177654266357 -65.2039211273193 -75.8311771392822 -81.3786434173584 -72.8213233947754 -70.4320339202881 -69.8903823852539 -70.8391757965088 -74.9153823852539 -80.8583023071289 -82.1926624298096 -81.3458095550537 -81.9543769836426 -78.2357284545898 -71.8116004943848 -75.1921550750732 -72.5088981628418 -69.8649845123291 -68.7984622955322 -70.0652687072754 -70.9269481658936 -73.6332866668701 -83.5938316345215 -81.3757308959961 -81.8118598937988 -77.9027828216553 -70.2051002502441 -71.1668300628662 -71.8155712127686 -68.3154796600342
