indici/fabbisogno09.asc
NCOLS 177 
NROWS 174 
XLLCORNER 1436301.375 
YLLCORNER 4916704.5 
CELLSIZE 1500 
NODATA_value -9999 
[rows 24 to 47 of 174, columns 54 to 107 of 177]
-9999 -9999 -58.5609451293945 -68.1239730834961 -73.651188659668 -75.5066452026367 -69.7036773681641 -69.2660858154297 -60.453923034668 -50.7894104003906 -32.6929138183594 -15.9289909362793 -11.1947418212891 -9999 -9999 -9999 -9999 -9999 -9999 -9999 -9999 -9999 -9999 -9999 -9999 -9999 -9999 -9999 -9999 -9999 -9999 -9999 -9999 -9999 -9999 -9999 -9999 -9999 -9999 -9999 -9999 -9999 -9999 -9999 -9999 -9999 -9999 -9999 -27.7632781982422 -35.1746444702148 -40.8346710205078 -53.4151931762695 -60.3614608764648 -66.6349304199219
-9999 -9999 -9999 -72.5948623657227 -76.0060012817383 -80.9425582885742 -75.778466796875 -68.9414916992187 -59.9557205200195 -49.445361328125 -39.5663848876953 -23.7511688232422 -14.8708160400391 -9999 -9999 -9999 -9999 -9999 -9999 -9999 -9999 -9999 -9999 -9999 -9999 -9999 -9999 -9999 -9999 -9999 -9999 -9999 -9999 -9999 -9999 -9999 -9999 -9999 -9999 -9999 -9999 -9999 -9999 -9999 -9999 -9999 -9999 -9999 -25.1325523376465 -30.7372970581055 -40.048225402832 -47.9850051879883 -54.2929901123047 -55.7248641967773
-9999 -9999 -9999 -75.0896682739258 -81.2167785644531 -82.4971923828125 -77.4819046020508 -72.566471862793 -68.0304336547852 -55.1700073242187 -45.6846130371094 -31.0103866577148 -21.3392280578613 -9999 -9999 -9999 -9999 -9999 -9999 -9999 -9999 -9999 -9999 -9999 -9999 -9999 -9999 -9999 -9999 -9999 -9999 -9999 -9999 -9999 -9999 -9999 -9999 -9999 -9999 -9999 -9999 -9999 -9999 -9999 -9999 -9999 -12.0613998413086 -16.3511444091797 -22.4774238586426 -28.4902633666992 -35.1563766479492 -42.1046203613281 -46.2016540527344 -47.6408676147461
-9999 -9999 -9999 -72.2807723999023 -78.170361328125 -83.8215957641602 -78.0365692138672 -70.0752349853516 -67.5458770751953 -58.6482391357422 -49.5845993041992 -37.5633987426758 -29.8680541992187 -19.207886505127 -9999 -9999 -9999 -9999 -9999 -9999 -9999 -9999 -9999 -9999 -9999 -9999 -9999 -9999 -9999 -9999 -9999 -9999 -9999 -49.9569046020508 -52.1792449951172 -49.1676193237305 -47.4621017456055 -42.2013931274414 -36.1657440185547 -9999 -9999 -9999 -9999 -9999 -9999 -9999 -12.3011566162109 -13.0092628479004 -18.8836326599121 -24.4716934204102 -28.6624282836914 -32.8692504882812 -34.4567352294922 -42.9694366455078
-9999 -9999 -9999 -69.5409805297851 -74.5668197631836 -78.743489074707 -77.1694290161133 -67.5538787841797 -66.9759429931641 -59.048942565918 -51.3614685058594 -41.3768814086914 -30.1974533081055 -25.7380950927734 -18.9683723449707 -9999 -9999 -9999 -9999 -9999 -9999 -9999 -9999 -9999 -9999 -9999 -9999 -9999 -9999 -9999 -9999 -59.3449829101562 -61.2880447387695 -61.5515563964844 -60.1915100097656 -58.0053497314453 -53.994596862793 -47.9534149169922 -40.9099563598633 -33.8032485961914 -9999 -9999 -9999 -9999 -9999 -10.2807540893555 -11.0550445556641 -10.9026206970215 -16.8646827697754 -23.7294776916504 -29.1442428588867 -34.5237640380859 -36.4659149169922 -37.4601333618164
-9999 -9999 -9999 -9999 -69.2361450195312 -69.719807434082 -70.0273330688477 -66.2670379638672 -64.5751159667969 -59.2848236083984 -49.1670608520508 -41.6648696899414 -34.0817306518555 -28.5257720947266 -24.3878646850586 -18.6895935058594 -9999 -9999 -9999 -9999 -9999 -9999 -9999 -9999 -9999 -9999 -41.9449752807617 -49.6989318847656 -55.9326446533203 -62.9412841796875 -69.0814224243164 -74.7121520996094 -75.9928176879883 -73.9182968139648 -69.2263626098633 -66.4025314331055 -60.8344635009766 -51.4693450927734 -43.4542434692383 -36.1859802246094 -9999 -9999 -9999 -9999 -9999 -9.48009948730468 -10.4770065307617 -9.14354629516601 -18.1298301696777 -22.392652130127 -28.0487030029297 -33.0977355957031 -30.0807983398437 -32.1040786743164
-9999 -9999 -9999 -9999 -61.1698547363281 -67.4245849609375 -68.4886749267578 -62.8166687011719 -60.4711013793945 -55.0965469360352 -44.9341720581055 -40.3569808959961 -35.5128723144531 -29.4198043823242 -25.5238342285156 -21.0773315429688 -9999 -9999 -9999 -9999 -9999 -9999 -9999 -9999 -9999 -48.1593383789062 -54.490641784668 -56.230241394043 -67.8358337402344 -75.0675201416016 -77.6667633056641 -85.8412841796875 -86.0644378662109 -85.2810302734375 -78.4578811645508 -74.080207824707 -66.353564453125 -54.7814361572266 -44.4048370361328 -37.7072113037109 -9999 -9999 -9999 -9999 -9999 -10.7734428405762 -11.8081161499023 -11.6957107543945 -13.1574279785156 -17.187979888916 -18.8212188720703 -25.8577163696289 -29.8905090332031 -31.0806350708008
-9999 -9999 -9999 -49.4844848632812 -55.8811431884766 -62.2975021362305 -63.771305847168 -61.5044250488281 -54.7842315673828 -49.4191192626953 -48.6351791381836 -42.2467544555664 -39.1153701782227 -36.5102981567383 -32.7777938842773 -31.4508804321289 -31.4834579467773 -9999 -9999 -9999 -9999 -9999 -9999 -9999 -9999 -58.4230667114258 -63.8990295410156 -65.8082870483398 -72.3040802001953 -76.5837905883789 -84.6807952880859 -90.709765625 -94.3717163085937 -94.8800628662109 -83.7433547973633 -76.5650390625 -71.8619415283203 -54.458935546875 -46.6840560913086 -39.0987655639648 -29.8510513305664 -9999 -9999 -9999 -9999 -9999 -14.1881530761719 -17.0069519042969 -17.9880630493164 -24.7006805419922 -24.0941070556641 -26.2746826171875 -25.5264633178711 -29.0598999023437
-9999 -9999 -9999 -44.3312835693359 -50.0295928955078 -54.217317199707 -56.6983535766602 -55.7822250366211 -50.9941436767578 -50.7807723999023 -52.2782333374023 -49.2986740112305 -47.7260070800781 -43.810026550293 -43.6685241699219 -41.3411422729492 -41.1857666015625 -45.2280868530273 -42.5287475585938 -9999 -9999 -9999 -9999 -9999 -9999 -68.2702178955078 -71.4835723876953 -73.9067169189453 -77.8560577392578 -90.2352172851562 -92.6916534423828 -90.7680572509766 -93.0798980712891 -93.5975006103516 -87.5353698730469 -76.6057113647461 -67.5099868774414 -58.6822296142578 -50.0179306030273 -40.9386596679688 -30.8440933227539 -9999 -9999 -9999 -9999 -9999 -13.3642227172852 -19.9986198425293 -23.1853210449219 -26.0023506164551 -31.0471496582031 -32.8057830810547 -27.2130157470703 -23.4929306030273
-9999 -9999 -27.5334243774414 -38.521223449707 -43.3672607421875 -51.1438034057617 -53.7398834228516 -50.3206771850586 -48.9478805541992 -53.1200546264648 -52.0308319091797 -50.24765625 -53.5840606689453 -47.5111053466797 -48.0043395996094 -48.8100967407227 -46.0272842407227 -46.7639770507812 -52.1578277587891 -54.8724243164062 -56.3174545288086 -56.8838470458984 -60.5806716918945 -62.5481185913086 -68.0414978027344 -73.2174713134766 -73.491552734375 -77.6357284545898 -85.4289962768555 -92.5128173828125 -95.5517303466797 -94.4418884277344 -90.0718170166016 -92.6876586914063 -87.4144653320313 -71.6853607177734 -67.4504241943359 -57.514924621582 -48.5411956787109 -41.4377197265625 -32.0723342895508 -9999 -9999 -9999 -9999 -9999 -9999 -22.3501747131348 -26.0057891845703 -27.8361740112305 -33.6854888916016 -34.7944473266602 -31.8555786132812 -21.8360473632812
-9999 -9999 -28.9191802978516 -37.1015472412109 -43.1185333251953 -49.6829895019531 -50.7026916503906 -49.8384490966797 -47.3464141845703 -47.7752319335937 -52.9157653808594 -55.7724029541016 -54.45458984375 -50.4317153930664 -50.5944030761719 -48.7217163085937 -43.9720642089844 -51.8127090454102 -54.4546829223633 -54.7396621704102 -60.5365097045898 -61.3566528320312 -62.3610397338867 -63.1970993041992 -66.4166793823242 -70.3178024291992 -76.6700119018555 -80.9060699462891 -85.9121856689453 -90.2351593017578 -92.4151824951172 -89.6972442626953 -79.9291351318359 -79.1352630615234 -72.4301605224609 -67.4382186889648 -63.6790618896484 -55.7750854492188 -49.2537384033203 -40.978742980957 -32.2922210693359 -25.3251647949219 -19.5689849853516 -9999 -9999 -9999 -9999 -9999 -28.7479370117187 -32.594108581543 -35.862858581543 -33.3176818847656 -26.7304122924805 -20.1853485107422
-9999 -20.9922210693359 -25.7903411865234 -30.1015670776367 -38.3902435302734 -45.6518112182617 -53.1232711791992 -53.7496917724609 -47.4901519775391 -46.4612838745117 -51.7064422607422 -54.0617065429688 -51.9333190917969 -46.5988555908203 -44.9275100708008 -43.8408905029297 -45.4846939086914 -52.0521347045898 -54.1750030517578 -55.7667602539062 -59.9693359375 -59.6371429443359 -60.7705215454102 -57.9577667236328 -60.3811660766602 -67.8761825561523 -75.0625381469727 -79.1047439575195 -82.201838684082 -84.234521484375 -82.7774642944336 -77.1469284057617 -70.960823059082 -68.6979293823242 -66.4347793579101 -66.1777267456055 -61.1673294067383 -52.4466461181641 -45.614094543457 -38.7479904174805 -29.8198150634766 -19.319652557373 -21.7676322937012 -21.0010139465332 -9999 -9999 -9999 -9999 -9999 -35.0381744384766 -36.5741683959961 -33.8784194946289 -23.6817886352539 -20.8448501586914
-9999 -19.0860198974609 -23.3007125854492 -37.4127182006836 -41.3105590820312 -48.2042556762695 -55.7660552978516 -55.3799789428711 -52.9689819335937 -49.0262649536133 -46.6598541259766 -48.2643936157227 -48.648454284668 -43.8604568481445 -47.2350555419922 -48.3982650756836 -48.5473190307617 -54.5181350708008 -52.7101943969727 -52.3316543579102 -56.6394378662109 -53.9198532104492 -55.1386672973633 -60.499528503418 -64.8190383911133 -68.1330032348633 -68.4008865356445 -71.5670913696289 -74.7115631103516 -75.1357879638672 -73.0593246459961 -68.2890228271484 -61.4595443725586 -66.0262786865234 -67.3217803955078 -62.7746398925781 -53.9727188110352 -48.1697021484375 -44.7474014282227 -38.5695678710937 -31.8758087158203 -19.4649566650391 -24.7821990966797 -24.6146575927734 -9999 -9999 -9999 -9999 -30.3721923828125 -34.5653884887695 -35.7094619750977 -27.3079818725586 -20.8562652587891 -24.1534439086914
-9999 -22.0871612548828 -30.2251617431641 -42.3527267456055 -49.9775817871094 -56.2605773925781 -60.8376495361328 -62.4084548950195 -59.0010223388672 -51.4833312988281 -48.3039566040039 -48.4276565551758 -49.9603805541992 -44.4006164550781 -45.9835556030273 -50.0141372680664 -54.4125030517578 -54.826203918457 -52.732243347168 -51.3333358764648 -51.2243774414062 -52.5256774902344 -61.4365692138672 -63.4536117553711 -63.3397583007812 -61.5465286254883 -63.9757217407227 -64.1494018554687 -64.1334655761719 -65.3047149658203 -63.1347381591797 -58.5640502929687 -54.4038055419922 -54.1284896850586 -57.5059036254883 -52.0380416870117 -52.2404266357422 -47.744938659668 -43.151335144043 -36.3836517333984 -30.6273529052734 -19.9032424926758 -27.0374198913574 -27.4139129638672 -9999 -9999 -9999 -15.8137268066406 -27.4156372070312 -27.8691528320312 -26.1283813476562 -21.7561752319336 -23.3499908447266 -32.6388732910156
-21.0434310913086 -27.4294326782227 -36.8089950561523 -44.2194152832031 -53.470735168457 -63.0066223144531 -66.5124572753906 -67.423974609375 -63.0247314453125 -59.2379928588867 -50.8792739868164 -46.2097213745117 -48.0686660766602 -45.569694519043 -48.8216384887695 -52.3531311035156 -52.3065856933594 -56.1436721801758 -57.0628402709961 -55.8782150268555 -57.9156936645508 -50.6789657592773 -56.5435394287109 -54.1806762695312 -55.4744979858398 -58.5291885375977 -59.1618789672852 -58.3173385620117 -59.6920715332031 -59.7746795654297 -58.8837982177734 -57.7633193969727 -48.0318206787109 -45.5429595947266 -54.4907730102539 -43.6607467651367 -49.6600082397461 -44.6150924682617 -40.0299438476562 -36.2590866088867 -28.6479766845703 -26.3958557128906 -30.098991394043 -31.150617980957 -31.9902618408203 -34.4950317382812 -34.1142822265625 -27.1220153808594 -21.2677932739258 -22.655110168457 -26.2545135498047 -28.7367523193359 -32.6083282470703 -42.1661911010742
-25.4268966674805 -31.8286239624023 -38.9403244018555 -49.2249465942383 -56.5051132202148 -64.1533935546875 -70.4848693847656 -72.1769897460937 -70.2305587768555 -66.9826080322266 -59.4953170776367 -50.8495468139648 -43.4835189819336 -46.5469528198242 -48.094091796875 -48.1841186523437 -49.06357421875 -54.0150375366211 -54.0416015625 -55.4976745605469 -54.5311752319336 -49.0958633422852 -49.4387908935547 -53.7021011352539 -54.9091506958008 -54.7297149658203 -54.5621826171875 -54.9624862670898 -53.7804321289062 -52.1206085205078 -54.4656631469727 -54.7017562866211 -49.1973526000977 -40.3953735351562 -41.7242736816406 -43.1161651611328 -43.7219161987305 -41.3232391357422 -35.4823348999023 -34.8325897216797 -23.1456726074219 -25.7390869140625 -32.6230743408203 -29.7175201416016 -35.0687866210938 -29.8381790161133 -30.6477325439453 -24.8073760986328 -26.2545562744141 -29.391015625 -37.2040573120117 -35.3019287109375 -46.8904510498047 -48.8329513549805
-29.085368347168 -38.966943359375 -49.3031616210938 -55.6955307006836 -59.4523178100586 -66.6703079223633 -72.2282943725586 -71.9270309448242 -69.5278854370117 -66.3259033203125 -58.2113754272461 -49.3512573242188 -44.7411209106445 -47.3483612060547 -45.7239349365234 -48.0954086303711 -50.9250762939453 -54.1668533325195 -54.8577651977539 -51.3503875732422 -48.7270736694336 -46.9078521728516 -49.6908309936523 -48.1065826416016 -47.799543762207 -45.1576522827148 -46.2884124755859 -44.0791427612305 -43.1334991455078 -45.3813278198242 -48.3288009643555 -51.0745193481445 -46.1124130249023 -37.0201293945312 -37.0774948120117 -40.6061401367188 -38.3622756958008 -32.2775817871094 -27.3947982788086 -26.3271865844727 -20.4719589233398 -31.6281356811523 -32.7494766235352 -32.2602828979492 -31.216340637207 -30.8083480834961 -28.9804595947266 -30.5371856689453 -40.1519424438477 -46.2214462280273 -51.0409332275391 -52.9533477783203 -51.9991241455078 -48.0312133789062
-35.3285415649414 -43.3521408081055 -51.4839904785156 -61.2193954467773 -64.6363861083984 -68.5430191040039 -72.3920944213867 -71.7525314331055 -68.7662841796875 -65.4135604858398 -55.4400115966797 -50.2802764892578 -51.7205444335937 -49.9242568969727 -51.8127471923828 -51.7972732543945 -52.2994415283203 -52.7441909790039 -51.1732437133789 -51.23125 -46.8991729736328 -46.7401153564453 -46.0099746704102 -44.7405807495117 -44.0065979003906 -42.7276428222656 -43.3566909790039 -41.1432952880859 -40.5735794067383 -39.5557556152344 -40.5010284423828 -40.0265625 -39.2928009033203 -33.578157043457 -35.1832824707031 -33.189697265625 -31.603108215332 -29.536018371582 -26.6020095825195 -25.0499755859375 -23.6764343261719 -27.5673645019531 -31.1277252197266 -33.9536575317383 -34.4613296508789 -32.3395660400391 -34.7871429443359 -40.3398025512695 -47.3195678710937 -55.3955841064453 -56.6558456420898 -54.8684020996094 -54.1669982910156 -48.4329132080078
-43.8338348388672 -50.4923889160156 -57.5948348999023 -64.5032775878906 -68.9456787109375 -70.9533737182617 -73.6373947143555 -70.8216110229492 -65.5476699829102 -61.2266891479492 -56.130436706543 -52.0079071044922 -53.6634796142578 -50.6247604370117 -48.6593292236328 -47.9376266479492 -46.7970596313477 -48.9524200439453 -46.9329040527344 -46.5527740478516 -46.0757720947266 -45.0784851074219 -40.0824111938477 -39.2886138916016 -38.5659255981445 -37.1788604736328 -37.6564758300781 -36.8279541015625 -36.0064346313477 -34.9357284545898 -33.0093002319336 -36.5599319458008 -35.2302459716797 -30.0034286499023 -29.203955078125 -28.3292510986328 -26.7079742431641 -25.4356140136719 -26.1310195922852 -25.3719375610352 -25.0805557250977 -28.877311706543 -34.0447296142578 -36.6185791015625 -39.406852722168 -38.9167999267578 -43.6712020874023 -51.7722427368164 -56.6468399047852 -57.3194290161133 -54.8365295410156 -48.8840957641602 -46.3723861694336 -43.7747955322266
-53.8595397949219 -58.6312698364258 -62.5824813842773 -67.5909317016602 -72.8446655273438 -73.4930023193359 -72.6103179931641 -69.2732833862305 -66.2429244995117 -61.9640869140625 -57.0079376220703 -55.1374359130859 -50.4267028808594 -47.3515472412109 -45.0572708129883 -44.2078353881836 -43.5749084472656 -45.2951171875 -45.4409271240234 -44.427311706543 -45.3081893920898 -45.2535614013672 -41.4879440307617 -44.0829711914062 -41.4182159423828 -41.0972503662109 -37.9579849243164 -36.1677337646484 -34.4245132446289 -33.3938201904297 -32.5854965209961 -31.8415481567383 -32.1222564697266 -32.1045974731445 -32.9725036621094 -32.7052169799805 -33.7011459350586 -30.872248840332 -31.9438613891602 -32.3328659057617 -33.352360534668 -34.1822967529297 -37.2222229003906 -40.8060455322266 -44.1407287597656 -49.602099609375 -58.5608276367187 -64.3149917602539 -62.2182159423828 -63.1503005981445 -64.4420104980469 -58.5342559814453 -58.8101119995117 -57.4578308105469
-65.5187698364258 -67.7666412353516 -69.6415542602539 -71.6608978271484 -71.6848510742188 -72.0320983886719 -71.6244293212891 -69.6555862426758 -67.0032348632812 -62.5201904296875 -57.7011413574219 -52.7145294189453 -48.4268356323242 -44.9003112792969 -42.2145538330078 -40.4928527832031 -39.802360534668 -40.7126174926758 -40.3895690917969 -41.4356063842773 -42.4320037841797 -44.5084716796875 -50.4883926391602 -51.4217544555664 -52.6200973510742 -51.1391052246094 -48.0104217529297 -44.3667266845703 -42.1300033569336 -42.3105834960937 -41.0725646972656 -39.7378082275391 -40.3631973266602 -41.385481262207 -42.4224685668945 -42.4949981689453 -43.4351409912109 -43.2562622070312 -45.3331939697266 -46.1279067993164 -47.5720413208008 -48.3274841308594 -50.9058044433594 -57.7579544067383 -61.0925811767578 -66.1498382568359 -68.1337707519531 -75.1856369018555 -77.4980072021484 -79.7429580688477 -73.9404907226562 -66.8796859741211 -71.0105819702148 -69.2727081298828
-69.7624221801758 -70.7476501464844 -71.7818237304687 -71.8475280761719 -72.5640106201172 -72.3837860107422 -71.3842468261719 -69.6286361694336 -68.069303894043 -65.4164596557617 -63.0802062988281 -54.8060729980469 -51.1018692016602 -49.6054275512695 -48.2766998291016 -47.0353958129883 -43.4251419067383 -43.5273071289062 -44.5869323730469 -47.6420333862305 -49.4713516235352 -51.8033996582031 -55.6962280273438 -57.1779861450195 -61.4637237548828 -59.8172058105469 -56.6577819824219 -51.1176513671875 -50.5510848999023 -51.869694519043 -47.7862838745117 -46.2416748046875 -47.7676452636719 -47.3069641113281 -53.9331817626953 -47.2950607299805 -56.6339309692383 -55.7622116088867 -58.1623458862305 -60.7705642700195 -59.7976135253906 -62.2029541015625 -66.2605895996094 -75.9955047607422 -79.8743423461914 -83.2424133300781 -81.930419921875 -84.9691680908203 -90.6724090576172 -87.190185546875 -82.7021820068359 -79.6052444458008 -73.4585144042969 -73.0605285644531
-76.7244232177734 -77.0011566162109 -75.5676391601562 -73.0216247558594 -73.0335845947266 -74.4858123779297 -71.4734832763672 -71.0109466552734 -69.0492401123047 -67.0949310302734 -65.2623626708984 -61.5866088867188 -58.6027572631836 -57.2879791259766 -55.5130294799805 -53.9550109863281 -53.5053161621094 -53.7627136230469 -55.0464996337891 -58.7314468383789 -60.9829132080078 -62.167512512207 -64.7448684692383 -65.7864456176758 -65.1672943115234 -67.4184829711914 -67.3846038818359 -58.2548263549805 -61.3242065429687 -55.5865982055664 -61.0288833618164 -52.0859924316406 -55.2887130737305 -60.3897918701172 -62.2371124267578 -54.4619064331055 -64.9875228881836 -67.0032791137695 -73.1639892578125 -73.9808059692383 -70.2560470581055 -77.5949676513672 -80.9938110351563 -85.3465270996094 -93.2925933837891 -95.3154998779297 -97.2496246337891 -86.9672973632812 -96.3467346191406 -93.7541168212891 -89.5158874511719 -84.1019805908203 -78.059114074707 -76.0889495849609
-86.6324890136719 -79.1073852539062 -75.5237823486328 -72.4666198730469 -71.7940979003906 -71.4801666259766 -73.7802337646484 -72.643701171875 -69.8471206665039 -68.4214691162109 -70.9301681518555 -66.4641571044922 -61.5282791137695 -60.5472244262695 -63.2761535644531 -63.0035949707031 -61.8780609130859 -61.7909164428711 -65.3541610717773 -67.8080078125 -73.7599700927734 -72.9451446533203 -77.4389358520508 -73.0439331054687 -72.6542449951172 -76.2481307983398 -74.7881408691406 -66.8023147583008 -65.6886672973633 -63.066828918457 -66.5859954833984 -62.767431640625 -66.0701934814453 -69.1807327270508 -64.2576919555664 -65.3858032226562 -71.4661270141602 -78.431120300293 -81.3367111206055 -82.9438705444336 -81.5354583740234 -90.9457061767578 -88.8316802978516 -99.0057983398438 -102.06510925293 -104.064965820312 -104.706695556641 -96.4585906982422 -101.246337890625 -99.2706787109375 -92.8068603515625 -89.8426147460937 -83.9659210205078 -78.0943450927734
