indici/fabbisogno04.asc
NCOLS 177 
NROWS 174 
XLLCORNER 1436301.375 
YLLCORNER 4916704.5 
CELLSIZE 1500 
NODATA_value -9999 
[rows 46 to 68 of 174, columns 53 to 105 of 177]
-116.215381622314 -114.825059890747 -113.655801773071 -111.048082351685 -108.341112136841 -105.838298797607 -103.558263778687 -100.158988952637 -97.5277099609375 -94.5897369384766 -91.9720458984375 -89.9831743240356 -88.4626512527466 -87.8619613647461 -88.1701183319092 -88.246654510498 -88.0883417129517 -87.9613018035889 -87.7505912780762 -87.8543338775635 -89.661660194397 -89.8448209762573 -89.21559715271 -89.2956666946411 -88.6729383468628 -87.1325168609619 -87.3695058822632 -87.6277389526367 -85.5858469009399 -88.6062383651733 -88.1781234741211 -91.9477024078369 -90.9722566604614 -94.6120367050171 -99.5032634735107 -101.962416648865 -100.719475746155 -106.784151077271 -109.161375045776 -111.692600250244 -113.007308959961 -112.46860408783 -115.393495559692 -117.595665931702 -121.021625518799 -124.19180393219 -124.822819709778 -126.122857093811 -121.81644153595 -121.275485038757 -116.235535621643 -110.491068840027 -104.45531463623
-119.390281677246 -116.15113067627 -111.199956893921 -106.985887527466 -104.175415039062 -101.670114517212 -99.5454425811768 -98.4429111480713 -96.5559482574463 -94.3660106658936 -93.0286378860474 -93.5786771774292 -92.5997848510742 -92.0774803161621 -92.6407670974731 -94.9616136550903 -95.5395574569702 -97.4523792266846 -99.628960609436 -101.350885391235 -101.665574073792 -102.791534423828 -100.175707817078 -98.8570795059204 -95.2976408004761 -93.9228448867798 -94.3857202529907 -94.8287992477417 -93.7067413330078 -95.3028974533081 -97.0730886459351 -101.522253990173 -105.004208564758 -108.555511474609 -112.473473548889 -112.915175437927 -114.950426101685 -117.716565132141 -120.00935459137 -121.747404098511 -122.80787563324 -123.047024726868 -125.730549812317 -125.752185821533 -129.605669021606 -130.416202545166 -129.725032806396 -129.361355781555 -125.260254859924 -122.64404964447 -117.086260795593 -110.584784507751 -105.288734436035
-116.734871864319 -114.234367370605 -107.958669662476 -102.74391746521 -99.3545436859131 -97.1867046356201 -96.2124824523926 -95.5854225158691 -96.1244697570801 -94.932915687561 -96.744969367981 -96.9289569854736 -96.754282951355 -97.8929452896118 -100.510519981384 -101.951031684875 -108.48245716095 -111.437733650208 -113.119623184204 -115.673563957214 -113.972826004028 -113.753939628601 -112.526172637939 -110.286703109741 -104.691718101501 -104.051475524902 -101.871039390564 -103.652276039124 -104.111589431763 -104.845302581787 -110.873840332031 -114.569013595581 -117.209400177002 -120.976902961731 -124.875247955322 -126.86235332489 -128.712406158447 -128.639010429382 -131.492832183838 -130.757768630981 -131.751698493958 -131.86271572113 -133.496086120605 -134.487119674683 -135.231574058533 -135.196876525879 -133.183818817139 -131.386106491089 -127.118083000183 -123.33757019043 -117.165587425232 -110.792879104614 -105.491610527039
-113.325198173523 -110.022334098816 -103.619918823242 -98.5301208496094 -95.1396160125732 -93.3215084075928 -92.7263946533203 -92.4644088745117 -93.2135257720947 -94.1331691741943 -96.3887729644775 -98.2544994354248 -101.218493461609 -105.076964378357 -107.641528129578 -115.870043754578 -121.418095588684 -124.376111984253 -127.163925170898 -129.769074440002 -129.636601448059 -127.679725646973 -126.016199111938 -122.829620361328 -119.77527141571 -116.112522125244 -115.221794128418 -114.496899604797 -115.157188415527 -119.173263549805 -123.674553871155 -127.712203979492 -130.690836906433 -134.855895996094 -138.430171966553 -140.229554176331 -141.010911941528 -140.282907485962 -140.902927398682 -140.417514801025 -138.51902961731 -138.877714157104 -139.117365837097 -139.368823051453 -139.294532775879 -137.361909866333 -134.82773399353 -131.392731666565 -128.036276817322 -122.550099372864 -116.787592887878 -109.983758926392 -104.804780960083
-109.377639770508 -104.23611831665 -98.9270305633545 -94.7350368499756 -91.6615524291992 -90.1479606628418 -90.3051090240479 -91.3986797332764 -92.531343460083 -93.7351837158203 -96.3937501907349 -99.9024600982666 -104.860525131226 -108.760131835938 -118.093099594116 -127.256346702576 -134.69295501709 -139.482218742371 -142.953232765198 -145.988648414612 -146.842651367188 -143.039559364319 -141.410154342651 -137.446971893311 -133.831074714661 -130.280493736267 -127.456815719604 -126.202080726624 -126.884488105774 -132.178033828735 -136.485048294067 -141.27151966095 -145.190519332886 -149.201287269592 -152.714924812317 -152.904085159302 -152.108387947083 -150.293587684631 -148.350717544556 -146.459836006165 -142.846073150635 -142.40970993042 -142.21607875824 -139.7491979599 -140.297347068787 -138.737336158752 -135.143217086792 -132.028195381165 -127.910470962524 -122.267084121704 -115.714783668518 -108.709320068359 -103.099945068359
-102.684337615967 -98.4639263153076 -94.8424892425537 -91.2633590698242 -89.0770015716553 -87.9926795959473 -88.4045009613037 -90.3464460372925 -93.7417669296265 -95.1345825195312 -97.5083408355713 -101.51282119751 -106.733169555664 -114.410061836243 -126.899080276489 -137.451083183289 -146.796625137329 -154.828846931458 -158.90375995636 -163.52087688446 -162.874079704285 -160.213562011719 -155.916964530945 -150.484446525574 -145.586178779602 -142.387700080872 -137.554023742676 -136.958349227905 -139.65550994873 -143.020146369934 -148.089951515198 -153.431252479553 -158.430316925049 -162.212747573853 -163.476053237915 -164.076700210571 -161.496626853943 -157.671158790588 -152.290280342102 -149.907790184021 -147.294781684875 -144.340835571289 -140.177574157715 -140.44019985199 -141.461706161499 -137.55242061615 -135.167216300964 -131.762161254883 -125.65931224823 -121.134851455688 -115.12473487854 -108.967428207397 -103.571220397949
-98.2115325927734 -94.7063522338867 -91.2499122619629 -89.0164794921875 -87.405345916748 -87.1411457061768 -87.6852684020996 -89.5452003479004 -92.112512588501 -95.1047611236572 -99.7551078796387 -105.259893417358 -111.674688339233 -123.107015609741 -134.64580821991 -146.947665214539 -158.558572769165 -166.860681533813 -173.861966133118 -176.115838050842 -177.192504882812 -173.215940475464 -167.642000198364 -160.554363250732 -156.641235351562 -152.269844055176 -146.383940696716 -144.311915397644 -147.84402179718 -152.329432487488 -156.4287109375 -162.538555145264 -167.90394115448 -171.486186981201 -172.587465286255 -170.575159072876 -168.14591217041 -163.09325504303 -156.316040992737 -152.4504737854 -145.776302337646 -141.581285476685 -140.903921127319 -142.052567481995 -138.25643825531 -137.673612594604 -134.81999874115 -131.671832084656 -125.028445243835 -120.054842948914 -114.898293495178 -108.020039558411 -103.249196052551
-95.2250633239746 -92.2849617004395 -89.5271282196045 -87.5219650268555 -86.7830505371094 -86.8834934234619 -87.7898063659668 -89.522533416748 -92.142650604248 -96.3761615753174 -101.737761497498 -109.183636665344 -116.422937393188 -129.564249038696 -142.421549797058 -154.735331535339 -166.985486030579 -177.410406112671 -184.233233451843 -187.215172767639 -186.6584815979 -182.183711051941 -174.756848335266 -169.014361381531 -161.851686477661 -158.138394355774 -153.662907600403 -150.89577960968 -152.918313026428 -157.738298416138 -160.400156021118 -167.206399917603 -172.825656890869 -176.949793815613 -178.422931671143 -176.135714530945 -171.527992248535 -165.131220817566 -159.717041969299 -152.531192779541 -149.306979179382 -145.240102767944 -141.455418586731 -139.600788116455 -139.319416046143 -136.011569023132 -134.189785003662 -130.13161277771 -123.648136138916 -118.545042991638 -111.824171066284 -105.249556541443 -100.669787406921
-93.0670890808105 -90.957447052002 -89.024730682373 -87.5436782836914 -87.2052154541016 -87.513614654541 -89.4845495223999 -91.9616012573242 -93.5446243286133 -97.4687995910645 -103.417555809021 -111.824961662292 -121.42561340332 -132.121632575989 -147.636347770691 -160.550231933594 -172.620725631714 -183.016848564148 -189.354769706726 -191.314834594727 -190.408735275269 -184.714218139648 -177.666499137878 -171.595698356628 -163.879626274109 -158.752479553223 -155.353962898254 -154.42943572998 -155.608135223389 -158.173288345337 -164.839975357056 -170.920918464661 -176.138001441956 -179.911089897156 -180.987307548523 -179.031567573547 -173.911896705627 -167.194489479065 -159.042222976685 -154.506526947021 -151.329304695129 -145.748057365417 -143.231904029846 -140.330193519592 -138.124001502991 -133.667158126831 -131.248032569885 -125.499486923218 -119.000379562378 -113.784824371338 -109.215329170227 -106.215661048889 -102.060180664062
-92.2293262481689 -91.2820053100586 -89.9426689147949 -89.1861133575439 -89.0933780670166 -89.6191902160645 -90.5875835418701 -92.8763637542725 -96.4832277297974 -99.6594104766846 -105.800106048584 -114.275382041931 -123.281505584717 -134.301714897156 -149.821717262268 -164.228408813477 -174.264156341553 -183.336095809937 -189.72340965271 -190.802437782288 -189.44322013855 -184.120698928833 -176.6970911026 -170.504117965698 -163.297533988953 -158.386037826538 -154.06573009491 -154.657504081726 -155.34068775177 -159.938891410828 -166.502908706665 -170.807332992554 -175.699068069458 -179.469058036804 -180.733334541321 -178.572733879089 -174.105441093445 -168.863595962524 -161.242328643799 -155.595322608948 -150.38044834137 -146.04225063324 -144.636861801147 -141.378028869629 -136.147995948792 -131.228855133057 -126.122627258301 -121.228001594543 -118.628540039062 -113.988310813904 -108.883527755737 -105.199688911438 -97.565845489502
-93.2367515563965 -92.8652667999268 -92.2965316772461 -92.1379280090332 -92.0845890045166 -92.5056076049805 -93.6533451080322 -95.5137405395508 -98.8197584152222 -102.091005325317 -109.003568649292 -116.38006401062 -125.799587249756 -136.401218414307 -149.396814346313 -164.106568336487 -174.542827606201 -182.22700214386 -187.231879234314 -188.777840614319 -186.658441543579 -180.750257492065 -173.714365959167 -167.302635192871 -160.839033126831 -155.197462081909 -153.821526527405 -152.934387207031 -152.74626159668 -160.533631324768 -165.385314941406 -169.831219673157 -173.99458694458 -177.163022994995 -178.588227272034 -176.009786605835 -172.066786766052 -167.518891334534 -161.163604736328 -155.984619140625 -149.375185012817 -146.31085395813 -144.032474517822 -140.053712844849 -134.062204360962 -127.242842674255 -121.796091079712 -116.954620361328 -113.937461853027 -110.407176017761 -106.535210609436 -101.321634292603 -95.2618894577026
-95.3632907867432 -95.3791828155518 -95.7371234893799 -95.870584487915 -95.6614284515381 -95.8649291992188 -96.5369529724121 -98.5285215377808 -102.139392852783 -106.229553222656 -112.699773788452 -119.307021141052 -128.553790092468 -138.242730140686 -148.98135471344 -163.17422580719 -175.009831428528 -180.911894798279 -184.394617080688 -184.776498794556 -182.820072174072 -176.724928855896 -170.092078208923 -163.57595539093 -158.173910140991 -153.206046104431 -151.768120765686 -150.030900001526 -152.312153816223 -157.681517601013 -163.470759391785 -166.558832168579 -170.424459457397 -173.535104751587 -173.006406784058 -171.721525192261 -170.281126976013 -164.449061393738 -158.754467964172 -152.653249740601 -148.773248672485 -145.917056083679 -141.049643516541 -136.63281917572 -131.217429161072 -124.966437339783 -118.991068840027 -112.408084869385 -110.556595802307 -106.656360626221 -102.157416343689 -95.9017362594604 -90.4655132293701
-98.6210460662842 -99.2377586364746 -99.6522674560547 -99.9109897613525 -99.8575839996338 -99.5837936401367 -99.578197479248 -101.354177474976 -103.042527198792 -108.882771492004 -115.787204742432 -121.763754844666 -129.78514289856 -139.70698928833 -150.768898010254 -161.481595039368 -171.95218372345 -179.493055343628 -181.676167488098 -181.696483612061 -179.285481452942 -173.080857276917 -167.884393692017 -160.280946731567 -153.523445129395 -150.711102485657 -148.782263755798 -148.135526657104 -149.416125297546 -151.887455940247 -155.093030929565 -162.23846912384 -164.573548316956 -165.855515480042 -166.661393165588 -166.273506164551 -163.807622909546 -157.887961387634 -153.562879562378 -150.534609794617 -145.94828414917 -141.676999092102 -135.58118057251 -131.892595291138 -126.368367195129 -121.158211708069 -113.330449104309 -107.797846794128 -103.382099151611 -99.4443511962891 -96.2065153121948 -90.5129547119141 -84.9109477996826
-102.291742324829 -103.622035980225 -104.702211380005 -105.086278915405 -104.634435653687 -103.901077270508 -103.158138275146 -103.747369766235 -104.828895568848 -109.930886268616 -116.424264907837 -122.566928863525 -130.502696990967 -140.29908657074 -150.565200805664 -160.375485420227 -168.709007263184 -173.825642585754 -176.475860595703 -178.713314056396 -176.052412033081 -168.794342041016 -163.241856575012 -156.614097595215 -150.759179115295 -146.487034797668 -145.025327682495 -144.68980884552 -146.136380195618 -149.889709472656 -152.214982032776 -155.376981735229 -157.89386177063 -159.444443702698 -160.427387237549 -158.428241729736 -154.12114906311 -149.665029525757 -146.311800003052 -143.655648231506 -140.01801109314 -135.357398033142 -130.483963012695 -124.263896942139 -119.705565452576 -113.486066818237 -107.547450065613 -101.826833724976 -98.666844367981 -95.3668146133423 -90.8452367782593 -86.1554927825928 -81.2188262939453
-106.902345657349 -108.77392578125 -109.969501495361 -110.064786911011 -109.758457183838 -108.008754730225 -106.917823791504 -105.970628738403 -106.646217346191 -110.857521057129 -116.865575790405 -121.920963287354 -130.068902015686 -139.422306060791 -149.612062454224 -158.726968765259 -166.537715911865 -171.761529922485 -173.476784706116 -173.79852771759 -169.973482131958 -166.814344406128 -159.543363571167 -153.023334503174 -146.541947364807 -143.967185020447 -142.471706390381 -142.465690612793 -143.68679523468 -145.165060997009 -145.89231300354 -149.48814201355 -150.934774398804 -152.151628494263 -151.803429603577 -151.003901481628 -147.564457893372 -142.580726623535 -139.765285491943 -136.681940078735 -130.775637626648 -126.647108078003 -122.258967399597 -116.546827316284 -111.348991394043 -106.323428153992 -103.39914894104 -97.2980098724365 -93.6231575012207 -90.9636821746826 -87.7698926925659 -83.7482070922852 -77.5009765625
-113.04829120636 -115.081338882446 -116.511528015137 -115.32297706604 -114.106052398682 -111.941905975342 -109.848665237427 -108.110326766968 -108.651098251343 -110.604738235474 -115.402827262878 -120.767739295959 -128.219530105591 -137.975671768188 -147.804364204407 -156.6036901474 -164.851986885071 -168.711402893066 -170.373732566833 -170.607325553894 -167.414309501648 -163.513738632202 -156.84077167511 -149.729859352112 -143.352031707764 -139.893454551697 -136.832295417786 -135.821255683899 -137.331341743469 -137.820852279663 -138.349276542664 -141.029306411743 -144.334508895874 -144.449045181274 -143.041296958923 -142.923463821411 -140.331610679626 -134.644688606262 -130.265796661377 -126.980664253235 -123.161329269409 -118.434414863586 -113.457716941833 -109.065385818481 -104.472885131836 -100.576009750366 -97.9795370101929 -92.9075794219971 -88.4858665466309 -86.3937950134277 -85.6015472412109 -79.1213264465332 -73.7115859985352
-116.043567657471 -119.597093582153 -120.439279556274 -119.590848922729 -117.777544021606 -115.171348571777 -111.789377212524 -109.529769897461 -108.30863571167 -109.98641204834 -113.139144897461 -117.860740661621 -125.660283088684 -134.956757545471 -143.789054870605 -152.029462814331 -158.732904434204 -163.64275932312 -165.85261631012 -165.266531944275 -163.251324653625 -159.575879096985 -152.298383712769 -145.47322177887 -139.622441291809 -135.245290756226 -131.829223632812 -129.635262489319 -129.727417945862 -130.359383583069 -131.672595024109 -134.414278030396 -137.272408485413 -137.426686286926 -134.384152412415 -133.394762992859 -130.563257217407 -125.506931304932 -122.006618499756 -118.213634490967 -113.484403610229 -109.833539962769 -105.806854248047 -102.162578582764 -98.9376668930054 -95.5164089202881 -93.1852951049805 -91.5596790313721 -86.4004402160645 -83.6476192474365 -81.3796234130859 -76.4559936523438 -72.7483997344971
-119.93145942688 -122.343717575073 -123.334894180298 -122.406169891357 -119.920135498047 -116.768007278442 -113.11283493042 -109.867231369019 -108.082155227661 -109.197341918945 -110.996185302734 -115.2571849823 -121.652683258057 -129.257815361023 -137.479422569275 -144.927534103394 -151.633808135986 -156.267497062683 -158.588446617126 -158.390232086182 -156.38521194458 -152.111532211304 -145.733654022217 -139.600716590881 -133.76016998291 -129.653511047363 -126.540390968323 -124.050843238831 -123.239130973816 -123.921743392944 -125.029901504517 -126.432427406311 -128.200575828552 -128.248899459839 -126.13240814209 -124.276852607727 -121.003267288208 -116.220294952393 -112.677200317383 -108.911197662354 -105.592809677124 -102.461519241333 -99.1220378875732 -96.4873809814453 -94.1679162979126 -92.3449640274048 -91.110071182251 -90.238507270813 -86.3309154510498 -82.6276721954346 -80.1121864318848 -77.2524394989014 -74.1375713348389
-123.117809295654 -125.167495727539 -125.277027130127 -123.765920639038 -121.192102432251 -117.29606628418 -113.395179748535 -109.85057258606 -107.148422241211 -106.85878944397 -108.531030654907 -112.455917358398 -117.636648178101 -123.921548843384 -131.205170631409 -137.465817451477 -143.848899841309 -148.098502159119 -150.544807434082 -150.59152507782 -148.477401733398 -145.226131439209 -138.909101486206 -132.727205276489 -127.562049865723 -123.207270622253 -119.648449897766 -117.395668029785 -116.87228679657 -118.894248008728 -119.55443572998 -118.4067735672 -118.842332839966 -118.991381645203 -117.568039894104 -114.987718582153 -111.549367904663 -108.317844390869 -105.018802642822 -101.777645111084 -98.6563091278076 -96.1777496337891 -94.2613277435303 -91.8233890533447 -90.3451528549194 -89.9298219680786 -89.7879362106323 -86.9515819549561 -85.6474075317383 -82.6910858154297 -81.1574745178223 -79.273307800293 -77.8447494506836
-125.73268699646 -126.174867630005 -125.754329681396 -123.930282592773 -120.859254837036 -116.966758728027 -113.366487503052 -109.085224151611 -106.134523391724 -104.508241653442 -105.592594146729 -108.42359161377 -112.702081680298 -118.227306365967 -125.433380126953 -130.209365844727 -134.946368217468 -139.5782995224 -141.937595367432 -142.128491401672 -139.705951690674 -136.641956329346 -131.23547744751 -125.415253639221 -120.001526832581 -116.297106742859 -113.548743247986 -110.788564682007 -111.164016723633 -111.532764434814 -112.943775177002 -111.680532455444 -111.343881607056 -110.656284332275 -109.571315765381 -107.493021011353 -105.639289855957 -102.305969238281 -99.8503265380859 -97.0407037734985 -94.0317535400391 -90.4423351287842 -89.1592655181885 -88.5927925109863 -87.9451065063477 -87.4173517227173 -86.9887828826904 -86.2004585266113 -84.4368114471436 -84.1327075958252 -83.6083602905273 -83.2202682495117 -82.2571964263916
-125.478118896484 -126.033086776733 -125.196269989014 -123.115428924561 -119.481725692749 -115.350574493408 -111.756418228149 -107.492261886597 -104.414720535278 -102.267147064209 -101.938131332397 -103.916885375977 -106.98158454895 -111.795156478882 -116.851383209229 -121.19437789917 -125.370603561401 -129.056488990784 -131.318936347961 -131.206076622009 -129.309369087219 -126.503408432007 -122.576017379761 -117.681710243225 -112.625814437866 -109.375283241272 -106.782511711121 -104.774569511414 -103.975207328796 -104.845445632935 -104.633832931519 -105.901928901672 -104.71303653717 -104.970448493958 -104.025413513184 -101.106002807617 -99.606595993042 -99.0031604766846 -96.4036931991577 -93.3751821517944 -90.0020208358765 -86.3019962310791 -84.5770587921143 -84.7187900543213 -85.3671398162842 -85.1734943389893 -86.0196075439453 -85.290563583374 -86.2825889587402 -87.0849494934082 -87.6849994659424 -88.2092742919922 -87.6889743804932
-125.105308532715 -125.397756576538 -124.289257049561 -121.2757396698 -117.50415802002 -113.441135406494 -108.982364654541 -105.31409072876 -101.932409286499 -99.7072925567627 -99.0253868103027 -99.5970878601074 -101.28457069397 -104.113506317139 -108.504933357239 -111.613935470581 -115.193132400513 -117.912576675415 -119.792799949646 -120.204690933228 -118.703638076782 -117.146751403809 -114.42831325531 -109.900794029236 -105.894163131714 -103.000330924988 -101.011527061462 -98.5725612640381 -98.4320592880249 -99.1811218261719 -98.126503944397 -98.8964290618896 -98.9875469207764 -99.2601890563965 -97.2238254547119 -96.5962467193604 -96.164363861084 -94.0837736129761 -91.5834989547729 -89.7047348022461 -87.6323099136353 -84.5820083618164 -81.6319427490234 -81.7743015289307 -82.9966220855713 -83.7043075561523 -84.9898796081543 -86.7291431427002 -88.8345603942871 -91.18505859375 -93.8094158172607 -94.0868644714355 -92.7734565734863
-124.382616043091 -123.731969833374 -121.828924179077 -118.926181793213 -114.918939590454 -110.874557495117 -107.244157791138 -102.994243621826 -99.5614986419678 -96.8944320678711 -95.5897445678711 -95.4049320220947 -95.8381175994873 -97.0926780700684 -100.043036460876 -102.108978271484 -104.595226287842 -106.943214416504 -108.749006271362 -109.57489490509 -109.067850112915 -107.991691589355 -106.058757781982 -103.317535400391 -100.269351959229 -97.9145059585571 -95.1669139862061 -93.1478118896484 -92.1615524291992 -92.7002649307251 -92.5460443496704 -92.195182800293 -92.3005352020264 -92.7464809417725 -92.0082607269287 -92.0446071624756 -91.2674083709717 -89.8532943725586 -88.1645488739014 -86.5344705581665 -84.7306032180786 -82.0503177642822 -79.9984493255615 -79.2669353485107 -80.2678833007812 -82.0740489959717 -85.0416469573975 -88.1015129089355 -92.1745452880859 -95.59450340271 -97.6202983856201 -99.5299501419067 -100.312036514282
