indici/fabbisogno01.asc
NCOLS 177 
NROWS 174 
XLLCORNER 1436301.375 
YLLCORNER 4916704.5 
CELLSIZE 1500 
NODATA_value -9999 
[rows 120 to 139 of 174, columns 88 to 131 of 177]
-76.2508239746094 -76.0338821411133 -75.7177734375 -75.4018936157227 -75.0979080200195 -75.086311340332 -75.0711135864258 -75.0522079467773 -74.4212341308594 -73.5672760009766 -72.7140655517578 -71.237663269043 -68.925666809082 -66.6248168945312 -64.4873046875 -63.4862670898438 -62.4890785217285 -61.4958343505859 -61.7114486694336 -62.2021064758301 -62.6876335144043 -63.5050086975098 -64.645378112793 -65.7775115966797 -66.839111328125 -67.6432113647461 -68.4429931640625 -69.2383728027344 -69.7763977050781 -70.2802658081055 -70.7809219360352 -70.8041915893555 -70.4857025146484 -70.1633071899414 -69.5360870361328 -68.1256790161133 -66.7243576049805 -65.3322830200195 -63.9138984680176 -62.5060424804688 -61.1101036071777 -60.2468109130859 -59.6594085693359 -59.0808372497559
-75.2506256103516 -75.0627975463867 -74.7670364379883 -74.4715194702148 -74.1800842285156 -74.0292358398438 -73.8747940063477 -73.7166519165039 -73.0859451293945 -72.2722091674805 -71.4592132568359 -70.1959075927734 -68.2963027954102 -66.4078216552734 -64.6352233886719 -63.7656440734863 -62.8999137878418 -62.0381202697754 -62.123405456543 -62.4448699951172 -62.7612037658691 -63.3576011657715 -64.2443695068359 -65.1229095458984 -65.9600296020508 -66.6423492431641 -67.3203582763672 -67.9939727783203 -68.4506072998047 -68.8733139038086 -69.2928161621094 -69.2415161132812 -68.8276672363281 -68.4099197387695 -67.7959594726562 -66.6322021484375 -65.4775161743164 -64.3320693969727 -63.2111549377441 -62.1026840209961 -61.0061187744141 -60.3693046569824 -59.9925804138184 -59.6246795654297
-74.249755859375 -74.0912628173828 -73.8158416748047 -73.5406646728516 -73.2655410766602 -72.9755096435547 -72.6818771362305 -72.3845672607422 -71.7496337890625 -70.9760971069336 -70.2032928466797 -69.14306640625 -67.655647277832 -66.1793441772461 -64.779426574707 -64.0412445068359 -63.3069038391113 -62.5764999389648 -62.540470123291 -62.6928176879883 -62.8400382995605 -63.2182083129883 -63.8514938354492 -64.4765625 -65.0849685668945 -65.6455688476562 -66.2018661499023 -66.7537689208984 -67.1276550292969 -67.4692306518555 -67.8076095581055 -67.6823043823242 -67.1731414794922 -66.6600799560547 -66.046516418457 -65.1292953491211 -64.2211303710938 -63.3222007751465 -62.4965476989746 -61.6873207092285 -60.8899841308594 -60.4831466674805 -60.3170051574707 -60.1596717834473
-73.2479705810547 -73.1158294677734 -72.8557205200195 -72.5941772460938 -72.3307189941406 -71.9053344726562 -71.4781875610352 -71.0492248535156 -70.4229888916016 -69.7145233154297 -69.0111770629883 -68.1609649658203 -67.0754318237305 -65.9986038208008 -64.9649353027344 -64.3517837524414 -63.7413215637207 -63.133602142334 -62.993350982666 -62.991268157959 -62.9854965209961 -63.1619071960449 -63.5519676208496 -63.9345016479492 -64.3119659423828 -64.6957702636719 -65.0700607299805 -65.4346389770508 -65.631103515625 -65.7864990234375 -65.9308471679688 -65.6798782348633 -65.0835647583008 -64.4849853515625 -63.8725852966309 -63.2253799438477 -62.589656829834 -61.9656410217285 -61.5258255004883 -61.121337890625 -60.7358016967773 -60.6007804870605 -60.6298561096191 -60.666805267334
-72.23974609375 -72.0704574584961 -71.7581634521484 -71.4444274902344 -71.1292190551758 -70.6441650390625 -70.1557998657227 -69.6656341552734 -69.1645431518555 -68.6631011962891 -68.1667709350586 -67.5710983276367 -66.8062133789062 -66.0500259399414 -65.3162994384766 -64.7928466796875 -64.2720794677734 -63.7540512084961 -63.5339317321777 -63.4081916809082 -63.2787666320801 -63.276309967041 -63.4323081970215 -63.5807838439941 -63.7180595397949 -63.8235969543457 -63.9196243286133 -64.0059509277344 -63.9103698730469 -63.7667999267578 -63.6121940612793 -63.2049865722656 -62.5630073547363 -61.9187545776367 -61.3341865539551 -61.0014724731445 -60.680233001709 -60.3706817626953 -60.386344909668 -60.4587211608887 -60.5500259399414 -60.7164497375488 -60.9335441589355 -61.1584968566895
-71.2322387695312 -71.0262451171875 -70.6617813110352 -70.2958831787109 -69.9285125732422 -69.3844604492188 -68.8349151611328 -68.283561706543 -67.9008255004883 -67.606315612793 -67.3169097900391 -66.9726257324219 -66.5282440185547 -66.0925369262695 -65.6651306152344 -65.231330871582 -64.8002166748047 -64.3718338012695 -64.078239440918 -63.8289031982422 -63.5758781433105 -63.3980979919434 -63.3201446533203 -63.2346725463867 -63.1333274841309 -62.9607200622559 -62.7786140441895 -62.5868186950684 -62.2000503540039 -61.7576522827148 -61.3042373657227 -60.731746673584 -60.0441131591797 -59.3542175292969 -58.7839279174805 -58.7655639648438 -58.7586555480957 -58.763427734375 -59.2279968261719 -59.7770118713379 -60.3449363708496 -60.8244209289551 -61.2294387817383 -61.6423149108887
-70.2254638671875 -69.9831771850586 -69.5665740966797 -69.1485290527344 -68.7290267944336 -68.1262130737305 -67.5155181884766 -66.9030227661133 -66.6318511962891 -66.5441665649414 -66.4615859985352 -66.3655548095703 -66.2415084838867 -66.1261444091797 -66.0114288330078 -65.6672439575195 -65.3257369995117 -64.9869613647461 -64.6262741088867 -64.2533950805664 -63.8768310546875 -63.5272674560547 -63.2154655456543 -62.897632598877 -62.5656204223633 -62.1279563903809 -61.6870918273926 -61.2429542541504 -60.6042251586914 -59.9123916625977 -59.2192230224609 -58.5260696411133 -57.8341941833496 -57.1424903869629 -56.6060028076172 -56.8610801696777 -57.115104675293 -57.3680725097656 -58.1640090942383 -59.0548057556152 -59.9456901550293 -60.6415557861328 -61.1726264953613 -61.706226348877
-69.5750427246094 -69.3134841918945 -68.8629455566406 -68.411491394043 -67.9590835571289 -67.3600692749023 -66.7544631958008 -66.1490783691406 -65.9346694946289 -65.9374847412109 -65.9415130615234 -65.9596939086914 -66.0067291259766 -66.0575485229492 -66.10546875 -65.8202133178711 -65.5366973876953 -65.2549667358398 -64.8452072143555 -64.3799057006836 -63.9120292663574 -63.4711265563965 -63.0728721618652 -62.6719284057617 -62.2579498291016 -61.7271957397461 -61.1932373046875 -60.6560173034668 -59.9743919372559 -59.2491760253906 -58.5226287841797 -57.8155479431152 -57.1328887939453 -56.4504013061523 -55.9006843566895 -56.1328086853027 -56.3638877868652 -56.5939064025879 -57.379093170166 -58.2766036987305 -59.1741981506348 -59.9142990112305 -60.5101852416992 -61.1086006164551
-69.0755996704102 -68.7940444946289 -68.3084564208984 -67.8219451904297 -67.3344955444336 -66.7490158081055 -66.1579437255859 -65.5670852661133 -65.3830337524414 -65.4375152587891 -65.4932098388672 -65.5908660888672 -65.7785034179688 -65.9699096679688 -66.1627960205078 -65.9372482299805 -65.7134475708008 -65.4914245605469 -65.0437698364258 -64.4933776855469 -63.9404144287109 -63.4140548706055 -62.9328231811523 -62.4489135742188 -61.9533386230469 -61.3295364379883 -60.7025375366211 -60.0722694396973 -59.3457183837891 -58.5871353149414 -57.827220916748 -57.1046867370605 -56.4312400817871 -55.7579650878906 -55.1962280273438 -55.4054145812988 -55.6135559082031 -55.8206367492676 -56.5939102172852 -57.4981307983398 -58.4024391174316 -59.1843910217285 -59.8450660705566 -60.5082626342773
-68.5765609741211 -68.2753753662109 -67.754753112793 -67.2332077026367 -66.7107238769531 -66.1376190185547 -65.5610656738281 -64.9847259521484 -64.8300933837891 -64.9362106323242 -65.0435485839844 -65.2182769775391 -65.5464401245117 -65.8783721923828 -66.2141799926758 -66.0525741577148 -65.8884582519531 -65.7261123657227 -65.2448959350586 -64.6094512939453 -63.971435546875 -63.3595924377441 -62.7954292297363 -62.228588104248 -61.6517868041992 -60.9349784851074 -60.2149772644043 -59.4917144775391 -58.7181968688965 -57.9262657165527 -57.1330032348633 -56.3934860229492 -55.729248046875 -55.0651817321777 -54.4926338195801 -54.6788902282715 -54.8641052246094 -55.0482597351074 -55.808464050293 -56.7193984985352 -57.6304130554199 -58.4516296386719 -59.1728248596191 -59.8913345336914
-68.4679336547852 -68.1957778930664 -67.678840637207 -67.1627578735352 -66.6475601196289 -66.0968017578125 -65.5430068969727 -64.9892883300781 -64.8336944580078 -64.934814453125 -65.0334854125977 -65.2040863037109 -65.5524673461914 -65.8978729248047 -66.2402267456055 -66.0697860717773 -65.8854141235352 -65.6988143920898 -65.1963806152344 -64.5346298217773 -63.8734588623047 -63.2195434570312 -62.5766944885254 -61.9314422607422 -61.2825012207031 -60.5981941223145 -59.9166603088379 -59.2379531860352 -58.4700088500977 -57.6658782958984 -56.8610992431641 -56.0978469848633 -55.3951530456543 -54.6902389526367 -54.0568351745605 -54.1794586181641 -54.2991180419922 -54.4157600402832 -55.1315574645996 -56.0225791931152 -56.9125137329102 -57.6980094909668 -58.3589324951172 -59.0171737670898
-69.0235595703125 -68.8296813964844 -68.3437423706055 -67.8586578369141 -67.3744506835938 -66.8237152099609 -66.2663192749023 -65.7090072631836 -65.4846115112305 -65.4861679077148 -65.4852905273438 -65.5496597290039 -65.7867279052734 -66.0208129882812 -66.2518539428711 -66.0119323730469 -65.7520370483398 -65.4899063110352 -64.9811553955078 -64.3397827148438 -63.6989860534668 -63.0339813232422 -62.3178520202637 -61.5993232727051 -60.880443572998 -60.2814254760742 -59.6851806640625 -59.0917587280273 -58.3392639160156 -57.5177688598633 -56.6956253051758 -55.897102355957 -55.1355285644531 -54.3717422485352 -53.662712097168 -53.7103157043457 -53.7549514770508 -53.7965774536133 -54.461311340332 -55.3292541503906 -56.1961135864258 -56.946849822998 -57.5475311279297 -58.1455345153809
-69.5773010253906 -69.4629058837891 -69.0079498291016 -68.553840637207 -68.1006164550781 -67.5507202148438 -66.9897308349609 -66.4288177490234 -66.1380462646484 -66.0401000976562 -65.9397048950195 -65.8982086181641 -66.0240097045898 -66.146842956543 -66.2666168212891 -65.9562377929688 -65.620849609375 -65.2832336425781 -64.7653121948242 -64.1443099975586 -63.5238800048828 -62.850715637207 -62.0613441467285 -61.2695770263672 -60.4755783081055 -59.9618148803711 -59.450813293457 -58.9426383972168 -58.2091217041016 -57.3702621459961 -56.53076171875 -55.698486328125 -54.878059387207 -54.0554161071777 -53.2714080810547 -53.2440185546875 -53.2136726379395 -53.1803092956543 -53.7919769287109 -54.6368560791016 -55.4806518554688 -56.1981544494629 -56.7386245727539 -57.2764129638672
-70.1784439086914 -70.156623840332 -69.7411575317383 -69.3245697021484 -68.9068069458008 -68.3531341552734 -67.7777633666992 -67.197868347168 -66.822639465332 -66.5994110107422 -66.3685989379883 -66.1975936889648 -66.2239761352539 -66.2497100830078 -66.274787902832 -65.899284362793 -65.4947128295898 -65.0887069702148 -64.5574417114258 -63.9492797851562 -63.3408355712891 -62.674388885498 -61.8765678405762 -61.0826263427734 -60.2926483154297 -59.8595733642578 -59.4342384338379 -59.0110664367676 -58.2812995910645 -57.3949241638184 -56.5049819946289 -55.6101455688477 -54.7090721130371 -53.8039436340332 -52.9224433898926 -52.8695220947266 -52.8169593811035 -52.7647552490234 -53.3050575256348 -54.0779838562012 -54.8464393615723 -55.50146484375 -55.9880638122559 -56.4722938537598
-72.0802230834961 -72.0807647705078 -71.5962295532227 -71.1105804443359 -70.6237640380859 -69.8899459838867 -69.1162948608398 -68.338134765625 -67.7037734985352 -67.1811370849609 -66.6509246826172 -66.2427062988281 -66.2451553344727 -66.2469482421875 -66.2480850219727 -65.8322219848633 -65.3793487548828 -64.9250411987305 -64.3728866577148 -63.7568893432617 -63.1406135559082 -62.5064277648926 -61.8305587768555 -61.1585655212402 -60.4905319213867 -60.1152648925781 -59.7517013549805 -59.3902969360352 -58.6231727600098 -57.6338691711426 -56.6410026550293 -55.6408348083496 -54.6294059753418 -53.6139259338379 -52.6076431274414 -52.5659027099609 -52.5245094299316 -52.4834823608398 -52.935115814209 -53.5989074707031 -54.2582397460938 -54.8307685852051 -55.2641143798828 -55.6950912475586
-73.9811935424805 -74.0064239501953 -73.4528656005859 -72.8981857299805 -72.3423385620117 -71.4314956665039 -70.4596633911133 -69.4833145141602 -68.5924835205078 -67.7705841064453 -66.9411087036133 -66.2884674072266 -66.266975402832 -66.2448501586914 -66.222053527832 -65.7665328979492 -65.265380859375 -64.7628021240234 -64.1885604858398 -63.5647315979004 -62.9406242370605 -62.3346290588379 -61.7806587219238 -61.2305603027344 -60.6844139099121 -60.368896484375 -60.0670776367188 -59.7674140930176 -58.9686126708984 -57.8764266967773 -56.7806816101074 -55.6755065917969 -54.5537719726562 -53.4279861450195 -52.2980766296387 -52.2618522644043 -52.231632232666 -52.201774597168 -52.5694694519043 -53.1241836547852 -53.6744422912598 -54.162239074707 -54.5423583984375 -54.9201126098633
-75.8813705444336 -75.9336090087891 -75.3110504150391 -74.687370300293 -74.0625305175781 -72.9777755737305 -71.8078536987305 -70.6334228515625 -69.4887619018555 -68.3677291870117 -67.239143371582 -66.3348617553711 -66.2894592285156 -66.243408203125 -66.1967010498047 -65.7022247314453 -65.1528167724609 -64.6019897460938 -64.0044631958008 -63.3728103637695 -62.7408790588379 -62.159008026123 -61.7268753051758 -61.3032989501953 -60.8822784423828 -60.6279220581055 -60.3835906982422 -60.1376762390137 -59.3119888305664 -58.1241493225098 -56.9352760314941 -55.7389068603516 -54.5266036987305 -53.3139495849609 -52.1009330749512 -52.0493011474609 -52.0244064331055 -51.9977912902832 -52.2893028259277 -52.7450141906738 -53.1969184875488 -53.6034088134766 -53.9240646362305 -54.2409782409668
-77.3465957641602 -77.5382843017578 -77.0688858032227 -76.6053848266602 -76.1479339599609 -75.078254699707 -73.8906478881836 -72.7041778564453 -71.4247131347656 -70.0535049438477 -68.6760787963867 -67.5298309326172 -67.3358383178711 -67.1369171142578 -66.9329223632812 -66.3322448730469 -65.6740646362305 -65.012321472168 -64.362419128418 -63.7236099243164 -63.0843887329102 -62.5045471191406 -62.1157455444336 -61.7281379699707 -61.3417472839355 -61.0419387817383 -60.7482528686523 -60.4529838562012 -59.6050224304199 -58.3861122131348 -57.1661758422852 -55.9447441101074 -54.7215690612793 -53.4980430603027 -52.2741546630859 -52.1565322875977 -52.0864944458008 -52.0147399902344 -52.2200698852539 -52.5811424255371 -52.9384078979492 -53.2547950744629 -53.4872245788574 -53.7159194946289
-78.6255035400391 -79.0089950561523 -78.7836532592773 -78.5641860961914 -78.3507766723633 -77.3520889282227 -76.1886749267578 -75.0263824462891 -73.6300582885742 -71.9998397827148 -70.363410949707 -68.9546585083008 -68.5683517456055 -68.177116394043 -67.7808227539062 -67.0502853393555 -66.2647399902344 -65.4756317138672 -64.7583923339844 -64.1032638549805 -63.4477195739746 -62.8590240478516 -62.5048446655273 -62.15185546875 -61.8000831604004 -61.4575958251953 -61.1145706176758 -60.7699775695801 -59.8991241455078 -58.6491622924805 -57.3981704711914 -56.1509704589844 -54.9169273376465 -53.6825294494629 -52.4477767944336 -52.2654762268066 -52.1503143310547 -52.0334396362305 -52.1545600891113 -52.4210357666016 -52.683708190918 -52.9097747802734 -53.0540199279785 -53.1945304870605
-79.9006958007812 -80.4743347167969 -80.4929351806641 -80.5174026489258 -80.5479202270508 -79.6253433227539 -78.4861068725586 -77.3479919433594 -75.8419494628906 -73.9528427124023 -72.0575332641602 -70.3846130371094 -69.8060836791992 -69.2226333618164 -68.6341247558594 -67.7719573974609 -66.8591003417969 -65.9426956176758 -65.1548538208008 -64.4834060668945 -63.8115539550781 -63.2124176025391 -62.8928375244141 -62.5744552612305 -62.2572822570801 -61.8748893737793 -61.4825553894043 -61.0886497497559 -60.1942977905273 -58.9132957458496 -57.6312675476074 -56.3575820922852 -55.1126747131348 -53.8674163818359 -52.6217994689941 -52.3761291503906 -52.2158660888672 -52.0538940429688 -52.0927696228027 -52.2646903991699 -52.4328155517578 -52.5709075927734 -52.6368408203125 -52.7036552429199
