indici/fabbisogno08.asc
NCOLS 177 
NROWS 174 
XLLCORNER 1436301.375 
YLLCORNER 4916704.5 
CELLSIZE 1500 
NODATA_value -9999 
[rows 100 to 119 of 174, columns 88 to 131 of 177]
-5.76070327758789 -4.35444869995116 -2.38991394042968 -0.21069259643555 2.3394271850586 5.23791656494141 8.10393981933593 10.9765235900879 12.8979721069336 14.7368202209473 16.4908348083496 17.3072814941406 17.6680358886719 18.0774787902832 18.2004524230957 17.6272758483887 17.1654479980469 16.6568817138672 15.9355194091797 15.1660362243652 14.5325103759766 13.9289070129395 13.3210052490234 12.8182632446289 12.907543182373 13.6816940307617 14.077848815918 15.0166107177734 16.9506912231445 19.6879142761231 21.7443862915039 22.2378372192383 22.5116836547852 22.4319145202637 21.9195495605469 20.862483215332 20.4935157775879 20.256958770752 19.6549736022949 19.6657249450684 19.6058654785156 19.4524017333984 19.2210960388184 20.0498893737793
-2.1711441040039 -0.627294921874991 1.63627319335937 4.09173126220703 6.65626678466798 9.06775283813477 11.453450012207 13.8557624816895 15.3025344848633 16.7935470581055 18.1667762756348 18.6737518310547 18.7689476013184 18.935311126709 18.7996002197266 18.2944274902344 18.0072906494141 17.6284797668457 17.256005859375 16.9179183959961 16.7044242858887 16.7545036315918 16.9217910766602 17.1116477966309 17.943537902832 19.3824058532715 20.409366607666 21.6602012634277 23.525968170166 25.1315116882324 26.6893325805664 26.4227577209473 25.9792701721191 25.4565788269043 24.5067001342774 23.5040824890137 22.5218284606934 21.7596694946289 21.1038414001465 20.8557624816895 21.0981903076172 20.534610748291 20.0344985961914 20.8931610107422
1.72259216308593 3.43546371459961 5.93038635253906 8.61168823242188 11.1865417480469 13.2001792907715 15.1460540771484 16.9609169006348 17.9937805175781 19.0170249938965 20.0460899353027 20.1551322937012 19.9625411987305 19.7943428039551 19.5591552734375 19.1266937255859 18.935400390625 18.8290672302246 18.7397483825684 18.9041137695312 18.9543098449707 19.6451377868652 20.3761283874512 21.194246673584 22.6307540893555 24.5559684753418 26.2338035583496 27.8704109191895 29.1449226379395 30.2042892456055 31.2006385803223 30.3285415649414 29.2776718139648 28.0827171325684 26.927921295166 25.8376358032227 24.8660865783691 23.8460060119629 22.8382034301758 22.578581237793 22.5555473327637 22.392431640625 22.0688018798828 21.726685333252
5.63444137573242 7.77939300537109 10.3288391113281 13.1246383666992 15.6992149353027 17.0832641601562 18.5890373229981 19.9878540039062 20.5569297790527 21.119002532959 21.7379089355469 21.6083831787109 21.1183723449707 20.7223381042481 20.3381988525391 20.1228721618652 20.0217826843262 20.1050727844238 20.4005256652832 20.8697364807129 21.3545211791992 22.4065628051758 23.6584930419922 24.8612045288086 26.551148223877 28.7413368225098 30.6618591308594 32.2757064819336 32.9948554992676 33.5556167602539 34.103931427002 32.9204750061035 31.584211730957 30.1172348022461 28.9404052734375 27.756812286377 26.811474609375 26.0837509155273 25.6831970214844 25.1845077514648 24.3801361083984 24.1922454833984 23.7612518310547 22.98134765625
10.8238021850586 12.4029571533203 14.6143043518066 16.8887954711914 18.4366607666016 19.3901138305664 20.4403450012207 21.4962852478027 21.8099075317383 22.2161270141602 22.482731628418 22.3761375427246 22.0273216247559 21.7404830932617 21.5623802185059 21.3766464233398 21.4779083251953 21.6195999145508 22.2868103027344 23.06826171875 23.7328338623047 25.0093574523926 26.3657135009766 27.6617446899414 29.2479125976563 31.104460144043 32.7428588867188 34.0992744445801 34.5735687255859 34.847785949707 35.0580978393555 34.041886138916 32.7800720214844 31.4646583557129 30.3788948059082 29.395760345459 28.5814102172852 27.990552520752 27.7091979980469 27.3606216430664 26.65703125 25.490625 25.3621597290039 25.2151542663574
16.1857284545898 17.217472076416 18.5872039794922 20.1280517578125 21.5306137084961 22.1162338256836 22.5563224792481 23.1612518310547 23.2143737792969 23.3495796203613 23.5511772155762 23.4958518981934 23.2074851989746 23.084105682373 22.991828918457 22.9573692321777 23.0061798095703 23.5240646362305 24.2736228942871 25.1919548034668 26.171964263916 27.4917755126953 29.015047454834 30.4066619873047 31.9079849243164 33.4514221191406 34.7498924255371 35.8891555786133 36.0383117675781 36.0111145019531 35.9788871765137 35.043962097168 33.9330055236816 32.7689094543457 31.7982849121094 30.9212554931641 30.1852272033691 29.6426818847656 29.2842803955078 29.0242118835449 28.7393798828125 28.1798286437988 27.5499557495117 26.9119277954102
21.6616943359375 22.3332000732422 22.8925071716309 23.5819488525391 24.2603469848633 24.6834419250488 25.0517242431641 25.1444396972656 24.8901916503906 24.8725776672363 24.8537803649902 24.7990409851074 24.5960021972656 24.6219772338867 24.5920837402344 24.7410636901856 24.9066314697266 25.3348663330078 26.3933715820312 27.4374618530273 28.5838638305664 30.0070472717285 31.5734283447266 33.0590339660645 34.4137504577637 35.637882232666 36.6879814147949 37.5370971679688 37.3942543029785 37.1506355285645 36.8289375305176 35.9399078369141 34.9246032714844 33.959595489502 32.9637802124023 32.1742164611816 31.4764450073242 30.9333427429199 30.6908042907715 30.5622703552246 30.2149810791016 29.7190246582031 29.1200263977051 28.6161804199219
24.5837516784668 24.8955253601074 25.1081420898438 25.4425529479981 25.7828346252441 25.8317855834961 25.8886543273926 25.929768371582 25.8381408691406 25.8336227416992 25.8710899353027 25.7191650390625 25.6278259277344 25.6579399108887 25.8096069335938 25.9004356384277 26.1963729858398 26.6997253417969 27.8227226257324 28.9014305114746 29.9665557861328 31.3145355224609 32.6621803283691 34.0233634948731 35.1007057189941 36.0785095214844 36.9509490966797 37.6441627502441 37.5419830322266 37.280729675293 36.9830993652344 36.2528007507324 35.3406600952148 34.5442886352539 33.7132835388184 33.0101470947266 32.440731048584 31.8540908813477 31.6075004577637 31.3582992553711 31.0340019226074 30.762769317627 30.4900344848633 30.1587287902832
26.4490005493164 26.5590286254883 26.6274108886719 26.778727722168 26.8552314758301 26.7668411254883 26.7824249267578 26.6599853515625 26.941389465332 26.841056060791 26.7869071960449 26.6949974060059 26.5596382141113 26.650057220459 26.8204734802246 27.111540222168 27.5609970092773 27.9871673583984 29.2004844665527 30.2954170227051 31.4109901428223 32.5132026672363 33.8169235229492 34.8539497375488 35.8038558959961 36.5298469543457 37.1440315246582 37.7602333068848 37.6542343139648 37.38671875 37.1392890930176 36.587239074707 35.9022811889648 35.1725288391113 34.5128211975098 33.8445274353027 33.3045600891113 32.8020576477051 32.4771125793457 32.1199569702148 31.8337013244629 31.6422508239746 31.6130722045898 31.5810882568359
28.0170692443848 27.9277122497559 27.8547904968262 27.8245994567871 27.7877044677734 27.5552101135254 27.5064422607422 27.3418807983398 27.3242721557617 27.2918983459473 27.3783912658691 27.5483657836914 27.5978721618652 27.737239074707 27.9011428833008 28.3174430847168 28.8040260314941 29.4067596435547 30.5806709289551 31.6383712768555 32.7601295471191 33.7824119567871 34.8581359863281 35.8379325866699 36.503572845459 36.9941139221191 37.4392379760742 37.8344734191895 37.7052062988281 37.6458221435547 37.3935905456543 36.9198059082031 36.3992790222168 35.8112777709961 35.2338653564453 34.6067924499512 34.1255409240723 33.6453964233398 33.2388748168945 32.9129440307617 32.5471527099609 32.5470291137695 32.7926544189453 32.905460357666
29.101985168457 28.942253112793 28.786344909668 28.6561141967774 28.5576942443848 28.3735862731934 28.2663299560547 28.0763038635254 28.0443733215332 28.0731246948242 28.1428588867188 28.280744934082 28.4241973876953 28.8870208740234 29.0944190979004 29.6660278320312 30.001725769043 30.5849418640137 31.7696350097656 32.6513854980469 33.6532135009766 34.5440437316895 35.3359046936035 36.3611000061035 36.8499641418457 37.236531829834 37.5247421264648 37.9286399841309 37.8367248535156 37.7627578735352 37.5692138671875 37.2148025512695 36.7488929748535 36.2777656555176 35.7351951599121 35.2012535095215 34.75458984375 34.3446784973145 33.9550857543945 33.5883407592773 33.2622833251953 33.4166687011719 33.8508651733398 34.0211395263672
29.4304565429688 29.3527137756348 29.3093994140625 29.2188339233398 29.2510604858398 29.1293128967285 28.997021484375 28.9090538024902 28.8503303527832 28.9069396972656 28.9650161743164 29.0981475830078 29.3482971191406 29.6578491210937 30.1836067199707 30.7899391174316 31.2733711242676 31.9018943786621 32.5325332641602 33.495435333252 34.1786369323731 34.8931777954102 35.6849723815918 36.4888664245606 37.1314453125 37.3631019592285 37.6387733459473 37.9431755065918 37.9444717407227 37.8380699157715 37.7326553344727 37.4740608215332 37.1163665771484 36.7562927246094 36.2771018981934 35.7675941467285 35.2819328308105 34.856029510498 34.5384239196777 34.2401268005371 33.9152442932129 34.2346061706543 34.8672645568848 35.1599029541016
29.6859680175781 29.6160377502441 29.6173583984375 29.6117912292481 29.6589653015137 29.5224067687988 29.4572326660156 29.3742721557617 29.3943969726563 29.4480453491211 29.5640365600586 29.7849624633789 30.0419914245605 30.365739440918 30.8100448608399 31.4269325256348 32.081086730957 32.6337966918945 33.3786430358887 34.0932052612305 34.5922843933105 35.2539726257324 36.0394309997559 36.8296806335449 37.3438011169434 37.5498802185059 37.7863006591797 38.100838470459 38.1572525024414 38.0276000976562 37.9145347595215 37.7247200012207 37.5102912902832 37.168709564209 36.8110870361328 36.3567291259766 35.8701774597168 35.4855278015137 35.1570785522461 34.8817054748535 34.5797264099121 34.9621238708496 35.6112152099609 36.2699455261231
29.9258659362793 29.8637901306152 29.8969169616699 29.9653045654297 30.0420387268066 29.9680198669434 29.8683639526367 29.8207458496094 29.9197814941406 29.9454627990723 30.055793762207 30.3171394348145 30.7002464294434 31.117552947998 31.5443237304687 32.1909973144531 32.7990036010742 33.4137260437012 34.007649230957 34.5650650024414 35.0530242919922 35.7165809631348 36.2353103637695 37.0286628723145 37.4050086975098 37.6461982727051 37.9020195007324 38.1638244628906 38.1732131958008 38.1233573913574 38.0518653869629 37.9362854003906 37.7528060913086 37.5431617736816 37.208219909668 36.8056976318359 36.4147003173828 36.0815956115723 35.7798210144043 35.655696105957 35.4648750305176 35.9680114746094 36.65751953125 37.3203704833984
30.3963653564453 30.2596214294434 30.2931510925293 30.428311920166 30.4112197875977 30.3353454589844 30.242008972168 30.2101219177246 30.2720642089844 30.3964050292969 30.5669700622559 30.9403717041016 31.4605812072754 31.9579109191895 32.466968536377 33.0246330261231 33.5745819091797 34.1074714660645 34.5363082885742 34.8241622924805 35.1993438720703 35.6741073608398 36.2790061950684 36.8314010620117 37.177458190918 37.5067138671875 37.7787841796875 38.0596664428711 38.1877586364746 38.2652435302734 38.2236373901367 38.1444572448731 37.9803939819336 37.7340896606445 37.464737701416 37.1887191772461 36.8365280151367 36.5630668640137 36.5453895568848 36.4327323913574 36.407022857666 36.9478378295898 37.6198547363281 38.4354393005371
30.726350402832 30.6334320068359 30.6651329040527 30.7340293884277 30.8029388427734 30.7338302612305 30.6045890808106 30.5469253540039 30.6662925720215 30.8572746276856 31.0417541503906 31.4838134765625 32.0853614807129 32.6922828674316 33.3329895019531 33.8123611450195 34.2931968688965 34.7757255554199 34.9986846923828 35.2385444641113 35.449373626709 35.7947105407715 36.210587310791 36.7105606079102 37.1867164611816 37.3962150573731 37.7703964233398 38.0060356140137 38.2096000671387 38.3637451171875 38.4002647399902 38.3716354370117 38.2361999511719 37.9889457702637 37.7287567138672 37.5018241882324 37.3079299926758 37.1118606567383 37.2345039367676 37.316771697998 37.4357833862305 37.9778800964356 38.7473518371582 39.5765731811523
31.1028411865234 31.0790466308594 31.0573280334473 31.1044532775879 31.1505065917969 31.0477508544922 30.9223114013672 30.8579246520996 30.9811058044434 31.1574096679688 31.4294075012207 31.9520965576172 32.707347869873 33.4335113525391 34.1230606079102 34.5683128356934 35.0165817260742 35.378751373291 35.5144905090332 35.6860328674316 35.7790275573731 35.9893951416016 36.2938354492187 36.6151931762695 37.1133407592773 37.4490119934082 37.739527130127 38.0689506530762 38.3190643310547 38.5662109375 38.7476806640625 38.7255172729492 38.6238784790039 38.2544380187988 38.0074478149414 37.8526611328125 37.7580589294434 37.6596260070801 37.8844337463379 38.135368347168 38.4998817443848 39.0535705566406 39.7266082763672 40.5561508178711
31.9440086364746 31.8568069458008 31.923006439209 31.8179138183594 31.8627563476563 31.5837715148926 31.3955589294434 31.2552848815918 31.3933799743652 31.670775604248 31.9832138061523 32.5323745727539 33.2915130615234 34.169214630127 34.9442428588867 35.3725936889648 35.7717964172363 36.1594131469727 36.2992752075195 36.3648933410645 36.3947135925293 36.5001457214355 36.6955520629883 36.9346961975098 37.2526153564453 37.6596183776855 37.9793296813965 38.2832084655762 38.6102310180664 38.8472297668457 39.007389831543 39.1896415710449 39.0586555480957 38.7614540100098 38.5217140197754 38.4215156555176 38.3752326965332 38.3219123840332 38.6519676208496 38.9715522766113 39.4470893859863 40.0405113220215 40.6771331787109 41.3038757324219
32.7855766296387 32.7434692382812 32.7876365661621 32.8027000427246 32.789136505127 32.4153472900391 32.1776443481445 31.562638092041 31.509504699707 32.0952537536621 32.544002532959 33.177880859375 34.1053565979004 34.968318939209 35.7530296325684 36.1868293762207 36.5977172851562 36.9136207580566 37.050048828125 37.0227569580078 37.0284973144531 37.0693382263184 37.0893447875977 37.1701889038086 37.3044281005859 37.7802703857422 38.1835899353027 38.6069496154785 38.8303810119629 39.0959747314453 39.3032821655273 39.4322677612305 39.4676887512207 39.2844711303711 39.0498680114746 39.0326904296875 39.0023727416992 39.0399711608887 39.4274070739746 39.8626708984375 40.4165588378906 41.0240020751953 41.6735420227051 42.3223129272461
33.7560356140137 33.6178092956543 33.6338172912598 33.6840194702148 33.5502899169922 33.1601699829102 32.8581298828125 32.3375602722168 32.2359245300293 32.8014877319336 33.145255279541 33.8167846679687 34.7390914916992 35.6976440429687 36.5831634521484 36.9972763061523 37.3917419433594 37.7459281921387 37.7559066772461 37.7208335876465 37.6299415588379 37.5569709777832 37.5038093566895 37.4471870422363 37.5507507324219 37.9120597839355 38.2874855041504 38.641569519043 38.9119155883789 39.1454765319824 39.4201072692871 39.6035095214844 39.7365776062012 39.6084098815918 39.540739440918 39.6348258972168 39.7153877258301 39.8481163024902 40.3095359802246 40.8614410400391 41.4943702697754 42.1199043273926 42.7157333374023 43.3110733032227
