indici/fabbisogno02.asc
NCOLS 177 
NROWS 174 
XLLCORNER 1436301.375 
YLLCORNER 4916704.5 
CELLSIZE 1500 
NODATA_value -9999 
[rows 23 to 45 of 174, columns 53 to 105 of 177]
-9999 -9999 -44.3656349182129 -46.4714012145996 -48.6896476745605 -50.8865623474121 -52.6232719421387 -53.3108787536621 -52.3306503295898 -49.6365737915039 -45.5866394042969 -40.3862190246582 -34.8123779296875 -29.8542022705078 -9999 -9999 -9999 -9999 -9999 -9999 -9999 -9999 -9999 -9999 -9999 -9999 -9999 -9999 -9999 -9999 -9999 -9999 -9999 -9999 -9999 -9999 -9999 -9999 -9999 -9999 -9999 -9999 -9999 -9999 -17.4233283996582 -18.2526798248291 -19.8166580200195 -22.0952758789062 -25.2114772796631 -28.6818561553955 -32.4561080932617 -36.6410140991211 -41.1509590148926
-9999 -9999 -9999 -50.6111259460449 -53.2981452941895 -55.8018989562988 -57.7318649291992 -58.4257888793945 -57.5492248535156 -54.8402137756348 -50.6909141540527 -45.4087600708008 -39.7781944274902 -34.3151245117188 -9999 -9999 -9999 -9999 -9999 -9999 -9999 -9999 -9999 -9999 -9999 -9999 -9999 -9999 -9999 -9999 -9999 -9999 -9999 -9999 -9999 -9999 -9999 -9999 -9999 -9999 -9999 -9999 -9999 -9999 -9999 -9999 -9999 -9999 -9999 -27.9531688690186 -31.4058456420898 -35.152229309082 -39.5442924499512
-9999 -9999 -9999 -9999 -57.1879043579102 -59.9783935546875 -62.0815925598145 -63.0612487792969 -62.226921081543 -59.5876388549805 -55.4976844787598 -50.432861328125 -44.4242630004883 -38.7835311889648 -9999 -9999 -9999 -9999 -9999 -9999 -9999 -9999 -9999 -9999 -9999 -9999 -9999 -9999 -9999 -9999 -9999 -9999 -9999 -9999 -9999 -9999 -9999 -9999 -9999 -9999 -9999 -9999 -9999 -9999 -9999 -9999 -9999 -9999 -9999 -27.4332656860352 -30.6983318328857 -34.4291648864746 -38.3483085632324
-9999 -9999 -9999 -9999 -59.8514022827148 -63.2152290344238 -65.6237564086914 -66.6907577514648 -65.9483032226562 -63.0975341796875 -59.5041809082031 -54.7702407836914 -49.2925300598145 -43.7499694824219 -9999 -9999 -9999 -9999 -9999 -9999 -9999 -9999 -9999 -9999 -9999 -9999 -9999 -9999 -9999 -9999 -9999 -9999 -9999 -9999 -9999 -9999 -9999 -9999 -9999 -9999 -9999 -9999 -9999 -9999 -9999 -9999 -9999 -23.2369899749756 -24.958869934082 -27.2578792572021 -30.2816524505615 -33.3764533996582 -37.0322914123535
-9999 -9999 -9999 -9999 -61.2491912841797 -64.8930435180664 -67.520866394043 -68.7270660400391 -68.1822891235352 -66.1676940917969 -63.1774215698242 -58.8906059265137 -53.9205360412598 -48.4191703796387 -43.4828987121582 -9999 -9999 -9999 -9999 -9999 -9999 -9999 -9999 -9999 -9999 -9999 -9999 -9999 -9999 -9999 -9999 -9999 -9999 -9999 -41.6240501403809 -40.6844749450684 -39.0907402038574 -37.012149810791 -34.6724319458008 -32.1930274963379 -9999 -9999 -9999 -9999 -9999 -9999 -9999 -23.9480819702148 -25.3523063659668 -27.3477573394775 -30.0282859802246 -33.1772003173828 -36.7245445251465
-9999 -9999 -9999 -9999 -60.7889289855957 -65.1793823242188 -68.3445816040039 -69.8683166503906 -69.7116088867188 -68.2704086303711 -65.9043579101562 -61.8169708251953 -57.3757553100586 -52.2811126708984 -47.4432563781738 -43.4147605895996 -9999 -9999 -9999 -9999 -9999 -9999 -9999 -9999 -9999 -9999 -9999 -9999 -9999 -9999 -9999 -9999 -46.1930389404297 -47.2655906677246 -47.4005355834961 -46.4601554870605 -44.6309661865234 -42.144474029541 -39.312629699707 -36.2286720275879 -33.3185997009277 -9999 -9999 -9999 -9999 -9999 -24.373514175415 -24.9854335784912 -26.3432712554932 -28.2430667877197 -30.8060817718506 -33.753288269043 -37.2378578186035
-9999 -9999 -9999 -9999 -9999 -63.1212615966797 -67.0500259399414 -68.9086074829102 -69.3395309448242 -68.5724105834961 -66.9902648925781 -63.7222633361816 -59.6371192932129 -55.6720733642578 -51.6534156799316 -47.9430198669434 -44.6524848937988 -9999 -9999 -9999 -9999 -9999 -9999 -9999 -9999 -9999 -9999 -37.6977920532227 -40.1084213256836 -42.9202003479004 -46.3041191101074 -49.5768623352051 -52.0792007446289 -53.6634902954102 -54.016040802002 -53.0517120361328 -50.805233001709 -47.7672080993652 -44.2827110290527 -40.5497741699219 -36.9239616394043 -9999 -9999 -9999 -9999 -9999 -25.5449562072754 -26.2487201690674 -27.7329616546631 -29.8118267059326 -32.5646858215332 -35.5968742370605 -38.580078125
-9999 -9999 -9999 -9999 -9999 -60.7989921569824 -64.1340560913086 -66.4035034179688 -67.4609603881836 -67.2814483642578 -66.5133666992188 -64.4662780761719 -61.5044708251953 -57.9656944274902 -54.9082260131836 -51.4468955993652 -48.3467712402344 -9999 -9999 -9999 -9999 -9999 -9999 -9999 -9999 -9999 -38.6717147827148 -40.3822326660156 -43.4132080078125 -47.1174964904785 -51.2640151977539 -55.1135025024414 -58.3911285400391 -60.4843521118164 -61.039176940918 -59.9237365722656 -57.2795524597168 -53.6419486999512 -49.350269317627 -44.85302734375 -40.4185218811035 -9999 -9999 -9999 -9999 -9999 -26.8764457702637 -27.7779636383057 -29.453145980835 -31.7721176147461 -34.7069091796875 -37.648078918457 -40.5314483642578
-9999 -9999 -9999 -9999 -53.9307403564453 -58.2793960571289 -61.923656463623 -64.495361328125 -65.9320449829102 -66.2278518676758 -66.0549850463867 -64.6523818969727 -62.1718063354492 -59.4909934997559 -56.8427352905273 -53.8337745666504 -51.1715278625488 -48.3524703979492 -9999 -9999 -9999 -9999 -9999 -9999 -9999 -9999 -40.6413078308105 -42.8557472229004 -46.4577407836914 -51.2500076293945 -55.9045829772949 -60.5628318786621 -64.410400390625 -66.9910278320312 -67.7096862792969 -66.4592590332031 -63.4313812255859 -59.1304550170898 -54.0881652832031 -48.7872200012207 -43.5677223205566 -38.4936828613281 -9999 -9999 -9999 -9999 -9999 -29.4703884124756 -31.3928546905518 -33.9531211853027 -36.8855094909668 -40.0040473937988 -42.7311210632324
-9999 -9999 -9999 -9999 -51.387264251709 -55.8242835998535 -59.7146759033203 -62.6568031311035 -64.289436340332 -64.9813079833984 -65.1996536254883 -64.0615158081055 -62.1077880859375 -59.9982109069824 -57.6211547851562 -55.1469459533691 -52.7133750915527 -50.6614532470703 -48.6515769958496 -46.7406616210938 -9999 -9999 -9999 -9999 -9999 -9999 -42.4929809570312 -45.1285972595215 -49.3946418762207 -54.6745719909668 -60.0991592407227 -65.223258972168 -69.7465667724609 -72.6250381469727 -73.4976425170898 -72.236213684082 -68.8108978271484 -63.8505897521973 -58.0532836914062 -51.9915618896484 -46.2398529052734 -40.5646476745605 -9999 -9999 -9999 -9999 -9999 -31.1966285705566 -33.4381294250488 -36.2919769287109 -39.3410873413086 -42.3425827026367 -45.1946067810059
-9999 -9999 -9999 -45.4201850891113 -49.8190689086914 -54.0777397155762 -57.9999771118164 -61.0234642028809 -62.9002113342285 -63.5769195556641 -63.5459136962891 -62.9360198974609 -61.6726150512695 -59.7699890136719 -57.870433807373 -55.6758918762207 -53.782772064209 -52.045783996582 -50.7358016967773 -49.2397842407227 -47.821834564209 -46.5023880004883 -45.1106872558594 -43.7569694519043 -42.6273574829102 -43.167350769043 -44.2300834655762 -46.9430351257324 -51.7996368408203 -57.7074775695801 -63.5034599304199 -68.9928970336914 -73.8637924194336 -77.0392532348633 -77.9824752807617 -76.4636611938477 -72.7288131713867 -67.316032409668 -60.8846321105957 -54.3303337097168 -48.1349449157715 -42.0383338928223 -9999 -9999 -9999 -9999 -9999 -9999 -35.6672286987305 -38.7195510864258 -41.8827857971191 -44.8630905151367 -47.4635734558105
-9999 -9999 -9999 -44.9778671264648 -49.5407676696777 -53.7346992492676 -57.4413375854492 -60.2594757080078 -61.9541816711426 -62.3681755065918 -62.1319122314453 -61.8368263244629 -60.7450561523438 -59.3114051818848 -57.6005325317383 -55.9864082336426 -54.2702407836914 -53.1208648681641 -52.0964012145996 -51.2304267883301 -50.0475463867188 -48.5806312561035 -46.9581489562988 -45.2997436523438 -44.5588035583496 -44.5784645080566 -45.8888816833496 -48.6831893920898 -53.9164123535156 -60.1164741516113 -66.014518737793 -71.7230072021484 -76.6812973022461 -79.7933120727539 -80.7126388549805 -78.962646484375 -74.9478149414062 -69.1398391723633 -62.5179176330566 -55.7037811279297 -49.2807540893555 -42.870044708252 -37.9287567138672 -34.4560394287109 -9999 -9999 -9999 -9999 -9999 -41.1882400512695 -44.3931159973145 -47.5787353515625 -50.072452545166
-9999 -9999 -41.2307052612305 -45.8616600036621 -50.5151443481445 -54.8610191345215 -58.3841705322266 -60.7385597229004 -62.0959091186523 -62.1897163391113 -61.4698753356934 -60.6362571716309 -60.189697265625 -58.8499145507812 -57.3675651550293 -56.0966758728027 -54.8793067932129 -54.0749816894531 -53.2522392272949 -52.4034233093262 -51.3474731445312 -49.821475982666 -48.1077117919922 -46.8231353759766 -46.1317863464355 -46.2455940246582 -47.2863731384277 -49.9843482971191 -55.3459587097168 -61.817512512207 -67.9702758789062 -73.5799713134766 -78.2758407592773 -81.1096496582031 -81.6470260620117 -79.7279968261719 -75.5310363769531 -69.674446105957 -63.0209808349609 -56.1708946228027 -49.7777214050293 -43.450080871582 -38.660831451416 -35.6497383117676 -34.1573333740234 -9999 -9999 -9999 -9999 -9999 -47.0505523681641 -50.1510887145996 -52.6175117492676
-9999 -9999 -43.2106246948242 -47.9208946228027 -52.5584030151367 -56.6609420776367 -59.9772148132324 -62.0526351928711 -62.972827911377 -63.1476936340332 -62.4109344482422 -60.8985824584961 -59.599479675293 -58.5873565673828 -57.5506439208984 -56.4935073852539 -55.7288131713867 -54.9937858581543 -54.3209838867188 -53.3929710388184 -52.0680236816406 -50.9118309020996 -49.5555458068848 -48.0328025817871 -47.1746711730957 -47.5751686096191 -49.0401763916016 -51.4063873291016 -56.0605239868164 -62.9742050170898 -69.1135711669922 -74.3845977783203 -78.4428863525391 -81.0278015136719 -81.2174453735352 -79.1033935546875 -74.8302993774414 -69.1374588012695 -62.6327857971191 -56.0781326293945 -49.661060333252 -43.8993797302246 -39.5477409362793 -36.7508544921875 -35.7814521789551 -9999 -9999 -9999 -9999 -45.983325958252 -49.4615516662598 -52.4898376464844 -54.973030090332
-9999 -9999 -46.1511268615723 -50.9886283874512 -55.66064453125 -59.5827713012695 -62.4779739379883 -64.1525192260742 -64.7914505004883 -64.4331817626953 -63.5113563537598 -62.2273559570312 -60.5177917480469 -58.8601951599121 -57.6630706787109 -56.6156921386719 -55.8899726867676 -55.2773017883301 -54.6930274963379 -54.1206092834473 -53.4327735900879 -52.3354377746582 -51.110408782959 -49.7347450256348 -48.9337539672852 -48.7964363098145 -50.6239013671875 -53.0369148254395 -56.673282623291 -63.1178398132324 -69.0844039916992 -74.3195419311523 -77.8686599731445 -79.8019485473633 -79.816291809082 -77.500617980957 -73.3152618408203 -67.7933883666992 -61.6354179382324 -55.3695793151855 -49.0680770874023 -44.2177047729492 -40.4109992980957 -38.0814552307129 -37.8170394897461 -9999 -9999 -9999 -46.5330963134766 -49.4134063720703 -52.4095878601074 -55.4496917724609 -57.8101615905762
-9999 -44.9789581298828 -49.8681945800781 -55.0114974975586 -59.6638298034668 -63.4060249328613 -65.9798126220703 -67.2649154663086 -67.3257598876953 -66.5696029663086 -65.3371887207031 -63.8963241577148 -61.9650268554688 -60.5220603942871 -59.0837554931641 -58.2798728942871 -57.3954620361328 -56.6298408508301 -55.8929748535156 -55.3804702758789 -54.7905921936035 -53.9632949829102 -52.707633972168 -51.465747833252 -50.2802391052246 -50.2953109741211 -51.9830131530762 -54.3862495422363 -57.6790924072266 -62.9740676879883 -68.7072219848633 -73.2671737670898 -76.4109878540039 -77.7825317382812 -77.3453826904297 -75.1638488769531 -71.2442855834961 -66.0311889648438 -60.2150497436523 -53.9205017089844 -48.621940612793 -44.4170989990234 -41.4346389770508 -40.0546760559082 -40.6678085327148 -42.3182983398438 -45.0954475402832 -47.7775497436523 -50.5892791748047 -53.2193717956543 -55.8228378295898 -58.7029418945312 -61.0353050231934
-44.1918869018555 -49.1286430358887 -54.263111114502 -59.4522018432617 -64.0057067871094 -67.6549224853516 -69.831184387207 -70.6084518432617 -70.1344604492188 -68.9366455078125 -67.4339599609375 -65.937744140625 -64.368766784668 -62.4270477294922 -60.8919906616211 -60.347412109375 -59.3981323242188 -58.513355255127 -57.6696281433105 -57.036491394043 -56.3720359802246 -55.3354797363281 -54.3494567871094 -53.1715812683105 -52.0636711120605 -51.7621574401855 -53.2051239013672 -55.7242050170898 -58.7040710449219 -63.0899353027344 -67.5670471191406 -71.386833190918 -74.2483749389648 -75.8716583251953 -75.2786331176758 -72.8546142578125 -68.7334976196289 -63.4260101318359 -58.2201843261719 -53.2019500732422 -48.2798881530762 -45.2326583862305 -43.4122314453125 -43.0166397094727 -44.3077774047852 -46.4355621337891 -48.9723854064941 -51.6361885070801 -54.2866477966309 -56.823974609375 -59.1120185852051 -61.7048835754395 -63.9845924377441
-48.4682235717773 -53.4822845458984 -58.6869926452637 -63.8874626159668 -68.2692108154297 -71.5309677124023 -73.2825393676758 -73.5122528076172 -72.5543365478516 -70.9977874755859 -69.2927017211914 -67.5969924926758 -66.1210556030273 -64.2566833496094 -62.910758972168 -62.0479545593262 -61.000560760498 -60.1293449401855 -59.3227310180664 -58.5306510925293 -57.9307746887207 -57.0782127380371 -56.0448341369629 -54.9658393859863 -53.980167388916 -53.4978370666504 -54.3699417114258 -57.0711517333984 -60.0174827575684 -63.6574592590332 -67.3325119018555 -70.5372924804688 -72.9640045166016 -73.8672256469727 -72.9067840576172 -70.3001556396484 -66.6961441040039 -62.2811012268066 -57.5418663024902 -52.6360626220703 -48.7708053588867 -46.5711402893066 -45.9084243774414 -46.3788566589355 -48.2611083984375 -50.426643371582 -53.0616645812988 -55.7931289672852 -58.3750267028809 -60.5585060119629 -62.6110191345215 -64.438850402832 -66.4797439575195
-52.8483505249023 -57.8173751831055 -63.0393562316895 -67.7794189453125 -71.8135375976562 -74.5556488037109 -75.874755859375 -75.7564697265625 -74.4337005615234 -72.5790634155273 -70.6953887939453 -68.9731140136719 -67.5725021362305 -65.9771575927734 -64.3417587280273 -63.1615180969238 -62.1472854614258 -61.3350410461426 -60.7258949279785 -59.9952850341797 -59.2163314819336 -58.4465866088867 -57.4657402038574 -56.6782073974609 -55.9478187561035 -55.5355834960938 -55.9968605041504 -57.8624649047852 -61.1024971008301 -64.4750518798828 -67.6867065429688 -70.4021377563477 -72.3890075683594 -72.8278198242188 -71.7500839233398 -69.1775131225586 -65.5364379882812 -61.2642059326172 -56.6953811645508 -52.7215156555176 -49.8721313476562 -48.2557525634766 -48.5880393981934 -49.8646011352539 -52.0377349853516 -54.4427375793457 -57.4666442871094 -60.2695121765137 -62.7363433837891 -64.6598815917969 -66.2659072875977 -67.7825469970703 -69.0461349487305
-57.1623992919922 -61.8820381164551 -66.6574783325195 -71.1210250854492 -74.9335861206055 -77.6039962768555 -78.6519927978516 -77.9574356079102 -76.5131149291992 -74.3911743164062 -71.9312591552734 -70.0494232177734 -68.6666641235352 -67.0895004272461 -65.5284576416016 -64.0938110351562 -63.0000152587891 -62.4064025878906 -61.4482460021973 -60.6785697937012 -59.9375305175781 -59.2826461791992 -58.5672416687012 -58.0109062194824 -57.4867401123047 -57.3879470825195 -57.9938583374023 -59.0733528137207 -62.0294189453125 -65.4826889038086 -68.4357147216797 -70.753059387207 -72.3852920532227 -72.6784286499023 -71.2309188842773 -68.6052932739258 -65.0862808227539 -61.1846694946289 -57.0692596435547 -53.7411651611328 -51.7773170471191 -50.9955596923828 -52.0324516296387 -53.9211769104004 -56.1659889221191 -58.6620750427246 -61.6238822937012 -64.5671691894531 -66.9480972290039 -68.6263122558594 -69.7818832397461 -70.9249267578125 -71.7257766723633
-61.4225425720215 -65.7758407592773 -70.0272750854492 -74.1852340698242 -77.3296813964844 -79.0038146972656 -79.4544677734375 -78.7621459960938 -77.2267074584961 -75.1535491943359 -73.0392074584961 -71.2786102294922 -69.1717987060547 -67.6757583618164 -65.9260101318359 -64.6018981933594 -63.7870864868164 -62.7745780944824 -61.8239898681641 -60.916389465332 -60.281135559082 -59.7187347412109 -59.2970275878906 -59.0495109558105 -58.7348861694336 -58.8312568664551 -59.4529266357422 -60.7934722900391 -63.6569328308105 -66.5599212646484 -69.3614501953125 -71.5351791381836 -72.9017486572266 -72.9371643066406 -71.2451324462891 -68.5614242553711 -65.5011444091797 -61.6523513793945 -58.191967010498 -55.6989593505859 -54.359245300293 -54.2718544006348 -54.9892921447754 -58.0878753662109 -60.7784156799316 -63.3559341430664 -66.1442565917969 -68.5957870483398 -70.474250793457 -71.9817581176758 -72.9739837646484 -73.6486511230469 -74.1264190673828
-65.3130569458008 -69.0134658813477 -73.0415115356445 -76.4558563232422 -78.5371627807617 -79.7124176025391 -79.6595153808594 -78.7002258300781 -77.1504135131836 -75.1841049194336 -73.3141937255859 -71.586540222168 -69.6767959594727 -68.1272048950195 -66.3918991088867 -65.2624282836914 -64.0893325805664 -63.0198135375977 -61.9329986572266 -61.0908470153809 -60.4054069519043 -59.9286346435547 -59.7315330505371 -59.5778656005859 -59.7538070678711 -59.9058723449707 -61.0142288208008 -63.0118293762207 -65.6757354736328 -68.5095520019531 -71.0888900756836 -72.865119934082 -73.8849868774414 -73.5825271606445 -72.1155166625977 -69.7792053222656 -66.7099685668945 -63.2064170837402 -60.3999328613281 -58.6985702514648 -57.9566612243652 -57.9650115966797 -59.1168594360352 -62.4235992431641 -65.2638702392578 -68.0557098388672 -70.2998504638672 -72.2450637817383 -73.5172576904297 -74.3662567138672 -75.1291427612305 -75.4596328735352 -75.8348770141602
-67.9410858154297 -71.5818481445312 -75.449348449707 -77.6337585449219 -79.0835189819336 -79.8421249389648 -79.660514831543 -78.56884765625 -76.85205078125 -75.0873641967773 -73.3195724487305 -71.5865936279297 -70.0894546508789 -68.7579803466797 -67.2026443481445 -65.8716430664062 -64.7143783569336 -63.5515251159668 -62.3030891418457 -61.3422241210938 -60.7198677062988 -60.4085311889648 -60.3560028076172 -60.5872116088867 -60.9728202819824 -61.7299156188965 -63.1318817138672 -65.4351806640625 -68.2458724975586 -70.7276229858398 -73.2199783325195 -75.1604766845703 -76.1949462890625 -75.9300384521484 -74.3488540649414 -71.8556900024414 -68.7251510620117 -66.1325454711914 -63.8431091308594 -62.369270324707 -61.7847137451172 -61.938102722168 -63.2007904052734 -65.5501251220703 -68.3080139160156 -71.7950744628906 -73.6782836914062 -75.2427062988281 -75.8988418579102 -76.2138366699219 -76.402946472168 -76.7162170410156 -77.172119140625
