indici/fabbisogno08.asc
NCOLS 177 
NROWS 174 
XLLCORNER 1436301.375 
YLLCORNER 4916704.5 
CELLSIZE 1500 
NODATA_value -9999 
[rows 72 to 95 of 174, columns 0 to 53 of 177]
-9999 -9999 -9999 -9999 -9999 -9999 -9999 -9999 -9999 -9999 -9999 -9999 -9999 -9999 -9999 -9999 -9999 -9999 -9999 -9999 -3.78856201171875 2.57992477416992 8.28831939697265 12.4169784545899 14.9034629821777 15.7224952697754 13.499095916748 10.8760154724121 7.47909164428711 0.651753234863278 -6.22097702026367 -11.3563262939453 -15.1721702575684 -16.0962341308594 -13.7021827697754 -10.7265518188477 -6.61646194458008 -3.09880981445312 -0.180954742431638 1.67531509399414 1.27272186279298 -1.16186828613282 -4.88081665039063 -8.47093887329102 -11.7823806762695 -15.0816162109375 -18.1920143127441 -21.8864707946777 -24.8788787841797 -27.7548797607422 -30.4654396057129 -32.5985954284668 -33.7373092651367 -34.1550720214844
-9999 -9999 -9999 -9999 -9999 -9999 -9999 -9999 -9999 -9999 -9999 -9999 -9999 -9999 -9999 -9999 -9999 -9999 -9999 -9999 -4.89011154174804 2.5591911315918 8.18609619140625 12.7515975952148 15.5709503173828 15.8635185241699 14.8357009887695 13.0051147460938 10.4402976989746 6.42519989013672 1.17257537841797 -2.69864044189453 -5.78109664916992 -6.21596755981444 -4.28655853271484 -2.1591079711914 0.720104980468747 3.20104904174805 5.65279769897461 5.26390380859375 4.11792755126953 1.73159103393554 -2.25497970581054 -6.81667556762694 -10.5158676147461 -14.0378036499023 -17.3101524353027 -20.379914855957 -23.6313674926758 -26.1509376525879 -28.4908248901367 -30.1061172485352 -30.5540916442871 -31.0346832275391
-9999 -9999 -9999 -9999 -9999 -9999 -9999 -9999 -9999 -9999 -9999 -9999 -9999 -9999 -9999 -9999 -9999 -9999 -9999 -9999 -9999 5.60880966186524 11.3236877441406 15.3423316955566 17.8922897338867 18.3153869628906 17.0724243164063 15.4582855224609 12.9617530822754 10.3292289733887 6.64456558227539 3.97238006591797 2.08342590332032 1.52857742309571 3.18098602294923 4.79833450317383 7.00793380737305 8.14304733276367 8.52541427612304 7.71180419921875 6.18196716308594 3.2618995666504 -0.563056945800781 -4.8717529296875 -9.39030532836914 -13.0097839355469 -16.3605293273926 -19.1639862060547 -21.429662322998 -23.2038558959961 -24.1965660095215 -26.7622596740723 -27.55234375 -27.3799346923828
-9999 -9999 -9999 -9999 -9999 -9999 -9999 -9999 -9999 -9999 -9999 -9999 -9999 -9999 -9999 -9999 -9999 -9999 -9999 -9999 -9999 11.4523094177246 17.0976524353027 20.1714012145996 21.5425590515137 21.4748626708984 19.9462303161621 17.6785049438477 14.4320121765137 11.4159225463867 8.10282669067384 6.50765762329102 5.69877090454102 6.05849227905274 7.63716583251953 9.17086715698242 9.73371124267578 10.6105827331543 10.6839538574219 9.67031021118164 7.60925903320313 4.44593124389648 0.578720092773438 -3.66245651245117 -7.6483871459961 -10.8255187988281 -13.4357070922852 -15.8375305175781 -17.5939315795898 -18.9959617614746 -20.4400917053223 -22.2892211914062 -22.9960014343262 -23.2014503479004
-9999 -9999 -9999 -9999 -9999 -9999 -9999 -9999 -9999 -9999 -9999 -9999 -9999 -9999 -9999 -9999 -9999 -9999 -9999 -9999 -9999 -9999 -9999 -9999 25.7738609313965 25.066674041748 22.854630279541 19.8973762512207 16.2917503356934 12.5625862121582 9.70261077880859 7.17528610229492 6.7307846069336 7.2786750793457 8.84659423828126 10.5108169555664 11.3435005187988 12.0664077758789 12.1486312866211 10.9668403625488 8.69485931396484 5.62748107910157 1.57901306152344 -2.50780715942382 -6.27943878173828 -9.26529235839844 -11.1341194152832 -12.863362121582 -14.0490661621094 -14.9647277832031 -15.9821304321289 -17.2812171936035 -18.2062171936035 -18.0911521911621
-9999 -9999 -9999 -9999 -9999 -9999 -9999 -9999 -9999 -9999 -9999 -9999 -9999 -9999 -9999 -9999 -9999 -9999 -9999 -9999 -9999 -9999 -9999 -9999 30.533317565918 28.3873573303223 25.288599395752 21.4339233398438 17.2200645446777 13.0373847961426 9.46506881713867 6.79450225830078 5.66982650756836 6.51057815551758 8.30585174560547 10.435457611084 11.6380928039551 12.6656852722168 12.8957786560059 12.1474884033203 10.1903968811035 7.09156341552735 3.39670639038086 -0.456532287597653 -4.02347488403321 -6.75813522338866 -8.70474853515624 -9.84531478881836 -10.1460227966309 -10.9055000305176 -11.7288909912109 -12.5014503479004 -13.3985374450684 -14.0159805297852
-9999 -9999 -9999 -9999 -9999 -9999 -9999 -9999 -9999 -9999 -9999 -9999 -9999 -9999 -9999 -9999 -9999 -9999 -9999 -9999 -9999 -9999 -9999 -9999 35.0653617858887 31.4466987609863 27.154647064209 21.9053161621094 17.1300491333008 12.5685043334961 8.53293075561524 5.72192077636718 3.92936706542969 4.41797409057618 6.89996490478516 9.24528427124024 11.7562393188477 12.8919593811035 13.7639907836914 13.3623382568359 11.8394401550293 9.29929809570312 5.9796630859375 2.47781677246094 -0.898056793212888 -3.56054916381835 -5.41917572021484 -6.58736877441406 -6.66456298828125 -7.04200897216796 -7.4672248840332 -7.84865570068359 -8.4357208251953 -10.140355682373
-9999 -9999 -9999 -9999 -9999 -9999 -9999 -9999 -9999 -9999 -9999 -9999 -9999 -9999 -9999 -9999 -9999 -9999 -9999 -9999 -9999 -9999 -9999 -9999 38.525658416748 33.353719329834 27.6624351501465 21.5085899353027 15.7162475585938 10.904621887207 6.76183319091797 3.53540954589845 1.87523422241212 2.31269760131836 4.50225830078125 7.79161148071289 10.5942626953125 12.5019752502441 14.0393348693848 14.4901863098145 13.4742668151855 11.8230491638184 9.08114318847656 5.83277053833008 2.7695899963379 0.279500579833993 -1.5966796875 -2.72696838378906 -3.08135528564453 -3.26992645263671 -3.32722549438476 -3.62078475952148 -4.12028732299804 -5.38778305053711
-9999 -9999 -9999 -9999 -9999 -9999 -9999 -9999 -9999 -9999 -9999 -9999 -9999 -9999 -9999 -9999 -9999 -9999 -9999 -9999 -9999 -9999 -9999 -9999 -9999 -9999 26.8719604492187 19.8872291564941 13.2324417114258 7.72959213256836 3.314892578125 -0.190390777587893 -1.7808235168457 -0.525240325927726 2.0927101135254 5.32700729370117 8.84055557250977 11.8151664733887 13.7725807189941 15.2933242797852 15.2895523071289 14.5608741760254 12.6738006591797 9.90353469848633 7.00055160522462 4.72042922973633 2.60304412841798 1.35521469116212 0.911147308349612 0.471791839599618 0.913531494140628 1.12290039062501 0.403905487060555 -0.902267456054688
-9999 -9999 -9999 -9999 -9999 -9999 -9999 -9999 -9999 -9999 -9999 -9999 -9999 -9999 -9999 -9999 -9999 -9999 -9999 -9999 -9999 -9999 -9999 -9999 -9999 -9999 26.3504005432129 17.5182411193848 9.97175064086915 3.42723236083985 -1.32111053466797 -4.95166625976562 -5.45871047973633 -4.1164077758789 -1.08310394287109 2.80416946411133 6.80693130493164 10.8507179260254 14.0455780029297 16.5698348999023 17.6843559265137 17.6086769104004 16.4971969604492 14.6159278869629 11.8869155883789 9.39613189697266 7.60182266235351 6.10724105834962 5.62631759643556 5.24264450073242 5.72782363891602 5.96178817749023 5.3228744506836 3.6273178100586
-9999 -9999 -9999 -9999 -9999 -9999 -9999 -9999 -9999 -9999 -9999 -9999 -9999 -9999 -9999 -9999 -9999 -9999 -9999 -9999 -9999 -9999 -9999 -9999 -9999 35.4412673950195 24.9461387634277 14.7974563598633 6.34893264770508 -1.27188262939453 -6.24725341796875 -9.17063217163086 -9.29415893554688 -7.56991806030273 -4.15319137573242 0.358322143554688 5.50204696655274 11.0193794250488 15.9353073120117 19.1505737304688 21.2990348815918 21.9047981262207 21.3059341430664 19.4447906494141 17.0972938537598 15.2181648254395 13.3850784301758 11.8218360900879 11.0603515625 10.5605247497559 10.9188217163086 10.707389831543 9.97774047851563 7.79918899536133
-9999 -9999 -9999 -9999 -9999 -9999 -9999 -9999 -9999 -9999 -9999 -9999 -9999 -9999 -9999 -9999 -9999 -9999 -9999 -9999 -9999 -9999 -9999 -9999 -9999 36.0827941894531 24.5536582946777 12.9167015075684 2.82735595703126 -5.39412612915039 -10.0811462402344 -12.4352149963379 -12.9221687316895 -10.3539161682129 -6.57564163208008 -1.14339752197266 5.74830551147461 12.4082412719727 18.1315536499023 23.1038902282715 25.5307418823242 26.8993621826172 26.5261489868164 24.9340118408203 22.7391761779785 20.6924163818359 19.1553787231445 17.8182518005371 16.8964149475098 16.2812774658203 15.4240692138672 14.6226676940918 13.4896934509277 11.1719749450684
-9999 -9999 -9999 -9999 -9999 -9999 -9999 -9999 -9999 -9999 -9999 -9999 -9999 -9999 -9999 -9999 -9999 -9999 -9999 -9999 -9999 -9999 -9999 -9999 -9999 -9999 24.7419677734375 12.323070526123 0.930845642089849 -7.65989532470702 -12.8185340881348 -15.1697769165039 -13.8382171630859 -10.4477333068848 -5.97088775634765 0.413315582275388 8.20535888671876 15.7370971679688 22.1024131774902 27.1659477233887 31.0386756896973 32.916495513916 32.812133026123 31.245760345459 28.7107131958008 26.5638275146484 24.525114440918 22.9979751586914 21.8375694274902 20.8060272216797 19.7121124267578 18.2085273742676 15.9691673278809 13.3535499572754
-9999 -9999 -9999 -9999 -9999 -9999 -9999 -9999 -9999 -9999 -9999 -9999 -9999 -9999 -9999 -9999 -9999 -9999 -9999 -9999 -9999 -9999 -9999 -9999 -9999 -9999 -9999 13.3931991577148 1.55130004882812 -7.02500610351562 -12.3083076477051 -13.8697357177734 -11.8840728759766 -7.80277557373047 -2.04015274047852 5.39399032592773 13.6927589416504 21.4091041564941 27.4239974975586 33.1655792236328 36.7744636535645 39.0744674682617 39.0770942687988 37.8363838195801 35.4972724914551 32.5404449462891 29.7659217834473 27.9067680358887 26.0282363891602 23.9872627258301 22.4326324462891 20.5206817626953 18.2087127685547 15.3958755493164
-9999 -9999 -9999 -9999 -9999 -9999 -9999 -9999 -9999 -9999 -9999 -9999 -9999 -9999 -9999 -9999 -9999 -9999 -9999 -9999 -9999 -9999 -9999 -9999 -9999 -9999 -9999 16.4818145751953 5.59887390136718 -2.29462966918945 -7.16416625976562 -8.06468353271484 -6.25073318481445 -1.43594589233398 4.8957015991211 12.7046882629395 21.1910041809082 28.5532089233399 34.9548881530762 39.8238754272461 43.3686004638672 45.3781364440918 45.3731857299805 43.8248252868652 40.9821517944336 37.6890090942383 34.7068580627441 32.2170669555664 29.6353492736816 26.7176460266113 24.1968475341797 21.7521545410156 19.1176376342773 16.422395324707
-9999 -9999 -9999 -9999 -9999 -9999 -9999 -9999 -9999 -9999 -9999 -9999 -9999 -9999 -9999 -9999 -9999 -9999 -9999 -9999 -9999 -9999 -9999 -9999 -9999 -9999 -9999 22.1143402099609 12.6806182861328 5.62515792846681 2.06701812744141 1.43888015747071 3.56797332763672 8.18703994750977 14.4600639343262 21.8909660339356 29.6748924255371 37.0351112365723 42.9564277648926 46.9429321289062 49.742236328125 51.5347114562988 51.2644081115723 49.1400672912598 46.3227355957031 42.5657821655274 39.1104019165039 35.6623733520508 32.2533630371094 28.7061645507813 25.4418647766113 22.5117309570312 19.3303939819336 16.6677940368652
-9999 -9999 -9999 -9999 -9999 -9999 -9999 -9999 -9999 -9999 -9999 -9999 -9999 -9999 -9999 -9999 -9999 -9999 -9999 -9999 -9999 -9999 -9999 -9999 -9999 -9999 -9999 30.032592010498 22.1463829040527 16.499934387207 14.1283470153809 14.1171897888184 16.2814727783203 20.0846725463867 25.9677352905273 32.3744110107422 39.1223091125488 45.4769767761231 50.6757606506348 54.1785293579102 56.0944854736328 57.2389213562012 56.3227661132812 54.2781936645508 50.9363548278809 46.9022422790527 42.5227416992188 38.2584175109863 34.3022727966309 30.0280746459961 25.9408996582031 22.299893951416 18.8832427978516 16.5013336181641
-9999 -9999 -9999 -9999 -9999 -9999 -9999 -9999 -9999 -9999 -9999 -9999 -9999 -9999 -9999 -9999 -9999 -9999 -9999 -9999 -9999 -9999 -9999 -9999 -9999 -9999 -9999 39.4345993041992 33.5980964660645 29.3177139282227 27.7970222473145 28.2856521606445 30.2580406188965 33.4189926147461 38.1545791625977 43.3137954711914 48.7864692687988 53.6491432189941 57.7660743713379 60.6375747680664 62.2462287902832 62.4361831665039 61.1232704162598 58.212915802002 54.4085899353027 49.7355842590332 44.8773582458496 39.8760307312012 34.9513275146484 30.0286613464356 25.5908073425293 21.7945739746094 18.8310836791992 16.392707824707
-9999 -9999 -9999 -9999 -9999 -9999 -9999 -9999 -9999 -9999 -9999 -9999 -9999 -9999 -9999 -9999 -9999 -9999 -9999 -9999 -9999 -9999 -9999 -9999 -9999 -9999 -9999 -9999 45.5561401367188 42.9664360046387 41.7744598388672 42.3088088989258 43.8321281433106 46.3413368225098 49.7885147094727 53.761701965332 57.7397399902344 61.3000038146973 64.3133640289307 66.1506702423096 66.9678497314453 66.4523956298828 64.8778747558594 61.348722076416 57.346630859375 51.7170623779297 46.1702819824219 40.1783164978027 34.2742370605469 29.0160316467285 24.6487586975098 21.2677192687988 18.5787582397461 16.6579727172852
-9999 -9999 -9999 -9999 -9999 -9999 -9999 -9999 -9999 -9999 -9999 -9999 -9999 -9999 -9999 -9999 -9999 -9999 -9999 -9999 -9999 -9999 -9999 -9999 -9999 -9999 -9999 -9999 57.258309173584 55.6414215087891 55.04921875 55.2775634765625 56.1090370178223 57.6530609130859 60.1746856689453 62.8612007141113 65.4654563903809 67.8277069091797 69.6533935546875 70.6567447662353 70.5898677825928 69.5849224090576 67.50237159729 64.1539058685303 58.6610214233398 53.1623077392578 46.6423248291016 39.5871955871582 32.9927803039551 27.417652130127 22.6647666931152 19.9452835083008 17.9427314758301 16.6211616516113
-9999 -9999 -9999 -9999 -9999 -9999 -9999 -9999 -9999 -9999 -9999 -9999 -9999 -9999 -9999 -9999 -9999 -9999 -9999 -9999 -9999 -9999 -9999 -9999 -9999 -9999 -9999 -9999 67.3954257965088 66.6009483337402 66.3017936706543 66.251969909668 66.5540134429932 67.2705078125 68.837003326416 70.4063865661621 71.8893402099609 73.0414100646973 73.9603820800781 74.1663639068604 73.5285480499268 71.9565334320068 69.2867393493652 65.2516822814941 59.8189659118652 53.4766761779785 46.4169860839844 39.1151626586914 31.6640411376953 26.0605407714844 21.4275726318359 19.359700012207 18.304419708252 17.945393371582
-9999 -9999 -9999 -9999 -9999 -9999 -9999 -9999 -9999 -9999 -9999 -9999 -9999 -9999 -9999 -9999 -9999 -9999 -9999 -9999 -9999 -9999 -9999 -9999 -9999 -9999 -9999 -9999 -9999 -9999 74.9766757965088 74.7252292633057 74.6569976806641 74.9239097595215 75.6016212463379 76.0971813201904 76.6018505096436 76.9870712280273 77.1001476287842 76.6830471038818 75.4899852752686 73.4331241607666 70.0486724853516 65.6910766601563 59.6861152648926 52.8142845153809 45.3582847595215 37.9116188049316 30.5813842773438 24.844596862793 21.1605644226074 19.5159790039063 19.2254745483398 19.8811988830566
-9999 -9999 -9999 -9999 -9999 -9999 -9999 -9999 -9999 -9999 -9999 -9999 -9999 -9999 -9999 -9999 -9999 -9999 -9999 -9999 -9999 -9999 -9999 -9999 -9999 -9999 -9999 -9999 -9999 -9999 -9999 -9999 80.5669834136963 80.7256381988525 80.3209045410156 79.9221733093262 79.7301929473877 79.5138008117676 79.2484317779541 78.3069648742676 76.5842475891113 74.0344680786133 70.2578548431397 65.1505756378174 58.7834648132324 51.6019668579102 44.0017555236816 36.51904296875 29.674739074707 25.0700866699219 22.3026626586914 21.7385292053223 22.171826171875 23.2481643676758
-9999 -9999 -9999 -9999 -9999 -9999 -9999 -9999 -9999 -9999 -9999 -9999 -9999 -9999 -9999 -9999 -9999 -9999 -9999 -9999 -9999 -9999 -9999 -9999 -9999 -9999 -9999 -9999 -9999 -9999 -9999 -9999 84.3881290435791 84.0135204315186 82.9390048980713 82.0762100219727 81.4617673873901 80.7983585357666 80.2091892242432 78.8095516204834 76.6600162506104 73.7235698699951 69.6228466033936 64.263106918335 57.4010803222656 49.9642654418945 42.5644439697266 35.0765327453613 29.2818809509277 25.4232475280762 24.1857833862305 24.7216270446777 26.3127479553223 27.8172241210938
