indici/fabbisogno10.asc
NCOLS 177 
NROWS 174 
XLLCORNER 1436301.375 
YLLCORNER 4916704.5 
CELLSIZE 1500 
NODATA_value -9999 
[rows 80 to 99 of 174, columns 132 to 175 of 177]
-107.100921630859 -107.697235107422 -108.328277587891 -109.317741394043 -110.313682556152 -111.260643005371 -112.297309875488 -113.369735717773 -114.410736083984 -117.002799987793 -122.192359924316 -127.338348388672 -132.834564208984 -142.081268310547 -151.45068359375 -160.963836669922 -168.639846801758 -175.951599121094 -183.291137695312 -187.909286499023 -190.163131713867 -192.257797241211 -193.838729858398 -194.057907104492 -194.17024230957 -194.203674316406 -192.639129638672 -191.043273925781 -189.457672119141 -187.043304443359 -184.328826904297 -181.409637451172 -176.943984985352 -170.378768920898 -163.869766235352 -158.034027099609 -155.745101928711 -153.551010131836 -151.446563720703 -149.519104003906 -147.639114379883 -145.818634033203 -144.091918945312 -142.414001464844
-106.19384765625 -106.809783935547 -107.463981628418 -108.395301818848 -109.338874816895 -110.23966217041 -111.035179138184 -111.755310058594 -112.448097229004 -114.359489440918 -118.53596496582 -122.662506103516 -127.120704650879 -136.539688110352 -146.067565917969 -155.735687255859 -164.383346557617 -172.809677124023 -181.269439697266 -186.33576965332 -188.145660400391 -189.794906616211 -190.900756835938 -190.357025146484 -189.717224121094 -188.998794555664 -186.937072753906 -184.790634155273 -182.619735717773 -180.811004638672 -179.228454589844 -177.49479675293 -174.161239624023 -168.372909545898 -162.648071289062 -157.367721557617 -154.976776123047 -152.66633605957 -150.442642211914 -148.549789428711 -146.736938476562 -144.978073120117 -143.120956420898 -141.171142578125
-105.299293518066 -105.939445495605 -106.620338439941 -107.500328063965 -108.389137268066 -109.227897644043 -109.781867980957 -110.136749267578 -110.468673706055 -111.719947814941 -114.87442779541 -117.988655090332 -121.377716064453 -130.903076171875 -140.440963745117 -150.02995300293 -159.407302856445 -168.763076782227 -178.137786865234 -183.660614013672 -185.15202331543 -186.538696289062 -187.410095214844 -186.314498901367 -185.178558349609 -184.013656616211 -181.732330322266 -179.362106323242 -176.968597412109 -175.369445800781 -174.172882080078 -172.792953491211 -169.980758666992 -164.787475585938 -159.652740478516 -154.814102172852 -152.5478515625 -150.375885009766 -148.314056396484 -146.494125366211 -144.743255615234 -143.042785644531 -141.146575927734 -139.068176269531
-104.362426757812 -105.005088806152 -105.689872741699 -106.560317993164 -107.445533752441 -108.275863647461 -108.66674041748 -108.73023223877 -108.778625488281 -109.508125305176 -111.813659667969 -114.088111877441 -116.456108093262 -124.476928710938 -132.49836730957 -140.565795898438 -150.084487915039 -160.152130126953 -170.246887207031 -176.682388305664 -178.862350463867 -180.935211181641 -182.446487426758 -181.441375732422 -180.404769897461 -179.342803955078 -177.242584228516 -175.012054443359 -172.71745300293 -170.851623535156 -169.2236328125 -167.476913452148 -164.73454284668 -160.131118774414 -155.592330932617 -151.254943847656 -149.342071533203 -147.511291503906 -145.785507202148 -144.122344970703 -142.485473632812 -140.89225769043 -139.025619506836 -136.874313354492
-103.409675598145 -104.049026489258 -104.732307434082 -105.602317810059 -106.493446350098 -107.325042724609 -107.574577331543 -107.353172302246 -107.114715576172 -107.342864990234 -108.78825378418 -110.204231262207 -111.584419250488 -118.078109741211 -124.571868896484 -131.105163574219 -140.637908935547 -151.402908325195 -162.226898193359 -169.587280273438 -172.46794128418 -175.24365234375 -177.445236206055 -176.551422119141 -175.612106323242 -174.628005981445 -172.679138183594 -170.571243286133 -168.384552001953 -166.292251586914 -164.242141723633 -162.128555297852 -159.401519775391 -155.389404296875 -151.45182800293 -147.638946533203 -146.089630126953 -144.607818603516 -143.218948364258 -141.727005004883 -140.205642700195 -138.720733642578 -136.896057128906 -134.672866821289
-102.432586669922 -103.06575012207 -103.740310668945 -104.602752685547 -105.496841430664 -106.34162902832 -106.474395751953 -105.978950500488 -105.446418762207 -105.191581726074 -105.768928527832 -106.314407348633 -106.823379516602 -111.679908752441 -116.636528015137 -121.62769317627 -131.054168701172 -142.509323120117 -154.081619262695 -162.386108398438 -165.983581542969 -169.478790283203 -172.417449951172 -171.648513793945 -170.778289794922 -169.727966308594 -167.779861450195 -165.642227172852 -163.412582397461 -161.025466918945 -158.525848388672 -156.047500610352 -153.31477355957 -149.947967529297 -146.696151733398 -143.539520263672 -142.38557434082 -141.298416137695 -140.303268432617 -139.077026367188 -137.772201538086 -136.511428833008 -134.943206787109 -132.974273681641
-101.420127868652 -101.971260070801 -102.55347442627 -103.268669128418 -104.000495910645 -104.680419921875 -104.680297851562 -104.042297363281 -103.361000061035 -102.865768432617 -103.009971618652 -103.152900695801 -103.291831970215 -106.702949523926 -110.270286560059 -113.87361907959 -121.743194580078 -131.685302734375 -141.667068481445 -149.392974853516 -153.672302246094 -157.858764648438 -161.56623840332 -161.127395629883 -160.615081787109 -160.010681152344 -158.17724609375 -156.047637939453 -153.820175170898 -151.553192138672 -149.260818481445 -147.036483764648 -144.813949584961 -142.584533691406 -140.477966308594 -138.474838256836 -137.856597900391 -137.334365844727 -136.888793945312 -136.097366333008 -135.157485961914 -134.253234863281 -133.116546630859 -131.630844116211
-100.363761901855 -100.740745544434 -101.145584106445 -101.588600158691 -102.028305053711 -102.427635192871 -102.316833496094 -101.684326171875 -100.990585327148 -100.42406463623 -100.385139465332 -100.342712402344 -100.295471191406 -102.321647644043 -104.491065979004 -106.689697265625 -112.607124328613 -120.544059753418 -128.572113037109 -135.495910644531 -140.62776184082 -145.679183959961 -150.348083496094 -150.408462524414 -150.379013061523 -150.223449707031 -148.533111572266 -146.41911315918 -144.215682983398 -142.082015991211 -140.024765014648 -138.061706542969 -136.305892944336 -135.221862792969 -134.256790161133 -133.395751953125 -133.334564208984 -133.367919921875 -133.467880249023 -133.118103027344 -132.539031982422 -131.990051269531 -131.275482177734 -130.271423339844
-99.3505630493164 -99.5580596923828 -99.7845611572266 -99.959587097168 -100.10383605957 -100.206550598145 -99.9549560546875 -99.3099594116211 -98.5990524291992 -97.965950012207 -97.7406463623047 -97.5238342285156 -97.3134613037109 -98.0361099243164 -98.8255920410156 -99.6242599487305 -103.624366760254 -109.56428527832 -115.576889038086 -121.498092651367 -127.431221008301 -133.335693359375 -138.991271972656 -139.556640625 -140.023010253906 -140.332229614258 -138.824371337891 -136.741836547852 -134.594207763672 -132.610916137695 -130.814361572266 -129.11604309082 -127.776741027832 -127.83821105957 -128.007797241211 -128.277526855469 -128.83642578125 -129.481979370117 -130.168533325195 -130.298446655273 -130.094055175781 -129.899490356445 -129.580718994141 -129.019271850586
-98.3898239135742 -98.4623947143555 -98.5532608032227 -98.5137786865234 -98.4177780151367 -98.2859573364258 -97.9306716918945 -97.2986145019531 -96.5968933105469 -95.9331817626953 -95.5655822753906 -95.219123840332 -94.8925628662109 -94.848991394043 -94.8604888916016 -94.9253997802734 -97.6739807128906 -102.238357543945 -106.907730102539 -111.914863586426 -117.731842041016 -123.463729858398 -129.020797729492 -129.977966308594 -130.81494140625 -131.447189331055 -130.570770263672 -129.188125610352 -127.812797546387 -126.580467224121 -125.503555297852 -124.552688598633 -123.909576416016 -124.543884277344 -125.231201171875 -125.968238830566 -126.81884765625 -127.702659606934 -128.619613647461 -128.93310546875 -128.83332824707 -128.738647460938 -128.562057495117 -128.198547363281
-97.7957458496094 -97.9377899169922 -98.0860595703125 -97.9913177490234 -97.7880249023438 -97.545654296875 -97.1168899536133 -96.4355926513672 -95.6823806762695 -94.9415817260742 -94.4167785644531 -93.9229583740234 -93.4618301391602 -93.3344879150391 -93.2720794677734 -93.2398529052734 -95.2357711791992 -98.7480316162109 -102.348205566406 -106.215560913086 -110.819969177246 -115.383918762207 -119.898719787598 -121.105735778809 -122.170837402344 -122.995048522949 -122.828247070312 -122.291412353516 -121.789726257324 -121.338050842285 -120.928993225098 -120.644439697266 -120.584060668945 -121.576522827148 -122.612602233887 -123.69270324707 -124.794364929199 -125.913887023926 -127.060836791992 -127.56517791748 -127.569488525391 -127.582290649414 -127.55052947998 -127.394805908203
-97.1965637207031 -97.4062042236328 -97.6099090576172 -97.4651336669922 -97.1524505615234 -96.7974166870117 -96.2900924682617 -95.5571136474609 -94.7614669799805 -93.9618225097656 -93.2942733764648 -92.6624374389648 -92.0719375610352 -91.862907409668 -91.7353210449219 -91.6199493408203 -92.9264907836914 -95.4027633666992 -97.9370727539062 -100.673240661621 -104.065956115723 -107.426200866699 -110.741485595703 -112.166496276855 -113.432807922363 -114.491195678711 -115.038047790527 -115.38200378418 -115.771003723145 -116.127716064453 -116.401229858398 -116.773803710938 -117.298316955566 -118.634117126465 -120.007331848145 -121.420539855957 -122.770263671875 -124.118705749512 -125.494232177734 -126.195846557617 -126.303062438965 -126.429634094238 -126.543037414551 -126.600578308105
-96.5917739868164 -96.8665084838867 -97.1238403320312 -96.9347381591797 -96.5113830566406 -96.0427169799805 -95.4532012939453 -94.667854309082 -93.8362274169922 -92.991325378418 -92.1887893676758 -91.4231185913086 -90.7181396484375 -90.4438400268555 -90.2786102294922 -90.1141738891602 -90.8662643432617 -92.4714508056641 -94.1470184326172 -96.0096893310547 -98.4863891601562 -100.981246948242 -103.483497619629 -105.080268859863 -106.522964477539 -107.763542175293 -108.908081054688 -110.022842407227 -111.163154602051 -112.198905944824 -113.039024353027 -113.932731628418 -114.916152954102 -116.62279510498 -118.359603881836 -120.130088806152 -121.709632873535 -123.243728637695 -124.797401428223 -125.675666809082 -125.882713317871 -126.116561889648 -126.278793334961 -126.139236450195
-96.0567626953125 -96.4581451416016 -96.8333282470703 -96.6743087768555 -96.2104568481445 -95.7020568847656 -95.0757217407227 -94.2334213256836 -93.3595886230469 -92.4716949462891 -91.5820007324219 -90.7310028076172 -89.9350357055664 -89.6736755371094 -89.5651779174805 -89.4388580322266 -90.0757675170898 -91.4977722167969 -92.9600296020508 -94.555908203125 -96.6706619262695 -98.8076171875 -100.958221435547 -102.196891784668 -103.277275085449 -104.193870544434 -105.425590515137 -106.866928100586 -108.344291687012 -109.712249755859 -110.846382141113 -112.012092590332 -113.239768981934 -115.254577636719 -117.294570922852 -119.363006591797 -121.103729248047 -122.745590209961 -124.406829833984 -125.410888671875 -125.675811767578 -125.979156494141 -126.164329528809 -125.756225585938
-95.5368499755859 -96.0798645019531 -96.5854339599609 -96.4733963012695 -95.9749526977539 -95.4342269897461 -94.7727890014648 -93.8676223754883 -92.9439544677734 -92.0089721679688 -91.0281143188477 -90.0817031860352 -89.1885604858398 -88.9253234863281 -88.867561340332 -88.785514831543 -89.3252105712891 -90.5714797973633 -91.8461608886719 -93.2128143310547 -94.9982833862305 -96.8012313842773 -98.6162796020508 -99.5156784057617 -100.242729187012 -100.830352783203 -102.107215881348 -103.867950439453 -105.659133911133 -107.336456298828 -108.737174987793 -110.160926818848 -111.620635986328 -113.933135986328 -116.267921447754 -118.628570556641 -120.534797668457 -122.276748657227 -124.04679107666 -125.180778503418 -125.504501342773 -125.887535095215 -126.130027770996 -125.465057373047
-94.9740447998047 -95.6591033935547 -96.3066711425781 -96.2600708007812 -95.7376403808594 -95.1860809326172 -94.5118942260742 -93.5634918212891 -92.6000518798828 -91.6264343261719 -90.5600967407227 -89.5144195556641 -88.5051422119141 -88.2148971557617 -88.1934585571289 -88.1612396240234 -88.6198883056641 -89.6948928833008 -90.8014526367188 -91.966667175293 -93.4404525756836 -94.9175338745117 -96.3962478637695 -96.9565658569336 -97.3231582641602 -97.6300506591797 -98.9538955688477 -101.026397705078 -103.085266113281 -105.008293151855 -106.62622833252 -108.247932434082 -109.870971679688 -112.368003845215 -114.873504638672 -117.382751464844 -119.406433105469 -121.235206604004 -123.106819152832 -124.312995910645 -124.54093170166 -124.832328796387 -124.973640441895 -123.892913818359
-94.060188293457 -94.8139190673828 -95.5244522094727 -95.5627746582031 -95.1072082519531 -94.6449966430664 -94.0671768188477 -93.1848449707031 -92.3001556396484 -91.4176483154297 -90.4283294677734 -89.4583587646484 -88.5182952880859 -88.222785949707 -88.1935806274414 -88.1634979248047 -88.5428314208984 -89.4975967407227 -90.4889450073242 -91.5297088623047 -92.8660888671875 -94.2019958496094 -95.5369567871094 -96.0680770874023 -96.4177322387695 -96.6821670532227 -97.7528915405273 -99.486946105957 -101.199577331543 -102.871788024902 -104.475982666016 -106.080474853516 -107.684432983398 -110.116882324219 -112.581245422363 -115.047096252441 -117.208763122559 -119.232788085938 -121.309463500977 -122.626518249512 -122.678298950195 -122.810966491699 -122.823143005371 -121.323715209961
-92.6584854125977 -93.4275283813477 -94.1534729003906 -94.3354644775391 -94.0809936523438 -93.8318710327148 -93.464225769043 -92.7433624267578 -92.0231857299805 -91.3064956665039 -90.4763793945312 -89.6517562866211 -88.8368759155273 -88.5202178955078 -88.4345169067383 -88.3632507324219 -88.6414947509766 -89.4652557373047 -90.3266525268555 -91.2288818359375 -92.4213104248047 -93.6026382446289 -94.7715835571289 -95.2400894165039 -95.5271377563477 -95.7471237182617 -96.579833984375 -97.9740600585938 -99.3411026000977 -100.743980407715 -102.334655761719 -103.924537658691 -105.513534545898 -107.887107849121 -110.315841674805 -112.745002746582 -115.037483215332 -117.264122009277 -119.547554016113 -121.000885009766 -120.87865447998 -120.842697143555 -120.729301452637 -118.796730041504
-91.3015365600586 -92.0818481445312 -92.8277282714844 -93.1498794555664 -93.1013641357422 -93.0568237304688 -92.8916015625 -92.3215026855469 -91.7516403198242 -91.1841354370117 -90.4961853027344 -89.8094635009766 -89.1334838867188 -88.8178253173828 -88.6874160766602 -88.5829696655273 -88.7722625732422 -89.4721298217773 -90.2008209228516 -90.9592895507812 -92.0020751953125 -93.0282211303711 -94.0341262817383 -94.4375381469727 -94.6621170043945 -94.8333282470703 -95.440315246582 -96.4910888671875 -97.511833190918 -98.625862121582 -100.202278137207 -101.778732299805 -103.355018615723 -105.672798156738 -108.067756652832 -110.462104797363 -112.854270935059 -115.185081481934 -117.53084564209 -118.982345581055 -118.562744140625 -118.235687255859 -117.899703979492 -115.599487304688
-90.0302124023438 -90.8314437866211 -91.6078338623047 -92.0658721923828 -92.2187118530273 -92.3670806884766 -92.3924179077148 -91.9640502929688 -91.5330123901367 -91.1009521484375 -90.5349655151367 -89.9621658325195 -89.3968124389648 -89.0720596313477 -88.8838424682617 -88.7312164306641 -88.814338684082 -89.3539657592773 -89.910758972168 -90.4840927124023 -91.3516006469727 -92.1961059570312 -93.0102615356445 -93.3550567626953 -93.5440139770508 -93.6974487304688 -94.1441268920898 -94.923225402832 -95.6754455566406 -96.5016632080078 -97.7595138549805 -98.9971389770508 -100.214172363281 -102.173385620117 -104.222503662109 -106.252586364746 -108.197357177734 -110.068183898926 -111.953117370605 -113.132514953613 -112.614135742188 -112.190170288086 -111.816291809082 -109.961494445801
