indici/fabbisogno10.asc
NCOLS 177 
NROWS 174 
XLLCORNER 1436301.375 
YLLCORNER 4916704.5 
CELLSIZE 1500 
NODATA_value -9999 
[rows 23 to 45 of 174, columns 53 to 105 of 177]
-9999 -9999 -98.9133224487305 -105.58032989502 -112.006996154785 -117.374725341797 -120.393196105957 -120.039710998535 -115.323471069336 -106.192359924316 -93.8296890258789 -80.0413284301758 -66.7405776977539 -55.1016693115234 -9999 -9999 -9999 -9999 -9999 -9999 -9999 -9999 -9999 -9999 -9999 -9999 -9999 -9999 -9999 -9999 -9999 -9999 -9999 -9999 -9999 -9999 -9999 -9999 -9999 -9999 -9999 -9999 -9999 -9999 -63.0759544372559 -65.4319534301758 -68.7468872070312 -73.204704284668 -78.7213439941406 -85.8665466308594 -94.388053894043 -104.292175292969 -114.451805114746
-9999 -9999 -9999 -108.46208190918 -114.830192565918 -120.018569946289 -123.202415466309 -123.141891479492 -118.848495483398 -110.41902923584 -98.8589859008789 -85.7592849731445 -72.686164855957 -61.187572479248 -9999 -9999 -9999 -9999 -9999 -9999 -9999 -9999 -9999 -9999 -9999 -9999 -9999 -9999 -9999 -9999 -9999 -9999 -9999 -9999 -9999 -9999 -9999 -9999 -9999 -9999 -9999 -9999 -9999 -9999 -9999 -9999 -9999 -9999 -9999 -84.10595703125 -91.3998260498047 -100.202903747559 -109.47647857666
-9999 -9999 -9999 -9999 -115.807693481445 -121.342613220215 -124.927787780762 -125.388687133789 -121.840934753418 -114.318580627441 -103.826324462891 -91.6155471801758 -79.3144226074219 -67.9339904785156 -9999 -9999 -9999 -9999 -9999 -9999 -9999 -9999 -9999 -9999 -9999 -9999 -9999 -9999 -9999 -9999 -9999 -9999 -9999 -9999 -9999 -9999 -9999 -9999 -9999 -9999 -9999 -9999 -9999 -9999 -9999 -9999 -9999 -9999 -9999 -81.2151718139648 -87.7596893310547 -95.3742599487305 -103.643058776855
-9999 -9999 -9999 -9999 -115.089637756348 -121.334159851074 -125.587524414062 -126.714233398438 -124.032852172852 -117.52889251709 -108.233283996582 -97.4687881469727 -86.2257690429688 -75.7948379516602 -9999 -9999 -9999 -9999 -9999 -9999 -9999 -9999 -9999 -9999 -9999 -9999 -9999 -9999 -9999 -9999 -9999 -9999 -9999 -9999 -9999 -9999 -9999 -9999 -9999 -9999 -9999 -9999 -9999 -9999 -9999 -9999 -9999 -70.9115219116211 -73.5761260986328 -78.0069427490234 -83.4719085693359 -90.0441513061523 -97.1682968139648
-9999 -9999 -9999 -9999 -113.449928283691 -119.984130859375 -124.79899597168 -126.738494873047 -125.260719299316 -120.208061218262 -112.607620239258 -103.419639587402 -93.6733016967773 -84.0336608886719 -75.9300842285156 -9999 -9999 -9999 -9999 -9999 -9999 -9999 -9999 -9999 -9999 -9999 -9999 -9999 -9999 -9999 -9999 -9999 -9999 -9999 -107.009742736816 -107.058868408203 -105.065742492676 -101.06468963623 -95.8810653686523 -89.99462890625 -9999 -9999 -9999 -9999 -9999 -9999 -9999 -68.7438125610352 -70.859619140625 -74.4868698120117 -79.6603393554688 -85.5827102661133 -91.8408584594727
-9999 -9999 -9999 -9999 -110.189453125 -117.678260803223 -123.560440063477 -126.479782104492 -126.123466491699 -122.618598937988 -116.681053161621 -108.646942138672 -100.198394775391 -92.5212249755859 -85.6401062011719 -80.632194519043 -9999 -9999 -9999 -9999 -9999 -9999 -9999 -9999 -9999 -9999 -9999 -9999 -9999 -9999 -9999 -9999 -115.972618103027 -118.287811279297 -119.080741882324 -117.97972869873 -114.641426086426 -109.523559570312 -102.883758544922 -95.6633834838867 -88.538215637207 -9999 -9999 -9999 -9999 -9999 -66.4829177856445 -67.0035171508789 -69.0693893432617 -72.5138320922852 -77.2285614013672 -82.8631439208984 -89.0276031494141
-9999 -9999 -9999 -9999 -9999 -114.429290771484 -120.958564758301 -124.768356323242 -125.589309692383 -123.339012145996 -118.89338684082 -113.102432250977 -106.464179992676 -100.520385742188 -95.6753616333008 -91.49365234375 -88.7259902954102 -9999 -9999 -9999 -9999 -9999 -9999 -9999 -9999 -9999 -9999 -105.349266052246 -110.169647216797 -115.320259094238 -120.373588562012 -127.185317993164 -130.211380004883 -131.541900634766 -131.099029541016 -128.425323486328 -123.662773132324 -117.108238220215 -109.237945556641 -100.57169342041 -92.0538940429688 -9999 -9999 -9999 -9999 -9999 -65.7134552001953 -66.4902954101562 -68.6443710327148 -72.1550140380859 -76.9424362182617 -82.3597564697266 -88.3053512573242
-9999 -9999 -9999 -9999 -9999 -111.152374267578 -117.898078918457 -122.454612731934 -124.141105651855 -123.43505859375 -120.744819641113 -116.536109924316 -111.758338928223 -107.73983001709 -104.603958129883 -101.692756652832 -99.911750793457 -9999 -9999 -9999 -9999 -9999 -9999 -9999 -9999 -9999 -113.616645812988 -118.799217224121 -123.637382507324 -129.330749511719 -134.245880126953 -140.753799438477 -143.219421386719 -143.397079467773 -141.411758422852 -137.360855102539 -131.131362915039 -123.307502746582 -114.261177062988 -104.464904785156 -94.8507843017578 -9999 -9999 -9999 -9999 -9999 -65.6252593994141 -66.6206436157227 -69.1210250854492 -73.0220260620117 -78.1201400756836 -83.7299880981445 -89.2070922851562
-9999 -9999 -9999 -9999 -99.6139907836914 -107.895492553711 -115.016731262207 -120.20051574707 -122.648284912109 -122.778701782227 -121.258460998535 -118.556945800781 -115.673545837402 -113.251091003418 -111.247520446777 -109.789772033691 -109.062713623047 -108.283760070801 -9999 -9999 -9999 -9999 -9999 -9999 -9999 -9999 -125.236450195312 -130.389114379883 -135.310577392578 -141.146942138672 -145.830123901367 -151.82048034668 -153.125625610352 -152.199234008789 -149.069213867188 -143.585479736328 -136.164352416992 -127.34449005127 -117.486724853516 -107.105186462402 -96.8944854736328 -87.7827301025391 -9999 -9999 -9999 -9999 -9999 -67.6692504882812 -70.728874206543 -75.0541381835938 -80.2891311645508 -85.9432907104492 -91.332633972168
-9999 -9999 -9999 -9999 -96.8634414672852 -105.12809753418 -112.289817810059 -117.324119567871 -120.198715209961 -120.863845825195 -120.228454589844 -118.714179992676 -117.356437683105 -116.474838256836 -115.780632019043 -115.230369567871 -115.129547119141 -115.763542175293 -116.21639251709 -116.609825134277 -9999 -9999 -9999 -9999 -9999 -9999 -134.087844848633 -138.766082763672 -143.695877075195 -149.303695678711 -153.579467773438 -155.994415283203 -158.998016357422 -157.351226806641 -153.245910644531 -146.789596557617 -138.596206665039 -129.167495727539 -118.99137878418 -108.472259521484 -98.3615341186523 -88.8937149047852 -9999 -9999 -9999 -9999 -9999 -69.6111831665039 -73.105110168457 -77.6705474853516 -83.1398468017578 -88.847785949707 -94.1754913330078
-9999 -9999 -9999 -87.4454803466797 -95.8636245727539 -103.355171203613 -110.172958374023 -115.000671386719 -117.626098632812 -118.628959655762 -118.201309204102 -117.583534240723 -117.134605407715 -116.961448669434 -117.047393798828 -117.660697937012 -118.441474914551 -119.497329711914 -121.189903259277 -122.508407592773 -123.90665435791 -125.332847595215 -127.156517028809 -129.679992675781 -132.431427001953 -135.261520385742 -139.08024597168 -142.926834106445 -147.76220703125 -152.860778808594 -156.353393554688 -158.048446655273 -160.05598449707 -158.285690307617 -153.670639038086 -146.811370849609 -138.50309753418 -129.002197265625 -118.778549194336 -108.421081542969 -98.6405029296875 -89.503791809082 -9999 -9999 -9999 -9999 -9999 -9999 -75.9282150268555 -80.7244873046875 -86.4195709228516 -92.2517547607422 -97.2947387695312
-9999 -9999 -9999 -87.7108764648438 -96.1429824829102 -103.059432983398 -109.142311096191 -113.335594177246 -115.649314880371 -116.259429931641 -116.079963684082 -115.83699798584 -115.581268310547 -115.506561279297 -115.938781738281 -117.11540222168 -118.570220947266 -120.193634033203 -122.120498657227 -124.582290649414 -126.720138549805 -128.648468017578 -130.353378295898 -132.727447509766 -134.762115478516 -136.720550537109 -139.34765625 -143.381454467773 -147.493270874023 -152.125564575195 -155.04345703125 -156.287322998047 -155.749893188477 -153.575408935547 -150.764724731445 -144.110336303711 -136.13525390625 -126.992500305176 -117.108276367188 -107.233047485352 -96.8085174560547 -88.1370544433594 -81.3468017578125 -75.8205413818359 -9999 -9999 -9999 -9999 -9999 -84.2402954101562 -89.9246673583984 -95.670051574707 -100.642730712891
-9999 -9999 -81.8217239379883 -89.9630813598633 -98.0300445556641 -104.514236450195 -109.914215087891 -113.115989685059 -114.666999816895 -114.838775634766 -114.373870849609 -113.710739135742 -113.349411010742 -113.056221008301 -113.409629821777 -114.600959777832 -116.221778869629 -118.181213378906 -120.52180480957 -123.131187438965 -125.63956451416 -127.936332702637 -129.665069580078 -131.48942565918 -133.09797668457 -135.031387329102 -137.171279907227 -140.108413696289 -143.765686035156 -147.697525024414 -150.274063110352 -151.4658203125 -150.921691894531 -148.601638793945 -144.110733032227 -137.88313293457 -130.3193359375 -121.699562072754 -112.602363586426 -103.722717285156 -95.7798767089844 -88.4475555419922 -81.8360824584961 -77.6269836425781 -75.2024154663086 -9999 -9999 -9999 -9999 -9999 -93.659065246582 -99.2243194580078 -103.931785583496
-9999 -9999 -85.7709197998047 -94.1122970581055 -101.76237487793 -107.526695251465 -111.941566467285 -114.29460144043 -115.049453735352 -114.617027282715 -113.46044921875 -112.062408447266 -110.819808959961 -110.173637390137 -110.157615661621 -110.899185180664 -112.287940979004 -114.273902893066 -116.775955200195 -119.574989318848 -122.437194824219 -124.73974609375 -126.447341918945 -127.946731567383 -129.29411315918 -130.657318115234 -132.430618286133 -134.255645751953 -137.504516601562 -140.708297729492 -143.522445678711 -144.83610534668 -144.335174560547 -142.263031005859 -138.582626342773 -132.975494384766 -125.912750244141 -118.028518676758 -109.912818908691 -102.166366577148 -95.186897277832 -88.4441452026367 -82.881103515625 -79.6331176757812 -77.9457244873047 -9999 -9999 -9999 -9999 -92.2650375366211 -97.4421844482422 -102.719581604004 -107.247505187988
-9999 -9999 -91.5555877685547 -99.8813629150391 -107.332542419434 -112.223594665527 -115.601776123047 -116.882331848145 -116.535751342773 -115.316696166992 -113.481918334961 -111.391418457031 -109.328063964844 -107.643905639648 -106.821968078613 -106.954254150391 -107.92650604248 -109.632911682129 -112.079299926758 -114.892364501953 -117.630714416504 -120.017631530762 -121.638023376465 -122.738143920898 -123.837074279785 -124.572204589844 -126.074363708496 -127.792541503906 -129.884704589844 -132.801071166992 -136.101333618164 -137.672393798828 -137.747131347656 -135.918838500977 -132.574295043945 -128.015106201172 -121.33162689209 -114.439788818359 -107.337509155273 -100.500633239746 -94.0693283081055 -88.7747421264648 -84.1244354248047 -81.8818893432617 -81.2527465820312 -9999 -9999 -9999 -92.6771240234375 -97.6944427490234 -102.479858398438 -106.930648803711 -111.166259765625
-9999 -90.3745193481445 -99.0606689453125 -107.332305908203 -114.284172058105 -118.36003112793 -120.586639404297 -120.637832641602 -119.330688476562 -117.246917724609 -114.747406005859 -112.061958312988 -109.197685241699 -106.807662963867 -105.023681640625 -104.278305053711 -104.684371948242 -105.902671813965 -107.95401763916 -110.396751403809 -112.888618469238 -114.933456420898 -116.514839172363 -117.365226745605 -117.981437683105 -118.493171691895 -119.507217407227 -121.269493103027 -123.075309753418 -125.647285461426 -128.435073852539 -130.444702148438 -131.154098510742 -129.826522827148 -126.638916015625 -122.469451904297 -117.177871704102 -111.048919677734 -104.760734558105 -98.3803863525391 -93.2156982421875 -88.7285003662109 -85.6513824462891 -84.4534530639648 -85.0135498046875 -86.9169921875 -90.3794403076172 -94.2372360229492 -98.5410308837891 -103.189186096191 -107.88988494873 -112.394920349121 -116.158004760742
-90.6840057373047 -99.2470321655273 -108.070922851562 -115.892425537109 -121.349937438965 -124.991363525391 -125.982574462891 -124.949905395508 -122.488174438477 -119.537857055664 -116.383758544922 -113.29460144043 -110.236968994141 -107.167327880859 -104.762672424316 -103.49494934082 -103.046913146973 -103.767753601074 -105.122741699219 -106.9345703125 -108.97802734375 -110.840049743652 -112.092910766602 -112.607765197754 -112.893836975098 -113.275131225586 -114.263931274414 -115.772918701172 -117.511734008789 -119.731567382812 -121.93473815918 -124.257606506348 -124.914947509766 -124.067436218262 -121.675407409668 -118.08324432373 -113.178642272949 -107.455047607422 -101.988349914551 -96.8365097045898 -92.5037384033203 -89.5434799194336 -88.1448135375977 -87.8528747558594 -89.6369781494141 -92.716194152832 -96.3511276245117 -100.36156463623 -104.684982299805 -108.968238830566 -113.231666564941 -117.26708984375 -121.061912536621
-100.357803344727 -108.932289123535 -117.578750610352 -124.786895751953 -129.298828125 -131.559753417969 -131.279708862305 -128.97412109375 -125.609344482422 -122.054847717285 -118.55883026123 -115.127876281738 -111.888793945312 -108.564147949219 -105.828826904297 -104.041709899902 -103.034698486328 -102.939064025879 -103.68546295166 -104.977806091309 -106.571792602539 -107.868202209473 -108.65697479248 -108.972640991211 -109.005279541016 -109.352745056152 -110.003219604492 -111.706100463867 -113.340301513672 -115.394714355469 -117.599098205566 -119.304244995117 -120.201477050781 -119.504348754883 -117.161750793457 -113.878860473633 -109.621948242188 -104.742965698242 -100.007057189941 -95.7755126953125 -92.8430709838867 -91.0691299438477 -91.0146331787109 -92.028678894043 -95.0223999023438 -98.5904846191406 -102.846908569336 -107.286247253418 -111.724174499512 -115.742561340332 -119.368957519531 -122.754219055176 -125.928726196289
-110.496276855469 -118.931777954102 -126.764984130859 -132.515197753906 -136.227630615234 -136.984603881836 -135.55158996582 -132.52766418457 -128.728546142578 -124.731758117676 -120.960998535156 -117.330101013184 -113.990188598633 -110.606918334961 -108.017692565918 -105.561416625977 -104.145095825195 -103.458541870117 -103.713714599609 -104.483123779297 -105.355186462402 -106.136680603027 -106.606582641602 -106.760124206543 -106.873481750488 -106.96435546875 -107.368217468262 -108.904747009277 -110.594482421875 -112.712600708008 -114.748306274414 -116.311157226562 -116.934875488281 -116.206077575684 -114.087333679199 -111.340919494629 -107.434204101562 -103.20694732666 -99.446174621582 -97.4072952270508 -95.3915100097656 -94.0738983154297 -94.66162109375 -97.1553344726562 -100.531776428223 -104.95002746582 -110.164482116699 -115.368698120117 -119.920654296875 -123.668655395508 -126.68350982666 -129.255187988281 -131.408325195312
-120.512451171875 -127.662590026855 -134.29541015625 -139.184753417969 -141.546478271484 -141.2802734375 -138.576705932617 -134.855514526367 -130.965881347656 -126.905555725098 -122.990577697754 -119.456695556641 -116.158088684082 -112.987258911133 -110.372802734375 -107.870063781738 -105.96955871582 -104.971656799316 -104.633483886719 -104.845092773438 -105.291435241699 -105.720840454102 -106.003273010254 -105.927658081055 -106.012046813965 -106.073486328125 -106.333534240723 -107.486961364746 -109.279563903809 -111.365928649902 -113.411521911621 -114.811019897461 -115.354095458984 -114.774444580078 -112.835975646973 -110.625381469727 -108.374481201172 -105.306045532227 -102.495346069336 -100.265975952148 -99.139762878418 -99.1359176635742 -100.762084960938 -103.927551269531 -107.642539978027 -112.380981445312 -118.229667663574 -124.029136657715 -128.96842956543 -132.660339355469 -135.07731628418 -136.586288452148 -137.534545898438
-129.109832763672 -135.431304931641 -140.550369262695 -143.709289550781 -144.408203125 -142.882537841797 -139.548034667969 -135.508682250977 -131.465103149414 -127.656066894531 -124.131401062012 -120.95344543457 -117.756126403809 -114.987373352051 -112.458786010742 -110.147682189941 -108.398300170898 -107.284461975098 -106.676170349121 -106.438629150391 -106.521148681641 -106.709465026855 -106.763954162598 -106.594871520996 -106.547660827637 -106.517631530762 -106.91455078125 -107.92626953125 -109.708389282227 -111.702919006348 -113.640182495117 -115.205467224121 -115.875099182129 -115.409660339355 -114.463088989258 -113.438217163086 -111.210517883301 -109.004600524902 -107.00675201416 -105.620223999023 -105.02067565918 -105.814842224121 -107.966468811035 -111.925315856934 -116.728698730469 -121.418975830078 -127.645751953125 -133.776428222656 -138.812759399414 -142.066513061523 -143.877853393555 -144.493881225586 -144.190658569336
-136.357269287109 -140.897964477539 -144.208404541016 -145.336029052734 -144.482437133789 -142.072341918945 -138.373840332031 -134.433792114258 -130.703659057617 -127.281837463379 -124.318244934082 -121.49942779541 -118.928047180176 -116.797370910645 -114.881675720215 -113.153091430664 -111.762771606445 -110.92578125 -110.266586303711 -109.979454040527 -109.789077758789 -109.495742797852 -109.230140686035 -108.927658081055 -108.815010070801 -108.669242858887 -109.01171875 -110.052047729492 -112.049263000488 -113.96898651123 -115.831970214844 -117.559425354004 -118.401321411133 -118.376129150391 -118.373428344727 -118.201889038086 -116.79426574707 -115.254951477051 -114.13655090332 -113.560371398926 -113.50602722168 -114.194725036621 -116.491973876953 -120.82511138916 -126.082374572754 -131.745315551758 -138.155517578125 -144.338088989258 -149.172653198242 -152.065994262695 -153.098785400391 -152.532104492188 -151.074981689453
-140.770416259766 -143.621627807617 -144.88102722168 -144.178665161133 -142.079956054688 -139.211090087891 -135.612350463867 -131.952987670898 -128.729721069336 -125.980728149414 -123.819984436035 -121.848701477051 -120.188583374023 -119.070587158203 -118.073745727539 -117.396774291992 -116.768676757812 -116.232933044434 -115.819625854492 -115.346305847168 -114.950241088867 -114.460227966309 -113.97876739502 -113.22046661377 -112.74129486084 -112.538581848145 -112.767646789551 -114.036849975586 -116.085144042969 -118.249336242676 -120.433662414551 -122.354942321777 -123.674789428711 -124.315765380859 -126.158233642578 -125.787086486816 -124.996032714844 -124.195137023926 -123.939010620117 -123.70735168457 -123.684646606445 -124.35188293457 -126.458206176758 -130.539947509766 -136.469436645508 -142.882919311523 -148.819381713867 -155.381927490234 -159.646301269531 -161.821014404297 -161.967208862305 -160.46223449707 -157.759307861328
