indici/fabbisogno07.asc
NCOLS 177 
NROWS 174 
XLLCORNER 1436301.375 
YLLCORNER 4916704.5 
CELLSIZE 1500 
NODATA_value -9999 
[rows 24 to 47 of 174, columns 54 to 107 of 177]
-9999 -9999 -24.3482650756836 -34.6268898010254 -38.5574199676514 -37.6494117736816 -26.3119125366211 -35.2134349822998 -31.5387226104736 -27.8885280609131 -8.22576522827148 10.3125080108642 9.52548141479492 -9999 -9999 -9999 -9999 -9999 -9999 -9999 -9999 -9999 -9999 -9999 -9999 -9999 -9999 -9999 -9999 -9999 -9999 -9999 -9999 -9999 -9999 -9999 -9999 -9999 -9999 -9999 -9999 -9999 -9999 -9999 -9999 -9999 -9999 -9999 -8.24054222106934 -18.5761352539063 -25.0805282592773 -44.2609428405762 -53.3244583129883 -61.830334854126
-9999 -9999 -9999 -39.3452938079834 -38.8222309112549 -44.1127494812012 -33.2658908843994 -27.4030662536621 -23.9719055175781 -20.678645324707 -17.238765335083 -0.854425048828134 6.1394775390625 -9999 -9999 -9999 -9999 -9999 -9999 -9999 -9999 -9999 -9999 -9999 -9999 -9999 -9999 -9999 -9999 -9999 -9999 -9999 -9999 -9999 -9999 -9999 -9999 -9999 -9999 -9999 -9999 -9999 -9999 -9999 -9999 -9999 -9999 -9999 -6.08823890686035 -12.0676582336426 -25.2228698730469 -36.5128089904785 -45.0574005126953 -47.496607208252
-9999 -9999 -9999 -44.461682510376 -48.2922878265381 -46.3384490966797 -35.198906326294 -32.7449241638184 -38.0821159362793 -28.1795127868652 -25.0851715087891 -10.5444332122803 -2.66067657470704 -9999 -9999 -9999 -9999 -9999 -9999 -9999 -9999 -9999 -9999 -9999 -9999 -9999 -9999 -9999 -9999 -9999 -9999 -9999 -9999 -9999 -9999 -9999 -9999 -9999 -9999 -9999 -9999 -9999 -9999 -9999 -9999 -9999 11.2525802612305 5.03005485534668 -2.86131820678711 -10.6794006347656 -19.9465019226074 -30.0609306335449 -35.0487522125244 -35.7344158172607
-9999 -9999 -9999 -42.6419124603271 -46.0123035430908 -51.5861419677734 -38.8132556915283 -28.4705528259277 -36.3201446533203 -33.4556674957275 -30.0504428863525 -19.6289546966553 -15.8623157501221 -3.2423038482666 -9999 -9999 -9999 -9999 -9999 -9999 -9999 -9999 -9999 -9999 -9999 -9999 -9999 -9999 -9999 -9999 -9999 -9999 -9999 -29.6855545043945 -32.5985942840576 -23.0951732635498 -23.1139461517334 -16.2007263183594 -8.42021026611328 -9999 -9999 -9999 -9999 -9999 -9999 -9999 8.32905197143555 8.03551406860352 0.342252349853517 -6.59202499389649 -10.8489448547363 -16.0080570220947 -15.5392147064209 -30.6615749359131
-9999 -9999 -9999 -43.5130966186523 -45.1471618652344 -47.9609985351562 -42.5327075958252 -27.7951663970947 -35.9474353790283 -34.0159004211426 -32.3404209136963 -24.8375385284424 -13.6812320709229 -12.1885719299316 -4.65278663635254 -9999 -9999 -9999 -9999 -9999 -9999 -9999 -9999 -9999 -9999 -9999 -9999 -9999 -9999 -9999 -9999 -47.5556758880615 -45.0341915130615 -40.7961490631104 -35.4164630889893 -31.4006023406982 -26.5050895690918 -20.1067569732666 -13.5357940673828 -7.78958740234375 -9999 -9999 -9999 -9999 -9999 9.66789855957031 8.70782814025879 10.5912021636963 2.87962570190429 -6.24927101135254 -13.0423355102539 -20.5098655700684 -22.6055389404297 -23.005738067627
-9999 -9999 -9999 -9999 -42.3458713531494 -35.175634765625 -33.5213989257813 -29.547110748291 -33.8770133972168 -35.6434497833252 -25.8837905883789 -23.0064640045166 -17.0335968017578 -13.3649444580078 -10.9166152954102 -1.73046493530273 -9999 -9999 -9999 -9999 -9999 -9999 -9999 -9999 -9999 -9999 -33.0833560943604 -43.486612701416 -49.8787841796875 -56.7935592651367 -58.6966285705566 -62.1186515808105 -59.1015674591064 -51.8030017852783 -42.8799419403076 -39.4945514678955 -33.5591819763184 -23.4133827209473 -15.786308670044 -10.7468715667725 -9999 -9999 -9999 -9999 -9999 10.130033493042 9.28196487426757 13.9229064941406 0.41123733520508 -4.58048362731934 -12.1265659332275 -19.1775108337402 -11.7554977416992 -15.4305465698242
-9999 -9999 -9999 -9999 -33.5875511169434 -39.1078880310059 -38.0976062774658 -28.6645973205566 -29.5058521270752 -27.9155002593994 -20.3279270172119 -18.5980487823486 -16.1143939971924 -10.6271423339844 -6.85030364990234 -1.00894317626954 -9999 -9999 -9999 -9999 -9999 -9999 -9999 -9999 -9999 -39.2791870117187 -48.361950302124 -48.0359252929688 -61.2425457000733 -66.4889087677002 -61.46422996521 -67.5253509521484 -63.4028316497803 -60.3912944793701 -50.4812610626221 -46.3133380889893 -38.6439418792725 -27.8861927032471 -17.4047325134277 -13.164208984375 -9999 -9999 -9999 -9999 -9999 8.33773002624512 7.51471252441406 9.71377639770508 10.6483692169189 6.02210311889648 5.48587341308594 -6.26701622009277 -12.9112182617188 -14.9897731781006
-9999 -9999 -9999 -25.3487838745117 -29.5918270111084 -35.5242294311523 -34.3007259368896 -29.8871746063232 -25.1260234832764 -23.1162906646729 -26.6518772125244 -23.1716819763184 -22.5436874389649 -21.7331359863281 -17.5076221466065 -16.1115573883057 -17.471558380127 -9999 -9999 -9999 -9999 -9999 -9999 -9999 -9999 -50.3122638702393 -57.279821395874 -56.5121452331543 -59.9137794494629 -56.4499534606934 -58.8323226928711 -63.437979888916 -67.5135780334473 -67.6231513977051 -52.6936546325684 -46.3617630004883 -45.2706134796143 -26.3016593933105 -20.1732284545898 -15.9082057952881 -7.00697097778321 -9999 -9999 -9999 -9999 -9999 4.7141586303711 1.42674522399902 1.84377784729004 -8.015336227417 -4.3115333557129 -7.09715766906739 -4.56338920593262 -11.1953804016113
-9999 -9999 -9999 -19.5625591278076 -22.6686573028564 -22.9230545043945 -23.6103408813477 -23.8561000823975 -20.9349998474121 -26.2124031066895 -33.8437789916992 -35.9085586547852 -39.7646774291992 -36.1584575653076 -39.2621799468994 -35.3029724121094 -33.984252166748 -39.3948921203613 -32.1615818023682 -9999 -9999 -9999 -9999 -9999 -9999 -62.2256145477295 -63.9810657501221 -63.6164455413818 -61.3486087799072 -73.8710144042969 -69.0671798706055 -55.1549346923828 -57.6714279174805 -61.1821258544922 -56.0298629760742 -43.2688056945801 -36.5984195709229 -34.0952041625977 -26.3604209899902 -18.2105590820313 -8.79398956298829 -9999 -9999 -9999 -9999 -9999 8.03128433227539 -1.8056022644043 -5.67333869934082 -9.15811538696289 -16.9121364593506 -19.1789615631103 -7.18408813476563 0.405550003051758
-9999 -9999 2.94571228027344 -10.15016746521 -10.7709926605225 -20.0853302001953 -20.3387184143066 -17.2169540405273 -18.2613033294678 -29.2546703338623 -34.0391647338867 -37.8893257141113 -52.7131866455078 -44.3437118530273 -47.3875831604004 -48.30246925354 -41.5851932525635 -39.7015350341797 -46.0542591094971 -47.9077053070068 -48.4559963226318 -47.0269691467285 -51.2951881408691 -53.2330787658691 -61.0447120666504 -66.5382579803467 -63.6783939361572 -66.0969795227051 -70.8224277496338 -75.6528957366943 -74.5894145965576 -65.1522407531738 -52.8261924743652 -61.1664958953858 -56.9507011413574 -34.2208629608154 -37.6362468719482 -33.1460662841797 -26.0695781707764 -19.8500160217285 -10.5014122009277 -9999 -9999 -9999 -9999 -9999 -9999 -4.11513214111329 -9.34132843017579 -11.2256160736084 -20.3281620025635 -21.707536315918 -14.6169178009033 4.11004028320312
-9999 -9999 -0.869779205322274 -8.18044624328614 -11.8338733673096 -17.8944568634033 -14.963359451294 -15.9769668579102 -15.7997833251953 -21.6295631408691 -35.7323299407959 -51.2520214080811 -54.7593055725098 -51.5793323516846 -52.9256053924561 -48.5664054870605 -34.7929649353027 -47.784033203125 -48.3281360626221 -45.2534839630127 -52.615641784668 -51.2268211364746 -51.3626235961914 -51.3000896453857 -55.3656795501709 -60.0844940185547 -67.4828952789307 -70.886695098877 -71.9218498229981 -74.2592651367188 -73.4075309753418 -65.1538509368897 -41.4767951965332 -40.7668983459473 -32.3253524780273 -31.0389308929443 -39.1828754425049 -32.3127410888672 -28.1094444274902 -20.2794429779053 -11.0808174133301 -3.96490516662598 2.34252090454102 -9999 -9999 -9999 -9999 -9999 -12.6449138641357 -18.3412410736084 -23.2372066497803 -16.7314910888672 -3.02953567504883 7.80318756103516
-9999 8.02899284362793 6.47934570312499 7.61293869018554 -1.14016113281251 -8.46221771240235 -19.2777503967285 -20.3584800720215 -15.9293380737305 -19.3648151397705 -33.0730731964111 -46.9560848236084 -50.6231334686279 -43.2639488220215 -41.3097442626953 -37.3397602081299 -38.225834274292 -48.2279987335205 -47.7124496459961 -46.1372215270996 -49.8802547454834 -46.6397743225098 -46.7706619262695 -38.2000610351563 -42.0462718963623 -55.9453262329102 -65.483975982666 -70.875528717041 -69.7464263916016 -69.6769004821777 -64.9262226104736 -50.1891857147217 -34.9330280303955 -31.5612312316895 -31.8026882171631 -38.8485591888428 -39.7395370483398 -31.7156997680664 -24.481196975708 -16.651713180542 -5.56607666015626 9.50832138061523 1.04416999816894 1.28165359497071 -9999 -9999 -9999 -9999 -9999 -21.4166275024414 -23.1274036407471 -16.2771564483643 3.48655776977539 7.80710105895996
-9999 13.6029327392578 14.0749588012695 -5.96224555969239 -4.91604843139649 -11.348254776001 -23.1544689178467 -21.566300201416 -21.7223091125488 -21.3054546356201 -24.6625732421875 -34.5368160247803 -43.2157150268555 -37.8741649627686 -48.3353885650635 -49.6432636260986 -46.4108547210693 -52.866206741333 -44.1072784423828 -37.4309864044189 -42.6724250793457 -31.3072288513184 -31.3862453460693 -43.6398822784424 -51.4305896759033 -56.5603755950928 -57.2910629272461 -60.4625202178955 -62.1878265380859 -61.2407936096191 -55.5807182312012 -43.8296894073486 -28.0051425933838 -38.8430885314941 -44.7788848876953 -42.229914855957 -31.8196475982666 -26.4193752288818 -23.1374889373779 -15.7063819885254 -8.16242790222168 11.3247093200684 -1.04039115905762 -1.17640800476075 -9999 -9999 -9999 -9999 -9.76630973815918 -17.7956413269043 -18.6663429260254 -2.19933891296387 8.25711250305176 4.25626792907714
-9999 10.8531219482422 3.21714630126952 -11.5964458465576 -18.9332984924316 -24.6061660766602 -29.9908199310303 -31.72493019104 -28.1749572753906 -23.2824787139893 -25.6145671844482 -33.7600563049316 -42.4885047912598 -36.985771560669 -43.5524513244629 -52.5618190765381 -57.3211826324463 -53.0269664764404 -43.8128032684326 -34.2711803436279 -28.713330078125 -27.79299659729 -46.3985675811768 -48.7780330657959 -48.8586109161377 -46.4320079803467 -51.7953227996826 -53.2247333526611 -50.1436141967773 -50.5882064819336 -44.4321830749512 -33.3894882202148 -23.6118682861328 -23.3546417236328 -34.9587917327881 -28.9888061523438 -32.1292007446289 -26.4183544158936 -20.6748233795166 -12.3788829803467 -4.71203155517578 13.1055778503418 -1.9395378112793 -2.75349960327149 -9999 -9999 -9999 19.5340843200684 0.7821044921875 -1.29733009338379 1.92559051513672 7.90489921569824 6.10519561767578 -8.18545570373536
10.959680557251 5.03120079040526 -5.11904220581054 -10.0617034912109 -20.8596294403076 -33.6628002166748 -37.3133213043213 -38.3999542236328 -31.9209407806397 -32.4798614501953 -27.7973583221436 -29.2218498229981 -38.8790832519531 -38.6543785095215 -49.8724609375 -55.8672435760498 -52.3399353027344 -54.5318428039551 -51.3406730651856 -45.4298458099365 -45.0113849639893 -24.3625736236572 -36.8367733001709 -30.7178203582764 -34.6019737243652 -41.9077030181885 -44.5313453674316 -45.2758419036865 -47.7938041687012 -48.7393146514893 -46.5583225250244 -42.0078811645508 -21.6678031921387 -17.0742782592773 -37.0796096801758 -15.3842811584473 -29.3994152069092 -22.0523105621338 -16.3537395477295 -11.2732841491699 0.894670104980463 2.99472427368164 -4.01064605712891 -5.73257789611817 -6.51411514282226 -9.75514259338379 -7.19901199340821 6.1138385772705 12.2830627441406 9.1828727722168 3.94045600891113 0.0281528472900305 -6.34896163940429 -23.7874591827393
8.5384967803955 2.74054832458496 -2.69381179809571 -14.7338932037353 -20.7776206970215 -30.5566543579102 -41.1758323669434 -45.0890266418457 -44.5132568359375 -44.3939720153809 -38.8459369659424 -35.4850685119629 -32.6008960723877 -40.5189437866211 -47.3663536071777 -47.255443572998 -45.2895317077637 -50.2351707458496 -46.0985790252686 -44.4496150970459 -38.6503986358643 -21.7389484405518 -20.2152278900146 -31.3185775756836 -34.2970504760742 -35.3547039031982 -37.5278400421143 -41.1230236053467 -39.9691982269287 -38.3168212890625 -43.5540950775146 -43.4091976165771 -30.5693592071533 -11.6045249938965 -13.1359714508057 -17.2438606262207 -20.3602111816406 -17.1500633239746 -6.26079025268555 -7.15582542419433 14.8842185974121 9.14439010620117 -4.90545768737793 2.40979232788085 -6.50969467163087 5.72896003723145 4.91661109924316 11.3615337371826 7.89162559509278 2.7676528930664 -10.2326663970947 -7.97262611389161 -30.1838275909424 -35.2223560333252
9.23184509277344 -3.4282886505127 -15.987911605835 -20.7688751220703 -20.9191070556641 -30.0525485992432 -39.828263092041 -40.8718299865723 -40.6165412902832 -41.8616092681885 -38.0197788238525 -33.7943824768066 -34.6062351226807 -42.146821975708 -40.5483375549316 -46.3524871826172 -49.0391136169434 -50.6695693969727 -47.8657119750977 -36.77385597229 -25.5808731079102 -18.3620635986328 -23.6703586578369 -18.5084461212158 -18.6536865234375 -13.4541595458984 -20.7774333953857 -18.6251571655273 -20.5002956390381 -26.470206451416 -34.3354957580566 -39.8629806518555 -28.738533782959 -9.50950088500977 -7.08151550292969 -14.6839859008789 -9.92433738708496 2.5624584197998 12.0599788665771 12.4493503570557 23.2958759307861 1.88167304992676 0.71948318481445 3.38808326721191 7.48144035339355 9.05955123901367 9.89366378784179 6.12766685485839 -8.00785903930664 -20.7225486755371 -31.6430107116699 -37.4829933166504 -37.2316123962402 -31.5447547912598
7.02472953796386 -2.77807121276855 -12.0948322296143 -23.9692790985107 -25.3336898803711 -30.0068641662598 -36.3707950592041 -38.3397605895996 -39.1717281341553 -41.0236396789551 -35.1640449523926 -35.9748443603516 -44.5285720825195 -47.185933303833 -54.3509586334228 -53.7437980651855 -52.1704555511475 -49.2359439849854 -42.1345195770264 -37.9361293792725 -22.4365955352783 -18.5545551300049 -15.316622543335 -12.6513599395752 -10.8937324523926 -10.0435237884521 -13.0114585876465 -12.2366432189941 -14.4091117858887 -15.6341743469238 -18.0052352905274 -17.1265213012695 -15.3708660125732 -6.49083786010742 -5.35299491882324 -0.527480316162112 4.15945968627929 9.48518257141113 14.5025611877441 18.4249317169189 20.99856300354 16.2784629821777 10.7017543792725 6.931396484375 6.8666576385498 8.48447265624999 4.18196182250976 -3.49944076538087 -15.282596206665 -32.3396656036377 -37.3910179138184 -36.6359313964844 -38.4428615570068 -31.1397010803223
0.322108459472659 -7.9722957611084 -15.5024402618408 -23.0675212860107 -27.6055877685547 -30.277152633667 -35.8326995849609 -35.8189861297607 -34.0816246032715 -35.2430793762207 -36.840145111084 -38.6130073547363 -47.8418838500977 -47.8234554290772 -45.4222606658936 -44.1497032165527 -39.0662425994873 -41.918900680542 -32.8871200561523 -26.6415496826172 -21.7251956939697 -17.5707397460938 -8.68355293273926 -5.69172172546386 -4.24244956970215 -3.11941146850586 -5.57813720703125 -7.37283439636231 -8.98581008911133 -10.4524295806885 -9.8168384552002 -13.4467872619629 -10.6381439208984 -2.65122871398925 0.846767807006827 4.97439460754394 9.94615745544434 13.444095993042 15.671614074707 18.995288848877 21.1914642333984 17.6243217468262 11.6246913909912 7.81260337829589 3.35137977600097 2.17981414794922 -4.48343963623047 -16.5824352264404 -26.4136859893799 -29.8766765594482 -28.7111679077149 -22.3419120788574 -22.2022941589355 -22.5181915283203
-7.22806549072266 -13.370520401001 -17.4325607299805 -22.9942768096924 -29.483801651001 -31.1378131866455 -32.2545711517334 -31.8820423126221 -33.7571754455566 -35.4651176452637 -36.5187324523926 -41.5657032012939 -41.0066967010498 -40.6048038482666 -38.0587928771973 -36.5145252227783 -33.1947216033936 -31.9839061737061 -28.9445644378662 -24.3220592498779 -21.8272563934326 -18.4171363830566 -10.9580051422119 -12.6785305023193 -8.2151668548584 -8.59840469360351 -6.1216968536377 -5.82838134765625 -5.94323921203613 -7.17521018981934 -7.7853385925293 -7.82941055297852 -7.97566986083984 -6.4934196472168 -4.74050445556641 -1.18228645324707 1.62134017944335 8.56876220703124 10.9188571929932 13.2790332794189 13.5425422668457 13.1088134765625 9.7889923095703 4.92676582336425 -0.611592102050778 -8.36785736083985 -21.8574146270752 -32.7418815612793 -30.7891468048096 -34.9730278015137 -41.7331405639649 -36.3453800201416 -42.4186023712158 -46.5450313568115
-18.587943649292 -21.1964237213135 -22.7842128753662 -25.1767272949219 -25.3633720397949 -27.241092300415 -29.3856979370117 -31.2969425201416 -33.8356811523438 -34.7680858612061 -35.462154006958 -35.4444313049316 -35.340731048584 -33.7078151702881 -32.511499786377 -30.5022216796875 -28.6200435638428 -27.190172958374 -23.1206356048584 -19.8458118438721 -17.9723213195801 -17.7019763946533 -22.612340927124 -21.7518661499023 -23.8858295440674 -22.3633655548096 -18.4060668945312 -15.4780715942383 -14.9744152069092 -16.7393104553223 -16.8463600158691 -15.8548858642578 -16.1359733581543 -15.692370223999 -14.5830059051514 -10.9551937103272 -8.7423210144043 -3.79222755432129 -3.12386627197266 -1.26983604431153 -1.00035667419434 -0.798212814331052 -3.62527618408204 -13.3242904663086 -18.7721004486084 -27.0321098327637 -31.0886417388916 -45.4647811889648 -51.9189975738525 -60.2155212402344 -54.5616355895996 -48.6948444366455 -64.2099296569824 -68.0691566467285
-18.4951900482178 -19.5394145965576 -22.5770683288574 -23.034215927124 -24.7790950775147 -26.8046001434326 -28.5566120147705 -30.5467216491699 -33.9739719390869 -36.827653503418 -40.1745658874512 -34.8051506042481 -35.4690528869629 -37.0296604156494 -38.1876724243164 -37.7130512237549 -31.4326198577881 -29.4685066223145 -27.4354106903076 -28.1799858093262 -26.4057079315186 -26.4411685943603 -28.8670486450195 -29.191918182373 -41.1930156707764 -38.883264541626 -33.5080268859863 -23.4889324188232 -24.8775058746338 -32.9390312194824 -25.2518238067627 -23.9217498779297 -27.3998168945313 -22.5830638885498 -33.6756065368652 -14.8171783447266 -28.9527153015137 -21.0342666625977 -20.4103233337402 -21.0262874603272 -15.7272449493408 -17.0918098449707 -21.7013053894043 -38.2925521850586 -43.9992454528809 -50.2111019134522 -47.2821411132813 -55.081909942627 -69.8131496429443 -68.3214088439941 -66.6957870483399 -69.6702865600586 -66.8384632110596 -74.0599712371826
-25.1239067077637 -25.2155292510986 -23.4029125213623 -22.2525913238525 -24.5223125457764 -29.0860820770264 -27.9541187286377 -31.5336971282959 -33.9583381652832 -36.3257221221924 -39.5360607147217 -39.4392551422119 -39.7915607452393 -43.371028137207 -44.1003692626953 -43.2054195404053 -41.6206932067871 -39.6727180480957 -38.1048431396484 -39.4883884429932 -38.1326835632324 -37.1436576843262 -41.1563022613525 -43.0530651092529 -41.9197872161865 -49.6580154418945 -51.8368232727051 -33.9492561340332 -44.9664932250977 -35.3981147766113 -50.3662273406982 -31.4639453887939 -38.6232181549072 -45.8535190582275 -44.8167728424072 -22.1890319824219 -37.7785911560059 -34.3723701477051 -40.7716094970703 -37.7161632537842 -26.0437747955322 -37.3129413604736 -41.1522052764893 -46.4272590637207 -60.4019145965576 -64.2880107879639 -67.7003482818604 -50.3984516143799 -72.7240707397461 -74.9579814910889 -75.0156951904297 -74.304581451416 -72.7721244812012 -77.9426746368408
-37.6442443847656 -26.0340358734131 -21.8009788513184 -19.6799690246582 -21.4239921569824 -24.667374420166 -31.1400833129883 -33.1417686462402 -33.2271427154541 -35.962370300293 -46.4302928924561 -42.8210071563721 -39.0146488189697 -42.0350708007813 -53.2898620605469 -54.6084041595459 -49.8806304931641 -44.6543342590332 -45.7057334899902 -45.4684597015381 -55.6508293151855 -50.1072151184082 -59.7229793548584 -49.6593353271484 -51.1564300537109 -61.6928951263428 -61.4632266998291 -47.4041172027588 -49.6006546020508 -46.8338233947754 -56.8267387390137 -49.7248779296875 -55.8126594543457 -57.400057220459 -41.092467880249 -36.8931037902832 -41.5537685394287 -48.2275051116943 -47.7997901916504 -46.0575508117676 -38.8008266448975 -53.7519439697266 -46.3211231231689 -63.3007675170898 -67.8717426300049 -71.7714649200439 -73.6525554656982 -60.1798683166504 -74.7993419647217 -78.5293510437012 -75.3855121612549 -80.7747707366943 -80.6548778533936 -79.5192897796631
