indici/fabbisogno09.asc
NCOLS 177 
NROWS 174 
XLLCORNER 1436301.375 
YLLCORNER 4916704.5 
CELLSIZE 1500 
NODATA_value -9999 
[rows 140 to 159 of 174, columns 88 to 131 of 177]
-87.4494934082031 -87.8809967041016 -88.1978225708008 -88.5308685302734 -88.8824081420898 -88.3897476196289 -87.700325012207 -87.0562973022461 -85.950569152832 -84.3416137695312 -82.7389907836914 -81.314453125 -80.8292999267578 -80.3757400512695 -79.9537353515625 -79.1621322631836 -78.2992782592773 -77.443244934082 -76.4514236450195 -75.3296813964844 -74.1629638671875 -73.1043395996094 -72.5404968261719 -71.9236297607422 -71.2594146728516 -70.8430862426758 -70.4501495361328 -70.0047912597656 -69.4705352783203 -68.8640441894531 -68.3114547729492 -67.7451934814453 -67.1049041748047 -66.5234756469727 -65.9888076782227 -66.3200988769531 -66.747314453125 -67.1808166503906 -67.5907440185547 -67.9807434082031 -68.4308853149414 -68.9192123413086 -69.5082550048828 -70.071891784668
-87.5315017700195 -87.9993743896484 -88.4250411987305 -88.8680114746094 -89.3315048217773 -89.0234603881836 -88.525260925293 -88.097541809082 -87.1046600341797 -85.4652862548828 -83.8094100952148 -82.3077621459961 -81.7388153076172 -81.1943588256836 -80.6758041381836 -79.8362884521484 -78.9317016601562 -78.0514602661133 -77.0019378662109 -75.7811813354492 -74.526008605957 -73.3824462890625 -72.7991027832031 -72.1533355712891 -71.4502410888672 -71.0153961181641 -70.6132049560547 -70.1534423828125 -69.6367950439453 -69.0710906982422 -68.5636596679688 -68.0559768676758 -67.509162902832 -67.0228958129883 -66.5882110595703 -66.8885269165039 -67.2915115356445 -67.714111328125 -68.0679473876953 -68.3649368286133 -68.7231903076172 -69.1117095947266 -69.5818710327148 -70.0181274414062
-87.6374816894531 -88.1645278930664 -88.7243804931641 -89.2869338989258 -89.8513641357422 -89.714729309082 -89.3924713134766 -89.1445846557617 -88.233154296875 -86.524658203125 -84.7978668212891 -83.2064819335938 -82.5400543212891 -81.8935394287109 -81.2695388793945 -80.3714752197266 -79.4144058227539 -78.4953079223633 -77.3752517700195 -76.0400085449219 -74.6931686401367 -73.462516784668 -72.8596496582031 -72.1927261352539 -71.4611358642578 -71.0169906616211 -70.6157913208008 -70.1518936157227 -69.6609954833984 -69.1458358764648 -68.6963577270508 -68.2588272094727 -67.818244934082 -67.4399261474609 -67.1183471679688 -67.4051742553711 -67.7956161499023 -68.2197036743164 -68.5325164794922 -68.7477416992188 -69.0158157348633 -69.3061752319336 -69.6579513549805 -69.9701461791992
-87.7569351196289 -88.3528823852539 -89.0394287109375 -89.701774597168 -90.3322219848633 -90.3056259155273 -90.0812759399414 -89.9162368774414 -89.0408782958984 -87.2901000976562 -85.5363922119141 -83.9089584350586 -83.1744995117188 -82.4627380371094 -81.7771911621094 -80.8619918823242 -79.898681640625 -78.9930572509766 -77.865119934082 -76.4846267700195 -75.1219863891602 -73.8676986694336 -73.2048797607422 -72.4685821533203 -71.6535949707031 -71.1947021484375 -70.8019790649414 -70.3413619995117 -69.8926391601562 -69.4587631225586 -69.0995025634766 -68.7578277587891 -68.4160842895508 -68.136848449707 -67.9185333251953 -68.153938293457 -68.4789886474609 -68.8484268188477 -69.1107559204102 -69.2757034301758 -69.4872055053711 -69.7144470214844 -69.978157043457 -70.198616027832
-87.9856262207031 -88.6719589233398 -89.2070617675781 -89.6987686157227 -90.1306076049805 -89.7846908569336 -89.1877517700195 -88.6486206054688 -87.7450180053711 -86.3767242431641 -85.0093765258789 -83.7300491333008 -83.139030456543 -82.5673141479492 -82.0188293457031 -81.2502517700195 -80.431884765625 -79.6856307983398 -78.6967544555664 -77.4152526855469 -76.1736221313477 -74.9934158325195 -74.1323471069336 -73.1943511962891 -72.1689453125 -71.6612701416016 -71.2687835693359 -70.802978515625 -70.3991470336914 -70.0656204223633 -69.8133926391602 -69.5758743286133 -69.3031387329102 -69.094123840332 -68.9516906738281 -69.0911254882812 -69.2978973388672 -69.5643692016602 -69.7602767944336 -69.8875274658203 -70.0535659790039 -70.22705078125 -70.4044876098633 -70.5331573486328
-88.1835174560547 -88.9657592773438 -89.3492965698242 -89.6694107055664 -89.8976440429688 -89.2312698364258 -88.2567138671875 -87.3421173095703 -86.3898239135742 -85.4022369384766 -84.4261703491211 -83.5090713500977 -83.0697250366211 -82.6450119018555 -82.2381210327148 -81.6207656860352 -80.9501647949219 -80.3507919311523 -79.4896545410156 -78.2934341430664 -77.1547164916992 -76.0399017333984 -74.9609909057617 -73.8135757446289 -72.5847702026367 -72.0287704467773 -71.6464462280273 -71.2002716064453 -70.8637161254883 -70.6577606201172 -70.5251693725586 -70.4027938842773 -70.2090301513672 -70.0799331665039 -70.0232543945312 -70.0843963623047 -70.1788482666016 -70.323974609375 -70.4317016601562 -70.5012130737305 -70.5887908935547 -70.6735229492188 -70.7305755615234 -70.7481918334961
-88.3308563232422 -89.2165679931641 -89.4504241943359 -89.5992279052734 -89.6189270019531 -88.6315231323242 -87.2753524780273 -85.9864959716797 -84.9676895141602 -84.3617095947266 -83.7845306396484 -83.2461547851562 -82.9681396484375 -82.6982574462891 -82.437858581543 -81.9761657714844 -81.4566116333008 -80.9957733154297 -80.2564392089844 -79.138427734375 -78.0938186645508 -77.0467987060547 -75.7433013916016 -74.3939819335938 -72.9871826171875 -72.3975296020508 -72.0417327880859 -71.6337966918945 -71.375358581543 -71.3070449829102 -71.2963943481445 -71.2875671386719 -71.1624526977539 -71.0981597900391 -71.1076736450195 -71.0934448242188 -71.0756454467773 -71.0967330932617 -71.1006164550781 -71.0845031738281 -71.0638122558594 -71.0351104736328 -70.9916610717773 -70.9202880859375
-89.4497222900391 -90.1623764038086 -90.2804412841797 -90.2940979003906 -90.1410827636719 -89.0458297729492 -87.5912399291992 -86.2202072143555 -85.1474533081055 -84.5328979492188 -83.9510269165039 -83.4021301269531 -83.1704330444336 -82.9370040893555 -82.700439453125 -82.3649597167969 -82.0017318725586 -81.6844482421875 -81.0744934082031 -80.0415649414062 -79.0974655151367 -78.1573867797852 -76.903678894043 -75.6181869506836 -74.2885971069336 -73.6462020874023 -73.220947265625 -72.7584991455078 -72.4829254150391 -72.4612655639648 -72.4850769042969 -72.5044479370117 -72.3459701538086 -72.2483291625977 -72.2302627563477 -72.1248931884766 -71.9938125610352 -71.8893127441406 -71.7587890625 -71.5959167480469 -71.4102783203125 -71.2253036499023 -71.1315078735352 -71.0178527832031
-90.9746627807617 -91.3741455078125 -91.3696365356445 -91.2435913085938 -90.9161987304688 -89.7635116577148 -88.2778854370117 -86.8805313110352 -85.7333145141602 -84.9906463623047 -84.2966156005859 -83.6451263427734 -83.4353103637695 -83.2186279296875 -82.9902725219727 -82.7776107788086 -82.5769577026367 -82.4089660644531 -81.9363174438477 -80.9950866699219 -80.1508026123047 -79.3169097900391 -78.1097793579102 -76.8843688964844 -75.6321029663086 -74.9418716430664 -74.4460220336914 -73.9226608276367 -73.619384765625 -73.636589050293 -73.6909484863281 -73.7374954223633 -73.5420074462891 -73.4055938720703 -73.3524932861328 -73.1511306762695 -72.899040222168 -72.6624450683594 -72.3914108276367 -72.0744552612305 -71.7212905883789 -71.3728942871094 -71.2263412475586 -71.0619049072266
-92.3064651489258 -92.3568878173828 -92.1991729736328 -91.9384994506836 -91.4993209838867 -90.3469772338867 -88.8886642456055 -87.4884490966797 -86.2922210693359 -85.4437026977539 -84.6544799804688 -83.9123611450195 -83.7391586303711 -83.5540008544922 -83.3479614257812 -83.2672576904297 -83.2424621582031 -83.2345581054688 -82.9112091064453 -82.0714111328125 -81.3197631835938 -80.5810241699219 -79.408088684082 -78.2322158813477 -77.0517578125 -76.3132705688477 -75.7407684326172 -75.1427993774414 -74.7953109741211 -74.8389587402344 -74.9170455932617 -74.988037109375 -74.7507858276367 -74.5699157714844 -74.4749603271484 -74.174446105957 -73.7962493896484 -73.4241027832031 -73.0103454589844 -72.5366973876953 -72.0166778564453 -71.5014495849609 -71.3040618896484 -71.0872955322266
-93.8267669677734 -93.5513534545898 -93.1891632080078 -92.7384948730469 -92.1298217773438 -90.9659881591797 -89.5514678955078 -88.164924621582 -86.9602813720703 -86.0842666625977 -85.2818832397461 -84.5303802490234 -84.4014892578125 -84.2560195922852 -84.0801239013672 -84.0341644287109 -84.0426483154297 -84.0442657470703 -83.7740020751953 -83.0397338867188 -82.3854141235352 -81.7502136230469 -80.6699905395508 -79.6038589477539 -78.5595474243164 -77.8131256103516 -77.1873245239258 -76.5391616821289 -76.1117706298828 -76.0499801635742 -76.0139389038086 -75.9714965820312 -75.6300582885742 -75.3397674560547 -75.135383605957 -74.7819595336914 -74.36962890625 -73.9576644897461 -73.4925308227539 -72.9411392211914 -72.3371734619141 -71.7285079956055 -71.4443283081055 -71.1407623291016
-95.6596221923828 -95.0878829956055 -94.4269180297852 -93.6941757202148 -92.8281173706055 -91.6321640014648 -90.2798690795898 -88.9238357543945 -87.7507858276367 -86.926887512207 -86.1864166259766 -85.4945220947266 -85.3990325927734 -85.2826538085938 -85.1258697509766 -85.0251693725586 -84.9481353759766 -84.8475112915039 -84.5613708496094 -83.939567565918 -83.3894882202148 -82.8649139404297 -81.9104766845703 -80.9857482910156 -80.1072692871094 -79.3723068237305 -78.6981658935547 -78.0035400390625 -77.4828491210938 -77.2727890014648 -77.0866928100586 -76.9011306762695 -76.4495468139648 -76.0448684692383 -75.7255859375 -75.3264236450195 -74.892333984375 -74.4512176513672 -73.9420013427734 -73.3134841918945 -72.6260223388672 -71.9223480224609 -71.550163269043 -71.1616363525391
-97.4567413330078 -96.6206665039062 -95.6949844360352 -94.6982345581055 -93.5620651245117 -92.3132400512695 -91.010124206543 -89.7046356201172 -88.5832977294922 -87.8328094482422 -87.1592102050781 -86.5251235961914 -86.4598999023438 -86.371452331543 -86.2352294921875 -86.0842361450195 -85.9237976074219 -85.742073059082 -85.4554443359375 -84.9684753417969 -84.5473480224609 -84.1585159301758 -83.3564605712891 -82.5741119384766 -81.8250198364258 -81.0731430053711 -80.3164215087891 -79.5515441894531 -78.9180068969727 -78.5375289916992 -78.1902542114258 -77.8542404174805 -77.2868041992188 -76.7567977905273 -76.3015594482422 -75.8330001831055 -75.3584289550781 -74.8814239501953 -74.3236618041992 -73.612190246582 -72.8426666259766 -72.0480041503906 -71.5917663574219 -71.1263046264648
-99.2154541015625 -98.1406097412109 -96.9746017456055 -95.7366790771484 -94.3469161987305 -93.0406341552734 -91.778938293457 -90.5240173339844 -89.4575881958008 -88.7972183227539 -88.2050476074219 -87.6508331298828 -87.612060546875 -87.5549545288086 -87.4428787231445 -87.2299194335938 -86.958610534668 -86.6667327880859 -86.3224868774414 -85.8750534057617 -85.4771957397461 -85.1023406982422 -84.4205856323242 -83.7463455200195 -83.0906829833984 -82.3391876220703 -81.5385055541992 -80.7469863891602 -80.077392578125 -79.6607513427734 -79.2973251342773 -78.9648361206055 -78.3664932250977 -77.8001480102539 -77.302978515625 -76.7377624511719 -76.1300811767578 -75.5177612304688 -74.8316192626953 -74.003044128418 -73.1149673461914 -72.193244934082 -71.6164321899414 -71.0376205444336
-100.321533203125 -99.3883209228516 -98.209098815918 -96.9479446411133 -95.5166473388672 -94.1706924438477 -92.8727340698242 -91.5923004150391 -90.5448837280273 -90.0276107788086 -89.5684661865234 -89.1435699462891 -89.1225128173828 -89.0854873657227 -88.9861373901367 -88.6426696777344 -88.1570281982422 -87.6551818847656 -87.1082153320312 -86.4676971435547 -85.8707046508789 -85.2953186035156 -84.7137832641602 -84.1363525390625 -83.5639266967773 -82.8859252929688 -82.1494598388672 -81.4344253540039 -80.8596649169922 -80.5987091064453 -80.3991622924805 -80.2371139526367 -79.6848526000977 -79.1481857299805 -78.6686096191406 -77.9675598144531 -77.1346435546875 -76.3016357421875 -75.4225845336914 -74.4508285522461 -73.4205474853516 -72.3544006347656 -71.6360321044922 -70.9284362792969
-101.435470581055 -100.621002197266 -99.4079208374023 -98.1078948974609 -96.6411361694336 -95.261848449707 -93.9344787597656 -92.6320571899414 -91.6033248901367 -91.2332153320312 -90.9099502563477 -90.6159515380859 -90.6171875 -90.6015777587891 -90.5142669677734 -90.0460205078125 -89.3454284667969 -88.6328582763672 -87.8820190429688 -87.047737121582 -86.2526016235352 -85.478401184082 -84.9893035888672 -84.5144424438477 -84.0389785766602 -83.4495010375977 -82.7923202514648 -82.1679534912109 -81.7005310058594 -81.6110916137695 -81.5730056762695 -81.5679702758789 -81.0525436401367 -80.5363006591797 -80.0756225585938 -79.2492141723633 -78.1925430297852 -77.117317199707 -76.0188980102539 -74.8795166015625 -73.69482421875 -72.4802703857422 -71.6171875 -70.7750701904297
-102.565605163574 -101.83228302002 -100.552627563477 -99.1918792724609 -97.7016677856445 -96.3005294799805 -94.9549789428711 -93.6370315551758 -92.6289520263672 -92.411865234375 -92.2287139892578 -92.0681457519531 -92.0970001220703 -92.104866027832 -92.0297012329102 -91.4432220458984 -90.5279235839844 -89.6048049926758 -88.6498947143555 -87.6221771240234 -86.6302337646484 -85.6588592529297 -85.2541580200195 -84.8828353881836 -84.5062408447266 -84.005859375 -83.4263534545898 -82.8884124755859 -82.5119018554688 -82.5504150390625 -82.6135406494141 -82.6899871826172 -82.1984786987305 -81.6943206787109 -81.2500076293945 -80.3234252929688 -79.0761871337891 -77.7990188598633 -76.5157623291016 -75.2211761474609 -73.8975524902344 -72.5538101196289 -71.5745620727539 -70.6308059692383
-103.945220947266 -103.412887573242 -102.64136505127 -101.836967468262 -100.96068572998 -99.8518829345703 -98.583625793457 -97.3480834960938 -96.3038101196289 -95.761344909668 -95.2247009277344 -94.6872711181641 -94.5062789916992 -94.3104858398438 -94.0124740600586 -93.1898040771484 -92.0121612548828 -90.8291244506836 -89.6127471923828 -88.3157653808594 -87.048828125 -85.7994384765625 -85.4081344604492 -85.0829162597656 -84.7503128051758 -84.3010635375977 -83.7719345092773 -83.2939376831055 -82.9111633300781 -82.7847061157227 -82.6688995361328 -82.5581283569336 -82.1797103881836 -81.8014450073242 -81.4836044311523 -80.6221008300781 -79.3703842163086 -78.0699920654297 -76.7431564331055 -75.349479675293 -73.9395523071289 -72.5173492431641 -71.482421875 -70.4954528808594
-105.421630859375 -105.133102416992 -105.068138122559 -105.018829345703 -104.935325622559 -104.186309814453 -102.971565246582 -101.791641235352 -100.654853820801 -99.6226425170898 -98.5868377685547 -97.5448303222656 -97.0876922607422 -96.6401290893555 -96.0793914794922 -95.0037994384766 -93.5596923828125 -92.1004791259766 -90.6056289672852 -89.0220489501953 -87.4687347412109 -85.9351043701172 -85.5429306030273 -85.2619934082031 -84.9799118041992 -84.5887908935547 -84.117919921875 -83.7032852172852 -83.3256149291992 -83.0381469726562 -82.7537689208984 -82.4702301025391 -82.2089767456055 -81.9679565429688 -81.7714385986328 -80.9743041992188 -79.7120513916016 -78.3950347900391 -77.0350494384766 -75.5502777099609 -74.0600891113281 -72.5653610229492 -71.4795684814453 -70.4546508789062
-106.814140319824 -106.803382873535 -107.467193603516 -108.194328308105 -108.896743774414 -108.51830291748 -107.350868225098 -106.218818664551 -104.995567321777 -103.466484069824 -101.939094543457 -100.409721374512 -99.6863327026367 -99.004020690918 -98.1985778808594 -96.887580871582 -95.1937026977539 -93.4333419799805 -91.631477355957 -89.7336578369141 -87.8776397705078 -86.0520172119141 -85.6413192749023 -85.4021606445312 -85.1846618652344 -84.8648452758789 -84.4649353027344 -84.1187973022461 -83.7582168579102 -83.3137893676758 -82.8710403442383 -82.4284439086914 -82.2856903076172 -82.1899261474609 -82.1060256958008 -81.3699417114258 -80.089485168457 -78.7572784423828 -77.3689651489258 -75.7947006225586 -74.2239608764648 -72.6541900634766 -71.5069732666016 -70.435920715332
