indici/fabbisogno01.asc
NCOLS 177 
NROWS 174 
XLLCORNER 1436301.375 
YLLCORNER 4916704.5 
CELLSIZE 1500 
NODATA_value -9999 
[rows 115 to 137 of 174, columns 106 to 158 of 177]
-38.4007034301758 -37.0162162780762 -35.5854072570801 -34.5743293762207 -33.8742637634277 -33.3508491516113 -32.2433013916016 -31.2946071624756 -30.2038593292236 -28.8304119110107 -26.8469696044922 -24.7999000549316 -22.5788822174072 -20.2686347961426 -18.1208343505859 -16.1195182800293 -14.4976043701172 -13.597020149231 -13.0556983947754 -12.9688205718994 -13.3606996536255 -14.2136678695679 -15.7570371627808 -18.0211009979248 -21.2051620483398 -24.9814224243164 -29.3528919219971 -33.7715148925781 -38.1291961669922 -41.7997093200684 -44.4081153869629 -45.1726226806641 -44.0853576660156 -41.2854995727539 -36.9791870117188 -32.1389503479004 -26.94162940979 -22.0767860412598 -17.7206573486328 -14.1546411514282 -11.3853673934937 -9.30516624450684 -9999 -9999 -9999 -9999 -9999 -9999 -9999 -9999 -9999 -9999 -9999
-37.4721527099609 -35.418140411377 -33.3642768859863 -31.6190376281738 -30.1280422210693 -29.0250720977783 -27.484561920166 -25.8891773223877 -24.4898090362549 -22.9317245483398 -21.2902870178223 -19.5716304779053 -17.8031330108643 -16.0349540710449 -14.436131477356 -12.9557113647461 -11.7799158096313 -11.1955070495605 -10.8900098800659 -11.0121507644653 -11.4489345550537 -12.333101272583 -13.9136152267456 -16.3079204559326 -19.3235397338867 -23.0788516998291 -27.4517631530762 -32.2166938781738 -36.9896850585938 -41.0714454650879 -44.1400527954102 -45.2352333068848 -44.2152061462402 -41.1832695007324 -37.0326080322266 -32.168025970459 -27.043830871582 -22.0361213684082 -17.6500396728516 -14.1685009002686 -11.4645099639893 -9.4054651260376 -7.76038408279419 -6.71476221084595 -5.81349229812622 -9999 -9999 -9999 -9999 -9999 -9999 -9999 -9999
-35.7933616638184 -33.0855445861816 -30.5240154266357 -28.0217475891113 -25.9514026641846 -24.3662815093994 -22.6922645568848 -20.8674182891846 -19.3025703430176 -17.9566955566406 -16.590425491333 -15.184663772583 -13.823169708252 -12.5298271179199 -11.3681259155273 -10.3684415817261 -9.58386421203613 -9.19608211517334 -9.11767864227295 -9.41165351867676 -9.85121631622314 -10.8523769378662 -12.495135307312 -14.662205696106 -17.5754947662354 -21.2284126281738 -25.6422634124756 -30.581298828125 -35.488468170166 -39.7623748779297 -42.913646697998 -44.0785179138184 -42.9052314758301 -40.1699256896973 -36.0105094909668 -31.135950088501 -26.1022987365723 -21.2554397583008 -17.1555728912354 -13.8371276855469 -11.2539472579956 -9.27230262756348 -7.82717180252075 -6.75331783294678 -6.31505298614502 -9999 -9999 -9999 -9999 -9999 -9999 -9999 -9999
-33.0378074645996 -30.0246772766113 -27.0035648345947 -24.2416172027588 -21.9254722595215 -19.9176788330078 -18.2939376831055 -16.7303218841553 -15.2511186599731 -13.912239074707 -12.8112716674805 -11.7065677642822 -10.7011833190918 -9.78701496124268 -8.99108123779297 -8.3271656036377 -7.86833715438843 -7.6780252456665 -7.7567343711853 -8.1162281036377 -8.58163547515869 -9.64852905273438 -11.1670427322388 -13.2614555358887 -15.9988193511963 -19.6273765563965 -24.0085124969482 -28.8983001708984 -33.7878112792969 -38.0284957885742 -40.8016204833984 -41.9780235290527 -41.068187713623 -38.2359771728516 -34.0542907714844 -29.2790107727051 -24.4577598571777 -19.9633331298828 -16.1736831665039 -13.1999006271362 -10.7906074523926 -8.91716766357422 -7.79652738571167 -6.97287464141846 -6.78264379501343 -9999 -9999 -9999 -9999 -6.47787666320801 -6.3815975189209 -9999 -9999
-29.125186920166 -26.1328716278076 -23.1944923400879 -20.4045181274414 -18.1355609893799 -16.11669921875 -14.6880865097046 -13.2530841827393 -12.025218963623 -10.860668182373 -9.91415977478027 -9.06416320800781 -8.36412811279297 -7.68953418731689 -7.20798063278198 -6.8078441619873 -6.61397361755371 -6.56212663650513 -6.71398639678955 -7.08968687057495 -7.68164730072021 -8.61682987213135 -10.0899200439453 -12.0588188171387 -14.7867250442505 -18.3011569976807 -22.5472774505615 -27.230712890625 -31.9140243530273 -35.929931640625 -38.5613594055176 -39.4628257751465 -38.6113166809082 -35.696907043457 -31.5717792510986 -26.9376411437988 -22.4099254608154 -18.3188591003418 -14.9017324447632 -12.2524614334106 -10.1092863082886 -8.44136238098145 -7.63997411727905 -7.10215997695923 -7.06770181655884 -9999 -7.31789493560791 -7.40216207504272 -7.45024347305298 -7.53625679016113 -7.56249523162842 -7.54058790206909 -8.14032554626465
-24.617525100708 -21.9348201751709 -19.2619380950928 -16.8060684204102 -14.693229675293 -12.9630260467529 -11.6522302627563 -10.4942579269409 -9.48504543304443 -8.59219551086426 -7.80482196807861 -7.14279985427856 -6.63975620269775 -6.18262434005737 -5.90629291534424 -5.73322153091431 -5.68350696563721 -5.73329544067383 -5.95864248275757 -6.31585502624512 -6.88628530502319 -7.84218072891235 -9.27595520019531 -11.1989994049072 -13.8179578781128 -17.1546878814697 -21.1393718719482 -25.5616798400879 -30.1282539367676 -33.9798812866211 -36.4722175598145 -37.0522766113281 -35.6477279663086 -32.6596336364746 -28.8136405944824 -24.397533416748 -20.1939125061035 -16.4987964630127 -13.4855623245239 -11.1202220916748 -9.23032569885254 -8.02371501922607 -7.23430728912354 -7.05154037475586 -7.13945245742798 -7.45304775238037 -7.62769508361816 -7.8713846206665 -8.22478103637695 -8.51436519622803 -8.74744892120361 -9.05791759490967 -9.89274787902832
-20.1610584259033 -17.8790760040283 -15.588397026062 -13.4815921783447 -11.7279148101807 -10.2148818969727 -9.15053844451904 -8.36565113067627 -7.55288887023926 -6.89732217788696 -6.31417512893677 -5.79384803771973 -5.42770481109619 -5.13731002807617 -5.00129890441895 -4.97873830795288 -5.05701923370361 -5.17025089263916 -5.42893838882446 -5.76777935028076 -6.31406307220459 -7.2663893699646 -8.62680721282959 -10.5180768966675 -13.0133943557739 -16.2316284179688 -20.1056976318359 -24.4616298675537 -28.7567710876465 -32.3602752685547 -34.4898834228516 -34.7580718994141 -33.0665054321289 -29.8941650390625 -25.9392127990723 -21.8247146606445 -17.9832954406738 -14.6442050933838 -12.0516757965088 -9.94891834259033 -8.38444805145264 -7.47562694549561 -6.85075235366821 -6.79896450042725 -6.98396778106689 -7.3134937286377 -7.70729780197144 -8.16861915588379 -8.73444366455078 -9.27471351623535 -9.78855609893799 -11.0821123123169 -9999
-16.0207347869873 -14.0891599655151 -12.4430198669434 -10.7458868026733 -9.34147644042969 -8.06132698059082 -7.17588663101196 -6.7135214805603 -6.12786102294922 -5.64565086364746 -5.26294612884521 -4.92297124862671 -4.55300569534302 -4.42486619949341 -4.42889642715454 -4.51013374328613 -4.6385326385498 -4.78946971893311 -5.04768657684326 -5.37345790863037 -5.98347616195679 -6.9194917678833 -8.2663459777832 -10.192985534668 -12.7267274856567 -15.893256187439 -19.7026081085205 -23.8643589019775 -27.8576412200928 -31.1386642456055 -32.8992080688477 -32.8090629577637 -30.8211078643799 -27.4890232086182 -23.5319194793701 -19.5544948577881 -15.9860868453979 -13.0394430160522 -10.7410430908203 -8.96793270111084 -7.65452671051025 -6.86312866210938 -6.37718725204468 -6.3894362449646 -6.6275577545166 -6.95290660858154 -7.43058967590332 -8.12831783294678 -8.89166069030762 -9.7007417678833 -11.1671781539917 -12.4020557403564 -9999
-12.4187850952148 -10.9801635742188 -9.73981094360352 -8.49865531921387 -7.46420431137085 -6.47674226760864 -5.72898244857788 -5.32652139663696 -5.04783153533936 -4.75438642501831 -4.47966814041138 -4.31374406814575 -4.04912042617798 -4.0095100402832 -4.13420963287354 -4.198561668396 -4.34842395782471 -4.57023477554321 -4.78398990631104 -5.16054534912109 -5.86575651168823 -6.8453254699707 -8.28369235992432 -10.2176628112793 -12.8372440338135 -16.0786247253418 -19.9130630493164 -24.0438785552979 -27.9358940124512 -30.9002132415771 -32.2127342224121 -31.5861892700195 -29.2372570037842 -25.6080360412598 -21.6271591186523 -17.7461929321289 -14.3239936828613 -11.667896270752 -9.53931713104248 -7.97137403488159 -6.91514730453491 -6.24202585220337 -5.83066415786743 -5.83469343185425 -6.08122491836548 -6.44463157653809 -6.99150419235229 -7.78148365020752 -8.6967887878418 -9.77612781524658 -11.7649812698364 -13.3674755096436 -15.1982126235962
-9.52971649169922 -8.47577857971191 -7.55070018768311 -6.76885843276978 -6.0126576423645 -5.28390884399414 -4.71914625167847 -4.32791042327881 -4.18915414810181 -4.01192474365234 -3.93365240097046 -3.89646792411804 -3.74845552444458 -3.70842623710632 -3.83566403388977 -4.01276683807373 -4.19289684295654 -4.43245935440063 -4.72061157226562 -5.18927907943726 -5.9262547492981 -6.92035961151123 -8.3557014465332 -10.3752880096436 -13.0597991943359 -16.4078063964844 -20.2965698242188 -24.4634189605713 -28.2894420623779 -31.0142822265625 -31.9666919708252 -30.9079608917236 -28.1501159667969 -24.3390464782715 -20.2735767364502 -16.4293384552002 -13.2351036071777 -10.6441993713379 -8.62771320343018 -7.2439661026001 -6.27269077301025 -5.65408372879028 -5.24893856048584 -5.27838706970215 -5.49556589126587 -5.82577037811279 -6.40713453292847 -7.21594572067261 -8.21401786804199 -10.1263704299927 -11.7977075576782 -13.8340911865234 -16.2361965179443
-7.3131308555603 -6.57863998413086 -5.89308309555054 -5.38492965698242 -4.92980337142944 -4.40290927886963 -3.99832916259766 -3.69596695899963 -3.56364250183105 -3.57407021522522 -3.60335326194763 -3.52338624000549 -3.51750469207764 -3.50540471076965 -3.65327072143555 -3.96620202064514 -4.24169588088989 -4.42215299606323 -4.80436658859253 -5.32902908325195 -6.11291027069092 -7.24396467208862 -8.67419242858887 -10.71217918396 -13.4718742370605 -17.0467586517334 -21.0388565063477 -25.286792755127 -29.03786277771 -31.527904510498 -32.1385536193848 -30.6198310852051 -27.4440441131592 -23.3337574005127 -19.104024887085 -15.2912874221802 -12.1356830596924 -9.69538307189941 -7.87770843505859 -6.61987686157227 -5.76541471481323 -5.16807842254639 -4.7491307258606 -4.73575782775879 -4.88173484802246 -5.18625783920288 -5.76017618179321 -6.53999805450439 -7.85456466674805 -9.56328010559082 -11.4123106002808 -13.7376337051392 -16.5523052215576
-5.68582916259766 -5.1660213470459 -4.68212795257568 -4.34124040603638 -4.09043073654175 -3.78210186958313 -3.47860765457153 -3.26880812644958 -3.1883327960968 -3.29038882255554 -3.33602118492126 -3.36545872688293 -3.36910939216614 -3.46181011199951 -3.76574540138245 -4.14526224136353 -4.34209871292114 -4.62789249420166 -5.12806844711304 -5.74666547775269 -6.59605121612549 -7.74930238723755 -9.3149585723877 -11.4183053970337 -14.2339963912964 -17.7530460357666 -21.8885173797607 -26.1466445922852 -29.8970050811768 -32.258903503418 -32.498893737793 -30.6210498809814 -27.0484237670898 -22.6283073425293 -18.1957740783691 -14.3684463500977 -11.2345752716064 -8.92455101013184 -7.23653411865234 -6.10301399230957 -5.26434707641602 -4.76056432723999 -4.42199230194092 -4.29085111618042 -4.37386417388916 -4.60705423355103 -5.13162469863892 -5.86021041870117 -7.38692045211792 -8.80580997467041 -10.6824779510498 -13.0978908538818 -16.0752372741699
-9999 -4.13810539245605 -3.80383443832397 -3.57679605484009 -3.47005820274353 -3.31441473960876 -3.11052322387695 -3.0559778213501 -2.98550796508789 -3.03892397880554 -3.13598942756653 -3.22429299354553 -3.39125442504883 -3.61027050018311 -3.99943685531616 -4.33819103240967 -4.63516044616699 -5.08732414245605 -5.61506175994873 -6.37767314910889 -7.36181879043579 -8.66674137115479 -10.3914260864258 -12.6014575958252 -15.5528564453125 -19.2028293609619 -23.4697532653809 -27.7263259887695 -31.3006038665771 -33.1821441650391 -32.988883972168 -30.5759868621826 -26.5564250946045 -21.8463916778564 -17.3619422912598 -13.5061531066895 -10.5292062759399 -8.30114269256592 -6.71383094787598 -5.6575927734375 -4.89802122116089 -4.38294649124146 -4.10013389587402 -3.88977646827698 -3.93508172035217 -4.1053729057312 -4.55361366271973 -5.50787401199341 -6.61622285842896 -7.94472074508667 -9.71276664733887 -12.016918182373 -14.6634197235107
-9999 -9999 -9999 -3.00865006446838 -2.97015571594238 -2.9784677028656 -2.93762898445129 -2.88383269309998 -2.82613444328308 -2.81931018829346 -2.96759104728699 -3.22609615325928 -3.53273153305054 -3.85865545272827 -4.30073976516724 -4.68602323532104 -5.1733341217041 -5.80023813247681 -6.49174737930298 -7.36121225357056 -8.45705890655518 -9.87918567657471 -11.6925430297852 -14.0756912231445 -16.9752178192139 -20.7065296173096 -24.950590133667 -29.0943126678467 -32.5583000183105 -34.3107490539551 -33.7631912231445 -30.9653148651123 -26.5950527191162 -21.6260814666748 -16.9129219055176 -12.9563045501709 -9.92587757110596 -7.72357749938965 -6.18694496154785 -5.15916013717651 -4.53150033950806 -4.06501388549805 -3.79681658744812 -3.72515821456909 -3.62455654144287 -3.74698567390442 -4.24472522735596 -5.03219509124756 -5.87696361541748 -7.0451192855835 -8.61273670196533 -10.6278896331787 -12.9988422393799
-9999 -9999 -9999 -9999 -9999 -2.76933336257935 -2.79059171676636 -2.75403952598572 -2.66406726837158 -2.75140571594238 -2.96493721008301 -3.27276611328125 -3.68117713928223 -4.1533899307251 -4.7062783241272 -5.27720165252686 -5.99469757080078 -6.81023502349854 -7.67523097991943 -8.66935729980469 -9.83430957794189 -11.3539867401123 -13.1755895614624 -15.5114498138428 -18.371223449707 -21.9321174621582 -25.9397106170654 -29.9298877716064 -33.1150550842285 -34.5527648925781 -33.6880531311035 -30.6359691619873 -26.0946617126465 -21.0667896270752 -16.3654003143311 -12.4501914978027 -9.47080898284912 -7.31536865234375 -5.8237886428833 -4.79151725769043 -4.2159104347229 -3.87736868858337 -3.54341077804565 -3.48203134536743 -3.41452574729919 -3.46764206886292 -3.86432099342346 -4.48195314407349 -5.1902813911438 -6.17053699493408 -7.47952699661255 -8.99970436096191 -11.0872468948364
-9999 -9999 -9999 -9999 -9999 -9999 -2.64871764183044 -2.57301640510559 -2.62173938751221 -2.76562833786011 -3.05239176750183 -3.44853067398071 -4.04370069503784 -4.52859306335449 -5.24080276489258 -6.10851764678955 -7.06646060943604 -8.08340740203857 -9.16344356536865 -10.2943534851074 -11.5104513168335 -12.9986200332642 -14.7045049667358 -16.8442783355713 -19.5204753875732 -22.5983734130859 -26.0570278167725 -9999 -32.4054412841797 -33.4559364318848 -32.3621292114258 -29.2334613800049 -24.7965545654297 -19.9484901428223 -15.4661979675293 -11.7643671035767 -8.94804763793945 -6.90582132339478 -5.4665904045105 -4.4971137046814 -3.91643357276917 -3.59000706672668 -3.33371114730835 -3.24201273918152 -3.1700222492218 -3.16284561157227 -3.58229541778564 -3.98611569404602 -4.56840896606445 -5.35762977600098 -6.33994245529175 -7.58073568344116 -9.16367530822754
-9999 -9999 -9999 -9999 -9999 -9999 -9999 -2.48027491569519 -2.663161277771 -2.80615019798279 -9999 -3.66860461235046 -4.30441045761108 -4.97470664978027 -5.94603061676025 -7.07915639877319 -8.30434799194336 -9.57925128936768 -10.8503437042236 -12.0924806594849 -13.2784738540649 -14.5218162536621 -16.0453472137451 -17.7965202331543 -19.9624671936035 -9999 -9999 -9999 -30.2016944885254 -30.8570785522461 -29.6498336791992 -26.6912479400635 -22.6221160888672 -18.236442565918 -14.1789293289185 -10.8458223342896 -8.30202484130859 -6.4405255317688 -5.11915302276611 -4.21803522109985 -3.65463638305664 -3.3539834022522 -3.16505169868469 -3.03169584274292 -3.01987981796265 -2.91998839378357 -9999 -3.56920027732849 -4.02662754058838 -4.63779067993164 -5.30037355422974 -6.27426147460938 -7.4507908821106
-9999 -9999 -9999 -9999 -9999 -9999 -9999 -9999 -9999 -9999 -9999 -9999 -4.58685827255249 -5.42944765090942 -6.68006324768066 -8.08044624328613 -9.5762243270874 -11.0999526977539 -12.5413579940796 -13.8013410568237 -14.8694429397583 -15.8280000686646 -16.9169502258301 -18.1119518280029 -9999 -9999 -9999 -9999 -26.7114887237549 -27.0172634124756 -25.8023872375488 -23.2253665924072 -19.7550258636475 -16.0175075531006 -12.5859928131104 -9.73401927947998 -7.53424739837646 -5.90906763076782 -4.75076913833618 -3.94265055656433 -3.41477394104004 -3.11111354827881 -9999 -9999 -9999 -9999 -9999 -9999 -9999 -3.91778182983398 -4.47493267059326 -5.19345426559448 -6.02371835708618
-9999 -9999 -9999 -9999 -9999 -9999 -9999 -9999 -9999 -9999 -9999 -9999 -9999 -5.84640789031982 -7.29009056091309 -8.9221076965332 -10.6580066680908 -12.3678112030029 -13.8832750320435 -15.0637130737305 -15.9076862335205 -16.4704761505127 -17.0416469573975 -17.6221694946289 -9999 -9999 -9999 -9999 -9999 -9999 -9999 -19.2831954956055 -16.5380439758301 -13.5729885101318 -10.825457572937 -8.51832389831543 -6.70507335662842 -5.34510374069214 -4.36525201797485 -3.66951966285706 -9999 -9999 -9999 -9999 -9999 -9999 -9999 -9999 -9999 -9999 -9999 -9999 -9999
-9999 -9999 -9999 -9999 -9999 -9999 -9999 -9999 -9999 -9999 -9999 -9999 -9999 -9999 -9999 -9.43138980865479 -11.2763061523438 -13.062108039856 -14.5262470245361 -15.5375423431396 -16.0774765014648 -16.240629196167 -16.2169990539551 -9999 -9999 -9999 -9999 -9999 -9999 -9999 -9999 -9999 -9999 -9999 -9999 -7.30197525024414 -5.87549304962158 -4.78180265426636 -9999 -9999 -9999 -9999 -9999 -9999 -9999 -9999 -9999 -9999 -9999 -9999 -9999 -9999 -9999
-9999 -9999 -9999 -9999 -9999 -9999 -9999 -9999 -9999 -9999 -9999 -9999 -9999 -9999 -9999 -9999 -9999 -9999 -14.2594919204712 -15.0308017730713 -9999 -9999 -9999 -9999 -9999 -9999 -9999 -9999 -9999 -9999 -9999 -9999 -9999 -9999 -9999 -9999 -9999 -9999 -9999 -9999 -9999 -9999 -9999 -9999 -9999 -9999 -9999 -9999 -9999 -9999 -9999 -9999 -9999
-9999 -9999 -9999 -9999 -9999 -9999 -9999 -9999 -9999 -9999 -9999 -9999 -9999 -9999 -9999 -9999 -9999 -9999 -9999 -9999 -9999 -9999 -9999 -9999 -9999 -9999 -9999 -9999 -9999 -9999 -9999 -9999 -9999 -9999 -9999 -9999 -9999 -9999 -9999 -9999 -9999 -9999 -9999 -9999 -9999 -9999 -9999 -9999 -9999 -9999 -9999 -9999 -9999
-9999 -9999 -9999 -9999 -9999 -9999 -9999 -9999 -9999 -9999 -9999 -9999 -9999 -9999 -9999 -9999 -9999 -9999 -9999 -9999 -9999 -9999 -9999 -9999 -9999 -9999 -9999 -9999 -9999 -9999 -9999 -9999 -9999 -9999 -9999 -9999 -9999 -9999 -9999 -9999 -9999 -9999 -9999 -9999 -9999 -9999 -9999 -9999 -9999 -9999 -9999 -9999 -9999
