indici/fabbisogno09.asc
NCOLS 177 
NROWS 174 
XLLCORNER 1436301.375 
YLLCORNER 4916704.5 
CELLSIZE 1500 
NODATA_value -9999 
[rows 120 to 143 of 174, columns 108 to 161 of 177]
42.5348526000977 46.6294502258301 50.1283060073853 52.7272289276123 54.6947019577026 56.0964441299438 57.2139459609985 58.137819480896 58.8312057495117 59.4864676475525 59.8776599884033 60.2707877159119 60.6026609420776 60.8394432067871 60.9458762168884 60.8927636623383 60.7031819820404 60.2817139625549 59.3280058860779 58.2152811050415 56.3939603805542 53.5965465545654 49.361741065979 43.2532890319824 35.2923992156982 25.7796020507812 15.603263092041 6.82958297729492 1.67961730957032 1.59181365966798 6.18983764648438 14.1008224487305 23.1130081176758 32.0911186218262 39.8855960845947 46.2567493438721 50.9554803848267 54.3937927246094 56.8319957733154 58.6473236083984 59.5404258728027 59.7602541923523 59.645265007019 59.3371090888977 59.2816045761108 59.3556400299072 59.429305267334 59.7493209838867 60.1418767929077 60.4345911026001 59.9879131317139 -9999 -9999 -9999
47.2175899505615 50.5959747314453 53.4640657424927 55.7330295562744 57.2683164596558 58.2600529670715 59.1387041091919 59.769323348999 60.3105841636658 60.753303527832 61.1012548923492 61.3720471858978 61.5281300067902 61.6076087474823 61.6558992862701 61.5972412109375 61.3599771499634 60.9131841659546 60.0675976753235 58.9988342285156 57.3200917243958 54.7021409988403 50.8063446044922 45.1424770355225 37.5365550994873 28.2415924072266 18.3513465881348 10.1140693664551 5.54474334716797 5.83203201293945 10.9648078918457 19.1499420166016 28.2614151000977 36.5806617736816 43.6593425750732 49.3719989776611 53.3321199417114 56.1739391326904 58.2144290924072 59.617520904541 60.3226851463318 60.3744980812073 60.1099082946777 59.7694202423096 59.5203723907471 59.256600189209 59.0591024398804 59.0055082321167 59.0207262039185 58.1129968643188 -9999 -9999 -9999 -9999
51.5786972045898 54.1086433410645 56.3244253158569 58.0596415519714 59.3212184906006 59.9747783660889 60.5427933692932 61.0267577648163 61.4314841270447 61.7010944366455 62.020651102066 62.1436470985413 62.2141861915588 62.2516402721405 62.1718079090118 62.0502986907959 61.8016005039215 61.4122047424316 60.7163552284241 59.4984544754028 57.8902131080628 55.3464786529541 51.5621284484863 46.1315738677979 38.7860027313233 29.8836097717285 20.5566535949707 12.7224952697754 8.79931869506837 9.82760467529297 15.4006866455078 23.6773918151855 32.5344535827637 40.6365127563477 47.0993057250977 51.947053527832 55.3127288818359 57.7226335525513 59.4572321891785 60.6360576629639 61.2422854423523 61.2393993377686 60.8841862678528 60.6394870758057 60.2296535491943 59.7015838623047 59.249998664856 58.7973926544189 57.7138206481934 56.5895135879517 -9999 -9999 -9999 -9999
55.3442558288574 57.1200666427612 58.6685572624207 59.9108861923218 60.8084961891174 61.3808434009552 61.6794447422028 61.9653223991394 62.2624587535858 62.4077259063721 62.6327400684357 62.704905128479 62.6835148334503 62.6776915073395 62.6064112186432 62.4340943336487 62.2257419586182 61.7748903751373 60.929794883728 59.8616751670837 58.0835119247437 55.5904682159424 51.7912805557251 46.39993019104 39.1255294799805 30.2429061889649 21.0613380432129 13.7382827758789 10.4811477661133 12.3792282104492 18.5655822753906 27.1646362304688 36.0049953460693 43.7424621582031 49.7642917633057 54.1725566864014 57.1435724258423 59.2350071907044 60.6489379882812 61.6971158981323 62.2194284439087 62.2072208404541 61.9948367118836 61.7111102104187 61.229506778717 60.634673500061 59.9178123474121 59.1429016113281 57.1867753982544 55.5200456619263 53.3212295532227 50.5867992401123 -9999 45.4011119842529
58.2494695663452 59.4692482948303 60.4932289123535 61.3396409988403 61.9756322860718 62.3917868614197 62.602063035965 62.7797479629517 62.8831161975861 62.9474689006805 63.0796805858612 63.1816479206085 63.1983201026917 63.1516723632812 62.9240784168243 62.7303573608398 62.4532752513885 61.94383020401 61.0959758758545 60.0060863494873 58.3517744064331 55.5993902206421 51.8112049102783 46.3667407989502 39.0227554321289 30.1426887512207 21.09111328125 14.0178382873535 11.3286071777344 13.9167610168457 20.8220245361328 29.8091697692871 38.6025287628174 45.9691017150879 51.692448425293 55.8169160842896 58.5704133987427 60.4450511932373 61.7057929039001 62.7137105941772 63.1737073898315 63.1837750434876 63.0719695091248 62.8283709526062 62.4289672851562 61.8072823524475 60.9638279914856 59.170228767395 57.5079656600952 55.0859554290771 51.8718109130859 47.8585224151611 43.8868564605713 39.836287689209
60.475841999054 61.2058246612549 61.8708898544312 62.439481306076 62.8768482208252 63.1533219814301 63.3392064571381 63.3568074703217 63.350132894516 63.4719358921051 63.5215972185135 63.6077011346817 63.5459002256393 63.3202125072479 63.0701109886169 62.9172549247742 62.5592913150787 62.0305858612061 61.2361487388611 59.920574760437 58.2197918891907 55.6142690658569 51.7135559082031 45.8029308319092 38.2237285614014 29.1815879821777 20.0972900390625 13.3907295227051 11.2892753601074 14.6282409667969 22.1858222961426 31.5816230773926 40.5245346069336 47.874702835083 53.3076807022095 57.1468217849731 59.8262900352478 61.3350552558899 62.4813550949097 63.51096534729 63.9903869152069 64.1110508441925 64.0525932312012 63.8850416183472 63.4958470344543 62.9207947731018 61.9808054924011 60.1774387359619 58.2087112426758 55.3765413284302 51.4586734771729 46.6316753387451 41.2255237579346 36.0195205688477
62.0816297531128 62.5317392349243 62.9432309627533 63.2986652851105 63.5966684341431 63.7666094303131 63.8559911251068 63.8191683530808 63.7853099107742 63.8580735445023 63.8906876564026 63.8790486097336 63.6559895992279 63.371518278122 63.192613697052 62.9414056301117 62.5190287590027 61.8990983009338 61.0364614486694 59.7522361755371 57.9193342208862 55.266904258728 51.1884162902832 45.4097595214844 37.7343017578125 28.5031188964844 19.3095855712891 12.7883155822754 11.0029373168945 14.8750373840332 23.0430702209473 32.9272857666016 42.0683082580566 49.4147041320801 54.7174993515015 58.3205121994019 60.7722201347351 62.2791218757629 63.3874053955078 64.0443293571472 64.6291225910187 64.7840506076813 64.8403748989105 64.7729454994202 64.4800377368927 63.9866666793823 62.6181882858276 61.30942029953 59.2818283081055 56.2895877838135 52.1531227111816 47.171919631958 40.9642890930176 35.2110549926758
63.2823501110077 63.53255443573 63.7704594135284 63.982461309433 64.1599343061447 64.2197200298309 64.2314986944199 64.2413959026337 64.288703083992 64.2320532083511 64.1171401262283 64.000350522995 63.6362118721008 63.4142070770264 63.1665602207184 62.7798038482666 62.268824338913 61.5383716583252 60.4384869575501 58.9356553077698 56.8627210617066 53.9386909484863 49.5345333099365 43.3355354309082 35.2724704742432 25.9035598754883 16.9823028564453 11.1003105163574 10.4349891662598 15.4316345214844 24.315007019043 34.5999473571777 43.8044441223145 50.9787864685059 56.0512964248657 59.4722441673279 61.6883829116821 62.9583703041077 63.9474595069885 64.6248974323273 65.1363028049469 65.3562474727631 65.4812593460083 65.4938121318817 65.2715713500977 64.6688957691193 63.6536798477173 62.4465641021729 60.5726762771607 57.7902444839478 54.2450330734253 49.1136032104492 43.2206928253174 37.6969509124756
-9999 64.3306425571442 64.4416890144348 64.5508538007736 64.6045398235321 64.6003542900086 64.6722028970718 64.7082460641861 64.6494045257568 64.4510345458984 64.2526804924011 64.0086271286011 63.6519014835358 63.3401493549347 62.908767080307 62.3107158660889 61.5945530891419 60.7294765472412 59.4826929092407 57.7489774703979 55.4547281265259 52.1722240447998 47.5849746704102 41.0808376312256 32.7464027404785 23.254133605957 14.5055404663086 9.05918273925782 9.11294555664062 14.8782249450684 24.4505867004395 35.0556266784668 44.4610790252686 51.7653192520142 56.8241413116455 60.2229555130005 62.3846048355103 63.7032946109772 64.4554791927338 65.1031209468842 65.5915912628174 65.7260242462158 65.9934834480286 66.0565950870514 65.8020558357239 65.2039476394653 64.5556423187256 63.5205722808838 61.9746236801147 59.6496900558472 56.5607456207275 52.2640636444092 47.352555847168 42.7618591308594
-9999 -9999 -9999 65.0248525857925 64.9772870063782 64.9793167352676 65.0630517482758 64.9839459657669 64.8966830968857 64.6392823219299 64.3642782688141 63.9094184398651 63.498903131485 63.0000345230103 62.2928160667419 61.4696262359619 60.5344560623169 59.4545767784119 58.131071472168 56.1320274353027 53.7312301635742 50.3284778594971 45.6406314849853 39.2167419433594 30.9581153869629 21.7807777404785 13.5391723632813 8.83129806518555 9.58785781860352 15.8278472900391 25.6088600158691 36.1721942901611 45.4718364715576 52.5756050109863 57.5237894058228 60.7829636573792 62.8864618301392 64.2268218040466 64.9356105804443 65.4837928771973 65.9551642417908 66.0853226184845 66.3528886318207 66.4853563785553 66.3508083820343 65.8741864204407 65.3664723873138 64.5561820983887 63.3176952362061 61.7785864830017 59.1857841491699 55.9456050872803 52.2780536651611 48.8912605285645
-9999 -9999 -9999 -9999 65.3746837377548 65.5423086166382 65.4157805681229 65.3234576225281 65.0846974849701 64.7604435443878 64.246795129776 63.8249792098999 63.2107695579529 62.359464931488 61.358954334259 60.2190636634827 59.0043343544006 57.6856212615967 56.2432418823242 54.2008855819702 51.7994571685791 48.575691986084 44.0848239898682 38.2076473236084 30.6333778381348 -9999 15.1609916687012 11.3842292785645 12.6917701721191 18.9925094604492 28.4045356750488 38.3639724731445 47.0787178039551 53.729584312439 58.365146446228 61.4189734458923 63.4047659873962 64.6819487094879 65.4634733200073 65.9270632266998 66.3018381118774 66.4887890338898 66.7540755271912 66.9416043758392 66.6982899665833 66.4926459789276 66.1092545986176 65.5143447399139 64.6789021492004 63.5389477729797 61.7010345458984 59.4235790252686 56.9594738006592 54.6881711959839
-9999 -9999 -9999 -9999 -9999 65.8749089717865 65.7007464885712 65.5401666879654 -9999 64.8444550037384 64.2589142799377 63.6285219192505 62.6900585174561 61.5245579719544 60.1258218765259 58.6046087265015 57.0722169876099 55.5732711791992 54.0490480422974 52.3894817352295 50.0192417144775 47.2422630310059 43.4955745697022 -9999 -9999 -9999 19.7880607604981 17.0813034057617 18.7350517272949 24.5741157531738 32.9650939941406 41.7287925720215 49.4105155944824 55.3229183197022 59.4239730834961 62.1733469009399 63.9811532974243 65.1598361492157 65.943103313446 66.3298811435699 66.6472377538681 66.8790568113327 67.0400864601135 67.3582797765732 -9999 67.0562271118164 66.7911934375763 66.3802594184876 65.9724598884583 65.0671666145325 63.8697221755981 62.427979850769 60.8542123794556 59.4560459136963
-9999 -9999 -9999 -9999 -9999 -9999 -9999 -9999 -9999 -9999 64.2447933197022 63.4282832622528 62.156430721283 60.5804731369019 58.7373901367188 56.8239654541016 55.0090963363647 53.3743785858154 51.9528358459473 50.6562461853027 48.8308010101318 46.8780818939209 -9999 -9999 -9999 -9999 26.9312187194824 25.2668212890625 27.0275970458984 31.983487701416 38.8295680999756 46.0267501831055 52.3157661437988 57.2077640533447 60.6735165596008 63.0202487945557 64.5977481365204 65.6553811073303 66.3791061401367 66.8314801931381 -9999 -9999 -9999 -9999 -9999 -9999 -9999 67.3156125545502 66.9106904029846 66.3390337944031 65.6015575408936 64.7419929504395 -9999 -9999
-9999 -9999 -9999 -9999 -9999 -9999 -9999 -9999 -9999 -9999 -9999 63.2529947280884 61.7294489860535 59.7629343032837 57.5213487625122 55.2800411224365 53.2581256866455 51.6716583251953 50.5479942321777 49.7727268218994 48.7630741119385 47.689525604248 -9999 -9999 -9999 -9999 -9999 -9999 -9999 39.9920124053955 45.1772163391113 50.6383678436279 55.4906953811646 59.2560604095459 62.0173544883728 63.9436638832092 65.2644955635071 66.172670507431 -9999 -9999 -9999 -9999 -9999 -9999 -9999 -9999 -9999 -9999 -9999 -9999 -9999 -9999 -9999 -9999
-9999 -9999 -9999 -9999 -9999 -9999 -9999 -9999 -9999 -9999 -9999 -9999 -9999 59.3249565124512 56.9101732254028 54.504439163208 52.4605171203613 51.0772018432617 50.4076034545898 50.2426639556885 50.2483753204346 -9999 -9999 -9999 -9999 -9999 -9999 -9999 -9999 -9999 -9999 -9999 -9999 61.2822154045105 63.3803184509277 64.8912461280823 -9999 -9999 -9999 -9999 -9999 -9999 -9999 -9999 -9999 -9999 -9999 -9999 -9999 -9999 -9999 -9999 -9999 -9999
-9999 -9999 -9999 -9999 -9999 -9999 -9999 -9999 -9999 -9999 -9999 -9999 -9999 -9999 -9999 -9999 53.0145208358765 51.9690242767334 -9999 -9999 -9999 -9999 -9999 -9999 -9999 -9999 -9999 -9999 -9999 -9999 -9999 -9999 -9999 -9999 -9999 -9999 -9999 -9999 -9999 -9999 -9999 -9999 -9999 -9999 -9999 -9999 -9999 -9999 -9999 -9999 -9999 -9999 -9999 -9999
-9999 -9999 -9999 -9999 -9999 -9999 -9999 -9999 -9999 -9999 -9999 -9999 -9999 -9999 -9999 -9999 -9999 -9999 -9999 -9999 -9999 -9999 -9999 -9999 -9999 -9999 -9999 -9999 -9999 -9999 -9999 -9999 -9999 -9999 -9999 -9999 -9999 -9999 -9999 -9999 -9999 -9999 -9999 -9999 -9999 -9999 -9999 -9999 -9999 -9999 -9999 -9999 -9999 -9999
-9999 -9999 -9999 -9999 -9999 -9999 -9999 -9999 -9999 -9999 -9999 -9999 -9999 -9999 -9999 -9999 -9999 -9999 -9999 -9999 -9999 -9999 -9999 -9999 -9999 -9999 -9999 -9999 -9999 -9999 -9999 -9999 -9999 -9999 -9999 -9999 -9999 -9999 -9999 -9999 -9999 -9999 -9999 -9999 -9999 -9999 -9999 -9999 -9999 -9999 -9999 -9999 -9999 -9999
-9999 -9999 -9999 -9999 -9999 -9999 -9999 -9999 -9999 -9999 -9999 -9999 -9999 -9999 -9999 -9999 -9999 -9999 -9999 -9999 -9999 -9999 -9999 -9999 -9999 -9999 -9999 -9999 -9999 -9999 -9999 -9999 -9999 -9999 -9999 -9999 -9999 -9999 -9999 -9999 -9999 -9999 -9999 -9999 -9999 -9999 -9999 -9999 -9999 -9999 -9999 -9999 -9999 -9999
-9999 -9999 -9999 -9999 -9999 -9999 -9999 -9999 -9999 -9999 -9999 -9999 -9999 -9999 -9999 -9999 -9999 -9999 -9999 -9999 -9999 -9999 -9999 -9999 -9999 -9999 -9999 -9999 -9999 -9999 -9999 -9999 -9999 -9999 -9999 -9999 -9999 -9999 -9999 -9999 -9999 -9999 -9999 -9999 -9999 -9999 -9999 -9999 -9999 -9999 -9999 -9999 -9999 -9999
-9999 -9999 -9999 -9999 -9999 -9999 -9999 -9999 -9999 -9999 -9999 -9999 -9999 -9999 -9999 -9999 -9999 -9999 -9999 -9999 -9999 -9999 -9999 -9999 -9999 -9999 -9999 -9999 -9999 -9999 -9999 -9999 -9999 -9999 -9999 -9999 -9999 -9999 -9999 -9999 -9999 -9999 -9999 -9999 -9999 -9999 -9999 -9999 -9999 -9999 -9999 -9999 -9999 -9999
-9999 -9999 -9999 -9999 -9999 -9999 -9999 -9999 -9999 -9999 -9999 -9999 -9999 -9999 -9999 -9999 -9999 -9999 -9999 -9999 -9999 -9999 -9999 -9999 -9999 -9999 -9999 -9999 -9999 -9999 -9999 -9999 -9999 -9999 -9999 -9999 -9999 -9999 -9999 -9999 -9999 -9999 -9999 -9999 -9999 -9999 -9999 -9999 -9999 -9999 -9999 -9999 -9999 -9999
-9999 -9999 -9999 -9999 -9999 -9999 -9999 -9999 -9999 -9999 -9999 -9999 -9999 -9999 -9999 -9999 -9999 -9999 -9999 -9999 -9999 -9999 -9999 -9999 -9999 -9999 -9999 -9999 -9999 -9999 -9999 -9999 -9999 -9999 -9999 -9999 -9999 -9999 -9999 -9999 -9999 -9999 -9999 -9999 -9999 -9999 -9999 -9999 -9999 -9999 -9999 -9999 -9999 -9999
-9999 -9999 -9999 -9999 -9999 -9999 -9999 -9999 -9999 -9999 -9999 -9999 -9999 -9999 -9999 -9999 -9999 -9999 -9999 -9999 -9999 -9999 -9999 -9999 -9999 -9999 -9999 -9999 -9999 -9999 -9999 -9999 -9999 -9999 -9999 -9999 -9999 -9999 -9999 -9999 -9999 -9999 -9999 -9999 -9999 -9999 -9999 -9999 -9999 -9999 -9999 -9999 -9999 -9999
