indici/fabbisogno11.asc
NCOLS 177 
NROWS 174 
XLLCORNER 1436301.375 
YLLCORNER 4916704.5 
CELLSIZE 1500 
NODATA_value -9999 
[rows 23 to 45 of 174, columns 53 to 105 of 177]
-9999 -9999 -104.03491973877 -110.892143249512 -118.236030578613 -125.326034545898 -130.302795410156 -131.737564086914 -128.116577148438 -119.536140441895 -107.078010559082 -92.4178771972656 -77.9863433837891 -65.0933837890625 -9999 -9999 -9999 -9999 -9999 -9999 -9999 -9999 -9999 -9999 -9999 -9999 -9999 -9999 -9999 -9999 -9999 -9999 -9999 -9999 -9999 -9999 -9999 -9999 -9999 -9999 -9999 -9999 -9999 -9999 -56.5317649841309 -59.9256629943848 -65.5460052490234 -72.8733062744141 -82.1229476928711 -92.2732162475586 -102.870704650879 -113.558609008789 -123.22240447998
-9999 -9999 -9999 -116.821250915527 -124.60718536377 -131.86994934082 -137.001754760742 -138.516159057617 -135.064849853516 -126.645568847656 -114.382926940918 -99.9858703613281 -85.3843612670898 -72.2905120849609 -9999 -9999 -9999 -9999 -9999 -9999 -9999 -9999 -9999 -9999 -9999 -9999 -9999 -9999 -9999 -9999 -9999 -9999 -9999 -9999 -9999 -9999 -9999 -9999 -9999 -9999 -9999 -9999 -9999 -9999 -9999 -9999 -9999 -9999 -9999 -90.7059173583984 -100.227592468262 -109.639450073242 -118.172760009766
-9999 -9999 -9999 -9999 -129.513061523438 -136.98908996582 -142.394470214844 -143.990417480469 -140.759582519531 -132.697982788086 -120.923065185547 -107.007652282715 -92.8270263671875 -79.7614593505859 -9999 -9999 -9999 -9999 -9999 -9999 -9999 -9999 -9999 -9999 -9999 -9999 -9999 -9999 -9999 -9999 -9999 -9999 -9999 -9999 -9999 -9999 -9999 -9999 -9999 -9999 -9999 -9999 -9999 -9999 -9999 -9999 -9999 -9999 -9999 -87.751953125 -96.5575866699219 -105.014320373535 -112.657829284668
-9999 -9999 -9999 -9999 -132.291152954102 -140.619079589844 -146.448364257812 -148.218612670898 -145.236145019531 -137.307830810547 -126.247817993164 -113.514450073242 -100.367866516113 -88.3199615478516 -9999 -9999 -9999 -9999 -9999 -9999 -9999 -9999 -9999 -9999 -9999 -9999 -9999 -9999 -9999 -9999 -9999 -9999 -9999 -9999 -9999 -9999 -9999 -9999 -9999 -9999 -9999 -9999 -9999 -9999 -9999 -9999 -9999 -72.0924911499023 -77.6231155395508 -84.389778137207 -91.9013595581055 -98.7554626464844 -105.531608581543
-9999 -9999 -9999 -9999 -133.67903137207 -142.413528442383 -148.423706054688 -150.440704345703 -148.017395019531 -141.147994995117 -131.467178344727 -120.069122314453 -108.32878112793 -96.9673538208008 -86.8184127807617 -9999 -9999 -9999 -9999 -9999 -9999 -9999 -9999 -9999 -9999 -9999 -9999 -9999 -9999 -9999 -9999 -9999 -9999 -9999 -118.113967895508 -116.659622192383 -113.118385314941 -107.761741638184 -100.999160766602 -94.0106658935547 -9999 -9999 -9999 -9999 -9999 -9999 -9999 -71.5474243164062 -75.7812805175781 -81.3713607788086 -88.0996932983398 -94.5870590209961 -100.906761169434
-9999 -9999 -9999 -9999 -131.364654541016 -141.492431640625 -148.907775878906 -151.672805786133 -150.037658691406 -144.476455688477 -136.157608032227 -125.448951721191 -114.280914306641 -104.721694946289 -96.5855026245117 -90.4348449707031 -9999 -9999 -9999 -9999 -9999 -9999 -9999 -9999 -9999 -9999 -9999 -9999 -9999 -9999 -9999 -9999 -135.423431396484 -137.300628662109 -137.239639282227 -134.968643188477 -130.401931762695 -123.741081237793 -115.41552734375 -105.421890258789 -95.9033279418945 -9999 -9999 -9999 -9999 -9999 -69.7691345214844 -71.9854202270508 -75.6884841918945 -80.6923828125 -86.7826690673828 -93.4902420043945 -99.8216094970703
-9999 -9999 -9999 -9999 -9999 -137.726989746094 -145.585220336914 -148.952346801758 -148.328674316406 -144.149002075195 -137.360488891602 -129.41455078125 -120.708389282227 -113.036636352539 -107.029930114746 -102.134140014648 -98.5796203613281 -9999 -9999 -9999 -9999 -9999 -9999 -9999 -9999 -9999 -9999 -124.116325378418 -130.904296875 -137.888595581055 -145.348876953125 -151.926620483398 -155.840087890625 -157.873672485352 -157.638778686523 -154.697814941406 -148.841705322266 -140.394241333008 -129.949981689453 -118.161766052246 -105.59302520752 -9999 -9999 -9999 -9999 -9999 -71.1274795532227 -73.1915435791016 -76.9274215698242 -82.1789398193359 -88.5801162719727 -95.1806411743164 -101.466316223145
-9999 -9999 -9999 -9999 -9999 -133.65837097168 -141.350601196289 -145.585388183594 -146.071838378906 -143.367111206055 -138.640609741211 -132.58821105957 -126.348190307617 -120.800239562988 -116.592483520508 -112.941398620605 -110.300987243652 -9999 -9999 -9999 -9999 -9999 -9999 -9999 -9999 -9999 -131.41796875 -138.767807006836 -146.502304077148 -154.762176513672 -162.672409057617 -170.293045043945 -174.755950927734 -177.178466796875 -177.066436767578 -173.799575805664 -166.901626586914 -156.756484985352 -144.251708984375 -130.100280761719 -115.527374267578 -9999 -9999 -9999 -9999 -9999 -73.1025543212891 -75.3392639160156 -79.7538681030273 -85.5301055908203 -92.2743835449219 -99.1260528564453 -105.729026794434
-9999 -9999 -9999 -9999 -118.872138977051 -128.919128417969 -136.88655090332 -141.962615966797 -143.558670043945 -142.275054931641 -139.102584838867 -134.90022277832 -130.629058837891 -126.888259887695 -124.234474182129 -121.789840698242 -120.110511779785 -118.562080383301 -9999 -9999 -9999 -9999 -9999 -9999 -9999 -9999 -142.460510253906 -150.204833984375 -158.451568603516 -167.801498413086 -176.836502075195 -184.491058349609 -189.556198120117 -192.548858642578 -192.932098388672 -189.751571655273 -182.295257568359 -171.043380737305 -156.694808959961 -140.486236572266 -124.009162902832 -107.812423706055 -9999 -9999 -9999 -9999 -9999 -78.7055435180664 -83.7581787109375 -90.2827758789062 -97.5074081420898 -105.033798217773 -111.825416564941
-9999 -9999 -9999 -9999 -114.371421813965 -124.273780822754 -132.455642700195 -137.831390380859 -140.271789550781 -139.950012207031 -138.105453491211 -135.370727539062 -132.897735595703 -131.05598449707 -129.428909301758 -128.108535766602 -126.99324798584 -126.604148864746 -126.158958435059 -125.850082397461 -9999 -9999 -9999 -9999 -9999 -9999 -149.666839599609 -157.212356567383 -166.07389831543 -175.781097412109 -184.945098876953 -192.050933837891 -198.446380615234 -202.099166870117 -203.132568359375 -200.289703369141 -192.837280273438 -180.950408935547 -165.445709228516 -147.896667480469 -130.024551391602 -113.08438873291 -9999 -9999 -9999 -9999 -9999 -82.8602294921875 -88.6670074462891 -95.8740768432617 -103.842506408691 -111.753295898438 -118.969436645508
-9999 -9999 -9999 -101.878356933594 -111.915344238281 -121.035926818848 -128.947860717773 -134.362762451172 -137.036209106445 -137.447494506836 -136.385498046875 -134.925979614258 -133.796508789062 -132.803436279297 -132.175582885742 -131.716690063477 -131.587707519531 -131.489028930664 -131.969635009766 -132.437026977539 -133.022491455078 -134.079345703125 -135.645050048828 -138.706924438477 -142.939376831055 -147.680328369141 -153.239776611328 -160.040344238281 -168.775955200195 -178.051696777344 -187.244430541992 -194.322845458984 -200.56706237793 -205.047332763672 -206.477462768555 -203.827163696289 -196.832305908203 -185.047241210938 -169.266555786133 -151.435668945312 -133.034210205078 -115.845680236816 -9999 -9999 -9999 -9999 -9999 -9999 -93.9588928222656 -101.85814666748 -110.449554443359 -119.021202087402 -126.475547790527
-9999 -9999 -9999 -101.851226806641 -111.432846069336 -119.817436218262 -127.088798522949 -132.055923461914 -134.733749389648 -135.313461303711 -134.946365356445 -134.309188842773 -133.727310180664 -133.431915283203 -133.209243774414 -133.321807861328 -133.59748840332 -133.987701416016 -134.63525390625 -135.95964050293 -137.238586425781 -138.551818847656 -139.836532592773 -141.94841003418 -145.263305664062 -149.057189941406 -153.619842529297 -159.446640014648 -167.66926574707 -176.242126464844 -185.053131103516 -191.823547363281 -197.396377563477 -201.485122680664 -203.188949584961 -200.660339355469 -194.013519287109 -182.712753295898 -167.660614013672 -150.590118408203 -132.86506652832 -116.181121826172 -102.254547119141 -90.9137420654297 -9999 -9999 -9999 -9999 -9999 -107.635200500488 -116.847862243652 -125.818328857422 -133.703018188477
-9999 -9999 -95.6308441162109 -104.274215698242 -113.159820556641 -121.098579406738 -127.61304473877 -131.866958618164 -134.055572509766 -134.481018066406 -134.315078735352 -134.083160400391 -133.949447631836 -133.620849609375 -133.386856079102 -133.52734375 -133.816177368164 -134.307830810547 -135.222152709961 -136.591125488281 -138.35432434082 -140.067306518555 -141.207397460938 -142.420104980469 -144.603775024414 -147.930923461914 -151.698883056641 -156.768859863281 -163.864776611328 -172.056274414062 -179.578903198242 -186.516174316406 -191.359085083008 -194.33073425293 -194.696350097656 -192.165756225586 -185.67463684082 -175.20361328125 -161.479080200195 -145.880096435547 -129.984008789062 -115.053100585938 -101.93416595459 -92.0979690551758 -88.200065612793 -9999 -9999 -9999 -9999 -9999 -122.332015991211 -131.681793212891 -139.594253540039
-9999 -9999 -100.860008239746 -109.251068115234 -117.533355712891 -124.515289306641 -130.165603637695 -133.65510559082 -135.451553344727 -135.834442138672 -135.630157470703 -135.181900024414 -134.669662475586 -134.106430053711 -133.609222412109 -133.167373657227 -133.02214050293 -133.278579711914 -134.236450195312 -135.685211181641 -137.557876586914 -139.400177001953 -140.556350708008 -141.46484375 -142.60563659668 -145.210556030273 -148.503311157227 -153.111145019531 -158.752426147461 -166.400573730469 -173.594314575195 -180.23698425293 -183.796340942383 -185.574066162109 -185.332885742188 -182.047470092773 -175.482650756836 -165.655151367188 -153.651062011719 -139.808349609375 -125.898155212402 -112.558547973633 -101.163902282715 -93.1076583862305 -90.1960830688477 -9999 -9999 -9999 -9999 -116.77668762207 -126.345504760742 -135.545257568359 -143.575271606445
-9999 -9999 -108.461982727051 -116.330795288086 -124.083000183105 -130.104293823242 -134.776870727539 -137.608032226562 -138.750350952148 -139.082153320312 -138.782348632812 -137.955795288086 -136.943008422852 -135.665679931641 -134.207733154297 -133.045959472656 -132.042984008789 -131.734588623047 -132.330184936523 -133.661315917969 -135.567672729492 -137.511367797852 -138.837631225586 -139.554229736328 -140.171295166016 -141.650253295898 -144.911926269531 -148.863647460938 -154.001647949219 -160.858413696289 -167.705902099609 -173.642913818359 -176.847671508789 -177.674621582031 -176.245513916016 -172.389923095703 -165.58447265625 -156.648666381836 -145.49690246582 -133.322082519531 -121.14338684082 -109.943374633789 -100.145179748535 -94.1449584960938 -92.7072677612305 -9999 -9999 -9999 -112.310852050781 -120.649452209473 -129.499755859375 -138.250411987305 -145.895233154297
-9999 -111.032981872559 -118.117614746094 -125.624336242676 -132.4140625 -137.579986572266 -141.461013793945 -143.452514648438 -144.301528930664 -144.363677978516 -144.113998413086 -143.236892700195 -141.58757019043 -139.396240234375 -136.680953979492 -134.122604370117 -131.972351074219 -130.774536132812 -130.65592956543 -131.477264404297 -133.131286621094 -134.958023071289 -136.424102783203 -137.239974975586 -137.886596679688 -138.822692871094 -141.870040893555 -145.318908691406 -150.066619873047 -155.820327758789 -162.285385131836 -167.684020996094 -171.324096679688 -171.202545166016 -168.741195678711 -164.181335449219 -157.048950195312 -148.510757446289 -138.218612670898 -127.383163452148 -117.092788696289 -107.403762817383 -100.369354248047 -95.8060607910156 -95.7249908447266 -98.5270156860352 -103.370155334473 -109.274360656738 -116.194854736328 -123.97599029541 -132.162750244141 -140.278060913086 -147.769012451172
-116.072555541992 -122.510520935059 -129.413436889648 -136.161193847656 -141.678573608398 -146.321044921875 -149.107345581055 -150.448776245117 -150.876815795898 -150.927978515625 -150.610977172852 -149.895141601562 -148.104888916016 -144.778472900391 -140.891021728516 -137.068801879883 -133.588958740234 -131.210723876953 -130.063934326172 -130.260177612305 -131.514739990234 -132.905990600586 -134.215728759766 -135.210342407227 -136.051132202148 -137.182464599609 -139.280349731445 -143.292083740234 -147.609375 -152.23063659668 -157.796432495117 -162.177368164062 -165.453155517578 -164.703720092773 -162.630004882812 -157.455230712891 -150.459976196289 -141.495025634766 -132.041259765625 -122.974723815918 -113.512550354004 -106.786743164062 -101.543174743652 -98.8955307006836 -99.5262985229492 -103.002716064453 -107.676086425781 -113.364547729492 -119.76441192627 -126.649002075195 -133.705612182617 -140.834976196289 -147.74186706543
-128.716583251953 -134.826858520508 -141.1923828125 -147.020599365234 -151.498748779297 -154.993515014648 -156.860168457031 -157.530075073242 -157.702606201172 -157.889999389648 -157.980758666992 -157.375762939453 -155.374786376953 -151.426010131836 -146.777847290039 -141.66960144043 -136.794784545898 -132.981491088867 -130.717071533203 -130.024536132812 -130.656234741211 -131.836807250977 -133.131469726562 -134.081115722656 -135.014801025391 -136.397842407227 -138.498489379883 -142.174835205078 -146.646820068359 -150.880065917969 -155.542694091797 -159.049697875977 -160.861755371094 -159.804672241211 -156.938888549805 -151.574096679688 -144.207427978516 -136.050262451172 -127.633575439453 -119.727638244629 -112.167907714844 -107.294021606445 -104.381340026855 -103.252983093262 -104.231864929199 -107.804267883301 -112.749618530273 -118.312980651855 -124.142265319824 -129.933547973633 -135.561935424805 -141.263626098633 -146.719924926758
-141.535034179688 -147.031661987305 -152.367446899414 -156.748123168945 -160.375885009766 -162.6962890625 -163.701995849609 -163.954437255859 -164.082061767578 -164.513397216797 -164.979705810547 -164.63151550293 -162.72785949707 -158.673309326172 -153.475479125977 -147.202743530273 -141.118026733398 -136.120483398438 -132.99153137207 -131.383575439453 -131.229019165039 -131.898101806641 -133.017807006836 -134.101669311523 -135.19303894043 -136.619674682617 -138.480972290039 -141.742370605469 -146.294158935547 -150.25764465332 -154.121475219727 -157.225158691406 -158.313003540039 -157.094665527344 -153.252578735352 -147.742584228516 -140.566070556641 -132.881332397461 -125.744247436523 -119.364593505859 -114.088844299316 -109.747940063477 -108.132919311523 -108.389030456543 -110.183876037598 -113.74446105957 -119.081871032715 -124.60563659668 -129.815124511719 -134.374481201172 -138.571105957031 -142.275497436523 -145.909606933594
-153.379470825195 -157.549072265625 -161.7138671875 -165.092651367188 -167.476806640625 -168.803756713867 -169.092742919922 -168.95491027832 -169.215744018555 -169.883148193359 -170.484588623047 -170.550048828125 -168.966110229492 -165.217864990234 -159.902114868164 -153.298233032227 -146.395309448242 -140.726516723633 -136.715682983398 -134.197280883789 -133.310989379883 -133.44026184082 -134.309677124023 -135.342742919922 -136.452362060547 -137.884155273438 -139.714767456055 -142.434478759766 -146.659530639648 -150.223526000977 -153.777450561523 -156.254684448242 -157.129241943359 -155.771469116211 -151.635391235352 -146.163482666016 -140.009155273438 -133.390686035156 -126.861801147461 -121.210334777832 -117.103134155273 -114.673728942871 -114.16951751709 -115.279113769531 -117.559616088867 -121.033157348633 -126.452568054199 -132.067047119141 -136.679870605469 -140.003753662109 -142.443298339844 -144.265518188477 -145.921997070312
-163.245574951172 -166.477264404297 -169.088577270508 -170.990692138672 -171.946228027344 -172.103500366211 -171.69157409668 -171.348007202148 -171.578384399414 -172.554275512695 -173.839981079102 -174.35188293457 -173.179168701172 -170.226058959961 -165.221740722656 -158.834381103516 -152.240173339844 -146.324798583984 -141.57780456543 -138.527496337891 -136.955291748047 -136.588500976562 -137.006393432617 -137.839324951172 -138.89860534668 -139.997009277344 -141.751937866211 -144.01530456543 -148.016815185547 -151.289825439453 -154.6181640625 -157.203735351562 -158.115203857422 -156.708282470703 -152.760604858398 -148.042922973633 -141.75276184082 -135.638122558594 -129.734436035156 -125.057022094727 -121.837188720703 -120.58585357666 -121.10856628418 -123.637161254883 -127.051795959473 -130.403335571289 -135.569427490234 -140.32991027832 -144.345001220703 -146.565826416016 -147.416748046875 -147.346298217773 -147.229858398438
-171.17041015625 -172.871566772461 -173.909713745117 -174.157699584961 -173.562744140625 -172.606292724609 -171.572174072266 -171.120193481445 -171.440216064453 -172.634613037109 -174.162841796875 -175.142791748047 -174.806289672852 -173.013076782227 -169.121536254883 -163.900192260742 -158.077346801758 -152.404342651367 -147.67724609375 -144.268615722656 -142.198135375977 -141.189239501953 -140.94303894043 -141.389465332031 -142.320129394531 -143.386383056641 -144.982772827148 -147.282470703125 -150.830856323242 -154.386840820312 -157.932037353516 -160.481460571289 -161.79736328125 -160.492919921875 -156.91960144043 -152.489181518555 -146.656814575195 -140.626022338867 -135.248107910156 -131.356185913086 -129.126007080078 -128.551574707031 -129.777969360352 -133.104431152344 -137.032302856445 -141.555191040039 -146.027160644531 -150.336288452148 -152.635330200195 -153.656173706055 -152.98518371582 -151.312362670898 -149.695770263672
-175.884841918945 -176.126174926758 -175.60514831543 -174.216049194336 -172.489608764648 -170.836212158203 -169.535522460938 -168.804565429688 -169.211273193359 -170.598297119141 -172.508636474609 -173.989456176758 -174.722702026367 -174.246246337891 -172.19416809082 -168.508865356445 -163.8037109375 -159.086441040039 -154.715270996094 -151.243438720703 -148.848907470703 -147.323257446289 -146.871810913086 -147.223602294922 -147.691329956055 -148.284194946289 -149.911560058594 -152.488128662109 -155.668670654297 -160.155349731445 -163.85319519043 -166.826721191406 -168.73974609375 -168.091323852539 -165.947036743164 -160.84245300293 -154.740798950195 -148.64924621582 -143.642578125 -140.00163269043 -138.0048828125 -137.857086181641 -139.562377929688 -143.061447143555 -147.619018554688 -152.708511352539 -156.30158996582 -160.268890380859 -161.696441650391 -161.016189575195 -158.803344726562 -155.820068359375 -152.726943969727
