indici/fabbisogno12.asc
NCOLS 177 
NROWS 174 
XLLCORNER 1436301.375 
YLLCORNER 4916704.5 
CELLSIZE 1500 
NODATA_value -9999 
[rows 120 to 139 of 174, columns 88 to 131 of 177]
-80.1039428710938 -79.5960540771484 -79.0543975830078 -78.4830474853516 -77.9161682128906 -77.8115463256836 -77.6972122192383 -77.5700302124023 -76.9084625244141 -76.0509948730469 -75.1982498168945 -73.7695007324219 -71.5704879760742 -69.387825012207 -67.3820190429688 -66.6114196777344 -65.8400802612305 -65.0675506591797 -65.4412307739258 -66.0812606811523 -66.7370758056641 -67.7449569702148 -69.09375 -70.4202041625977 -71.6371917724609 -72.4506301879883 -73.2395782470703 -74.007453918457 -74.3907699584961 -74.7254333496094 -75.059326171875 -74.9706420898438 -74.5770263671875 -74.204345703125 -73.5909881591797 -72.3595657348633 -71.1275787353516 -69.8981246948242 -68.6065063476562 -67.3267593383789 -66.0645294189453 -65.1225280761719 -64.3483657836914 -63.5832672119141
-79.6354141235352 -79.1077651977539 -78.526237487793 -77.9129409790039 -77.2929916381836 -77.0021820068359 -76.702018737793 -76.3891906738281 -75.6402130126953 -74.7208480834961 -73.8048095703125 -72.4972610473633 -70.6390991210938 -68.799186706543 -67.0955657958984 -66.4611663818359 -65.8288345336914 -65.1983871459961 -65.5181655883789 -66.0808486938477 -66.6623916625977 -67.5024261474609 -68.6082534790039 -69.6814346313477 -70.6865615844727 -71.441162109375 -72.1680908203125 -72.8700561523438 -73.1968536376953 -73.4677200317383 -73.737678527832 -73.5429382324219 -72.9882049560547 -72.4672088623047 -71.8060913085938 -70.7485427856445 -69.696907043457 -68.6518325805664 -67.6525726318359 -66.6689682006836 -65.7018814086914 -65.0050811767578 -64.4629669189453 -63.9239234924316
-79.159912109375 -78.6107406616211 -77.9868774414062 -77.3323440551758 -76.6649398803711 -76.1903305053711 -75.704719543457 -75.2029037475586 -74.3599166870117 -73.3748626708984 -72.3873825073242 -71.181755065918 -69.6555862426758 -68.1550445556641 -66.7580795288086 -66.2585906982422 -65.767951965332 -65.2880783081055 -65.5693817138672 -66.0617294311523 -66.5619735717773 -67.2322235107422 -68.0876770019531 -68.8988037109375 -69.6762771606445 -70.3630294799805 -71.0253524780273 -71.6642532348633 -71.9372482299805 -72.1500625610352 -72.3730316162109 -72.0921096801758 -71.391975402832 -70.727165222168 -70.0098495483398 -69.129524230957 -68.2619476318359 -67.4057846069336 -66.6987152099609 -66.0138778686523 -65.3406829833984 -64.8904495239258 -64.5792236328125 -64.2634658813477
-78.681037902832 -78.1092147827148 -77.4395751953125 -76.740608215332 -76.0255355834961 -75.3774795532227 -74.719123840332 -74.0428237915039 -73.1191253662109 -72.0873260498047 -71.0492858886719 -69.9420394897461 -68.7266616821289 -67.541145324707 -66.4319076538086 -66.0773468017578 -65.7394714355469 -65.4231414794922 -65.6871185302734 -66.1252288818359 -66.5603790283203 -67.082145690918 -67.7024230957031 -68.2676696777344 -68.8161849975586 -69.3723373413086 -69.9010848999023 -70.4019088745117 -70.5377578735352 -70.6017684936523 -70.6807174682617 -70.2867736816406 -69.4771041870117 -68.7077178955078 -67.9591522216797 -67.2746963500977 -66.6111679077148 -65.9661407470703 -65.6311416625977 -65.3414840698242 -65.0645904541016 -64.8907089233398 -64.7831268310547 -64.6619491577148
-78.1859970092773 -77.5768966674805 -76.8236923217773 -76.0433807373047 -75.2472610473633 -74.5362014770508 -73.813606262207 -73.0681838989258 -72.1550827026367 -71.1645050048828 -70.1608276367188 -69.1446990966797 -68.1097946166992 -67.1126708984375 -66.1828308105469 -65.9989242553711 -65.8380279541016 -65.7088470458984 -65.9866485595703 -66.3950805664062 -66.7880020141602 -67.1845855712891 -67.5819320678711 -67.9130859375 -68.2213668823242 -68.5269622802734 -68.8080749511719 -69.0631256103516 -68.9579772949219 -68.7749252319336 -68.6188583374023 -68.1017990112305 -67.2448959350586 -66.4296646118164 -65.689582824707 -65.2311859130859 -64.7996673583984 -64.3923797607422 -64.483642578125 -64.6490783691406 -64.8218460083008 -64.9420852661133 -65.0209121704102 -65.0793228149414
-77.7023849487305 -77.0583724975586 -76.2226409912109 -75.3611602783203 -74.4839324951172 -73.7089385986328 -72.9224853515625 -72.1092681884766 -71.2053375244141 -70.2576293945312 -69.2937164306641 -68.370475769043 -67.5219421386719 -66.7153167724609 -65.9663391113281 -65.953987121582 -65.9655838012695 -66.0115432739258 -66.2970123291016 -66.6636810302734 -67.0092849731445 -67.2810287475586 -67.4499130249023 -67.552848815918 -67.6303405761719 -67.6948547363281 -67.7402572631836 -67.764762878418 -67.4346389770508 -67.0186767578125 -66.6313018798828 -65.9881362915039 -65.0878448486328 -64.2248382568359 -63.479923248291 -63.2441711425781 -63.0345153808594 -62.8492279052734 -63.341667175293 -63.9482192993164 -64.5669250488281 -64.9881439208984 -65.2495956420898 -65.4893493652344
-77.2379760742188 -76.5611572265625 -75.6435699462891 -74.7003173828125 -73.7406768798828 -72.9000473022461 -72.0492706298828 -71.1690826416016 -70.2722854614258 -69.3681716918945 -68.4487380981445 -67.6188812255859 -66.9608001708984 -66.3449630737305 -65.7764053344727 -65.9345474243164 -66.1139144897461 -66.3250427246094 -66.615348815918 -66.9321899414062 -67.2276306152344 -67.3776473999023 -67.3158111572266 -67.196891784668 -67.057991027832 -66.8987655639648 -66.7304382324219 -66.5517578125 -66.0314254760742 -65.4230651855469 -64.8478240966797 -64.1168823242188 -63.2178001403809 -62.3550682067871 -61.6363525390625 -61.605167388916 -61.5909271240234 -61.5930938720703 -62.3730239868164 -63.2870635986328 -64.1999435424805 -64.837516784668 -65.2441711425781 -65.6248321533203
-76.9508590698242 -76.29345703125 -75.3733139038086 -74.4300537109375 -73.4722900390625 -72.6660079956055 -71.8551483154297 -71.0153732299805 -70.2024307250977 -69.4060516357422 -68.5975036621094 -67.8587799072266 -67.256462097168 -66.6921081542969 -66.159782409668 -66.2987213134766 -66.4500274658203 -66.6238861083984 -66.8307113647461 -67.0479507446289 -67.2418518066406 -67.3191757202148 -67.2212753295898 -67.0748977661133 -66.902961730957 -66.6415100097656 -66.3759460449219 -66.1062316894531 -65.5314788818359 -64.8689193725586 -64.2374114990234 -63.5113983154297 -62.6769943237305 -61.8738327026367 -61.1905860900879 -61.1609573364258 -61.1471519470215 -61.1498947143555 -61.877799987793 -62.7519721984863 -63.6310920715332 -64.3204574584961 -64.8382568359375 -65.3289566040039
-76.7392120361328 -76.1182022094727 -75.2204818725586 -74.2996673583984 -73.3636093139648 -72.612190246582 -71.8601150512695 -71.0776748657227 -70.3531112670898 -69.6641235351562 -68.9642791748047 -68.3017578125 -67.7146759033203 -67.1639404296875 -66.6352691650391 -66.7204360961914 -66.8157730102539 -66.9313888549805 -67.0496444702148 -67.1662902832031 -67.261344909668 -67.2701797485352 -67.1414413452148 -66.9679260253906 -66.7653427124023 -66.4015655517578 -66.0375137329102 -65.6747207641602 -65.0419769287109 -64.3230972290039 -63.6353340148926 -62.9098587036133 -62.1400527954102 -61.3961601257324 -60.7499084472656 -60.7211570739746 -60.7063407897949 -60.7071838378906 -61.3820724487305 -62.2129173278809 -63.0528907775879 -63.7823944091797 -64.4052200317383 -65.003776550293
-76.5590362548828 -75.9666976928711 -75.0835876464844 -74.1787414550781 -73.2588577270508 -72.5560302734375 -71.8615798950195 -71.1458892822266 -70.517578125 -69.9448471069336 -69.3609008789062 -68.7840042114258 -68.2188720703125 -67.6796875 -67.1545639038086 -67.1749114990234 -67.2093963623047 -67.264289855957 -67.2928619384766 -67.3066482543945 -67.3058471679688 -67.2469024658203 -67.089973449707 -66.8885192871094 -66.65576171875 -66.1877517700195 -65.7220611572266 -65.2619400024414 -64.5658416748047 -63.7870788574219 -63.0425262451172 -62.3126907348633 -61.60693359375 -60.9216461181641 -60.3136177062988 -60.2848892211914 -60.267822265625 -60.2649269104004 -60.8867797851562 -61.6724433898926 -62.4707183837891 -63.229850769043 -63.9470367431641 -64.6393661499023
-76.6977081298828 -76.1727294921875 -75.3676681518555 -74.5455169677734 -73.7119522094727 -73.0989074707031 -72.502799987793 -71.8965835571289 -71.3863372802734 -70.9391708374023 -70.4802703857422 -69.9852905273438 -69.3971252441406 -68.8218307495117 -68.2525329589844 -68.051513671875 -67.8593063354492 -67.6787414550781 -67.5364151000977 -67.4132537841797 -67.2810440063477 -67.133415222168 -66.9641189575195 -66.7514114379883 -66.5114898681641 -66.0499801635742 -65.5983734130859 -65.162239074707 -64.4195022583008 -63.5558395385742 -62.7282066345215 -61.9215621948242 -61.1474952697754 -60.3827209472656 -59.6814842224121 -59.6271820068359 -59.5814552307129 -59.5472755432129 -60.1337509155273 -60.9042739868164 -61.692455291748 -62.4385032653809 -63.1342468261719 -63.8095817565918
-77.3799285888672 -76.9591293334961 -76.3038558959961 -75.6327819824219 -74.9505615234375 -74.4468612670898 -73.9624938964844 -73.4777679443359 -73.0712814331055 -72.7189559936523 -72.3545761108398 -71.900764465332 -71.2099914550781 -70.5225219726562 -69.8357391357422 -69.2697601318359 -68.7081680297852 -68.158317565918 -67.7825698852539 -67.5014190673828 -67.2186126708984 -66.9706726074219 -66.8003463745117 -66.5860748291016 -66.3479537963867 -65.9380340576172 -65.540412902832 -65.1635437011719 -64.3755035400391 -63.4111518859863 -62.4860687255859 -61.5805244445801 -60.7079391479492 -59.8390235900879 -59.0243301391602 -58.9464874267578 -58.8743629455566 -58.8104934692383 -59.3655319213867 -60.1249237060547 -60.9087142944336 -61.6451225280762 -62.3202247619629 -62.9792633056641
-78.1122817993164 -77.7934494018555 -77.2871017456055 -76.7714462280273 -76.249382019043 -75.8651275634766 -75.4979934692383 -75.129264831543 -74.8215103149414 -74.5581436157227 -74.2734069824219 -73.8498916625977 -73.039924621582 -72.2279968261719 -71.4135360717773 -70.4792556762695 -69.5397872924805 -68.617431640625 -67.9985809326172 -67.5558853149414 -67.1141662597656 -66.7527236938477 -66.5725479125977 -66.3585205078125 -66.1270523071289 -65.7751541137695 -65.4391098022461 -65.1320571899414 -64.3144683837891 -63.2591743469238 -62.2433547973633 -61.245418548584 -60.2804870605469 -59.3096313476562 -58.3786277770996 -58.2774238586426 -58.1766014099121 -58.0765762329102 -58.5932998657227 -59.3360710144043 -60.1175537109375 -60.8469734191895 -61.5033111572266 -62.1475944519043
-78.9021606445312 -78.695068359375 -78.3460693359375 -77.9953994750977 -77.6441497802734 -77.3841400146484 -77.1337585449219 -76.8747177124023 -76.6575164794922 -76.4716186523438 -76.2508926391602 -75.8498382568359 -74.9230422973633 -73.9908905029297 -73.0540618896484 -71.7807693481445 -70.4896774291992 -69.2247619628906 -68.3637771606445 -67.7501602172852 -67.1381912231445 -66.6506729125977 -66.4636993408203 -66.2515869140625 -66.0255508422852 -65.7256927490234 -65.4426193237305 -65.1961059570312 -64.3583450317383 -63.2234535217285 -62.128833770752 -61.042407989502 -59.9721374511719 -58.8855934143066 -57.8212242126465 -57.7290878295898 -57.6345329284668 -57.5349273681641 -58.0077705383301 -58.7099189758301 -59.4639015197754 -60.1534271240234 -60.7449150085449 -61.3252639770508
-80.6773834228516 -80.5997772216797 -80.3662414550781 -80.1388244628906 -79.91748046875 -79.6839752197266 -79.4453201293945 -79.1932144165039 -78.9651718139648 -78.7558822631836 -78.5013427734375 -78.0565795898438 -77.0210113525391 -75.9764175415039 -74.9244003295898 -73.3798065185547 -71.8000564575195 -70.253044128418 -69.134651184082 -68.2962341308594 -67.4618835449219 -66.8031997680664 -66.5960998535156 -66.3724136352539 -66.1389389038086 -65.8637619018555 -65.6079177856445 -65.3976593017578 -64.5396728515625 -63.3302955627441 -62.1605758666992 -60.9812316894531 -59.7830963134766 -58.5600662231445 -57.3380241394043 -57.2751579284668 -57.2055206298828 -57.1224021911621 -57.5405349731445 -58.1786575317383 -58.8841018676758 -59.5129280090332 -60.0152359008789 -60.5101509094238
-82.4594116210938 -82.5116729736328 -82.3936767578125 -82.2889709472656 -82.1970748901367 -81.9923629760742 -81.7661590576172 -81.5258407592773 -81.292839050293 -81.065544128418 -80.7780532836914 -80.2913970947266 -79.1469192504883 -77.9856185913086 -76.8103256225586 -74.9909133911133 -73.1163787841797 -71.2904510498047 -69.916259765625 -68.8565139770508 -67.8067474365234 -66.9782485961914 -66.7589416503906 -66.5267715454102 -66.2863388061523 -66.0352783203125 -65.804328918457 -65.6222763061523 -64.7394256591797 -63.4471435546875 -62.1816711425781 -60.8898048400879 -59.5413398742676 -58.165412902832 -56.7721481323242 -56.7169189453125 -56.6731338500977 -56.6389236450195 -57.0393447875977 -57.6476669311523 -58.3082504272461 -58.8817710876465 -59.2984352111816 -59.7107772827148
-84.2550048828125 -84.4368515014648 -84.4337997436523 -84.4505310058594 -84.4867706298828 -84.312385559082 -84.0987243652344 -83.8755111694336 -83.6433563232422 -83.4028472900391 -83.0821380615234 -82.5540542602539 -81.2992324829102 -80.0165100097656 -78.7101821899414 -76.613639831543 -74.439094543457 -72.3366088867188 -70.7071228027344 -69.4280548095703 -68.1665191650391 -67.1655197143555 -66.9372177124023 -66.6997909545898 -66.4514999389648 -66.2189407348633 -66.0036239624023 -65.834831237793 -64.9269866943359 -63.5602035522461 -62.2100791931152 -60.8271484375 -59.3635864257812 -57.8798522949219 -56.3854370117188 -56.3280334472656 -56.321720123291 -56.3511238098145 -56.7354888916016 -57.3013801574707 -57.8979415893555 -58.4047164916992 -58.7405700683594 -59.0746078491211
-85.6051025390625 -85.9216766357422 -86.056770324707 -86.2186584472656 -86.4078674316406 -86.2872085571289 -86.1063385009766 -85.9213256835938 -85.6581649780273 -85.3194274902344 -84.8784561157227 -84.2415313720703 -82.8910522460938 -81.5027618408203 -80.0813446044922 -77.8941268920898 -75.6293563842773 -73.4678344726562 -71.7258758544922 -70.3124923706055 -68.9265899658203 -67.7898254394531 -67.4435119628906 -67.0826721191406 -66.7101364135742 -66.3857116699219 -66.0807266235352 -65.8237533569336 -64.9279403686523 -63.6060752868652 -62.2866477966309 -60.9425392150879 -59.5329666137695 -58.1028900146484 -56.6608810424805 -56.572566986084 -56.5709686279297 -56.6333122253418 -56.9405746459961 -57.3831443786621 -57.8374977111816 -58.2215461730957 -58.4601516723633 -58.6996536254883
-86.7644805908203 -87.2266082763672 -87.5175399780273 -87.8406448364258 -88.1975784301758 -88.1455230712891 -88.0081329345703 -87.872444152832 -87.5784606933594 -87.1268844604492 -86.556999206543 -85.8086090087891 -84.3788223266602 -82.9021682739258 -81.3826065063477 -79.1410827636719 -76.8181762695312 -74.6194610595703 -72.7770156860352 -71.2306365966797 -69.7211151123047 -68.4464645385742 -67.9786758422852 -67.4975433349609 -67.0052108764648 -66.5924682617188 -66.2011489868164 -65.8540420532227 -64.9634094238281 -63.6838760375977 -62.4009666442871 -61.1011657714844 -59.7523155212402 -58.3870391845703 -57.011962890625 -56.9103622436523 -56.9205017089844 -57.0036735534668 -57.2268829345703 -57.5321083068848 -57.8442687988281 -58.1035575866699 -58.2445793151855 -58.3853149414062
-87.8925170898438 -88.4985122680664 -88.943962097168 -89.4206771850586 -89.9316253662109 -89.9377975463867 -89.8326873779297 -89.7459106445312 -89.4248657226562 -88.8602294921875 -88.1764068603516 -87.3320541381836 -85.8393478393555 -84.2922973632812 -82.6928787231445 -80.4136581420898 -78.0455169677734 -75.8085784912109 -73.8674697875977 -72.1871109008789 -70.5580902099609 -69.1506042480469 -68.5660705566406 -67.9690704345703 -67.3610458374023 -66.8626251220703 -66.3863220214844 -65.9421157836914 -65.0453643798828 -63.8017082214355 -62.5586013793945 -61.3059463500977 -60.0211219787598 -58.726936340332 -57.4270362854004 -57.3217239379883 -57.3443222045898 -57.4343757629395 -57.566707611084 -57.7226943969727 -57.8893051147461 -58.0219650268555 -58.0713539123535 -58.1200675964355
