indici/fabbisogno06.asc
NCOLS 177 
NROWS 174 
XLLCORNER 1436301.375 
YLLCORNER 4916704.5 
CELLSIZE 1500 
NODATA_value -9999 
[rows 0 to 19 of 174, columns 88 to 131 of 177]
-9999 -9999 -9999 -9999 -9999 -9999 -9999 -9999 -9999 -9999 -9999 -9999 -9999 -9999 -9999 -9999 -9999 -9999 -9999 -9999 -9999 -9999 -9999 -9999 -9999 -9999 -64.3695220947266 -63.8124389648438 -63.1732902526855 -62.9106216430664 -62.7859497070312 -62.798168182373 -62.864070892334 -62.9690399169922 -63.1566429138184 -64.0045471191406 -66.063102722168 -68.2947769165039 -70.9047012329102 -75.4955902099609 -79.9671783447266 -84.3321075439453 -85.8819961547852 -87.176872253418
-9999 -9999 -9999 -9999 -9999 -9999 -9999 -9999 -9999 -9999 -9999 -9999 -9999 -9999 -9999 -9999 -9999 -9999 -9999 -9999 -9999 -9999 -9999 -9999 -64.5851516723633 -64.6910934448242 -64.1764373779297 -63.5584297180176 -62.7973861694336 -62.5244216918945 -62.431812286377 -62.4662055969238 -62.5067100524902 -62.5498962402344 -62.6943397521973 -63.4659118652344 -65.4896774291992 -67.6808395385742 -70.2200088500977 -74.8916854858398 -79.4220733642578 -83.8175277709961 -85.3729782104492 -86.6126251220703
-9999 -9999 -9999 -9999 -9999 -9999 -9999 -9999 -9999 -9999 -9999 -9999 -9999 -9999 -9999 -9999 -9999 -9999 -9999 -9999 -9999 -9999 -9999 -9999 -64.5700531005859 -64.6523818969727 -63.9983406066895 -63.2438888549805 -62.3733024597168 -62.0960235595703 -62.045295715332 -62.097240447998 -62.1112327575684 -62.0885772705078 -62.1685066223145 -62.842700958252 -64.8122177124023 -66.9481353759766 -69.3994216918945 -74.1406936645508 -78.7445602416992 -83.2052764892578 -84.8034133911133 -86.0075836181641
-9999 -9999 -9999 -9999 -9999 -9999 -9999 -9999 -9999 -9999 -9999 -9999 -9999 -9999 -9999 -9999 -9999 -9999 -9999 -9999 -9999 -9999 -64.1750793457031 -64.2621154785156 -64.3790664672852 -64.5200805664062 -63.7538986206055 -62.8815727233887 -61.9235801696777 -61.5794296264648 -61.4783592224121 -61.447566986084 -61.4327621459961 -61.4417533874512 -61.5619926452637 -62.235969543457 -64.2173767089844 -66.3683547973633 -68.7792739868164 -73.365234375 -77.8034896850586 -82.0755920410156 -83.6561126708984 -84.7906646728516
-9999 -9999 -9999 -9999 -9999 -9999 -9999 -9999 -9999 -9999 -9999 -9999 -9999 -9999 -9999 -9999 -9999 -9999 -9999 -9999 -9999 -9999 -64.1645584106445 -64.1841049194336 -64.2201309204102 -64.2700729370117 -63.4175415039062 -62.4575805664062 -61.4422492980957 -60.9735221862793 -60.737377166748 -60.5448341369629 -60.507999420166 -60.6436538696289 -60.8915634155273 -61.6375503540039 -63.6705513000488 -65.8716888427734 -68.2721481323242 -72.5895462036133 -76.7628402709961 -80.7605819702148 -82.3131103515625 -83.3873748779297
-9999 -9999 -9999 -9999 -9999 -9999 -9999 -9999 -9999 -9999 -9999 -9999 -9999 -9999 -9999 -9999 -9999 -9999 -9999 -9999 -9999 -9999 -64.2087707519531 -64.1476135253906 -64.0834732055664 -64.0143203735352 -63.0465507507324 -61.9707298278809 -60.8808250427246 -60.2722702026367 -59.8868942260742 -59.55859375 -59.5157699584961 -59.8064651489258 -60.2236289978027 -61.0904197692871 -63.2226333618164 -65.4739456176758 -67.8497695922852 -71.868408203125 -75.7506790161133 -79.4536895751953 -80.9493865966797 -81.94580078125
-9999 -9999 -9999 -9999 -9999 -9999 -9999 -9999 -9999 -9999 -9999 -9999 -9999 -9999 -9999 -9999 -9999 -9999 -9999 -9999 -9999 -9999 -72.290283203125 -69.6043701171875 -66.890251159668 -64.1448211669922 -62.7598915100098 -61.5582962036133 -60.3840789794922 -59.6643409729004 -59.1837921142578 -58.7917747497559 -58.7580680847168 -59.1553230285645 -59.6790885925293 -60.5926895141602 -62.7312049865723 -64.9253540039062 -67.1652297973633 -70.7275238037109 -74.1441268920898 -77.3603591918945 -78.7004623413086 -79.5563354492188
-9999 -9999 -9999 -9999 -9999 -9999 -9999 -9999 -9999 -9999 -9999 -9999 -9999 -9999 -9999 -9999 -9999 -9999 -9999 -9999 -9999 -9999 -72.3835372924805 -69.9964370727539 -67.5463485717773 -65.023551940918 -63.3703842163086 -61.8715667724609 -60.449951171875 -59.6916160583496 -59.3051300048828 -59.0299186706543 -58.968994140625 -59.1831550598145 -59.5363960266113 -60.237174987793 -62.1330146789551 -64.0381088256836 -65.9432907104492 -68.798095703125 -71.5221252441406 -74.04248046875 -75.1872329711914 -75.9304809570312
-9999 -9999 -9999 -9999 -9999 -9999 -9999 -9999 -9999 -9999 -9999 -75.0808486938477 -75.1119232177734 -75.2524108886719 -9999 -9999 -9999 -9999 -9999 -9999 -9999 -73.0062408447266 -72.708854675293 -70.4331970214844 -68.155143737793 -65.8730163574219 -63.9905433654785 -62.2136306762695 -60.5670928955078 -59.7816009521484 -59.5133628845215 -59.3396148681641 -59.2464256286621 -59.2595710754395 -59.4171485900879 -59.880802154541 -61.5046272277832 -63.1094970703125 -64.6962585449219 -66.8388214111328 -68.8721160888672 -70.7066421508789 -71.6413116455078 -72.279411315918
-9999 -9999 -9999 -9999 -9999 -9999 -9999 -9999 -9999 -9999 -9999 -26.3788990020752 -24.8410606384277 -26.8108921051025 -9999 -9999 -9999 -9999 -9999 -9999 -9999 -72.9929504394531 -72.7213745117188 -70.705940246582 -68.6933517456055 -66.6823806762695 -64.6185684204102 -62.588249206543 -60.7411041259766 -59.9382858276367 -59.8096389770508 -59.7164421081543 -59.5830535888672 -59.377140045166 -59.318286895752 -59.5285491943359 -60.862850189209 -62.1630973815918 -63.4329948425293 -64.9530944824219 -66.4322967529297 -67.7343902587891 -68.5717239379883 -69.2259674072266
-9999 -9999 -9999 -9999 -9999 -9999 -9999 -9999 -9999 -9999 -75.9684524536133 -26.1716747283936 -22.1909023284912 -26.7999599456787 -20.4365879058838 -23.465274810791 -9999 -9999 -9999 -74.9821090698242 -74.3999786376953 -73.6887969970703 -72.8749618530273 -71.1345367431641 -69.4024200439453 -67.6786117553711 -65.8320999145508 -64.0295562744141 -62.4875335693359 -61.6706657409668 -61.3373031616211 -60.9621887207031 -60.7625503540039 -60.890625 -61.1919975280762 -61.7971878051758 -63.7657165527344 -65.7243041992188 -67.6779403686523 -68.8847732543945 -69.9470062255859 -70.8415374755859 -71.3441390991211 -71.6736831665039
-9999 -9999 -9999 -9999 -9999 -9999 -9999 -9999 -9999 -9999 -22.4950878143311 -26.8597984313965 -25.2507617950439 -24.9002529144287 -17.2502014160156 -24.3591556549072 -9999 -9999 -9999 -75.0074462890625 -74.4928207397461 -73.8390426635742 -73.094367980957 -71.6366577148438 -70.1939392089844 -68.7700424194336 -67.2719192504883 -65.8301162719727 -64.6826019287109 -63.818244934082 -63.1458892822266 -62.3999214172363 -62.086311340332 -62.6031494140625 -63.2957038879395 -64.2976989746094 -66.8983383178711 -69.4723815917969 -72.0226516723633 -72.9119033813477 -73.5608291625977 -74.0608520507812 -74.2390670776367 -74.2602005004883
-9999 -9999 -9999 -9999 -9999 -9999 -9999 -9999 -76.3801956176758 -76.3760528564453 -27.2706447601318 -25.5699203491211 -24.9598098754883 -16.1387119293213 -13.5386817932129 -26.0454040527344 -26.5914974212646 -23.2071266174316 -17.8632663726807 -26.4228378295898 -28.3878616333008 -74.2978591918945 -73.6358642578125 -72.4824523925781 -71.3673629760742 -70.3094482421875 -69.220947265625 -68.1632461547852 -67.2590103149414 -66.2286224365234 -65.0781021118164 -63.9687881469727 -63.5257759094238 -64.4441452026367 -65.5382843017578 -66.9371490478516 -70.1784133911133 -73.3670120239258 -76.5015182495117 -77.1043701171875 -77.3329238891602 -77.4465713500977 -77.3039016723633 -77.023796081543
-9999 -9999 -9999 -9999 -9999 -9999 -84.0447158813477 -81.7924880981445 -79.5821380615234 -27.4554943084717 -26.9739727020264 -23.4341262817383 -19.9952224731445 -14.5695873260498 -18.1418872833252 -21.49831199646 -26.9451404571533 -27.3652652740479 -20.7708003997803 -21.1959476470947 -24.5103660583496 -26.9732837677002 -74.2075500488281 -25.0021343231201 -24.7966743469238 -23.2554595947266 -23.100866317749 -21.7129589080811 -69.7760696411133 -68.8106536865234 -67.5974578857422 -66.5670013427734 -66.2107543945312 -67.2627334594727 -68.468620300293 -69.9373168945312 -73.4166488647461 -76.7920837402344 -80.0528564453125 -80.4895629882812 -80.4682159423828 -80.3800582885742 -80.1670227050781 -79.8883361816406
-9999 -9999 -9999 -9999 -9999 -9999 -84.1912994384766 -83.4048767089844 -34.4883476257324 -32.4456634521484 -24.9969402313232 -27.3992225646973 -22.3994033813477 -17.8098072052002 -25.5965167999268 -20.0976150512695 -26.5399814605713 -25.7848125457764 -25.7683044433594 -19.0569755554199 -21.9069820404053 -27.1393840789795 -26.264864730835 -28.0360427856445 -23.6389400482178 -24.9771137237549 -25.3490238189697 -23.3903583526611 -21.645219039917 -71.5553588867188 -70.6865310668945 -70.1060104370117 -69.9900588989258 -70.8787689208984 -71.9209899902344 -73.1966018676758 -76.6411514282227 -79.9604034423828 -83.1301116943359 -83.4904251098633 -83.3304443359375 -83.1403579711914 -82.9552154541016 -82.7775039672852
-9999 -9999 -9999 -9999 -9999 -9999 -84.3693389892578 -85.0233993530273 -37.3551834106445 -36.2195690155029 -34.917223739624 -32.0239356994629 -22.0137306213379 -23.5422805786133 -27.1839210510254 -22.5486743927002 -24.611506652832 -27.7033962249756 -24.4525638580322 -24.050626373291 -19.6490783691406 -18.439741897583 -24.7093879699707 -26.9015697479248 -26.5621963500977 -26.8587146759033 -26.8336067199707 -25.6084232330322 -26.3304836273193 -25.4201763153076 -73.9366912841797 -73.8217468261719 -73.9759750366211 -74.7074356079102 -75.5497970581055 -76.5678100585938 -79.9152069091797 -83.1555786132812 -86.2607345581055 -86.5734024047852 -86.2847442626953 -85.9618530273438 -85.7661285400391 -85.6602554321289
-9999 -9999 -9999 -9999 -9999 -9999 -84.475341796875 -86.6145629882812 -40.2097324371338 -40.2009468078613 -40.7052680969238 -34.2626976013184 -24.6683410644531 -30.436971282959 -30.3593185424805 -23.5400325775146 -28.4137161254883 -28.7436538696289 -25.8534961700439 -28.338045501709 -28.934056854248 -25.2410739898682 -19.5888965606689 -18.36435546875 -26.9737747192383 -22.5160015106201 -23.9176486968994 -27.8434272766113 -29.0057781219482 -30.064192199707 -76.8215179443359 -77.0890426635742 -77.4895706176758 -78.1681671142578 -78.9406356811523 -79.8428039550781 -82.9567108154297 -85.9665603637695 -88.8404541015625 -89.0849304199219 -88.6881790161133 -88.2590713500977 -88.0768966674805 -88.0815811157227
-9999 -9999 -9999 -9999 -9999 -9999 -104.974998474121 -102.918739318848 -52.7095985412598 -50.0946624755859 -47.0002754211426 -40.8946319580078 -32.3033267974853 -37.5526042938232 -32.1693717956543 -31.3241287231445 -27.3798500061035 -30.0171222686768 -28.3166477203369 -26.0408054351807 -24.8986766815186 -25.2952899932861 -26.1057651519775 -25.1216915130615 -16.0167198181152 -26.6401779174805 -27.8445274353027 -29.1238403320312 -29.6931842803955 -30.9680614471436 -32.6014842987061 -32.3939903259277 -32.3433868408203 -34.0701240539551 -81.4866333007812 -82.8229293823242 -85.3988418579102 -87.8899993896484 -90.2642517089844 -90.4888000488281 -90.1179580688477 -89.7102661132812 -89.6542358398438 -89.8845672607422
-9999 -9999 -9999 -9999 -9999 -9999 -105.157981872559 -105.462226867676 -58.7303665161133 -58.5983375549316 -52.9981811523437 -44.674231338501 -41.5308723449707 -42.5798419952393 -36.2059501647949 -35.262576675415 -30.7647777557373 -26.5890270233154 -24.2491416931152 -16.9059131622314 -10.5571540832519 -8.19530944824218 -11.3473564147949 -13.2031505584717 -7.47095909118651 -22.4646335601807 -28.6523593902588 -29.2760375976562 -29.9680080413818 -28.8705951690674 -28.6105583190918 -31.9696636199951 -32.6522922515869 -34.4966152191162 -38.1154003143311 -37.7224155426025 -87.7369003295898 -89.7256011962891 -91.6151428222656 -91.8136901855469 -91.4839706420898 -91.1024017333984 -91.1687240600586 -91.6300811767578
-9999 -9999 -9999 -9999 -9999 -9999 -105.193572998047 -107.876892089844 -63.3344436645508 -64.7466247558594 -60.2740550994873 -50.3154270172119 -50.9809387207031 -46.9382747650146 -41.2869106292725 -37.5622116088867 -33.7656879425049 -31.8041088104248 -27.4951927185059 -16.5878955841064 -19.1778701782227 -20.3134090423584 -15.844474029541 -11.5946342468262 -6.50537185668945 -12.2770366668701 -18.2834987640381 -22.4331363677979 -23.1826419830322 -22.8500011444092 -28.6198764801025 -24.9567535400391 -29.1377983093262 -34.8499904632568 -39.1368389129639 -42.0794227600098 -43.2616291046143 -91.5180206298828 -92.9362640380859 -93.0910415649414 -92.7950592041016 -92.4329376220703 -92.5892333984375 -93.2213897705078
