indici/fabbisogno07.asc
NCOLS 177 
NROWS 174 
XLLCORNER 1436301.375 
YLLCORNER 4916704.5 
CELLSIZE 1500 
NODATA_value -9999 
[rows 120 to 143 of 174, columns 108 to 161 of 177]
99.1141170501709 101.71762638092 104.163558769226 106.074083137512 107.407596111298 108.493804836273 109.295812225342 109.987134647369 110.555368423462 111.030815410614 111.365933895111 111.709102916718 112.060088992119 112.352968478203 112.547772479057 112.643263483047 112.66961171627 112.391931152344 111.88766951561 111.32710518837 110.436150360107 108.995114994049 106.901568984985 103.96502532959 100.075182151794 95.7289821624756 91.0647758483887 87.1485397338867 84.7411590576172 84.4460796356201 86.2338363647461 89.5841739654541 93.610315322876 97.9834362030029 102.108409881592 105.465173149109 108.121243095398 109.904736614227 111.210237312317 112.11929359436 112.443737983704 112.280943965912 111.829478263855 111.222221565247 110.717315101624 110.397282981873 110.258396530151 110.6745470047 111.416523456573 112.322541046143 112.961928462982 -9999 -9999 -9999
102.004243850708 104.254838180542 106.307009124756 107.903080177307 109.064192819595 109.858108663559 110.528424358368 111.055391550064 111.48570523262 111.854165530205 112.171829605103 112.432131171227 112.631768059731 112.822700190544 112.985224533081 113.147131252289 113.117876791954 112.825294423103 112.391739368439 111.88292388916 111.077069950104 109.7927734375 107.884727668762 105.221008872986 101.695291519165 97.6229682922363 93.4975955963135 89.987340927124 87.8587215423584 87.6992576599121 89.5168849945068 92.768000793457 96.7445529937744 100.697945404053 104.278400802612 107.361784934998 109.55091676712 111.06129655838 112.148327255249 112.799304485321 113.01998462677 112.746151065826 112.149467754364 111.57769575119 110.798527145386 110.192910575867 109.833217048645 109.88536605835 110.316041755676 110.601987266541 -9999 -9999 -9999 -9999
104.844370079041 106.58659658432 108.176396083832 109.438450050354 110.433159685135 110.983699989319 111.436586427689 111.886620950699 112.24614572525 112.515712881088 112.809312200546 112.994489836693 113.166888141632 113.327292156219 113.423817229271 113.4801913023 113.495280313492 113.34191133976 112.861879920959 112.32718834877 111.537104272842 110.331201076508 108.548596191406 106.065664291382 102.872424316406 99.1946960449219 95.4922100067139 92.3521690368652 90.6256160736084 90.6600944519043 92.5414909362793 95.6903945922852 99.3240146636963 103.185749053955 106.478833198547 108.985290718079 110.740889167786 112.092981147766 112.99622297287 113.583455324173 113.683552026749 113.435268497467 112.907838439941 112.35120010376 111.549334335327 110.715154933929 110.157795715332 109.855883407593 109.637752532959 109.557671737671 -9999 -9999 -9999 -9999
107.387193202972 108.638233852386 109.747862005234 110.723140335083 111.452890634537 111.950405502319 112.278298377991 112.560777211189 112.857917046547 113.037783074379 113.303337979317 113.463217425346 113.579852032661 113.692119956017 113.794558382034 113.843247795105 113.857096242905 113.655941963196 113.257876110077 112.641964054108 111.771245002747 110.621822357178 108.852331161499 106.431243515015 103.428439903259 99.8581890106201 96.3140296936035 93.5251518249512 92.1679290771484 92.5984142303467 94.6469551086426 97.8435012817383 101.610223197937 105.317925262451 108.246263313293 110.493121623993 112.091540050507 113.223600387573 113.999274730682 114.389577913284 114.57119140625 114.393165206909 114.016601657867 113.419569015503 112.720011138916 111.936330223083 111.174343967438 110.626202774048 109.780930900574 109.105840301514 108.399183273315 107.457741165161 -9999 105.695749473572
109.431081008911 110.281405448914 111.070805549622 111.76338429451 112.296916747093 112.696437382698 112.938954734802 113.168996834755 113.318898653984 113.513433504105 113.735281729698 113.91565580368 114.040217781067 114.127278625965 114.142105102539 114.147307014465 114.086772203445 113.945451784134 113.520389223099 113.024060201645 112.108175373077 110.837187385559 109.042813587189 106.655740356445 103.584016227722 100.061010360718 96.6478370666504 94.0393436431885 93.0309028625488 93.8020805358887 96.2373935699463 99.6759269714355 103.366829872131 106.699585151672 109.458936691284 111.537683486938 113.070654392242 114.08348608017 114.806223964691 115.201425743103 115.430148363113 115.272069215775 115.084743881226 114.649774456024 114.154769897461 113.471959972382 112.641493797302 111.617306804657 110.725580406189 109.451773071289 107.984063148499 106.060202407837 104.1015625 102.205350112915
110.988071298599 111.537327766418 112.072152137756 112.572026157379 112.96999232769 113.269206857681 113.509205842018 113.643262386322 113.738057136536 113.950046491623 114.114704453945 114.309483647346 114.405071771145 114.401801109314 114.382484078407 114.406258487701 114.339584636688 114.157690310478 113.856959342957 113.226602983475 112.398804187775 111.225811862946 109.117157554626 106.491003417969 103.267331504822 99.710041809082 96.2592391967773 93.8495662689209 93.1341011047363 94.3307952880859 97.1625171661377 100.937762069702 104.717836761475 107.996202087402 110.565347576141 112.457776069641 113.930842447281 114.770031118393 115.405099534988 115.917275476456 116.155805206299 116.166841125488 116.031621026993 115.808133268356 115.353122663498 114.828096675873 114.146819210052 113.080474853516 111.928417015076 110.437292480469 108.341123771667 105.739724159241 102.77064743042 100.093106842041
112.131092023849 112.508675909042 112.87897143364 113.244397997856 113.532145929337 113.785680484772 113.972253513336 114.065355491638 114.181745100021 114.326012051105 114.472075581551 114.626753151417 114.628140425682 114.591090154648 114.618260169029 114.612174272537 114.48937921524 114.228183531761 113.866154432297 113.3233502388 112.454732084274 111.269955825806 109.33385515213 106.681594276428 102.988871765137 98.9083221435547 95.2709281921387 92.9227893829346 92.6379596710205 94.3151184082031 97.5916156768799 101.738398933411 105.709519767761 109.016592407227 111.517436981201 113.345276832581 114.62558760643 115.501287794113 116.044463682175 116.417328763008 116.745638513565 116.875057339668 116.881551074982 116.807610416412 116.563433265686 116.115874528885 115.350707530975 114.612722492218 113.438660240173 111.727027130127 109.440688705444 106.631807518005 103.086714172363 99.9304862976074
113.046253728867 113.296490383148 113.546097779274 113.778447532654 114.033279252052 114.229831337929 114.385139751434 114.464424443245 114.611041772366 114.696850609779 114.791311490536 114.880151295662 114.791104316711 114.808520483971 114.798587870598 114.679401803017 114.475083255768 114.212245845795 113.714200401306 113.021070241928 112.003777885437 110.552149963379 108.324314498901 105.302962303162 101.524036598206 97.3921897888184 93.7721374511719 91.5839656829834 91.3791191101074 93.8471797943115 97.8138011932373 102.46785697937 106.67689743042 110.071870136261 112.468741416931 114.124667835236 115.280362892151 115.969071674347 116.494195914268 116.932007479668 117.292647314072 117.418499040604 117.515746760368 117.539415812492 117.420478582382 117.110841035843 116.614187145233 115.934091377258 114.84693069458 113.289350223541 111.293851470947 108.395344161987 104.958552932739 101.925266647339
-9999 113.938561272621 114.121813869476 114.288122928143 114.476806819439 114.638683629036 114.808908879757 114.906513345242 114.983500981331 114.99224230051 115.033098316193 115.054742622375 114.994990825653 114.957734322548 114.798699069023 114.582764029503 114.318486022949 113.949868345261 113.364129161835 112.528718471527 111.358006381989 109.540090656281 107.095880126953 103.71143951416 99.5011520385742 94.906814956665 90.9223266601562 88.774235534668 89.2800518035889 92.3977355957031 97.1985786437988 102.420848655701 107.02216835022 110.573727035522 113.110489940643 114.793417882919 115.924895334244 116.626527357101 117.068193864822 117.462077188492 117.755560326576 117.817352604866 118.029314494133 118.120675849915 118.052462506294 117.829146623611 117.514046382904 116.973327255249 116.208595848083 114.951591205597 113.257091331482 110.861812019348 108.110345077515 105.48758392334
-9999 -9999 -9999 114.810576164722 114.905903232098 114.990009236336 115.130725228786 115.229868674278 115.324934387207 115.281688249111 115.289840340614 115.140270090103 115.048357582092 114.923522496223 114.647471046448 114.298568487167 113.914785003662 113.44334859848 112.796061992645 111.775944519043 110.472745132446 108.548454856873 105.903510665894 102.417967796326 97.86598777771 93.002067565918 88.8749755859375 86.7726425170898 87.6522441864014 91.3034641265869 96.6412670135498 102.329929733276 107.235818099976 110.872452068329 113.494601345062 115.189692878723 116.324931144714 117.054381275177 117.479370951653 117.838296175003 118.141434860229 118.21599650383 118.475960254669 118.608597517014 118.629793810844 118.476056575775 118.27141327858 117.911538028717 117.335389041901 116.501109695435 115.176161003113 113.450412750244 111.495890617371 109.700158119202
-9999 -9999 -9999 -9999 115.335819256306 115.559599423408 115.591694116592 115.647947919369 115.631215846539 115.568671381474 115.396841669083 115.28508849144 115.069772386551 114.721901464462 114.263383626938 113.762969303131 113.236721420288 112.626751708984 111.891745471954 110.831031417847 109.52345905304 107.621843910217 105.04602394104 101.632965087891 97.2178085327148 -9999 88.5449108123779 86.6684356689453 87.7700710296631 91.6805511474609 97.1762138366699 102.963359642029 107.822833824158 111.408794403076 113.961381816864 115.656349182129 116.733924913406 117.432443594933 117.902193140984 118.223871517181 118.505725240707 118.622910261154 118.866579008102 119.063675546646 119.076072502136 119.055868673325 118.938214468956 118.734510183334 118.377560520172 117.869167995453 116.93784866333 115.794175243378 114.576268196106 113.457393074036
-9999 -9999 -9999 -9999 -9999 115.955519104004 115.968008613586 115.957357037067 -9999 115.824083471298 115.589531683922 115.38111987114 114.941887521744 114.383528757095 113.7375 113.021598339081 112.278985595703 111.542706871033 110.825022792816 109.982355213165 108.647101974487 106.978190612793 104.757951164246 -9999 -9999 -9999 90.48932762146 89.0341941833496 90.2735046386719 94.0134643554687 99.1522079467773 104.444014549255 108.930916404724 112.265033054352 114.609082317352 116.183806228638 117.20036649704 117.857998514175 118.338248276711 118.618259549141 118.887162685394 119.0305082798 119.191469907761 119.485734736919 -9999 119.590464949608 119.544473576546 119.436055159569 119.311626386642 118.954732656479 118.424276685715 117.776353263855 117.054377174377 116.479985809326
-9999 -9999 -9999 -9999 -9999 -9999 -9999 -9999 -9999 -9999 115.811465883255 115.460589933395 114.816355085373 114.035503482819 113.084364128113 112.069495868683 111.169103622437 110.422566795349 109.815905380249 109.190862083435 108.181513404846 107.023836326599 -9999 -9999 -9999 -9999 94.5518894195557 93.5725929260254 94.8043125152588 98.015157699585 102.348461151123 106.782220840454 110.554013442993 113.380366802216 115.414483451843 116.780989933014 117.686585998535 118.307199001312 118.745419430733 119.047965192795 -9999 -9999 -9999 -9999 -9999 -9999 -9999 120.131911468506 120.029622721672 119.859797811508 119.607827091217 119.314457082748 -9999 -9999
-9999 -9999 -9999 -9999 -9999 -9999 -9999 -9999 -9999 -9999 -9999 115.618307781219 114.805066490173 113.717928600311 112.480136299133 111.29763212204 110.273645782471 109.595792579651 109.132660675049 108.864419746399 108.396150970459 107.748227310181 -9999 -9999 -9999 -9999 -9999 -9999 -9999 102.844132614136 106.116122245789 109.497365379333 112.409012126923 114.661352443695 116.324934720993 117.452355575562 118.225580883026 118.767048239708 -9999 -9999 -9999 -9999 -9999 -9999 -9999 -9999 -9999 -9999 -9999 -9999 -9999 -9999 -9999 -9999
-9999 -9999 -9999 -9999 -9999 -9999 -9999 -9999 -9999 -9999 -9999 -9999 -9999 113.646442508698 112.289337253571 110.953822803497 109.953700065613 109.383707237244 109.227044487 109.350831794739 109.435529518127 -9999 -9999 -9999 -9999 -9999 -9999 -9999 -9999 -9999 -9999 -9999 -9999 115.989408302307 117.275875711441 118.173115205765 -9999 -9999 -9999 -9999 -9999 -9999 -9999 -9999 -9999 -9999 -9999 -9999 -9999 -9999 -9999 -9999 -9999 -9999
-9999 -9999 -9999 -9999 -9999 -9999 -9999 -9999 -9999 -9999 -9999 -9999 -9999 -9999 -9999 -9999 110.391180801392 110.035195922852 -9999 -9999 -9999 -9999 -9999 -9999 -9999 -9999 -9999 -9999 -9999 -9999 -9999 -9999 -9999 -9999 -9999 -9999 -9999 -9999 -9999 -9999 -9999 -9999 -9999 -9999 -9999 -9999 -9999 -9999 -9999 -9999 -9999 -9999 -9999 -9999
-9999 -9999 -9999 -9999 -9999 -9999 -9999 -9999 -9999 -9999 -9999 -9999 -9999 -9999 -9999 -9999 -9999 -9999 -9999 -9999 -9999 -9999 -9999 -9999 -9999 -9999 -9999 -9999 -9999 -9999 -9999 -9999 -9999 -9999 -9999 -9999 -9999 -9999 -9999 -9999 -9999 -9999 -9999 -9999 -9999 -9999 -9999 -9999 -9999 -9999 -9999 -9999 -9999 -9999
-9999 -9999 -9999 -9999 -9999 -9999 -9999 -9999 -9999 -9999 -9999 -9999 -9999 -9999 -9999 -9999 -9999 -9999 -9999 -9999 -9999 -9999 -9999 -9999 -9999 -9999 -9999 -9999 -9999 -9999 -9999 -9999 -9999 -9999 -9999 -9999 -9999 -9999 -9999 -9999 -9999 -9999 -9999 -9999 -9999 -9999 -9999 -9999 -9999 -9999 -9999 -9999 -9999 -9999
-9999 -9999 -9999 -9999 -9999 -9999 -9999 -9999 -9999 -9999 -9999 -9999 -9999 -9999 -9999 -9999 -9999 -9999 -9999 -9999 -9999 -9999 -9999 -9999 -9999 -9999 -9999 -9999 -9999 -9999 -9999 -9999 -9999 -9999 -9999 -9999 -9999 -9999 -9999 -9999 -9999 -9999 -9999 -9999 -9999 -9999 -9999 -9999 -9999 -9999 -9999 -9999 -9999 -9999
-9999 -9999 -9999 -9999 -9999 -9999 -9999 -9999 -9999 -9999 -9999 -9999 -9999 -9999 -9999 -9999 -9999 -9999 -9999 -9999 -9999 -9999 -9999 -9999 -9999 -9999 -9999 -9999 -9999 -9999 -9999 -9999 -9999 -9999 -9999 -9999 -9999 -9999 -9999 -9999 -9999 -9999 -9999 -9999 -9999 -9999 -9999 -9999 -9999 -9999 -9999 -9999 -9999 -9999
-9999 -9999 -9999 -9999 -9999 -9999 -9999 -9999 -9999 -9999 -9999 -9999 -9999 -9999 -9999 -9999 -9999 -9999 -9999 -9999 -9999 -9999 -9999 -9999 -9999 -9999 -9999 -9999 -9999 -9999 -9999 -9999 -9999 -9999 -9999 -9999 -9999 -9999 -9999 -9999 -9999 -9999 -9999 -9999 -9999 -9999 -9999 -9999 -9999 -9999 -9999 -9999 -9999 -9999
-9999 -9999 -9999 -9999 -9999 -9999 -9999 -9999 -9999 -9999 -9999 -9999 -9999 -9999 -9999 -9999 -9999 -9999 -9999 -9999 -9999 -9999 -9999 -9999 -9999 -9999 -9999 -9999 -9999 -9999 -9999 -9999 -9999 -9999 -9999 -9999 -9999 -9999 -9999 -9999 -9999 -9999 -9999 -9999 -9999 -9999 -9999 -9999 -9999 -9999 -9999 -9999 -9999 -9999
-9999 -9999 -9999 -9999 -9999 -9999 -9999 -9999 -9999 -9999 -9999 -9999 -9999 -9999 -9999 -9999 -9999 -9999 -9999 -9999 -9999 -9999 -9999 -9999 -9999 -9999 -9999 -9999 -9999 -9999 -9999 -9999 -9999 -9999 -9999 -9999 -9999 -9999 -9999 -9999 -9999 -9999 -9999 -9999 -9999 -9999 -9999 -9999 -9999 -9999 -9999 -9999 -9999 -9999
-9999 -9999 -9999 -9999 -9999 -9999 -9999 -9999 -9999 -9999 -9999 -9999 -9999 -9999 -9999 -9999 -9999 -9999 -9999 -9999 -9999 -9999 -9999 -9999 -9999 -9999 -9999 -9999 -9999 -9999 -9999 -9999 -9999 -9999 -9999 -9999 -9999 -9999 -9999 -9999 -9999 -9999 -9999 -9999 -9999 -9999 -9999 -9999 -9999 -9999 -9999 -9999 -9999 -9999
