indici/fabbisogno10.asc
NCOLS 177 
NROWS 174 
XLLCORNER 1436301.375 
YLLCORNER 4916704.5 
CELLSIZE 1500 
NODATA_value -9999 
[rows 69 to 91 of 174, columns 0 to 52 of 177]
-9999 -9999 -9999 -9999 -9999 -9999 -9999 -9999 -9999 -9999 -9999 -9999 -9999 -9999 -9999 -9999 -9999 -9999 -9999 -9999 -121.01636505127 -117.37931060791 -113.527008056641 -109.524253845215 -106.397010803223 -104.718940734863 -104.75407409668 -106.315811157227 -109.087738037109 -112.666007995605 -116.479911804199 -119.915008544922 -122.806549072266 -124.198509216309 -124.314414978027 -123.45645904541 -121.896774291992 -119.975929260254 -118.098541259766 -116.496383666992 -115.563026428223 -115.598533630371 -115.83390045166 -115.893882751465 -116.815406799316 -118.443908691406 -120.842849731445 -123.586486816406 -126.936981201172 -130.747512817383 -134.326034545898 -137.067169189453 -138.642959594727
-9999 -9999 -9999 -9999 -9999 -9999 -9999 -9999 -9999 -9999 -9999 -9999 -9999 -9999 -9999 -9999 -9999 -9999 -9999 -123.884292602539 -120.095680236816 -115.68285369873 -111.037055969238 -106.564567565918 -103.246421813965 -101.543380737305 -101.441764831543 -102.751106262207 -105.41724395752 -108.672874450684 -112.049163818359 -115.047271728516 -117.784477233887 -119.051986694336 -119.282844543457 -118.899559020996 -117.844253540039 -116.412528991699 -115.10334777832 -113.833450317383 -113.621810913086 -114.261367797852 -114.631080627441 -115.267669677734 -116.95573425293 -119.285713195801 -121.559013366699 -124.042503356934 -126.819869995117 -130.002670288086 -133.085708618164 -135.251235961914 -136.27392578125
-9999 -9999 -9999 -9999 -9999 -9999 -9999 -9999 -9999 -9999 -9999 -9999 -9999 -9999 -9999 -9999 -9999 -9999 -9999 -126.146553039551 -120.974449157715 -115.136001586914 -109.614624023438 -104.75415802002 -101.320182800293 -99.4895172119141 -99.1076965332031 -100.173835754395 -102.407096862793 -105.122825622559 -107.987205505371 -110.573463439941 -112.512619018555 -113.990951538086 -114.313652038574 -114.027549743652 -113.301208496094 -112.451667785645 -111.680976867676 -111.192947387695 -111.245162963867 -111.956672668457 -112.994956970215 -114.733085632324 -117.251815795898 -119.229454040527 -121.219223022461 -123.229537963867 -125.16682434082 -128.067626953125 -130.798828125 -132.901138305664 -133.330932617188
-9999 -9999 -9999 -9999 -9999 -9999 -9999 -9999 -9999 -9999 -9999 -9999 -9999 -9999 -9999 -9999 -9999 -9999 -9999 -9999 -121.834365844727 -115.059043884277 -108.890922546387 -103.602127075195 -100.090087890625 -98.2102355957031 -97.7761154174805 -98.6362991333008 -100.352645874023 -102.559745788574 -105.097518920898 -107.202095031738 -108.62574005127 -109.297248840332 -109.399307250977 -109.334815979004 -108.698631286621 -108.265586853027 -107.749687194824 -107.88671875 -108.122367858887 -109.46883392334 -111.73087310791 -114.460006713867 -116.881278991699 -119.047569274902 -120.575164794922 -121.978042602539 -123.209243774414 -125.565391540527 -128.012588500977 -129.714416503906 -130.214630126953
-9999 -9999 -9999 -9999 -9999 -9999 -9999 -9999 -9999 -9999 -9999 -9999 -9999 -9999 -9999 -9999 -9999 -9999 -9999 -9999 -121.363899230957 -113.853233337402 -107.543334960938 -102.355316162109 -98.9436721801758 -97.281005859375 -97.1230621337891 -97.9607086181641 -99.2764129638672 -101.032836914062 -102.907272338867 -104.375633239746 -105.298149108887 -105.423828125 -105.015487670898 -104.505493164062 -103.944900512695 -103.641159057617 -103.707733154297 -104.433029174805 -105.454597473145 -107.530799865723 -110.443328857422 -113.633567810059 -116.295066833496 -118.367576599121 -119.746337890625 -120.458061218262 -121.345169067383 -122.785774230957 -124.661338806152 -125.947792053223 -126.556648254395
-9999 -9999 -9999 -9999 -9999 -9999 -9999 -9999 -9999 -9999 -9999 -9999 -9999 -9999 -9999 -9999 -9999 -9999 -9999 -9999 -9999 -110.648963928223 -104.804634094238 -100.404861450195 -97.5199203491211 -96.4983139038086 -96.7850799560547 -97.8387832641602 -99.1627731323242 -100.610107421875 -101.763954162598 -102.515411376953 -102.561141967773 -102.238441467285 -101.308792114258 -100.560585021973 -100.062538146973 -99.9146347045898 -100.301750183105 -101.355316162109 -103.066764831543 -105.641624450684 -109.098167419434 -112.275733947754 -115.287391662598 -117.19873046875 -118.261817932129 -118.727584838867 -119.071044921875 -119.286849975586 -120.336929321289 -122.044395446777 -123.193901062012
-9999 -9999 -9999 -9999 -9999 -9999 -9999 -9999 -9999 -9999 -9999 -9999 -9999 -9999 -9999 -9999 -9999 -9999 -9999 -9999 -9999 -105.372802734375 -100.250602722168 -97.1966934204102 -95.738151550293 -95.5348968505859 -96.4303588867188 -97.8853073120117 -99.5496139526367 -100.794204711914 -101.457931518555 -101.518623352051 -100.980491638184 -99.912971496582 -98.5241470336914 -97.4246139526367 -96.7086029052734 -96.4257659912109 -96.9496383666992 -98.4078598022461 -100.365783691406 -103.663063049316 -107.465118408203 -110.670593261719 -113.144920349121 -114.722557067871 -115.567848205566 -115.838928222656 -115.708473205566 -115.664253234863 -116.462684631348 -117.893585205078 -119.219741821289
-9999 -9999 -9999 -9999 -9999 -9999 -9999 -9999 -9999 -9999 -9999 -9999 -9999 -9999 -9999 -9999 -9999 -9999 -9999 -9999 -9999 -9999 -9999 -9999 -93.025520324707 -94.1976699829102 -96.1516876220703 -98.2594757080078 -100.214729309082 -101.272857666016 -101.552841186523 -101.145095825195 -99.9144058227539 -98.1838226318359 -96.3328704833984 -94.8891372680664 -93.8119506835938 -93.4319000244141 -93.9189300537109 -95.2171325683594 -97.6708831787109 -101.166435241699 -104.984115600586 -108.130584716797 -110.398315429688 -111.887992858887 -112.596786499023 -112.696105957031 -112.303421020508 -112.065132141113 -112.504318237305 -113.789207458496 -115.331504821777
-9999 -9999 -9999 -9999 -9999 -9999 -9999 -9999 -9999 -9999 -9999 -9999 -9999 -9999 -9999 -9999 -9999 -9999 -9999 -9999 -9999 -9999 -9999 -9999 -89.3701019287109 -92.1700668334961 -95.4691619873047 -98.7518310546875 -101.252822875977 -102.611656188965 -102.772583007812 -101.881378173828 -100.127235412598 -97.7604446411133 -95.3666381835938 -93.2360305786133 -91.7504272460938 -90.4482574462891 -90.8392715454102 -92.1128234863281 -94.6255264282227 -98.1525802612305 -101.925300598145 -104.740798950195 -107.038215637207 -108.504486083984 -109.140975952148 -109.059478759766 -108.340255737305 -108.092071533203 -108.255035400391 -109.414642333984 -111.157257080078
-9999 -9999 -9999 -9999 -9999 -9999 -9999 -9999 -9999 -9999 -9999 -9999 -9999 -9999 -9999 -9999 -9999 -9999 -9999 -9999 -9999 -9999 -9999 -9999 -85.1050033569336 -89.5904312133789 -94.6735534667969 -99.2414016723633 -102.280364990234 -104.091407775879 -104.120704650879 -103.026664733887 -101.067077636719 -98.2605056762695 -94.8835220336914 -92.040412902832 -89.4486236572266 -88.297721862793 -87.8705520629883 -88.8390731811523 -91.2789077758789 -94.3753051757812 -97.64404296875 -100.631004333496 -102.852249145508 -104.163795471191 -104.800880432129 -104.717193603516 -104.097709655762 -103.800231933594 -103.843276977539 -104.666282653809 -106.462707519531
-9999 -9999 -9999 -9999 -9999 -9999 -9999 -9999 -9999 -9999 -9999 -9999 -9999 -9999 -9999 -9999 -9999 -9999 -9999 -9999 -9999 -9999 -9999 -9999 -80.7611770629883 -87.0502243041992 -93.6072692871094 -99.2571258544922 -103.354965209961 -105.407325744629 -105.82935333252 -104.993583679199 -101.900108337402 -98.4240951538086 -94.4152679443359 -90.5747909545898 -87.897705078125 -86.0494918823242 -85.4441452026367 -85.8555068969727 -87.8579483032227 -90.4151611328125 -93.2102890014648 -96.073860168457 -98.1414794921875 -99.4040756225586 -99.8924407958984 -99.7623825073242 -99.4917602539062 -99.4228286743164 -99.5469512939453 -100.345848083496 -101.896987915039
-9999 -9999 -9999 -9999 -9999 -9999 -9999 -9999 -9999 -9999 -9999 -9999 -9999 -9999 -9999 -9999 -9999 -9999 -9999 -9999 -9999 -9999 -9999 -9999 -9999 -9999 -92.1907501220703 -99.0849227905273 -104.39867401123 -107.241844177246 -108.158843994141 -106.933990478516 -104.14672088623 -100.044639587402 -95.1718292236328 -90.6792068481445 -87.1377868652344 -84.629753112793 -83.3134307861328 -83.3173751831055 -84.3955535888672 -86.1540069580078 -88.4941711425781 -90.917854309082 -92.9672164916992 -94.3179702758789 -94.7853546142578 -94.9269104003906 -94.9941864013672 -95.2270584106445 -95.6197280883789 -96.2331924438477 -97.6712646484375
-9999 -9999 -9999 -9999 -9999 -9999 -9999 -9999 -9999 -9999 -9999 -9999 -9999 -9999 -9999 -9999 -9999 -9999 -9999 -9999 -9999 -9999 -9999 -9999 -9999 -9999 -90.5199127197266 -98.5929870605469 -104.836990356445 -108.859924316406 -110.489761352539 -109.528770446777 -106.407371520996 -101.864814758301 -96.4442367553711 -91.0226287841797 -86.4089508056641 -83.3973236083984 -81.4058532714844 -80.3207168579102 -80.7822570800781 -82.0297775268555 -83.7304000854492 -85.5047607421875 -87.4963684082031 -88.6735916137695 -89.4841613769531 -90.1093368530273 -90.5899353027344 -91.0389633178711 -91.6138610839844 -92.3175506591797 -93.5177536010742
-9999 -9999 -9999 -9999 -9999 -9999 -9999 -9999 -9999 -9999 -9999 -9999 -9999 -9999 -9999 -9999 -9999 -9999 -9999 -9999 -9999 -9999 -9999 -9999 -9999 -78.7887878417969 -88.5165634155273 -97.4907989501953 -104.479858398438 -109.731819152832 -111.848556518555 -111.119102478027 -108.067779541016 -103.308662414551 -97.4213180541992 -91.360969543457 -86.19921875 -81.8828277587891 -78.9359664916992 -77.6759033203125 -77.1886749267578 -77.7693405151367 -78.8090209960938 -80.2430648803711 -81.6941909790039 -82.9291534423828 -84.0572280883789 -85.006103515625 -85.8424453735352 -86.7324066162109 -87.5409317016602 -88.6794204711914 -89.9979934692383
-9999 -9999 -9999 -9999 -9999 -9999 -9999 -9999 -9999 -9999 -9999 -9999 -9999 -9999 -9999 -9999 -9999 -9999 -9999 -9999 -9999 -9999 -9999 -9999 -9999 -75.4866790771484 -85.9683227539062 -95.6108093261719 -103.5830078125 -109.447784423828 -111.667335510254 -111.170532226562 -108.53434753418 -103.70223236084 -97.4653778076172 -91.204963684082 -85.3288497924805 -80.3615341186523 -76.8625793457031 -74.6256561279297 -73.4124984741211 -73.0430145263672 -73.759407043457 -74.9128036499023 -76.3784484863281 -77.7509231567383 -79.0219345092773 -80.1913757324219 -81.443359375 -82.7531509399414 -84.3358459472656 -85.6865386962891 -87.0693588256836
-9999 -9999 -9999 -9999 -9999 -9999 -9999 -9999 -9999 -9999 -9999 -9999 -9999 -9999 -9999 -9999 -9999 -9999 -9999 -9999 -9999 -9999 -9999 -9999 -9999 -9999 -83.0466690063477 -93.0862579345703 -102.052307128906 -108.014442443848 -110.60245513916 -110.21533203125 -107.116981506348 -102.137542724609 -96.3228988647461 -90.2015151977539 -84.0449447631836 -78.6207656860352 -74.4538726806641 -71.6682205200195 -69.5202026367188 -68.5837249755859 -68.73095703125 -69.9089279174805 -71.3864669799805 -72.9534606933594 -74.5862426757812 -76.178337097168 -77.7806777954102 -79.4913330078125 -81.198486328125 -82.7293014526367 -84.5732345581055
-9999 -9999 -9999 -9999 -9999 -9999 -9999 -9999 -9999 -9999 -9999 -9999 -9999 -9999 -9999 -9999 -9999 -9999 -9999 -9999 -9999 -9999 -9999 -9999 -9999 -9999 -9999 -89.9011077880859 -98.978271484375 -105.13395690918 -107.902732849121 -107.48087310791 -104.238128662109 -99.6407241821289 -94.1566390991211 -88.1418685913086 -81.7931289672852 -76.1956176757812 -71.5961685180664 -68.2496566772461 -65.6931610107422 -64.4763565063477 -64.2861251831055 -65.0969772338867 -66.5952301025391 -68.8289260864258 -70.8928527832031 -73.0290679931641 -75.1998443603516 -77.1871566772461 -79.0768051147461 -80.8355255126953 -82.7229995727539
-9999 -9999 -9999 -9999 -9999 -9999 -9999 -9999 -9999 -9999 -9999 -9999 -9999 -9999 -9999 -9999 -9999 -9999 -9999 -9999 -9999 -9999 -9999 -9999 -9999 -9999 -9999 -85.617317199707 -94.1194458007812 -100.11491394043 -102.943305969238 -102.467094421387 -99.9755935668945 -95.7057189941406 -90.5839614868164 -84.7585754394531 -78.6861114501953 -73.1642456054688 -68.3381805419922 -64.5423355102539 -61.8867225646973 -60.4805183410645 -60.1968154907227 -61.1185150146484 -62.8747291564941 -64.9988021850586 -67.4566879272461 -70.0485687255859 -72.6794891357422 -75.120735168457 -77.3534698486328 -79.8561782836914 -82.3952865600586
-9999 -9999 -9999 -9999 -9999 -9999 -9999 -9999 -9999 -9999 -9999 -9999 -9999 -9999 -9999 -9999 -9999 -9999 -9999 -9999 -9999 -9999 -9999 -9999 -9999 -9999 -9999 -79.8217391967773 -87.6455612182617 -93.2233428955078 -96.0424270629883 -96.0088195800781 -93.952278137207 -90.3059387207031 -85.5012283325195 -79.9650115966797 -74.4778060913086 -69.1770782470703 -64.4341125488281 -60.6366310119629 -58.0662689208984 -56.7550582885742 -56.6626014709473 -57.8678588867188 -59.917106628418 -62.531623840332 -65.6863555908203 -69.2079925537109 -72.490478515625 -75.5100479125977 -78.3931732177734 -81.3970642089844 -84.3510894775391
-9999 -9999 -9999 -9999 -9999 -9999 -9999 -9999 -9999 -9999 -9999 -9999 -9999 -9999 -9999 -9999 -9999 -9999 -9999 -9999 -9999 -9999 -9999 -9999 -9999 -9999 -9999 -72.6151885986328 -79.7856826782227 -85.0563812255859 -87.2810668945312 -87.6590881347656 -85.9725570678711 -82.9678726196289 -78.6343612670898 -73.8625640869141 -69.0422439575195 -64.2563858032227 -59.9884262084961 -56.4945793151855 -54.1917610168457 -53.327880859375 -53.6932907104492 -55.1576690673828 -57.7437019348145 -61.0805892944336 -65.0049591064453 -69.3006362915039 -73.0433731079102 -76.7739715576172 -80.3098526000977 -83.6767654418945 -86.4595413208008
-9999 -9999 -9999 -9999 -9999 -9999 -9999 -9999 -9999 -9999 -9999 -9999 -9999 -9999 -9999 -9999 -9999 -9999 -9999 -9999 -9999 -9999 -9999 -9999 -9999 -9999 -9999 -64.0287475585938 -70.2339172363281 -75.0500564575195 -77.2447052001953 -77.5018539428711 -76.2545013427734 -73.9455871582031 -70.5190048217773 -66.5247192382812 -62.4496536254883 -58.6181640625 -54.997730255127 -52.2176551818848 -50.4936599731445 -50.1902809143066 -51.0783729553223 -53.1898651123047 -56.3562660217285 -60.3593902587891 -65.0657653808594 -69.8025894165039 -74.4043502807617 -78.7333679199219 -82.593391418457 -86.0284042358398 -88.3896636962891
-9999 -9999 -9999 -9999 -9999 -9999 -9999 -9999 -9999 -9999 -9999 -9999 -9999 -9999 -9999 -9999 -9999 -9999 -9999 -9999 -9999 -9999 -9999 -9999 -9999 -9999 -9999 -9999 -59.8896903991699 -63.9736747741699 -66.2922668457031 -66.843620300293 -66.0788421630859 -64.3987884521484 -61.7782135009766 -58.7093467712402 -55.6090545654297 -52.5342330932617 -49.7140426635742 -47.9122619628906 -47.0905075073242 -47.4475593566895 -48.9663619995117 -51.6550369262695 -55.5462226867676 -60.3589630126953 -65.62890625 -71.3110427856445 -76.524299621582 -81.1661682128906 -85.1658325195312 -88.1436614990234 -89.9448699951172
-9999 -9999 -9999 -9999 -9999 -9999 -9999 -9999 -9999 -9999 -9999 -9999 -9999 -9999 -9999 -9999 -9999 -9999 -9999 -9999 -9999 -9999 -9999 -9999 -9999 -9999 -9999 -9999 -49.4720001220703 -52.856086730957 -55.077808380127 -55.9841003417969 -55.9169502258301 -55.0041351318359 -53.2751235961914 -51.1400566101074 -48.8791618347168 -46.6898002624512 -44.9387741088867 -44.1074752807617 -44.1556587219238 -45.2505226135254 -47.3584327697754 -50.8601303100586 -55.5773162841797 -60.8922729492188 -66.8429183959961 -73.0377807617188 -78.7546081542969 -83.4901885986328 -87.39990234375 -89.6572494506836 -90.8051223754883
