indici/fabbisogno12.asc
NCOLS 177 
NROWS 174 
XLLCORNER 1436301.375 
YLLCORNER 4916704.5 
CELLSIZE 1500 
NODATA_value -9999 
[rows 20 to 39 of 174, columns 44 to 87 of 177]
-105.55615234375 -107.653846740723 -109.734405517578 -111.79093170166 -113.569061279297 -114.731803894043 -113.446434020996 -112.426322937012 -111.607025146484 -110.973320007324 -110.170936584473 -109.02513885498 -104.509338378906 -98.7738189697266 -93.3122177124023 -89.767951965332 -88.1267013549805 -86.3049697875977 -84.1691207885742 -81.261474609375 -78.4488296508789 -75.8637542724609 -76.8829574584961 -9999 -9999 -9999 -9999 -9999 -9999 -9999 -9999 -9999 -9999 -9999 -9999 -9999 -9999 -9999 -9999 -9999 -9999 -9999 -9999 -9999
-104.762664794922 -106.685958862305 -108.769622802734 -111.086952209473 -113.145515441895 -114.539085388184 -113.210296630859 -112.080680847168 -111.10302734375 -110.985908508301 -110.789497375488 -110.353088378906 -106.456474304199 -101.271057128906 -96.258544921875 -92.8618392944336 -91.0947113037109 -89.2625579833984 -87.1037368774414 -84.0814895629883 -81.05517578125 -78.1632843017578 -78.4217910766602 -9999 -9999 -9999 -9999 -9999 -9999 -9999 -9999 -9999 -9999 -9999 -9999 -9999 -9999 -9999 -9999 -9999 -9999 -9999 -9999 -9999
-103.875877380371 -105.61693572998 -107.694931030273 -110.264831542969 -112.608879089355 -114.243026733398 -112.879592895508 -111.661094665527 -110.554168701172 -110.979164123535 -111.39623260498 -111.63606262207 -108.326019287109 -103.664978027344 -99.1371612548828 -95.9290161132812 -94.0730895996094 -92.2271347045898 -90.038703918457 -86.8939514160156 -83.8050918579102 -80.8462677001953 -80.5786437988281 -9999 -9999 -9999 -9999 -9999 -9999 -9999 -9999 -9999 -9999 -9999 -9999 -9999 -9999 -9999 -9999 -9999 -9999 -9999 -9999 -9999
-102.873931884766 -104.423385620117 -106.485557556152 -109.298622131348 -111.935043334961 -113.822196960449 -112.435569763184 -111.153381347656 -109.952171325684 -110.950157165527 -111.990287780762 -112.868865966797 -110.109390258789 -105.944610595703 -101.941917419434 -98.9670257568359 -97.0618209838867 -95.1990509033203 -92.9741287231445 -89.6990203857422 -86.3975219726562 -83.1504745483398 -82.1299667358398 -9999 -9999 -9999 -9999 -9999 -9999 -9999 -9999 -9999 -9999 -9999 -9999 -9999 -9999 -9999 -9999 -9999 -9999 -9999 -9999 -9999
-102.189552307129 -104.496757507324 -106.798637390137 -109.089958190918 -111.251480102539 -112.830581665039 -111.837127685547 -110.909957885742 -110.035354614258 -110.874366760254 -111.736907958984 -112.447509765625 -110.665885925293 -107.922927856445 -105.379585266113 -103.100799560547 -101.09162902832 -99.1566848754883 -96.9001846313477 -93.672737121582 -90.3404693603516 -87.0583038330078 -88.0422821044922 -9999 -9999 -9999 -9999 -9999 -80.08251953125 -80.0260009765625 -80.1995162963867 -80.7962646484375 -82.2111740112305 -83.7308654785156 -9999 -9999 -9999 -9999 -9999 -9999 -9999 -9999 -9999 -9999
-101.596809387207 -104.925346374512 -107.537841796875 -109.092300415039 -110.561653137207 -111.670181274414 -111.17643737793 -110.715179443359 -110.280395507812 -110.778038024902 -111.265365600586 -111.616897583008 -110.918113708496 -109.826110839844 -108.945152282715 -107.460075378418 -105.311866760254 -103.268028259277 -100.953575134277 -97.7817153930664 -94.2426605224609 -90.5542755126953 -89.9227981567383 -89.4443359375 -89.1954650878906 -9999 -80.6454315185547 -80.2769317626953 -80.0944366455078 -80.0600051879883 -80.2509536743164 -80.8579635620117 -82.2941360473633 -83.965217590332 -85.5812377929688 -85.7835159301758 -9999 -9999 -9999 -9999 -9999 -9999 -126.076034545898 -125.976219177246
-101.029632568359 -105.369705200195 -108.286483764648 -109.095161437988 -109.83268737793 -110.4189453125 -110.376914978027 -110.378799438477 -110.416481018066 -110.609718322754 -110.754371643066 -110.779258728027 -111.181625366211 -111.760444641113 -112.455001831055 -111.69263458252 -109.321083068848 -107.081077575684 -104.620620727539 -101.418952941895 -97.9577407836914 -94.3708419799805 -92.6158676147461 -90.9442825317383 -89.4031066894531 -9999 -80.5116577148438 -80.2366485595703 -80.1451950073242 -80.2041702270508 -80.4692535400391 -81.140998840332 -82.6515960693359 -84.2566146850586 -85.7648544311523 -85.8458786010742 -9999 -9999 -9999 -9999 -9999 -9999 -126.098205566406 -125.998435974121
-101.490432739258 -106.171249389648 -109.049644470215 -109.251937866211 -109.397850036621 -109.519180297852 -109.59895324707 -109.73112487793 -109.90510559082 -110.118667602539 -110.288948059082 -110.360336303711 -111.509483337402 -113.110763549805 -114.721305847168 -114.063659667969 -110.867393493652 -107.817642211914 -104.772727966309 -101.698341369629 -98.4725875854492 -95.1517715454102 -90.9836883544922 -86.8521499633789 -82.7719192504883 -81.5379409790039 -81.116828918457 -80.6365661621094 -80.4806213378906 -80.5957794189453 -80.8970718383789 -81.5617218017578 -82.9994430541992 -84.3902206420898 -85.617431640625 -85.1969985961914 -84.8103790283203 -84.4648895263672 -90.9963684082031 -98.7574920654297 -106.403900146484 -112.335113525391 -117.171417236328 -122.017967224121
-103.222778320312 -107.415023803711 -109.829856872559 -109.595985412598 -109.319580078125 -109.046257019043 -108.849311828613 -108.716003417969 -108.633995056152 -109.247886657715 -109.872291564941 -110.414077758789 -111.918022155762 -113.823066711426 -115.640602111816 -114.44474029541 -109.824295043945 -105.376945495605 -101.351737976074 -98.6323013305664 -95.8655166625977 -93.0709381103516 -89.6160736083984 -86.1322479248047 -82.5965347290039 -81.5599975585938 -81.2847213745117 -81.068733215332 -81.0423431396484 -81.1782455444336 -81.4816131591797 -82.0846481323242 -83.3435745239258 -84.4218292236328 -85.3182220458984 -84.9317092895508 -84.6330871582031 -84.4426345825195 -90.9195556640625 -98.6816864013672 -106.332725524902 -112.049201965332 -116.477447509766 -120.910186767578
-105.162376403809 -108.877143859863 -110.839492797852 -110.180717468262 -109.475158691406 -108.794921875 -108.309440612793 -107.904640197754 -107.56559753418 -108.574996948242 -109.640556335449 -110.614822387695 -112.436447143555 -114.611236572266 -116.641372680664 -114.926643371582 -108.888595581055 -103.091903686523 -98.1259002685547 -95.8179473876953 -93.4838638305664 -91.1350631713867 -88.3172607421875 -85.4684829711914 -82.5679550170898 -81.8265075683594 -81.7743682861328 -81.8173828125 -81.918830871582 -82.0702438354492 -82.2589797973633 -82.6733551025391 -83.6212539672852 -84.3633499145508 -84.9460678100586 -84.6181411743164 -84.3938140869141 -84.3002014160156 -90.6662902832031 -98.3830413818359 -106.046310424805 -111.567726135254 -115.600059509277 -119.652526855469
-107.020706176758 -110.361923217773 -111.947792053223 -110.897514343262 -109.791915893555 -108.731170654297 -107.975997924805 -107.320953369141 -106.748580932617 -108.151748657227 -109.655891418457 -111.05403137207 -113.068031311035 -115.328742980957 -117.387557983398 -115.130393981934 -107.825355529785 -100.846855163574 -95.0644683837891 -93.184326171875 -91.2830123901367 -89.3699111938477 -87.2213973999023 -85.0555267333984 -82.8583145141602 -82.4121017456055 -82.5472106933594 -82.7979431152344 -83.0292587280273 -83.2451629638672 -83.3623580932617 -83.6114730834961 -84.2091674804688 -84.584602355957 -84.8012161254883 -84.1810150146484 -83.6539688110352 -83.2551574707031 -88.983154296875 -96.0669174194336 -103.121704101562 -108.318840026855 -112.200172424316 -116.135597229004
-107.790069580078 -111.544975280762 -113.318656921387 -112.10612487793 -110.829002380371 -109.601936340332 -108.724792480469 -107.966087341309 -107.306015014648 -109.088844299316 -111.008567810059 -112.807228088379 -114.253379821777 -115.51683807373 -116.530281066895 -113.568161010742 -105.879943847656 -98.5936737060547 -92.6565551757812 -91.2136535644531 -89.7541198730469 -88.2854080200195 -86.9884033203125 -85.6895294189453 -84.376823425293 -84.1163558959961 -84.2262191772461 -84.4757995605469 -84.8149490356445 -85.2412796020508 -85.4319915771484 -85.5860900878906 -85.7092361450195 -85.5963516235352 -85.2908172607422 -83.4521484375 -81.7189712524414 -80.1365585327148 -84.1500930786133 -89.4961853027344 -94.8750381469727 -99.6971588134766 -104.12663269043 -108.625099182129
-108.46004486084 -112.654891967773 -114.643836975098 -113.295722961426 -111.876617431641 -110.513549804688 -109.545135498047 -108.691329956055 -107.933517456055 -110.083152770996 -112.414512634277 -114.6240234375 -115.522468566895 -115.80012512207 -115.775093078613 -112.10954284668 -104.045036315918 -96.4331130981445 -90.3119049072266 -89.2832641601562 -88.248893737793 -87.2123718261719 -86.7495422363281 -86.2992095947266 -85.8432693481445 -85.7522506713867 -85.8018035888672 -85.9718017578125 -86.3351669311523 -86.8891220092773 -87.1808471679688 -87.2884674072266 -86.9783248901367 -86.4600524902344 -85.7517471313477 -82.8047637939453 -79.9267044067383 -77.1506805419922 -79.4505844116211 -83.0498886108398 -86.7581939697266 -91.1637802124023 -96.1459655761719 -101.22380065918
-109.007186889648 -113.674697875977 -115.912689208984 -114.461860656738 -112.936805725098 -111.474281311035 -110.451065063477 -109.51188659668 -108.643630981445 -111.144691467285 -113.882148742676 -116.513565063477 -116.884719848633 -116.18798828125 -115.130531311035 -110.761894226074 -102.326499938965 -94.3687896728516 -88.0320053100586 -87.3933792114258 -86.7668304443359 -86.1502532958984 -86.504753112793 -86.8862686157227 -87.2627487182617 -87.3296127319336 -87.2918472290039 -87.3206024169922 -87.6454772949219 -88.2695617675781 -88.689079284668 -88.795295715332 -88.0874862670898 -87.2242584228516 -86.1990127563477 -82.2140197753906 -78.2294387817383 -74.2513732910156 -74.8407516479492 -76.6853713989258 -78.72412109375 -82.6859359741211 -88.2231140136719 -93.8555908203125
-109.08211517334 -113.173797607422 -115.230361938477 -114.188690185547 -113.070747375488 -112.158088684082 -112.450637817383 -112.804077148438 -113.211601257324 -115.596519470215 -118.111137390137 -120.53173828125 -120.555267333984 -119.434783935547 -117.900917053223 -113.024383544922 -103.967063903809 -95.4102783203125 -88.5606842041016 -87.8835372924805 -87.2311553955078 -86.5959548950195 -87.0158004760742 -87.4615783691406 -87.8918151855469 -87.9184341430664 -87.7970504760742 -87.6873321533203 -87.7483673095703 -87.9822463989258 -88.0601348876953 -87.7088928222656 -86.1667633056641 -84.5123062133789 -82.7542419433594 -78.8908233642578 -74.9845962524414 -71.009521484375 -71.010383605957 -72.1977844238281 -73.6891403198242 -76.8727111816406 -81.4965057373047 -86.2459182739258
-109.025314331055 -112.244148254395 -113.9951171875 -113.503799438477 -112.937225341797 -112.751510620117 -114.730735778809 -116.742172241211 -118.783470153809 -120.929595947266 -123.051628112793 -125.096794128418 -124.810188293457 -123.39208984375 -121.508842468262 -116.166137695312 -106.424629211426 -97.1735610961914 -89.6967391967773 -88.8458480834961 -88.0603256225586 -87.3230743408203 -87.6772003173828 -88.0591278076172 -88.4121551513672 -88.3666915893555 -88.163215637207 -87.9143218994141 -87.6865997314453 -87.4780502319336 -87.1672897338867 -86.3288803100586 -83.9259872436523 -81.4586410522461 -78.9391937255859 -75.2796096801758 -71.5400924682617 -67.673957824707 -67.1827774047852 -67.7640762329102 -68.6827087402344 -71.07470703125 -74.7740173339844 -78.6171646118164
-108.972091674805 -111.288612365723 -112.701774597168 -112.73078918457 -112.71802520752 -113.267211914062 -116.944389343262 -120.63500213623 -124.33935546875 -126.28678894043 -128.048416137695 -129.755920410156 -129.196090698242 -127.52025604248 -125.366744995117 -119.638954162598 -109.290863037109 -99.2333755493164 -90.9709320068359 -89.7945175170898 -88.8452835083008 -88.064079284668 -88.4092712402344 -88.7535247802734 -88.9953765869141 -88.8443145751953 -88.5263290405273 -88.1021347045898 -87.5546646118164 -86.8690872192383 -86.1311798095703 -84.7760314941406 -81.4761810302734 -78.1559906005859 -74.8175964355469 -71.3231201171875 -67.7773590087891 -64.1474533081055 -63.3024215698242 -63.3782653808594 -63.7021102905273 -65.2885360717773 -68.0428161621094 -70.9408569335938
-108.81583404541 -110.473083496094 -111.895599365234 -112.959716796875 -114.018753051758 -115.65958404541 -120.501968383789 -125.335227966309 -130.161163330078 -131.816802978516 -133.156127929688 -134.463516235352 -133.798049926758 -132.148712158203 -130.013732910156 -124.34693145752 -114.041831970215 -103.842300415039 -95.1081695556641 -92.4140396118164 -90.08154296875 -88.0136184692383 -88.7660903930664 -89.5875396728516 -90.2439575195312 -89.9934921264648 -89.3490982055664 -88.5314254760742 -87.4402084350586 -86.0379943847656 -84.625862121582 -82.7307586669922 -79.2578277587891 -75.8282470703125 -72.4295654296875 -69.399772644043 -66.3596572875977 -63.2885475158691 -62.3206558227539 -62.0774116516113 -61.9961547851562 -63.0356941223145 -65.1591339111328 -67.4357299804688
-108.531471252441 -109.829513549805 -111.687347412109 -114.41397857666 -117.168754577637 -120.327362060547 -125.678695678711 -131.002456665039 -136.302520751953 -137.548873901367 -138.392196655273 -139.226699829102 -138.639953613281 -137.328826904297 -135.519378662109 -130.374450683594 -120.775810241699 -111.087394714355 -102.178329467773 -96.7197570800781 -91.7785797119141 -87.2275543212891 -88.7636184692383 -90.5396881103516 -92.0746154785156 -91.7286987304688 -90.5640335083008 -89.1635589599609 -87.3459625244141 -85.0421142578125 -82.7764205932617 -80.3170623779297 -77.1895141601562 -74.14697265625 -71.1638717651367 -68.7448272705078 -66.3489608764648 -63.9671630859375 -62.9510383605957 -62.420482635498 -61.9583053588867 -62.5016555786133 -64.0591812133789 -65.7698287963867
-108.19898223877 -109.117546081543 -111.38639831543 -115.75415802002 -120.202156066895 -124.885864257812 -130.749954223633 -136.580200195312 -142.381057739258 -143.250228881836 -143.603057861328 -143.916000366211 -143.353302001953 -142.330673217773 -140.799392700195 -136.125259399414 -127.184448242188 -118.216316223145 -109.436531066895 -101.490905761719 -93.9859924316406 -86.8169937133789 -88.9591751098633 -91.5788116455078 -93.9380340576172 -93.4601211547852 -91.7262573242188 -89.7562026977539 -87.230354309082 -84.0386581420898 -80.9823303222656 -78.0142822265625 -75.3077163696289 -72.6839981079102 -70.1195068359375 -68.3106536865234 -66.5370330810547 -64.7789459228516 -63.6665649414062 -62.7929420471191 -61.9729614257812 -62.0467643737793 -63.0603294372559 -64.2136001586914
