indici/fabbisogno03.asc
NCOLS 177 
NROWS 174 
XLLCORNER 1436301.375 
YLLCORNER 4916704.5 
CELLSIZE 1500 
NODATA_value -9999 
[rows 100 to 119 of 174, columns 44 to 87 of 177]
-85.8351821899414 -86.3111114501953 -86.6300430297852 -86.6418533325195 -86.6613845825195 -86.6502304077148 -85.9644927978516 -85.2771911621094 -84.5874252319336 -83.7211380004883 -82.7959823608398 -81.8548355102539 -80.6661148071289 -79.1950225830078 -77.6989669799805 -76.2248001098633 -74.8850631713867 -73.5474472045898 -72.2116241455078 -71.6039657592773 -71.0959930419922 -70.6112594604492 -70.5062713623047 -70.6558151245117 -70.7793731689453 -71.0066223144531 -71.4720993041992 -71.9361038208008 -72.4047012329102 -73.1772842407227 -73.960334777832 -74.7608795166016 -75.2358627319336 -75.5912399291992 -75.9582672119141 -76.1122665405273 -75.9911575317383 -75.892692565918 -75.727668762207 -75.1271591186523 -74.5318908691406 -73.9420852661133 -73.2742156982422 -72.5890808105469
-85.4223937988281 -85.8666763305664 -86.1921157836914 -86.2843704223633 -86.3858184814453 -86.4614105224609 -85.9222412109375 -85.3819580078125 -84.83984375 -83.9276657104492 -82.8930740356445 -81.8400650024414 -80.4402618408203 -78.6402359008789 -76.8175506591797 -75.0690155029297 -73.7049331665039 -72.3443603515625 -70.9868698120117 -70.4377365112305 -70.0026931762695 -69.5893936157227 -69.4712448120117 -69.5553359985352 -69.6166458129883 -69.8027038574219 -70.283088684082 -70.7637710571289 -71.2478256225586 -72.0459671020508 -72.850456237793 -73.6658248901367 -74.2529449462891 -74.7535858154297 -75.2674407958984 -75.5863723754883 -75.6443786621094 -75.7260437011719 -75.7385559082031 -75.259895324707 -74.7908935546875 -74.3320465087891 -73.5658645629883 -72.7388763427734
-85.006462097168 -85.4210052490234 -85.7546920776367 -85.9292984008789 -86.112548828125 -86.2736587524414 -85.8800277709961 -85.485710144043 -85.0901794433594 -84.1323852539062 -82.987434387207 -81.8218383789062 -80.2116546630859 -78.0820465087891 -75.9328918457031 -73.9079132080078 -72.5197067260742 -71.1377716064453 -69.7615203857422 -69.2729339599609 -68.9133758544922 -68.5726318359375 -68.4440307617188 -68.4638900756836 -68.4639129638672 -68.6087875366211 -69.1050720214844 -69.601692199707 -70.0994262695312 -70.9214096069336 -71.7470550537109 -72.5792007446289 -73.2783508300781 -73.9260101318359 -74.5855102539062 -75.0675888061523 -75.3034362792969 -75.5639038085938 -75.7537307739258 -75.3955612182617 -75.0527877807617 -74.7267074584961 -73.8697967529297 -72.9024505615234
-84.5866928100586 -84.9738159179688 -85.3179016113281 -85.5771560668945 -85.8420944213867 -86.0872955322266 -85.8379592895508 -85.5883636474609 -85.3382034301758 -84.3349151611328 -83.0785827636719 -81.7996215820312 -79.9797439575195 -77.519905090332 -75.0445098876953 -72.7411346435547 -71.3291320800781 -69.9275283813477 -68.535530090332 -68.1094818115234 -67.827880859375 -67.5606536865234 -67.4240951538086 -67.3807067871094 -67.3200988769531 -67.4234771728516 -67.9362564086914 -68.447998046875 -68.959114074707 -69.8020324707031 -70.6484146118164 -71.4985885620117 -72.3088684082031 -73.1045303344727 -73.9085693359375 -74.5521697998047 -74.9648132324219 -75.4030532836914 -75.7703323364258 -75.5317535400391 -75.3148574829102 -75.1248016357422 -74.1929397583008 -73.0974807739258
-84.2869567871094 -84.6652603149414 -85.0224304199219 -85.3378448486328 -85.6559143066406 -85.9540939331055 -85.7655944824219 -85.5768508911133 -85.3876953125 -84.2390289306641 -82.7639541625977 -81.2633819580078 -79.245491027832 -76.6092910766602 -73.962760925293 -71.5318145751953 -70.2336807250977 -68.9514617919922 -67.6844100952148 -67.3300628662109 -67.1166305541992 -66.9130172729492 -66.7971496582031 -66.7456130981445 -66.6803131103516 -66.7723999023438 -67.2676391601562 -67.7600402832031 -68.2505569458008 -69.1482543945312 -70.0518112182617 -70.9570617675781 -71.8708877563477 -72.789924621582 -73.7134399414062 -74.5085754394531 -75.1126480102539 -75.7435607910156 -76.312126159668 -76.2783737182617 -76.2740478515625 -76.3037490844727 -75.3863677978516 -74.2472763061523
-84.019905090332 -84.3944473266602 -84.7652587890625 -85.1288833618164 -85.4922103881836 -85.8349456787109 -85.6851348876953 -85.5353698730469 -85.3856353759766 -84.06787109375 -82.3484191894531 -80.6018676757812 -78.3906936645508 -75.6170196533203 -72.8379745483398 -70.3140335083008 -69.1613540649414 -68.0274276733398 -66.9115371704102 -66.6280822753906 -66.4774703979492 -66.3326110839844 -66.2397994995117 -66.1858673095703 -66.1205215454102 -66.2014923095703 -66.6692657470703 -67.1332092285156 -67.5946578979492 -68.5459594726562 -69.5066604614258 -70.4671020507812 -71.4792022705078 -72.5161743164062 -73.5556716918945 -74.4991073608398 -75.2940902709961 -76.1152496337891 -76.8818664550781 -77.0505523681641 -77.2509231567383 -77.4888916015625 -76.584342956543 -75.3951110839844
-83.749755859375 -84.1209945678711 -84.5058135986328 -84.918098449707 -85.3271560668945 -85.7149124145508 -85.6042404174805 -85.4929885864258 -85.3807830810547 -83.8935317993164 -81.9282684326172 -79.9367904663086 -77.5326690673828 -74.6225204467773 -71.7177581787109 -69.106819152832 -68.1076126098633 -67.1234664916992 -66.1540832519531 -65.9377670288086 -65.8461532592773 -65.7586441040039 -65.6882019042969 -65.6305389404297 -65.5630035400391 -65.6310653686523 -66.0692672729492 -66.5040130615234 -66.9364318847656 -67.9401016235352 -68.9593124389648 -69.9789810180664 -71.0922775268555 -72.2511749267578 -73.4146728515625 -74.5129165649414 -75.5064010620117 -76.5210418701172 -77.4870986938477 -77.8597717285156 -78.259033203125 -78.6907958984375 -77.790397644043 -76.538688659668
-83.4520797729492 -83.8240814208984 -84.2232666015625 -84.6773376464844 -85.1251983642578 -85.5489196777344 -85.4131546020508 -85.2756042480469 -85.1354293823242 -83.4518890380859 -81.2255706787109 -78.9736175537109 -76.4372787475586 -73.5497436523438 -70.6806030273438 -68.1182174682617 -67.2625122070312 -66.4181442260742 -65.5850524902344 -65.4206695556641 -65.3707809448242 -65.322998046875 -65.2896423339844 -65.2681655883789 -65.2393035888672 -65.3387985229492 -65.7985687255859 -66.2565460205078 -66.713737487793 -67.8149642944336 -68.940071105957 -70.0676651000977 -71.2995223999023 -72.5834579467773 -73.8741912841797 -75.0666198730469 -76.0919036865234 -77.128532409668 -78.1143188476562 -78.473747253418 -78.8482666015625 -79.2431869506836 -78.4195098876953 -77.2601547241211
-83.1208648681641 -83.498649597168 -83.9127960205078 -84.4004821777344 -84.8790588378906 -85.3285293579102 -85.0921325683594 -84.8533401489258 -84.6109313964844 -82.7024459838867 -80.2010803222656 -77.6749954223633 -75.0764770507812 -72.3893356323242 -69.7311401367188 -67.3621673583984 -66.6356964111328 -65.9169998168945 -65.206184387207 -65.0751113891602 -65.0467376708984 -65.0187759399414 -65.032341003418 -65.0799331665039 -65.1216506958008 -65.2855377197266 -65.8035507202148 -66.3201217651367 -66.8360977172852 -68.0595779418945 -69.3148345947266 -70.5733184814453 -71.9231033325195 -73.3202133178711 -74.7262649536133 -75.9638671875 -76.9070053100586 -77.8567123413086 -78.7574005126953 -78.9861373901367 -79.2252731323242 -79.4792022705078 -78.7735137939453 -77.788215637207
-82.7882614135742 -83.1706008911133 -83.5983657836914 -84.1184005737305 -84.6287078857422 -85.1064529418945 -84.7715911865234 -84.4320983886719 -84.0853729248047 -81.9507369995117 -79.1730880737305 -76.3798675537109 -73.7230834960938 -71.2432250976562 -68.7935180664062 -66.61376953125 -66.0116806030273 -65.4151306152344 -64.8242950439453 -64.7252197265625 -64.7164535522461 -64.7078094482422 -64.7672348022461 -64.8833618164062 -64.9954986572266 -65.2238464355469 -65.8000183105469 -66.3750991821289 -66.9497604370117 -68.2943649291992 -69.6794738769531 -71.0682220458984 -72.5355987548828 -74.0451812744141 -75.561897277832 -76.843391418457 -77.6996383666992 -78.5595397949219 -79.3736190795898 -79.4693298339844 -79.5711212158203 -79.6824188232422 -79.0869979858398 -78.2748947143555
-82.3336486816406 -82.7087097167969 -83.1399765014648 -83.6862030029297 -84.2223434448242 -84.7235794067383 -84.3097915649414 -83.8891143798828 -83.4573822021484 -81.1156311035156 -78.0800323486328 -75.0408401489258 -72.3447570800781 -70.0952072143555 -67.8759078979492 -65.9058609008789 -65.4310836791992 -64.9601974487305 -64.4934005737305 -64.4289932250977 -64.4412231445312 -64.4536666870117 -64.5636825561523 -64.7569274902344 -64.9486389160156 -65.2556228637695 -65.9186096191406 -66.5825881958008 -67.2481918334961 -68.6982955932617 -70.1946182250977 -71.6935806274414 -73.2290115356445 -74.7820510864258 -76.3356018066406 -77.6052093505859 -78.3487319946289 -79.0917205810547 -79.7941665649414 -79.7833862304688 -79.7764663696289 -79.7754364013672 -79.2586135864258 -78.5735092163086
-80.9710540771484 -81.2588195800781 -81.6295318603516 -82.170280456543 -82.7009582519531 -83.2005996704102 -82.8586196899414 -82.5071182250977 -82.1402359008789 -79.7296142578125 -76.5684127807617 -73.414909362793 -70.8081893920898 -68.9208602905273 -67.0627975463867 -65.4176483154297 -65.0853042602539 -64.755012512207 -64.4268951416016 -64.3995819091797 -64.4316024780273 -64.4638366699219 -64.6373977661133 -64.9338607788086 -65.2306900024414 -65.6577072143555 -66.5002822875977 -67.3441925048828 -68.1899185180664 -69.6719360351562 -71.1969223022461 -72.7249526977539 -74.1678161621094 -75.560546875 -76.9516296386719 -78.0654830932617 -78.6456832885742 -79.2227249145508 -79.7709274291992 -79.7296600341797 -79.6883697509766 -79.6472244262695 -79.1681289672852 -78.5391082763672
-79.608528137207 -79.8095245361328 -80.1200485229492 -80.6558151245117 -81.1802062988281 -81.6765365600586 -81.4048385620117 -81.1221542358398 -80.8215560913086 -78.3445205688477 -75.0591735839844 -71.7924270629883 -69.2729949951172 -67.7487640380859 -66.2506484985352 -64.9301986694336 -64.7384033203125 -64.5476989746094 -64.3581924438477 -64.3690795898438 -64.4209289550781 -64.4732055664062 -64.7096405029297 -65.1095352172852 -65.5104446411133 -66.0553283691406 -67.0762252807617 -68.0989151000977 -69.1237335205078 -70.6388320922852 -72.1911163330078 -73.7459259033203 -75.0969161987305 -76.3270034790039 -77.5545425415039 -78.5115203857422 -78.9272155761719 -79.3387985229492 -79.7313461303711 -79.6607437133789 -79.588623046875 -79.5143585205078 -79.0782241821289 -78.5118713378906
-78.2460861206055 -78.3609237670898 -78.6117324829102 -79.1430892944336 -79.6602096557617 -80.1512298583984 -79.9480514526367 -79.7337417602539 -79.5011367797852 -76.9603729248047 -73.5525360107422 -70.173713684082 -67.7395858764648 -66.5793685913086 -65.4397583007812 -64.4436492919922 -64.3904037475586 -64.338249206543 -64.2873001098633 -64.3375091552734 -64.4092178344727 -64.4818115234375 -64.7804107666016 -65.2839508056641 -65.7880401611328 -66.4488143920898 -67.6470031738281 -68.8476028442383 -70.0507736206055 -71.6004638671875 -73.1791839599609 -74.7592926025391 -76.0200500488281 -77.0862197875977 -78.1498641967773 -78.9496536254883 -79.2005767822266 -79.4474029541016 -79.6828231811523 -79.5839004516602 -79.4830856323242 -79.3795318603516 -78.9874114990234 -78.4847564697266
-75.8580474853516 -75.7674865722656 -75.7555160522461 -75.9066009521484 -76.038948059082 -76.1505737304688 -75.8590774536133 -75.554801940918 -75.2302017211914 -73.3321914672852 -70.8428955078125 -68.4001770019531 -66.6790161132812 -65.9362945556641 -65.2093124389648 -64.5763473510742 -64.571418762207 -64.566780090332 -64.5624389648438 -64.6642074584961 -64.7899169921875 -64.9174575805664 -65.2934875488281 -65.8995056152344 -66.5056762695312 -67.2489929199219 -68.4787063598633 -69.7092666625977 -70.940559387207 -72.4039459228516 -73.8867263793945 -75.3676223754883 -76.5371398925781 -77.5124130249023 -78.4864349365234 -79.2054672241211 -79.3711929321289 -79.5343399047852 -79.6914291381836 -79.5537109375 -79.4135513305664 -79.2696151733398 -78.8684539794922 -78.3636016845703
-73.1881103515625 -72.8604965209961 -72.532470703125 -72.2042846679688 -71.8557891845703 -71.4949417114258 -71.0827865600586 -70.6574249267578 -70.2107696533203 -69.1392440795898 -67.8354187011719 -66.5864791870117 -65.7311248779297 -65.4140243530273 -65.1085891723633 -64.8465347290039 -64.866828918457 -64.8874130249023 -64.9083099365234 -65.0613021850586 -65.2448883056641 -65.4305953979492 -65.8829803466797 -66.5876617431641 -67.2920455932617 -68.1103363037109 -69.3476867675781 -70.5862808227539 -71.8258972167969 -73.1906356811523 -74.5659027099609 -75.9384613037109 -77.0199432373047 -77.9137191772461 -78.8063888549805 -79.4516220092773 -79.5378112792969 -79.621452331543 -79.7020034790039 -79.5249404907227 -79.3451614379883 -79.161018371582 -78.7504119873047 -78.2438583374023
-70.5059432983398 -69.939567565918 -69.2941970825195 -68.4850997924805 -67.6632843017578 -66.8407211303711 -66.3196411132812 -65.7824478149414 -65.2188720703125 -64.9721069335938 -64.8570938110352 -64.7911148071289 -64.7958984375 -64.8941192626953 -65.0080337524414 -65.1203079223633 -65.1662521362305 -65.2124786376953 -65.2590255737305 -65.4633026123047 -65.7050018310547 -65.9483795166016 -66.4761581420898 -67.2789993286133 -68.0810928344727 -68.9749984741211 -70.2195434570312 -71.4650115966797 -72.7112884521484 -73.9774169921875 -75.2440338134766 -76.5083312988281 -77.5014266967773 -78.3137817382812 -79.1255264282227 -79.697380065918 -79.7044677734375 -79.7090377807617 -79.7115325927734 -79.4966888427734 -79.2778244018555 -79.0541915893555 -78.6340408325195 -78.1265411376953
-68.1009750366211 -67.447624206543 -66.6944122314453 -65.7333374023438 -64.7693099975586 -63.8136749267578 -63.3216400146484 -62.812614440918 -62.2742576599121 -62.511531829834 -63.057731628418 -63.6411895751953 -64.1969680786133 -64.7153091430664 -65.2535552978516 -65.7475128173828 -65.8152847290039 -65.8833999633789 -65.9518585205078 -66.1543197631836 -66.3884658813477 -66.6225433349609 -67.1286697387695 -67.9027404785156 -68.6727294921875 -69.5171966552734 -70.6666793823242 -71.8142166137695 -72.9596176147461 -74.1289596557617 -75.3000183105469 -76.4694671630859 -77.4085311889648 -78.1898651123047 -78.9725036621094 -79.524040222168 -79.5062103271484 -79.4874649047852 -79.4682998657227 -79.2312774658203 -78.9884719848633 -78.7409591674805 -78.3392181396484 -77.8664016723633
-66.0311279296875 -65.4730682373047 -64.8615798950195 -64.1389770507812 -63.4209480285645 -62.7128868103027 -62.3983116149902 -62.0639152526855 -61.6950187683105 -62.0092658996582 -62.5986251831055 -63.2193412780762 -63.9697227478027 -64.9083251953125 -65.8707962036133 -66.7483596801758 -66.8278732299805 -66.90771484375 -66.9879150390625 -67.1306076049805 -67.2882308959961 -67.4453430175781 -67.8379287719727 -68.4676132202148 -69.0927658081055 -69.7843933105469 -70.7605514526367 -71.7344741821289 -72.7060317993164 -73.7924728393555 -74.8923568725586 -75.9910354614258 -76.913330078125 -77.7110366821289 -78.5105285644531 -79.0861206054688 -79.0859146118164 -79.0848159790039 -79.0832748413086 -78.8384094238281 -78.5848770141602 -78.3262023925781 -77.9597320556641 -77.5414810180664
-63.9681015014648 -63.509822845459 -63.0443725585938 -62.5647850036621 -62.0896682739258 -61.6225662231445 -61.4786186218262 -61.3172798156738 -61.1254348754883 -61.5249557495117 -62.1645317077637 -62.8178405761719 -63.7556076049805 -65.1095657348633 -66.4945755004883 -67.7584762573242 -67.8493194580078 -67.9401092529297 -68.0307388305664 -68.1132431030273 -68.1930694580078 -68.2719116210938 -68.550422668457 -69.0344085693359 -69.5145874023438 -70.0537948608398 -70.8567199707031 -71.6571197509766 -72.4549026489258 -73.4570388793945 -74.4857635498047 -75.5137023925781 -76.4178619384766 -77.23193359375 -78.0482635498047 -78.6478881835938 -78.6653060913086 -78.6815185546875 -78.6970825195312 -78.4443740844727 -78.1799163818359 -77.9106216430664 -77.5785903930664 -77.2153930664062
