indici/fabbisogno08.asc
NCOLS 177 
NROWS 174 
XLLCORNER 1436301.375 
YLLCORNER 4916704.5 
CELLSIZE 1500 
NODATA_value -9999 
[rows 96 to 119 of 174, columns 54 to 107 of 177]
34.8114334106445 37.0600326538086 38.4256675720215 38.8760299682617 38.2738784790039 37.1653175354004 35.9062614440918 35.0691184997559 33.8959335327148 32.4402816772461 31.410954284668 30.5540390014648 29.7942710876465 29.557251739502 29.549813079834 30.9130661010742 34.6219673156738 40.2591781616211 47.0666175842285 54.1019836425781 60.4114265441895 65.4103427886963 69.3944705963135 72.3183372497559 74.6210075378418 75.8488380432129 76.2013431549072 75.6562995910645 74.1691650390625 71.8307216644287 68.6922481536865 65.0182716369629 60.1156478881836 54.1717697143555 48.3967170715332 43.3352569580078 38.9943534851074 35.4145095825195 33.7099418640137 33.7463539123535 34.5817481994629 36.4857322692871 38.1465446472168 40.3164970397949 42.9051483154297 45.6377456665039 48.7243133544922 51.9572998046875 54.7174690246582 57.5273544311523 60.9499977111816 64.3450141906738 68.1416816711426 72.2952522277832
41.001000213623 42.6338645935059 43.8378921508789 44.122917175293 43.2155342102051 42.2215881347656 40.8240249633789 39.1340171813965 37.4148948669434 35.4946067810059 34.0405288696289 32.7800323486328 31.9591705322266 31.4985321044922 31.0648483276367 32.1364555358887 35.2404205322266 40.0210647583008 45.8337341308594 51.7779167175293 57.1509178161621 61.6926116943359 65.1440090179443 67.7507915496826 70.0150894165039 71.0080821990967 71.2015102386475 70.4825580596924 68.912336730957 66.7732135772705 63.863404083252 60.489527130127 56.5227661132812 52.0124687194824 47.5082183837891 43.908625793457 40.8557167053223 38.0615356445312 36.823681640625 36.6664520263672 37.1164543151855 38.189086151123 39.3939964294434 41.0179046630859 42.7846801757812 45.6408828735352 48.7012634277344 51.9384132385254 55.148681640625 58.5721633911133 62.4853584289551 66.4700378417969 70.9353176116943 75.6059490203858
46.8598083496094 48.1884353637695 47.9965286254883 47.8355308532715 47.4021835327148 46.2528259277344 44.4642456054687 42.0702087402344 39.8409492492676 37.8963333129883 35.8176811218262 34.5640190124512 33.6476577758789 33.1995590209961 33.1050277709961 33.9789657592773 36.4172264099121 40.4282043457031 44.9795822143555 49.6142288208008 53.9140411376953 57.5227203369141 60.2832962036133 62.8768257141113 64.4535179138184 65.1009384155274 65.2533264160156 64.7786003112793 63.4392311096191 61.6831970214844 59.2702522277832 56.4506614685059 53.7239196777344 50.4993507385254 47.4222236633301 45.0956657409668 43.1019088745117 41.337873840332 40.6358169555664 40.5171630859375 40.8154762268066 41.4007339477539 42.3929306030274 43.0297004699707 44.3861442565918 46.4098472595215 48.7418601989746 51.4274230957031 54.6071601867676 58.4618316650391 63.1138092041016 67.8382949829102 72.6872009277344 77.5065116882324
50.5974983215332 51.2484527587891 51.1399215698242 50.7970115661621 49.8267211914062 48.3353584289551 46.1279304504395 43.6367294311523 41.3108818054199 39.3874160766602 37.3735466003418 36.1440292358399 35.299072265625 34.663671875 34.6169090270996 35.9372627258301 37.9284690856934 40.9783515930176 44.2046485900879 47.6129096984863 50.6967613220215 53.2758689880371 55.5912139892578 57.2952735900879 58.3679000854492 58.9650512695313 59.3146133422852 59.2373420715332 58.4425933837891 57.3200325012207 55.7876968383789 54.0196212768555 52.6899612426758 50.8149307250977 49.0445304870606 48.1121711730957 46.9988960266113 46.0110824584961 45.7024482727051 45.8369613647461 45.933918762207 45.927165222168 46.439404296875 46.3834930419922 46.8381973266602 47.7264060974121 48.9957595825195 50.9241165161133 53.7567642211914 57.8611961364746 62.5141456604004 67.7792037963867 73.3286109924316 78.5071624755859
52.944116973877 52.8412635803223 52.588956451416 51.9266159057617 50.6754920959473 48.9504402160645 46.4806015014648 44.1782608032227 42.2013053894043 40.0530685424805 38.3377418518066 36.4545684814453 35.8472259521484 35.5190887451172 35.8548942565918 36.8560737609863 38.8309242248535 41.147859954834 43.291374206543 45.6025001525879 47.7625778198242 49.8251220703125 51.4366165161133 52.3111221313477 53.1386642456055 53.7861953735352 54.5538276672363 55.0243202209473 55.073779296875 54.9845817565918 54.5659469604492 54.1682418823242 53.947518157959 53.1678451538086 52.9586532592773 52.6715560913086 52.3035636901856 52.3549964904785 51.8199760437012 51.810620880127 51.5490158081055 51.2805740356445 50.9927444458008 50.4714469909668 49.9248329162598 49.617862701416 49.7436660766602 50.8287147521973 53.2542510986328 57.1829132080078 61.9665496826172 67.4886611938477 73.3091213226318 78.6198936462402
53.838387298584 53.1118858337402 52.1771575927734 51.1818878173828 49.9634895324707 48.4150543212891 46.4219604492188 44.2777397155762 41.9416770935059 39.704963684082 37.6987152099609 36.394441986084 35.6793472290039 35.8091659545898 36.4756973266602 37.6295066833496 39.1023109436035 41.036540222168 42.4419090270996 44.0251205444336 45.9969879150391 47.3994026184082 47.923681640625 48.6577812194824 49.3799957275391 50.4451622009277 51.7622695922852 53.1314178466797 54.2524284362793 55.0523536682129 56.0098373413086 56.620093536377 57.2079010009766 57.6516326904297 58.177027130127 58.3576599121094 58.3621795654297 58.4996788024902 58.6047225952149 57.8630714416504 57.3296592712402 56.7733306884766 55.6379989624023 54.5132774353027 53.304719543457 52.243049621582 51.6259880065918 52.0846260070801 53.9838577270508 57.0736251831055 61.7058723449707 67.1417816162109 72.9477897644043 78.2375156402588
53.3381134033203 51.8983238220215 50.3994186401367 49.2854927062988 48.4203475952148 47.2754653930664 45.6105506896973 43.5391937255859 41.2198143005371 38.9799850463867 36.7949493408203 35.5435241699219 35.476700592041 35.8383125305176 36.7011154174805 37.7072761535645 38.9928550720215 41.0116264343262 42.5438919067383 43.9044898986816 44.96943359375 45.5975662231445 46.373853302002 47.0533355712891 48.0072502136231 49.6193061828613 51.5744606018066 53.7890258789063 55.9729217529297 57.7023170471191 59.3960777282715 60.916178894043 62.0812240600586 63.2851112365723 63.9904830932617 64.0685203552246 64.1425064086914 64.1429649353027 64.0712577819824 63.7466384887695 62.6948707580566 61.8666748046875 60.2517990112305 58.7923240661621 57.1296928405762 55.5934600830078 54.8887306213379 54.4350250244141 55.4496696472168 58.0103797912598 62.234587097168 67.4592437744141 72.7596954345703 77.8254871368408
52.201448059082 49.885506439209 48.0663833618164 46.8607383728027 46.2691917419434 45.476261138916 44.2426452636719 42.4456367492676 40.1434753417969 37.8887367248535 35.919416809082 34.802806854248 34.9496673583984 35.9450721740723 37.0198143005371 38.0734420776367 39.3114402770996 40.8995475769043 42.1574325561523 43.3506195068359 44.3172760009766 45.3208343505859 46.2622291564941 47.4026473999023 48.9762435913086 51.1787353515625 53.7823471069336 56.633088684082 59.5027786254883 61.9827140808106 64.0840911865234 65.9881950378418 67.5242935180664 68.7840934753418 69.2705459594727 69.4641845703125 68.9585311889648 68.5941589355469 68.1744003295898 67.3715484619141 66.6716445922852 65.9275817871094 64.1982795715332 62.7363578796387 61.2628494262695 59.5519905090332 58.0764488220215 57.4696029663086 58.154662322998 60.3922622680664 63.9661148071289 68.4705436706543 72.9983573913574 77.1888740539551
50.7847343444824 47.8843696594238 45.9832420349121 44.9329498291016 44.498779296875 43.8888710021973 43.0420799255371 41.6428489685059 39.3985450744629 37.2496978759766 35.1692993164063 33.9575065612793 34.1113372802734 34.9621757507324 36.2406799316406 37.2576377868652 38.4978073120117 40.2447036743164 41.9122840881348 43.493701171875 44.728638458252 45.8679145812988 47.597779083252 49.5077430725098 51.5779281616211 54.4658103942871 57.3977210998535 60.7043365478516 63.8491920471191 66.8354858398438 69.1874183654785 71.0242202758789 72.5764389038086 73.4450660705566 73.4425403594971 73.3128101348877 73.0606945037842 72.5104461669922 71.3270683288574 70.4609832763672 69.4398109436035 68.2935913085937 66.8964286804199 65.6768165588379 64.2018783569336 62.8257949829102 61.7417266845703 61.351700592041 62.049299621582 63.785311126709 66.650813293457 70.018327331543 73.3292411804199 76.7316413879395
49.7718788146973 46.8348770141602 44.9693313598633 44.1439750671387 43.6933624267578 43.4369209289551 42.7428344726563 41.5097229003906 39.3717979431152 37.2271156311035 35.1974594116211 33.8512718200684 33.5592651367188 34.0378494262695 35.1941925048828 36.3437873840332 37.757063293457 39.8296127319336 41.712483215332 43.7072219848633 45.5670021057129 47.4354110717774 49.7986946105957 52.0371147155762 54.9104225158691 58.0379959106445 61.455362701416 64.8529396057129 68.1447883605957 71.0960872650146 73.5725154876709 75.3929611206055 76.7081153869629 76.9324432373047 76.7860702514648 76.3051643371582 75.5938529968262 74.6634693145752 73.7524421691895 72.6230773925781 71.4668621063232 70.2196758270264 68.6801712036133 67.4705932617187 66.4851676940918 65.9374336242676 65.4372711181641 65.4760429382324 66.2076072692871 67.6422142028809 69.5236892700195 71.7816177368164 74.0165714263916 76.2862617492676
49.4725273132324 46.8261405944824 45.3462860107422 44.5861335754395 44.2134162902832 44.0417877197266 43.571460723877 41.9504180908203 39.9514335632324 37.841178894043 35.7654037475586 34.1491691589355 33.3728866577148 33.317155456543 34.1054138183594 35.3383003234863 36.9836051940918 39.7452789306641 41.7761001586914 44.0353256225586 46.5829681396484 49.6432945251465 52.0252159118652 54.869132232666 58.1865356445312 61.4808723449707 65.0451873779297 68.4711929321289 71.7798069000244 74.5923461914062 76.8869808197021 78.7632946014404 79.6643325805664 79.7663513183594 79.3409202575684 78.5849720001221 77.3652320861816 76.1359916687012 74.8552223205566 73.6776550292969 72.4380634307861 71.1327476501465 69.7711730957031 68.8600654602051 68.3842597961426 68.2934677124023 68.6613403320313 69.220068359375 70.0330207824707 71.242240524292 72.2993278503418 73.6181056976318 74.8510856628418 75.919807434082
49.6595413208008 47.738916015625 46.7049530029297 46.0547012329102 45.9661376953125 45.6799522399902 44.7573669433594 42.888899230957 40.7648056030273 38.8523384094238 36.5742553710938 34.64345703125 33.4397529602051 33.0700981140137 33.4808647155762 34.7568695068359 36.4789810180664 39.0523345947266 41.8017364501953 44.603247833252 47.617554473877 51.2195846557617 54.3951530456543 57.7102844238281 61.1386054992676 64.4266128540039 67.8813102722168 71.1739231109619 74.4371807098389 77.1867824554443 79.4524360656738 80.9175804138184 81.49035987854 81.4947025299072 80.9053058624268 79.9889015197754 78.6010906219482 76.9758457183838 75.3031383514404 73.5781959533691 72.0703922271729 70.7858779907227 70.0718425750732 69.5744445800781 69.608715057373 69.9692680358887 70.882580947876 71.9205188751221 73.1154941558838 73.9240104675293 74.4891300201416 75.175061416626 75.5328170776367 75.6858200073242
50.2147453308105 48.8566757202149 48.537003326416 48.2357192993164 48.2869850158691 47.9642036437988 46.6754455566406 44.8325553894043 42.3896064758301 40.2127151489258 37.8056632995605 35.8869529724121 34.2828323364258 33.8367874145508 33.9796493530273 35.1482055664062 36.9788436889648 39.1524925231934 41.760099029541 45.1404228210449 48.9161018371582 52.6624298095703 56.201473236084 59.7443183898926 63.2004570007324 66.5910133361816 69.7029106140137 72.8748798370361 76.1203514099121 78.9037548065186 80.9548397064209 82.2443626403809 82.583447265625 82.4394512176514 81.7917434692383 80.5097351074219 78.8649044036865 76.9579612731934 74.9371006011963 73.097497177124 71.5458030700684 70.4220169067383 70.0251411437988 69.8993255615234 70.0679359436035 70.7881332397461 71.9963047027588 73.4793952941895 74.7347381591797 75.6776584625244 76.1781826019287 76.294958114624 76.1867477416992 75.8800003051758
50.4437210083008 50.1272087097168 50.4705986022949 50.8077880859375 51.0701072692871 50.7864974975586 49.5947769165039 47.4419288635254 45.4446739196777 42.6108901977539 40.0433753967285 37.9788795471191 36.1396209716797 35.2579490661621 35.1251701354981 36.4093742370605 37.6046875 39.9964462280274 42.6165252685547 46.0445091247559 50.0043548583984 53.9894989013672 57.6753273010254 61.1010665893555 64.4672058105469 67.7378616333008 70.8248287200928 73.8182537078857 76.7557933807373 79.5018772125244 81.4041835784912 82.5152610778809 82.7486110687256 82.6613758087158 81.8400978088379 80.3957584381103 78.5256107330322 76.3330184936523 74.0328178405762 71.7772521972656 70.0183822631836 68.7021980285645 68.2473068237305 68.3393646240234 69.1010360717773 70.5116092681885 72.2177299499512 74.0580017089844 75.486731338501 76.5756580352783 77.2668460845947 77.5039237976074 77.1966777801514 76.0655143737793
50.9224311828613 51.4689720153809 52.6981437683105 53.6759643554688 54.3342239379883 54.2529304504395 53.2784812927246 51.9299934387207 49.5016326904297 46.3161270141602 43.8006614685059 41.4767555236816 39.6943962097168 38.7398735046387 38.1582481384277 38.7548408508301 39.9589637756348 41.9085578918457 44.6154983520508 48.3095916748047 51.6625190734863 55.1545417785645 58.463069152832 61.488436126709 64.5629653930664 67.5494735717773 70.6497890472412 73.5916774749756 76.2708015441895 78.9016242980957 80.9934322357178 82.1925170898437 82.434774017334 82.171106338501 81.2794086456299 79.8115711212158 77.7314094543457 75.2932144165039 72.7369106292725 70.2446037292481 68.1732360839844 66.5295547485352 65.6274421691895 65.609398651123 66.5320762634277 68.3201622009277 70.7936336517334 73.5502326965332 75.6848388671875 77.292395401001 77.9119201660156 78.2047367095947 77.7735851287842 76.4939834594727
51.8266868591309 53.448494720459 55.3404693603516 57.0317848205566 58.3642929077148 59.0072196960449 58.4206573486328 57.0503974914551 54.8105812072754 52.1059318542481 49.3717597961426 46.8102638244629 44.7410461425781 43.0607490539551 41.9876586914063 42.0840728759766 43.1942359924316 45.1021202087402 47.4699295043945 50.2985809326172 53.556681060791 56.2808280944824 58.6865074157715 61.3466041564941 63.8559516906738 66.511124420166 69.2906303405762 72.2664485931397 75.0356079101563 77.5944515228272 79.7256965637207 81.0390518188477 81.685608291626 81.3252216339111 80.4001544952393 78.8409149169922 76.6574695587158 74.0580005645752 71.3836135864258 68.6022285461426 65.9481819152832 63.7995071411133 62.4358139038086 62.2432243347168 63.2250450134277 65.2805358886719 68.3883018493652 71.5317504882812 74.6505065917969 76.9877235412598 78.1971229553223 78.7741535186768 78.3383518218994 77.4402042388916
53.920433807373 56.7469497680664 59.8181785583496 62.115641784668 63.9193672180176 64.8063064575195 64.4512367248535 63.2259971618652 60.8681442260742 58.2739517211914 55.5470573425293 52.7567291259766 50.2353675842285 48.0983573913574 46.7597358703613 46.3697113037109 47.2490585327148 48.7869331359863 50.6689910888672 52.9945053100586 55.4184043884277 57.492724609375 59.154133605957 61.0370361328125 63.012483215332 64.9321243286133 67.408863067627 70.2234230041504 73.1702751159668 75.7283626556397 78.1533615112305 79.7749607086182 80.3873554229736 80.1687305450439 79.3621307373047 77.776443862915 75.6059028625488 72.9106422424316 69.9386474609375 66.7483283996582 63.6271697998047 60.9772651672363 59.0635025024414 58.4874816894531 59.50126953125 62.1084297180176 65.8958961486816 69.7568298339844 73.5241695404053 76.4359809875488 78.1512294769287 78.9156970977783 79.1107044219971 78.4053104400635
56.3017387390137 60.0456535339355 63.8328247070312 66.8512161254883 68.9813137054443 70.2643970489502 70.4137340545654 69.3352321624756 67.5078056335449 65.0571685791016 62.2380485534668 59.1910507202148 56.4805229187012 54.1832939147949 52.3757904052734 51.5607513427734 51.9709213256836 53.0289360046387 54.4970344543457 56.4622459411621 57.9036109924316 59.57685546875 60.2588119506836 61.1161437988281 61.8003448486328 62.9469123840332 64.9066032409668 67.7357803344727 70.9194107055664 73.9972553253174 76.6052890777588 78.4425163269043 79.0496360778809 79.0876235961914 78.406258392334 77.0082660675049 74.8417945861816 72.0729553222656 68.9487274169922 65.3737586975098 61.6515213012695 58.5128616333008 56.2583320617676 55.4147735595703 56.5000228881836 59.4865386962891 63.7267127990723 68.2883522033691 72.5518920898437 75.8261234283447 77.8994789123535 79.073046875 79.519575881958 79.2581363677979
60.0860046386719 64.4322113037109 68.6363475799561 71.9892292022705 74.4273139953613 76.0130409240723 76.3502124786377 75.5578777313232 74.073872756958 71.7783687591553 68.9141067504883 65.4982856750488 62.8891662597656 60.7018081665039 58.9933517456055 57.6429092407227 57.6356758117676 58.5660171508789 59.6161285400391 60.800740814209 61.5644996643066 62.0529151916504 61.7884246826172 61.4341285705566 61.1119026184082 61.3646812438965 62.8742156982422 65.4307159423828 68.8187461853027 72.2651821136475 75.2538578033447 77.356290435791 78.2245281219482 78.6203052520752 78.0357467651367 76.7228458404541 74.5949356079102 71.8129917144775 68.4314872741699 64.5028182983398 60.5582778930664 57.054753112793 54.4171409606934 53.502766418457 54.7148658752441 57.9296943664551 62.3293975830078 67.0473388671875 71.3689880371094 75.0409065246582 77.6485679626465 79.0036697387695 79.7305717468262 79.9631488800049
65.0713447570801 69.8206485748291 74.0720401763916 77.3503536224365 79.6813911437988 81.3630310058594 81.7615718841553 81.2972290039063 80.0883609771729 78.213257598877 75.6185642242432 72.3376071929932 69.2907333374023 67.3230255126953 65.8341590881348 64.6249259948731 64.228833770752 64.4691337585449 65.0984840393066 65.5394012451172 65.3025665283203 64.763550567627 63.9135177612305 62.6248695373535 61.412134552002 61.0361488342285 61.9950370788574 64.2664054870606 67.7954330444336 71.4474174499512 74.6304935455322 76.9257118225098 78.2624744415283 78.6832008361816 78.5451694488525 77.2410255432129 75.0482181549072 72.2940479278565 68.6987022399902 64.7967269897461 60.6480461120606 56.9078300476074 54.0585464477539 53.1809783935547 54.1144241333008 57.0947906494141 61.2780532836914 65.8754493713379 70.3026512145996 73.9787773132324 76.6345836639404 78.6620819091797 79.6514747619629 80.5826759338379
70.951974105835 75.4562000274658 79.3920871734619 82.4982627868652 84.7117004394531 86.2228687286377 86.5318742752075 86.3715496063232 85.4043254852295 83.9896499633789 81.8173709869385 79.3151916503906 76.8413379669189 73.7799476623535 71.5845428466797 71.5494289398193 71.1797397613525 71.0843952178955 71.1532062530518 70.7025550842285 69.8619842529297 68.643595123291 67.259838104248 65.3623550415039 63.4203620910645 62.4254188537598 62.9496040344238 65.0287628173828 68.2008071899414 72.004167175293 75.325122833252 77.7464515686035 79.260181427002 79.9618766784668 80.0502269744873 78.9067749023438 76.8390625 74.1961624145508 70.4004150390625 66.4494041442871 62.3113914489746 58.5487739562988 55.630859375 54.1007118225098 54.7928451538086 57.4397750854492 61.0482177734375 65.2761474609375 69.1853736877441 72.6083213806152 75.5600082397461 77.7901912689209 79.5954898834229 81.3098026275635
76.9564750671387 80.8788349151611 84.3115272521973 86.9140605926514 88.8768878936768 90.1716358184814 90.4715719223022 90.5705400466919 89.9519060134888 88.7850067138672 87.1949771881104 85.4485275268555 83.6501655578613 81.3957736968994 79.7484130859375 78.6697944641113 77.88525390625 77.7385604858398 77.36418800354 76.722587966919 75.2905605316162 73.7358943939209 71.8226375579834 69.4546043395996 67.1163208007813 65.7316390991211 65.8882308959961 67.6500854492188 70.5381851196289 74.0085437774658 77.3709190368652 79.9621898651123 81.7064735412598 82.5160228729248 82.7640636444092 81.6186267852783 79.908623123169 77.0854919433594 73.6987129211426 69.7483337402344 65.6522346496582 61.8014999389649 58.6267440795898 56.9624282836914 57.2706512451172 59.1440269470215 61.9096923828125 65.4184135437012 68.6892875671387 71.6262195587158 74.5522529602051 77.0875881195068 79.5115173339844 82.023664855957
82.5424354553223 85.8528354644775 88.636519241333 90.5924068450928 92.0884670257568 93.4415756225586 93.7624431610108 93.6948839187622 93.5558393478394 92.939839553833 91.8945980072021 90.6741437911987 89.0583959579468 87.3382095336914 86.2419162750244 85.3227939605713 84.4981845855713 83.988480758667 83.380037689209 82.3993961334229 80.8629859924316 79.0146434783936 77.0281723022461 74.4731433868408 71.8577705383301 70.432576751709 70.3619262695313 71.8888469696045 74.5496463775635 77.6767833709717 80.5701568603516 83.1614452362061 84.9979816436768 85.6948917388916 86.0947463989258 85.1658954620361 83.7700660705566 81.2137031555176 78.1040683746338 74.3319770812988 70.5812088012695 66.4426239013672 63.1092933654785 61.5028312683105 61.4542655944824 62.5123497009277 64.4418128967285 66.8974990844727 69.3170860290527 71.7463806152344 74.5325813293457 77.1837203979492 80.0652694702148 83.0696262359619
87.1392230987549 89.7827175140381 91.971703338623 93.6216094970703 94.8202652931213 95.7045873641968 96.0848225593567 96.3462544441223 96.2663646697998 95.8380013465881 95.2273319244385 94.286018371582 93.2569843292236 92.2354103088379 91.3429134368896 90.6281869888306 90.0914136886597 89.5214036941528 88.6030813217163 87.6209423065186 86.1750625610352 84.3350395202637 82.2658306121826 79.6236530303955 77.3357791900635 75.9448585510254 75.7876670837402 77.0884258270264 79.4579273223877 82.3752372741699 84.947533416748 87.0209011077881 88.6073484420776 89.4939388275147 89.8744400024414 89.0450859069824 87.8944793701172 85.7706035614014 82.8070877075195 79.7086338043213 76.262850189209 72.6341148376465 69.4424140930176 67.7451026916504 67.0743095397949 67.3867729187012 68.3518844604492 69.9123390197754 71.6079856872559 73.5404644012451 76.0267574310303 78.7469562530518 81.7984424591065 85.1411693572998
