indici/fabbisogno02.asc
NCOLS 177 
NROWS 174 
XLLCORNER 1436301.375 
YLLCORNER 4916704.5 
CELLSIZE 1500 
NODATA_value -9999 
[rows 100 to 119 of 174, columns 88 to 131 of 177]
-100.167556762695 -99.8279647827148 -99.3560333251953 -98.8849029541016 -98.408576965332 -97.9179458618164 -97.429573059082 -96.9435119628906 -96.683219909668 -96.4289245605469 -96.1769561767578 -96.0721588134766 -96.0330352783203 -95.9952392578125 -95.9789657592773 -95.99267578125 -96.0056915283203 -96.017692565918 -96.024772644043 -96.0279846191406 -96.027229309082 -95.9146881103516 -95.7702102661133 -95.616943359375 -95.1926574707031 -94.52392578125 -93.8443145751953 -92.9201965332031 -91.2430114746094 -89.5721664428711 -87.9077835083008 -86.6581802368164 -85.4467086791992 -84.2501831054688 -83.7382583618164 -83.5852279663086 -83.4336853027344 -83.3522109985352 -83.3920974731445 -83.4317016601562 -83.4740676879883 -83.5562973022461 -83.6372909545898 -83.717041015625
-99.2714996337891 -98.9451370239258 -98.5172805786133 -98.0902252197266 -97.6725769042969 -97.2807083129883 -96.8910751342773 -96.5037689208984 -96.3320083618164 -96.1688995361328 -96.0081100463867 -95.962516784668 -95.9716415405273 -95.9820938110352 -95.9855117797852 -95.9756317138672 -95.9650650024414 -95.9437789916992 -95.8254623413086 -95.7032699584961 -95.5771331787109 -95.2297286987305 -94.8211212158203 -94.4037322998047 -93.700569152832 -92.7228469848633 -91.734260559082 -90.6285934448242 -89.1452255249023 -87.6681823730469 -86.1976013183594 -85.3325805664062 -84.5290603637695 -83.7404632568359 -83.3836975097656 -83.270881652832 -83.1595458984375 -83.0989608764648 -83.1334838867188 -83.1677322387695 -83.2027359008789 -83.2570953369141 -83.3102264404297 -83.3621063232422
-98.3761520385742 -98.0613250732422 -97.6775131225586 -97.2945098876953 -96.9342269897461 -96.6410598754883 -96.3501358032227 -96.0615234375 -95.9784545898438 -95.9064788818359 -95.8368301391602 -95.8515625 -95.9089202880859 -95.9675903320312 -95.9927215576172 -95.9592666625977 -95.9251327514648 -95.8736267089844 -95.6299667358398 -95.3824462890625 -95.130973815918 -94.5531921386719 -93.8805770874023 -93.1991958618164 -92.2187728881836 -90.9322052001953 -89.6347885131836 -88.3302459716797 -87.0405960083008 -85.7572708129883 -84.4804000854492 -83.9920196533203 -83.5962524414062 -83.2154006958008 -83.0276107788086 -82.9549942016602 -82.8838424682617 -82.8459320068359 -82.8750915527344 -82.9039764404297 -82.9325408935547 -82.9590454101562 -82.9843215942383 -83.0083618164062
-97.4838638305664 -97.1834335327148 -96.8501434326172 -96.5196228027344 -96.224235534668 -96.0342559814453 -95.8465957641602 -95.6613159179688 -95.6627349853516 -95.6752166748047 -95.688117980957 -95.7523345947266 -95.8428268432617 -95.9322128295898 -95.9625778198242 -95.8874969482422 -95.8096694946289 -95.7082748413086 -95.3065338134766 -94.8977890014648 -94.4818801879883 -93.7075042724609 -92.8264389038086 -91.9428024291992 -90.8030471801758 -89.3901519775391 -87.982421875 -86.6434783935547 -85.5917587280273 -84.5482025146484 -83.5129776000977 -83.2510299682617 -83.0835418701172 -82.9163208007812 -82.8061981201172 -82.733268737793 -82.6587600708008 -82.6053924560547 -82.6026077270508 -82.5978012084961 -82.5908737182617 -82.5722808837891 -82.5515289306641 -82.5285720825195
-96.6559982299805 -96.4470062255859 -96.2412948608398 -96.0383529663086 -95.8622512817383 -95.7703399658203 -95.6807479858398 -95.5935363769531 -95.6145401000977 -95.6436233520508 -95.6731185913086 -95.7169342041016 -95.7677764892578 -95.8175048828125 -95.7924118041992 -95.6252288818359 -95.4553146362305 -95.2598037719727 -94.6332473754883 -93.9996948242188 -93.3589782714844 -92.4837341308594 -91.5322113037109 -90.5781021118164 -89.4835968017578 -88.2316741943359 -86.9848937988281 -85.8134918212891 -84.9975891113281 -84.1898422241211 -83.3904113769531 -83.1499176025391 -82.9904937744141 -82.8313522338867 -82.6996383666992 -82.5865859985352 -82.4719543457031 -82.3745498657227 -82.3230590820312 -82.2695541381836 -82.2140121459961 -82.1457901000977 -82.0752716064453 -82.0025634765625
-95.827033996582 -95.7077331542969 -95.6295394897461 -95.5541076660156 -95.4979248046875 -95.5040435791016 -95.5124740600586 -95.5232849121094 -95.56591796875 -95.6115875244141 -95.6576843261719 -95.6826095581055 -95.6938171386719 -95.7039108276367 -95.6248626708984 -95.3656234741211 -95.1036605834961 -94.8180694580078 -93.966796875 -93.1085357666016 -92.2431259155273 -91.26220703125 -90.2402496337891 -89.215705871582 -88.1587829589844 -87.0677490234375 -85.9818572998047 -84.9753265380859 -84.3951263427734 -83.8230667114258 -83.2593231201172 -83.0485153198242 -82.8971557617188 -82.7460784912109 -82.5946044921875 -82.4414443969727 -82.2866973876953 -82.1456298828125 -82.0454635620117 -81.9432830810547 -81.8390579223633 -81.7213439941406 -81.6010971069336 -81.4786529541016
-94.9969635009766 -94.9656143188477 -95.0148773193359 -95.06689453125 -95.1312713623047 -95.2353668212891 -95.3417816162109 -95.450569152832 -95.5168762207031 -95.5791320800781 -95.6418075561523 -95.6493606567383 -95.6209487915039 -95.591423034668 -95.4599380493164 -95.1086959838867 -94.7547225952148 -94.383056640625 -93.3071746826172 -92.2243194580078 -91.1343154907227 -90.0429153442383 -88.9505615234375 -87.8623962402344 -86.8472747802734 -85.9289016723633 -85.0172958374023 -84.1857986450195 -83.8364944458008 -83.489631652832 -83.1452713012695 -82.9697875976562 -82.8268356323242 -82.6836700439453 -82.5181198120117 -82.3332214355469 -82.1477661132812 -81.9755096435547 -81.8458480834961 -81.71630859375 -81.5868988037109 -81.4074172973633 -81.2205505371094 -81.0289154052734
-94.5446319580078 -94.5335693359375 -94.5915298461914 -94.6484222412109 -94.7121124267578 -94.8080673217773 -94.9029235839844 -94.9966506958008 -95.0259094238281 -95.0464324951172 -95.0655899047852 -95.0143661499023 -94.9151382446289 -94.8139266967773 -94.6033630371094 -94.1425933837891 -93.6787033081055 -93.2077026367188 -92.074104309082 -90.9391860961914 -89.8029251098633 -88.8042907714844 -87.8664093017578 -86.9332656860352 -86.0909271240234 -85.3771591186523 -84.6701583862305 -84.018180847168 -83.7390441894531 -83.4623489379883 -83.1881484985352 -83.0169982910156 -82.8681945800781 -82.7191772460938 -82.5440979003906 -82.3447952270508 -82.1449432373047 -81.9611358642578 -81.8347091674805 -81.7084121704102 -81.5822372436523 -81.2995376586914 -80.999885559082 -80.6954650878906
-94.2529144287109 -94.2280883789062 -94.2426910400391 -94.2562103271484 -94.2765350341797 -94.3317947387695 -94.3859558105469 -94.4389953613281 -94.4232711791992 -94.3972320556641 -94.3698348999023 -94.2629623413086 -94.099006652832 -93.9330825805664 -93.6529846191406 -93.0933303833008 -92.5305786132812 -91.9646377563477 -90.8030166625977 -89.6346664428711 -88.4649810791016 -87.5604248046875 -86.7773742675781 -85.9990539550781 -85.3277740478516 -84.8185195922852 -84.3160171508789 -83.8481292724609 -83.6391296386719 -83.4325714111328 -83.2284927368164 -83.0644226074219 -82.9097671508789 -82.7549057006836 -82.5706176757812 -82.3569259643555 -82.1426849365234 -81.9466323852539 -81.8234481811523 -81.7003860473633 -81.5774536132812 -81.1963119506836 -80.7839279174805 -80.3667755126953
-93.9608459472656 -93.9235763549805 -93.8948287963867 -93.8650131225586 -93.8419189453125 -93.8565063476562 -93.8699951171875 -93.8823623657227 -93.8218231201172 -93.7492523193359 -93.6753158569336 -93.5133056640625 -93.2846603393555 -93.0540466308594 -92.7054061889648 -92.0469360351562 -91.3853530883789 -90.7205963134766 -89.5329437255859 -88.3311767578125 -87.1280746459961 -86.311637878418 -85.6833419799805 -85.0597763061523 -84.5578308105469 -84.2529907226562 -83.9548950195312 -83.675651550293 -83.536750793457 -83.4002914428711 -83.2663116455078 -83.112060546875 -82.9515609741211 -82.7908554077148 -82.5976867675781 -82.3696136474609 -82.140983581543 -81.931999206543 -81.8120498657227 -81.6922302246094 -81.5725326538086 -81.0889892578125 -80.5489730834961 -80.0009231567383
-93.7419586181641 -93.682258605957 -93.5967788696289 -93.5093688964844 -93.4286651611328 -93.3931579589844 -93.3559951782227 -93.3171234130859 -93.182502746582 -93.0292053222656 -92.8727035522461 -92.5907669067383 -92.2065505981445 -91.8156585693359 -91.3181076049805 -90.5312728881836 -89.7401962280273 -88.9448013305664 -87.8688201904297 -86.7880325317383 -85.7140045166016 -85.0750274658203 -84.6620025634766 -84.2566528320312 -83.957275390625 -83.8364868164062 -83.7213363647461 -83.6126251220703 -83.5172882080078 -83.4230804443359 -83.3300170898438 -83.172233581543 -82.9936141967773 -82.8142242431641 -82.5962753295898 -82.3335647583008 -82.0694427490234 -81.8081283569336 -81.5646514892578 -81.3160400390625 -81.0622253417969 -80.4045867919922 -79.6771392822266 -78.9416580200195
-93.6492385864258 -93.5442962646484 -93.3764724731445 -93.2067184448242 -93.0456466674805 -92.9459686279297 -92.8446426391602 -92.7416076660156 -92.5003967285156 -92.2311019897461 -91.9585952758789 -91.5006103515625 -90.8849563598633 -90.2626342773438 -89.5638427734375 -88.6462020874023 -87.7243270874023 -86.7981338500977 -85.9392700195312 -85.0907669067383 -84.2490234375 -83.8403472900391 -83.6722717285156 -83.5118408203125 -83.4269714355469 -83.4761962890625 -83.5310592651367 -83.5857696533203 -83.5225219726562 -83.4604034423828 -83.3994293212891 -83.2358169555664 -83.0363922119141 -82.8362121582031 -82.5920867919922 -82.293098449707 -81.9927062988281 -81.6814041137695 -81.3108139038086 -80.9350967407227 -80.5541763305664 -79.7279205322266 -78.813117980957 -77.8902969360352
-93.5568923950195 -93.4081573486328 -93.1580352783203 -92.9059829711914 -92.6641387939453 -92.5003280639648 -92.3348693847656 -92.1677093505859 -91.8212585449219 -91.4360122680664 -91.0475692749023 -90.4167022705078 -89.5697250366211 -88.7160797119141 -87.8132858276367 -86.7649002075195 -85.712287902832 -84.6553726196289 -84.0026626586914 -83.386344909668 -82.7767715454102 -82.5978927612305 -82.6746368408203 -82.7590255737305 -82.8910369873047 -83.1101913452148 -83.3349838256836 -83.5578002929688 -83.5266342163086 -83.4965896606445 -83.4676895141602 -83.3001556396484 -83.0799407958984 -82.8589706420898 -82.5892715454102 -82.254020690918 -81.9173812866211 -81.5596771240234 -81.0620269775391 -80.5592651367188 -80.0513076782227 -79.058967590332 -77.956901550293 -76.8468322753906
-93.4606857299805 -93.2712249755859 -92.9434127807617 -92.6157531738281 -92.3018569946289 -92.0878982543945 -91.8753280639648 -91.6641845703125 -91.2276229858398 -90.7393417358398 -90.2488632202148 -89.4535522460938 -88.370491027832 -87.2787933349609 -86.1672134399414 -85.0112457275391 -83.8532638549805 -82.6932373046875 -82.2309341430664 -81.8369369506836 -81.4477081298828 -81.4794921875 -81.7765655517578 -82.0783309936523 -82.3982238769531 -82.7503356933594 -83.104621887207 -83.45703125 -83.4678802490234 -83.4808578491211 -83.4960250854492 -83.3460083007812 -83.1288299560547 -82.9126892089844 -82.6140060424805 -82.1909561157227 -81.7629165649414 -81.3036499023438 -80.6171264648438 -79.9217529296875 -79.2173614501953 -78.1322631835938 -76.954833984375 -75.776481628418
-93.2488403320312 -93.0807037353516 -92.7615203857422 -92.4424896240234 -92.1412963867188 -91.9856414794922 -91.8313751220703 -91.6785278320312 -91.1894836425781 -90.6179580688477 -90.0442352294922 -89.0598602294922 -87.6687393188477 -86.2689971923828 -84.9008636474609 -83.686393737793 -82.4699172973633 -81.2514038085938 -80.9194183349609 -80.6890029907227 -80.4633407592773 -80.6406021118164 -81.0887832641602 -81.5416641235352 -81.9870452880859 -82.406379699707 -82.8278884887695 -83.2516250610352 -83.3263549804688 -83.4012908935547 -83.478401184082 -83.370964050293 -83.1816101074219 -82.993293762207 -82.6649551391602 -82.1122360229492 -81.5545349121094 -80.9626846313477 -80.0568771362305 -79.1422119140625 -78.2185516357422 -77.0827407836914 -75.8890533447266 -74.6944274902344
-93.0364456176758 -92.8899841308594 -92.5794296264648 -92.2690277099609 -91.9793548583984 -91.8819808959961 -91.7859878540039 -91.6914138793945 -91.1534729003906 -90.4987335205078 -89.8418121337891 -88.6744689941406 -86.9754333496094 -85.2677917480469 -83.6361618041992 -82.3632278442383 -81.0882873535156 -79.8113021850586 -79.6029434204102 -79.5360260009766 -79.4738693237305 -79.7969207763672 -80.3961486816406 -81.0000610351562 -81.5736389160156 -82.0601654052734 -82.5488662719727 -83.0397872924805 -83.1826553344727 -83.3195190429688 -83.4585571289062 -83.3949127197266 -83.2333679199219 -83.0728607177734 -82.7208023071289 -82.0384826660156 -81.351188659668 -80.6303253173828 -79.5053253173828 -78.3714904785156 -77.2286605834961 -76.0338897705078 -74.8239364624023 -73.6130523681641
-92.823486328125 -92.6990737915039 -92.3971405029297 -92.0953598022461 -91.8160400390625 -91.7769165039062 -91.7391586303711 -91.7028274536133 -91.1195831298828 -90.3816757202148 -89.6415863037109 -88.29736328125 -86.2905654907227 -84.2751693725586 -82.3731155395508 -81.0417327880859 -79.7083587646484 -78.3729400634766 -78.2815170288086 -78.3780288696289 -78.4792861938477 -78.9484558105469 -79.6986541748047 -80.4518127441406 -81.1521682739258 -81.703369140625 -82.2571716308594 -82.8136291503906 -83.0258483886719 -83.2270202636719 -83.4316711425781 -83.4122161865234 -83.2741394042969 -83.1362915039062 -82.7613754272461 -81.9454879760742 -81.1242294311523 -80.2751388549805 -78.9715881347656 -77.6651763916016 -76.3558502197266 -75.1401214599609 -73.9603652954102 -72.7840270996094
-92.3554458618164 -92.2802124023438 -92.0239334106445 -91.7690124511719 -91.5351028442383 -91.5499038696289 -91.5659713745117 -91.5833358764648 -90.9769592285156 -90.1822357177734 -89.3861923217773 -87.93603515625 -85.7315216064453 -83.5219955444336 -81.4531021118164 -80.1421966552734 -78.831787109375 -77.5218658447266 -77.43798828125 -77.5594177246094 -77.6809463500977 -78.1777114868164 -78.9799270629883 -79.7835922241211 -80.5454177856445 -81.1776275634766 -81.8124313354492 -82.4498901367188 -82.7665405273438 -83.0669403076172 -83.3708114624023 -83.3976364135742 -83.2659912109375 -83.1345901489258 -82.7303466796875 -81.7753753662109 -80.8150405883789 -79.8380813598633 -78.4654769897461 -77.0900115966797 -75.7116317749023 -74.5356216430664 -73.4409713745117 -72.3497467041016
-91.7781677246094 -91.7684173583984 -91.5768051147461 -91.3865509033203 -91.2135696411133 -91.2833557128906 -91.3544158935547 -91.4267654418945 -90.8073348999023 -89.9642181396484 -89.1197891235352 -87.5812530517578 -85.1984252929688 -82.8105850219727 -80.5802688598633 -79.2931671142578 -78.0065536499023 -76.7204360961914 -76.6270446777344 -76.758056640625 -76.8891677856445 -77.4068145751953 -78.2595443725586 -79.1137313842773 -79.9359817504883 -80.649169921875 -81.3649444580078 -82.0833587646484 -82.5037689208984 -82.9033432006836 -83.306396484375 -83.3828201293945 -83.2576141357422 -83.1326446533203 -82.7045669555664 -81.6105804443359 -80.51123046875 -79.4037170410156 -77.9620895385742 -76.5176086425781 -75.0702133178711 -73.9276123046875 -72.9180374145508 -71.9118728637695
-91.1995697021484 -91.2551879882812 -91.1282119750977 -91.0025939941406 -90.8907318115234 -91.0154876708984 -91.1415100097656 -91.2688217163086 -90.6389465332031 -89.7474594116211 -88.8546600341797 -87.2312622070312 -84.6702041625977 -82.1041412353516 -79.7067565917969 -78.4434432983398 -77.1806182861328 -75.9182891845703 -75.8158111572266 -75.9564056396484 -76.0970916748047 -76.6343231201172 -77.5375442504883 -78.4422149658203 -79.3238830566406 -80.1179962158203 -80.9146957397461 -81.7140426635742 -82.2375259399414 -82.7362365722656 -83.2384185791016 -83.3677673339844 -83.2489929199219 -83.1304550170898 -82.6840438842773 -81.4510955810547 -80.2127914428711 -78.9690475463867 -77.4614410400391 -75.9479675292969 -74.4315872192383 -73.3202819824219 -72.408317565918 -71.5068664550781
