indici/fabbisogno03.asc
NCOLS 177 
NROWS 174 
XLLCORNER 1436301.375 
YLLCORNER 4916704.5 
CELLSIZE 1500 
NODATA_value -9999 
[rows 92 to 114 of 174, columns 53 to 105 of 177]
-65.7654342651367 -65.192626953125 -64.6331481933594 -63.6801490783691 -62.5634727478027 -61.2776985168457 -59.9801750183105 -58.6253776550293 -57.1825828552246 -55.5805892944336 -53.919979095459 -52.2908248901367 -50.6056671142578 -48.6417465209961 -46.4638900756836 -44.016227722168 -41.4091682434082 -38.4804534912109 -35.302806854248 -32.0073394775391 -28.6515121459961 -25.4132881164551 -22.418701171875 -19.897159576416 -17.9064807891846 -16.3532409667969 -15.3214521408081 -14.8117742538452 -14.8163213729858 -15.4350337982178 -16.7919139862061 -18.8016719818115 -21.7480602264404 -25.4439525604248 -29.8519763946533 -34.7200355529785 -39.506290435791 -43.4042892456055 -46.4993705749512 -48.4071769714355 -48.818675994873 -48.1601753234863 -46.7050857543945 -45.0010108947754 -43.3774185180664 -42.1689567565918 -41.420841217041 -41.6714553833008 -42.1676635742188 -43.0062980651855 -44.391357421875 -45.3536567687988 -45.8565826416016
-64.9779434204102 -63.9679641723633 -63.1652603149414 -62.1351737976074 -60.8063888549805 -59.4657363891602 -58.3379554748535 -57.2217254638672 -56.0684547424316 -54.8686141967773 -53.6831130981445 -52.5478210449219 -51.1470718383789 -49.5990295410156 -47.7869987487793 -45.5296783447266 -42.9377784729004 -40.0828628540039 -36.8713684082031 -33.536937713623 -30.2116012573242 -26.9145488739014 -23.9206771850586 -21.4824066162109 -19.532585144043 -17.9692935943604 -16.8982982635498 -16.4285697937012 -16.4445247650146 -17.1276550292969 -18.708984375 -20.8519401550293 -23.7617893218994 -27.4893760681152 -31.8937015533447 -36.6663513183594 -41.412956237793 -45.5343933105469 -48.6331214904785 -50.3455810546875 -50.9873085021973 -50.5613899230957 -49.4941673278809 -48.1210708618164 -46.6900062561035 -45.3251609802246 -44.2982063293457 -44.3131675720215 -44.3347091674805 -44.5144195556641 -44.8175621032715 -44.8587188720703 -44.165355682373
-63.5577735900879 -62.0541534423828 -61.0302124023438 -59.8761215209961 -58.5572776794434 -57.3789482116699 -56.4705581665039 -55.7276077270508 -54.9744529724121 -54.221076965332 -53.4784355163574 -52.7659645080566 -51.7696571350098 -50.5788955688477 -49.1238555908203 -47.1667022705078 -44.830078125 -42.1269950866699 -39.1348495483398 -35.9460945129395 -32.6518669128418 -29.3862838745117 -26.5474338531494 -24.072301864624 -22.0841445922852 -20.4962482452393 -19.3832054138184 -18.86598777771 -18.9465293884277 -19.6634330749512 -21.0204906463623 -23.2296886444092 -26.2454528808594 -29.9261608123779 -34.1837501525879 -38.7605400085449 -43.2705192565918 -47.1960945129395 -50.4748764038086 -52.5654296875 -53.245662689209 -52.9303436279297 -52.2406921386719 -51.2322425842285 -49.8401908874512 -48.570198059082 -47.5171852111816 -46.7674331665039 -46.3647689819336 -45.8313140869141 -44.8955154418945 -44.0457458496094 -42.5448112487793
-61.3177337646484 -59.7818908691406 -58.5401458740234 -57.3407859802246 -56.1014366149902 -55.2245788574219 -54.5739059448242 -54.1210784912109 -53.6858863830566 -53.2183113098145 -53.087230682373 -52.8034782409668 -52.1747779846191 -51.4181098937988 -50.3489036560059 -48.8102073669434 -46.8103218078613 -44.5979614257812 -41.8963394165039 -38.9494895935059 -35.7838020324707 -32.8280830383301 -29.9709377288818 -27.5855312347412 -25.5803413391113 -23.9197902679443 -22.6731281280518 -22.1492404937744 -22.1803951263428 -22.9525241851807 -24.2961864471436 -26.0899486541748 -28.8921871185303 -32.6073951721191 -36.679126739502 -40.9432678222656 -45.0984916687012 -48.7189826965332 -51.8889961242676 -54.0125427246094 -55.0650367736816 -55.1950492858887 -54.6838073730469 -53.8522186279297 -52.8570404052734 -51.849494934082 -50.6088485717773 -49.2972450256348 -48.3514366149902 -47.3554458618164 -45.6577453613281 -43.4267654418945 -41.0954170227051
-58.6271095275879 -57.2578201293945 -55.8555755615234 -54.6277923583984 -53.608268737793 -53.0335960388184 -52.6970558166504 -52.4727630615234 -52.2041549682617 -52.2932586669922 -52.5135192871094 -52.5815315246582 -52.3751373291016 -51.9919319152832 -51.2226524353027 -50.0190200805664 -48.7298469543457 -46.9366912841797 -44.7445793151855 -42.1684417724609 -39.5224952697754 -36.7800369262695 -34.2743072509766 -31.8915157318115 -29.8658695220947 -28.0525665283203 -26.8185939788818 -26.2216205596924 -26.2217693328857 -26.8199043273926 -28.0026779174805 -29.7807598114014 -31.9487590789795 -35.1382141113281 -38.9437561035156 -42.8645858764648 -46.6364593505859 -49.9285583496094 -52.8749122619629 -54.8641700744629 -55.9778747558594 -56.5227241516113 -56.1399154663086 -55.8157348632812 -55.2760620117188 -54.4295310974121 -53.3479194641113 -51.9880065917969 -50.2325668334961 -48.3094367980957 -46.0744972229004 -42.9918098449707 -39.7052192687988
-55.5819625854492 -54.3105201721191 -52.993537902832 -51.8939476013184 -51.324520111084 -51.0259170532227 -50.893482208252 -50.7372703552246 -51.012866973877 -51.411506652832 -51.9036483764648 -52.2532539367676 -52.3072891235352 -52.1792678833008 -51.5933837890625 -51.1048927307129 -50.2924461364746 -49.1150321960449 -47.518424987793 -45.5243530273438 -43.3635787963867 -41.1027145385742 -38.8719940185547 -36.7053833007812 -34.7641372680664 -32.9272499084473 -31.7376518249512 -31.0302124023438 -30.8794574737549 -31.3424091339111 -32.0776329040527 -33.5260810852051 -35.3375968933105 -37.8776588439941 -40.976505279541 -44.3149566650391 -47.497486114502 -50.2910842895508 -52.9246139526367 -54.7178688049316 -55.9698753356934 -56.8061256408691 -57.1605949401855 -57.0316925048828 -56.9075126647949 -56.566333770752 -55.4546775817871 -53.8404998779297 -51.7714385986328 -49.2161407470703 -46.1416015625 -42.5148620605469 -38.7113609313965
-52.4280700683594 -51.453254699707 -50.4062118530273 -49.9885215759277 -49.7272605895996 -49.5251884460449 -49.4649238586426 -49.7432975769043 -50.3575592041016 -51.1538238525391 -51.7625350952148 -52.3352851867676 -52.529109954834 -52.5508155822754 -52.3609657287598 -52.0123100280762 -51.6774559020996 -51.0439300537109 -49.86767578125 -48.5272750854492 -47.057918548584 -45.3879852294922 -43.5829429626465 -41.7809829711914 -39.8957901000977 -38.2861404418945 -37.1233291625977 -36.2551765441895 -35.7990951538086 -35.9366607666016 -36.2555694580078 -37.101188659668 -38.5777778625488 -40.2345085144043 -42.610179901123 -45.1652412414551 -47.7843132019043 -50.0676803588867 -52.3036460876465 -54.0104637145996 -55.2956314086914 -56.3540534973145 -57.1000213623047 -57.2755241394043 -57.7897186279297 -57.5391464233398 -56.6550407409668 -55.194206237793 -53.045970916748 -50.117790222168 -46.4672927856445 -42.2082481384277 -37.827392578125
-49.9560203552246 -49.1139259338379 -48.5057678222656 -48.2974586486816 -48.3776016235352 -48.5380935668945 -48.8921852111816 -49.4156837463379 -50.4229011535645 -51.022216796875 -51.6127700805664 -52.248592376709 -52.5382385253906 -52.8000793457031 -53.0990867614746 -53.1503524780273 -52.7325210571289 -52.4058151245117 -51.7974510192871 -51.1585960388184 -50.2378044128418 -49.2556114196777 -48.0310554504395 -46.5764923095703 -45.1139678955078 -43.7023811340332 -42.474536895752 -41.3847045898438 -40.533634185791 -40.2099456787109 -39.9264068603516 -40.0603256225586 -40.7945175170898 -41.7831611633301 -43.4053840637207 -45.2781524658203 -47.1382789611816 -49.0524749755859 -50.9536628723145 -52.5237998962402 -53.8081016540527 -54.9770240783691 -56.0858268737793 -56.6838111877441 -57.3666191101074 -57.4716796875 -57.0206298828125 -55.8284492492676 -53.7701568603516 -50.7034950256348 -46.6944160461426 -42.2150421142578 -37.4944686889648
-47.7331390380859 -47.2489280700684 -47.1641731262207 -47.3060035705566 -47.6066856384277 -48.1497001647949 -48.8453712463379 -49.9863471984863 -50.7776336669922 -51.3627471923828 -51.7554779052734 -52.291675567627 -52.893482208252 -53.3264617919922 -53.5680885314941 -53.6509742736816 -53.5805625915527 -53.2825584411621 -53.3409690856934 -53.2629089355469 -52.923168182373 -52.549388885498 -51.7740859985352 -50.8057899475098 -49.7133483886719 -48.454273223877 -47.1187057495117 -45.7055778503418 -44.3986206054688 -43.4657402038574 -42.5882530212402 -41.9634017944336 -42.0104103088379 -42.2968940734863 -43.208309173584 -44.3647193908691 -45.7236824035645 -47.2155456542969 -48.6398544311523 -50.3409690856934 -51.6527328491211 -52.9743919372559 -54.2057266235352 -55.164436340332 -56.0684928894043 -56.5183601379395 -56.4495544433594 -55.5979499816895 -53.681022644043 -50.7278175354004 -46.5797653198242 -42.0485877990723 -37.2597732543945
-45.9522972106934 -46.0409622192383 -46.4414443969727 -47.0513153076172 -47.7020950317383 -48.4706077575684 -49.5483932495117 -50.5527763366699 -51.3927688598633 -51.9502029418945 -52.3630790710449 -52.9477577209473 -53.4748878479004 -53.8790702819824 -54.0072174072266 -54.0373649597168 -54.0947418212891 -54.2959213256836 -54.3288764953613 -54.8648986816406 -55.0722274780273 -54.9588088989258 -54.5343208312988 -54.0979537963867 -53.1992607116699 -51.9881477355957 -50.4493751525879 -48.673885345459 -46.8504104614258 -45.2055168151855 -43.9064674377441 -42.6837539672852 -41.9974060058594 -41.8401031494141 -41.9904098510742 -42.698413848877 -43.7265167236328 -44.9005393981934 -46.1046447753906 -47.5042037963867 -49.0928611755371 -50.4494819641113 -51.7531929016113 -53.0067596435547 -54.0441093444824 -54.7515029907227 -54.9427299499512 -54.2766914367676 -52.5672569274902 -49.6198425292969 -45.9924621582031 -41.6720504760742 -37.0022087097168
-45.0951728820801 -45.7564926147461 -46.6404647827148 -47.595329284668 -48.4503555297852 -49.3954391479492 -50.6495132446289 -51.5888748168945 -52.3928070068359 -53.1076889038086 -53.5188446044922 -53.9918098449707 -54.3428382873535 -54.3961143493652 -54.4416313171387 -54.4254608154297 -54.5673675537109 -54.8518753051758 -55.020923614502 -55.7031745910645 -56.2251319885254 -56.4608993530273 -56.4109954833984 -56.090518951416 -55.2492179870605 -53.9141311645508 -52.1746520996094 -50.0396575927734 -47.7049179077148 -45.4807472229004 -43.7558212280273 -42.0777549743652 -40.8705978393555 -40.3156280517578 -40.053295135498 -40.5166282653809 -41.4154853820801 -42.4967079162598 -43.6605796813965 -44.9728240966797 -46.3039741516113 -47.6448364257812 -48.9082794189453 -50.3603401184082 -51.4486122131348 -52.2528839111328 -52.498851776123 -51.8302764892578 -50.4868774414062 -48.1261253356934 -44.8923110961914 -40.9240036010742 -36.6146354675293
-45.1512870788574 -46.155086517334 -47.3632965087891 -48.6613082885742 -49.8503456115723 -50.911808013916 -52.2015419006348 -53.1046409606934 -53.892406463623 -54.5545387268066 -54.970100402832 -55.2785301208496 -55.334342956543 -55.1948280334473 -54.9359512329102 -54.8231964111328 -54.984790802002 -55.3255767822266 -55.5998229980469 -56.2958221435547 -56.9665794372559 -57.4872779846191 -57.3685111999512 -56.807300567627 -55.8194732666016 -54.3063735961914 -52.2446899414062 -49.7667465209961 -47.0926704406738 -44.4724082946777 -42.3325881958008 -40.4549331665039 -38.9473457336426 -38.0998916625977 -37.7412948608398 -38.1106758117676 -39.0605392456055 -40.4939956665039 -41.790153503418 -43.1507301330566 -44.5405158996582 -45.7033805847168 -46.6603126525879 -47.7481079101562 -48.6080703735352 -49.2660064697266 -49.4627914428711 -49.1227912902832 -48.0304641723633 -46.0056190490723 -43.1759948730469 -39.7178497314453 -35.9300918579102
-45.9365081787109 -47.3309860229492 -48.8216972351074 -50.2353630065918 -51.4939918518066 -52.5894241333008 -53.8991813659668 -54.7019424438477 -55.3984260559082 -55.9868965148926 -56.3214416503906 -56.6057586669922 -56.5137405395508 -56.1133117675781 -55.6905059814453 -55.6280822753906 -55.7053565979004 -55.8884620666504 -56.2690773010254 -56.7243309020996 -57.2473831176758 -57.6649971008301 -57.5195045471191 -56.6576538085938 -55.2464866638184 -53.4360389709473 -51.0744590759277 -48.2811965942383 -45.3902053833008 -42.5858726501465 -40.0850791931152 -38.1416625976562 -36.6903953552246 -35.7745742797852 -35.511302947998 -36.3160934448242 -37.3698272705078 -38.6640472412109 -40.0923767089844 -41.531364440918 -42.8321685791016 -43.9855880737305 -45.0323905944824 -46.074951171875 -46.6224899291992 -46.556282043457 -46.6096343994141 -46.2040672302246 -45.1563491821289 -43.3911781311035 -41.0178833007812 -38.1732215881348 -35.129508972168
-47.4850883483887 -49.036434173584 -50.5429573059082 -52.0020904541016 -53.1858711242676 -54.2568626403809 -55.4638977050781 -56.1152648925781 -56.6450614929199 -57.1042861938477 -57.3063201904297 -57.5688667297363 -57.3720703125 -57.0117263793945 -56.6506423950195 -56.4706115722656 -56.3551292419434 -56.4532127380371 -56.5878944396973 -56.9997520446777 -57.3094635009766 -57.409839630127 -56.9483985900879 -55.8248329162598 -54.188117980957 -51.9702568054199 -49.2557640075684 -46.2937278747559 -43.2621536254883 -40.3984260559082 -37.8623580932617 -35.7331123352051 -34.4673233032227 -33.7029571533203 -33.9970169067383 -34.673225402832 -35.8029251098633 -37.2710571289062 -38.8494453430176 -40.423511505127 -41.645435333252 -42.7238311767578 -43.6594657897949 -44.4007148742676 -44.7937049865723 -44.7170372009277 -44.0196075439453 -43.3680877685547 -42.2986793518066 -40.7756767272949 -38.8314514160156 -36.6168518066406 -34.5075149536133
-49.7203979492188 -51.2234954833984 -52.6531372070312 -53.821647644043 -54.8450393676758 -55.5919952392578 -56.4306755065918 -57.0534934997559 -57.4598426818848 -57.7937469482422 -57.9661445617676 -58.1793632507324 -57.9884834289551 -57.7696495056152 -57.6051597595215 -57.3355598449707 -57.1379089355469 -57.0933570861816 -56.7559242248535 -56.955265045166 -57.1995124816895 -56.9705123901367 -56.2363357543945 -54.8616905212402 -52.9075393676758 -50.378475189209 -47.467456817627 -44.3915939331055 -41.3138847351074 -38.3324737548828 -35.8532104492188 -33.8949317932129 -32.5267066955566 -32.1830978393555 -32.5461654663086 -33.3786735534668 -34.7316741943359 -36.4837379455566 -38.1820831298828 -39.8086090087891 -41.2271461486816 -42.3076705932617 -42.984992980957 -43.2637977600098 -43.358226776123 -42.9769554138184 -42.1647186279297 -40.8500213623047 -39.6595497131348 -38.2939262390137 -36.705451965332 -35.1687202453613 -33.758731842041
-52.4568214416504 -53.6723098754883 -54.6660499572754 -55.4062118530273 -56.0061111450195 -56.3444595336914 -56.5932350158691 -57.2883834838867 -57.7299690246582 -57.9655570983887 -58.1255569458008 -58.4445915222168 -58.5536079406738 -58.6479759216309 -58.5394477844238 -58.3391799926758 -58.0055160522461 -57.7536010742188 -57.2968406677246 -57.2028770446777 -56.9626846313477 -56.5571022033691 -55.4015235900879 -53.8877639770508 -51.748607635498 -49.0696449279785 -46.0262451171875 -42.8418350219727 -39.7532348632812 -36.9443817138672 -34.3851661682129 -32.5128211975098 -31.2972412109375 -31.2125110626221 -31.5463390350342 -32.5146408081055 -34.1016883850098 -36.0337562561035 -38.0854225158691 -40.0484161376953 -41.5673828125 -42.5456047058105 -42.9923858642578 -42.8264503479004 -42.4120674133301 -41.7471656799316 -40.6379051208496 -38.9869232177734 -37.6280136108398 -36.2895317077637 -35.0670394897461 -34.0923271179199 -33.1001510620117
-55.693286895752 -56.400634765625 -56.5520095825195 -56.4938774108887 -56.489444732666 -56.3032341003418 -56.2965774536133 -56.7384567260742 -57.129695892334 -57.4122619628906 -57.5379447937012 -58.3366508483887 -58.8305969238281 -59.1665458679199 -59.2551422119141 -59.1023750305176 -58.7270622253418 -58.1645164489746 -57.9258651733398 -57.6125831604004 -57.0567054748535 -56.0841598510742 -54.9510650634766 -53.1888046264648 -50.9492797851562 -48.2801780700684 -45.253475189209 -42.0636825561523 -38.8889312744141 -36.0522232055664 -33.6254463195801 -31.8392677307129 -30.9501781463623 -30.7662086486816 -31.2277870178223 -32.3537330627441 -34.1162528991699 -36.2896156311035 -38.6443367004395 -40.7771301269531 -42.3471984863281 -43.2603225708008 -43.4241371154785 -42.9990158081055 -42.1049499511719 -41.0074691772461 -39.7589225769043 -37.9416122436523 -36.4476661682129 -35.11669921875 -33.9803886413574 -33.3017196655273 -32.7428245544434
-58.9323997497559 -58.8476142883301 -58.1891250610352 -57.1534652709961 -56.3264808654785 -55.4405784606934 -54.9854545593262 -54.9126281738281 -55.4975814819336 -55.5761260986328 -56.4257316589355 -57.5107002258301 -58.4698295593262 -59.2126998901367 -59.6231880187988 -59.6747360229492 -59.1601791381836 -58.9481201171875 -58.545482635498 -58.0843353271484 -57.4061317443848 -56.2397994995117 -54.7025566101074 -52.9112396240234 -50.7415084838867 -48.1383361816406 -45.1655082702637 -42.0636329650879 -38.9584846496582 -36.1025543212891 -33.691577911377 -31.9259033203125 -31.1398963928223 -31.0261535644531 -31.5526027679443 -32.7786026000977 -34.688060760498 -37.0055160522461 -39.5173034667969 -41.8179702758789 -43.5164222717285 -44.4639091491699 -44.4779815673828 -43.7757225036621 -42.5771408081055 -41.1817779541016 -39.5964050292969 -37.6350708007812 -36.0085639953613 -34.651538848877 -33.6767768859863 -33.0545883178711 -32.6599617004395
-61.428050994873 -60.485595703125 -58.9031410217285 -56.9002456665039 -55.0953216552734 -53.6352462768555 -52.6543388366699 -52.3234786987305 -52.2593231201172 -52.9084205627441 -54.319206237793 -55.681022644043 -56.9760971069336 -58.2257423400879 -58.7818870544434 -59.1928939819336 -59.2201614379883 -59.0361289978027 -58.7170333862305 -58.2621231079102 -57.3569602966309 -56.322338104248 -55.0093765258789 -53.3476448059082 -51.335147857666 -48.8375625610352 -46.022518157959 -43.0051918029785 -40.0456733703613 -37.2443580627441 -34.8312797546387 -32.9698715209961 -32.2192115783691 -32.0842475891113 -32.5562973022461 -33.7828216552734 -35.6855735778809 -38.0911026000977 -40.6538581848145 -43.017951965332 -44.7806129455566 -45.8228645324707 -45.9012031555176 -45.2853317260742 -44.1204147338867 -42.4971389770508 -40.685848236084 -38.3644180297852 -36.4714431762695 -34.9811019897461 -33.9251937866211 -33.418773651123 -33.2239379882812
-62.6064491271973 -60.7651596069336 -58.178524017334 -55.4061889648438 -52.7396469116211 -50.5174369812012 -49.1652145385742 -48.3657341003418 -48.4889602661133 -49.3359260559082 -50.8108787536621 -52.4664726257324 -54.042366027832 -55.5725631713867 -57.0912590026855 -58.0542984008789 -58.4132843017578 -58.3893508911133 -58.078784942627 -57.8125534057617 -57.3103103637695 -56.4414367675781 -55.4118309020996 -54.2792892456055 -52.5465927124023 -50.362606048584 -47.6733779907227 -44.8179664611816 -41.9046745300293 -39.1227569580078 -36.7075119018555 -34.8134803771973 -33.7949676513672 -33.5274353027344 -33.9347229003906 -35.1051177978516 -37.0863227844238 -39.475830078125 -42.0512733459473 -44.4521751403809 -46.2321014404297 -47.4828796386719 -47.9230194091797 -47.4424781799316 -46.294002532959 -44.6699256896973 -42.6886253356934 -40.0480422973633 -38.138744354248 -36.4831161499023 -35.0585174560547 -34.5352821350098 -34.4867362976074
-61.9053764343262 -59.0695953369141 -55.4359817504883 -51.8583374023438 -48.742374420166 -45.9327850341797 -44.2209091186523 -43.5214080810547 -43.6206474304199 -44.7048149108887 -46.2593269348145 -48.2562599182129 -50.3138313293457 -52.3367156982422 -54.1548805236816 -55.4896049499512 -56.2090950012207 -56.5779685974121 -56.6555595397949 -56.7331123352051 -56.5486755371094 -56.1685676574707 -55.7377853393555 -55.0970039367676 -53.8919715881348 -52.0152168273926 -49.7799606323242 -47.1792793273926 -44.2868804931641 -41.4991760253906 -38.9517364501953 -36.9235877990723 -35.8198432922363 -35.3084983825684 -35.7383193969727 -36.7517166137695 -38.4945526123047 -40.7325248718262 -43.2227058410645 -45.7252235412598 -47.9207649230957 -49.5156364440918 -50.1141624450684 -50.1016540527344 -49.1587562561035 -47.6181640625 -45.4690971374512 -42.6126327514648 -40.5330390930176 -38.682243347168 -37.172924041748 -36.4661331176758 -36.3193168640137
-59.4317092895508 -55.7919616699219 -51.5250854492188 -47.3422813415527 -43.7849197387695 -40.8499488830566 -38.9183959960938 -38.0695343017578 -38.2128562927246 -39.2400283813477 -40.9442939758301 -43.138744354248 -45.5008697509766 -47.8526611328125 -49.8378067016602 -51.5203895568848 -52.7425842285156 -53.5506477355957 -54.0080146789551 -54.424243927002 -54.7587127685547 -55.0510025024414 -55.1083755493164 -55.0630836486816 -54.5258598327637 -53.4237403869629 -51.8314971923828 -49.6047515869141 -46.939998626709 -44.0804481506348 -41.394603729248 -39.1129302978516 -37.6282577514648 -37.3352317810059 -37.4558067321777 -38.2564163208008 -39.7422752380371 -41.8338661193848 -44.3059921264648 -46.8727111816406 -49.3113708496094 -51.3775024414062 -52.5089836120605 -52.7535362243652 -52.1578598022461 -50.8021011352539 -48.3355102539062 -45.9541664123535 -43.6710472106934 -41.5629615783691 -40.0265655517578 -38.9554252624512 -38.5330772399902
-55.0607604980469 -50.801326751709 -46.1549797058105 -41.7855758666992 -38.2397232055664 -35.3402633666992 -33.2601089477539 -32.2636299133301 -32.4462203979492 -33.3948936462402 -35.0866203308105 -37.2730903625488 -39.7664108276367 -42.3065528869629 -44.4291687011719 -46.2008171081543 -47.8223266601562 -48.9819068908691 -49.8249969482422 -50.6460609436035 -51.4956970214844 -52.4269943237305 -53.3914642333984 -54.118034362793 -54.4870071411133 -54.3396797180176 -53.4648971557617 -51.7256164550781 -49.2337799072266 -46.3610954284668 -43.4821815490723 -40.9921798706055 -39.3001861572266 -38.7369766235352 -38.6433219909668 -39.2991828918457 -40.589729309082 -42.5589942932129 -44.9797286987305 -47.6657562255859 -50.441722869873 -52.7244873046875 -54.3633842468262 -55.2098350524902 -54.9774894714355 -53.4064407348633 -51.556755065918 -49.3706092834473 -47.1904525756836 -45.0868377685547 -43.0413970947266 -41.4491729736328 -40.6421241760254
