indici/fabbisogno03.asc
NCOLS 177 
NROWS 174 
XLLCORNER 1436301.375 
YLLCORNER 4916704.5 
CELLSIZE 1500 
NODATA_value -9999 
[rows 115 to 137 of 174, columns 106 to 158 of 177]
-41.5402488708496 -40.5507125854492 -39.3854751586914 -38.2328262329102 -37.1364784240723 -36.2201843261719 -34.8622131347656 -33.9658622741699 -32.9443702697754 -31.7762889862061 -30.0272216796875 -27.9249515533447 -25.5853710174561 -23.0381050109863 -20.5306129455566 -18.207836151123 -16.3349094390869 -15.1193590164185 -14.4836568832397 -14.3116416931152 -14.6914978027344 -15.6076765060425 -17.3794822692871 -20.0454216003418 -23.6126899719238 -27.9052829742432 -32.7637786865234 -37.6270484924316 -42.261661529541 -45.8871612548828 -48.152416229248 -48.4773559570312 -47.0057220458984 -43.9355735778809 -39.4404106140137 -34.710090637207 -29.7121200561523 -25.1196708679199 -20.9557056427002 -17.3212699890137 -14.7250881195068 -12.7191019058228 -9999 -9999 -9999 -9999 -9999 -9999 -9999 -9999 -9999 -9999 -9999
-41.9775733947754 -40.1144218444824 -38.1258697509766 -35.9842796325684 -33.9397010803223 -32.2097015380859 -30.3103923797607 -28.3935070037842 -26.9052505493164 -25.3038711547852 -23.6884574890137 -21.837610244751 -19.9291744232178 -17.9474658966064 -16.0766849517822 -14.3633480072021 -12.9939308166504 -12.1852989196777 -11.8040342330933 -11.9006385803223 -12.3537178039551 -13.3248300552368 -15.2060289382935 -17.9810199737549 -21.4665927886963 -25.7301139831543 -30.7767810821533 -36.1649436950684 -41.3398513793945 -45.5391044616699 -48.3987617492676 -49.1014022827148 -47.7436714172363 -44.4175453186035 -40.1211280822754 -35.242317199707 -30.1967086791992 -25.4698925018311 -21.3921279907227 -18.0743179321289 -15.4232015609741 -13.6332168579102 -12.2455902099609 -11.4688911437988 -10.8101511001587 -9999 -9999 -9999 -9999 -9999 -9999 -9999 -9999
-41.5294380187988 -38.7523651123047 -35.8796806335449 -32.8763885498047 -30.0278663635254 -27.6542987823486 -25.4752635955811 -23.253044128418 -21.2861328125 -19.8023433685303 -18.3233108520508 -16.7516345977783 -15.253812789917 -13.8010911941528 -12.4412603378296 -11.264630317688 -10.3288288116455 -9.82940101623535 -9.65620994567871 -9.93016719818115 -10.4888372421265 -11.5976696014404 -13.577112197876 -16.101110458374 -19.523401260376 -23.8771152496338 -29.0713520050049 -34.7774200439453 -40.3281059265137 -44.9163780212402 -47.9971542358398 -48.9383888244629 -47.3328018188477 -44.1493301391602 -39.7011222839355 -34.7054634094238 -29.7224369049072 -25.0566635131836 -21.1586570739746 -18.1243171691895 -15.8863716125488 -14.301233291626 -13.2187213897705 -12.653769493103 -12.5686769485474 -9999 -9999 -9999 -9999 -9999 -9999 -9999 -9999
-39.6358795166016 -36.276741027832 -32.6873054504395 -29.2042980194092 -25.9288520812988 -23.1030941009521 -20.802038192749 -18.720006942749 -16.8695335388184 -15.2681760787964 -14.0031490325928 -12.7560930252075 -11.6131553649902 -10.5763731002808 -9.64431953430176 -8.86687183380127 -8.27977657318115 -8.04164886474609 -8.06781959533691 -8.37421989440918 -9.01622009277344 -10.2960357666016 -12.0932636260986 -14.6030979156494 -17.9994525909424 -22.3928184509277 -27.7116413116455 -33.5937080383301 -39.298885345459 -44.1691131591797 -47.1743774414062 -47.9985580444336 -46.5515518188477 -43.1278266906738 -38.4739418029785 -33.3687744140625 -28.4191875457764 -23.9519786834717 -20.3703632354736 -17.6781997680664 -15.7103366851807 -14.3539781570435 -13.7066526412964 -13.6520147323608 -14.1686992645264 -9999 -9999 -9999 -9999 -14.8370637893677 -13.9927501678467 -9999 -9999
-36.0157432556152 -32.4144592285156 -28.6712303161621 -25.0337944030762 -21.7365550994873 -18.9400577545166 -16.7753219604492 -14.8587303161621 -13.2933702468872 -11.8583164215088 -10.690505027771 -9.73795604705811 -8.90246772766113 -8.17397403717041 -7.56845712661743 -7.0890793800354 -6.76416063308716 -6.70326280593872 -6.87550115585327 -7.2691216468811 -7.97192335128784 -9.1985387802124 -11.0106344223022 -13.4920511245728 -16.8843364715576 -21.3021850585938 -26.6731967926025 -32.5979385375977 -38.5002899169922 -43.3618087768555 -46.2068901062012 -46.8444862365723 -45.2889251708984 -41.5958557128906 -36.7052726745605 -31.5211963653564 -26.6242561340332 -22.393102645874 -19.0827045440674 -16.7086143493652 -15.0738286972046 -13.8651342391968 -13.8019971847534 -14.2313528060913 -15.2228860855103 -9999 -17.505298614502 -18.2522850036621 -18.5240726470947 -18.3726558685303 -17.7194137573242 -16.6905994415283 -16.1209354400635
-31.2094917297363 -27.7565860748291 -24.2188129425049 -20.8129940032959 -17.7454414367676 -15.2761707305908 -13.310474395752 -11.7377786636353 -10.4194030761719 -9.31204986572266 -8.36233711242676 -7.55763530731201 -6.95313882827759 -6.45190572738647 -6.08163166046143 -5.80338191986084 -5.67127704620361 -5.76778697967529 -6.05053615570068 -6.47479581832886 -7.20433616638184 -8.42905139923096 -10.2295303344727 -12.7452812194824 -16.126708984375 -20.5634727478027 -25.9037761688232 -31.7545700073242 -37.7154731750488 -42.5615043640137 -45.4994583129883 -45.8030700683594 -43.5928153991699 -39.5660591125488 -34.6045570373535 -29.374532699585 -24.5872077941895 -20.5651702880859 -17.4879016876221 -15.3713684082031 -13.9053325653076 -13.2603712081909 -13.3411426544189 -14.1697587966919 -15.5446853637695 -17.2412490844727 -18.8158493041992 -20.1323833465576 -21.1663570404053 -21.6048011779785 -21.4346256256104 -20.8598346710205 -20.5246696472168
-25.874792098999 -22.7802963256836 -19.7288875579834 -16.8023948669434 -14.185863494873 -12.0515050888062 -10.4579362869263 -9.2856616973877 -8.20528984069824 -7.37000226974487 -6.69609594345093 -6.03927326202393 -5.59921550750732 -5.2514820098877 -5.04465627670288 -4.9360294342041 -4.95817708969116 -5.12123203277588 -5.44119787216187 -5.86898803710938 -6.67333698272705 -7.93005609512329 -9.73353576660156 -12.248496055603 -15.702561378479 -20.1420669555664 -25.60378074646 -31.6406307220459 -37.5168075561523 -42.2913208007812 -44.8394584655762 -44.8612823486328 -42.1996078491211 -37.6830520629883 -32.4080352783203 -27.0969257354736 -22.4069976806641 -18.5869045257568 -15.7642612457275 -13.8234205245972 -12.6453590393066 -12.2339220046997 -12.4721593856812 -13.4730596542358 -15.0769491195679 -16.9779109954834 -18.9959716796875 -20.9465656280518 -22.6693744659424 -23.8766860961914 -24.4771423339844 -25.3282775878906 -9999
-20.6439151763916 -18.0537967681885 -15.6100158691406 -13.276141166687 -11.2169418334961 -9.45550632476807 -8.16886425018311 -7.35475921630859 -6.57878923416138 -5.95003175735474 -5.4725227355957 -5.04917907714844 -4.64876079559326 -4.44662714004517 -4.39985418319702 -4.39992618560791 -4.5143141746521 -4.70218515396118 -5.03542613983154 -5.54603576660156 -6.45526170730591 -7.76013946533203 -9.66196632385254 -12.305835723877 -15.8594102859497 -20.4734210968018 -26.0143280029297 -32.0766906738281 -37.8849487304688 -42.4941673278809 -44.6736335754395 -44.0891304016113 -40.8814430236816 -36.0169486999512 -30.3885440826416 -25.0222473144531 -20.3999633789062 -16.7336578369141 -14.1694250106812 -12.4152860641479 -11.3447523117065 -10.9820909500122 -11.3078098297119 -12.298415184021 -13.9034452438354 -15.7891187667847 -17.9698295593262 -20.3756217956543 -22.6734561920166 -24.6631412506104 -26.7780933380127 -28.2111396789551 -9999
-15.8304815292358 -13.8902502059937 -12.090048789978 -10.3352794647217 -8.81139659881592 -7.4673547744751 -6.44300842285156 -5.76496458053589 -5.34541320800781 -4.93001317977905 -4.58822774887085 -4.32919311523438 -4.09427356719971 -4.01676845550537 -4.06336355209351 -4.13467025756836 -4.26694536209106 -4.50844478607178 -4.86302852630615 -5.49498844146729 -6.51938819885254 -7.92786979675293 -9.92818260192871 -12.6980476379395 -16.4827461242676 -21.3275947570801 -27.1936874389648 -33.5451011657715 -39.5018577575684 -43.8691864013672 -45.6017951965332 -44.3312110900879 -40.4034042358398 -34.9334297180176 -28.8727684020996 -23.3556079864502 -18.6752510070801 -15.1359672546387 -12.6434812545776 -11.0006103515625 -10.0285511016846 -9.67386722564697 -9.96132659912109 -10.8090152740479 -12.174412727356 -13.9495010375977 -16.1010322570801 -18.5988616943359 -21.2204093933105 -23.8455104827881 -27.1046180725098 -29.4803562164307 -31.5363025665283
-11.9050340652466 -10.5139484405518 -9.20800590515137 -8.01426029205322 -6.91610336303711 -5.9464864730835 -5.19638538360596 -4.67153549194336 -4.35658836364746 -4.13345432281494 -3.9861581325531 -3.88910794258118 -3.81062579154968 -3.71741557121277 -3.77361726760864 -3.89748239517212 -4.16555738449097 -4.51361036300659 -4.9732518196106 -5.71215152740479 -6.76057434082031 -8.22799015045166 -10.3578310012817 -13.3635377883911 -17.3771839141846 -22.5341682434082 -28.6785774230957 -35.3180656433105 -41.3977432250977 -45.6137275695801 -46.9272689819336 -45.0018501281738 -40.3989601135254 -34.2940483093262 -27.9490203857422 -22.2608222961426 -17.565788269043 -13.9381847381592 -11.3981008529663 -9.81311225891113 -8.82233142852783 -8.46382713317871 -8.55926322937012 -9.23673057556152 -10.3393659591675 -11.8217449188232 -13.7346029281616 -16.0756378173828 -18.7228240966797 -22.3496322631836 -25.5723514556885 -28.9022350311279 -32.1886940002441
-8.90800285339355 -7.94231367111206 -7.03251695632935 -6.22631978988647 -5.48414611816406 -4.82211637496948 -4.29964923858643 -3.9426703453064 -3.69303441047668 -3.62613415718079 -3.61319446563721 -3.54681515693665 -3.5271155834198 -3.47774291038513 -3.59190702438354 -3.91258096694946 -4.31727123260498 -4.62735891342163 -5.17300653457642 -6.01260566711426 -7.18822574615479 -8.86234092712402 -11.0864820480347 -14.2939052581787 -18.5945911407471 -24.1096458435059 -30.6466579437256 -37.6164054870605 -43.8010787963867 -47.823902130127 -48.653392791748 -46.0144920349121 -40.6734504699707 -33.9195556640625 -27.105541229248 -21.1397552490234 -16.3869571685791 -12.8580741882324 -10.4161968231201 -8.84873390197754 -7.86458873748779 -7.35055351257324 -7.2473201751709 -7.74545335769653 -8.54308605194092 -9.70222187042236 -11.3024663925171 -13.323637008667 -15.9441375732422 -19.3708744049072 -22.831184387207 -26.6995792388916 -30.8406429290771
-6.71530055999756 -6.04918146133423 -5.42782592773438 -4.90975999832153 -4.43637132644653 -4.00742530822754 -3.64868903160095 -3.41952395439148 -3.26147222518921 -3.29951858520508 -3.28409457206726 -3.3222644329071 -3.3340151309967 -3.4144458770752 -3.75668883323669 -4.15817928314209 -4.4826512336731 -4.93948841094971 -5.70092153549194 -6.66617059707642 -7.97948932647705 -9.83076095581055 -12.2065210342407 -15.5901823043823 -20.1380977630615 -25.9392013549805 -32.8043632507324 -39.9923324584961 -46.2660598754883 -50.2153778076172 -50.5545310974121 -47.1888389587402 -41.0497627258301 -33.6568603515625 -26.3780689239502 -20.2264709472656 -15.4154453277588 -11.9263343811035 -9.49314785003662 -7.97446537017822 -6.99021291732788 -6.4713716506958 -6.23250865936279 -6.47667789459229 -7.01229524612427 -7.83859539031982 -9.10139560699463 -10.7620029449463 -13.4392557144165 -16.1610355377197 -19.48317527771 -23.4124698638916 -27.8529777526855
-9999 -4.72920608520508 -4.29642105102539 -3.94355416297913 -3.65670466423035 -3.40901160240173 -3.17237043380737 -3.06182789802551 -3.00105690956116 -2.99767756462097 -3.09545636177063 -3.16553092002869 -3.37036156654358 -3.63383007049561 -4.09027814865112 -4.48698472976685 -4.9314341545105 -5.60522365570068 -6.4241738319397 -7.60808658599854 -9.15072822570801 -11.250657081604 -13.9842891693115 -17.5019092559814 -22.3642845153809 -28.5063285827637 -35.6651306152344 -43.0019721984863 -49.2321166992188 -52.6483726501465 -52.3248291015625 -48.1308479309082 -41.2117118835449 -33.2993011474609 -25.6889533996582 -19.3679351806641 -14.5600214004517 -11.1299533843994 -8.75927448272705 -7.29967069625854 -6.28623962402344 -5.68389892578125 -5.42802810668945 -5.46551275253296 -5.75902223587036 -6.32705736160278 -7.2823224067688 -8.81009387969971 -10.8318862915039 -13.145076751709 -16.0721759796143 -19.6651649475098 -23.5503959655762
-9999 -9999 -9999 -3.26916909217834 -3.0969066619873 -2.95894002914429 -2.85975766181946 -2.82287311553955 -2.79714632034302 -2.78421115875244 -2.92554831504822 -3.2033839225769 -3.57545924186707 -3.93453931808472 -4.46102714538574 -4.99908828735352 -5.70218372344971 -6.57796907424927 -7.65591430664062 -8.97374629974365 -10.7885313034058 -13.0890617370605 -16.0105590820312 -19.8838500976562 -24.7347946166992 -31.0238838195801 -38.2807807922363 -45.5283126831055 -51.5736656188965 -54.6585464477539 -53.7573165893555 -48.906852722168 -41.3678092956543 -32.9101867675781 -25.0336856842041 -18.5893039703369 -13.7807750701904 -10.3533773422241 -8.03505325317383 -6.54177665710449 -5.6616849899292 -5.02247047424316 -4.72329235076904 -4.78080701828003 -4.80317497253418 -5.17047834396362 -5.99175071716309 -7.27925586700439 -8.68053817749023 -10.5436754226685 -12.9546766281128 -15.8843755722046 -19.3116149902344
-9999 -9999 -9999 -9999 -9999 -2.67197513580322 -2.66503262519836 -2.63769888877869 -2.60389471054077 -2.71743440628052 -2.96075248718262 -3.35592436790466 -3.79690480232239 -4.3615665435791 -5.02799606323242 -5.79693603515625 -6.80223941802979 -7.97390270233154 -9.31298542022705 -10.8629541397095 -12.7839317321777 -15.2988033294678 -18.2903499603271 -22.1617774963379 -26.9116802215576 -33.017894744873 -39.9683227539062 -46.8151512145996 -52.4194450378418 -55.0153732299805 -53.5856628417969 -48.3077354431152 -40.5001525878906 -31.9445610046387 -24.0980796813965 -17.7266464233398 -12.970326423645 -9.64833927154541 -7.42236709594727 -5.94898176193237 -5.10547876358032 -4.54879808425903 -4.17098236083984 -4.22325468063354 -4.16330003738403 -4.36805009841919 -4.93340253829956 -5.90288734436035 -6.97451448440552 -8.415283203125 -10.2979497909546 -12.4257202148438 -15.2941999435425
-9999 -9999 -9999 -9999 -9999 -9999 -2.48867058753967 -2.43300819396973 -2.53373003005981 -2.73030161857605 -3.10818600654602 -3.57071185112 -4.22898960113525 -4.87343692779541 -5.76654005050659 -6.89376544952393 -8.23898601531982 -9.74069499969482 -11.3839254379272 -13.1657934188843 -15.1490201950073 -17.6930084228516 -20.6032848358154 -24.1968669891357 -28.7168846130371 -33.9895706176758 -40.1023979187012 -9999 -50.999885559082 -52.9258651733398 -51.1037979125977 -45.7549324035645 -38.1570358276367 -29.9722366333008 -22.5369834899902 -16.5349941253662 -12.0686635971069 -8.91792678833008 -6.79762315750122 -5.4273738861084 -4.59352397918701 -4.07633876800537 -3.72139072418213 -3.70971012115479 -3.62260365486145 -3.67521619796753 -4.2685489654541 -4.84485387802124 -5.65090751647949 -6.73271894454956 -8.02314853668213 -9.70264148712158 -11.8251190185547
-9999 -9999 -9999 -9999 -9999 -9999 -9999 -2.32941937446594 -2.52094268798828 -2.78277683258057 -9999 -3.81105780601501 -4.58237409591675 -5.47719526290894 -6.66624021530151 -8.1802978515625 -9.90936374664307 -11.7890682220459 -13.7391080856323 -15.7037744522095 -17.7030258178711 -19.8268775939941 -22.5905628204346 -25.5898189544678 -29.2983951568604 -9999 -9999 -9999 -47.0322608947754 -48.2293167114258 -46.209529876709 -41.1986999511719 -34.3095016479492 -26.9752254486084 -20.3369045257568 -14.9767618179321 -10.9745006561279 -8.13569355010986 -6.18923950195312 -4.89944076538086 -4.12170886993408 -3.67797183990479 -3.40647149085999 -3.2993586063385 -3.2875702381134 -3.15478587150574 -9999 -4.04119110107422 -4.6342625617981 -5.42159700393677 -6.25886487960815 -7.53142070770264 -9.03152751922607
-9999 -9999 -9999 -9999 -9999 -9999 -9999 -9999 -9999 -9999 -9999 -9999 -4.96854734420776 -6.06120824813843 -7.61887550354004 -9.50109577178955 -11.6240453720093 -13.8638162612915 -16.0652103424072 -18.1026954650879 -19.9517669677734 -21.6823120117188 -23.8055019378662 -25.9439640045166 -9999 -9999 -9999 -9999 -40.9500274658203 -41.4741859436035 -39.4719085693359 -35.1392402648926 -29.3421840667725 -23.2133560180664 -17.6545677185059 -13.1350975036621 -9.7289342880249 -7.2843337059021 -5.58661365509033 -4.4340353012085 -3.67981863021851 -3.29764485359192 -9999 -9999 -9999 -9999 -9999 -9999 -9999 -4.26891374588013 -4.98134660720825 -5.86862134933472 -6.89085483551025
-9999 -9999 -9999 -9999 -9999 -9999 -9999 -9999 -9999 -9999 -9999 -9999 -9999 -6.60512065887451 -8.43123817443848 -10.6269235610962 -13.0692081451416 -15.568323135376 -17.8838310241699 -19.8385848999023 -21.3596496582031 -22.5290203094482 -23.7953948974609 -25.0161113739014 -9999 -9999 -9999 -9999 -9999 -9999 -9999 -28.4450054168701 -23.9178009033203 -19.1356830596924 -14.7670440673828 -11.1682052612305 -8.41088104248047 -6.40136909484863 -4.98057794570923 -3.99887466430664 -9999 -9999 -9999 -9999 -9999 -9999 -9999 -9999 -9999 -9999 -9999 -9999 -9999
-9999 -9999 -9999 -9999 -9999 -9999 -9999 -9999 -9999 -9999 -9999 -9999 -9999 -9999 -9999 -11.2977418899536 -13.894021987915 -16.4676342010498 -18.7117290496826 -20.4113445281982 -21.4832344055176 -22.032018661499 -22.2800769805908 -9999 -9999 -9999 -9999 -9999 -9999 -9999 -9999 -9999 -9999 -9999 -9999 -9.2512788772583 -7.12327337265015 -5.53832340240479 -9999 -9999 -9999 -9999 -9999 -9999 -9999 -9999 -9999 -9999 -9999 -9999 -9999 -9999 -9999
-9999 -9999 -9999 -9999 -9999 -9999 -9999 -9999 -9999 -9999 -9999 -9999 -9999 -9999 -9999 -9999 -9999 -9999 -18.260763168335 -19.5843372344971 -9999 -9999 -9999 -9999 -9999 -9999 -9999 -9999 -9999 -9999 -9999 -9999 -9999 -9999 -9999 -9999 -9999 -9999 -9999 -9999 -9999 -9999 -9999 -9999 -9999 -9999 -9999 -9999 -9999 -9999 -9999 -9999 -9999
-9999 -9999 -9999 -9999 -9999 -9999 -9999 -9999 -9999 -9999 -9999 -9999 -9999 -9999 -9999 -9999 -9999 -9999 -9999 -9999 -9999 -9999 -9999 -9999 -9999 -9999 -9999 -9999 -9999 -9999 -9999 -9999 -9999 -9999 -9999 -9999 -9999 -9999 -9999 -9999 -9999 -9999 -9999 -9999 -9999 -9999 -9999 -9999 -9999 -9999 -9999 -9999 -9999
-9999 -9999 -9999 -9999 -9999 -9999 -9999 -9999 -9999 -9999 -9999 -9999 -9999 -9999 -9999 -9999 -9999 -9999 -9999 -9999 -9999 -9999 -9999 -9999 -9999 -9999 -9999 -9999 -9999 -9999 -9999 -9999 -9999 -9999 -9999 -9999 -9999 -9999 -9999 -9999 -9999 -9999 -9999 -9999 -9999 -9999 -9999 -9999 -9999 -9999 -9999 -9999 -9999
