indici/fabbisogno12.asc
NCOLS 177 
NROWS 174 
XLLCORNER 1436301.375 
YLLCORNER 4916704.5 
CELLSIZE 1500 
NODATA_value -9999 
[rows 23 to 45 of 174, columns 53 to 105 of 177]
-9999 -9999 -50.8260078430176 -53.9690475463867 -57.4441261291504 -60.8214721679688 -63.3065795898438 -64.0133056640625 -62.3575592041016 -58.1649017333984 -52.1723670959473 -45.1600227355957 -38.0304298400879 -32.00439453125 -9999 -9999 -9999 -9999 -9999 -9999 -9999 -9999 -9999 -9999 -9999 -9999 -9999 -9999 -9999 -9999 -9999 -9999 -9999 -9999 -9999 -9999 -9999 -9999 -9999 -9999 -9999 -9999 -9999 -9999 -20.685676574707 -21.661563873291 -23.4345970153809 -26.1533946990967 -29.8308734893799 -34.5794486999512 -39.7250289916992 -45.6494598388672 -51.8074531555176
-9999 -9999 -9999 -59.5971336364746 -63.3676223754883 -66.9167404174805 -69.4201507568359 -70.1627960205078 -68.3083038330078 -63.8917427062988 -57.668270111084 -50.3463287353516 -42.8701515197754 -36.230842590332 -9999 -9999 -9999 -9999 -9999 -9999 -9999 -9999 -9999 -9999 -9999 -9999 -9999 -9999 -9999 -9999 -9999 -9999 -9999 -9999 -9999 -9999 -9999 -9999 -9999 -9999 -9999 -9999 -9999 -9999 -9999 -9999 -9999 -9999 -9999 -33.832836151123 -38.8058204650879 -44.4157447814941 -50.3839340209961
-9999 -9999 -9999 -9999 -68.8689346313477 -72.7007598876953 -75.4496154785156 -76.1705322265625 -74.2509078979492 -69.6857604980469 -63.2756042480469 -55.8007392883301 -47.9105262756348 -40.7613792419434 -9999 -9999 -9999 -9999 -9999 -9999 -9999 -9999 -9999 -9999 -9999 -9999 -9999 -9999 -9999 -9999 -9999 -9999 -9999 -9999 -9999 -9999 -9999 -9999 -9999 -9999 -9999 -9999 -9999 -9999 -9999 -9999 -9999 -9999 -9999 -33.3539886474609 -38.0487174987793 -43.4318313598633 -48.8624801635742
-9999 -9999 -9999 -9999 -72.9754104614258 -77.5901412963867 -80.6936798095703 -81.5165252685547 -79.5560073852539 -74.7688980102539 -68.3642959594727 -60.8579864501953 -52.804931640625 -45.6123390197754 -9999 -9999 -9999 -9999 -9999 -9999 -9999 -9999 -9999 -9999 -9999 -9999 -9999 -9999 -9999 -9999 -9999 -9999 -9999 -9999 -9999 -9999 -9999 -9999 -9999 -9999 -9999 -9999 -9999 -9999 -9999 -9999 -9999 -27.5628433227539 -29.879280090332 -33.0494613647461 -37.2580261230469 -42.1769943237305 -47.5985488891602
-9999 -9999 -9999 -9999 -75.8113403320312 -80.7378082275391 -84.1182556152344 -85.0739059448242 -83.1909866333008 -78.7121124267578 -72.5990371704102 -65.3273696899414 -57.5863380432129 -50.3146476745605 -44.1729316711426 -9999 -9999 -9999 -9999 -9999 -9999 -9999 -9999 -9999 -9999 -9999 -9999 -9999 -9999 -9999 -9999 -9999 -9999 -9999 -57.2452049255371 -54.3446311950684 -50.7082252502441 -46.6425743103027 -42.4799728393555 -38.6250877380371 -9999 -9999 -9999 -9999 -9999 -9999 -9999 -28.0451717376709 -30.1832218170166 -33.4352607727051 -37.392936706543 -41.9051742553711 -47.1803245544434
-9999 -9999 -9999 -9999 -76.140007019043 -81.748908996582 -85.8035659790039 -87.1981887817383 -85.6574249267578 -81.9064712524414 -76.1955184936523 -68.8792877197266 -61.1971855163574 -54.3474884033203 -48.6849250793457 -44.221263885498 -9999 -9999 -9999 -9999 -9999 -9999 -9999 -9999 -9999 -9999 -9999 -9999 -9999 -9999 -9999 -9999 -71.5167541503906 -70.9813766479492 -68.5019454956055 -64.5671615600586 -59.7865715026855 -54.6637573242188 -49.4336051940918 -44.201416015625 -39.5090866088867 -9999 -9999 -9999 -9999 -9999 -27.6704578399658 -28.8583698272705 -30.9563808441162 -33.9060707092285 -37.8357353210449 -42.358211517334 -47.5516242980957
-9999 -9999 -9999 -9999 -9999 -80.0848007202148 -84.7220306396484 -86.5693740844727 -85.822135925293 -82.6868667602539 -77.5810623168945 -71.3141860961914 -64.2578735351562 -58.2521362304688 -53.3152198791504 -49.193733215332 -46.0993499755859 -9999 -9999 -9999 -9999 -9999 -9999 -9999 -9999 -9999 -9999 -57.0868797302246 -63.3529014587402 -70.7466812133789 -77.9132385253906 -83.141357421875 -85.392448425293 -84.705436706543 -81.4795608520508 -76.3619003295898 -70.1530303955078 -63.7159729003906 -57.3049049377441 -50.9824028015137 -44.8735084533691 -9999 -9999 -9999 -9999 -9999 -28.8137397766113 -29.6921653747559 -31.9162769317627 -35.1027908325195 -39.2921829223633 -43.8995666503906 -48.819408416748
-9999 -9999 -9999 -9999 -9999 -77.2790603637695 -81.7518768310547 -84.2417221069336 -84.378059387207 -81.8934860229492 -77.8708190917969 -72.5404357910156 -66.6413726806641 -61.3398666381836 -57.238842010498 -53.5696678161621 -50.6937866210938 -9999 -9999 -9999 -9999 -9999 -9999 -9999 -9999 -9999 -56.6472358703613 -63.3298225402832 -71.1740875244141 -80.7536468505859 -89.5511474609375 -96.3500900268555 -99.3283157348633 -98.5353393554688 -94.5370330810547 -88.4205551147461 -81.0057373046875 -73.3777313232422 -65.7336578369141 -58.0502700805664 -50.569709777832 -9999 -9999 -9999 -9999 -9999 -30.2414150238037 -31.2379512786865 -33.5842399597168 -37.0575141906738 -41.3118743896484 -45.9698486328125 -50.7274169921875
-9999 -9999 -9999 -9999 -67.6741027832031 -73.715576171875 -78.5255813598633 -81.6725082397461 -82.2166061401367 -80.6439819335938 -77.5410079956055 -73.0700988769531 -68.2526931762695 -63.7284393310547 -60.2047157287598 -57.1836280822754 -54.7596054077148 -52.585090637207 -9999 -9999 -9999 -9999 -9999 -9999 -9999 -9999 -60.8380470275879 -68.421875 -77.5244750976562 -88.7800598144531 -98.9919967651367 -106.897232055664 -110.75952911377 -110.269050598145 -106.081085205078 -99.3540267944336 -91.2239608764648 -82.4850311279297 -73.6525650024414 -64.8914642333984 -56.1486015319824 -48.1341705322266 -9999 -9999 -9999 -9999 -9999 -32.9890174865723 -35.5969200134277 -39.2795066833496 -43.7341117858887 -48.5961723327637 -53.341121673584
-9999 -9999 -9999 -9999 -63.5256805419922 -69.7341156005859 -75.0058898925781 -78.3169937133789 -79.4931869506836 -78.4648513793945 -76.1457595825195 -72.5855484008789 -68.833251953125 -65.5192413330078 -62.5612716674805 -60.1321601867676 -58.0452537536621 -56.3423614501953 -54.8986778259277 -53.5261917114258 -9999 -9999 -9999 -9999 -9999 -9999 -63.7670135498047 -71.8482055664062 -81.7815170288086 -93.3830184936523 -104.525238037109 -113.017646789551 -117.807991027832 -117.884407043457 -114.127899169922 -107.583404541016 -99.249267578125 -90.0295639038086 -80.3535690307617 -70.5920181274414 -60.9567184448242 -52.0013732910156 -9999 -9999 -9999 -9999 -9999 -35.1371612548828 -38.0111770629883 -41.8622932434082 -46.5050430297852 -51.4692153930664 -56.271053314209
-9999 -9999 -9999 -54.9779586791992 -61.1307640075684 -66.922477722168 -72.1872100830078 -75.7530136108398 -77.1027221679688 -76.7314453125 -74.640007019043 -72.1083908081055 -69.4705276489258 -66.4964447021484 -64.2725372314453 -62.1154022216797 -60.5226020812988 -59.3006782531738 -58.3431015014648 -57.2398681640625 -56.1976737976074 -55.2506103515625 -55.038890838623 -55.5966377258301 -57.2467193603516 -60.5551681518555 -65.8863143920898 -73.5460586547852 -83.4937591552734 -94.7596435546875 -105.698684692383 -114.266372680664 -119.66722869873 -120.77131652832 -117.958183288574 -112.030250549316 -104.144172668457 -94.9858169555664 -84.937858581543 -74.4622650146484 -64.4079208374023 -55.0196838378906 -9999 -9999 -9999 -9999 -9999 -9999 -40.8465423583984 -44.9761924743652 -49.8123550415039 -54.7540740966797 -59.4102439880371
-9999 -9999 -9999 -53.5951995849609 -59.7233352661133 -65.4650650024414 -70.3965225219727 -73.7296676635742 -75.4241790771484 -75.0614395141602 -73.7226409912109 -71.8666839599609 -69.7477493286133 -67.5710983276367 -65.5043258666992 -63.8088111877441 -62.5101699829102 -61.6622848510742 -60.9730758666992 -60.4564781188965 -59.6075439453125 -58.6291122436523 -57.9478874206543 -58.3611145019531 -59.1949081420898 -62.1373519897461 -67.3869323730469 -74.228759765625 -83.4218368530273 -93.8077392578125 -103.620384216309 -111.854103088379 -117.622917175293 -119.3974609375 -117.651062011719 -112.796028137207 -105.682609558105 -96.7667617797852 -86.7985000610352 -76.3457641601562 -66.4126739501953 -56.9455451965332 -48.6956443786621 -42.8811454772949 -9999 -9999 -9999 -9999 -9999 -48.4222869873047 -53.3570823669434 -58.3320388793945 -62.903980255127
-9999 -9999 -48.0014305114746 -53.9703063964844 -60.2001304626465 -65.9040832519531 -70.8508758544922 -74.0624160766602 -75.3987884521484 -75.1371536254883 -73.8161010742188 -72.0415191650391 -70.5768661499023 -68.5900955200195 -66.6614456176758 -65.3484802246094 -64.3598098754883 -63.6366844177246 -63.0719795227051 -62.576530456543 -62.1436958312988 -61.2948036193848 -60.5741539001465 -60.6355590820312 -61.4649810791016 -63.1882858276367 -67.4149932861328 -73.9954147338867 -82.1292877197266 -91.369140625 -100.61368560791 -108.200088500977 -113.69758605957 -115.984153747559 -114.803749084473 -110.859260559082 -104.389625549316 -96.0565948486328 -86.4506225585938 -76.6213073730469 -66.9965667724609 -57.7488288879395 -50.0072975158691 -44.7696952819824 -41.3301544189453 -9999 -9999 -9999 -9999 -9999 -57.1090126037598 -62.2102012634277 -66.5637969970703
-9999 -9999 -49.625171661377 -55.6490440368652 -61.8834686279297 -67.5778961181641 -72.3699798583984 -75.6259307861328 -77.1819839477539 -77.2765502929688 -75.7400894165039 -73.7567977905273 -71.3466033935547 -69.5067749023438 -67.9590606689453 -66.6590270996094 -65.9715118408203 -65.3742370605469 -64.949592590332 -64.2306976318359 -63.8990364074707 -63.4035377502441 -62.7442855834961 -62.3162078857422 -62.7306709289551 -64.1684265136719 -67.4566268920898 -73.3725814819336 -80.786735534668 -89.0270309448242 -97.5433502197266 -104.50951385498 -109.228942871094 -111.752250671387 -111.097099304199 -107.673973083496 -101.630401611328 -93.4130020141602 -84.953971862793 -75.7700958251953 -66.7832565307617 -57.9355964660645 -51.1861534118652 -46.135066986084 -43.4975051879883 -9999 -9999 -9999 -9999 -55.546802520752 -60.6719818115234 -65.7692413330078 -70.0400772094727
-9999 -9999 -52.7516174316406 -58.9848709106445 -65.3245697021484 -70.8966827392578 -75.4321823120117 -78.501220703125 -79.7833404541016 -79.6573791503906 -78.2738265991211 -75.792366027832 -73.6298980712891 -70.9707183837891 -69.0984878540039 -67.7143478393555 -66.9388198852539 -66.4012451171875 -65.988395690918 -65.5974578857422 -65.504753112793 -65.3332061767578 -64.8281173706055 -64.1670608520508 -64.2843170166016 -65.0496139526367 -67.6281051635742 -72.5557174682617 -79.4669189453125 -86.9613418579102 -94.3329010009766 -100.756759643555 -105.186737060547 -107.399795532227 -107.070190429688 -103.786483764648 -97.7830276489258 -90.8896560668945 -82.8257598876953 -74.1692886352539 -65.6308212280273 -57.9072723388672 -51.9889488220215 -47.7425689697266 -45.6815948486328 -9999 -9999 -9999 -55.8069000244141 -59.9925956726074 -64.6451187133789 -69.049674987793 -72.914680480957
-9999 -51.3845176696777 -57.3971977233887 -63.9053115844727 -70.3387603759766 -75.8942794799805 -80.2630081176758 -82.844482421875 -83.5981750488281 -83.0889129638672 -81.6083602905273 -79.3162231445312 -76.2150421142578 -73.600471496582 -71.2410202026367 -69.4450836181641 -68.4703521728516 -67.5829238891602 -66.8756866455078 -66.6442260742188 -66.6282196044922 -66.5624008178711 -66.1809387207031 -65.7541046142578 -65.3784484863281 -66.0254364013672 -68.1973266601562 -72.0495223999023 -77.1637954711914 -84.1937789916992 -91.0242919921875 -97.1814117431641 -101.586860656738 -103.2958984375 -102.703453063965 -99.7507934570312 -94.5033798217773 -87.8300857543945 -79.9374008178711 -71.855598449707 -64.5015029907227 -57.618782043457 -52.9410400390625 -49.705509185791 -48.7695770263672 -50.2929573059082 -53.1061592102051 -56.4124450683594 -60.1640739440918 -64.1955413818359 -68.5262298583984 -73.2592239379883 -77.4537506103516
-51.534538269043 -57.1762199401855 -63.5277976989746 -70.2556991577148 -76.5749664306641 -82.0444946289062 -85.8544692993164 -87.8456954956055 -88.0770111083984 -86.9652252197266 -84.9060974121094 -82.3528747558594 -79.4738235473633 -76.0390701293945 -73.2067947387695 -71.3078155517578 -69.9120254516602 -68.9720687866211 -68.1465759277344 -67.958869934082 -67.8417663574219 -67.7058792114258 -67.3982696533203 -66.8489685058594 -66.49560546875 -66.8387069702148 -68.6086349487305 -72.2514419555664 -77.0433959960938 -82.1976470947266 -87.8522644042969 -93.3718109130859 -97.6877822875977 -99.6459197998047 -99.2448043823242 -96.0704803466797 -90.6668167114258 -83.9619216918945 -77.0281295776367 -69.9892959594727 -62.9404373168945 -57.9498825073242 -54.192211151123 -52.1653900146484 -52.5934829711914 -54.6788101196289 -57.4152450561523 -60.7830963134766 -64.5031814575195 -68.283317565918 -72.230598449707 -75.9308242797852 -80.3025131225586
-57.9531860351562 -63.8535003662109 -70.4399032592773 -76.9828186035156 -83.0745086669922 -88.1229934692383 -91.423225402832 -92.5951919555664 -92.0190963745117 -90.3076629638672 -87.8045196533203 -84.9447402954102 -81.9694442749023 -78.3418197631836 -75.5952682495117 -73.1391754150391 -71.4679870605469 -70.3455276489258 -69.259521484375 -68.8396759033203 -68.6399841308594 -68.5285034179688 -68.2763748168945 -67.8617477416992 -67.6464462280273 -67.7042922973633 -69.3339004516602 -72.4500503540039 -77.2974319458008 -81.8249816894531 -86.7758102416992 -91.2959976196289 -94.7487335205078 -96.182487487793 -95.3976821899414 -92.0810699462891 -86.9313049316406 -80.9124069213867 -74.4062728881836 -67.7249374389648 -62.3568496704102 -58.5724754333496 -56.0286026000977 -55.4453277587891 -56.7035102844238 -58.780200958252 -61.6983985900879 -65.1442031860352 -68.7110366821289 -72.2011566162109 -75.4948272705078 -78.8483581542969 -82.0775756835938
-64.8813934326172 -70.9013595581055 -77.3239974975586 -83.1769409179688 -88.7559967041016 -93.0787658691406 -95.6452026367188 -96.1827545166016 -94.949836730957 -92.7187652587891 -89.8871536254883 -86.8824996948242 -83.853874206543 -80.212272644043 -77.7477188110352 -74.8464736938477 -72.6853713989258 -71.1653671264648 -70.3599853515625 -69.6032333374023 -69.1606597900391 -68.9469299316406 -68.9288635253906 -68.8327331542969 -68.7645950317383 -69.1538314819336 -70.4734573364258 -73.0610656738281 -77.5188064575195 -81.6509017944336 -85.9440841674805 -90.0858154296875 -93.1757354736328 -94.3752670288086 -92.9958648681641 -89.4308395385742 -84.0963897705078 -77.9212646484375 -71.7408676147461 -66.4361877441406 -62.498477935791 -59.6661682128906 -58.3538551330566 -58.8720207214355 -60.4895896911621 -62.9717903137207 -66.0894775390625 -69.4869003295898 -72.8393249511719 -75.7622909545898 -78.4939270019531 -81.5012741088867 -83.8668594360352
-71.9266586303711 -77.5155181884766 -83.3915786743164 -88.7046661376953 -93.1735153198242 -96.4506301879883 -98.1912307739258 -97.9357528686523 -96.396125793457 -93.9658508300781 -91.0245132446289 -88.0115966796875 -85.1610870361328 -81.8148880004883 -79.1930847167969 -76.655891418457 -74.1003341674805 -72.1347427368164 -71.24755859375 -70.3730163574219 -69.7507400512695 -69.5638809204102 -69.5871276855469 -69.8056335449219 -70.10791015625 -70.7390060424805 -72.0962677001953 -74.2332382202148 -78.0105667114258 -81.8186874389648 -85.3967971801758 -88.7783737182617 -91.5397109985352 -92.2034912109375 -90.4354476928711 -86.5010681152344 -81.4731063842773 -75.4864654541016 -70.2824401855469 -65.8435897827148 -62.588794708252 -61.1225852966309 -60.9964027404785 -62.4332046508789 -64.3198623657227 -66.9070053100586 -70.0674438476562 -73.3552017211914 -76.5296783447266 -79.1035690307617 -81.2996520996094 -83.5024871826172 -85.1164321899414
-78.5137023925781 -83.6738891601562 -88.4826202392578 -92.5900039672852 -95.5525054931641 -97.6011428833008 -98.3621139526367 -97.7906265258789 -96.0901870727539 -93.6806335449219 -91.1222381591797 -88.6102523803711 -85.5515975952148 -82.8199005126953 -80.1980819702148 -77.7608108520508 -75.5652770996094 -73.4695816040039 -71.8596343994141 -71.0665054321289 -70.4623336791992 -70.2601852416992 -70.4753952026367 -71.0349578857422 -71.720947265625 -72.6352920532227 -74.1532363891602 -76.031379699707 -79.4994888305664 -82.6074447631836 -85.7063217163086 -88.6450500488281 -90.5160217285156 -90.6546630859375 -88.5351943969727 -84.5321350097656 -79.5060424804688 -74.2424621582031 -69.7767639160156 -66.3389663696289 -64.0347747802734 -63.4790496826172 -64.0527267456055 -66.1292572021484 -68.6617584228516 -71.4736251831055 -74.28662109375 -76.9555511474609 -79.4341659545898 -81.6113891601562 -83.4921188354492 -85.036750793457 -86.2039413452148
-84.4039306640625 -88.5724487304688 -92.1558380126953 -94.592643737793 -96.1521301269531 -96.8169555664062 -96.7779998779297 -95.9782867431641 -94.4758987426758 -92.4133529663086 -90.3538208007812 -88.0951843261719 -85.0996322631836 -83.17822265625 -81.0119323730469 -78.7758178710938 -76.885383605957 -74.7860717773438 -73.1356048583984 -72.3135757446289 -71.6447830200195 -71.443977355957 -71.8189544677734 -72.7220306396484 -73.8192138671875 -74.8919982910156 -76.4435882568359 -78.5802459716797 -81.6734466552734 -84.5473251342773 -87.1618957519531 -89.3619079589844 -90.6879196166992 -90.0809783935547 -87.7297286987305 -83.7076644897461 -78.8760452270508 -74.0353240966797 -70.2273483276367 -67.5030288696289 -66.337516784668 -66.3156051635742 -67.629753112793 -70.2965316772461 -73.142707824707 -76.1869125366211 -78.9644393920898 -81.1918411254883 -82.8677978515625 -84.1222839355469 -85.3044509887695 -86.5149765014648 -87.5452194213867
-88.1122665405273 -91.6967239379883 -94.0368423461914 -94.9036331176758 -95.2775039672852 -94.9550933837891 -94.3465576171875 -93.3515548706055 -92.0375595092773 -90.607551574707 -89.0259552001953 -87.1421356201172 -84.9272003173828 -83.2734909057617 -81.6149291992188 -79.747688293457 -77.7913665771484 -75.9888916015625 -74.4986267089844 -73.7222900390625 -73.2410125732422 -73.3846435546875 -74.2445526123047 -75.4010772705078 -76.4859771728516 -77.5621719360352 -79.1608123779297 -81.6599731445312 -83.7815093994141 -87.0408935546875 -89.4347076416016 -91.3148040771484 -92.1404266357422 -91.2547912597656 -88.753303527832 -84.7333679199219 -79.6312408447266 -75.1570434570312 -72.0123901367188 -69.8989105224609 -69.3222732543945 -69.9924926757812 -71.7708206176758 -74.6616744995117 -77.7952270507812 -80.7842254638672 -83.2707672119141 -85.3424453735352 -86.2845077514648 -86.8709869384766 -87.2810897827148 -88.0871200561523 -88.8475723266602
