indici/fabbisogno05.asc
NCOLS 177 
NROWS 174 
XLLCORNER 1436301.375 
YLLCORNER 4916704.5 
CELLSIZE 1500 
NODATA_value -9999 
[rows 48 to 71 of 174, columns 53 to 105 of 177]
-81.0401565551758 -84.0771636962891 -75.1034973144531 -72.0455322265625 -71.5217620849609 -72.2985961914063 -74.795915222168 -77.0867736816406 -83.6558441162109 -84.0272155761719 -94.0083648681641 -96.8070190429688 -96.2246551513672 -97.6141525268555 -104.317678833008 -105.19690246582 -111.859550476074 -111.418293762207 -110.029187011719 -115.855627441406 -112.781098937988 -116.142115783691 -119.674951171875 -118.834574127197 -109.56236114502 -111.977995300293 -104.608215332031 -108.769150543213 -106.842469787598 -103.154669189453 -106.448918151855 -108.671835327148 -107.578620910645 -112.175876617432 -117.190851593018 -119.810982513428 -123.711064147949 -120.44129486084 -128.634003448486 -129.009781646729 -128.95668182373 -125.742385101318 -126.259273529053 -125.099268341064 -124.18365020752 -123.193475341797 -119.343635559082 -117.432775115967 -110.484532165527 -109.539976501465 -103.409685516357 -97.2121406555176 -91.9803527832031
-79.6756286621094 -81.4897476196289 -73.0925750732422 -70.1348037719727 -69.2339920043945 -69.9057205200195 -72.2405410766602 -73.6598358154297 -76.942903137207 -80.2143936157227 -87.7520355224609 -93.4229644775391 -101.144215393066 -108.068217468262 -111.289985656738 -119.680816650391 -124.737895202637 -122.651907348633 -124.924430847168 -130.303114318848 -131.675596618652 -130.857702636719 -133.255735778809 -131.906163024902 -129.125462341309 -126.064443206787 -123.234420013428 -119.7254737854 -118.402969360352 -117.301293945312 -120.353314208984 -122.120040893555 -120.233717346191 -125.473006439209 -128.633237457275 -130.939722442627 -133.540998840332 -131.914877319336 -135.482448577881 -135.450514984131 -133.80199432373 -132.835784912109 -131.748919677734 -130.398439025879 -129.465957641602 -127.228702545166 -122.83178024292 -117.33334197998 -115.766933441162 -109.679051208496 -104.636448669434 -97.9953048706055 -92.9039794921875
-78.9323852539063 -75.3206283569336 -69.8661895751953 -68.7776565551758 -67.1347640991211 -67.6201873779297 -70.0838165283203 -73.0070083618164 -75.7235443115234 -78.671760559082 -84.2751281738281 -91.6666397094727 -102.172903442383 -107.710813903809 -121.124543762207 -131.87718963623 -140.433953857422 -141.121850585937 -142.225857543945 -147.348483276367 -151.943043518066 -144.708113098145 -149.160182189941 -146.697457885742 -143.712099456787 -139.477151489258 -135.933126068115 -132.141967773438 -130.378963470459 -131.169396972656 -132.912981414795 -135.180683898926 -135.162213897705 -138.765293121338 -142.087308502197 -141.50775604248 -142.015466308594 -141.019606781006 -140.104693603516 -138.833145141602 -136.069201660156 -135.313088989258 -134.269898223877 -126.160749816895 -131.305805206299 -129.503282928467 -125.066164398193 -122.209780883789 -117.821055603027 -111.845630645752 -104.935034179688 -97.3496871948242 -90.3716552734375
-70.6587951660156 -68.5775970458984 -67.1221176147461 -65.8715240478516 -65.6653167724609 -66.2854873657227 -68.4053863525391 -72.5319183349609 -81.2123733520508 -81.6768737792969 -84.8743560791016 -91.8225082397461 -100.81867980957 -112.743965148926 -127.91283416748 -142.876434326172 -154.101141357422 -161.198461914063 -160.38854675293 -169.163851928711 -167.324913024902 -166.293166351318 -163.38448638916 -157.081607055664 -152.396670532227 -150.603839874268 -142.971467590332 -142.710139465332 -139.783685302734 -141.053776550293 -144.407479858398 -147.036590576172 -149.409031677246 -150.467691802979 -149.742261505127 -150.833203887939 -148.519917297363 -145.456314849854 -136.636148071289 -137.627282714844 -137.513848876953 -135.184543609619 -123.541651916504 -126.774476623535 -132.297375488281 -127.699336242676 -125.816896820068 -122.808233642578 -113.333975219727 -111.203091430664 -104.875592041016 -98.1249153137207 -92.1273063659668
-66.9971878051758 -65.6805709838867 -64.6491897583008 -64.2308166503906 -64.5053451538086 -66.2004135131836 -67.702522277832 -70.8491607666016 -74.9292205810547 -79.601481628418 -87.8803359985352 -97.6692047119141 -108.441465759277 -126.520333862305 -137.061183166504 -154.680302429199 -170.187097167969 -174.653280639648 -182.112394714355 -180.628950500488 -185.074882507324 -179.484999084473 -174.023574829102 -164.454649353027 -164.133479309082 -161.145830535889 -151.145295715332 -146.342965698242 -145.327886962891 -150.890217590332 -150.996683502197 -156.159860229492 -158.779593658447 -158.770645904541 -158.493939971924 -154.744276428223 -153.059994506836 -148.244802856445 -137.432357788086 -135.216523742676 -125.11531829834 -122.143428039551 -124.092193603516 -130.620630645752 -126.030816650391 -127.77352142334 -124.902884674072 -122.049118804932 -111.251710510254 -106.638723754883 -104.055931854248 -95.2711196899414 -92.0890075683594
-65.1970016479492 -64.3720184326172 -63.2826324462891 -63.4549591064453 -64.2171279907227 -65.7178146362305 -67.5713897705078 -70.6276473999023 -74.6113510131836 -81.2024993896484 -90.2662796020508 -104.083261108398 -113.519410705566 -135.404612731934 -149.222341918945 -165.202108764648 -180.846705627441 -191.145291137695 -196.269118499756 -197.047282409668 -195.68433303833 -189.565551757812 -178.251399230957 -175.507252502441 -165.433320617676 -166.254702758789 -161.452863311768 -154.802149963379 -149.193795776367 -155.656001281738 -151.049038696289 -157.956198120117 -161.17172088623 -163.31789855957 -163.842574310303 -159.240701293945 -153.368359375 -143.642674255371 -138.473680114746 -127.796713256836 -128.86820526123 -128.843930053711 -123.638606262207 -124.285171508789 -127.693060302734 -121.577435302734 -122.759295654297 -118.119302368164 -107.432676696777 -103.929164123535 -97.1525787353516 -87.7381912231445 -83.7465972900391
-62.2586318969727 -62.2045623779297 -63.1529769897461 -63.6456802368164 -64.7268798828125 -66.5124130249023 -69.9516296386719 -74.9295547485352 -76.3970184326172 -82.2030242919922 -90.9423034667969 -104.339309692383 -120.920722961426 -137.73731842041 -156.322267150879 -173.371879577637 -187.808213043213 -198.586666870117 -202.337359619141 -200.393975830078 -198.656251525879 -189.4470703125 -180.632783508301 -176.482196044922 -167.040176391602 -161.69264831543 -160.717677307129 -159.439395141602 -152.125549316406 -151.514338684082 -159.863401794434 -165.425001525879 -168.179488372803 -169.153454589844 -167.098896789551 -162.231646728516 -154.297386932373 -143.949737548828 -131.343411254883 -128.501292419434 -132.240721130371 -128.919257354736 -127.665740203857 -122.393650817871 -120.771711730957 -114.192636108398 -114.507014465332 -105.972264099121 -99.5927505493164 -95.2022186279297 -91.4604278564453 -93.1464889526367 -91.3304397583008
-61.5433792114258 -63.4300750732422 -64.1743957519531 -65.3319122314453 -66.6910430908203 -67.8605758666992 -69.7813385009766 -73.274267578125 -79.4719604492188 -83.801301574707 -92.2420700073242 -104.171873474121 -118.406819152832 -135.046432495117 -156.412791442871 -176.404370117188 -185.569953918457 -194.265010070801 -200.338798522949 -196.716326904297 -194.787509155273 -187.923291015625 -179.43869934082 -174.362733459473 -166.050129699707 -160.759242248535 -156.367097473145 -158.377430725098 -153.65915222168 -153.881948852539 -163.704482269287 -165.476614379883 -168.823799133301 -169.665033721924 -167.740608978271 -161.325391387939 -152.682221984863 -144.686405944824 -131.93974609375 -126.960168457031 -129.174066162109 -125.294499206543 -127.401170349121 -122.974699401855 -114.20735168457 -110.855101013184 -106.300332641602 -102.555889892578 -105.079125976562 -101.090762329102 -95.3554748535156 -94.6834915161133 -81.5736221313477
-63.7322692871094 -65.1974670410156 -66.711604309082 -68.773876953125 -69.6212097167969 -70.9076690673828 -72.1204559326172 -75.7763381958008 -81.3003616333008 -85.0746276855469 -93.8724197387695 -104.978884887695 -118.315361022949 -133.4955078125 -150.509257507324 -170.709504699707 -182.385160827637 -188.947276306152 -193.102896118164 -193.06275177002 -189.71058807373 -182.621450805664 -175.120594787598 -168.927169799805 -162.195971679687 -157.348301696777 -157.373620605469 -153.623942565918 -149.68946685791 -157.061372375488 -162.458644104004 -165.510681915283 -167.789212036133 -167.924768829346 -166.683948516846 -157.221810913086 -147.429922485352 -140.878691101074 -131.243051147461 -127.692700195313 -124.09560546875 -124.365316772461 -125.597316741943 -123.078928375244 -115.811647033691 -107.901132202148 -102.105505371094 -97.4256134033203 -97.9540161132813 -97.0304779052734 -95.4293479919434 -89.5327087402344 -81.2406723022461
-65.6168426513672 -68.2898361206055 -71.3908203125 -73.1975936889648 -73.5612319946289 -74.4095138549805 -75.1816864013672 -78.570475769043 -86.7556503295899 -92.5104873657227 -98.7968231201172 -105.670524597168 -118.296730041504 -132.575025939941 -147.533108520508 -167.258451843262 -182.062493896484 -184.859507751465 -187.165042114258 -186.636750793457 -183.087329101562 -176.142623901367 -169.171771240234 -162.64333190918 -157.355320739746 -153.31417388916 -153.06568145752 -147.390713500977 -147.997671508789 -156.279183197021 -160.068043518066 -159.89771270752 -162.642651367188 -165.081954956055 -159.451533508301 -153.155493164063 -149.808656311035 -137.369061279297 -129.903242492676 -125.20841217041 -124.2240234375 -124.791104888916 -120.915625 -119.712786865234 -115.832242584229 -108.920640563965 -102.006066894531 -92.9645523071289 -97.2997863769531 -94.553547668457 -90.5459259033203 -81.0723937988281 -74.6897171020508
-69.6625076293945 -72.9784194946289 -74.6415344238281 -77.1331192016602 -78.0435623168945 -78.2271957397461 -78.7620941162109 -82.2883178710938 -83.8318740844727 -96.1520065307617 -105.220713806152 -108.154420471191 -117.158738708496 -130.682752990723 -145.902128601074 -163.044718933105 -175.99211730957 -183.307548522949 -181.384329223633 -180.281744384766 -176.935821533203 -169.444552612305 -164.591177368164 -157.285537719727 -150.645393371582 -147.271240234375 -144.591221618652 -142.666848754883 -143.08740234375 -144.958654785156 -148.263307189941 -158.03969039917 -156.801123046875 -154.163896179199 -152.27520904541 -148.364183044434 -142.852713012695 -133.963684082031 -130.536975097656 -127.852070617676 -122.194270324707 -119.380125427246 -112.120455932617 -115.042125701904 -112.048841094971 -108.82066116333 -96.043098449707 -89.6734344482422 -85.8886199951172 -81.8992279052734 -81.0715301513672 -73.1642501831055 -66.0139572143555
-74.6211715698242 -77.188330078125 -80.2847778320313 -81.8645416259766 -83.0060607910156 -82.4183029174805 -82.0457977294922 -83.6538909912109 -84.7540802001953 -93.9891815185547 -103.138632202148 -106.710525512695 -115.525801086426 -127.954943847656 -140.472473144531 -153.980101013184 -166.856666564941 -174.026329040527 -176.69133605957 -177.15206451416 -171.887690734863 -162.644087219238 -157.959963989258 -150.448524475098 -144.125328063965 -140.206169128418 -138.537174987793 -137.7640625 -140.148783874512 -147.802066802979 -149.747459411621 -153.414784240723 -154.691668701172 -151.390965270996 -150.465811157227 -146.955117797852 -138.711514282227 -129.516116333008 -123.145977783203 -119.86276550293 -117.665962219238 -113.031018066406 -110.195054626465 -105.521159362793 -104.742901611328 -98.1712646484375 -91.3360137939453 -83.990412902832 -82.614826965332 -80.5275619506836 -74.2042236328125 -68.6821624755859 -63.2874954223633
-79.4550338745117 -83.4571136474609 -86.1353439331055 -87.4333145141602 -88.9853591918945 -86.987419128418 -86.6824188232422 -85.5338745117188 -86.857502746582 -94.2630111694336 -102.90394744873 -104.313310241699 -113.715167236328 -125.115962219238 -136.710513305664 -147.051065063477 -157.576585388184 -165.28690032959 -166.135935974121 -167.875772094727 -160.961456298828 -160.854650878906 -150.915306091309 -143.575648498535 -136.921388244629 -134.796932983398 -134.836380004883 -136.689645385742 -140.269337463379 -142.609851837158 -140.458030700684 -147.564953613281 -148.565653991699 -149.546292114258 -146.68614654541 -145.191842651367 -135.962072753906 -125.173452758789 -120.709959411621 -118.018022155762 -108.879479980469 -106.223989868164 -103.355307006836 -98.0710327148438 -94.5117202758789 -90.8195526123047 -92.0873916625977 -82.6282135009766 -78.6588302612305 -77.4946212768555 -74.5616088867187 -69.8192291259766 -59.3999069213867
-89.7162200927734 -92.9207061767578 -95.0590698242188 -93.5925155639648 -92.6814468383789 -91.5775360107422 -89.9255569458008 -88.4665603637695 -90.6503952026367 -92.8417358398438 -99.9909530639648 -104.408860778809 -111.876324462891 -122.509977722168 -133.835586547852 -142.922978210449 -155.00598449707 -157.265037536621 -157.119750976562 -158.200653076172 -153.635768127441 -152.221504211426 -145.600416564941 -137.183847045898 -130.841732788086 -128.178564453125 -126.222053527832 -126.726586914062 -132.62141418457 -133.077275085449 -132.380615234375 -136.601989746094 -143.496229553223 -140.553471374512 -135.946810913086 -137.803147888184 -133.197048950195 -121.415141296387 -115.028747558594 -111.043836975098 -107.360305786133 -102.031813049316 -96.1975387573242 -92.9904418945312 -90.2972640991211 -88.1817932128906 -88.6054718017578 -80.6633255004883 -74.1491973876953 -72.0823471069336 -75.451708984375 -62.4676727294922 -53.7409591674805
-91.8095657348633 -98.2983001708984 -99.0350814819336 -98.6198272705078 -96.9260040283203 -96.3045928955078 -92.961865234375 -91.6697021484375 -90.5824600219727 -92.573210144043 -96.3545761108398 -101.516625976562 -109.948446655273 -121.238383483887 -129.635882568359 -137.955293273926 -143.800436401367 -148.293901062012 -149.698420715332 -149.400971984863 -147.310018920898 -145.677478027344 -137.466987609863 -131.562251281738 -126.614207458496 -123.51448059082 -121.602169799805 -120.713031005859 -122.622271728516 -124.452809143066 -126.91640625 -131.222146606445 -137.415023803711 -137.005725097656 -128.734661865234 -128.241683959961 -123.934931945801 -115.721105957031 -111.778463745117 -106.810710144043 -100.995260620117 -96.6223342895508 -92.4472518920898 -90.0514923095703 -88.5924957275391 -86.273274230957 -85.4536743164062 -86.2964736938477 -75.1638656616211 -70.5310089111328 -67.3206405639648 -58.0694885253906 -53.2811172485352
-97.7056549072266 -101.32710723877 -102.865728759766 -102.989079284668 -100.463932800293 -98.2749465942383 -95.9053207397461 -92.9967163085938 -92.0991500854492 -93.4799774169922 -95.5300720214844 -100.729954528809 -107.639172363281 -115.943418884277 -124.385018920898 -131.080932617188 -136.25728302002 -140.322158813477 -142.166165161133 -141.545765686035 -139.554693603516 -136.001066589355 -130.816142272949 -126.187327575684 -121.890399169922 -119.274005126953 -118.54987487793 -117.122959899902 -117.987954711914 -120.473359680176 -122.231669616699 -124.396278381348 -127.644541931152 -126.837814331055 -122.434541320801 -120.085758972168 -115.593260192871 -109.323150634766 -105.317347717285 -100.505599975586 -96.322509765625 -93.2733200073242 -89.9608139038086 -88.2954925537109 -88.1062835693359 -88.3962982177734 -88.9685791015625 -89.2985656738281 -79.2195587158203 -71.2392761230469 -65.8579696655273 -60.1797119140625 -55.9998184204102
-102.95979309082 -105.53177947998 -106.460456848145 -106.077857971191 -103.077937316895 -100.537538146973 -96.7596282958984 -94.0234100341797 -92.6483444213867 -93.7399002075195 -95.6214981079102 -99.7709899902344 -105.476960754395 -112.636584472656 -120.314221191406 -124.782501220703 -130.516421508789 -133.144795227051 -134.515646362305 -134.271472167969 -132.708198547363 -131.134501647949 -125.632856750488 -120.731120300293 -117.638488769531 -114.961242675781 -113.138761901855 -112.768934631348 -114.361003112793 -121.665838623047 -122.800608825684 -118.328678894043 -118.275686645508 -117.933493041992 -115.625646972656 -111.484010314941 -107.040364074707 -103.601550292969 -100.145889282227 -95.976350402832 -91.7171630859375 -89.8075622558594 -88.7867858886719 -86.8839721679688 -87.0989288330078 -89.3503616333008 -91.1472854614258 -83.0496765136719 -79.6559661865234 -71.0277328491211 -67.005485534668 -63.591357421875 -62.081803894043
-108.830880737305 -108.635073852539 -109.170164489746 -108.09087677002 -105.705267333984 -101.407081604004 -98.5088394165039 -94.553987121582 -93.278857421875 -92.815950012207 -94.8993026733398 -98.6497146606445 -103.042742919922 -109.052464294434 -118.975798034668 -120.124612426758 -122.205773925781 -125.952156066895 -127.684057617188 -127.418492126465 -125.329042053223 -125.582705688477 -120.061247253418 -115.847932434082 -112.070542907715 -109.739416503906 -109.078094482422 -107.747526550293 -111.70989074707 -114.62599029541 -119.362403869629 -114.80804901123 -113.174142456055 -111.167649841309 -108.869245910645 -105.547512817383 -103.844772338867 -99.8135360717773 -97.2308044433594 -94.0445922851563 -90.6700653076172 -85.6180038452148 -85.9605178833008 -87.4131378173828 -87.78662109375 -87.3690002441406 -86.1982284545898 -83.2416305541992 -76.5206420898438 -72.998388671875 -69.9186965942383 -69.126692199707 -67.1228820800781
-110.302868652344 -111.58660736084 -110.799713134766 -110.542669677734 -106.285018920898 -101.906637573242 -98.3754486083984 -95.316828918457 -93.2843521118164 -92.2267349243164 -92.4630981445312 -95.8696151733398 -99.0265045166016 -104.406944274902 -109.381309509277 -111.703701782227 -114.431771850586 -116.550476074219 -118.033433532715 -118.424565124512 -117.555680847168 -116.184754943848 -113.469532775879 -109.95474395752 -106.025410461426 -104.471073913574 -103.442816162109 -103.451300048828 -104.896369934082 -108.768922424316 -108.717781066895 -111.531288146973 -108.134480285645 -107.772906494141 -105.877951049805 -101.05001373291 -99.227165222168 -100.591722106934 -97.0597869873047 -93.3053024291992 -88.6760620117188 -83.6071365356445 -82.3087677001953 -84.067756652832 -86.4365341186523 -85.0752319335938 -85.5481948852539 -80.0016159057617 -78.0744781494141 -76.0149673461914 -75.1118698120117 -74.1766525268555 -72.9272857666016
-112.9900390625 -115.161125183105 -113.909381103516 -109.562467956543 -105.556268310547 -100.760928344727 -97.0896545410156 -94.7772842407227 -92.1015213012695 -89.6004989624024 -89.9826477050781 -92.0436370849609 -93.6588088989258 -96.8234191894531 -101.693252563477 -102.839817810059 -104.972799682617 -106.553884887695 -107.708076477051 -108.810299682617 -108.372497558594 -108.122682189941 -106.486631774902 -103.332470703125 -99.9986755371094 -98.8020050048828 -98.2927017211914 -97.8498306274414 -100.176179504395 -104.310971069336 -102.466032409668 -103.911224365234 -103.397671508789 -103.384992980957 -99.5493637084961 -98.1444854736328 -97.7168212890625 -94.3963943481445 -90.7918762207031 -90.035595703125 -88.5845916748047 -84.1828338623047 -79.6862594604492 -80.5943939208984 -83.3299545288086 -82.6999877929688 -81.6291519165039 -81.1139251708984 -80.7887008666992 -81.6361038208008 -83.1305801391602 -81.2084579467773 -76.7435729980469
-116.50728302002 -116.976995849609 -114.139526367188 -110.216285705566 -104.692687988281 -100.179116821289 -96.4842330932617 -92.6531890869141 -89.3571990966797 -86.9514770507812 -86.68154296875 -87.0174743652344 -87.9142654418945 -89.75 -92.2130798339844 -93.4081909179688 -94.51337890625 -96.0817459106445 -97.3715621948242 -98.6703414916992 -99.2955291748047 -99.5129837036133 -98.4049819946289 -96.7551559448242 -94.4112762451172 -92.7499328613281 -91.3713607788086 -91.3982055664063 -92.8318756103516 -95.5529708862305 -96.6346481323242 -96.4856872558594 -96.371452331543 -96.2498413085937 -93.4933197021484 -92.9682418823242 -91.1382293701172 -88.9393203735352 -86.9846008300781 -86.2137115478516 -85.1263397216797 -81.2069686889648 -78.2437545776367 -76.3995742797852 -77.4130447387695 -77.8758575439453 -79.4235427856445 -80.6688003540039 -84.9897796630859 -86.2337478637695 -85.8303100585938 -87.2797622680664 -88.2548812866211
-120.14925994873 -118.064628601074 -114.685852050781 -110.363206481934 -104.986515808105 -99.4165985107422 -94.8435256958008 -90.119367980957 -86.6528427124023 -83.7693649291992 -82.6372207641602 -81.116081237793 -82.1044021606445 -81.9434753417969 -82.5805404663086 -84.660676574707 -84.8456436157227 -85.9418075561524 -86.9627700805664 -88.3894943237305 -90.0466079711914 -90.4208129882813 -90.7145324707031 -89.7614471435547 -87.8681533813477 -86.1179138183594 -85.6282012939453 -86.0444961547852 -86.0006149291992 -88.4287780761719 -90.2463363647461 -90.0081741333008 -89.9457809448242 -88.8458969116211 -88.2623565673828 -87.1868072509766 -86.2772506713867 -86.6335861206055 -85.5492782592773 -82.9029663085938 -80.432453918457 -77.589958190918 -73.4975769042969 -73.3389907836914 -73.9980163574219 -73.9753051757812 -76.1576599121094 -78.9754440307617 -84.8133117675781 -89.5451797485352 -88.7775268554688 -89.9676513671875 -91.9328811645508
-121.720629882813 -119.085353088379 -115.226766967773 -110.399932861328 -104.683531188965 -98.3590377807617 -93.2615859985352 -87.9027633666992 -83.3712615966797 -79.3924133300781 -77.0735824584961 -74.953630065918 -74.1795196533203 -73.9448135375977 -73.6356369018555 -74.3754608154297 -75.6848358154297 -76.8498779296875 -78.6036087036133 -79.9438278198242 -82.0036727905273 -83.4130889892578 -83.4433547973633 -83.2807525634766 -82.2429046630859 -81.136296081543 -80.7040542602539 -81.1620208740234 -80.7504730224609 -81.388720703125 -83.1395889282227 -83.1150192260742 -81.8567169189453 -82.2374404907227 -82.2532135009766 -81.9583221435547 -81.5827133178711 -82.3608505249023 -79.4996704101563 -76.6340698242188 -74.1104782104492 -71.1058959960938 -69.7809875488281 -69.9080520629883 -68.1638534545899 -68.6630218505859 -71.2177673339844 -78.136572265625 -80.1708740234375 -85.5972366333008 -88.9723510742188 -90.9597503662109 -89.2615447998047
-122.824137878418 -119.591529846191 -115.727185058594 -110.706489562988 -104.726560974121 -98.1398193359375 -92.1217193603516 -85.9817352294922 -80.3544021606445 -74.9335510253906 -71.3669555664063 -69.4084487915039 -66.6615844726562 -66.237776184082 -65.6358978271484 -65.9808746337891 -67.9846038818359 -69.49453125 -71.4327850341797 -73.3471298217773 -75.9833251953125 -78.0597244262695 -79.3884185791016 -80.0698547363281 -79.6887893676758 -78.2397521972656 -77.7282958984375 -77.0112747192383 -76.0529022216797 -75.4787216186523 -74.1405975341797 -75.0882461547852 -74.1807342529297 -74.9579391479492 -75.2798492431641 -75.7349365234375 -77.5511093139648 -77.7185089111328 -74.7668914794922 -74.6376068115234 -71.1045944213867 -67.5574356079102 -65.1366149902344 -63.0563903808594 -61.1546310424805 -62.0671539306641 -67.8426483154297 -72.3517913818359 -79.4804290771484 -83.6071594238281 -87.3198120117188 -88.9483337402344 -85.1676177978516
