indici/fabbisogno01.asc
NCOLS 177 
NROWS 174 
XLLCORNER 1436301.375 
YLLCORNER 4916704.5 
CELLSIZE 1500 
NODATA_value -9999 
[rows 23 to 45 of 174, columns 53 to 105 of 177]
-9999 -9999 -40.421947479248 -42.7748794555664 -45.2275810241699 -47.5134963989258 -49.2496795654297 -49.81689453125 -48.9343338012695 -46.3484649658203 -42.4456062316895 -37.5654335021973 -32.4983558654785 -27.9433860778809 -9999 -9999 -9999 -9999 -9999 -9999 -9999 -9999 -9999 -9999 -9999 -9999 -9999 -9999 -9999 -9999 -9999 -9999 -9999 -9999 -9999 -9999 -9999 -9999 -9999 -9999 -9999 -9999 -9999 -9999 -15.1636047363281 -15.6587362289429 -16.8339519500732 -18.8337993621826 -21.3737449645996 -24.6329898834229 -28.4773578643799 -33.1667442321777 -38.3276863098145
-9999 -9999 -9999 -47.7660255432129 -50.7621192932129 -53.4354095458984 -55.2660331726074 -55.8633728027344 -54.8764305114746 -52.133602142334 -48.0688133239746 -42.8980407714844 -37.4004936218262 -32.3144302368164 -9999 -9999 -9999 -9999 -9999 -9999 -9999 -9999 -9999 -9999 -9999 -9999 -9999 -9999 -9999 -9999 -9999 -9999 -9999 -9999 -9999 -9999 -9999 -9999 -9999 -9999 -9999 -9999 -9999 -9999 -9999 -9999 -9999 -9999 -9999 -25.0328464508057 -28.7699165344238 -33.1813125610352 -37.9326400756836
-9999 -9999 -9999 -9999 -55.8597373962402 -58.7751960754395 -60.8460807800293 -61.6648902893066 -60.7057647705078 -57.9176597595215 -53.7750282287598 -48.5675926208496 -42.6156806945801 -37.1484870910645 -9999 -9999 -9999 -9999 -9999 -9999 -9999 -9999 -9999 -9999 -9999 -9999 -9999 -9999 -9999 -9999 -9999 -9999 -9999 -9999 -9999 -9999 -9999 -9999 -9999 -9999 -9999 -9999 -9999 -9999 -9999 -9999 -9999 -9999 -9999 -25.5126438140869 -29.1098728179932 -33.283634185791 -37.6775741577148
-9999 -9999 -9999 -9999 -59.6909294128418 -63.2956085205078 -65.8552627563477 -66.8194808959961 -65.944938659668 -63.1090431213379 -59.039119720459 -53.9424858093262 -48.1247482299805 -42.5519866943359 -9999 -9999 -9999 -9999 -9999 -9999 -9999 -9999 -9999 -9999 -9999 -9999 -9999 -9999 -9999 -9999 -9999 -9999 -9999 -9999 -9999 -9999 -9999 -9999 -9999 -9999 -9999 -9999 -9999 -9999 -9999 -9999 -9999 -21.4852809906006 -23.4634494781494 -26.1377506256104 -29.5959854125977 -33.5267333984375 -37.8853149414062
-9999 -9999 -9999 -9999 -62.383674621582 -66.3848724365234 -69.229606628418 -70.4447174072266 -69.7681045532227 -67.4203491210938 -63.8870048522949 -58.986888885498 -53.3796348571777 -47.6935882568359 -42.3491821289062 -9999 -9999 -9999 -9999 -9999 -9999 -9999 -9999 -9999 -9999 -9999 -9999 -9999 -9999 -9999 -9999 -9999 -9999 -9999 -40.3349342346191 -38.7358283996582 -36.5086479187012 -34.0509567260742 -31.3820247650146 -28.8493747711182 -9999 -9999 -9999 -9999 -9999 -9999 -9999 -22.7772750854492 -24.7091484069824 -27.2275333404541 -30.4697074890137 -34.0692520141602 -38.2313537597656
-9999 -9999 -9999 -9999 -63.2715225219727 -68.2125396728516 -71.6109008789062 -73.1880569458008 -72.8609161376953 -70.9850006103516 -67.7194137573242 -62.8961639404297 -57.8162994384766 -52.26708984375 -47.0365982055664 -42.3635444641113 -9999 -9999 -9999 -9999 -9999 -9999 -9999 -9999 -9999 -9999 -9999 -9999 -9999 -9999 -9999 -9999 -45.4209480285645 -45.8814086914062 -45.2961845397949 -43.7600746154785 -41.4453277587891 -38.6793785095215 -35.7431602478027 -32.7402801513672 -29.9338073730469 -9999 -9999 -9999 -9999 -9999 -23.004940032959 -24.2362461090088 -26.2143993377686 -28.7094631195068 -31.6578350067139 -35.172004699707 -39.1604270935059
-9999 -9999 -9999 -9999 -9999 -67.3028030395508 -71.3686752319336 -73.4366073608398 -73.9485626220703 -72.4975280761719 -69.8323669433594 -65.7891998291016 -60.8858413696289 -56.1784973144531 -51.6042823791504 -47.0109481811523 -43.0163192749023 -9999 -9999 -9999 -9999 -9999 -9999 -9999 -9999 -9999 -9999 -36.4452438354492 -38.7598648071289 -42.020393371582 -45.0672340393066 -48.4771156311035 -50.5598068237305 -51.5025329589844 -51.2501640319824 -49.7672805786133 -47.3602676391602 -44.1846008300781 -40.8670082092285 -37.3952026367188 -33.9665603637695 -9999 -9999 -9999 -9999 -9999 -24.2098484039307 -25.5753307342529 -27.5364322662354 -30.2978954315186 -33.5913581848145 -37.2162704467773 -40.8631744384766
-9999 -9999 -9999 -9999 -9999 -65.4453811645508 -69.5030517578125 -71.9276885986328 -72.8142395019531 -72.0228576660156 -70.0372924804688 -66.8617477416992 -62.7926139831543 -58.8494110107422 -54.900505065918 -50.6814880371094 -46.707935333252 -9999 -9999 -9999 -9999 -9999 -9999 -9999 -9999 -9999 -36.4807586669922 -38.8597831726074 -41.7635192871094 -45.5739059448242 -49.5118827819824 -53.3401374816895 -56.0948333740234 -57.5723876953125 -57.6824417114258 -56.4828681945801 -53.8572616577148 -50.5750274658203 -46.7236747741699 -42.669563293457 -38.4454689025879 -9999 -9999 -9999 -9999 -9999 -25.8556041717529 -27.1709613800049 -29.2890815734863 -32.0974082946777 -35.5675315856934 -39.3126220703125 -42.8764305114746
-9999 -9999 -9999 -9999 -57.3355865478516 -62.7978134155273 -67.254020690918 -70.2261123657227 -71.4861450195312 -71.2488327026367 -69.8054504394531 -67.1097640991211 -63.7338714599609 -60.0460624694824 -56.7556304931641 -53.0832366943359 -49.710147857666 -46.6008453369141 -9999 -9999 -9999 -9999 -9999 -9999 -9999 -9999 -38.5674362182617 -41.3018455505371 -44.6603393554688 -49.1712837219238 -54.0177116394043 -58.1992950439453 -61.6270294189453 -63.7075843811035 -64.2829437255859 -63.1874046325684 -60.8460807800293 -57.3452339172363 -52.9946327209473 -48.1868362426758 -43.2469291687012 -38.3319435119629 -9999 -9999 -9999 -9999 -9999 -29.0586967468262 -31.3798828125 -34.3202514648438 -37.9896011352539 -41.7471199035645 -45.2161903381348
-9999 -9999 -9999 -9999 -53.6632423400879 -59.2122077941895 -63.8697471618652 -67.2493362426758 -69.0649719238281 -69.1796951293945 -68.3030471801758 -66.0912322998047 -63.404899597168 -60.5751876831055 -57.4729347229004 -54.6766471862793 -51.8758926391602 -49.6987495422363 -47.3068542480469 -45.1706275939941 -9999 -9999 -9999 -9999 -9999 -9999 -40.7648468017578 -43.6145858764648 -47.4576148986816 -52.9784278869629 -58.0931243896484 -62.7258377075195 -66.7910308837891 -69.3169021606445 -70.4593811035156 -69.8328399658203 -67.4029998779297 -63.6364860534668 -58.9344635009766 -53.612232208252 -48.0446586608887 -42.2264976501465 -9999 -9999 -9999 -9999 -9999 -31.1602821350098 -33.6796379089355 -36.9837799072266 -40.6391563415527 -44.4333267211914 -47.642032623291
-9999 -9999 -9999 -45.0839424133301 -50.7039680480957 -56.0017852783203 -60.6892395019531 -64.130256652832 -66.1026611328125 -66.7607650756836 -66.0355453491211 -64.6394424438477 -62.621711730957 -60.0409240722656 -57.7689323425293 -55.3131484985352 -53.9220848083496 -51.9085426330566 -50.2862319946289 -48.7587471008301 -47.2693634033203 -45.9099235534668 -44.6484718322754 -43.444751739502 -42.3212509155273 -42.6627502441406 -43.6260986328125 -46.2934608459473 -50.3328514099121 -56.1929893493652 -61.5978889465332 -66.4247436523438 -70.9762191772461 -74.0633239746094 -75.5130310058594 -75.0879974365234 -72.8637084960938 -69.0801467895508 -64.1295471191406 -58.3510208129883 -52.2277603149414 -45.6119232177734 -9999 -9999 -9999 -9999 -9999 -9999 -36.4024047851562 -39.8383560180664 -43.6100273132324 -47.1249656677246 -50.1221809387207
-9999 -9999 -9999 -43.079906463623 -48.5798454284668 -53.689453125 -58.1012001037598 -61.386344909668 -63.3101081848145 -63.8763961791992 -63.7058372497559 -62.8800849914551 -61.2923698425293 -59.419548034668 -57.5583839416504 -56.3456535339355 -54.9527282714844 -53.7916069030762 -52.7444953918457 -51.9504737854004 -51.0447959899902 -49.6323699951172 -48.3162536621094 -46.8929443359375 -45.9226112365723 -45.9183769226074 -46.7804679870605 -49.0282936096191 -53.3399467468262 -59.3190574645996 -64.666748046875 -69.7224426269531 -74.5207138061523 -77.6465072631836 -79.158935546875 -78.8180923461914 -76.5683975219727 -72.602424621582 -67.6544723510742 -61.7345581054688 -55.2916488647461 -47.6303672790527 -40.8622627258301 -36.7822532653809 -9999 -9999 -9999 -9999 -9999 -42.838207244873 -46.5685005187988 -50.0165824890137 -52.7099723815918
-9999 -9999 -37.0185813903809 -42.2212905883789 -47.6502380371094 -52.6408004760742 -56.7671546936035 -59.7014579772949 -61.5332374572754 -62.0690574645996 -61.7099075317383 -61.0959663391113 -60.3022575378418 -58.8407287597656 -57.3520812988281 -57.0114974975586 -56.0947036743164 -55.3097915649414 -54.7550659179688 -54.3040008544922 -53.9099235534668 -52.8073616027832 -51.4604568481445 -49.9926376342773 -49.0595970153809 -48.9626350402832 -49.8581581115723 -51.5633811950684 -55.5466804504395 -61.5260772705078 -67.5517044067383 -72.7262191772461 -77.3501815795898 -80.4253234863281 -81.6578216552734 -81.0467300415039 -78.4747467041016 -74.5429229736328 -69.558235168457 -63.6724319458008 -57.2000274658203 -49.056396484375 -42.5908584594727 -38.4953536987305 -36.143669128418 -9999 -9999 -9999 -9999 -9999 -49.6055946350098 -52.8387489318848 -55.4401206970215
-9999 -9999 -37.308708190918 -42.5277481079102 -47.7598724365234 -52.4889907836914 -56.3843193054199 -59.1188163757324 -60.5281219482422 -61.171070098877 -61.0188179016113 -60.4088096618652 -59.274829864502 -58.3971748352051 -57.4901084899902 -57.5310897827148 -56.9859466552734 -56.5672950744629 -56.6068496704102 -56.3594703674316 -56.0341415405273 -55.2159385681152 -53.9899139404297 -52.5254974365234 -51.3917236328125 -51.5281410217285 -52.6039085388184 -54.249137878418 -57.9968452453613 -63.840576171875 -70.3300628662109 -75.271484375 -79.3134078979492 -82.2876968383789 -83.0447158813477 -81.9323654174805 -79.06591796875 -74.906379699707 -69.9966812133789 -64.1158905029297 -57.5086364746094 -49.8553428649902 -44.0291557312012 -39.9405632019043 -38.2525596618652 -9999 -9999 -9999 -9999 -49.5103569030762 -52.6221618652344 -55.45166015625 -57.6633720397949
-9999 -9999 -38.5129470825195 -43.9852409362793 -49.0993156433105 -53.4699020385742 -56.8449745178223 -59.2548294067383 -60.4980125427246 -60.8149528503418 -60.6858596801758 -60.1409721374512 -59.268440246582 -58.1361198425293 -57.6224517822266 -57.7258911132812 -57.5855674743652 -57.5985069274902 -57.7250022888184 -57.7667922973633 -57.6765670776367 -57.1501502990723 -56.0719871520996 -54.90185546875 -53.9091758728027 -53.4435844421387 -54.8700485229492 -56.3850593566895 -60.0043983459473 -65.5042343139648 -71.6893005371094 -77.0041732788086 -80.8409652709961 -83.4412689208984 -83.8119277954102 -82.1882095336914 -78.8455047607422 -74.338508605957 -69.2501220703125 -63.1596374511719 -55.951961517334 -49.9476432800293 -44.6914672851562 -41.5780715942383 -40.6824989318848 -9999 -9999 -9999 -50.0629692077637 -53.5217933654785 -56.5747528076172 -58.9886856079102 -60.406379699707
-9999 -35.8816566467285 -40.9083099365234 -46.2148323059082 -51.3272171020508 -55.5637016296387 -58.6576538085938 -60.5472679138184 -61.3926544189453 -61.5385246276855 -61.1781921386719 -60.5904846191406 -59.7080307006836 -58.8510437011719 -58.3026695251465 -58.6354370117188 -58.3762359619141 -58.4111938476562 -58.4245643615723 -58.6575317382812 -58.7049751281738 -58.3484268188477 -57.6524848937988 -56.4986419677734 -55.5448951721191 -55.0576477050781 -56.2389984130859 -58.1211738586426 -61.6889686584473 -66.4001617431641 -72.2752304077148 -77.6124038696289 -81.7990570068359 -83.8467025756836 -84.0139617919922 -81.9841995239258 -78.2909927368164 -73.4138488769531 -68.0724411010742 -61.0475273132324 -55.3187484741211 -49.6893081665039 -45.7016448974609 -43.6860656738281 -43.3678092956543 -45.0929794311523 -47.8977355957031 -50.9292640686035 -54.1066970825195 -57.1661338806152 -59.8942756652832 -62.4893646240234 -64.141242980957
-34.5188751220703 -39.226505279541 -44.3042030334473 -49.5908508300781 -54.3962707519531 -58.2216911315918 -60.8980560302734 -62.2569732666016 -62.652889251709 -62.4099769592285 -61.9210777282715 -61.3195877075195 -60.6317749023438 -59.561939239502 -58.9464492797852 -59.4223518371582 -59.3458404541016 -59.3812294006348 -59.263786315918 -59.4797172546387 -59.5604438781738 -59.2159843444824 -58.4070510864258 -57.4111785888672 -56.5544319152832 -56.2702560424805 -57.369441986084 -59.4099006652832 -62.986888885498 -67.4067459106445 -72.9109115600586 -78.2848129272461 -82.0607986450195 -84.1592712402344 -84.2888412475586 -81.7898025512695 -77.3712387084961 -72.0457611083984 -65.7849349975586 -59.6826820373535 -54.1693153381348 -49.8836822509766 -47.110710144043 -46.1126556396484 -46.6777572631836 -48.8804779052734 -51.4767761230469 -54.4983749389648 -57.5343971252441 -60.3117065429688 -62.6534385681152 -64.603630065918 -66.2471694946289
-38.2569007873535 -43.0569610595703 -48.1989288330078 -53.2589797973633 -57.7267303466797 -61.2785530090332 -63.4604568481445 -64.2603302001953 -64.196533203125 -63.6360893249512 -62.8444175720215 -62.0525398254395 -61.302791595459 -60.3586463928223 -59.6205368041992 -59.9764633178711 -60.1227836608887 -60.0577163696289 -59.8369026184082 -59.8350372314453 -59.7927894592285 -59.5208206176758 -58.9236640930176 -58.0283622741699 -57.1850051879883 -56.9429130554199 -57.6186714172363 -60.1272964477539 -63.9632377624512 -68.1528930664062 -73.405403137207 -78.5222549438477 -82.7645492553711 -84.7341613769531 -83.9702072143555 -81.063232421875 -76.3334732055664 -70.2916717529297 -64.3072052001953 -58.3343353271484 -53.8174438476562 -50.7696075439453 -48.9514274597168 -48.6977996826172 -49.9968795776367 -52.0388450622559 -54.9073028564453 -57.947193145752 -60.8800277709961 -63.3011703491211 -65.1518173217773 -66.5397872924805 -67.5627975463867
-42.2807960510254 -47.0134696960449 -52.0498046875 -56.7934684753418 -60.9278373718262 -63.9890594482422 -65.8655319213867 -66.3437042236328 -65.7885437011719 -64.6958160400391 -63.6365966796875 -62.7164115905762 -61.8656997680664 -61.189510345459 -60.6542510986328 -60.1775703430176 -60.3913078308105 -60.2827682495117 -60.2842102050781 -60.0634269714355 -59.9911117553711 -59.7052917480469 -59.2171401977539 -58.5660820007324 -57.6135177612305 -57.1910552978516 -58.1233558654785 -60.1324882507324 -64.3275833129883 -68.4229888916016 -73.3509979248047 -78.5211334228516 -82.8244552612305 -84.9403457641602 -83.9944534301758 -80.4063720703125 -74.7853088378906 -68.8541030883789 -62.7038612365723 -57.6082000732422 -54.1079788208008 -51.7359199523926 -50.686897277832 -51.3126220703125 -52.8755264282227 -54.9077644348145 -57.8717842102051 -61.1576347351074 -63.9585571289062 -66.0219268798828 -67.3682174682617 -68.2069396972656 -68.5403366088867
-46.280818939209 -50.807731628418 -55.5227432250977 -59.8753547668457 -63.6847686767578 -66.3095779418945 -67.6471786499023 -67.8739395141602 -67.1868057250977 -65.9473342895508 -64.33740234375 -63.2446823120117 -62.4619522094727 -62.0992660522461 -61.3721961975098 -60.848445892334 -60.5808296203613 -60.4800872802734 -60.4033164978027 -60.2013359069824 -59.9579238891602 -59.65087890625 -59.2454299926758 -58.6601219177246 -57.8146858215332 -57.5617561340332 -58.3597068786621 -60.2947883605957 -63.7960510253906 -68.3930816650391 -72.7736511230469 -77.6504669189453 -81.7893829345703 -83.7657623291016 -82.5650634765625 -78.7003707885742 -73.1731491088867 -66.8219757080078 -61.4933471679688 -57.4738922119141 -54.6219444274902 -52.8300170898438 -52.6308975219727 -53.6529006958008 -55.2419891357422 -57.6133041381836 -60.385368347168 -63.4158515930176 -66.1387786865234 -68.0221481323242 -68.9621276855469 -69.2597045898438 -68.9093399047852
-50.1144523620605 -54.2868576049805 -58.5335807800293 -62.4649620056152 -65.4281387329102 -67.4467468261719 -68.3227005004883 -68.2998046875 -67.6428298950195 -66.4828567504883 -65.2993850708008 -64.3264312744141 -63.310604095459 -62.695556640625 -61.9387283325195 -61.542667388916 -61.2565269470215 -60.6419448852539 -60.208911895752 -59.8472671508789 -59.7052917480469 -59.3832397460938 -59.0927200317383 -58.5603103637695 -58.1509132385254 -58.0463066101074 -58.7685508728027 -60.541820526123 -63.4100456237793 -67.2473449707031 -71.8073577880859 -76.4776916503906 -79.9402084350586 -81.4743576049805 -80.1071243286133 -75.9982833862305 -70.7060775756836 -65.2188186645508 -61.0441093444824 -57.540885925293 -55.2238998413086 -54.3506889343262 -54.706184387207 -56.1443672180176 -58.0627021789551 -60.4577980041504 -62.9236679077148 -65.197021484375 -67.3764190673828 -68.8193130493164 -69.5783920288086 -69.3892669677734 -68.8575210571289
-53.6035079956055 -57.2148551940918 -60.9247093200684 -63.9854545593262 -66.0979995727539 -67.6229248046875 -68.198860168457 -68.1271896362305 -67.5315093994141 -66.5613861083984 -65.714599609375 -65.0838317871094 -64.1363906860352 -63.3147621154785 -62.9889907836914 -62.4464874267578 -61.8936424255371 -61.1450614929199 -60.5878677368164 -60.148796081543 -59.7283706665039 -59.321460723877 -58.986629486084 -58.6528549194336 -58.5769844055176 -58.461555480957 -59.2890090942383 -60.745532989502 -63.7869911193848 -67.1026229858398 -70.6370086669922 -73.9619903564453 -77.0404968261719 -78.0583801269531 -76.9851303100586 -73.3788604736328 -68.7400360107422 -64.4229278564453 -60.860179901123 -58.1406860351562 -56.6081314086914 -56.1687240600586 -56.7221336364746 -58.5992202758789 -60.5416297912598 -63.0318832397461 -65.2841720581055 -67.1758728027344 -68.3221282958984 -69.1655654907227 -69.4648361206055 -69.0940780639648 -68.6841278076172
-55.9183502197266 -59.4367065429688 -62.5327415466309 -64.6457824707031 -66.2774658203125 -67.4647369384766 -67.9886245727539 -67.8728866577148 -67.1990661621094 -66.6316680908203 -66.1777648925781 -65.5641326904297 -65.2142562866211 -64.854621887207 -64.3357162475586 -63.5694808959961 -62.9628295898438 -62.1598014831543 -61.3337745666504 -60.6703186035156 -60.2602195739746 -59.9322166442871 -60.0337715148926 -59.9196586608887 -59.6485748291016 -59.5778312683105 -60.1628913879395 -61.4666366577148 -64.2386932373047 -67.1654510498047 -69.9856796264648 -72.9705352783203 -75.3567733764648 -75.9876251220703 -74.7310409545898 -71.7477493286133 -67.5800323486328 -64.1231231689453 -61.4554481506348 -59.5663185119629 -58.4064903259277 -58.2445335388184 -59.1315765380859 -60.8848915100098 -62.994873046875 -65.0913009643555 -66.8514862060547 -68.4025344848633 -68.9841461181641 -68.9097061157227 -68.7030029296875 -68.3952331542969 -67.8866500854492
