indici/fabbisogno03.asc
NCOLS 177 
NROWS 174 
XLLCORNER 1436301.375 
YLLCORNER 4916704.5 
CELLSIZE 1500 
NODATA_value -9999 
[rows 60 to 79 of 174, columns 88 to 131 of 177]
-93.6336212158203 -94.5116882324219 -95.4810943603516 -96.6048431396484 -97.2339324951172 -97.6399841308594 -97.678466796875 -96.9531173706055 -95.4426422119141 -93.8573379516602 -91.9012985229492 -88.7613296508789 -85.7047805786133 -82.7021942138672 -79.8166122436523 -76.9811019897461 -74.219352722168 -72.702018737793 -71.7266616821289 -70.8334426879883 -70.9616470336914 -72.2847747802734 -73.7643203735352 -76.1809997558594 -82.3344955444336 -88.4708633422852 -94.5888137817383 -97.779655456543 -100.713180541992 -103.547927856445 -105.039031982422 -105.868598937988 -106.442176818848 -105.456695556641 -102.246536254883 -99.0342788696289 -95.9630737304688 -93.7168121337891 -91.5316162109375 -89.4037017822266 -89.5541687011719 -89.9550018310547 -90.3244705200195 -90.1431503295898
-93.788444519043 -94.2665252685547 -94.8245162963867 -95.5258636474609 -95.6644897460938 -95.57177734375 -95.2817687988281 -94.4203262329102 -92.9426956176758 -91.248649597168 -89.1516876220703 -85.7560119628906 -82.4832992553711 -79.2958755493164 -76.981315612793 -74.7327499389648 -72.5224456787109 -72.2331924438477 -72.8164672851562 -73.486930847168 -74.5759353637695 -76.1611022949219 -77.932487487793 -80.4181518554688 -85.9908981323242 -91.5366744995117 -97.0575942993164 -100.016067504883 -102.699935913086 -105.297256469727 -106.743301391602 -107.576461791992 -108.070114135742 -106.98274230957 -103.452445983887 -99.971321105957 -96.6851425170898 -94.6233749389648 -92.6227264404297 -90.68212890625 -90.245849609375 -89.9969635009766 -89.6938705444336 -89.4237518310547
-93.9838027954102 -94.1098556518555 -94.2999267578125 -94.6006164550781 -94.2736740112305 -93.6882171630859 -92.9629821777344 -91.8458480834961 -90.2869338989258 -88.5379486083984 -86.3879928588867 -82.8241653442383 -79.3611373901367 -75.9702987670898 -74.1845550537109 -72.5146331787109 -70.8686294555664 -71.7899475097656 -73.9446411132812 -76.1867370605469 -78.2864303588867 -80.1427383422852 -82.1558151245117 -84.675910949707 -89.6064529418945 -94.5411376953125 -99.4783096313477 -102.205307006836 -104.643348693848 -106.986976623535 -108.363624572754 -109.189071655273 -109.680442810059 -108.574760437012 -104.79500579834 -101.049247741699 -97.5165939331055 -95.625602722168 -93.7810287475586 -91.9852142333984 -90.9565505981445 -90.0338287353516 -89.0752105712891 -88.6922454833984
-94.2303695678711 -94.0263442993164 -93.8781204223633 -93.7992935180664 -93.0510635375977 -92.0257186889648 -90.895263671875 -89.5235137939453 -87.8553009033203 -86.0588912963867 -83.8922805786133 -80.3000946044922 -76.7907485961914 -73.348014831543 -72.237190246582 -71.3346557617188 -70.4617004394531 -72.4661331176758 -75.9043579101562 -79.390380859375 -82.3549499511719 -84.5523681640625 -86.884407043457 -89.531982421875 -93.7666397094727 -98.0274963378906 -102.312980651855 -104.743522644043 -106.880378723145 -108.909156799316 -110.108726501465 -110.793983459473 -111.14965057373 -110.083068847656 -106.473411560059 -102.912963867188 -99.5333786010742 -97.624870300293 -95.7345962524414 -93.8659362792969 -92.5430374145508 -91.3300323486328 -90.1225128173828 -89.489372253418
-95.0558319091797 -94.6250305175781 -94.2191390991211 -93.8374862670898 -92.9499969482422 -91.8423156738281 -90.6542663574219 -89.1149063110352 -87.1237335205078 -85.0692901611328 -82.8001861572266 -79.631706237793 -76.5132522583008 -73.4374008178711 -73.3788604736328 -73.6264266967773 -73.8906555175781 -76.4119033813477 -80.1341018676758 -83.9036178588867 -87.2303009033203 -89.8596343994141 -92.5968551635742 -95.4544677734375 -98.8302612304688 -102.259346008301 -105.744384765625 -107.753684997559 -109.487724304199 -111.105262756348 -111.996337890625 -112.401481628418 -112.494689941406 -111.497833251953 -108.399688720703 -105.33699798584 -102.367874145508 -100.258819580078 -98.1554260253906 -96.0602874755859 -94.5461807250977 -93.1714096069336 -91.8213882446289 -90.843017578125
-95.9390716552734 -95.2843627929688 -94.6220397949219 -93.9531097412109 -92.9375076293945 -91.7633438110352 -90.5250244140625 -88.8324890136719 -86.5264129638672 -84.1925964355469 -81.7750244140625 -79.0004501342773 -76.2540588378906 -73.5335311889648 -74.4922103881836 -75.8812789916992 -77.284553527832 -80.3506546020508 -84.3594131469727 -88.4194946289062 -92.1109771728516 -95.1799468994141 -98.3385238647461 -101.46662902832 -104.003410339355 -106.597412109375 -109.255821228027 -110.802352905273 -112.109855651855 -113.309898376465 -113.881118774414 -113.999252319336 -113.846313476562 -112.908172607422 -110.340827941895 -107.778938293457 -105.241882324219 -102.926406860352 -100.607444763184 -98.2858734130859 -96.5776824951172 -95.0361328125 -93.523323059082 -92.1945343017578
-96.9247283935547 -96.0393447875977 -95.1163711547852 -94.178955078125 -93.0479202270508 -91.8231430053711 -90.5370178222656 -88.7002639770508 -86.0812683105469 -83.4391021728516 -80.8203125 -78.4063491821289 -76.0113906860352 -73.6346893310547 -75.5768432617188 -78.0999069213867 -80.6435852050781 -84.2817611694336 -88.5789566040039 -92.9331207275391 -96.9882965087891 -100.500106811523 -104.057342529297 -107.410041809082 -109.059555053711 -110.791893005371 -112.620513916016 -113.662216186523 -114.512886047363 -115.277587890625 -115.520637512207 -115.363754272461 -114.989608764648 -114.110870361328 -112.098907470703 -110.068481445312 -108.023857116699 -105.465423583984 -102.89143371582 -100.29923248291 -98.2184677124023 -96.2732849121094 -94.3358917236328 -92.6179580688477
-97.4034805297852 -96.4585037231445 -95.4591293334961 -94.443244934082 -93.1942367553711 -91.8230667114258 -90.3902969360352 -88.3610153198242 -85.4434204101562 -82.5075912475586 -79.8108367919922 -78.7109451293945 -77.6529388427734 -76.6375350952148 -79.0178298950195 -81.8985214233398 -84.780143737793 -88.0847625732422 -91.6410675048828 -95.2253341674805 -98.6450805664062 -101.776992797852 -104.943748474121 -108.010963439941 -109.777824401855 -111.622177124023 -113.562698364258 -114.42658996582 -115.016983032227 -115.537933349609 -115.679695129395 -115.509880065918 -115.165161132812 -114.538681030273 -113.243751525879 -111.901321411133 -110.524345397949 -107.65983581543 -104.772590637207 -101.854911804199 -99.1156158447266 -96.4178161621094 -93.7321395874023 -91.6506500244141
-97.6679992675781 -96.741828918457 -95.7426834106445 -94.7190780639648 -93.3546905517578 -91.8057708740234 -90.1986389160156 -87.9684906005859 -84.7602310180664 -81.5368957519531 -78.7482147216797 -79.142204284668 -79.5709533691406 -80.0352783203125 -82.7619934082031 -85.8677978515625 -88.9826354980469 -91.8995742797852 -94.6574401855469 -97.4486312866211 -100.233413696289 -103.034881591797 -105.856025695801 -108.623710632324 -110.509414672852 -112.467819213867 -114.522575378418 -115.224464416504 -115.556175231934 -115.833564758301 -115.865684509277 -115.682907104492 -115.347999572754 -114.925827026367 -114.324378967285 -113.666053771973 -112.985260009766 -109.837661743164 -106.646697998047 -103.415397644043 -100.047943115234 -96.6092071533203 -93.1698837280273 -90.6837539672852
-97.9558181762695 -97.0317764282227 -96.0186462402344 -94.9833984375 -93.5039443969727 -91.7735977172852 -89.9929351806641 -87.5657119750977 -84.0676574707031 -80.5510482788086 -77.6145629882812 -79.4941711425781 -81.4081573486328 -83.3569259643555 -86.4711074829102 -89.807502746582 -93.1640319824219 -95.7328872680664 -97.7006301879883 -99.706916809082 -101.850044250488 -104.328491210938 -106.807662963867 -109.261009216309 -111.266105651855 -113.33959197998 -115.509918212891 -116.064338684082 -116.137413024902 -116.169128417969 -116.081069946289 -115.88321685791 -115.538795471191 -115.275253295898 -115.349151611328 -115.372985839844 -115.374519348145 -112.009101867676 -108.521636962891 -104.984062194824 -101.005256652832 -96.8225708007812 -92.6386337280273 -89.7179641723633
-97.61669921875 -96.6886596679688 -95.6595001220703 -94.6112823486328 -93.1103668212891 -91.3481521606445 -89.5532684326172 -87.1725158691406 -83.7684555053711 -80.3641586303711 -77.56787109375 -80.4032135009766 -83.2423782348633 -86.0844955444336 -89.1766586303711 -92.3122253417969 -95.4576721191406 -97.6983947753906 -99.2377014160156 -100.840782165527 -102.621810913086 -104.820007324219 -107.003723144531 -109.16748046875 -111.022850036621 -112.930046081543 -114.921783447266 -115.341232299805 -115.255592346191 -115.147979736328 -115.044708251953 -114.952415466309 -114.725372314453 -114.583915710449 -114.80834197998 -114.966979980469 -115.081039428711 -111.856903076172 -108.454414367676 -105.009078979492 -100.901229858398 -96.4785995483398 -92.0324249267578 -88.7919769287109
-96.2089920043945 -95.3133163452148 -94.3137359619141 -93.2976303100586 -91.9447708129883 -90.3881301879883 -88.8078002929688 -86.774040222168 -83.9036178588867 -81.0297317504883 -78.6656951904297 -81.8782119750977 -85.0942611694336 -88.3124542236328 -91.0706024169922 -93.7179489135742 -96.3871231079102 -98.3727569580078 -99.7967224121094 -101.289253234863 -102.919609069824 -104.892768859863 -106.833824157715 -108.749717712402 -110.367485046387 -112.033264160156 -113.783721923828 -114.113494873047 -113.944808959961 -113.768463134766 -113.706398010254 -113.778747558594 -113.722244262695 -113.72834777832 -114.06290435791 -114.337371826172 -114.567390441895 -111.563209533691 -108.310241699219 -105.001266479492 -100.798126220703 -96.1329956054688 -91.4270629882812 -87.8691711425781
-94.7462768554688 -93.869270324707 -92.8877639770508 -91.8965072631836 -90.6800155639648 -89.3211669921875 -87.9593276977539 -86.2690353393555 -83.9369506835938 -81.6129684448242 -79.711555480957 -83.3284606933594 -86.9425430297852 -90.5493850708008 -93.0115966796875 -95.1796569824219 -97.3592224121094 -99.0649795532227 -100.359176635742 -101.715835571289 -103.172073364258 -104.892234802246 -106.588012695312 -108.266136169434 -109.660537719727 -111.094161987305 -112.607376098633 -112.845909118652 -112.597442626953 -112.356956481934 -112.331993103027 -112.57315826416 -112.692916870117 -112.854789733887 -113.305229187012 -113.698081970215 -114.044532775879 -111.259269714355 -108.154991149902 -104.976234436035 -100.687744140625 -95.775749206543 -90.8159027099609 -86.9456405639648
-93.2059326171875 -92.3260650634766 -91.3440551757812 -90.3617248535156 -89.2602310180664 -88.0804672241211 -86.9211578369141 -85.5428009033203 -83.7062759399414 -81.886589050293 -80.4005584716797 -84.3420715332031 -88.26318359375 -92.1551284790039 -94.3986663818359 -96.2001113891602 -98.0186157226562 -99.509765625 -100.690437316895 -101.931091308594 -103.224403381348 -104.648582458496 -106.052589416504 -107.439590454102 -108.524856567383 -109.63102722168 -110.804275512695 -110.953170776367 -110.684585571289 -110.446922302246 -110.515930175781 -110.986228942871 -111.347946166992 -111.703842163086 -112.122970581055 -112.477210998535 -112.77318572998 -109.714836120605 -106.200500488281 -102.558311462402 -98.0610885620117 -93.062629699707 -88.0236740112305 -84.1752548217773
-90.1778945922852 -89.3254165649414 -88.3926544189453 -87.4688339233398 -86.5056762695312 -85.5171890258789 -84.5724563598633 -83.4591522216797 -81.9672470092773 -80.5059051513672 -79.2954711914062 -83.3180313110352 -87.3127975463867 -91.2658462524414 -93.6932754516602 -95.6736297607422 -97.6572799682617 -99.2338485717773 -100.401298522949 -101.622978210449 -102.817420959473 -103.887489318848 -104.944694519043 -105.989471435547 -106.662498474121 -107.342384338379 -108.083442687988 -108.201881408691 -108.048614501953 -107.943115234375 -108.211929321289 -109.00666809082 -109.69987487793 -110.316612243652 -110.603034973145 -110.827033996582 -110.990875244141 -107.40552520752 -103.220306396484 -98.8869476318359 -94.1998291015625 -89.2918701171875 -84.3398742675781 -80.6977233886719
-87.1256103515625 -86.3063659667969 -85.4314727783203 -84.568717956543 -83.743408203125 -82.9490051269531 -82.2136764526367 -81.3567733764648 -80.2037734985352 -79.0957489013672 -78.164680480957 -82.2643203735352 -86.3300399780273 -90.342170715332 -92.9479141235352 -95.1061096191406 -97.2582244873047 -98.9291687011719 -100.08723449707 -101.287307739258 -102.389419555664 -103.101203918457 -103.799926757812 -104.485527038574 -104.73119354248 -104.96630859375 -105.25463104248 -105.301902770996 -105.240653991699 -105.242462158203 -105.678153991699 -106.770347595215 -107.782112121582 -108.669082641602 -108.814598083496 -108.900207519531 -108.923873901367 -104.824737548828 -99.961799621582 -94.9305953979492 -90.0174255371094 -85.2060317993164 -80.3847961425781 -76.9683227539062
-84.0291900634766 -83.2575149536133 -82.4557495117188 -81.6584548950195 -80.9720458984375 -80.375732421875 -79.8437347412109 -79.2337875366211 -78.4137573242188 -77.6544723510742 -77.0075378417969 -81.1816787719727 -85.3172302246094 -89.3882369995117 -92.168701171875 -94.5053939819336 -96.8300399780273 -98.604621887207 -99.7570114135742 -100.935340881348 -101.954551696777 -102.307174682617 -102.641754150391 -102.958869934082 -102.787239074707 -102.602500915527 -102.479339599609 -102.462158203125 -102.502021789551 -102.618324279785 -103.185661315918 -104.475219726562 -105.682083129883 -106.729354858398 -106.768829345703 -106.760345458984 -106.697822570801 -102.144676208496 -96.6444320678711 -90.9606094360352 -85.946662902832 -81.4935073852539 -77.0931854248047 -74.0625610351562
-81.7557067871094 -81.0776443481445 -80.3736877441406 -79.6669769287109 -79.1139678955078 -78.6895751953125 -78.3335189819336 -77.9552230834961 -77.4992065429688 -77.1198501586914 -76.7970504760742 -80.8782196044922 -84.9107894897461 -88.8615264892578 -91.5186004638672 -93.688117980957 -95.8279724121094 -97.51171875 -98.6574096679688 -99.8137054443359 -100.788185119629 -100.938369750977 -101.074478149414 -101.197532653809 -101.041137695312 -100.877708435059 -100.767509460449 -100.749824523926 -100.784553527832 -100.912651062012 -101.318061828613 -102.20002746582 -103.022125244141 -103.756034851074 -103.907562255859 -104.013748168945 -104.06436920166 -99.2046890258789 -93.1727447509766 -86.9355316162109 -82.0789566040039 -78.431510925293 -74.8680801391602 -72.4161376953125
-79.8327789306641 -79.251220703125 -78.6367950439453 -78.0125045776367 -77.5733261108398 -77.2962341308594 -77.0904083251953 -76.9183044433594 -76.8171234130859 -76.8027648925781 -76.8438110351562 -80.7275009155273 -84.6047592163086 -88.3920974731445 -90.8746109008789 -92.8296585083008 -94.7515029907227 -96.3302383422852 -97.4805221557617 -98.6288909912109 -99.5792999267578 -99.5427627563477 -99.4914474487305 -99.4263076782227 -99.2842254638672 -99.1495056152344 -99.0595474243164 -99.0498428344727 -99.0893707275391 -99.2198715209961 -99.4702529907227 -99.9356842041016 -100.357215881348 -100.741119384766 -100.985198974609 -101.189743041992 -101.342361450195 -96.1901397705078 -89.623291015625 -82.8724594116211 -78.1594085693359 -75.3621597290039 -72.6518936157227 -70.8195724487305
-78.0197525024414 -77.533805847168 -77.0100936889648 -76.4813385009766 -76.1671600341797 -76.0496368408203 -75.9857177734375 -76.0039672851562 -76.2471160888672 -76.5635528564453 -76.9294815063477 -80.5757751464844 -84.2641830444336 -87.8755187988281 -90.1727981567383 -91.9025802612305 -93.606330871582 -95.0733032226562 -96.2281646728516 -97.3751983642578 -98.3146591186523 -98.0987701416016 -97.8708572387695 -97.631233215332 -97.5091018676758 -97.4157257080078 -97.3570327758789 -97.3662872314453 -97.4203567504883 -97.5429534912109 -97.6432342529297 -97.6826171875 -97.6892395019531 -97.6900024414062 -98.01318359375 -98.3067321777344 -98.557861328125 -93.1359252929688 -86.0351409912109 -78.797119140625 -74.2019500732422 -72.3062362670898 -70.4670562744141 -69.2791748046875
