indici/fabbisogno09.asc
NCOLS 177 
NROWS 174 
XLLCORNER 1436301.375 
YLLCORNER 4916704.5 
CELLSIZE 1500 
NODATA_value -9999 
[rows 96 to 119 of 174, columns 0 to 53 of 177]
-9999 -9999 -9999 -9999 -9999 -9999 -9999 -9999 -9999 -9999 -9999 -9999 -9999 -9999 -9999 -9999 -9999 -9999 -9999 -9999 -9999 -9999 -9999 -9999 -9999 -9999 -9999 -9999 -9999 -9999 -9999 -9999 43.4047451019287 41.9425807952881 40.4349235534668 39.1561759948731 37.7760898590088 36.65166015625 35.2803150177002 33.1938674926758 30.2280361175537 26.4508476257324 21.5592849731445 15.3622596740723 8.12191390991211 0.479455566406251 -6.19712524414062 -11.7138000488281 -15.6682479858398 -17.8341979980469 -18.1706207275391 -17.4822235107422 -16.3867630004883 -14.9965545654297
-9999 -9999 -9999 -9999 -9999 -9999 -9999 -9999 -9999 -9999 -9999 -9999 -9999 -9999 -9999 -9999 -9999 -9999 -9999 -9999 -9999 -9999 -9999 -9999 -9999 -9999 -9999 -9999 -9999 -9999 -9999 -9999 -9999 43.1565128326416 41.1362590789795 39.193176651001 37.302530670166 35.7034984588623 33.8633182525635 31.5239353179932 28.2180568695068 24.2067405700684 19.5254623413086 13.8960784912109 7.43806915283204 0.804097747802736 -5.22052459716797 -9.55488128662109 -12.0281173706055 -13.0366058349609 -12.9280044555664 -11.6783813476562 -10.0599990844727 -8.48933868408203
-9999 -9999 -9999 -9999 -9999 -9999 -9999 -9999 -9999 -9999 -9999 -9999 -9999 -9999 -9999 -9999 -9999 -9999 -9999 -9999 -9999 -9999 -9999 -9999 -9999 -9999 -9999 -9999 -9999 -9999 -9999 -9999 -9999 43.2377182006836 40.8076923370361 38.2241455078125 35.8062885284424 33.4675075531006 31.2323333740234 28.7817844390869 25.6356170654297 21.7671684265137 17.5273971557617 12.7590042114258 7.53534851074219 2.37729568481446 -2.20625610351562 -5.58589630126953 -7.10678100585938 -7.14375 -6.31280059814453 -5.05829925537109 -3.34012756347656 -1.58806457519531
-9999 -9999 -9999 -9999 -9999 -9999 -9999 -9999 -9999 -9999 -9999 -9999 -9999 -9999 -9999 -9999 -9999 -9999 -9999 -9999 -9999 -9999 -9999 -9999 -9999 -9999 -9999 -9999 -9999 -9999 -9999 -9999 -9999 -9999 39.186450958252 35.8494934082031 32.810152053833 30.0608909606934 27.6793006896973 25.3349952697754 22.6494140625 19.2924934387207 15.7263069152832 12.065731048584 8.37868957519532 4.91382217407227 2.10210647583008 0.205541992187506 -0.560820007324217 -0.197685241699219 0.781707763671875 2.04475708007813 3.21488113403321 4.15880737304688
-9999 -9999 -9999 -9999 -9999 -9999 -9999 -9999 -9999 -9999 -9999 -9999 -9999 -9999 -9999 -9999 -9999 -9999 -9999 -9999 -9999 -9999 -9999 -9999 -9999 -9999 -9999 -9999 -9999 -9999 50.4679676055908 47.620293045044 44.2452991485596 40.4620487213135 36.5561180114746 32.4962886810303 28.8539768218994 25.7937393188477 23.2685424804688 21.3658065795898 19.5827598571777 17.2460586547852 14.5919799804688 12.3438362121582 10.0120697021484 8.17060928344727 6.79000854492188 5.92686920166016 5.86077346801758 6.46614074707031 7.34393310546875 8.08472442626953 8.80055999755859 9.41727828979492
-9999 -9999 -9999 -9999 -9999 -9999 -9999 -9999 -9999 -9999 -9999 -9999 -9999 -9999 -9999 -9999 -9999 -9999 -9999 -9999 -9999 -9999 -9999 -9999 -9999 -9999 -9999 -9999 54.215969657898 52.2346504211426 49.6549337387085 46.4952243804932 42.5599262237549 38.0364822387695 33.3687015533447 28.5718673706055 24.3673797607422 21.1299987792969 18.7942611694336 17.2970397949219 16.4585609436035 15.6756439208984 14.2261741638184 12.9727661132813 12.2669914245606 11.7572647094727 11.4251190185547 11.5400238037109 11.7112998962402 12.3201950073242 12.7876647949219 13.0437850952148 13.2340774536133 13.3225402832031
-9999 -9999 -9999 -9999 -9999 -9999 -9999 -9999 -9999 -9999 -9999 -9999 -9999 -9999 -9999 -9999 -9999 -9999 -9999 -9999 -9999 -9999 58.1832039833069 58.2405210494995 -9999 -9999 -9999 -9999 53.2173391342163 51.2162385940552 48.4586269378662 44.9530338287354 40.5332870483398 35.3874153137207 30.0850616455078 24.7704032897949 20.2102325439453 16.8802925109863 14.9072784423828 13.8687644958496 13.8424903869629 14.2424240112305 14.5047966003418 14.4523338317871 14.7489517211914 15.1722877502441 15.6584480285645 16.1569648742676 16.6078132629395 16.9635032653809 16.7855529785156 16.6532020568848 16.2684722900391 15.8208610534668
-9999 -9999 -9999 -9999 -9999 -9999 -9999 -9999 -9999 -9999 -9999 -9999 -9999 -9999 -9999 -9999 -9999 -9999 52.2032793045044 55.0434730529785 56.5462640762329 57.1453317642212 57.6028750419617 57.6697558403015 -9999 -9999 -9999 -9999 -9999 49.5249130249023 46.797732925415 43.1109050750732 38.3863510131836 32.9035583496094 27.1278953552246 21.7642875671387 17.099129486084 13.8531364440918 11.9602867126465 11.5919082641602 12.2477165222168 13.6482147216797 15.0832260131836 16.2513542175293 17.4262809753418 18.2401176452637 19.1704483032227 19.7904716491699 20.2785400390625 20.2202949523926 19.8801567077637 19.324055480957 18.5600524902344 17.2690940856934
-9999 -9999 -9999 -9999 -9999 -9999 -9999 -9999 -9999 -9999 -9999 -9999 -9999 -9999 -9999 -9999 -9999 -9999 51.7354944229126 54.3679313659668 55.4896158218384 56.2626516342163 56.6640758514404 56.721452999115 56.091056728363 -9999 -9999 -9999 50.0404510498047 47.6033937454224 44.5057052612305 40.9793472290039 36.2813541412354 30.8309288024902 25.185994720459 19.8785865783691 15.6417137145996 12.4432418823242 10.9669212341309 11.0031120300293 12.0314994812012 13.8325866699219 15.8302398681641 17.8210510253906 19.6840538024902 20.9481147766113 22.1282218933106 22.7388206481934 22.9690887451172 22.7869155883789 22.1295516967773 21.0155410766602 19.4620193481445 17.6472839355469
-9999 -9999 -9999 -9999 -9999 -9999 -9999 -9999 -9999 -9999 -9999 -9999 -9999 -9999 -9999 -9999 -9999 -9999 51.1809995651245 53.1364971160889 54.365619468689 55.1109842300415 55.3612379074097 55.0402046203613 54.1724277496338 53.1289932250977 -9999 -9999 47.602685546875 45.2007209777832 42.1622501373291 38.5826522827148 34.6257217407227 29.6396915435791 24.4233337402344 19.7358703613281 15.9365516662598 13.2108772277832 12.179288482666 12.2475120544434 13.2980667114258 14.8946647644043 16.9194198608398 19.3659744262695 21.1895881652832 22.6750877380371 23.9204689025879 24.5540153503418 24.6187461853027 23.9571273803711 22.8598579406738 21.2859443664551 19.5070846557617 17.3739295959473
-9999 -9999 -9999 -9999 -9999 -9999 -9999 -9999 -9999 -9999 -9999 -9999 -9999 -9999 -9999 -9999 -9999 47.5409427642822 50.362073135376 51.9182033538818 52.8915754318237 53.4584859848023 53.4273458480835 52.6662607192993 51.5547681808472 50.1627824783325 -9999 46.9572113037109 44.4340351104736 42.2140235900879 39.5910251617432 36.4465263366699 32.9951309204102 29.3155372619629 25.0583038330078 21.4145538330078 18.2036697387695 15.9692855834961 15.0597480773926 15.0409057617188 15.6022232055664 16.7819915771484 18.4839088439941 20.6918228149414 22.4237396240234 23.9381629943848 25.1078742980957 25.2986938476563 25.0454238891602 24.1241912841797 22.6139686584473 20.7796752929688 18.6146926879883 16.5931800842285
-9999 -9999 -9999 -9999 -9999 -9999 -9999 -9999 -9999 -9999 -9999 -9999 -9999 -9999 -9999 -9999 -9999 47.2083152770996 49.3345943450928 50.4924077987671 51.0507352828979 51.3452995300293 50.7827127456665 49.4369094848633 47.8067308425903 46.0291088104248 44.3423458099365 42.7934303283691 40.8815368652344 38.7033081054688 36.7381702423096 34.5077995300293 31.9425952911377 29.6480690002441 26.8432563781738 24.127906036377 21.7481262207031 20.0441879272461 19.2281494140625 18.9288078308105 18.9364448547363 19.4865081787109 21.0385650634766 22.475301361084 23.854305267334 24.9036354064941 25.4667999267578 25.5612503051758 24.8220489501953 23.4799423217773 21.3855010986328 19.2672477722168 17.0780769348145 15.101294708252
-9999 -9999 -9999 -9999 -9999 -9999 -9999 -9999 -9999 -9999 -9999 -9999 -9999 -9999 -9999 -9999 -9999 46.9166202545166 48.1177989959717 48.7125392913818 49.3005752563477 48.4313701629639 47.1917278289795 45.2823532104492 42.9862415313721 40.7568546295166 38.8695751190186 37.4716293334961 36.3858875274658 35.2498382568359 33.8032337188721 32.7223861694336 31.4709957122803 30.1028549194336 28.9001903533936 27.2912300109863 25.8390045166016 24.7033241271973 23.9683578491211 23.3789123535156 23.1754600524902 23.0259574890137 24.1249473571777 24.7986640930176 25.3845573425293 25.8942245483398 25.7954818725586 25.177808380127 23.8389846801758 21.949626159668 19.6116409301758 16.8269599914551 14.9385765075684 13.5017372131348
-9999 -9999 -9999 -9999 -9999 -9999 -9999 -9999 -9999 -9999 -9999 -9999 -9999 -9999 -9999 -9999 -9999 -9999 46.647301864624 47.2291893005371 46.5072525024414 44.9784427642822 43.094259262085 40.3635787963867 37.4072650909424 34.733674621582 32.686950302124 31.577006149292 31.2263576507568 31.3867607116699 31.547518157959 31.3332012176514 31.3212898254395 31.139342880249 31.0845672607422 30.5193382263184 29.911177444458 29.2165328979492 28.7030956268311 28.0180725097656 27.6622749328613 27.8782196044922 27.5116676330566 27.3259712219238 27.1431114196777 26.8855491638184 25.8831077575684 24.4924797058106 22.1013565063477 19.8838981628418 17.4728698730469 14.3984962463379 12.4727210998535 11.5720596313477
-9999 -9999 -9999 -9999 -9999 -9999 -9999 -9999 -9999 -9999 -9999 -9999 -9999 -9999 -9999 -9999 -9999 -9999 45.3106170654297 44.7625904083252 43.3422290802002 41.2253101348877 38.7163635253906 35.2403087615967 31.6003532409668 28.5372436523438 26.5116203308106 25.7971954345703 26.3439270019531 27.5694709777832 29.3210014343262 30.6446361541748 31.6137371063232 32.3134006500244 33.2915573120117 33.5405784606934 33.5306789398193 33.3341167449951 33.1742347717285 32.6459354400635 32.5245315551758 31.9106544494629 31.2087509155273 30.2243980407715 29.3647445678711 28.072257232666 26.3114677429199 23.5322082519531 20.6957366943359 18.0586181640625 14.9682487487793 12.4482620239258 10.4104293823242 10.1807548522949
-9999 -9999 -9999 -9999 -9999 -9999 -9999 -9999 -9999 -9999 -9999 -9999 -9999 -9999 -9999 -9999 -9999 -9999 42.7354434967041 41.5562503814697 40.0016578674316 37.389380645752 34.2620307922363 30.4680809020996 26.4257118225098 23.1155799865723 21.2456405639648 21.0253623962402 22.2190437316895 24.518514251709 27.3223937988281 30.0077007293701 32.0047618865967 33.66457862854 35.4844352722168 36.3805107116699 36.7473705291748 37.1447566986084 37.0399494171143 36.9515113830566 36.4089241027832 35.6767375946045 34.6901020050049 33.5558113098145 31.876639175415 29.6710926055908 26.5097152709961 23.4030967712402 20.026976776123 16.5326332092285 13.1511497497559 10.7479263305664 9.75349655151368 9.82549743652344
-9999 -9999 -9999 -9999 -9999 -9999 -9999 -9999 -9999 -9999 -9999 -9999 -9999 -9999 -9999 -9999 -9999 -9999 39.8989414215088 37.9568675994873 35.8298793792725 33.4358318328857 30.2167915344238 26.5070243835449 22.6456611633301 19.4734352111816 17.8513710021973 18.0273071289063 19.7386161804199 22.6168579101563 25.8917350769043 29.2339508056641 32.2252723693848 34.6300716400146 36.7960990905762 38.308464050293 39.2489692687988 39.7903160095215 40.040111541748 39.9648014068604 39.6553325653076 38.8932342529297 37.9402809143066 36.2583019256592 34.2291080474854 30.8918952941895 27.5661064147949 23.8184211730957 19.98603515625 15.7493446350098 12.2008613586426 10.019344329834 9.67960357666016 11.0968498229981
-9999 -9999 -9999 -9999 -9999 -9999 -9999 -9999 -9999 -9999 -9999 -9999 -9999 -9999 -9999 -9999 -9999 -9999 36.4517753601074 34.1837238311768 32.1086135864258 29.6414611816406 26.9564659118652 23.774348449707 20.49404296875 17.9755928039551 16.674048614502 16.9792770385742 18.6121742248535 21.4841201782227 24.8632041931152 28.4337677001953 31.7697978973389 34.7940731048584 37.3146301269531 39.2153602600098 40.6551239013672 41.5859466552734 42.035563659668 42.2061717987061 42.2274261474609 41.6536228179932 40.4070236206055 38.5801921844482 36.1799346923828 32.8108367919922 29.0399192810059 25.0192176818848 20.5791702270508 16.2157531738281 12.7715423583984 10.919416809082 11.1756057739258 13.4054298400879
-9999 -9999 -9999 -9999 -9999 -9999 -9999 -9999 -9999 -9999 -9999 -9999 -9999 -9999 -9999 -9999 -9999 -9999 -9999 30.3531120300293 28.6060623168945 26.765438079834 24.6141784667969 22.7902770996094 20.3058227539063 18.339070892334 17.3631904602051 17.4482620239258 18.5476287841797 20.9351684570313 24.0706352233887 27.5794639587402 31.1339645385742 34.5146141052246 37.5381072998047 39.7864688873291 41.5873218536377 42.7957145690918 43.5169818878174 44.0069736480713 43.9457847595215 43.56960105896 42.3195999145508 40.4429790496826 38.0218765258789 34.6068649291992 30.9754848480225 26.9289909362793 22.0781890869141 17.8446746826172 14.6602226257324 13.3197166442871 14.445711517334 17.3694091796875
-9999 -9999 -9999 -9999 -9999 -9999 -9999 -9999 -9999 -9999 -9999 -9999 -9999 -9999 -9999 -9999 -9999 -9999 -9999 27.0957214355469 25.666382598877 24.8652885437012 23.8955513000488 22.9159393310547 21.8510643005371 20.5880516052246 19.8136367797852 19.2610153198242 19.8093360900879 21.3896873474121 23.8856719970703 26.9677459716797 30.349609375 34.0105941772461 37.1125549316406 39.6708332061768 41.8212852478027 43.3893726348877 44.319877243042 44.880139541626 45.0469932556152 44.5705070495605 43.6611064910889 41.9585472106934 39.5965553283691 36.4087944030762 33.0939098358154 28.9109752655029 24.6119514465332 20.8790504455566 18.1561973571777 17.5919471740723 19.3559684753418 22.5070655822754
-9999 -9999 -9999 -9999 -9999 -9999 -9999 -9999 -9999 -9999 -9999 -9999 -9999 -9999 -9999 -9999 -9999 -9999 -9999 24.2970626831055 23.8815727233887 24.1875762939453 24.4661827087402 24.3886901855469 24.6042793273926 23.9051834106445 22.8806335449219 21.9964385986328 21.8122421264648 22.539395904541 24.0717834472656 26.4060134887695 29.6613494873047 32.9520092010498 36.2308296203613 39.0286815643311 41.3877388000488 43.2700973510742 44.510285949707 45.2697330474854 45.5991798400879 45.3197435379028 44.4171375274658 42.9751777648926 41.0650550842285 38.0525192260742 34.9655986785889 31.3110416412354 27.7526863098145 24.7809516906738 23.270369720459 23.4486686706543 25.4489074707031 28.7600185394287
-9999 -9999 -9999 -9999 -9999 -9999 -9999 -9999 -9999 -9999 -9999 -9999 -9999 -9999 -9999 -9999 -9999 -9999 -9999 22.8810791015625 24.1129531860352 25.1699890136719 26.2646553039551 27.1651634216309 27.9207359313965 27.8317504882813 26.5419090270996 25.3818344116211 24.5596885681152 24.2138893127441 24.6368591308594 26.3944572448731 28.9246223449707 31.8376457214355 34.965060043335 37.8854820251465 40.4597026824951 42.5900184631348 44.1086723327637 45.0585765838623 45.5211404800415 45.5466617584229 44.8440113067627 43.6246818542481 41.9440776824951 39.3528049468994 36.6591358184814 33.8189506530762 31.3332008361816 29.4434894561768 28.7277236938477 29.4912631988525 31.6999294281006 34.8113254547119
-9999 -9999 -9999 -9999 -9999 -9999 -9999 -9999 -9999 -9999 -9999 -9999 -9999 -9999 -9999 -9999 -9999 -9999 -9999 -9999 25.6714851379395 27.8475303649902 29.9133308410645 30.9053001403809 31.5118888854981 31.6261123657227 30.5232902526856 29.1073860168457 27.5956039428711 26.5448951721191 26.3552711486816 26.7629013061523 28.1236198425293 30.464567565918 33.3896968841553 36.2589611053467 39.0166622161865 41.3433807373047 40.3057579040527 41.5289749145508 42.2806354522705 45.0797700881958 44.6933576583862 43.8342308044434 42.620503616333 40.6706851959229 38.6117378234863 36.5415245056152 35.0065273284912 34.0892906188965 34.1530059814453 35.2787715911865 37.4586883544922 40.2651172637939
-9999 -9999 -9999 -9999 -9999 -9999 -9999 -9999 -9999 -9999 -9999 -9999 -9999 -9999 -9999 -9999 -9999 -9999 -9999 -9999 -9999 31.4814491271973 33.8043106079102 35.4606594085693 36.2003196716309 35.8711753845215 34.920426940918 33.4248359680176 31.3057281494141 29.3114540100098 27.8659477233887 27.1609565734863 27.6363487243652 29.3352294921875 31.8432754516602 34.478018951416 33.5205379486084 35.5782703399658 37.297615814209 38.750288772583 39.8917594909668 40.8368595123291 41.3357032775879 43.6579982757568 42.9493618011475 41.9888042449951 40.5408798217773 39.3252410888672 38.5192237854004 38.3656700134277 38.9353965759277 40.3334754943848 42.3895416259766 44.8116149902344
