indici/fabbisogno11.asc
NCOLS 177 
NROWS 174 
XLLCORNER 1436301.375 
YLLCORNER 4916704.5 
CELLSIZE 1500 
NODATA_value -9999 
[rows 60 to 79 of 174, columns 44 to 87 of 177]
-234.776123046875 -233.218170166016 -230.469100952148 -225.722015380859 -221.007873535156 -216.394134521484 -212.450424194336 -208.661071777344 -205.034851074219 -203.478637695312 -202.303619384766 -201.243087768555 -201.354293823242 -202.24983215332 -203.568542480469 -205.290725708008 -207.782638549805 -210.08869934082 -212.320358276367 -214.572982788086 -216.955795288086 -219.495086669922 -222.609878540039 -225.784866333008 -228.702606201172 -230.568786621094 -231.617858886719 -232.52326965332 -233.279388427734 -233.723770141602 -234.033309936523 -234.21061706543 -232.959991455078 -231.472290039062 -229.655136108398 -228.240768432617 -227.010818481445 -226.200469970703 -225.371688842773 -224.527084350586 -224.538803100586 -224.225204467773 -222.784652709961 -221.169067382812
-236.441711425781 -234.756286621094 -232.287567138672 -228.500473022461 -224.760757446289 -221.092437744141 -217.837844848633 -214.637756347656 -211.495452880859 -209.787155151367 -208.329803466797 -206.891052246094 -206.187454223633 -205.980941772461 -206.220977783203 -207.09033203125 -209.186904907227 -211.272201538086 -213.387115478516 -215.925018310547 -218.507659912109 -221.143829345703 -223.917144775391 -226.673690795898 -229.237258911133 -230.788604736328 -231.532684326172 -232.26399230957 -232.980545043945 -233.671051025391 -234.153228759766 -234.471420288086 -233.227600097656 -231.86979675293 -230.349685668945 -228.805603027344 -227.268020629883 -225.826217651367 -224.449081420898 -223.133270263672 -222.474456787109 -221.565017700195 -219.723114013672 -217.831893920898
-237.94563293457 -236.096542358398 -233.869644165039 -231.005279541016 -228.195434570312 -225.426086425781 -222.812789916992 -220.192016601562 -217.563262939453 -215.736541748047 -214.041244506836 -212.315704345703 -210.894790649414 -209.680465698242 -208.879119873047 -208.925735473633 -210.663009643555 -212.5107421875 -214.467758178711 -217.253067016602 -220.037780761719 -222.821166992188 -225.310653686523 -227.690719604492 -229.898284912109 -231.132247924805 -231.569412231445 -232.044937133789 -232.627258300781 -233.472640991211 -234.096725463867 -234.556533813477 -233.318252563477 -232.020614624023 -230.633865356445 -228.80126953125 -226.817047119141 -224.764709472656 -222.857727050781 -221.092910766602 -219.874450683594 -218.485076904297 -216.367401123047 -214.295959472656
-239.24967956543 -237.192749023438 -235.16162109375 -233.175827026367 -231.243530273438 -229.319381713867 -227.293273925781 -225.243423461914 -223.16780090332 -221.266067504883 -219.388000488281 -217.484344482422 -215.458541870117 -213.342956542969 -211.542297363281 -210.799011230469 -212.214431762695 -213.806976318359 -215.563171386719 -218.557693481445 -221.545837402344 -224.525039672852 -226.784362792969 -228.825393676758 -230.672546386719 -231.584106445312 -231.710006713867 -231.86116027832 -232.231567382812 -233.162292480469 -233.907028198242 -234.513687133789 -233.284225463867 -232.005615234375 -230.650588989258 -228.442443847656 -225.93896484375 -223.305526733398 -220.89436340332 -218.708541870117 -217.002578735352 -215.199615478516 -212.879440307617 -210.689331054688
-239.062133789062 -236.498794555664 -234.283615112305 -232.663299560547 -231.093078613281 -229.557312011719 -228.15869140625 -226.719314575195 -225.235443115234 -223.336120605469 -221.355133056641 -219.352844238281 -217.221862792969 -215.000289916992 -213.003005981445 -211.928634643555 -212.763641357422 -213.838516235352 -215.134307861328 -218.2255859375 -221.303085327148 -224.362075805664 -226.493286132812 -228.346801757812 -229.986633300781 -230.707763671875 -230.637283325195 -230.580764770508 -230.715087890625 -231.350357055664 -231.827545166016 -232.192153930664 -230.831314086914 -229.428344726562 -227.959167480469 -226.078887939453 -224.046096801758 -221.839447021484 -219.340911865234 -216.521286010742 -214.112045288086 -211.81005859375 -209.68196105957 -207.756439208984
-238.45539855957 -235.30192565918 -232.796630859375 -231.401626586914 -230.054733276367 -228.786392211914 -228.033294677734 -227.223785400391 -226.352066040039 -224.48908996582 -222.436111450195 -220.359970092773 -218.249389648438 -216.11457824707 -214.134552001953 -212.863067626953 -213.083602905273 -213.592742919922 -214.372283935547 -217.542282104492 -220.695602416992 -223.82649230957 -225.864242553711 -227.571029663086 -229.044189453125 -229.610290527344 -229.374481201172 -229.138046264648 -229.046661376953 -229.353927612305 -229.526626586914 -229.611236572266 -228.111862182617 -226.57926940918 -224.99382019043 -223.478561401367 -221.969970703125 -220.26708984375 -217.745223999023 -214.318115234375 -211.236968994141 -208.452194213867 -206.552749633789 -204.891738891602
-237.849197387695 -234.092361450195 -231.282196044922 -230.09895324707 -228.955032348633 -227.929962158203 -227.799560546875 -227.600402832031 -227.324768066406 -225.48583984375 -223.334518432617 -221.117767333984 -218.960205078125 -216.846481323242 -214.982528686523 -213.625823974609 -213.337921142578 -213.293930053711 -213.522003173828 -216.741638183594 -219.956329345703 -223.164337158203 -225.116363525391 -226.683502197266 -228.004852294922 -228.430557250977 -228.043884277344 -227.634414672852 -227.325073242188 -227.309982299805 -227.150375366211 -226.902923583984 -225.223876953125 -223.519027709961 -221.778839111328 -220.579666137695 -219.571319580078 -218.455352783203 -216.012832641602 -212.057754516602 -208.377395629883 -205.159042358398 -203.553665161133 -202.15559387207
-236.237091064453 -232.169692993164 -229.296371459961 -228.481979370117 -227.698806762695 -227.033248901367 -227.285507202148 -227.45458984375 -227.530258178711 -225.743957519531 -223.572525024414 -221.293746948242 -218.971633911133 -216.61442565918 -214.596786499023 -213.09326171875 -212.692443847656 -212.498260498047 -212.546112060547 -215.525054931641 -218.504455566406 -221.486724853516 -223.320083618164 -224.788543701172 -225.999664306641 -226.331115722656 -225.844284057617 -225.313934326172 -224.885955810547 -224.779495239258 -224.52507019043 -224.180725097656 -222.445449829102 -220.687149047852 -218.914947509766 -217.779052734375 -216.878814697266 -215.947723388672 -213.658233642578 -209.784210205078 -206.134170532227 -202.965179443359 -201.563217163086 -200.33544921875
-233.381072998047 -229.366928100586 -226.730972290039 -226.479995727539 -226.251525878906 -226.089553833008 -226.436950683594 -226.689056396484 -226.833267211914 -225.139053344727 -223.047286987305 -220.805267333984 -218.198547363281 -215.315460205078 -212.865386962891 -211.161575317383 -211.089416503906 -211.18034362793 -211.446273803711 -213.897094726562 -216.359527587891 -218.84114074707 -220.541259765625 -221.971557617188 -223.132064819336 -223.431167602539 -222.908203125 -222.320205688477 -221.869033813477 -221.867416381836 -221.708450317383 -221.450729370117 -219.742538452148 -218.008941650391 -216.279907226562 -215.04655456543 -214.012451171875 -213.037734985352 -210.943435668945 -207.492828369141 -204.198211669922 -201.310592651367 -200.042419433594 -198.918899536133
-230.611618041992 -226.609115600586 -224.167724609375 -224.438003540039 -224.702697753906 -224.977020263672 -225.350570678711 -225.645385742188 -225.850555419922 -224.240570068359 -222.248886108398 -220.175415039062 -217.420654296875 -214.14582824707 -211.241775512695 -209.299682617188 -209.523712158203 -209.854263305664 -210.292846679688 -212.162139892578 -214.051284790039 -215.972473144531 -217.473388671875 -218.803649902344 -219.84880065918 -220.049591064453 -219.423599243164 -218.734649658203 -218.217056274414 -218.278594970703 -218.236328125 -218.127990722656 -216.511901855469 -214.863006591797 -213.229934692383 -211.956207275391 -210.837356567383 -209.821304321289 -207.915466308594 -204.890411376953 -201.98779296875 -199.431106567383 -198.344665527344 -197.320190429688
-228.119369506836 -224.200439453125 -221.952026367188 -222.613143920898 -223.233505249023 -223.809417724609 -224.124465942383 -224.382965087891 -224.576553344727 -223.023452758789 -221.119842529297 -219.230102539062 -216.427871704102 -212.926391601562 -209.703475952148 -207.600601196289 -208.073867797852 -208.593063354492 -209.155746459961 -210.350311279297 -211.567794799805 -212.825088500977 -214.067276000977 -215.258575439453 -216.14811706543 -216.208633422852 -215.436279296875 -214.605194091797 -213.958923339844 -213.960388183594 -213.910064697266 -213.823471069336 -212.383880615234 -210.915252685547 -209.478958129883 -208.244918823242 -207.108047485352 -206.1201171875 -204.460327148438 -201.921310424805 -199.476318359375 -197.307083129883 -196.376205444336 -195.426498413086
-227.591293334961 -224.389251708984 -222.398101806641 -222.52375793457 -222.575698852539 -222.575332641602 -222.35075378418 -222.093887329102 -221.799728393555 -220.156768798828 -218.262664794922 -216.479766845703 -214.079986572266 -211.202102661133 -208.504425048828 -206.753799438477 -207.230758666992 -207.696166992188 -208.145309448242 -208.245819091797 -208.377304077148 -208.562133789062 -209.377456665039 -210.346069335938 -210.997894287109 -210.835220336914 -209.833114624023 -208.778564453125 -207.863220214844 -207.463882446289 -207.070907592773 -206.680908203125 -205.742614746094 -204.803695678711 -203.9072265625 -202.976150512695 -202.040328979492 -201.295654296875 -200.066375732422 -198.178634643555 -196.353164672852 -194.706100463867 -193.903350830078 -193.005477905273
-227.020706176758 -224.545043945312 -222.823120117188 -222.423492431641 -221.933990478516 -221.390502929688 -220.659881591797 -219.916778564453 -219.159164428711 -217.448486328125 -215.574966430664 -213.856079101562 -211.811859130859 -209.51335144043 -207.321151733398 -205.908126831055 -206.369857788086 -206.769821166992 -207.10612487793 -206.103820800781 -205.122634887695 -204.18017578125 -204.502731323242 -205.201232910156 -205.642272949219 -205.283782958984 -204.080093383789 -202.842132568359 -201.703430175781 -200.947677612305 -200.226150512695 -199.527084350586 -199.070663452148 -198.662734985352 -198.325042724609 -197.722534179688 -197.004577636719 -196.466156005859 -195.621368408203 -194.345458984375 -193.08772277832 -191.915313720703 -191.181533813477 -190.349044799805
-226.397857666016 -224.660415649414 -223.222045898438 -222.309600830078 -221.31135559082 -220.264633178711 -219.067687988281 -217.872192382812 -216.67854309082 -214.924697875977 -213.083206176758 -211.377151489258 -209.634399414062 -207.864990234375 -206.155670166016 -205.063934326172 -205.490432739258 -205.813003540039 -206.037567138672 -203.92448425293 -201.806289672852 -199.685699462891 -199.456069946289 -199.843811035156 -200.103256225586 -199.577484130859 -198.200180053711 -196.815017700195 -195.49267578125 -194.416564941406 -193.378448486328 -192.366500854492 -192.374664306641 -192.498382568359 -192.732330322266 -192.47673034668 -191.987457275391 -191.632720947266 -191.143127441406 -190.458557128906 -189.744354248047 -189.026214599609 -188.317779541016 -187.532363891602
-225.088531494141 -223.610931396484 -222.243988037109 -221.073760986328 -219.822250366211 -218.53450012207 -217.196365356445 -215.874984741211 -214.57373046875 -212.984497070312 -211.360610961914 -209.854431152344 -208.41032409668 -207.017440795898 -205.637649536133 -204.656112670898 -204.676330566406 -204.547119140625 -204.302642822266 -201.652084350586 -198.97785949707 -196.266906738281 -195.210403442383 -194.717178344727 -194.218521118164 -193.322937011719 -191.995513916016 -190.68962097168 -189.459381103516 -188.509048461914 -187.607955932617 -186.744735717773 -186.710861206055 -186.793914794922 -187.017639160156 -186.93913269043 -186.713653564453 -186.577499389648 -186.313491821289 -185.851028442383 -185.30485534668 -184.679336547852 -183.667877197266 -182.607833862305
-223.584457397461 -222.228500366211 -220.870483398438 -219.510055541992 -218.0751953125 -216.617965698242 -215.226135253906 -213.864517211914 -212.539337158203 -211.163543701172 -209.79948425293 -208.533950805664 -207.380615234375 -206.320358276367 -205.23210144043 -204.316741943359 -203.849197387695 -203.193328857422 -202.412139892578 -199.35009765625 -196.246704101562 -193.076690673828 -191.171051025391 -189.721694946289 -188.388977050781 -187.10383605957 -185.883117675781 -184.704788208008 -183.616027832031 -182.857284545898 -182.148010253906 -181.477752685547 -181.358337402344 -181.347320556641 -181.496276855469 -181.55810546875 -181.577865600586 -181.649154663086 -181.593414306641 -181.332901000977 -180.97004699707 -180.473678588867 -179.179992675781 -177.8564453125
-222.063385009766 -220.789337158203 -219.401214599609 -217.811248779297 -216.175506591797 -214.539260864258 -213.084609985352 -211.672729492188 -210.31282043457 -209.138198852539 -208.023880004883 -206.991241455078 -206.120452880859 -205.385299682617 -204.607971191406 -203.786712646484 -202.853179931641 -201.703048706055 -200.421096801758 -196.984390258789 -193.520660400391 -190.013549804688 -187.385025024414 -185.091217041016 -182.984756469727 -181.357025146484 -180.30061340332 -179.284469604492 -178.365921020508 -177.827499389648 -177.324691772461 -176.850921630859 -176.653854370117 -176.526794433594 -176.518264770508 -176.633560180664 -176.81999206543 -177.046691894531 -177.148391723633 -177.040145874023 -176.86946105957 -176.539489746094 -174.990417480469 -173.411560058594
-219.80842590332 -218.404327392578 -216.861755371094 -215.074493408203 -213.269653320312 -211.48908996582 -210.044372558594 -208.655029296875 -207.333541870117 -206.355911254883 -205.470764160156 -204.64973449707 -203.991027832031 -203.468948364258 -202.888565063477 -202.143783569336 -200.971343994141 -199.558197021484 -198.005798339844 -194.440414428711 -190.863479614258 -187.272048950195 -184.322784423828 -181.641662597656 -179.230392456055 -177.509384155273 -176.618499755859 -175.76611328125 -175.007843017578 -174.630859375 -174.274597167969 -173.935470581055 -173.770645141602 -173.653823852539 -173.61669921875 -173.715545654297 -173.889053344727 -174.0859375 -174.084136962891 -173.735397338867 -173.350891113281 -172.823379516602 -171.074462890625 -169.297576904297
-216.648834228516 -214.856414794922 -213.010147094727 -211.070663452148 -209.142028808594 -207.266540527344 -205.927291870117 -204.655746459961 -203.467758178711 -202.692138671875 -202.022232055664 -201.399353027344 -200.886352539062 -200.466918945312 -199.975280761719 -199.302185058594 -198.150527954102 -196.730728149414 -195.152877807617 -191.714752197266 -188.269805908203 -184.834365844727 -181.930694580078 -179.263961791992 -176.939559936523 -175.311950683594 -174.544235229492 -173.812957763672 -173.163681030273 -172.857986450195 -172.559936523438 -172.268295288086 -172.169830322266 -172.106185913086 -172.078826904297 -172.072662353516 -172.076324462891 -172.09147644043 -171.805511474609 -170.972320556641 -170.141204833984 -169.216690063477 -167.290771484375 -165.336822509766
-213.424453735352 -211.255294799805 -209.11653137207 -207.036392211914 -204.996597290039 -203.038619995117 -201.818008422852 -200.66552734375 -199.597778320312 -199.010345458984 -198.544067382812 -198.115982055664 -197.745895385742 -197.425720214844 -197.033401489258 -196.444686889648 -195.326110839844 -193.94189453125 -192.398620605469 -189.147033691406 -185.889358520508 -182.65559387207 -179.84553527832 -177.233108520508 -174.963180541992 -173.395721435547 -172.717880249023 -172.080856323242 -171.515670776367 -171.255310058594 -170.992309570312 -170.726821899414 -170.672637939453 -170.651626586914 -170.653060913086 -170.564498901367 -170.418212890625 -170.274871826172 -169.734161376953 -168.44075012207 -167.15283203125 -165.80143737793 -163.671279907227 -161.52555847168
