indici/fabbisogno01.asc
NCOLS 177 
NROWS 174 
XLLCORNER 1436301.375 
YLLCORNER 4916704.5 
CELLSIZE 1500 
NODATA_value -9999 
[rows 80 to 99 of 174, columns 0 to 43 of 177]
-68.7500610351562 -69.2370452880859 -69.7219543457031 -70.2048721313477 -70.4637451171875 -70.703254699707 -70.9418182373047 -70.6775360107422 -70.1404266357422 -69.6018447875977 -69.0366058349609 -68.4270782470703 -67.8152084350586 -67.2795867919922 -67.4508972167969 -67.6218490600586 -67.7924728393555 -68.5937118530273 -69.5303497314453 -70.4688491821289 -71.4463043212891 -72.4555892944336 -73.4662094116211 -74.5650177001953 -75.892692565918 -77.2213592529297 -78.5517501831055 -80.3327102661133 -82.1138229370117 -83.8950271606445 -85.2934341430664 -86.5476379394531 -87.8009567260742 -88.8879928588867 -89.7747116088867 -90.6609115600586 -91.4711303710938 -91.9337921142578 -92.3956146240234 -92.8567581176758 -93.2742614746094 -93.6869125366211 -94.0994033813477 -94.5213928222656
-67.4483642578125 -68.0251846313477 -68.5999374389648 -69.1726989746094 -69.4734725952148 -69.7538681030273 -70.0333099365234 -69.8282089233398 -69.3698806762695 -68.9100875854492 -68.4505004882812 -67.9914321899414 -67.5300216674805 -67.1368865966797 -67.332405090332 -67.5275650024414 -67.7223815917969 -68.3915939331055 -69.158821105957 -69.9279098510742 -70.7455978393555 -71.6021575927734 -72.4600448608398 -73.4081649780273 -74.5851821899414 -75.7631988525391 -76.9450912475586 -78.6496505737305 -80.3543548583984 -82.0591506958008 -83.5000991821289 -84.842903137207 -86.1848373413086 -87.3380966186523 -88.2660903930664 -89.1935653686523 -90.0798110961914 -90.7800064086914 -91.4793548583984 -92.1780242919922 -92.7827987670898 -93.3774871826172 -93.9720153808594 -94.5010070800781
-66.1484756469727 -66.8150863647461 -67.4796447753906 -68.142204284668 -68.4839401245117 -68.8052062988281 -69.1255111694336 -68.9802093505859 -68.6006317138672 -68.2195739746094 -67.8667068481445 -67.5580291748047 -67.2470092773438 -66.9945297241211 -67.2142333984375 -67.4335861206055 -67.6526031494141 -68.1874389648438 -68.7853393554688 -69.3850936889648 -70.0432739257812 -70.7471771240234 -71.4524154663086 -72.2499313354492 -73.2763748168945 -74.3038024902344 -75.3378448486328 -76.9660339355469 -78.594367980957 -80.222785949707 -81.7072601318359 -83.1386337280273 -84.5691299438477 -85.7883682250977 -86.7576293945312 -87.7263641357422 -88.6891784667969 -89.6267852783203 -90.5635452270508 -91.4996337890625 -92.29150390625 -93.0681457519531 -93.8446197509766 -94.4805908203125
-64.8503875732422 -65.6067581176758 -66.3610687255859 -67.1133880615234 -67.4951553344727 -67.8572616577148 -68.2184143066406 -68.1335372924805 -67.8326568603516 -67.5303192138672 -67.2852325439453 -67.1268692016602 -66.9661636352539 -66.8525009155273 -67.0963897705078 -67.3399200439453 -67.5831146240234 -67.9812469482422 -68.4098968505859 -68.8404159545898 -69.3393325805664 -69.8906555175781 -70.4433059692383 -71.0903244018555 -71.9662551879883 -72.8431701660156 -73.7300033569336 -75.2818603515625 -76.8338623046875 -78.3859481811523 -79.9149322509766 -81.4348297119141 -82.9538497924805 -84.2388229370117 -85.2493209838867 -86.2592926025391 -87.2992248535156 -88.4741363525391 -89.648193359375 -90.8215866088867 -91.8003921508789 -92.7588958740234 -93.7172317504883 -94.4601440429688
-62.1775016784668 -62.9093284606934 -63.6412963867188 -64.3733825683594 -64.8922729492188 -65.3995056152344 -65.9037322998047 -66.103759765625 -66.158088684082 -66.2060012817383 -66.2809295654297 -66.3994522094727 -66.5135192871094 -66.6450805664062 -66.9230728149414 -67.200553894043 -67.4775390625 -67.8276214599609 -68.1911239624023 -68.5551147460938 -68.9775238037109 -69.4438323974609 -69.910758972168 -70.4395751953125 -71.1163940429688 -71.7948226928711 -72.4883346557617 -73.9591751098633 -75.4302825927734 -76.9016189575195 -78.3979797363281 -79.9030075073242 -81.4078903198242 -82.6870651245117 -83.7035293579102 -84.7196273803711 -85.8068771362305 -87.2090072631836 -88.6102981567383 -90.0108947753906 -91.2619323730469 -92.497314453125 -93.7324905395508 -94.5921096801758
-59.4939765930176 -60.1852607727051 -60.8766822814941 -61.5682220458984 -62.2148399353027 -62.8570365905762 -63.4962272644043 -63.9883995056152 -64.4103164672852 -64.8258209228516 -65.23583984375 -65.6417617797852 -66.0432205200195 -66.4293594360352 -66.7422714233398 -67.0546722412109 -67.366584777832 -67.682502746582 -67.999626159668 -68.3172302246094 -68.6807250976562 -69.0780258178711 -69.4759368896484 -69.8955764770508 -70.3660583496094 -70.8381423950195 -71.3310241699219 -72.7218322753906 -74.1129150390625 -75.5042190551758 -76.9502410888672 -78.4150695800781 -79.879753112793 -81.1346817016602 -82.1476669311523 -83.1602935791016 -84.2870254516602 -85.9133148193359 -87.5387573242188 -89.1635131835938 -90.7104797363281 -92.2491912841797 -93.787712097168 -94.766731262207
-56.8096313476562 -57.4603843688965 -58.1112861633301 -58.7622985839844 -59.5398559570312 -60.316951751709 -61.0910415649414 -61.8791999816895 -62.6685333251953 -63.4514617919922 -64.1951599121094 -64.8883361816406 -65.5770645141602 -66.2141265869141 -66.5619430541992 -66.9092407226562 -67.2560577392578 -67.5368270874023 -67.8075866699219 -68.0788345336914 -68.3832092285156 -68.7115249633789 -69.0404434204102 -69.3496932983398 -69.6139373779297 -69.8797836303711 -70.1730880737305 -71.4839096069336 -72.7950057983398 -74.1063232421875 -75.5022659301758 -76.9269180297852 -78.3514175415039 -79.582275390625 -80.5917892456055 -81.600944519043 -82.767822265625 -84.6181564331055 -86.467643737793 -88.3164520263672 -90.1593170166016 -92.0012283325195 -93.8429260253906 -94.9413604736328
-54.4858512878418 -55.0417289733887 -55.5993385314941 -56.1586036682129 -56.9180793762207 -57.6810569763184 -58.4452857971191 -59.4024047851562 -60.4357070922852 -61.4659767150879 -62.5254745483398 -63.6214332580566 -64.7098999023438 -65.70166015625 -66.176155090332 -66.6478576660156 -67.1169281005859 -67.3891906738281 -67.6319961547852 -67.8748931884766 -68.1322326660156 -68.4000091552734 -68.6682510375977 -68.8957214355469 -69.0313262939453 -69.1672286987305 -69.3337326049805 -70.5248031616211 -71.7168502807617 -72.9097747802734 -74.2398147583008 -75.6157379150391 -76.9916839599609 -78.2277526855469 -79.3047790527344 -80.3809814453125 -81.6447372436523 -83.7147064208984 -85.784049987793 -87.8529357910156 -89.9373092651367 -92.0231475830078 -94.1089782714844 -95.2704391479492
-52.3465347290039 -52.7866516113281 -53.2284965515137 -53.6719932556152 -54.3261222839355 -54.9818840026855 -55.6389007568359 -56.674388885498 -57.8558807373047 -59.0343475341797 -60.3863372802734 -61.9596557617188 -63.5254898071289 -64.9468078613281 -65.6185836791992 -66.2875823974609 -66.9539489746094 -67.2400436401367 -67.4720306396484 -67.7041091918945 -67.9267883300781 -68.1434097290039 -68.3604736328125 -68.5380249023438 -68.62841796875 -68.7190933227539 -68.8407363891602 -69.8733596801758 -70.9069747924805 -71.9414520263672 -73.1904296875 -74.5100708007812 -75.8297424316406 -77.1080169677734 -78.3391799926758 -79.5695266723633 -81.0008392333984 -83.2876586914062 -85.573844909668 -87.8595733642578 -90.1196823120117 -92.3771667480469 -94.634651184082 -95.7896728515625
-50.2048835754395 -50.5292930603027 -50.8554306030273 -51.1849327087402 -51.7322044372559 -52.2808036804199 -52.8306541442871 -53.9488487243652 -55.2784652709961 -56.605052947998 -58.254508972168 -60.3049545288086 -62.3479270935059 -64.1946868896484 -65.0636596679688 -65.9298629760742 -66.7934265136719 -67.0907592773438 -67.3119354248047 -67.533203125 -67.7208099365234 -67.8862838745117 -68.0522155761719 -68.1799163818359 -68.2251129150391 -68.2705917358398 -68.3465194702148 -69.2207870483398 -70.0960235595703 -70.9721374511719 -72.1407165527344 -73.4041061401367 -74.6675262451172 -75.9889450073242 -77.3741760253906 -78.7585830688477 -80.3575744628906 -82.8611297607422 -85.3640594482422 -87.8665237426758 -90.3022155761719 -92.7312698364258 -95.1603240966797 -96.3089599609375
-48.5484390258789 -48.7738075256348 -48.9993362426758 -49.2287178039551 -49.6700134277344 -50.1119689941406 -50.5545425415039 -51.6830444335938 -53.0616683959961 -54.4430351257324 -56.2821044921875 -58.6740951538086 -61.0670547485352 -63.2409973144531 -64.3363342285156 -65.4272384643555 -66.5139236450195 -66.8544006347656 -67.0984344482422 -67.3405532836914 -67.5151824951172 -67.646125793457 -67.7765502929688 -67.8695983886719 -67.884651184082 -67.8991775512695 -67.9421844482422 -68.6748580932617 -69.4077377319336 -70.1407928466797 -71.2297744750977 -72.4326553344727 -73.635871887207 -74.999641418457 -76.5394592285156 -78.0786285400391 -79.8429870605469 -82.5471572875977 -85.2512283325195 -87.9552612304688 -90.5381851196289 -93.1095504760742 -95.6810913085938 -96.8233947753906
-47.8979873657227 -48.1071815490723 -48.3165321350098 -48.5309562683105 -48.9264640808105 -49.3226280212402 -49.7194137573242 -50.7060737609863 -51.8989410400391 -53.0945472717285 -54.799560546875 -57.1012191772461 -59.4038429260254 -61.5484352111816 -62.9498825073242 -64.3469009399414 -65.7397079467773 -66.2482757568359 -66.6497497558594 -67.0493011474609 -67.3138732910156 -67.4926223754883 -67.6708526611328 -67.8155899047852 -67.8919219970703 -67.9677276611328 -68.0709915161133 -68.7793045043945 -69.4878158569336 -70.1965026855469 -71.2301406860352 -72.3660736083984 -73.5023422241211 -74.9160614013672 -76.6318435668945 -78.3469696044922 -80.2728118896484 -83.0698699951172 -85.866828918457 -88.6637649536133 -91.1816253662109 -93.6728134155273 -96.164176940918 -97.3002395629883
-47.2472076416016 -47.4402351379395 -47.633415222168 -47.8323402404785 -48.1820793151855 -48.5324745178223 -48.8834953308105 -49.7259902954102 -50.7331924438477 -51.7431259155273 -53.3156280517578 -55.5269966125488 -57.7393226623535 -59.860107421875 -61.5675239562988 -63.2705116271973 -64.9692993164062 -65.6440353393555 -66.2028656005859 -66.7597808837891 -67.1130676269531 -67.339599609375 -67.5656204223633 -67.7621459960938 -67.8997268676758 -68.0367813110352 -68.1996154785156 -68.8835678100586 -69.5677261352539 -70.252067565918 -71.2301254272461 -72.2991485595703 -73.3684997558594 -74.8332443237305 -76.7248916625977 -78.6158981323242 -80.7028961181641 -83.5928039550781 -86.4826202392578 -89.3723983764648 -91.8249893188477 -94.2360382080078 -96.6472625732422 -97.7770614624023
-46.5961036682129 -46.7729682922363 -46.9499855041504 -47.1328659057617 -47.4368629455566 -47.741512298584 -48.0467796325684 -48.7427978515625 -49.5644187927246 -50.3887710571289 -51.8303108215332 -53.9514274597168 -56.0735054016113 -58.1760177612305 -60.1892509460449 -62.1980667114258 -64.2026824951172 -65.0416641235352 -65.7577819824219 -66.4719848632812 -66.9127578735352 -67.1870574951172 -67.4608459472656 -67.7092590332031 -67.9080505371094 -68.1063232421875 -68.3280487060547 -68.987663269043 -69.6474761962891 -70.3074722290039 -71.2297286987305 -72.2318649291992 -73.2343292236328 -74.7511749267578 -76.8186187744141 -78.8854141235352 -81.1332550048828 -84.115966796875 -87.0985794067383 -90.081169128418 -92.4682769775391 -94.7992248535156 -97.1303482055664 -98.2538681030273
-46.6128273010254 -46.8143768310547 -47.0153121948242 -47.2270889282227 -47.6357116699219 -48.0422210693359 -48.4467010498047 -49.1631622314453 -49.9736518859863 -50.7839851379395 -52.0646057128906 -53.852352142334 -55.6452293395996 -57.4460411071777 -59.2631874084473 -61.0835876464844 -62.907054901123 -63.9052543640137 -64.8210983276367 -65.7343673706055 -66.3447418212891 -66.7739791870117 -67.2013626098633 -67.6031951904297 -67.957389831543 -68.3100891113281 -68.6806716918945 -69.377082824707 -70.0732269287109 -70.7691421508789 -71.7227020263672 -72.7530059814453 -73.7831802368164 -75.2920684814453 -77.3100280761719 -79.3285369873047 -81.5033569335938 -84.3039245605469 -87.1051330566406 -89.9067916870117 -92.2453384399414 -94.5403289794922 -96.8352127075195 -98.0771636962891
-46.6349639892578 -46.8686828613281 -47.1017837524414 -47.353271484375 -47.8815307617188 -48.4076766967773 -48.9317970275879 -49.6920051574707 -50.52001953125 -51.3478813171387 -52.4755172729492 -53.9181060791016 -55.3658103942871 -56.839241027832 -58.3976554870605 -59.9593276977539 -61.5240592956543 -62.6816749572754 -63.8002891540527 -64.9163360595703 -65.7083053588867 -66.3108978271484 -66.9116363525391 -67.4872589111328 -68.0169830322266 -68.5452194213867 -69.085334777832 -69.8342056274414 -70.5828170776367 -71.3311996459961 -72.33984375 -73.4246826171875 -74.5093994140625 -75.9961853027344 -77.9067840576172 -79.8179321289062 -81.8563919067383 -84.3995666503906 -86.9433898925781 -89.4876556396484 -91.7818298339844 -94.0526351928711 -96.3233413696289 -97.7184677124023
-46.6577491760254 -46.9236183166504 -47.1888694763184 -47.4816780090332 -48.1295166015625 -48.7752456665039 -49.4189529418945 -50.2211380004883 -51.0666732788086 -51.9120559692383 -52.881160736084 -53.9787445068359 -55.0814476013184 -56.2288513183594 -57.5286636352539 -58.8317260742188 -60.1378440856934 -61.4605102539062 -62.7817993164062 -64.1005249023438 -65.0736846923828 -65.8495483398438 -66.6235656738281 -67.3729095458984 -68.0780868530273 -68.7817611694336 -69.4903945922852 -70.2917098999023 -71.0927581787109 -71.8935852050781 -72.9573059082031 -74.0966491699219 -75.2358703613281 -76.6998443603516 -78.5031356811523 -80.3069763183594 -82.2086944580078 -84.4946060180664 -86.7811508178711 -89.0681457519531 -91.3182907104492 -93.5649261474609 -95.8114624023438 -97.3596496582031
-46.9061737060547 -47.2388076782227 -47.5697784423828 -47.9289665222168 -48.6190071105957 -49.3091506958008 -49.9994049072266 -50.7957496643066 -51.6203536987305 -52.445858001709 -53.2882690429688 -54.1483688354492 -55.0108070373535 -55.913200378418 -56.9534606933594 -57.9970321655273 -59.0437278747559 -60.3643226623535 -61.7066764831543 -63.0504188537598 -64.1921157836914 -65.2180328369141 -66.2405471801758 -67.2430191040039 -68.2117004394531 -69.177375793457 -70.1327056884766 -70.9812927246094 -71.8297729492188 -72.6781921386719 -73.7203063964844 -74.8182067871094 -75.9170837402344 -77.2705459594727 -78.8874588012695 -80.505485534668 -82.2079849243164 -84.2372817993164 -86.2670288085938 -88.2970504760742 -90.5094528198242 -92.7382431030273 -94.9667434692383 -96.6468124389648
-47.2723159790039 -47.6955451965332 -48.117115020752 -48.5621757507324 -49.2547340393066 -49.9473991394043 -50.6401710510254 -51.4005088806152 -52.1782379150391 -52.956859588623 -53.697452545166 -54.4033432006836 -55.1115760803223 -55.838565826416 -56.6252937316895 -57.4153327941895 -58.2084922790527 -59.3788299560547 -60.5759696960449 -61.7744979858398 -63.0715789794922 -64.4187088012695 -65.7624282836914 -67.0982513427734 -68.4225082397461 -69.743766784668 -71.0322265625 -71.9262313842773 -72.8201293945312 -73.7139663696289 -74.6489334106445 -75.5962982177734 -76.5446395874023 -77.6839828491211 -79.0192947387695 -80.3557052612305 -81.7820281982422 -83.55322265625 -85.3248825073242 -87.0968017578125 -89.2780838012695 -91.4961395263672 -93.7139129638672 -95.5001754760742
-47.6402740478516 -48.154052734375 -48.6661720275879 -49.1954307556152 -49.8905067443848 -50.5856895446777 -51.2809829711914 -52.0044822692871 -52.7353591918945 -53.4671249389648 -54.1042785644531 -54.6560401916504 -55.210132598877 -55.760425567627 -56.2937469482422 -56.8303680419922 -57.3701133728027 -58.3916053771973 -59.4435997009277 -60.4969825744629 -61.9544105529785 -63.6225929260254 -65.2873764038086 -66.9567031860352 -68.6363677978516 -70.3130340576172 -71.9320983886719 -72.8714981079102 -73.810791015625 -74.7500228881836 -75.5766983032227 -76.3735961914062 -77.1714782714844 -78.0962219238281 -79.1500549316406 -80.2049789428711 -81.3553314208984 -82.8685531616211 -84.3822326660156 -85.8961715698242 -88.0466918945312 -90.2540283203125 -92.4610748291016 -94.3534469604492
