indici/fabbisogno03.asc
NCOLS 177 
NROWS 174 
XLLCORNER 1436301.375 
YLLCORNER 4916704.5 
CELLSIZE 1500 
NODATA_value -9999 
[rows 46 to 68 of 174, columns 53 to 105 of 177]
-74.2070007324219 -75.3704528808594 -76.6518859863281 -76.6554641723633 -76.496223449707 -75.815559387207 -74.8658447265625 -73.4234008789062 -71.509635925293 -69.2744522094727 -66.9695205688477 -64.4531173706055 -63.3031387329102 -62.5537796020508 -61.7569808959961 -61.4023857116699 -61.3837547302246 -61.7479972839355 -62.0560417175293 -62.7419242858887 -64.6473922729492 -65.7119979858398 -66.3146514892578 -66.2509536743164 -66.0153350830078 -65.7308502197266 -65.7885818481445 -66.7161712646484 -67.9034271240234 -68.8449020385742 -69.8871688842773 -70.7900009155273 -71.1928253173828 -71.8503646850586 -72.3544311523438 -72.235237121582 -72.1837921142578 -72.0761871337891 -72.6900100708008 -73.4262542724609 -74.4161987304688 -75.8412551879883 -77.4208908081055 -79.7650451660156 -82.8179397583008 -84.9756622314453 -86.4228210449219 -87.7007598876953 -87.7559661865234 -86.6118087768555 -84.8970031738281 -82.931755065918 -80.7140960693359
-75.2236709594727 -75.5059585571289 -75.6504211425781 -75.1707916259766 -74.8657684326172 -74.3284454345703 -73.5858764648438 -72.5481414794922 -71.0743637084961 -69.111457824707 -67.075439453125 -65.4662933349609 -64.6489562988281 -64.7361297607422 -64.234748840332 -64.1770401000977 -64.4257202148438 -66.6157379150391 -70.1708068847656 -71.6566543579102 -72.6971969604492 -73.0705261230469 -72.4209594726562 -71.2637786865234 -70.6140518188477 -70.3494262695312 -70.5718231201172 -71.0395202636719 -71.803092956543 -72.7488250732422 -73.8695755004883 -75.6549835205078 -77.1724624633789 -77.6852111816406 -78.2025527954102 -78.3151473999023 -78.1095809936523 -77.7828598022461 -77.6249542236328 -78.2865219116211 -79.3666763305664 -80.7884063720703 -82.3544158935547 -83.8591003417969 -86.0996704101562 -86.938606262207 -87.1795425415039 -87.406364440918 -86.9115600585938 -85.3324890136719 -83.2260437011719 -81.7743530273438 -80.3582763671875
-74.9841384887695 -74.6716842651367 -74.3831405639648 -73.4807281494141 -72.7664642333984 -72.3003387451172 -71.9440155029297 -71.2907562255859 -70.3112182617188 -69.1133193969727 -67.8793487548828 -66.8345794677734 -66.4773254394531 -67.0368118286133 -67.0248107910156 -67.6935424804688 -72.2535705566406 -75.2833099365234 -77.5845642089844 -79.104362487793 -79.7335662841797 -79.8398208618164 -79.5002288818359 -78.7691650390625 -76.5948333740234 -76.2675170898438 -76.5733337402344 -76.6785659790039 -77.0530242919922 -77.9884872436523 -80.713752746582 -82.1341857910156 -83.1807556152344 -83.8765258789062 -84.3224563598633 -84.357307434082 -84.2924346923828 -84.0981292724609 -83.8233108520508 -83.3341369628906 -84.2419281005859 -85.3782424926758 -86.6961822509766 -87.6681747436523 -88.3107452392578 -88.8221130371094 -88.1194152832031 -87.2117767333984 -85.9736709594727 -84.2902679443359 -82.2401885986328 -80.7319030761719 -79.8459701538086
-73.8490753173828 -72.9738998413086 -72.7775344848633 -71.7653427124023 -71.060905456543 -70.7466430664062 -70.5550384521484 -70.4542236328125 -70.0362548828125 -69.3041305541992 -68.7803344726562 -68.4115829467773 -68.6884307861328 -69.2036437988281 -70.8324584960938 -75.768196105957 -79.9280395507812 -83.089485168457 -85.6263885498047 -87.2275695800781 -88.0905151367188 -88.1178207397461 -87.5951995849609 -86.4455947875977 -85.6669311523438 -84.041862487793 -83.9703979492188 -83.7904891967773 -83.8659210205078 -86.0610885620117 -87.8064498901367 -89.0752868652344 -89.9053344726562 -90.4635467529297 -91.0870208740234 -91.0095443725586 -90.5807800292969 -89.9316101074219 -89.3391418457031 -89.026969909668 -88.6744613647461 -89.6207427978516 -90.3832473754883 -90.7549362182617 -90.4539947509766 -89.2865524291992 -88.1824951171875 -87.0119018554688 -85.3826675415039 -83.5963821411133 -81.6290512084961 -80.0956268310547 -79.5305862426758
-71.9324493408203 -70.6874694824219 -70.9564437866211 -70.1337127685547 -69.5699996948242 -69.3645324707031 -69.4558486938477 -69.5866546630859 -69.5382080078125 -69.5594253540039 -69.6340942382812 -70.1574859619141 -71.0232086181641 -72.450309753418 -76.6777877807617 -83.1770553588867 -87.3114013671875 -91.1896057128906 -94.4317932128906 -96.5071334838867 -97.5347290039062 -97.3533477783203 -96.5733337402344 -95.6959686279297 -94.6625137329102 -93.7562789916992 -91.5606918334961 -91.108512878418 -91.0201187133789 -93.3400573730469 -94.8008422851562 -96.2007293701172 -97.1919250488281 -97.611930847168 -98.0952987670898 -97.5559310913086 -96.6528015136719 -95.3144073486328 -93.9661331176758 -93.3720397949219 -92.1632232666016 -92.5951461791992 -93.1008605957031 -92.7898101806641 -92.0600967407227 -90.0420150756836 -87.7307052612305 -85.7743377685547 -83.8030700683594 -82.4538040161133 -80.4494400024414 -78.0831604003906 -77.2846908569336
-69.6950149536133 -68.7402114868164 -68.6598129272461 -68.7274322509766 -68.5027542114258 -68.4723129272461 -68.6065673828125 -68.8868865966797 -69.2165298461914 -69.8390960693359 -70.7307739257812 -71.8466949462891 -73.7460327148438 -76.8083724975586 -83.9277648925781 -89.6716537475586 -94.8346557617188 -99.6581115722656 -103.481452941895 -105.957809448242 -107.021354675293 -106.962730407715 -105.991683959961 -104.860160827637 -103.074378967285 -101.56844329834 -98.8974075317383 -98.0538635253906 -99.0794677734375 -100.150833129883 -101.327117919922 -102.596481323242 -103.733352661133 -104.28490447998 -103.87377166748 -103.302955627441 -101.978866577148 -99.8099670410156 -97.9583129882812 -96.9217758178711 -95.5818939208984 -94.7345581054688 -94.7076644897461 -94.1382446289062 -92.4796905517578 -89.6665496826172 -87.4529037475586 -85.1025466918945 -82.9074172973633 -80.83642578125 -78.860710144043 -78.059684753418 -77.4604721069336
-67.5319366455078 -67.1016616821289 -66.5460968017578 -67.6517333984375 -67.7530059814453 -67.9137344360352 -68.1477813720703 -68.6594543457031 -69.287956237793 -70.3581314086914 -71.8849334716797 -73.9690628051758 -77.0908050537109 -83.1115036010742 -90.9331588745117 -96.9385833740234 -102.780502319336 -108.296714782715 -112.436233520508 -114.663627624512 -115.938438415527 -115.612892150879 -114.145774841309 -112.286018371582 -110.026138305664 -108.060096740723 -105.144454956055 -103.936157226562 -104.781204223633 -105.38355255127 -106.366279602051 -107.657608032227 -108.825965881348 -109.431327819824 -108.791007995605 -107.749732971191 -106.307228088379 -103.634658813477 -101.421455383301 -99.909538269043 -97.9594879150391 -96.4441909790039 -95.7537841796875 -94.2488632202148 -91.7355041503906 -89.4674606323242 -87.3129196166992 -84.9606628417969 -82.9805679321289 -81.1118469238281 -79.1964721679688 -77.9123001098633 -77.2335815429688
-65.9325637817383 -66.0000228881836 -65.9675445556641 -66.1826171875 -67.4948043823242 -67.8384170532227 -68.1953277587891 -68.7925796508789 -69.7002716064453 -71.3022384643555 -73.2941207885742 -76.4665145874023 -81.4897918701172 -87.614013671875 -96.2651443481445 -102.857421875 -109.331687927246 -115.218971252441 -119.502830505371 -122.029655456543 -122.487258911133 -121.821891784668 -119.99063873291 -117.650634765625 -114.959854125977 -112.513236999512 -109.672920227051 -108.04419708252 -108.535583496094 -108.756233215332 -109.681076049805 -111.004760742188 -112.279891967773 -112.976539611816 -112.46297454834 -111.131645202637 -109.018272399902 -106.149307250977 -104.172676086426 -102.448516845703 -99.9661407470703 -97.8490753173828 -96.0891265869141 -93.80908203125 -91.4922866821289 -89.1234359741211 -87.0360260009766 -84.8600387573242 -82.9076690673828 -80.5881652832031 -78.5742111206055 -77.6266098022461 -77.4896926879883
-65.0431671142578 -65.7437515258789 -66.1359481811523 -66.4405517578125 -67.4262237548828 -67.6953811645508 -68.0614166259766 -68.7637329101562 -70.0149154663086 -71.9342041015625 -74.527214050293 -79.8578414916992 -84.7014236450195 -90.6670074462891 -100.448547363281 -107.683441162109 -114.487525939941 -120.260696411133 -124.290328979492 -126.409736633301 -126.846687316895 -125.016166687012 -122.7626953125 -120.04386138916 -117.226753234863 -114.686943054199 -111.632705688477 -110.351257324219 -110.592613220215 -110.395545959473 -111.664680480957 -112.897857666016 -114.064155578613 -114.997505187988 -114.693748474121 -113.515663146973 -111.165840148926 -108.510139465332 -106.120018005371 -104.070030212402 -100.993881225586 -98.3647842407227 -96.2462539672852 -93.9865646362305 -91.6549530029297 -88.9931564331055 -86.682373046875 -84.5592269897461 -80.9352264404297 -78.8706893920898 -78.0067825317383 -77.4953002929688 -77.2260818481445
-64.8572692871094 -66.0768508911133 -67.0042953491211 -67.5573883056641 -67.9054107666016 -68.5959548950195 -68.9718017578125 -69.7267608642578 -71.0496444702148 -73.1078338623047 -77.1669540405273 -82.3218231201172 -87.5393447875977 -93.7775268554688 -102.873329162598 -111.443969726562 -117.818222045898 -123.172210693359 -126.718223571777 -128.399826049805 -128.002029418945 -125.985549926758 -122.98942565918 -120.220649719238 -117.262161254883 -114.733940124512 -111.753211975098 -111.177749633789 -110.747024536133 -111.699867248535 -112.756927490234 -113.782768249512 -114.944900512695 -115.951171875 -115.955581665039 -114.717216491699 -112.626014709473 -110.710838317871 -108.127746582031 -105.429626464844 -101.937942504883 -98.974853515625 -96.2428817749023 -94.030876159668 -91.2373123168945 -87.6808013916016 -84.5776290893555 -81.1595230102539 -79.2572555541992 -77.9008102416992 -77.1172637939453 -76.5017242431641 -76.0952453613281
-65.6666870117188 -67.3411560058594 -68.521842956543 -69.3068618774414 -69.6605606079102 -69.6929397583008 -70.4286346435547 -71.047607421875 -72.1264877319336 -74.3589553833008 -79.1804428100586 -84.2657165527344 -89.8650970458984 -96.2747268676758 -104.462265014648 -113.529693603516 -119.644577026367 -124.150268554688 -127.069618225098 -128.132308959961 -127.279327392578 -124.842300415039 -121.68994140625 -119.014274597168 -116.331642150879 -112.777931213379 -111.255683898926 -110.79825592041 -110.804321289062 -112.332572937012 -113.003837585449 -114.345199584961 -115.435371398926 -116.321815490723 -116.348915100098 -114.896842956543 -113.435485839844 -111.51978302002 -108.699638366699 -105.159271240234 -101.095977783203 -97.9692916870117 -95.197639465332 -92.1861724853516 -88.3999786376953 -84.8409957885742 -81.6094589233398 -79.1150436401367 -77.5774459838867 -76.5149383544922 -75.4927139282227 -74.7219772338867 -74.0344696044922
-67.6082000732422 -69.3009567260742 -70.5962982177734 -71.3266754150391 -71.583984375 -71.4868240356445 -71.420051574707 -72.2997055053711 -73.388916015625 -75.7717056274414 -80.472282409668 -85.6811447143555 -91.4725112915039 -97.7442016601562 -104.347961425781 -112.127891540527 -119.843055725098 -123.693031311035 -125.880027770996 -126.180168151855 -125.379409790039 -122.971534729004 -119.843673706055 -117.266700744629 -114.765922546387 -111.522064208984 -110.390830993652 -110.066513061523 -110.724533081055 -111.834403991699 -113.420761108398 -114.449234008789 -115.842620849609 -115.872146606445 -114.751655578613 -113.92896270752 -112.590019226074 -110.528030395508 -107.451705932617 -103.614059448242 -100.206764221191 -96.8927764892578 -93.4614181518555 -89.6591186523438 -86.0081558227539 -82.380973815918 -79.4960021972656 -77.1341171264648 -75.4626388549805 -74.5438232421875 -73.6598129272461 -72.3884811401367 -71.3402404785156
-70.0299530029297 -71.8634490966797 -73.1463088989258 -73.6205062866211 -73.5231323242188 -73.1514511108398 -72.8164825439453 -72.9754409790039 -74.3914337158203 -76.4922332763672 -81.1244735717773 -86.2986373901367 -91.9931106567383 -98.3297653198242 -104.770156860352 -110.474708557129 -116.686485290527 -122.055557250977 -123.907646179199 -123.751113891602 -122.446975708008 -120.717323303223 -117.721160888672 -114.032936096191 -111.524703979492 -110.233840942383 -109.676254272461 -109.461715698242 -110.018653869629 -110.778854370117 -111.41202545166 -112.79711151123 -113.224563598633 -113.194679260254 -112.640678405762 -111.777587890625 -110.020317077637 -106.855529785156 -103.62979888916 -101.395378112793 -98.3089447021484 -94.8597259521484 -91.068977355957 -86.8995819091797 -82.9276123046875 -79.7898712158203 -77.2960510253906 -74.9630279541016 -73.1924896240234 -72.3390502929688 -71.2888107299805 -69.939697265625 -68.5338516235352
-72.9546051025391 -75.0055770874023 -76.1702041625977 -76.3925476074219 -75.8385467529297 -74.9833450317383 -74.2767562866211 -73.9952011108398 -74.6421432495117 -77.0539627075195 -81.2042541503906 -86.4239730834961 -91.9436340332031 -97.9582824707031 -104.082946777344 -109.709327697754 -113.975708007812 -116.628723144531 -118.368003845215 -120.180000305176 -119.488121032715 -116.955657958984 -113.635581970215 -111.254951477051 -109.490242004395 -108.324005126953 -107.595458984375 -107.417060852051 -107.611518859863 -108.306304931641 -109.361709594727 -109.88752746582 -110.1220703125 -110.451210021973 -109.691650390625 -107.396598815918 -105.405082702637 -103.268112182617 -100.790504455566 -98.133903503418 -94.9920196533203 -91.3830413818359 -87.0859451293945 -83.0679016113281 -79.8405532836914 -77.0070495605469 -74.5595016479492 -72.4662322998047 -70.7917404174805 -69.6325988769531 -68.7093658447266 -67.1944961547852 -65.6456604003906
-76.3612060546875 -78.3203811645508 -79.2998962402344 -79.3412399291992 -78.6597595214844 -77.3051834106445 -76.3208694458008 -75.5570373535156 -75.4611053466797 -76.8845367431641 -80.8454055786133 -85.7659683227539 -90.9297332763672 -96.8475952148438 -102.81128692627 -108.119331359863 -112.347991943359 -114.949478149414 -116.346115112305 -116.14786529541 -114.761932373047 -113.009307861328 -110.424545288086 -107.934539794922 -105.713600158691 -104.870025634766 -104.392753601074 -104.562805175781 -105.198791503906 -105.689987182617 -106.458549499512 -107.085510253906 -107.28116607666 -107.11402130127 -106.102500915527 -104.460525512695 -102.35912322998 -99.6451950073242 -96.5826950073242 -93.8536911010742 -90.4756240844727 -86.2394485473633 -82.5490798950195 -79.5660095214844 -76.8233871459961 -74.3487777709961 -72.0520095825195 -69.9218215942383 -68.2071838378906 -67.1209411621094 -65.880485534668 -64.4881057739258 -62.6595649719238
-79.9305648803711 -81.8950729370117 -82.9505844116211 -82.5483856201172 -81.2366714477539 -79.541259765625 -77.9709548950195 -76.7228088378906 -76.1970672607422 -77.000373840332 -79.5415573120117 -83.5918579101562 -89.30322265625 -94.9990005493164 -100.647331237793 -105.905029296875 -110.004524230957 -112.968818664551 -114.388710021973 -114.496719360352 -113.338981628418 -111.060813903809 -108.172492980957 -105.48014831543 -103.440895080566 -102.05403137207 -101.106727600098 -101.202110290527 -101.738815307617 -102.460861206055 -103.275093078613 -104.381874084473 -104.798805236816 -104.267066955566 -102.998924255371 -101.011497497559 -98.4719696044922 -95.2176971435547 -91.7958068847656 -88.9462356567383 -85.0667190551758 -81.6232986450195 -78.8249969482422 -76.3342056274414 -74.0893249511719 -71.8033905029297 -69.8129043579102 -67.9503555297852 -66.4824600219727 -65.0454025268555 -63.4892845153809 -61.6318321228027 -60.09130859375
-83.3119888305664 -85.4393463134766 -86.0116653442383 -85.2491760253906 -83.3933181762695 -81.2200927734375 -79.0774917602539 -77.4347152709961 -76.4946136474609 -77.0254058837891 -78.5583801269531 -81.4850616455078 -85.9523468017578 -92.3046188354492 -97.85009765625 -102.97843170166 -107.17537689209 -110.468330383301 -112.313537597656 -112.415084838867 -110.67552947998 -108.257751464844 -105.482360839844 -102.780609130859 -100.1982421875 -98.4850616455078 -97.4868087768555 -97.3790588378906 -97.9786911010742 -99.0387344360352 -100.111190795898 -101.04891204834 -101.373115539551 -100.706634521484 -99.254638671875 -97.0002212524414 -94.1982727050781 -90.654296875 -87.5233840942383 -83.7770690917969 -80.3944702148438 -77.7050704956055 -75.2956390380859 -73.2389221191406 -71.2528686523438 -69.3197326660156 -67.691650390625 -66.1607971191406 -65.0538024902344 -63.6108360290527 -62.0283164978027 -60.3005828857422 -58.4379959106445
-86.4412994384766 -88.3126983642578 -88.5295715332031 -87.2034149169922 -84.929817199707 -82.3171539306641 -79.7793350219727 -77.7378616333008 -76.5587692260742 -76.4043655395508 -77.6666946411133 -79.8723907470703 -83.2431869506836 -87.7461547851562 -93.0426254272461 -98.6185989379883 -103.320594787598 -106.824844360352 -108.480438232422 -108.351676940918 -107.218681335449 -105.181968688965 -102.037963867188 -99.148323059082 -96.5611114501953 -94.7965927124023 -93.6794357299805 -93.4133148193359 -93.8708724975586 -94.9580612182617 -96.2369689941406 -97.0328979492188 -97.1136856079102 -96.5227355957031 -94.9554061889648 -92.7044219970703 -89.6853256225586 -85.9694671630859 -82.4016494750977 -79.3287048339844 -76.6054000854492 -74.1379241943359 -72.1474304199219 -70.3303909301758 -68.6286544799805 -67.1413269042969 -65.9593048095703 -65.0599822998047 -63.9718017578125 -62.658618927002 -61.2495307922363 -59.7459983825684 -57.8796272277832
-88.946647644043 -90.1446228027344 -89.8182907104492 -88.0816268920898 -85.5970153808594 -82.6536102294922 -79.8305130004883 -77.6161880493164 -76.0596084594727 -75.6644897460938 -76.6700286865234 -78.8684158325195 -81.5237731933594 -84.9567565917969 -88.9050750732422 -93.574951171875 -97.995735168457 -101.494926452637 -103.684715270996 -104.338638305664 -103.492301940918 -101.24146270752 -98.082389831543 -95.2682037353516 -92.8476867675781 -90.8346633911133 -89.5546951293945 -89.1725158691406 -89.6839065551758 -90.7470703125 -91.8005218505859 -92.3167572021484 -92.47265625 -91.8943405151367 -90.4936447143555 -88.3434143066406 -84.9375152587891 -81.3918685913086 -78.1301040649414 -75.6441116333008 -73.3982696533203 -71.1305541992188 -69.3598327636719 -67.7725524902344 -66.4615936279297 -65.4404525756836 -64.6949157714844 -64.0936050415039 -63.0700607299805 -62.1323318481445 -60.9490737915039 -59.7364234924316 -58.2230644226074
-90.2465591430664 -90.725715637207 -89.8171615600586 -87.812614440918 -85.2022247314453 -82.2927322387695 -79.5412902832031 -77.1174087524414 -75.7394714355469 -74.9158782958984 -75.2760543823242 -76.8879241943359 -79.443473815918 -82.4675598144531 -86.5564727783203 -90.89794921875 -94.615119934082 -97.8933944702148 -99.6694641113281 -100.011100769043 -98.8302230834961 -96.3416900634766 -93.6572723388672 -90.6346588134766 -88.2228393554688 -86.4572906494141 -85.3379516601562 -84.9673233032227 -85.4597320556641 -86.3544692993164 -87.1462554931641 -87.6947402954102 -88.0379028320312 -87.5404052734375 -86.3961715698242 -84.1951217651367 -80.8689956665039 -77.7973556518555 -75.3482208251953 -72.9355926513672 -70.534782409668 -68.6251220703125 -66.5928039550781 -65.338005065918 -64.3625259399414 -63.4896087646484 -63.3861389160156 -62.9564819335938 -62.2030563354492 -61.9505500793457 -61.4051895141602 -60.7942314147949 -60.0723876953125
-90.2063980102539 -90.1126327514648 -88.8264389038086 -86.5840301513672 -83.9914627075195 -81.1872634887695 -78.4926605224609 -76.4718780517578 -74.6460876464844 -73.4939804077148 -73.4999618530273 -74.5243759155273 -76.6398544311523 -79.8288192749023 -83.6750869750977 -87.6362228393555 -91.3116607666016 -93.7106018066406 -95.4008636474609 -95.2228393554688 -93.6484909057617 -91.310432434082 -88.5765838623047 -85.7965393066406 -83.6070404052734 -82.1240463256836 -81.4192047119141 -81.0536499023438 -81.3137969970703 -81.9635009765625 -82.7843551635742 -83.4452133178711 -83.9622573852539 -83.8283843994141 -82.9509963989258 -80.0659866333008 -77.6830062866211 -75.6293182373047 -73.2655181884766 -70.8569793701172 -68.5555419921875 -66.2994918823242 -64.3083038330078 -62.78173828125 -62.0347709655762 -61.9339714050293 -61.7778701782227 -61.8470840454102 -62.0973358154297 -62.5183982849121 -62.5875091552734 -62.8464965820312 -62.4302253723145
-89.1991195678711 -88.6868515014648 -87.1091995239258 -84.8416519165039 -82.1240081787109 -79.3905258178711 -76.8516998291016 -74.8613586425781 -72.9416885375977 -71.8006820678711 -71.7571640014648 -72.4696502685547 -73.9958038330078 -76.4593734741211 -79.9443893432617 -83.4311904907227 -86.6809921264648 -88.8687438964844 -89.6872024536133 -89.4739456176758 -88.2412338256836 -86.2845764160156 -83.8937759399414 -81.3591003417969 -79.1497650146484 -77.6277542114258 -77.0366821289062 -77.1398468017578 -77.4095153808594 -77.9818267822266 -78.9135284423828 -79.7295455932617 -80.3832931518555 -80.1222381591797 -78.5280838012695 -77.4053039550781 -76.0405349731445 -74.1764144897461 -71.8299942016602 -69.2135925292969 -66.7766265869141 -64.5054016113281 -62.4938850402832 -61.227596282959 -60.339412689209 -60.465404510498 -60.8409652709961 -61.4612655639648 -62.2678985595703 -63.2783699035645 -64.3782577514648 -65.0166168212891 -65.2406692504883
-87.3950271606445 -86.2571334838867 -84.4580917358398 -82.2813720703125 -79.7672348022461 -77.2310943603516 -75.4020080566406 -73.1238784790039 -71.1910629272461 -69.8897094726562 -69.5679702758789 -70.2385482788086 -71.2274780273438 -73.3738708496094 -76.1283187866211 -78.9837646484375 -81.5088958740234 -83.3949508666992 -84.0182952880859 -83.9402389526367 -82.9116287231445 -81.3551254272461 -79.411750793457 -77.3419036865234 -75.6133193969727 -74.1771774291992 -73.1080703735352 -72.7474594116211 -72.8766250610352 -73.8008499145508 -74.8067321777344 -75.2845687866211 -75.8012924194336 -76.2024307250977 -76.2295150756836 -75.7660140991211 -74.7739181518555 -73.047737121582 -70.6938934326172 -68.0121994018555 -65.3684310913086 -62.8717231750488 -60.8215141296387 -59.6447563171387 -58.6803398132324 -59.0337829589844 -59.8049736022949 -60.9242362976074 -62.3120880126953 -64.2159576416016 -65.8938064575195 -67.203125 -68.0673217773438
