indici/fabbisogno12.asc
NCOLS 177 
NROWS 174 
XLLCORNER 1436301.375 
YLLCORNER 4916704.5 
CELLSIZE 1500 
NODATA_value -9999 
[rows 92 to 114 of 174, columns 53 to 105 of 177]
-79.9173965454102 -79.3343353271484 -78.3880386352539 -76.7389907836914 -74.7549057006836 -72.8906326293945 -70.8621597290039 -68.9372024536133 -66.6935424804688 -64.8035583496094 -62.6834983825684 -60.5232276916504 -58.4771194458008 -55.9806137084961 -53.2100715637207 -50.1581268310547 -46.952220916748 -43.518669128418 -39.9036407470703 -36.1812858581543 -32.4199066162109 -28.8478717803955 -25.604133605957 -22.9351902008057 -20.9371509552002 -19.4690742492676 -18.5158786773682 -18.2360801696777 -18.4808616638184 -19.496452331543 -21.3292865753174 -24.0397071838379 -27.8263492584229 -32.5953750610352 -38.3371200561523 -44.6263694763184 -50.8112716674805 -55.9631958007812 -59.767333984375 -61.8983383178711 -61.9984741210938 -60.5301780700684 -58.2788467407227 -55.9525108337402 -54.0055732727051 -52.539134979248 -51.7145957946777 -52.2863616943359 -53.2303352355957 -54.4854278564453 -56.4952049255371 -57.4079246520996 -58.0330467224121
-78.8030319213867 -77.5698547363281 -76.2355499267578 -74.392951965332 -72.1169891357422 -70.0353088378906 -68.2806549072266 -66.7274475097656 -64.9335021972656 -63.6344947814941 -62.2287902832031 -60.8071403503418 -59.1195030212402 -57.2384796142578 -54.8493614196777 -52.0013694763184 -48.8785552978516 -45.285888671875 -41.3156051635742 -37.4691276550293 -33.5405311584473 -29.8818607330322 -26.6050930023193 -24.0545177459717 -22.2213859558105 -20.7916069030762 -19.8635005950928 -19.6663017272949 -20.0318965911865 -21.0998077392578 -23.259147644043 -26.0589237213135 -29.7850131988525 -34.5530166625977 -40.1783828735352 -46.3054809570312 -52.354248046875 -57.5138511657715 -61.118106842041 -62.9668006896973 -63.2285652160645 -62.1391487121582 -60.4036483764648 -58.5980796813965 -56.9609527587891 -55.105884552002 -54.3212051391602 -54.5757713317871 -55.017749786377 -55.3097114562988 -55.5721397399902 -55.6221199035645 -54.7426147460938
-76.6271057128906 -74.8178024291992 -73.2041549682617 -71.1196517944336 -68.8140335083008 -67.0053939819336 -65.6150360107422 -64.4466247558594 -63.106258392334 -62.3884506225586 -61.8573722839355 -61.1142311096191 -59.939769744873 -58.5993919372559 -56.7873382568359 -54.200267791748 -51.1884956359863 -47.4954833984375 -43.5732231140137 -39.6548309326172 -35.6667594909668 -31.9490814208984 -28.9516143798828 -26.4725894927979 -24.5742664337158 -23.094274520874 -22.1863822937012 -21.9040470123291 -22.3922748565674 -23.4876651763916 -25.4846210479736 -28.3816394805908 -32.150203704834 -36.7969818115234 -42.1341896057129 -47.8353729248047 -53.4169883728027 -58.215259552002 -61.8819389343262 -63.9845581054688 -64.3907318115234 -63.5390777587891 -62.2950286865234 -60.993465423584 -59.0787811279297 -57.7212333679199 -56.8563079833984 -56.3392944335938 -56.0187187194824 -55.4940147399902 -54.320613861084 -53.3043975830078 -51.2848930358887
-73.3096466064453 -71.335807800293 -69.4896774291992 -67.4098358154297 -65.3337707519531 -63.9089088439941 -62.7521858215332 -62.0701713562012 -61.3449020385742 -61.0460395812988 -61.2623023986816 -61.257152557373 -60.826229095459 -59.9266891479492 -58.5124626159668 -56.2095489501953 -53.4507522583008 -50.058048248291 -46.3206367492676 -42.3503952026367 -38.5113563537598 -35.1648445129395 -32.1804580688477 -29.7958030700684 -27.9449787139893 -26.4398212432861 -25.426290512085 -25.1924743652344 -25.5787830352783 -26.7911071777344 -28.6449165344238 -31.0306854248047 -34.5721130371094 -39.2099227905273 -44.1633415222168 -49.3291206359863 -54.2894325256348 -58.5373764038086 -61.9424858093262 -63.9960098266602 -64.8137817382812 -64.6677627563477 -63.6475830078125 -62.3153915405273 -61.2234191894531 -60.0808486938477 -58.8834762573242 -57.5320854187012 -56.5501937866211 -55.3513832092285 -53.417652130127 -50.9038848876953 -48.3263359069824
-69.4112091064453 -67.3992462158203 -65.4664459228516 -63.5306091308594 -61.905158996582 -60.7771606445312 -60.062915802002 -59.8027877807617 -59.4325828552246 -59.8154182434082 -60.657299041748 -61.188362121582 -61.4363327026367 -61.0457153320312 -59.9268493652344 -58.0025520324707 -55.6128273010254 -52.5348587036133 -49.1782760620117 -45.3894386291504 -41.9759941101074 -38.8102569580078 -36.215705871582 -33.8435211181641 -31.9309024810791 -30.3304080963135 -29.5087375640869 -29.1998157501221 -29.6649322509766 -30.6193370819092 -32.279411315918 -34.4730377197266 -37.2459754943848 -41.0861625671387 -45.7030220031738 -50.4028968811035 -54.7136039733887 -58.4138679504395 -61.4511413574219 -63.3232612609863 -64.2339706420898 -64.3916168212891 -63.607120513916 -62.9831428527832 -62.3469848632812 -61.3462219238281 -60.252140045166 -58.8868103027344 -56.9073028564453 -54.780445098877 -52.1817092895508 -48.8753929138184 -45.3157272338867
-65.0440979003906 -63.2112693786621 -61.4084587097168 -59.8696365356445 -58.8762969970703 -58.2015609741211 -57.8787269592285 -57.7071990966797 -57.9964218139648 -58.932674407959 -60.2346267700195 -61.2210807800293 -61.9187049865723 -61.9480857849121 -61.0081634521484 -59.7998886108398 -57.7165756225586 -54.9446487426758 -51.7811241149902 -48.47265625 -45.5346145629883 -42.8705863952637 -40.459285736084 -38.2867088317871 -36.5585136413574 -35.0019187927246 -34.2324485778809 -33.9596939086914 -34.2837371826172 -35.2104721069336 -36.3139533996582 -38.1328086853027 -40.3953132629395 -43.459400177002 -47.0185127258301 -50.7446670532227 -54.2578163146973 -57.2262840270996 -59.7739868164062 -61.5294303894043 -62.6052513122559 -63.1853103637695 -63.3939094543457 -62.9437980651855 -62.5637397766113 -62.3512840270996 -60.917724609375 -59.0094108581543 -56.685001373291 -53.9367752075195 -50.6507949829102 -46.9700508117676 -42.9158630371094
-60.3122940063477 -59.2654495239258 -58.1309051513672 -57.4806671142578 -57.0367774963379 -56.5471534729004 -56.0085754394531 -56.4353294372559 -57.4239540100098 -59.1257286071777 -60.9396591186523 -62.491455078125 -63.3242645263672 -63.3407897949219 -62.5906143188477 -61.0599975585938 -59.2127532958984 -56.8014526367188 -53.9874420166016 -51.5104675292969 -49.1985740661621 -46.932689666748 -44.8411140441895 -43.0746116638184 -41.3089981079102 -40.1500244140625 -39.5065650939941 -39.1143379211426 -39.107608795166 -39.7747230529785 -40.4621276855469 -41.5288200378418 -43.202938079834 -45.2478256225586 -48.0178260803223 -50.8219108581543 -53.5732498168945 -55.8575057983398 -58.0439910888672 -59.5745010375977 -60.6603050231934 -61.5543823242188 -62.2095794677734 -62.193359375 -62.5368232727051 -61.9317436218262 -60.688419342041 -58.815860748291 -56.3691520690918 -53.2980575561523 -49.5603065490723 -45.4282836914062 -41.0057907104492
-57.1540908813477 -56.1616249084473 -55.4518814086914 -55.0361938476562 -54.9556007385254 -55.0520553588867 -55.6853790283203 -56.7926177978516 -58.144474029541 -59.8377571105957 -61.5746574401855 -63.124626159668 -63.9642677307129 -64.2616500854492 -64.1996917724609 -63.3029479980469 -61.1925621032715 -58.6633071899414 -56.2348709106445 -54.0967216491699 -52.158317565918 -50.4634437561035 -48.9511795043945 -47.4402618408203 -46.1755981445312 -45.3715057373047 -44.7738990783691 -44.1874847412109 -43.7312469482422 -43.887622833252 -43.997013092041 -44.1745262145996 -45.1238975524902 -46.3059768676758 -48.1633796691895 -50.1678657531738 -52.0938720703125 -53.9438896179199 -55.7482376098633 -57.083625793457 -58.2587432861328 -59.317024230957 -60.4145011901855 -60.9992637634277 -61.1636962890625 -60.8729362487793 -59.9499855041504 -58.4087371826172 -56.0679016113281 -52.8645973205566 -48.7988166809082 -44.4264640808105 -39.7286071777344
-53.9866752624512 -53.4664840698242 -53.3404846191406 -53.3487434387207 -53.6672096252441 -54.4813079833984 -55.7365760803223 -57.7368049621582 -59.4844207763672 -60.7349319458008 -62.2795829772949 -63.8746299743652 -65.1536407470703 -65.7385025024414 -65.3147964477539 -64.2009735107422 -62.4494247436523 -60.0658760070801 -58.0783004760742 -56.5519905090332 -54.743335723877 -53.5069465637207 -52.3074913024902 -51.2139511108398 -50.4692192077637 -49.9124946594238 -49.1505546569824 -48.293384552002 -47.4704284667969 -46.9760437011719 -46.4194526672363 -45.8027267456055 -45.9554061889648 -46.3734970092773 -47.4401016235352 -48.7289161682129 -50.1261749267578 -51.5832633972168 -52.7997512817383 -54.1920623779297 -55.4606132507324 -56.7471008300781 -58.0027122497559 -58.9538383483887 -59.2343864440918 -59.3121109008789 -58.7876281738281 -57.624698638916 -55.4970703125 -52.2843780517578 -48.1106948852539 -43.5991325378418 -38.8247604370117
-51.1761360168457 -51.5447540283203 -52.0311470031738 -52.7022743225098 -53.4894218444824 -54.5730934143066 -56.284839630127 -58.4540634155273 -60.437198638916 -62.1530723571777 -63.6217956542969 -65.4435272216797 -66.6317367553711 -66.9017333984375 -66.2512817382812 -64.9466323852539 -63.2317390441895 -61.4745254516602 -59.4414901733398 -58.1160507202148 -56.9676780700684 -55.70361328125 -54.6457099914551 -54.1504325866699 -53.5932769775391 -53.041576385498 -52.1455497741699 -50.977222442627 -49.6636657714844 -48.4884605407715 -47.4272880554199 -46.327018737793 -45.572395324707 -45.4616546630859 -45.7364082336426 -46.5990753173828 -47.609992980957 -48.7696418762207 -49.9483261108398 -51.2586402893066 -52.685188293457 -54.0884399414062 -55.2924537658691 -56.3461265563965 -57.0282554626465 -57.3656845092773 -57.2205047607422 -56.2780075073242 -54.2233734130859 -51.1804885864258 -47.3156814575195 -42.9351577758789 -38.2604179382324
-49.523078918457 -50.5337905883789 -51.4951057434082 -52.6643524169922 -53.8305702209473 -55.125373840332 -57.2981796264648 -59.4081077575684 -61.5088653564453 -63.7346343994141 -65.3019866943359 -67.101188659668 -68.097412109375 -68.0022964477539 -67.2360534667969 -65.7433013916016 -64.0304412841797 -62.3090019226074 -60.1911811828613 -58.8928871154785 -57.7682456970215 -56.8355102539062 -56.0854148864746 -55.6857032775879 -55.1474304199219 -54.4997596740723 -53.4211349487305 -51.9397621154785 -50.1851119995117 -48.3836784362793 -46.9314346313477 -45.3884391784668 -44.1043434143066 -43.5952568054199 -43.4441146850586 -43.9968681335449 -44.9366493225098 -45.9424743652344 -47.093921661377 -48.3959579467773 -49.8828773498535 -51.2924194335938 -52.7101135253906 -53.8505821228027 -54.5930137634277 -55.1466255187988 -55.0983619689941 -54.1271705627441 -52.465877532959 -49.7936668395996 -46.2807922363281 -42.131217956543 -37.6884613037109
-48.7452697753906 -50.1238670349121 -51.6090316772461 -53.0212211608887 -54.4947776794434 -56.0317993164062 -58.3434143066406 -60.5288276672363 -62.7184410095215 -65.0245819091797 -66.9467239379883 -68.3663558959961 -69.0898971557617 -68.8360443115234 -67.7033081054688 -66.1349258422852 -64.2340316772461 -62.3726348876953 -60.3740615844727 -58.9723777770996 -57.9372062683105 -57.2661018371582 -56.5594367980957 -55.7944946289062 -55.1300582885742 -54.2970581054688 -53.0126724243164 -51.2571411132812 -49.2202224731445 -47.0351448059082 -45.268310546875 -43.4918212890625 -41.894344329834 -41.0951080322266 -40.8358726501465 -41.354190826416 -42.3021125793457 -43.6068801879883 -44.8524398803711 -46.2417488098145 -47.7492599487305 -49.1138381958008 -50.3248291015625 -51.6395988464355 -52.2403450012207 -52.7737045288086 -52.5396842956543 -51.8578109741211 -50.3314208984375 -47.908519744873 -44.7620239257812 -40.9938735961914 -36.9835319519043
-48.4567832946777 -50.2002906799316 -51.9546394348145 -53.6332015991211 -55.0906105041504 -56.6922912597656 -59.1440582275391 -61.2158737182617 -63.3099098205566 -65.5386734008789 -67.7064971923828 -68.902214050293 -69.5642776489258 -69.1375122070312 -67.904411315918 -66.2500686645508 -64.2734832763672 -62.388298034668 -60.3659439086914 -58.6884155273438 -57.4744758605957 -56.6668739318848 -55.904914855957 -54.8620681762695 -53.8959045410156 -52.8182182312012 -51.1641616821289 -49.3425102233887 -47.124340057373 -44.7885398864746 -42.6762962341309 -40.9878540039062 -39.4794807434082 -38.6698150634766 -38.4645233154297 -39.236198425293 -40.3556594848633 -41.5845947265625 -42.9538383483887 -44.5449256896973 -45.9700927734375 -47.3317451477051 -48.6571731567383 -49.845458984375 -50.5301055908203 -50.5924415588379 -50.369327545166 -49.4347915649414 -47.8919410705566 -45.6502723693848 -42.8709869384766 -39.5809288024902 -36.2271690368652
-48.8756484985352 -50.6601867675781 -52.3185958862305 -53.9915046691895 -55.4280128479004 -57.0612602233887 -59.1965637207031 -61.1773719787598 -63.0518264770508 -65.161506652832 -67.130973815918 -68.3542175292969 -68.9442138671875 -68.6524124145508 -67.5415954589844 -65.8914337158203 -63.9250717163086 -61.8935966491699 -59.610164642334 -57.9951667785645 -56.6369323730469 -55.4989433288574 -54.3659515380859 -53.0583419799805 -52.0589179992676 -50.6833229064941 -48.9564590454102 -46.8702621459961 -44.5250434875488 -42.2798919677734 -40.1382865905762 -38.2128295898438 -37.145622253418 -36.4833946228027 -36.758056640625 -37.4852638244629 -38.599193572998 -40.0284385681152 -41.5467414855957 -43.2529449462891 -44.6692352294922 -46.1026420593262 -47.3144493103027 -48.401725769043 -49.0241622924805 -49.1170806884766 -48.4713973999023 -47.2893295288086 -45.604320526123 -43.4586219787598 -40.9462280273438 -38.1775588989258 -35.5953025817871
-49.5768585205078 -51.3114776611328 -52.8759765625 -54.132625579834 -55.438117980957 -56.6208000183105 -58.2753410339355 -60.2402610778809 -61.9468879699707 -63.8262519836426 -65.4474334716797 -66.692138671875 -67.489387512207 -67.4914855957031 -66.7504272460938 -65.1426162719727 -63.1990852355957 -61.0965118408203 -58.5726203918457 -56.7928466796875 -55.0005264282227 -53.7400360107422 -52.5946960449219 -51.2373046875 -50.0034217834473 -48.464786529541 -46.7034721374512 -44.6135177612305 -42.2967376708984 -39.9082794189453 -37.8617515563965 -36.0466918945312 -34.9325485229492 -34.6115303039551 -35.1914024353027 -36.1104278564453 -37.4565086364746 -39.1488075256348 -40.7906532287598 -42.5368843078613 -44.2779312133789 -45.7829132080078 -46.9111557006836 -47.6103782653809 -48.1351432800293 -47.9357452392578 -47.0935554504395 -45.3904113769531 -43.4153060913086 -41.3342170715332 -39.0138206481934 -36.9013366699219 -34.9355163574219
-50.7108268737793 -52.0482940673828 -53.1215515136719 -53.9276962280273 -54.7546310424805 -55.3806037902832 -56.2485237121582 -58.2826118469238 -60.1071510314941 -61.6852149963379 -62.7977142333984 -64.4400482177734 -65.6189422607422 -66.0692138671875 -65.5652465820312 -64.212532043457 -62.1988677978516 -60.0781517028809 -57.2325096130371 -55.199146270752 -53.5950050354004 -52.3234252929688 -50.9434204101562 -49.506950378418 -48.191764831543 -46.6414184570312 -44.7304954528809 -42.6959609985352 -40.4348754882812 -38.2402420043945 -35.9824256896973 -34.5820732116699 -33.5388298034668 -33.4670219421387 -33.976375579834 -35.0977554321289 -36.6398429870605 -38.4948654174805 -40.5152435302734 -42.5823554992676 -44.4712028503418 -45.9672546386719 -46.9929656982422 -47.5318374633789 -47.6368560791016 -47.1608810424805 -46.0556335449219 -44.1888465881348 -41.9993133544922 -39.687385559082 -37.5648078918457 -35.8666381835938 -34.3510818481445
-52.1875877380371 -52.8572273254395 -53.1649894714355 -53.1853675842285 -53.507755279541 -53.5358085632324 -53.9622497558594 -55.177906036377 -57.298225402832 -58.779842376709 -59.715015411377 -61.8682975769043 -63.382999420166 -64.2121429443359 -64.0626449584961 -62.7796173095703 -60.5929870605469 -58.38330078125 -56.298583984375 -54.443416595459 -52.658618927002 -50.8296356201172 -49.3693695068359 -48.052562713623 -46.715518951416 -45.244514465332 -43.5130004882812 -41.4460296630859 -39.0927696228027 -36.9132766723633 -35.0139465332031 -33.6401023864746 -32.8446159362793 -32.8623695373535 -33.4773826599121 -34.6572570800781 -36.4181900024414 -38.4220657348633 -40.6861114501953 -42.9581451416016 -44.9471778869629 -46.4141273498535 -47.3307952880859 -47.8316802978516 -47.5920028686523 -46.8835830688477 -45.5902099609375 -43.6056861877441 -41.1346168518066 -38.8217391967773 -36.7501182556152 -35.2572746276855 -33.9143676757812
-53.7144889831543 -53.677604675293 -53.0349769592285 -52.1181488037109 -51.6037063598633 -51.1123008728027 -51.1795043945312 -51.8355255126953 -53.4387969970703 -54.4924926757812 -56.382137298584 -58.7326431274414 -60.6892051696777 -61.3110771179199 -61.4254150390625 -60.8382377624512 -59.2846984863281 -57.6896095275879 -55.6860809326172 -53.9194450378418 -51.9368667602539 -50.079891204834 -48.2588729858398 -46.8942222595215 -45.5685920715332 -44.2162246704102 -42.4704284667969 -40.7197074890137 -38.6987838745117 -36.6450042724609 -34.8681526184082 -33.4356956481934 -32.7802772521973 -32.8965606689453 -33.5416793823242 -34.8124351501465 -36.6741676330566 -38.8236618041992 -41.3833236694336 -43.8345527648926 -45.976936340332 -47.7093353271484 -48.7306251525879 -48.9687995910645 -48.4834671020508 -47.4673881530762 -45.8243637084961 -43.7552680969238 -41.0421676635742 -38.5978012084961 -36.4598274230957 -34.8276329040527 -33.6227531433105
-54.5038223266602 -53.7403030395508 -52.3876419067383 -50.5820693969727 -49.2025680541992 -48.1581420898438 -47.7866897583008 -48.0911827087402 -48.6014289855957 -49.903995513916 -52.5414810180664 -54.8787651062012 -56.4851913452148 -58.1114234924316 -58.6822853088379 -58.7295112609863 -57.9296340942383 -56.5418663024902 -54.8416023254395 -53.2262420654297 -51.036060333252 -49.3898544311523 -47.9562377929688 -46.6890487670898 -45.4736137390137 -44.1993865966797 -42.6226844787598 -41.1488151550293 -39.2514686584473 -37.3165130615234 -35.589973449707 -34.0363464355469 -33.3993072509766 -33.5438423156738 -34.1120414733887 -35.4478225708008 -37.3308067321777 -39.5960159301758 -42.201301574707 -44.8329467773438 -47.2706146240234 -49.1848487854004 -50.3913803100586 -50.8052253723145 -50.5627708435059 -49.1514015197754 -47.299976348877 -44.5943641662598 -41.5248832702637 -38.7933235168457 -36.6589317321777 -35.0715408325195 -33.9196701049805
-54.4654121398926 -52.9524383544922 -50.6680793762207 -48.3564414978027 -46.2065505981445 -44.3841133117676 -43.541202545166 -43.2915802001953 -43.8103256225586 -45.2769203186035 -47.7528266906738 -49.7044563293457 -51.9345092773438 -53.8269958496094 -55.2959632873535 -56.1995735168457 -55.9208221435547 -54.8901748657227 -53.4007301330566 -52.1416130065918 -50.6286125183105 -49.2029647827148 -48.0133781433105 -47.0668754577637 -46.0659713745117 -45.2776336669922 -44.0433883666992 -42.4577026367188 -40.5832710266113 -38.6965751647949 -36.9573211669922 -35.4610252380371 -34.6343727111816 -34.564525604248 -35.0849533081055 -36.2624626159668 -38.2074699401855 -40.4977378845215 -43.167366027832 -46.0110816955566 -48.6154479980469 -50.900634765625 -52.8004608154297 -53.5070953369141 -53.2501335144043 -52.0162010192871 -49.8839073181152 -46.6075592041016 -43.5402297973633 -40.6255187988281 -37.8095626831055 -36.1061248779297 -34.8519401550293
-53.1691703796387 -50.6961097717285 -47.4556350708008 -44.4615821838379 -42.0358276367188 -39.7821769714355 -38.5691452026367 -38.2455558776855 -38.803092956543 -40.4546127319336 -42.0630111694336 -44.4431571960449 -47.2306632995605 -49.5803565979004 -51.5046768188477 -52.6074600219727 -53.0218467712402 -52.5963325500488 -51.9005012512207 -51.0532722473145 -50.0795097351074 -49.089527130127 -48.2536773681641 -47.8323593139648 -47.4502029418945 -46.6394844055176 -45.6012191772461 -44.1830215454102 -42.3532180786133 -40.4196891784668 -38.550220489502 -36.9803886413574 -36.0494499206543 -35.7871322631836 -36.1755714416504 -37.1444892883301 -38.8912696838379 -41.2282028198242 -43.9519729614258 -46.9604873657227 -50.0223960876465 -52.9851493835449 -55.0054817199707 -56.1846694946289 -56.2552909851074 -55.1758575439453 -52.9154205322266 -49.5149803161621 -46.2644233703613 -42.9263153076172 -39.9991912841797 -37.7430381774902 -36.3295478820801
-51.285327911377 -47.8494682312012 -44.1612510681152 -40.4882507324219 -37.5419616699219 -35.3459014892578 -33.738883972168 -33.1575889587402 -33.7418251037598 -35.1204299926758 -36.7024803161621 -39.1072158813477 -41.7928810119629 -44.6386756896973 -46.7987022399902 -48.4893989562988 -49.4250183105469 -49.7821922302246 -49.5964317321777 -49.3065490722656 -48.9017181396484 -48.5317535400391 -48.2774085998535 -48.265869140625 -48.2086486816406 -47.8032493591309 -47.1783981323242 -45.9924736022949 -44.2368621826172 -42.2185134887695 -40.242115020752 -38.4258918762207 -37.2907867431641 -36.9458465576172 -37.1318054199219 -37.8192977905273 -39.4151802062988 -41.6650543212891 -44.3974838256836 -47.5950927734375 -51.2343711853027 -54.4080581665039 -56.980110168457 -58.651237487793 -59.1365737915039 -58.3335227966309 -55.9152717590332 -52.760627746582 -49.2703323364258 -45.7618064880371 -42.7126159667969 -40.0271530151367 -38.2844924926758
-48.0791664123535 -44.0997467041016 -39.9179153442383 -36.0701904296875 -33.0674781799316 -30.6514263153076 -28.9402961730957 -28.277214050293 -28.7002696990967 -29.7912425994873 -31.3121318817139 -33.6719055175781 -36.3831176757812 -39.1530227661133 -41.3801383972168 -43.3558349609375 -44.917724609375 -45.8820724487305 -46.1922073364258 -46.4586219787598 -46.6112327575684 -47.1153297424316 -47.6518669128418 -47.9884300231934 -48.3858451843262 -48.5657730102539 -48.302131652832 -47.4838638305664 -45.8464202880859 -43.7883567810059 -41.5238761901855 -39.4417953491211 -38.0387229919434 -37.4081726074219 -37.3244781494141 -38.087230682373 -39.3708457946777 -41.5677909851074 -44.2820472717285 -47.7337608337402 -51.5266799926758 -55.0273513793945 -58.0793571472168 -60.3722953796387 -61.3855438232422 -60.542537689209 -58.5424919128418 -55.7920112609863 -52.406379699707 -48.8394355773926 -45.2720375061035 -41.9363594055176 -39.5575065612793
