indici/fabbisogno07.asc
NCOLS 177 
NROWS 174 
XLLCORNER 1436301.375 
YLLCORNER 4916704.5 
CELLSIZE 1500 
NODATA_value -9999 
[rows 100 to 119 of 174, columns 45 to 89 of 177]
28.2831882476807 27.4770385742188 27.0546310424805 26.5756282806396 26.1667003631592 25.8706005096436 25.5923080444336 25.416544342041 25.15885887146 24.9765419006348 24.8894226074219 25.0577785491943 25.6532958984375 26.4006786346436 27.2851936340332 28.7949577331543 30.3678283691406 31.9220714569092 33.0794105529785 34.3086429595947 35.5381385803223 36.4405982971191 36.6680934906006 36.8450103759766 37.0336433410644 36.9626655578613 36.8441383361816 36.7882785797119 36.4135059356689 36.3657615661621 36.1759334564209 36.1575569152832 36.211848449707 36.2568950653076 36.2342590332031 36.1735771179199 36.1196273803711 35.9390007019043 35.0341125488281 33.9253273010254 33.1578296661377 32.49186668396 31.5516124725342 30.8527271270752 30.7001640319824
28.9266986846924 28.1865177154541 27.6444839477539 27.1239730834961 26.6078235626221 26.294620513916 25.9725833892822 25.8094970703125 25.6888111114502 25.6310428619385 25.6922508239746 26.1540687561035 27.1039588928223 28.1082752227783 29.2238697052002 30.7731918334961 32.2746646881103 33.7795520782471 34.8146106719971 35.8427875518799 36.8084331512451 37.5945854187012 37.8418815612793 38.0248725891113 38.1236434936523 38.0503192901611 37.9362293243408 37.8374153137207 37.535302734375 37.3017101287842 37.2077060699463 37.1984466552734 37.1704048156738 37.1312892913818 37.1066047668457 37.0629978179932 36.9839649200439 36.8658813476562 36.1274536132812 35.4386798858643 34.6384536743164 33.7578067779541 32.6882629394531 31.7695220947266 31.3951904296875
29.6422576904297 28.8483009338379 28.2062866210938 27.6490501403809 27.1354690551758 26.7911968231201 26.4760398864746 26.1694095611572 26.1980766296387 26.3217266082764 26.577209854126 27.2720539093018 28.5415531158447 29.8557769775391 31.2211761474609 32.6955043792725 34.115287399292 35.5667896270752 36.4709281921387 37.2822860717773 38.0159973144531 38.5097282409668 38.9627777099609 39.1168586730957 39.1867477416992 39.0450580596924 38.9693393707275 38.8749038696289 38.7072170257568 38.4682510375977 38.1262729644775 38.3152297973633 38.140453338623 37.9711406707764 37.983512878418 37.8875717163086 37.826420211792 37.6956893920898 37.1956462860107 36.6595031738281 36.0863479614258 34.9820503234863 33.7749122619629 32.7436325073242 32.1171409606934
30.3087566375732 29.4699108123779 28.7631900787353 28.1117824554443 27.5060829162598 27.1655582427978 26.8775676727295 26.546166229248 26.6689014434814 26.9732482910156 27.4028560638428 28.3383560180664 29.9518733978271 31.5979389190674 33.2021759033203 34.6053455352783 35.9778347015381 37.3382747650146 38.0418560028076 38.6266342163086 39.1749618530273 39.6175060272217 39.9913513183594 40.1455165863037 40.1899662017822 40.0767993927002 40.0164073944092 39.8636043548584 39.7143013000488 39.5240478515625 39.2214164733887 38.9885673522949 38.89953956604 38.8036418914795 38.795059967041 38.7456226348877 38.6836261749268 38.6013324737549 38.2101676940918 37.8343578338623 37.4784088134766 36.2776313781738 34.8394577026367 33.5151725769043 33.0231796264648
30.9367713928223 30.0597549438477 29.2882385253906 28.4974796295166 27.8876216888428 27.60309715271 27.2926639556885 26.9767780303955 27.3097370147705 27.892036819458 28.4697875976562 29.6270359039307 31.3537464141846 33.0915817260742 34.744359588623 36.0399852752685 37.3319538116455 38.4683460235596 39.0516502380371 39.5026912689209 39.9269218444824 40.1845790863037 40.3330471038818 40.7546886444092 40.829447555542 40.7800750732422 40.7506786346435 40.7113983154297 40.6425022125244 40.3996643066406 40.0626659393311 39.9422790527344 39.8696540832519 39.7512458801269 39.9964527130127 39.9192230224609 40.025707244873 40.0575820922852 39.791926574707 39.5564888000488 39.3309455871582 38.0176155090332 36.537223815918 35.0183135986328 34.2496765136719
31.3199466705322 30.4996109008789 29.7583751678467 29.0020210266113 28.2910606384277 27.9720230102539 27.7170478820801 27.4409671783447 27.9704204559326 28.8134162902832 29.6317874908447 30.9165161132812 32.7645217895508 34.566739654541 36.2521049499512 37.3152828216553 38.4212127685547 39.4318817138672 39.8124320983887 40.1712329864502 40.5922309875488 40.7260681152344 40.8931709289551 41.2952831268311 41.3918766021728 41.437264251709 41.4440093994141 41.4412288665771 41.3707183837891 41.2644577026367 40.9149169921875 40.8493633270264 40.7912948608398 40.7350658416748 40.8062213897705 41.0973663330078 41.2754058837891 41.4154289245605 41.2611167907715 41.1283401489258 40.9940269470215 39.7430320739746 38.1234634399414 36.5607215881348 35.4959175109863
31.8249042510986 31.10368309021 30.3310050964355 29.4833324432373 28.690225982666 28.4082592010498 28.1761833190918 27.9202934265137 28.6601360321045 29.6828990936279 30.8089191436768 32.3075187683105 34.0917156219482 35.9204685211182 37.6584674835205 38.5519878387451 39.4701641082764 40.4047859191895 40.6741577148437 40.8809135437012 41.1157531738281 41.2873485565186 41.4286380767822 41.6046298980713 41.8990768432617 41.9993549346924 42.1403316497803 42.1205966949463 42.1436557769775 42.1172847747803 42.0513336181641 41.7402603149414 41.7525009155273 41.7175552368164 41.7941329956055 42.2380790710449 42.4521690368652 42.6786201477051 42.6126457214355 42.5446594238281 42.560717010498 41.2343482971191 39.6339202880859 37.9765098571777 36.769841003418
32.3614070892334 31.6233028411865 30.8516288757324 29.9735206604004 29.1466590881348 28.9310569763184 28.748157119751 28.587618637085 29.4495529174805 30.7157054901123 32.0718864440918 33.6157218933105 35.3540107727051 37.1511241912842 38.7519065856934 39.5488712310791 40.304606628418 41.068900680542 41.3474918365478 41.478791809082 41.5622104644775 41.7503303527832 41.8835544586182 42.0651473999023 42.1895874023437 42.2696800231934 42.384591293335 42.6921985626221 42.745348739624 42.8431015014648 42.8209609985352 42.8756889343262 42.9196449279785 42.8675239562988 42.7085899353027 43.0650436401367 43.3253425598144 43.6172866821289 43.4999366760254 43.3202339172363 43.2101448059082 42.0539108276367 40.5628631591797 39.1359580993652 37.9583221435547
32.9078525543213 32.1361324310303 31.351685333252 30.5032211303711 29.700214767456 29.5573764801025 29.498868560791 29.4482456207275 30.4077102661133 31.8951328277588 33.3834506988525 34.9625629425049 36.4770706176758 38.1139530181885 39.5572154998779 40.3099510192871 41.0135761260986 41.6886066436767 41.8410614013672 41.9517993927002 42.0629669189453 42.1998065948486 42.2965255737305 42.4877624511719 42.6008407592773 42.6672214508057 42.8120712280273 42.8797359466553 43.2103118896484 43.3953666687012 43.5635543823242 43.7771667480469 43.8242858886719 43.8257698059082 43.8522682189941 43.8083633422851 43.8985008239746 44.1421615600586 44.0345764160156 43.7826507568359 43.569873046875 42.4741035461426 41.3246726989746 40.2351898193359 39.2205581665039
33.4521270751953 32.6592967987061 31.8479999542236 31.0162586212158 30.1894504547119 30.1212802886963 30.0975257873535 30.1204364776611 31.3611663818359 32.9923278808594 34.641353225708 36.205297088623 37.6809173583984 39.0836082458496 40.4110092163086 41.0761814117432 41.6893352508545 42.2577709197998 42.4566337585449 42.5067253112793 42.5554508209228 42.6431175231934 42.8225708007812 42.8946029663086 43.0141010284424 43.1243179321289 43.179190826416 43.2195053100586 43.5003982543945 43.8265350341797 44.2500122070312 44.5738800048828 44.6084968566895 44.6926689147949 44.7685157775879 44.836646270752 44.6667869567871 44.6607162475586 44.5565460205078 44.2314018249512 43.8853866577148 42.8179054260254 42.1293197631836 41.3297348022461 40.4685447692871
34.0160354614258 33.3638664245605 32.5043746948242 31.5567501068115 30.7999885559082 30.8020542144775 30.9536567687988 31.0590847015381 32.3675338745117 34.1057796478271 35.8959083557129 37.5143115997314 38.8704795837402 40.1132076263428 41.3106243133545 41.853583908081 42.4153621673584 42.890470123291 43.0402572631836 43.1441009521484 43.0738616943359 43.1798763275146 43.3633327484131 43.4403537750244 43.5663150787353 43.592943572998 43.6356674194336 43.6428321838379 44.0085556030273 44.4044075012207 44.8181625366211 45.1826843261719 45.2287826538086 45.4204811096191 45.510807800293 45.5311798095703 45.5359062194824 45.2293212890625 44.8649192810059 44.5926124572754 44.2782249450684 43.3919471740723 42.6971778869629 42.0607498168945 41.3213424682617
35.7507488250732 35.1336711883545 34.2951343536377 33.4277591705322 32.6621711730957 32.7539337158203 32.8324909210205 32.8807582855225 34.1387466430664 35.8169399261475 37.3930236816406 38.9507743835449 40.0915878295898 41.1757183074951 42.2384323120117 42.6689353942871 43.1109691619873 43.6284271240234 43.8821975708008 44.0340656280517 44.125407409668 44.083016204834 44.1955596923828 44.1747657775879 44.1344146728516 44.277759552002 44.3386589050293 44.3211387634277 44.5941871643066 44.8579063415527 45.1456657409668 45.288126373291 45.3894065856934 45.7497360229492 45.8866622924805 45.8732078552246 45.8178047180176 45.6746681213379 45.1494934082031 44.717212677002 44.2445343017578 43.6755813598633 42.8471649169922 42.206608581543 41.61201171875
37.5797924041748 36.9994239807129 36.1644191741943 35.358617401123 34.6055065155029 34.592936706543 34.666724395752 34.7605178833008 35.842557144165 37.4588161468506 39.142582321167 40.3396030426025 41.2683177947998 42.1193328857422 42.9557376861572 43.4165622711182 43.8381912231445 44.3035305023193 44.5357692718506 44.7241416931152 44.9118919372559 44.9698066711426 44.9866416931152 44.8353462219238 44.8217491149902 44.9067642211914 44.938688659668 45.0034797668457 45.1432693481445 45.3532073974609 45.5317085266113 45.6805862426758 45.8260971069336 46.2414497375488 46.3517280578613 46.3640266418457 46.283415222168 46.1921844482422 45.4982543945312 44.9818313598633 44.4500816345215 43.818790435791 43.1547973632812 42.5381896972656 41.9746780395508
39.657657623291 39.0117481231689 38.0077342987061 37.3219314575195 36.6154541015625 36.5833301544189 36.5124870300293 36.5871131896973 37.6926158905029 39.1289203643799 40.6903995513916 41.7698925018311 42.4528678894043 43.0915069580078 43.6904182434082 44.1216438293457 44.5796657562256 45.0116367340088 45.2249328613281 45.4410766601562 45.7026229858398 45.8276947021484 45.6833915710449 45.4693824768066 45.3844062805176 45.4429725646973 45.5305824279785 45.6570457458496 45.7890769958496 45.845662689209 45.9161094665527 46.1160171508789 46.2905303955078 46.5567855834961 46.6334487915039 46.6244201660156 46.7439231872559 46.6611946105957 46.102433013916 45.3733383178711 44.7180206298828 43.9585380554199 43.4570762634277 42.9457786560059 42.4509613037109
43.0203441619873 42.8468910217285 42.61575050354 41.9926830291748 41.7965293884277 41.6919898986816 41.6016716003418 42.2399856567383 42.608768081665 43.0710971832275 43.5486755371094 43.9205760955811 44.3047107696533 44.6325672149658 44.9406269073486 45.3028686523437 45.708247756958 46.1396919250488 46.3815818786621 46.5836288452148 46.6590091705322 47.1459968566895 47.1920082092285 47.1478546142578 46.9312881469726 47.0247528076172 47.1023132324219 47.0855522155762 47.0188415527344 47.0116172790527 47.0075149536133 47.0145797729492 47.0770202636719 47.1709625244141 47.1147102355957 47.1200149536133 47.0415924072266 47.002774810791 46.5562347412109 45.8972770690918 45.2130332946777 44.4837059020996 43.9307624816895 43.3677749633789 42.777465057373
46.6821006774902 46.902025604248 47.303897857666 47.6587284088135 47.9733219146729 47.6615058898926 47.7770893096924 48.9889533996582 48.2658840179443 47.6452835083008 46.8453857421875 46.2766246795654 46.2048603057861 46.0708309173584 46.1001735687256 46.4981937408447 46.8611541748047 47.2284927368164 47.6597099304199 48.004239654541 48.0674095153809 48.1320861816406 48.543611907959 48.7991241455078 48.7000915527344 48.6551231384277 48.5783317565918 48.5801895141602 48.4146240234375 48.2448860168457 48.0847946166992 47.9993385314941 47.8762680053711 47.7878265380859 47.6930732727051 47.5874656677246 47.4113403320312 47.4195121765137 46.9014167785645 46.372314453125 45.7376678466797 45.007975769043 44.2734306335449 43.6968475341797 43.0554336547851
50.4470443725586 51.0222507476807 52.022367477417 53.031388092041 53.8667152404785 54.716304397583 55.4389186859131 56.1665668487549 54.7278667449951 52.3592624664307 50.1296752929687 48.5820289611816 48.063703918457 47.4723041534424 47.0358051300049 47.472331237793 47.8776550292969 48.1751960754394 48.7477729797363 49.1928283691406 49.6846900939941 49.869361114502 49.2750953674316 49.0546760559082 50.175846862793 50.2998291015625 50.0645881652832 49.9683158874512 49.7509536743164 49.4678062438965 49.1464599609375 48.9652145385742 48.7211349487305 48.4775535583496 48.3122459411621 48.1104255676269 47.8830528259277 47.7042808532715 47.3807952880859 46.9532333374023 46.3045806884766 45.5047996520996 44.7202537536621 44.1248954772949 43.5416038513184
53.58879737854 54.2141044616699 55.435791015625 57.0073318481445 58.2582935333252 59.0074115753174 59.8098518371582 60.515470123291 58.6510967254639 55.6670516967773 52.8329914093018 50.8387172698975 49.9154144287109 49.0818836212158 48.3846611022949 48.8336769104004 49.367765045166 49.7276420593262 50.2196716308594 50.7057769775391 51.2665092468262 51.8574935913086 51.7383193969727 51.8817016601563 52.0057884216309 51.8751640319824 51.9071449279785 51.7488021850586 51.5637313842773 50.9540115356445 50.6373123168945 50.2854530334473 49.9738395690918 49.6026245117187 49.2673301696777 49.031046295166 48.7244972229004 48.482152557373 47.9742889404297 47.7561248779297 47.1979530334473 46.4915367126465 45.7733596801758 45.0370468139648 44.3247116088867
56.6153533935547 57.206164932251 58.0699264526367 59.2947685241699 60.3165241241455 60.8971973419189 61.3306655883789 61.7124160766601 60.017098236084 57.5092472076416 55.096590423584 53.1667366027832 51.9279552459717 50.9699668884277 50.3646743774414 50.917399597168 51.240990447998 51.913712310791 52.5420768737793 52.9870643615723 53.5668128967285 53.8188537597656 53.7455642700195 53.9917350769043 54.0478439331055 53.8925651550293 53.7247550964355 53.5749389648438 53.2633293151855 52.6817283630371 52.2299797058105 51.9043998718262 51.6284767150879 50.8785057067871 50.4799522399902 50.1892280578613 49.8867851257324 49.5507820129395 49.0042625427246 48.5498382568359 48.1506706237793 47.5113632202148 46.6514701843262 45.8826171875 45.1464332580566
59.7209293365479 60.3497272491455 60.8152931213379 61.5459499359131 62.2047164916992 62.5134037017822 62.7471824645996 62.7794338226318 61.261882019043 59.1755001068115 57.0343627929688 55.1896354675293 53.915673828125 52.7606018066406 51.8593704223633 52.4647621154785 53.088062286377 53.7849334716797 54.3007850646973 54.7883773803711 55.3301864624023 55.6791282653809 55.6722930908203 55.8080444335938 55.8450813293457 55.6610664367676 55.615795135498 55.3401878356934 54.9871917724609 54.552783203125 54.0542732238769 53.5413146972656 53.0234107971191 52.3520370483398 51.7930442810059 51.3679336547851 51.0301200866699 50.6662124633789 50.2336929321289 49.7250831604004 49.0979949951172 48.4222183227539 47.6276481628418 46.798592376709 45.9380386352539
