indici/fabbisogno06.asc
NCOLS 177 
NROWS 174 
XLLCORNER 1436301.375 
YLLCORNER 4916704.5 
CELLSIZE 1500 
NODATA_value -9999 
[rows 96 to 119 of 174, columns 54 to 107 of 177]
6.91358833312988 8.30768051147462 9.3780330657959 10.1309833526611 10.6652114868164 10.916805267334 12.0414180755615 12.7985069274902 13.556664276123 14.4999900817871 15.7565418243408 16.7828845977783 17.6727226257324 18.6832920074463 19.5626747131348 20.5964294433594 22.9548385620117 26.5639957427979 30.9860946655273 35.7389953613281 40.2139934539795 43.9328918457031 47.1574417114258 49.6759658813477 51.7194557189941 53.0014015197754 53.4689701080322 53.0122409820557 51.7412006378174 49.9063377380371 47.482048034668 44.598656463623 40.36155128479 35.0100631713867 29.5669120788574 24.4033031463623 19.457629776001 14.5035312652588 10.6316383361816 7.51104774475098 5.02040405273438 3.85086708068847 2.76339759826661 3.09978103637695 5.04241104125977 8.37331352233888 12.7042205810547 17.5861389160156 21.9504230499268 26.2623245239258 31.1546241760254 35.9188369750977 40.6383586883545 45.4953422546387
12.9557636260986 14.0154838562012 14.6243564605713 15.1128803253174 15.5757595062256 16.0237186431885 16.340018081665 15.9661045074463 16.2898040771484 16.4842861175537 17.0168319702149 17.7051605224609 18.5704174041748 19.4815994262695 19.6397499084473 20.3225971221924 22.1994338989258 25.1704452514648 28.9108085632324 32.7912300109863 36.6064723968506 39.9906627655029 42.8998645782471 45.2963481903076 47.4025310516357 48.5112266540527 48.9544570922852 48.4511184692383 46.983353805542 45.3836605072022 43.1495819091797 40.3702507019043 36.7481056213379 32.2444019317627 27.5468734741211 23.1531238555908 19.0016006469727 14.6981090545654 11.1807781219483 8.07479362487793 5.10003623962403 2.96350708007813 2.14334030151367 2.10310707092286 3.61602363586427 7.18659133911133 11.8703601837158 17.0660614013672 22.3974418640137 27.9092388153076 33.1450347900391 38.2717056274414 43.7019973754883 48.9919227600098
18.9266445159912 19.6666763305664 19.6232986450195 19.5851554870605 19.8246070861816 20.0665126800537 19.5279621124268 18.54973487854 17.7965026855469 17.4487041473389 17.4032627105713 18.1225761413574 19.0103294372559 19.7038204193115 19.9756492614746 20.4067695617676 21.8882068634033 24.277388381958 27.060977935791 29.9738880157471 32.9181400299072 35.7546997070312 38.1846824645996 40.6260528564453 42.2569446563721 43.2213848114014 43.7033931732178 43.4956001281738 42.089856338501 40.8021995544434 39.0422882080078 36.5642208099365 33.8995880126953 30.1577281951904 26.2008403778076 22.7224365234375 19.2447086334229 15.6575794219971 12.5873336791992 9.74316329956055 6.98711624145508 4.77619209289551 4.01655311584473 3.38616256713867 4.65315589904786 7.55452117919923 11.6149642944336 16.4315742492676 22.0074253082275 27.9709312438965 34.1747497558594 40.0801914215088 45.7609710693359 50.9912460327148
23.2409378051758 23.4645614624023 23.3407440185547 23.3278953552246 23.3584365844727 22.5251789093018 21.2724689483643 20.1143039703369 18.9131641387939 18.273946762085 18.1652786254883 18.6062397003174 19.2224914550781 19.5112045288086 19.6792888641357 20.5699096679688 21.766577911377 23.5459560394287 25.3977840423584 27.5035976409912 29.5242347717285 31.4976345062256 33.6472778320312 35.5498615264893 36.8125263214111 37.8663055419922 38.5541011810303 38.6927837371826 37.749979019165 36.940807723999 35.7841331481934 34.1165798187256 32.4561111450195 29.5223640441895 26.407984161377 23.7776077270508 20.9390125274658 17.9462036132813 15.4518936157227 13.1245887756348 10.6720558166504 8.42515487670899 7.49991531372071 6.78668479919433 7.28579292297364 9.06809768676759 11.9850673675537 16.0108577728272 21.3052234649658 27.5486831665039 33.9809818267822 40.4183345794678 46.6686233520508 52.203239440918
26.9085395812988 26.4198886871338 26.1743927001953 25.8562412261963 25.2789546966553 24.3612659454346 22.5585334777832 21.0392189025879 19.9068935394287 19.0619594573975 18.654186630249 18.3031791687012 18.8424167633057 19.2427490234375 19.5553806304932 20.1759651184082 21.347732925415 22.523556137085 23.6839294433594 25.0796508789062 26.4786865234375 28.0786479949951 29.6087718963623 30.83932762146 32.1034397125244 33.3130695343018 34.3370853424072 35.0095977783203 34.9431449890137 34.6417343139648 34.3805866241455 33.6121646881104 32.7111068725586 30.6443977355957 28.5439834594727 26.3432796478271 24.0846752166748 22.1960094451904 19.687589263916 17.5123165130615 15.3066886901856 13.3644054412842 12.2326480865479 11.2418037414551 10.8481838226318 11.3351791381836 12.926448059082 16.1555152893066 20.9857891082764 27.1672229766846 33.736674118042 40.4634250640869 46.8096527099609 52.3659645080566
28.902885055542 28.1775775909424 27.226957321167 26.4363597869873 25.7458923339844 24.7532711029053 23.2352188110352 21.6811946868897 20.0807804107666 19.0724510192871 18.341333770752 18.0673931121826 18.3355884552002 18.7680389404297 19.2764385223389 19.83251953125 20.5863178253174 21.5374691009522 22.0320442199707 22.9829849243164 24.289444732666 25.4292278289795 26.319539642334 27.39326171875 28.7023548126221 30.300874710083 31.8609615325928 33.2198356628418 34.2321182250977 34.3906642913818 34.949898147583 34.9076076507568 34.4808494567871 33.477054977417 31.8769493103027 29.9443878173828 28.0860866546631 26.406888961792 24.6507270812988 22.3895027160645 20.5368576049805 18.6444198608398 17.2991790771484 15.824312210083 14.8051429748535 14.4678981781006 15.2877117156983 17.7589786529541 21.9853076934814 27.1984462738037 33.4668960571289 40.0441928863525 46.2949127197266 51.8469688415527
29.7016345977783 28.2198009490967 27.030212020874 26.0278266906738 25.3470241546631 24.5304473876953 23.2414981842041 21.631245803833 20.0218227386475 19.1287040710449 18.3199165344238 17.9131568908691 18.2415309906006 18.378063583374 18.5813274383545 18.9790447235107 19.6808052062988 20.6887336730957 21.2247882843018 22.034321975708 22.678547668457 23.3707427978516 24.5173854827881 25.6313095092773 27.203023147583 29.1930675506592 31.342488861084 33.4012107849121 35.2427291870117 36.1860572814941 36.9971580505371 37.647456741333 37.7315856933594 37.2097114562988 35.9332824707031 34.0644302368164 32.1796283721924 30.3960380554199 28.7919582366943 27.145006942749 25.2652648925781 23.7643302917481 22.303332901001 20.5930633544922 19.1200485229492 18.5453483581543 19.0680820465088 20.2236743927002 23.4551113128662 28.0187278747559 33.8314567565918 40.0433830261231 45.9162311553955 51.0764205932617
29.8330078125 27.7709369659424 26.2345268249512 25.2668766021729 24.4541454315186 23.8530445098877 22.9833896636963 21.7164745330811 20.2425594329834 19.3349987030029 18.4713726043701 18.2125240325928 18.3376216888428 18.4428287506104 18.3404441833496 18.4987964630127 18.9380420684815 19.7329368591309 20.1434799194336 20.8959465026855 21.49743309021 22.6132164001465 23.8593532562256 25.4604099273682 27.5575542449951 30.0245616912842 32.6905872344971 35.2605827331543 37.6239692687988 39.0437309265137 40.2459789276123 41.1307712554932 41.5752983093262 41.0844921112061 39.7414703369141 37.9205062866211 35.5281936645508 33.4742824554443 31.6511001586914 29.993185043335 28.7562614440918 28.087028503418 26.471325302124 25.2276657104492 24.0132888793945 23.1918594360352 22.723091506958 23.6422080993652 26.2251724243164 30.2626861572266 35.254817199707 40.6406692504883 45.6807029724121 49.8360000610352
29.7278984069824 27.2139183044434 25.5471363067627 24.5357303619385 23.974197769165 23.5704929351807 23.090991973877 22.3656139373779 21.1719024658203 20.336962890625 19.3012329101563 18.6143928527832 18.2825618743897 17.9526695251465 17.6228363037109 17.2749649047852 17.5770526885986 18.407592010498 19.2132614135742 20.3845165252686 21.3372631072998 22.512540435791 24.4869827270508 26.7873683929443 29.2436252593994 32.2697151184082 35.1366065979004 38.1237476348877 40.74684715271 42.8655139923096 44.049365234375 44.7900268554688 45.1187763214111 44.4590396881104 42.6404998779297 40.4986499786377 38.3320877075195 36.0865711212158 33.7393608093262 32.194841003418 31.3210292816162 30.3403003692627 29.2316192626953 28.4223999023438 27.7593128204346 26.9949371337891 26.9745403289795 28.0339508056641 30.3593997955322 33.5452003479004 37.5155559539795 41.6619491577148 45.148250579834 48.5145252227783
29.8827228546143 27.332848739624 25.5189575195313 24.7501941680908 24.4944271087647 24.1180870056152 23.8578701019287 23.4660453796387 22.623970413208 21.821106338501 20.7652740478516 19.659111404419 18.6630588531494 17.6115245819092 17.0230094909668 16.644499206543 16.8911834716797 17.7128211975098 18.6832611083984 20.2256935119629 21.8332782745361 23.5266902923584 26.0128887176514 28.3103176116943 31.4840816497803 34.8380016326904 38.192911529541 41.2467113494873 43.9652606964111 46.1400905609131 47.7185409545898 48.1182289123535 48.4054317474365 46.854228591919 44.989725112915 42.5994396209717 39.9502170562744 37.3193099975586 35.2336910247803 33.9639831542969 32.8698745727539 32.1389427185059 31.3836849212646 30.748762512207 30.491365814209 30.7337970733643 31.3650299072266 32.6504390716553 34.7886108398438 37.2479164123535 40.0545906066895 42.7563682556152 45.0238655090332 47.1807899475098
30.3765605926514 28.0572326660156 26.4822944641113 25.6748218536377 25.5715019226074 25.6575267791748 25.1952491760254 24.8455387115479 24.1297588348389 23.3707344055176 22.1445991516113 20.6368263244629 19.1967910766602 17.6128768920898 16.6060550689697 16.1535877227783 16.5479789733887 17.7943145751953 19.1122276306152 20.6862854003906 22.6701522827149 24.946709060669 27.3084667205811 30.2744915008545 33.6845760345459 37.0911113739014 40.6123767852783 43.6904487609863 46.7059558868408 48.7951332092285 50.2958244323731 51.2662208557129 50.8866374969482 49.1621685028076 46.9904285430908 44.2604446411133 41.1688785552979 38.4726707458496 36.1220432281494 34.4017280578613 33.3380653381348 32.8271041870117 32.5648727416992 32.6228057861328 33.0819156646728 33.9668361663818 35.3764980316162 37.1328281402588 38.9986717224121 40.964376449585 42.6629119873047 43.9864181518555 45.0296459197998 45.8184490203857
31.1617713928223 29.31923828125 28.1871421813965 27.3477310180664 27.3006576538086 27.4827037811279 27.2140407562256 26.1651298522949 25.4732028961182 24.7951599121094 23.2610889434815 21.3292018890381 19.47763671875 17.919571685791 16.7800960540771 16.3504524230957 16.5867538452148 17.9299129486084 19.8294055938721 21.6339561462402 23.6771385192871 26.3803451538086 29.0613086700439 32.2352321624756 35.6411521911621 38.9900390625 42.4362686157227 45.5969791412354 48.5184482574463 50.8510715484619 52.3798137664795 52.9710952758789 52.2392505645752 50.848543548584 48.5877269744873 45.6270660400391 42.2006202697754 38.7574523925781 35.7662467956543 33.5437133789062 32.4848003387451 32.4339084625244 33.0342975616455 33.8871444702148 35.0971702575684 36.5602169036865 38.5868045806885 40.5296672821045 42.4667530059814 44.0920894622803 44.8143688201904 45.1633495330811 45.072505569458 44.5626708984375
31.7050140380859 30.6296142578125 30.0739402770996 29.4942573547363 29.4734817504883 29.4806804656982 29.0728191375732 28.1899707794189 26.9524784088135 25.6687767028809 23.8587615966797 21.9281551361084 19.9293575286865 18.4373718261719 17.4374782562256 17.0801410675049 17.7742870330811 18.7281379699707 20.4251113891602 22.628742980957 25.1962589263916 27.8709140777588 30.636699295044 33.8159957885742 37.1551025390625 40.5099365234375 43.7000164031982 46.8064178466797 49.8060913085938 52.1011657714844 53.6648178100586 53.8598861694336 53.035871887207 51.5529903411865 49.1950916290283 45.9890724182129 42.2755779266357 38.4183109283447 35.0378742218018 32.7212894439697 31.8166561126709 31.8335777282715 33.0602737426758 34.6680011749268 36.5183364868164 38.3750911712647 40.724174118042 43.0176128387451 44.8430297851562 46.1269412994385 46.427755355835 46.0448661804199 45.1995693206787 43.9884559631348
32.0517562866211 31.7499443054199 31.9213092803955 31.9168483734131 32.0296989440918 31.9937110900879 31.4834991455078 30.2442253112793 29.1339668273926 26.7729137420654 24.5956317901611 22.5136322021484 20.3464237213135 18.935470199585 17.9385730743408 18.0028285980225 18.4152927398682 19.7130493164063 21.2321041107178 23.3114879608154 26.0795333862305 29.0306091308594 31.8374542236328 34.7993377685547 37.9594100952148 41.213440322876 44.4940773010254 47.4731956481934 50.1570171356201 52.54743309021 54.0223579406738 54.1569442749023 53.2116344451904 51.7932323455811 49.3720657348633 46.0732936859131 42.0874851226807 37.8931293487549 34.2239776611328 31.4913799285889 30.3086380004883 30.2703895568848 31.4931854248047 33.6566837310791 36.1737483978272 38.8399166107178 41.6009750366211 44.2316452026367 46.013126373291 47.2633083343506 47.4586601257324 46.9744487762451 45.6368537902832 43.5133731842041
32.5561260223389 33.0061206817627 33.8471977233887 34.6745582580566 35.0387413024902 34.9682094573975 34.4524990081787 33.5589965820313 31.4680931091309 28.7059944152832 26.0548915863037 23.7573059082031 21.7060955047607 20.5172992706299 19.5055404663086 19.3825412750244 19.8610202789307 21.0174682617187 22.424499130249 24.9256465911865 27.3426876068115 29.758044052124 32.3032188415527 34.9979991912842 37.8452568054199 40.8306781768799 43.9753566741943 47.0396015167236 49.7032138824463 51.9795219421387 53.5722663879395 53.91872215271 53.1328708648682 51.7070659637451 49.2993324279785 45.9643997192383 41.9120681762695 37.6014873504639 33.6196811676025 30.4936016082764 28.7030319213867 28.1657516479492 29.2013824462891 31.3694911956787 34.324295425415 37.4098999023438 40.8950866699219 44.050163269043 46.3431564331055 47.6806247711182 47.6994945526123 47.1868721008301 45.7396633148193 43.2123886108399
33.4071891784668 34.6621158599853 36.1978336334229 37.6040412902832 38.9064270019531 39.1974773406982 38.7111717224121 37.1049716949463 34.8152763366699 31.9251094818115 29.1812000274658 26.6998752593994 24.3452667236328 22.421928024292 21.1758892059326 20.9604217529297 21.5253597259522 22.8579559326172 24.1223587036133 26.0535102844238 28.3698104858398 30.3712398529053 31.9878589630127 34.4653625488281 36.9062641143799 39.752823638916 42.7405017852783 45.7908294677734 48.4636665344238 50.8427742004395 52.6961349487305 53.25517578125 52.8482448577881 51.4906421661377 49.2150405883789 45.9667491912842 41.9508930206299 37.443660736084 33.1966419219971 29.5551612854004 27.1270763397217 25.6439506530762 26.0381591796875 27.9906982421875 30.9384780883789 34.4873058319092 38.5132797241211 41.7305835723877 44.5064491271973 46.6966205596924 47.1334182739258 46.7678516387939 45.3700275421143 43.3265087127686
35.3074104309082 37.88053855896 40.3508605957031 41.9741165161133 43.3905212402344 43.9814647674561 43.2101703643799 41.6317085266113 39.0068714141846 36.0653762817383 33.1469619750977 30.2224884033203 27.5879955291748 25.3711814880371 23.9626926422119 23.2998962402344 23.8114860534668 24.9572589874268 26.0265197753906 27.6660087585449 29.4503170013428 30.9039772033691 32.1571384429932 33.975029373169 36.0798305511475 38.3795925140381 41.136861038208 44.1880016326904 47.0856735229492 49.6065826416016 51.6581867218018 52.5862461090088 52.4437232971191 51.1474632263184 49.1839870452881 46.1456878662109 42.2915077209473 37.866849899292 33.3451789855957 29.0318153381348 25.4652271270752 22.832400894165 22.2447444915772 23.3338123321533 26.1591812133789 30.0747653961182 34.5316806793213 38.3880115509033 41.5887042999268 44.0497669219971 45.3639350891113 45.2009593963623 44.8183933258057 43.3376277923584
37.7603370666504 40.8249378204346 44.0265380859375 46.2424327850342 47.6836036682129 48.55832862854 48.2252853393555 46.5777084350586 44.1403415679932 41.3396816253662 38.1264015197754 34.8566585540772 31.9687412261963 29.6989532470703 27.8867607116699 26.9931365966797 26.9905536651611 27.9350017547607 28.8720546722412 30.0611896514893 31.0998996734619 32.3532283782959 32.9158061981201 34.1995803833008 35.2543361663818 37.0009014129639 39.453031539917 42.4731246948242 45.579052734375 48.4927326202393 50.7118625640869 51.8958610534668 51.9564720153809 51.1472122192383 49.4291469573975 46.7500625610352 43.0739910125732 38.712825012207 33.9634750366211 28.9617111206055 23.949373626709 20.4478099822998 18.4815334320068 18.622261428833 20.8205535888672 24.9468997955322 29.4438831329346 34.0222423553467 37.7583690643311 40.4508068084717 42.609720993042 43.2738384246826 43.4052021026611 42.8442943572998
41.060177230835 44.7569877624512 48.0894641876221 50.6160915374756 52.2524139404297 53.2692687988281 53.2381927490234 51.7281154632568 49.7324924468994 47.0048542022705 43.771411895752 40.2464038848877 37.4822578430176 35.0465232849121 33.301091003418 31.8434585571289 31.7934230804443 32.3932674407959 32.9813201904297 33.7843730926514 34.0344749450684 34.5418563842774 34.6230358123779 34.7944564819336 35.1466255187988 36.1563056945801 38.1670566558838 40.8580982208252 44.2385601043701 47.4464908599854 49.965544128418 51.4860473632813 51.9267459869385 51.6129611968994 50.1939785003662 47.6688415527344 44.1760185241699 39.938302230835 34.9799633026123 29.4632568359375 23.4385032653809 18.7475803375244 15.6825618743896 14.7582397460938 16.5676849365234 19.9678497314453 24.2571670532227 28.7488285064697 32.8254669189453 36.6114456176758 39.566284942627 41.4319389343262 42.1168502807617 42.6949760437012
45.3281562805176 49.257857131958 52.6087139129639 55.0575283050537 56.7192420959473 57.7092517852783 57.7232837677002 56.6862632751465 55.030163192749 52.7442539215088 49.8576412200928 46.5164051055908 43.4086181640625 41.2464645385742 39.4645858764649 38.2796737670898 37.872896194458 37.9931480407715 38.2017436981201 38.3663948059082 38.0072414398193 37.5031204223633 37.1594158172608 36.4411758422852 36.0201930999756 36.3240989685059 37.7307033538818 40.1064212799072 43.6941844940186 47.1516651153565 49.7712421417236 51.5894599914551 52.3673191070557 52.3027641296387 51.4179218292236 49.189624786377 45.8764717102051 41.6380588531494 36.4598377227783 30.2045036315918 24.1293090820313 18.534733581543 14.1884761810303 12.5928985595703 13.0318717956543 15.7293838500977 19.482048034668 23.8592308044434 28.5576545715332 32.8455436706543 36.3092247009277 39.3795909881592 41.2075382232666 42.8267330169678
50.3341583251953 53.8660278320312 57.0228645324707 59.2596706390381 60.8513935089111 61.85309715271 61.788275718689 61.2083480834961 59.9009788513184 58.1065734863281 55.7159740447998 53.1073524475098 50.4762168884277 47.5550270080566 45.4224369049072 45.0276229858398 44.6226982116699 44.3574226379395 44.3213405609131 43.60553855896 42.6877330780029 41.6893081665039 40.7007038116455 39.3994804382324 38.215962600708 37.9397384643555 38.731001663208 41.1954208374024 44.2951393127441 47.5715805053711 50.4832450866699 52.4980293273926 53.6324157714844 53.9369899749756 53.2519664764404 51.4620288848877 48.34328956604 44.4573974609375 38.9077571868897 32.7699691772461 26.3821670532227 20.1177593231201 15.1021884918213 12.0087329864502 11.6243938446045 13.5826400756836 16.5159427642822 20.7481620788574 25.0491584777832 29.5164836883545 33.628787612915 37.4182647705078 40.6297534942627 43.5414295196533
55.312788772583 58.3128810882568 60.9831087112427 62.8913503646851 64.2610305786133 65.1936338424683 65.2080366134644 65.0001832962036 64.0821748733521 62.7049238204956 60.9102153778076 59.0236125946045 57.1069160461426 54.8496788024902 53.1367786407471 51.9554817199707 51.1826908111572 50.9772842407227 50.4110607147217 49.7977649688721 48.2011074066162 46.9310306549072 45.562219619751 43.6804111480713 41.884224319458 41.0672698974609 41.713069152832 43.5556522369385 46.0925804138184 49.1569080352783 52.2305263519287 54.4339557647705 55.8875144958496 56.3622039794922 55.9610118865967 54.2674171447754 51.6441921234131 47.6097160339356 42.4690517425537 36.6737995147705 30.070597076416 23.5028553009033 17.745783996582 13.9599956512451 12.8825061798096 13.8789482116699 16.2701068878174 19.9268032073975 23.7647018432617 27.8705078125 32.2572650909424 36.5255302429199 40.5709251403809 44.8075798034668
59.8447734832764 62.3113063812256 64.4597473144531 65.9182313919067 66.9656196594238 68.0152725219727 68.1257524490356 67.8275564193726 67.3856986999512 66.6224811553955 65.4609104156494 64.0498979568481 62.3812776565552 60.6392292022705 59.3963558197022 58.4499923706055 57.721305847168 57.0963241577148 56.3241718292236 55.4303787231445 53.8371936798096 52.1135498046875 50.5940319061279 48.596949005127 46.5345302581787 45.5771743774414 45.9501125335693 47.0966793060303 49.3554988861084 52.2453441619873 54.9680004119873 57.170792388916 58.7888832092285 59.2139972686768 59.0797035217285 57.7337005615234 55.5145042419434 51.8143043518066 47.2496662139893 41.5676265716553 35.3278007507324 28.6018962860107 22.5854866027832 18.7118850708008 17.21291847229 17.1845638275147 19.1548126220703 21.9500602722168 25.1922439575195 28.6750087738037 32.9863132476807 37.5152618408203 42.0039894104004 46.7783660888672
63.4998447418213 65.5058166503906 67.1952459335327 68.4726079940796 69.311123752594 70.0306551933289 70.1943420410156 70.2442652702332 69.9524790763855 69.3915351867676 68.6538690567017 67.6013624191284 66.5030908584595 65.3731006622315 64.4800180435181 63.7388349533081 63.0952178955078 62.4761560440063 61.5714534759522 60.4548976898193 59.0633438110352 57.5278091430664 55.7817810058594 53.6041996002197 51.7517810821533 50.739225769043 50.5820411682129 51.6496715545654 53.7071556091309 56.3775177001953 58.7466152191162 60.5709537506104 61.9817924499512 62.6443231582642 62.5579069137573 61.3932079315186 59.6753555297852 56.4828662872314 52.2800842285156 47.4493244171143 41.7415203094482 35.5669525146484 29.9155101776123 26.0716220855713 24.1393711090088 23.5343891143799 24.7124114990234 26.7306667327881 29.2578887939453 32.2744537353516 36.2788066864014 40.8388778686523 45.4191665649414 50.3430927276611
