indici/fabbisogno_annuo.asc
NCOLS 177 
NROWS 174 
XLLCORNER 1436301.375 
YLLCORNER 4916704.5 
CELLSIZE 1500 
NODATA_value -9999 
[rows 80 to 99 of 174, columns 0 to 43 of 177]
-714.507514953613 -713.423233032227 -712.107147216797 -710.609443664551 -709.864219665527 -709.055923461914 -707.941864013672 -702.724548339844 -695.279586791992 -687.543067932129 -678.874870300293 -668.658271789551 -658.872756958008 -649.894332885742 -646.86678314209 -643.668548583984 -640.268493652344 -636.106018066406 -631.803817749023 -627.52392578125 -620.414817810059 -610.993957519531 -602.201698303223 -593.20384979248 -583.483406066895 -574.19034576416 -167.229591369629 -170.399429321289 -173.261337280273 -175.936148643494 -181.436550140381 -190.783576965332 -198.924007892609 -202.275977134705 -207.924808979034 -214.143716335297 -220.639619827271 -225.649430513382 -230.505681991577 -235.330396294594 -238.419545412064 -241.326184749603 -244.20449256897 -247.62176990509
-705.342193603516 -705.305328369141 -704.885765075684 -704.177581787109 -703.759956359863 -703.273597717285 -702.57950592041 -697.818717956543 -690.933937072754 -683.993377685547 -676.141845703125 -666.825263977051 -657.788566589355 -649.326484680176 -644.922576904297 -640.32356262207 -635.500762939453 -629.117362976074 -622.445526123047 -615.821235656738 -606.792556762695 -595.84156036377 -585.560974121094 -575.73070526123 -566.873062133789 -558.478935241699 -151.039245605469 -156.201753616333 -159.479067802429 -162.773096084595 -168.637610435486 -179.137584686279 -184.67564868927 -189.919303894043 -195.144791603088 -201.980766296387 -209.224546432495 -214.190712690353 -219.908054828644 -225.593014478683 -228.595789730549 -231.519044101238 -234.555398583412 -237.573844194412
-695.077255249023 -696.003837585449 -696.603630065918 -696.957977294922 -697.123840332031 -697.182228088379 -697.038146972656 -692.862648010254 -686.659828186035 -680.460433959961 -673.373817443848 -664.905296325684 -656.552452087402 -648.513984680176 -642.67236328125 -636.650772094727 -630.426750183105 -621.831916809082 -612.821159362793 -603.919563293457 -593.045532226562 -580.628295898438 -568.874794006348 -558.244361877441 -550.259033203125 -140.400241851807 -136.238835334778 -141.698923110962 -145.765378952026 -149.720293045044 -156.062539100647 -164.224375724792 -170.127377510071 -176.177033424377 -183.082873344421 -190.790142059326 -198.086480617523 -204.009795188904 -209.251403331757 -215.675424575806 -218.636795043945 -221.668386816978 -224.754917919636 -227.338230133057
-684.252647399902 -686.071159362793 -687.737823486328 -689.289070129395 -690.171524047852 -690.900810241699 -691.384582519531 -687.878173828125 -682.438751220703 -676.941947937012 -670.58177947998 -662.919815063477 -655.19563293457 -647.495674133301 -640.159408569336 -632.691368103027 -625.078369140625 -614.273490905762 -602.947547912598 -591.827629089355 -579.177268981934 -565.355201721191 -552.142738342285 -540.744209289551 -533.640808105469 -124.443034172058 -120.02059841156 -126.695246696472 -131.841360092163 -136.609334945679 -143.154817581177 -150.387205123901 -157.310873031616 -164.187662124634 -173.632382392883 -182.030951499939 -187.597484588623 -194.411047935486 -200.582143306732 -205.732213020325 -208.930932044983 -211.811194181442 -214.972242832184 -217.637290239334
-658.544281005859 -659.918884277344 -661.348152160645 -662.810684204102 -665.302459716797 -667.671859741211 -669.734573364258 -668.974487304688 -666.858642578125 -664.579460144043 -660.722183227539 -654.598899841309 -648.21932220459 -641.431327819824 -632.48316192627 -623.453804016113 -614.336380004883 -602.42350769043 -590.096618652344 -578.052909851074 -565.497192382812 -552.543167114258 -540.117362976074 -529.630294799805 -523.709259033203 -518.291450500488 -112.159503936768 -117.726526260376 -124.383211135864 -129.446230888367 -136.015584945679 -142.978799819946 -149.656471252441 -156.204918861389 -165.66792678833 -173.101757049561 -179.078187942505 -186.787606239319 -193.725975990295 -199.775210857391 -200.767341136932 -203.113749027252 -206.423554897308 -208.082417964935
-632.560974121094 -633.361457824707 -634.333969116211 -635.418144226074 -639.346015930176 -643.199607849121 -646.757209777832 -648.797050476074 -650.108573913574 -651.20442199707 -649.950393676758 -645.40601348877 -640.424369812012 -634.562530517578 -623.966445922852 -613.342658996582 -602.687828063965 -589.845024108887 -576.737548828125 -563.992385864258 -551.902709960938 -540.275978088379 -529.11750793457 -519.929977416992 -515.299858093262 -511.172798156738 -507.452415466309 -111.074925422668 -118.253336906433 -123.587697029114 -130.155849456787 -136.786601066589 -143.084145545959 -149.123151779175 -155.967586517334 -161.628844261169 -168.16837310791 -176.396183013916 -186.995336532593 -191.814383029938 -193.073398590088 -194.662609577179 -198.156058311462 -199.474970340729
-606.244445800781 -606.552375793457 -607.002967834473 -607.542808532715 -612.770545959473 -618.000068664551 -623.072563171387 -627.9658203125 -632.726142883301 -637.242446899414 -638.610946655273 -635.694381713867 -632.174873352051 -627.271560668945 -615.104507446289 -602.98233795166 -590.902297973633 -577.252449035645 -563.46346282959 -550.054588317871 -538.490524291992 -528.228729248047 -518.35279083252 -510.479721069336 -507.155235290527 -504.280166625977 -501.780517578125 -104.452767372131 -111.994727134705 -117.625905036926 -123.849286079407 -130.232353210449 -136.112782478333 -141.783135414124 -147.048669815063 -152.234239578247 -157.720442771912 -166.761605262756 -175.54225730896 -182.89259147644 -184.285351753235 -185.86155128479 -189.462869644165 -190.415060043335
-579.701652526855 -579.644599914551 -579.696006774902 -579.81169128418 -584.896553039551 -590.053909301758 -595.230865478516 -601.645072937012 -608.528007507324 -615.175132751465 -618.743667602539 -618.201225280762 -616.867210388184 -613.69694519043 -601.371109008789 -589.129463195801 -576.967826843262 -563.805809020996 -550.588226318359 -537.740760803223 -527.364234924316 -518.70777130127 -510.349838256836 -503.847381591797 -501.492080688477 -499.538597106934 -497.929061889648 -99.5729675292969 -106.98707485199 -112.552972793579 -118.427291870117 -124.459643363953 -129.911191940308 -135.191282272339 -140.247068405151 -144.982986450195 -150.119625091553 -157.1575756073 -164.788321495056 -173.445310592651 -176.194266319275 -176.852783203125 -179.986474990845 -180.704851150513
-553.040435791016 -552.682167053223 -552.401023864746 -552.163787841797 -556.204597473145 -560.34342956543 -564.633316040039 -571.573585510254 -579.513832092285 -587.19091796875 -592.485572814941 -594.694396972656 -595.94002532959 -594.981689453125 -583.545211791992 -572.269348144531 -561.142799377441 -549.601623535156 -538.105766296387 -526.997215270996 -518.472732543945 -511.706993103027 -505.155685424805 -500.126602172852 -498.438339233398 -497.096839904785 -496.055717468262 -96.6444511413574 -103.219038963318 -108.626215934753 -114.073680877686 -119.432012557983 -124.673996925354 -129.751668930054 -134.652251243591 -139.282606124878 -144.077548980713 -150.256895065308 -156.399438858032 -163.133815765381 -166.986733436584 -168.143516540527 -169.8639793396 -170.12718963623
-527.171783447266 -526.51237487793 -525.887603759766 -525.310081481934 -528.250587463379 -531.264587402344 -534.395782470703 -541.628204345703 -550.370162963867 -558.907836914062 -565.788497924805 -570.583999633789 -574.585182189941 -576.07447052002 -565.782760620117 -555.632659912109 -545.612037658691 -535.769660949707 -526.036201477051 -516.617660522461 -509.898567199707 -504.975921630859 -500.23176574707 -496.669219970703 -495.652076721191 -494.92236328125 -494.440879821777 -93.8105702400208 -98.4166784286499 -104.390678405762 -109.712918758392 -114.631504058838 -119.483123779297 -124.231605529785 -128.901185035706 -133.398090362549 -137.798544883728 -143.429307937622 -148.876779556274 -154.389364242554 -156.002956390381 -157.195900917053 -158.870748519897 -160.588626861572
-505.20068359375 -504.313888549805 -503.409217834473 -502.535316467285 -504.128356933594 -505.78059387207 -507.514823913574 -514.035972595215 -522.319221496582 -530.535308837891 -537.98917388916 -544.479209899902 -550.443183898926 -553.91731262207 -545.738624572754 -537.615768432617 -529.538848876953 -521.852165222168 -514.25609588623 -506.865661621094 -502.029541015625 -498.86759185791 -495.861358642578 -493.667510986328 -493.192497253418 -492.951156616211 -492.906539916992 -494.927337646484 -94.9021654129028 -98.8766598701477 -104.926954269409 -109.316407203674 -113.770317077637 -118.159481048584 -122.551181793213 -126.602946281433 -130.773489952087 -135.636734008789 -140.4733543396 -145.340724945068 -146.317680358887 -147.112690925598 -148.364053726196 -150.664140701294
-491.282333374023 -490.684814453125 -490.024070739746 -489.348762512207 -489.418304443359 -489.520530700684 -489.660232543945 -492.985389709473 -497.450294494629 -501.908065795898 -506.693450927734 -511.825340270996 -516.647087097168 -520.038757324219 -517.018180847168 -514.022972106934 -511.044120788574 -507.262809753418 -503.40013885498 -499.657501220703 -497.183120727539 -495.523796081543 -493.992942810059 -492.766975402832 -492.184020996094 -491.773109436035 -491.502830505371 -492.554473876953 -90.3896043300629 -93.3716530799866 -97.0208859443665 -101.293566226959 -105.073481559753 -108.377994537354 -111.605133056641 -114.675680160522 -118.023280143738 -122.397779464722 -126.812458992004 -131.269853591919 -133.211749076843 -135.140041351318 -137.570155143738 -139.010255813599
-478.015724182129 -477.656105041504 -477.227432250977 -476.72639465332 -475.281211853027 -473.86905670166 -472.49324798584 -472.661834716797 -473.380386352539 -474.110595703125 -476.294219970703 -480.096130371094 -483.669403076172 -486.92919921875 -488.931190490723 -490.945388793945 -492.962371826172 -492.970573425293 -492.75830078125 -492.627128601074 -492.456359863281 -492.265823364258 -492.196929931641 -491.912117004395 -491.209869384766 -490.637191772461 -490.152626037598 -490.252464294434 -87.6331512928009 -87.9143261909485 -89.8924312591553 -92.6557989120483 -95.675347328186 -98.2770714759827 -100.648258686066 -102.704077720642 -105.02548122406 -109.07372713089 -113.058961868286 -116.990002632141 -120.083953857422 -123.268182754517 -126.661550521851 -129.522071838379
-465.087135314941 -464.95263671875 -464.764114379883 -464.423240661621 -461.482872009277 -458.594543457031 -455.770263671875 -452.814262390137 -449.855697631836 -446.901397705078 -446.563804626465 -449.0791015625 -451.338684082031 -454.460945129395 -461.386863708496 -468.321022033691 -475.252853393555 -478.951202392578 -482.318313598633 -485.767562866211 -487.846054077148 -489.092788696289 -490.473983764648 -491.10432434082 -490.271705627441 -489.546646118164 -488.861366271973 -488.029487609863 -487.236221313477 -486.495483398438 -83.9355266094208 -85.0435035228729 -86.4070560932159 -87.9226913452148 -89.8797707557678 -90.8157978057861 -92.1892890930176 -95.830287694931 -99.4215693473816 -102.896904945374 -107.142210960388 -111.383917331696 -115.984840393066 -119.963157176971
-462.103744506836 -460.969993591309 -459.82218170166 -458.527450561523 -454.656242370605 -450.846824645996 -447.118618011475 -443.17147064209 -439.156929016113 -435.0950050354 -433.490737915039 -434.521102905273 -435.273628234863 -437.281433105469 -444.554077148438 -451.901832580566 -459.309562683105 -465.368988037109 -471.314613342285 -477.356628417969 -481.070793151855 -483.399276733398 -485.878814697266 -487.11791229248 -485.974418640137 -484.917320251465 -483.855659484863 -482.068969726562 -480.300453186035 -478.554992675781 -476.797538757324 -475.047065734863 -73.6636452078819 -73.804347217083 -75.409354865551 -75.5326313972473 -76.4048466682434 -80.6537092328072 -84.5926698744297 -88.6520328521729 -94.5418682098389 -100.332359790802 -106.427282810211 -111.74275302887
-459.241802215576 -457.191635131836 -455.151470184326 -452.952236175537 -448.254024505615 -443.629203796387 -439.100330352783 -434.400470733643 -429.649791717529 -424.851222991943 -422.247299194336 -421.925300598145 -421.301429748535 -422.225387573242 -429.334365844727 -436.503227233887 -443.719429016113 -451.948707580566 -460.287727355957 -468.72696685791 -473.92707824707 -477.242362976074 -480.724342346191 -482.472427368164 -480.953109741211 -479.49976348877 -477.995231628418 -475.22590637207 -472.457664489746 -469.688049316406 -466.68310546875 -463.621269226074 -59.7549432516098 -58.8698015213013 -59.24386292696 -59.4935985505581 -59.9776422381401 -64.8334512710571 -69.6991105079651 -74.5025773048401 -82.1482846736908 -89.6676502227783 -97.346266746521 -104.234472751617
-456.503520965576 -453.54940032959 -450.649429321289 -447.587062835693 -442.103061676025 -436.683738708496 -431.345848083496 -425.885601043701 -420.39270401001 -414.870021820068 -411.269702911377 -409.608318328857 -407.634986877441 -407.521961212158 -414.497100830078 -421.474639892578 -428.454528808594 -438.838874816895 -449.527503967285 -460.329170227051 -466.965103149414 -471.232048034668 -475.692192077637 -477.912078857422 -475.992576599121 -474.128799438477 -472.167320251465 -468.405868530273 -464.645927429199 -460.885208129883 -456.664474487305 -452.320655822754 -46.4920098781586 -44.2383489608765 -43.5289816856384 -42.6524481773376 -43.8578517436981 -49.3865364193916 -54.9854761362076 -60.5762569904327 -69.7603049278259 -79.1508283615112 -88.5914911031723 -96.8495441675186
-452.838737487793 -449.012157440186 -445.284217834473 -441.435962677002 -435.748790740967 -430.100471496582 -424.503395080566 -419.088386535645 -413.704811096191 -408.286098480225 -404.61226272583 -402.641269683838 -400.321880340576 -399.765800476074 -405.751564025879 -411.702545166016 -417.632843017578 -428.184608459473 -439.159049987793 -450.304252624512 -457.548439025879 -462.611289978027 -467.896469116211 -470.546867370605 -468.419311523438 -466.332885742188 -464.107246398926 -459.729560852051 -455.347465515137 -450.959480285645 -446.332168579102 -441.634567260742 -436.951156616211 -32.3382997512817 -31.1219348907471 -30.3523993492126 -31.5489993095398 -37.3173196315765 -43.3807018399239 -49.3541942834854 -59.3887529373169 -69.9975543022156 -80.5566663742065 -89.7289533615112
-448.687557220459 -443.984668731689 -439.426979064941 -434.83243560791 -429.278633117676 -423.7541847229 -418.267314910889 -413.474605560303 -408.839527130127 -404.18673324585 -401.21399307251 -399.830520629883 -398.088321685791 -397.689208984375 -402.123748779297 -406.463382720947 -410.740020751953 -419.729949951172 -429.122924804688 -438.698997497559 -445.741722106934 -451.397308349609 -457.300285339355 -460.291145324707 -458.10563659668 -455.950706481934 -453.631416320801 -449.014877319336 -444.394348144531 -439.768562316895 -435.650451660156 -431.66813659668 -427.681945800781 -23.1307120323181 -22.1391320228577 -21.8708138465881 -23.2248134613037 -29.5072894096375 -35.3313524723053 -41.1905854940414 -51.6336809396744 -62.4215521812439 -73.2257385253906 -82.8656594753265
-444.556869506836 -439.025226593018 -433.616878509521 -428.248924255371 -422.784130096436 -417.35612487793 -411.972415924072 -407.805702209473 -403.904106140137 -399.96125793457 -397.6318359375 -396.781818389893 -395.627208709717 -395.374774932861 -398.277973175049 -401.073757171631 -403.798931121826 -411.328506469727 -419.207733154297 -427.206809997559 -434.063026428223 -440.303016662598 -446.785530090332 -450.0732421875 -447.792945861816 -445.569931030273 -443.170600891113 -438.330017089844 -433.480003356934 -428.617668151855 -425.015510559082 -421.752067565918 -418.484336853027 -416.019577026367 -13.5440139770508 -13.8943982124329 -15.2031064033508 -21.6532788276672 -27.6762976646423 -33.7481706142426 -44.0674453750253 -54.9982197284698 -65.9826121330261 -76.0758905410767
