indici/fabbisogno05.asc
NCOLS 177 
NROWS 174 
XLLCORNER 1436301.375 
YLLCORNER 4916704.5 
CELLSIZE 1500 
NODATA_value -9999 
[rows 120 to 139 of 174, columns 0 to 43 of 177]
-98.8483123779297 -99.2516784667969 -99.5933532714844 -99.6875839233398 -99.2098770141602 -98.659049987793 -98.0674667358398 -96.6616058349609 -95.2106399536133 -93.6864013671875 -91.8152008056641 -89.7875900268555 -87.8740005493164 -86.3989334106445 -85.6453552246094 -84.9683456420898 -84.3602142333984 -84.2583770751953 -84.1628112792969 -84.0753173828125 -83.7951431274414 -83.4665985107422 -16.9669708251953 -16.9279006958008 -16.7205535888672 -16.7124710083008 -16.7946563720703 -16.9268753051758 -17.0485610961914 -17.1752685546875 -17.4874954223633 -17.8415374755859 -18.1086669921875 -18.4299224853516 -18.8135848999023 -19.0730087280273 -19.2230361938477 -19.3256652832031 -19.3612014770508 -19.4371887207031 -19.2535018920898 -19.1141235351563 -18.810986328125 -18.6249755859375
-98.2365646362305 -98.8879699707031 -99.4653549194336 -99.7313461303711 -99.304443359375 -98.7968368530273 -98.2459564208984 -96.8148345947266 -95.347412109375 -93.8128509521484 -91.9319381713867 -89.90234375 -88.0094909667969 -86.5343017578125 -85.7264633178711 -84.9942932128906 -84.3274993896484 -84.0981216430664 -83.8728103637695 -83.6524276733398 -83.2129211425781 -82.7159652709961 -15.7105407714844 -15.4691299438477 -15.1564224243164 -14.9558746337891 -14.8110763549805 -14.6004959106445 -14.4528381347656 -14.356672668457 -14.7287231445313 -15.2097061157227 -15.4813949584961 -16.0148315429688 -16.5604537963867 -17.0861312866211 -17.4640563964844 -17.6216018676758 -17.8696044921875 -18.0221313476563 -17.9130218505859 -17.8981170654297 -17.8817855834961 -17.8096557617188
-97.6250839233398 -98.5355987548828 -99.3539047241211 -99.7933578491211 -99.4223098754883 -98.9659042358398 -98.4585037231445 -97.0172653198242 -95.542350769043 -94.0056991577148 -92.123176574707 -90.0989685058594 -88.2174530029297 -86.7319564819336 -85.8609619140625 -85.0640869140625 -84.3281784057617 -83.9619293212891 -83.6015243530273 -83.2481002807617 -82.6487884521484 -81.9843139648438 -81.3505477905273 -14.0634124755859 -13.5634002685547 -13.2038665771484 -12.8692596435547 -12.4154800415039 -12.0035888671875 -11.6088272094727 -12.089631652832 -12.5888732910156 -12.9893020629883 -13.6707321166992 -14.417219543457 -15.2017379760742 -15.7236633300781 -15.910986328125 -16.2426818847656 -16.5793655395508 -16.7721069335938 -16.8926528930664 -16.9672210693359 -17.0191650390625
-97.0164031982422 -98.1917953491211 -99.2537841796875 -99.8665084838867 -99.5547637939453 -99.1551055908203 -98.6959915161133 -97.2529602050781 -95.7779998779297 -94.2465133666992 -92.3699569702148 -90.3582077026367 -88.4824676513672 -86.9798431396484 -86.0397033691406 -85.1711273193359 -84.357795715332 -83.847053527832 -83.3473434448242 -82.8611602783203 -82.1019592285156 -81.2713928222656 -80.4643783569336 -12.6735626220703 -12.0037231445312 -11.4818298339844 -10.9640960693359 -10.2546752929688 -9.48986358642578 -8.95675811767579 -9.40653381347657 -10.0118911743164 -10.5617126464844 -11.3956176757813 -12.3232498168945 -13.1977325439453 -13.8989837646484 -14.3619415283203 -14.8893508911133 -15.3886367797852 -15.5736389160156 -15.8746139526367 -16.1459457397461 -16.3071594238281
-94.9561920166016 -96.0100326538086 -96.9363021850586 -97.5527114868164 -97.5445861816406 -97.4412994384766 -97.2647094726562 -96.0551605224609 -94.8112716674805 -93.5118560791016 -91.8456573486328 -90.0397415161133 -88.3600463867188 -86.9332809448242 -85.8812484741211 -84.8987655639648 -83.9642715454102 -83.2551422119141 -82.5629959106445 -81.8914031982422 -80.9982452392578 -80.0482940673828 -79.1141815185547 -78.1439819335938 -10.2459411621094 -9.68302612304687 -9.11881866455079 -8.48375244140625 -7.94916229248047 -7.47665863037109 -8.1048095703125 -8.82677001953125 -9.55169372558594 -10.4209365844727 -11.4617462158203 -12.4050674438477 -13.1800384521484 -13.7386138916016 -14.1452697753906 -14.9318283081055 -15.2442687988281 -15.5505386352539 -15.8488021850586 -16.0742492675781
-92.8207931518555 -93.7214202880859 -94.4930725097656 -95.1025772094727 -95.3940734863281 -95.5884780883789 -95.6993942260742 -94.7333908081055 -93.7334289550781 -92.680793762207 -91.241081237793 -89.659423828125 -88.1934280395508 -86.8468170166016 -85.6745376586914 -84.5706405639648 -83.5061340332031 -82.5883026123047 -81.69140625 -80.8196563720703 -79.7926483154297 -78.7271118164062 -77.6708831787109 -76.6391525268555 -8.5305648803711 -7.87661437988281 -7.35088958740235 -6.94705810546876 -6.63116760253907 -6.44897918701172 -7.11004028320313 -7.87506256103516 -8.72055053710938 -9.80945739746094 -10.8670593261719 -11.8332580566406 -12.476237487793 -13.3953155517578 -13.9886917114258 -14.6363647460938 -15.0606414794922 -15.3887313842773 -15.7455184936523 -15.9858901977539
-90.5507431030273 -91.2676849365234 -91.8997268676758 -92.5251617431641 -93.1310806274414 -93.641357421875 -94.0588455200195 -93.3569259643555 -92.6187973022461 -91.8260116577148 -90.6258087158203 -89.2808837890625 -88.0284652709961 -86.7573318481445 -85.46484375 -84.2453765869141 -83.0575790405273 -81.9389801025391 -80.8393630981445 -79.7620239257812 -78.5965423583984 -77.4100570678711 -76.2282485961914 -75.1326141357422 -6.73953552246094 -6.15760955810548 -5.65988922119141 -5.48268890380859 -5.47683258056641 -5.46327972412109 -6.27623138427735 -7.16155548095703 -8.04880371093751 -9.10969696044922 -10.2995178222656 -11.2977874755859 -12.2619979858398 -13.0227783203125 -13.7001159667969 -14.3827484130859 -14.8361450195313 -15.2173538208008 -15.6486343383789 -15.8963302612305
-88.637580871582 -89.2001647949219 -89.7208099365234 -90.3343811035156 -91.1091918945312 -91.7939758300781 -92.3856658935547 -91.9338836669922 -91.4439315795898 -90.8977890014648 -89.8863830566406 -88.7156219482422 -87.6161422729492 -86.3507537841797 -84.8665618896484 -83.4617538452148 -82.0952224731445 -80.8280792236328 -79.5766677856445 -78.3435516357422 -77.1399612426758 -75.9420928955078 -74.7421798706055 -73.6816558837891 -5.09306335449219 -4.59206085205078 -4.20447387695313 -4.30358581542968 -4.34289855957032 -4.58680877685548 -5.50868988037109 -6.32722320556641 -7.34983978271485 -72.5179138183594 -73.3246154785156 -74.0351943969727 -74.6681823730469 -12.7018035888672 -13.3905029296875 -14.1118148803711 -14.588932800293 -15.0039794921875 -15.463818359375 -15.7536483764648
-86.9063262939453 -87.338981628418 -87.7726593017578 -88.3671112060547 -89.2317733764648 -90.0080032348633 -90.6925277709961 -90.4806137084961 -90.2281341552734 -89.9176254272461 -89.0544891357422 -88.0071029663086 -87.0085983276367 -85.6857757568359 -83.9435043334961 -82.2853698730469 -80.6837692260742 -79.3039474487305 -77.9378128051758 -76.5872192382812 -75.4354400634766 -74.3281478881836 -73.2143173217773 -72.2883377075195 -71.5515365600586 -70.8349761962891 -70.2161636352539 -70.0141677856445 -69.868049621582 -3.83490295410157 -4.76459503173828 -5.72991943359375 -71.4602966308594 -72.1942977905273 -73.0343780517578 -73.8018188476562 -74.4927597045898 -12.2867752075195 -13.04423828125 -13.8570922851563 -14.3451583862305 -14.8149429321289 -15.2994720458984 -15.5623107910156
-85.2272033691406 -85.5276870727539 -85.8578262329102 -86.4201507568359 -87.3586502075195 -88.2194137573242 -88.9957504272461 -89.0201873779297 -89.0024566650391 -88.9261169433594 -88.2081527709961 -87.2840347290039 -86.4013214111328 -85.0307769775391 -83.0449600219727 -81.1322250366211 -79.2916488647461 -77.7935562133789 -76.3058395385742 -74.8296127319336 -73.7237701416016 -72.7008819580078 -71.6771697998047 -70.8905715942383 -70.3385467529297 -69.7945861816406 -69.3396301269531 -69.2636108398438 -69.2428512573242 -69.2704849243164 -69.8208847045898 -70.4500427246094 -71.0978851318359 -71.8769989013672 -72.7576370239258 -73.5784225463867 -74.3226089477539 -11.9462921142578 -12.752604675293 -13.5717147827148 -14.0845001220703 -14.5930435180664 -15.1176528930664 -15.4688491821289
-83.9945755004883 -84.1785049438477 -84.4184036254883 -84.9264221191406 -85.8573913574219 -86.7262268066406 -87.5237197875977 -87.7070541381836 -87.8510818481445 -87.9403228759766 -87.290397644043 -86.4154434204102 -85.5808715820312 -84.1424026489258 -81.9564819335938 -79.8279800415039 -77.7922286987305 -76.2525100708008 -74.7149505615234 -73.1803588867188 -72.1485290527344 -71.2266998291016 -70.3105926513672 -69.6631240844727 -69.2780914306641 -68.888557434082 -68.5778045654297 -68.6016464233398 -68.6817474365234 -68.8104934692383 -69.3934707641602 -70.0476837158203 -70.7326812744141 -71.548942565918 -72.4656753540039 -73.3327713012695 -74.1237716674805 -74.7044448852539 -12.3379669189453 -13.2243682861328 -13.7830230712891 -14.3810119628906 -14.8869888305664 -15.2173324584961
-83.6790390014648 -83.8198547363281 -84.0437240600586 -84.4856262207031 -85.2587814331055 -85.9812622070312 -86.6411743164062 -86.7951812744141 -86.9082183837891 -86.9660186767578 -86.1463317871094 -85.0694274902344 -84.0273895263672 -82.429573059082 -80.1626892089844 -77.9396820068359 -75.8593597412109 -74.5814514160156 -73.3019332885742 -72.0211639404297 -71.2081146240234 -70.4952163696289 -69.7955322265625 -69.30615234375 -69.0186614990234 -68.7130126953125 -68.4638900756836 -68.4600372314453 -68.51220703125 -68.6121597290039 -69.1316146850586 -69.7193756103516 -70.3493499755859 -71.1377258300781 -72.046257019043 -72.9152526855469 -73.7145309448242 -74.3206329345703 -74.8639907836914 -75.364990234375 -75.6154174804688 -13.8398529052734 -14.4116989135742 -14.8645355224609
-83.492561340332 -83.5975036621094 -83.7807922363281 -84.1301193237305 -84.7223434448242 -85.2762832641602 -85.7786712646484 -85.8820419311523 -85.9515228271484 -85.9762191772461 -84.9825973510742 -83.7026519775391 -82.4558486938477 -80.7030563354492 -78.3577270507812 -76.0401229858398 -73.9192199707031 -72.9025726318359 -71.8825988769531 -70.8594970703125 -70.2684860229492 -69.7665786743164 -69.2770614624023 -68.9385681152344 -68.7426452636719 -68.5240173339844 -68.3404235839844 -68.3135681152344 -68.3410491943359 -68.4142608642578 -68.8719711303711 -69.3950347900391 -69.9704971313477 -70.7316741943359 -71.6324768066406 -72.4976043701172 -73.2988815307617 -73.924072265625 -74.4888687133789 -75.0130233764648 -75.3160095214844 -13.3330917358398 -13.9949035644531 -14.6057739257812
-83.3718643188477 -83.4471740722656 -83.5793304443359 -83.8222579956055 -84.2216949462891 -84.5948791503906 -84.9284820556641 -84.9674377441406 -84.9850463867188 -84.9751434326172 -83.8034820556641 -82.3193893432617 -80.8695678710938 -78.9653244018555 -76.5433731079102 -74.1308059692383 -71.9731521606445 -71.2170104980469 -70.4578170776367 -69.6957626342773 -69.3297729492188 -69.0406799316406 -68.7551345825195 -68.560173034668 -68.4494552612305 -68.3209915161133 -68.2068939208984 -68.1619415283203 -68.1681671142578 -68.2168731689453 -68.614875793457 -69.0752258300781 -69.596794128418 -70.3315963745117 -71.2252578735352 -72.0797882080078 -72.8756256103516 -73.5123825073242 -74.1007690429688 -74.65673828125 -75.0209884643555 -12.7452346801758 -13.5531616210938 -14.2237747192383
-83.1413116455078 -83.2222518920898 -83.3382873535156 -83.5168533325195 -83.781120300293 -84.030403137207 -84.2305908203125 -84.0589752197266 -83.881591796875 -83.695915222168 -82.3518676757812 -80.7100448608398 -79.1028366088867 -77.2779083251953 -75.2066955566406 -73.120002746582 -71.2642288208008 -70.671012878418 -70.0765380859375 -69.4809112548828 -69.1890563964844 -68.9535751342773 -68.7149047851562 -68.5357131958008 -68.4106903076172 -68.2739791870117 -68.1482391357422 -68.0705642700195 -68.0409927368164 -68.0508346557617 -68.3750381469727 -68.7590255737305 -69.2130813598633 -69.8766632080078 -70.6951370239258 -71.4712753295898 -72.2090225219727 -72.8472061157227 -73.4490432739258 -74.0265808105469 -74.4398422241211 -11.9120895385742 -12.8818237304688 -13.6666320800781
-82.9220275878906 -83.0070190429688 -83.1106948852539 -83.2273178100586 -83.3622512817383 -83.4921417236328 -83.5603561401367 -83.1688613891602 -82.7841949462891 -82.4065780639648 -80.8869247436523 -79.0876541137695 -77.320671081543 -75.6045455932617 -73.9371871948242 -72.2393035888672 -70.74072265625 -70.3041000366211 -69.8663330078125 -69.4275131225586 -69.1871337890625 -68.9804077148438 -68.7642822265625 -68.5798492431641 -68.4239120483398 -68.2610092163086 -68.1081848144531 -67.9964065551758 -67.9285736083984 -67.8962783813477 -68.1431732177734 -68.4464263916016 -68.8249969482422 -69.4014282226562 -70.122802734375 -70.8020858764648 -71.4675064086914 -72.1036605834961 -72.7171783447266 -73.3155670166016 -73.7766418457031 -74.2587890625 -12.1290481567383 -13.0937103271484
-82.7266387939453 -82.8152923583984 -82.9157485961914 -82.977668762207 -82.992919921875 -83.0072174072266 -82.9435958862305 -82.3341445922852 -81.7419967651367 -81.1687469482422 -79.4702224731445 -77.5074996948242 -75.5627593994141 -73.9447326660156 -72.6623077392578 -71.3473968505859 -70.2003707885742 -69.9175567626953 -69.6327972412109 -69.3462066650391 -69.1513595581055 -68.9714965820312 -68.7878723144531 -68.607795715332 -68.4311447143555 -68.2512283325195 -68.0803070068359 -67.9435577392578 -67.8415222167969 -67.767219543457 -67.9366760253906 -68.1523361206055 -68.426025390625 -68.8856506347656 -69.4802551269531 -70.0576629638672 -70.6481552124023 -71.2793731689453 -71.9132308959961 -72.548713684082 -73.0739135742188 -73.6255722045898 -74.2609024047852 -12.7189788818359
-82.5328674316406 -82.6388931274414 -82.7495880126953 -82.7543029785156 -82.6335678100586 -82.5165252685547 -82.3021850585938 -81.4471282958984 -80.6209564208984 -79.8258819580078 -78.1737365722656 -76.3223342895508 -74.4679565429688 -73.0380554199219 -72.0408172607422 -71.0115585327148 -70.1198883056641 -69.9069519042969 -69.6931457519531 -69.4785461425781 -69.2886657714844 -69.1037902832031 -68.92138671875 -68.7239227294922 -68.5137329101562 -68.3042373657227 -68.1062469482422 -67.9479751586914 -67.8150634765625 -67.7021560668945 -67.7996139526367 -67.9334564208984 -68.1081314086914 -68.4616088867188 -68.9436416625977 -69.4334030151367 -69.9589996337891 -70.5829620361328 -71.2350082397461 -71.905403137207 -72.497444152832 -73.1216506958008 -73.8386535644531 -74.4833602905273
-82.3403091430664 -82.4709625244141 -82.5997085571289 -82.544807434082 -82.2789840698242 -82.0211334228516 -81.6429214477539 -80.5233306884766 -79.4438323974609 -78.4065322875977 -76.9709625244141 -75.4421310424805 -73.8965225219727 -72.7363510131836 -71.9583740234375 -71.146369934082 -70.4380645751953 -70.2299652099609 -70.020149230957 -69.8087844848633 -69.5901794433594 -69.3727416992188 -69.1632614135742 -68.9287872314453 -68.6734466552734 -68.4225616455078 -68.1892242431641 -68.0139770507812 -67.8546447753906 -67.7077407836914 -67.7401351928711 -67.7995147705078 -67.882698059082 -68.1431503295898 -68.529899597168 -68.9494476318359 -69.4226684570312 -70.0374450683594 -70.7057418823242 -71.4089431762695 -72.0714340209961 -72.7720031738281 -73.5744476318359 -74.2215423583984
-82.2202377319336 -82.3772506713867 -82.5290298461914 -82.4164505004883 -82.0104293823242 -81.6162643432617 -81.076301574707 -79.6964111328125 -78.3504791259766 -77.0396270751953 -75.7983245849609 -74.5653457641602 -73.3221893310547 -72.4243087768555 -71.8594970703125 -71.2626647949219 -70.7338104248047 -70.5293197631836 -70.3253936767578 -70.121940612793 -69.8788146972656 -69.6330718994141 -69.3992462158203 -69.1302871704102 -68.8324890136719 -68.5429000854492 -68.2770080566406 -68.0873718261719 -67.9060363769531 -67.7311172485352 -67.7042083740234 -67.6961059570312 -67.6983947753906 -67.8763580322266 -68.1783294677734 -68.5155258178711 -68.9225311279297 -69.5141677856445 -70.174446105957 -70.8793411254883 -71.5812377929688 -72.3241271972656 -73.1704330444336 -73.7783508300781
