indici/fabbisogno06.asc
NCOLS 177 
NROWS 174 
XLLCORNER 1436301.375 
YLLCORNER 4916704.5 
CELLSIZE 1500 
NODATA_value -9999 
[rows 120 to 139 of 174, columns 132 to 175 of 177]
18.4216281890869 18.7766422271729 19.0253185272217 19.3510490417481 19.4797752380371 19.6896236419678 19.950757598877 20.254691696167 20.4937423706055 20.7798759460449 21.0902111053467 21.5287925720215 21.8018753051758 21.9921993255615 21.6439193725586 21.1908042907715 20.7380470275879 20.739330291748 20.8649520874023 21.0444358825684 21.301180267334 21.601439666748 21.8811279296875 22.2884742736816 22.7572845458984 23.2132225036621 23.6843719482422 -62.5975494384766 -62.5441970825195 -62.5076904296875 -62.5263061523438 -62.5833473205566 -62.6318817138672 -62.7116355895996 -62.8783264160156 -63.0074005126953 -63.1096038818359 -63.5202865600586 -63.9312324523926 -64.3228302001953 -64.7492523193359 -65.2017288208008 -65.60693359375 -65.8078918457031
17.808842086792 18.0911144256592 18.3170276641846 18.5494258880615 18.7047733306885 18.9563781738281 19.2267826080322 19.5519138336182 19.9258285522461 20.3081363677979 20.7839248657227 21.1546607971191 21.4313194274902 21.6480094909668 21.3424125671387 20.9578811645508 20.5749984741211 20.7162384033203 20.9932968139648 21.3431228637695 21.692724609375 21.9802803039551 22.2962867736816 22.6219032287598 23.1400337219238 23.6175407409668 -62.2532234191895 -62.1843376159668 -62.1432952880859 -62.117977142334 -62.1153717041016 -62.1292877197266 -62.1453323364258 -62.1622772216797 -62.1804351806641 -62.1676445007324 -62.1304016113281 -62.3507843017578 -62.5757865905762 -62.7741470336914 -63.1570701599121 -63.6631889343262 -64.1251449584961 -64.436767578125
17.1823593139649 17.3851230621338 17.5557579040527 17.695911026001 17.9229709625244 18.1992450714111 18.5228904724121 18.925874710083 19.3641658782959 19.8622909545899 20.3632614135742 20.6914752960205 20.9977272033691 21.2854011535645 21.0530738830566 20.7934646606445 20.5079635620117 20.7797439575195 21.1793823242188 21.6728080749512 22.0440963745117 22.2803833007813 22.5907455444336 22.8822395324707 23.415754699707 23.8876586914063 -62.0043411254883 -61.940185546875 -61.9135665893555 -61.900260925293 -61.8807334899902 -61.8533210754395 -61.8371467590332 -61.8034820556641 -61.6996841430664 -61.572826385498 -61.4262466430664 -61.4676284790039 -61.5129165649414 -61.5232391357422 -61.7929840087891 -62.2491188049316 -62.6555290222168 -62.9901542663574
16.8003475189209 16.8722503662109 16.971443939209 17.0795909881592 17.3509223937988 17.675590133667 18.0664966583252 18.580651473999 19.1656097412109 19.8233001708984 20.4002098083496 20.7586891174316 21.1167953491211 21.4487449645996 21.4220680236816 21.3275886535645 21.2470542907715 21.4009468078613 21.6809257507324 21.9796226501465 22.2576347351074 22.4455596923828 22.6438209533691 22.9305854797363 23.4316932678223 23.8490562438965 24.3756202697754 24.5924545288086 -61.914852142334 25.0226333618164 25.3467132568359 -61.7484016418457 -61.6819381713867 -61.5899238586426 -61.366455078125 -61.1255187988281 -60.8683319091797 -60.7211875915527 -60.5717811584473 -60.3793182373047 -60.4967803955078 -60.866828918457 -61.1906394958496 -61.518913269043
16.4330493927002 16.4555576324463 16.4415405273437 16.462752532959 16.7946292877197 17.1895862579346 17.5927780151367 18.2227966308594 18.9825073242188 19.7854694366455 20.4778770446777 20.8573509216309 21.2411224365234 21.610179901123 21.7555404663086 21.8751358032227 21.9508758544922 22.0672561645508 22.2108581542969 22.3565849304199 22.5918991088867 22.6898475646973 22.764820098877 22.954801940918 23.5118934631348 23.9068466186524 24.3139793395996 24.5804962158203 24.7398376464844 25.0029708862305 25.3314018249512 -61.6846961975098 -61.5612411499023 -61.4055557250977 -61.0522994995117 -60.6862030029297 -60.3074531555176 -59.9658622741699 -59.6147689819336 -59.2229614257812 -59.1842842102051 -59.4713172912598 -59.717212677002 -60.0257568359375
16.1252494812012 16.071594619751 15.9683227539062 15.820006942749 16.2112602233887 16.6314353942871 17.146505355835 17.8884685516357 18.7655372619629 19.717041015625 20.5360061645508 20.9662719726563 21.3659255981445 21.7828392028809 22.0906578063965 22.398233795166 22.6975738525391 22.7597389221191 22.7286605834961 22.7671241760254 22.8093101501465 22.859008026123 22.9222587585449 23.0298095703125 23.5131874084473 23.9967643737793 24.3994621276856 24.6366905212402 24.8189270019531 25.0449867248535 25.4420799255371 -61.5521278381348 -61.3545799255371 -61.1250305175781 -60.6575889587402 -60.188720703125 -59.7187767028809 -59.2272033691406 -58.7214660644531 -58.1850471496582 -58.0105056762695 -58.2062568664551 -58.3634834289551 -58.6053276062012
16.286022567749 16.1417793273926 15.9607955932617 15.8690685272217 16.294718170166 16.7793056488037 17.3335586547852 18.1876396179199 19.1406753540039 20.0992691040039 21.0108665466309 21.4769836425781 21.9122093200684 22.3747703552246 22.6984619140625 23.0128234863281 23.3220367431641 23.3565185546875 23.2490592956543 23.1763580322266 23.1658760070801 23.1564598083496 23.0867050170898 23.1287055969238 23.603995513916 24.0806243896484 24.4809761047363 24.7802696228027 25.1368156433106 25.4861343383789 25.9074394226074 26.404719543457 27.1043212890625 -60.4990043640137 -60.0157279968262 -59.535213470459 -59.0590057373047 -58.5040550231934 -57.919075012207 -57.3062515258789 -57.012393951416 -57.0880012512207 -57.1296615600586 -57.2564086914062
17.1789665222168 16.9628536224365 16.7325691223145 16.5438968658447 17.0241474151611 17.5725250244141 18.1738410949707 18.9610008239746 19.9413047790527 20.8891639709473 21.7103706359863 22.2273475646973 22.6923896789551 23.1845504760742 23.4326820373535 23.6912666320801 23.9235565185547 23.9173805236816 23.7680068969727 23.6366508483887 23.5192749023438 23.4320037841797 23.3552352905273 23.2465446472168 23.7411827087402 24.1729034423828 24.579931640625 25.0182464599609 25.467652130127 25.9633049011231 26.548690032959 27.0629776000977 27.7619583129883 28.4480323791504 -59.385196685791 -58.8922882080078 -58.4054374694824 -57.786735534668 -57.1172332763672 -56.4247093200684 -56.0106582641602 -55.9623184204102 -55.8861503601074 -55.8886909484863
18.1014373779297 17.7767883300781 17.4804077148438 17.1957237243652 17.6766494750977 18.2959457397461 18.9924942016602 19.7722541809082 20.6257446289062 21.624382019043 22.4186172485352 22.9632926940918 23.4894004821777 23.9970756530762 24.2062797546387 24.4013961791992 24.573575592041 24.5026626586914 24.2807525634766 24.0813583374023 23.9110702514648 23.7301918029785 23.5245567321777 23.3406837463379 23.8654495239258 24.3121971130371 24.7257095336914 25.3191337585449 25.8654960632324 26.5250457763672 27.1978073120117 27.8110313415527 28.5278884887695 29.2897567749023 30.2459648132324 31.0977882385254 -57.7556991577148 -57.074764251709 -56.3196105957031 -55.5504417419434 -55.0270805358887 -54.8715972900391 -54.7005996704102 -54.598014831543
19.0401351928711 18.6390922546387 18.2474182128906 17.9087043762207 18.4256958007813 19.0816780090332 19.8477325439453 20.590852355957 21.4705299377441 22.3752632141113 23.1663246154785 23.7091018676758 24.2386367797852 24.7488540649414 24.921216583252 25.0702857971191 25.1984596252441 25.0890884399414 24.8139152526855 24.5658180236816 24.3490547180176 24.141796875 23.9531890869141 23.7933212280274 24.3069030761719 24.7417686462402 25.2925361633301 25.8723846435547 26.5536338806152 27.1827491760254 27.898218536377 28.5863998413086 29.2994934082031 30.1133941650391 30.9838745117188 31.891357421875 32.9123435974121 33.9785865783691 35.0307548522949 -54.740608215332 -54.1644020080566 -53.9808120727539 -53.7875785827637 -53.6337966918945
19.8860954284668 -64.3278884887695 19.1914886474609 18.8575920104981 19.3338844299316 20.0279624938965 20.750479888916 21.5359298706055 22.3856300354004 23.2139450073242 23.958927154541 24.4742218017578 24.925129699707 25.3817749023438 25.5656234741211 25.6739295959473 25.7882019042969 25.6707679748535 25.3644729614258 25.0510299682617 24.8085357666016 24.6778053283691 24.5526168823242 24.4680122375488 24.9525390625 25.5078239440918 25.9245826721191 26.5390174865723 27.219548034668 27.9567337036133 28.6850296020508 29.3541442871094 30.113289642334 30.8546440124512 31.7880416870117 32.8256500244141 33.7299957275391 34.8639839172363 35.9779396057129 -53.9433174133301 -53.3147125244141 -53.1040725708008 -52.8874244689941 -52.6842384338379
-63.4370498657227 -63.7735252380371 20.1176284790039 19.8329627990723 20.3041252136231 20.9872108459473 21.6990425109863 22.4746116638184 23.2697952270508 24.0830024719238 24.784903717041 25.2455879211426 25.6425796508789 26.0341087341309 26.2030830383301 26.3061889648438 26.4158660888672 26.2768585205078 25.9134391784668 25.5494789123535 -61.5079307556152 25.235799407959 25.176579284668 25.1449752807617 25.6175849914551 26.1414970397949 26.6565933227539 27.2402496337891 27.9888465881348 28.683602142334 29.390113067627 30.120970916748 -58.2360343933105 -57.7532386779785 -57.0864410400391 -56.4085426330566 -55.7330055236816 35.6963600158691 36.8571952819824 -53.1632118225098 -52.4811820983887 -52.2429962158203 -52.000373840332 -51.754581451416
-62.9199485778809 -63.2223243713379 21.0520965576172 20.8130813598633 21.3077369689941 21.9846466064453 22.7100616455078 23.3946975708008 24.1969268798828 24.9382171630859 25.6682914733887 26.01982421875 26.3660499572754 26.7210166931152 26.8641067504883 26.9645317077637 -59.3593292236328 -59.6651611328125 -60.2094116210938 -60.7608413696289 -61.2361335754395 -61.3884582519531 -61.5310707092285 25.9512413024902 26.401634979248 26.9327713012695 27.482585144043 28.1781394958496 -59.6646003723145 -59.0847434997559 -58.5239028930664 -58.0286483764648 -57.5292930603027 -57.0269165039062 -56.3416175842285 -55.6428565979004 -54.9505386352539 -54.1841812133789 -53.373649597168 -52.5799293518066 -51.969554901123 -51.8165092468262 -51.6682624816895 -51.5254096984863
-62.2781028747559 -62.5104675292969 -62.7432136535645 -62.977855682373 -62.5784454345703 23.2711463928223 23.9700004577637 24.7208885192871 25.4153800964356 26.0667747497559 26.7255142211914 27.0477470397949 27.3484733581543 27.6545364379883 -58.6856727600098 -58.7807579040527 -58.888599395752 -59.2014274597168 -59.7274932861328 -60.2640151977539 -60.721851348877 -60.7785568237305 -60.8263130187988 -60.8652305603027 -60.5709991455078 -60.2135467529297 -59.8418960571289 -59.3545837402344 -58.7646369934082 -58.1692428588867 -57.5954246520996 -57.109317779541 -56.6178665161133 -56.1219787597656 -55.458423614502 -54.7764663696289 -54.1007690429688 -53.4153900146484 -52.7284240722656 -52.0617256164551 -51.552604675293 -51.4977836608887 -51.4491577148438 -51.406867980957
-61.5970344543457 -61.7534523010254 -61.9112129211426 -62.0726661682129 -61.6553344726562 -61.0327491760254 -60.4036331176758 -59.8428688049316 -59.3802528381348 27.2589591979981 27.8444869995117 28.106852722168 -58.1651725769043 -58.0161361694336 -58.0989074707031 -58.2500343322754 -58.4151954650879 -58.7416076660156 -59.2527770996094 -59.7734031677246 -60.2159881591797 -60.1748733520508 -60.1260681152344 -60.0694732666016 -59.7476272583008 -59.3652038574219 -58.9687690734863 -58.4679718017578 -57.8640251159668 -57.2549858093262 -56.6689567565918 -56.1943016052246 -55.7143249511719 -55.2294807434082 -54.591869354248 -53.932056427002 -53.2794189453125 -52.6746597290039 -52.1157188415527 -51.5742797851562 -51.1659355163574 -51.207145690918 -51.2565956115723 -51.3140335083008
-60.9527397155762 -61.0310325622559 -61.1096115112305 -61.1908226013184 -60.7465896606445 -60.0945014953613 -59.4352607727051 -58.8796653747559 -58.4851417541504 -58.0815887451172 -57.6993064880371 -57.5889587402344 -57.4813652038574 -57.3769721984863 -57.5056686401367 -57.7127151489258 -57.9388961791992 -58.2859382629395 -58.7853126525879 -59.2888679504395 -59.7181930541992 -59.5772933959961 -59.4305381774902 -59.2778854370117 -58.9242134094238 -58.5165100097656 -58.0965042114258 -57.5849685668945 -56.9741172790527 -56.3619995117188 -55.7754058837891 -55.3231773376465 -54.8670883178711 -54.4069786071777 -53.8258285522461 -53.2278289794922 -52.6436500549316 -52.158519744873 -51.771915435791 -51.4042549133301 -51.1334266662598 -51.2266006469727 -51.3208541870117 -51.4158706665039
-60.2674446105957 -60.3050804138184 -60.3460121154785 -60.3924751281738 -59.9804878234863 -59.3708953857422 -58.7593040466309 -58.2462348937988 -57.8915061950684 -57.5237846374512 -57.1631889343262 -57.0198249816895 -56.8736763000488 -56.7255249023438 -56.837516784668 -57.0462112426758 -57.2759704589844 -57.5957717895508 -58.0427780151367 -58.4868965148926 -58.8745384216309 -58.7260398864746 -58.5791816711426 -58.4344673156738 -58.0849990844727 -57.6722297668457 -57.2486152648926 -56.7603378295898 -56.1942024230957 -55.6273384094238 -55.080394744873 -54.6638145446777 -54.2434616088867 -53.8184700012207 -53.3466529846191 -52.8706207275391 -52.4090881347656 -52.0749359130859 -51.880916595459 -51.7033920288086 -51.5704650878906 -51.610595703125 -51.6534004211426 -51.699089050293
-59.5163307189941 -59.5703277587891 -59.6257743835449 -59.6855010986328 -59.3585395812988 -58.8474502563477 -58.3336906433105 -57.8768272399902 -57.5179328918457 -57.1453628540039 -56.7710762023926 -56.5401649475098 -56.3072166442871 -56.0741348266602 -56.1442108154297 -56.340690612793 -56.5633811950684 -56.8534278869629 -57.2490272521973 -57.6369247436523 -57.9862937927246 -57.8523330688477 -57.7212333679199 -57.5942916870117 -57.2521896362305 -56.8339614868164 -56.4056587219238 -55.936695098877 -55.4137153625488 -54.8931579589844 -54.3885841369629 -54.010082244873 -53.6282844543457 -53.2416343688965 -52.8775978088379 -52.5267219543457 -52.1870422363281 -51.9987640380859 -51.9961967468262 -52.0104637145996 -52.0325736999512 -52.0222434997559 -52.0187568664551 -52.0240020751953
-58.7852897644043 -58.8515701293945 -58.9186668395996 -58.9873542785645 -58.7371139526367 -58.3196296691895 -57.9041328430176 -57.5085411071777 -57.1459999084473 -56.7751655578613 -56.4008941650391 -56.0928344726562 -55.7813682556152 -55.466625213623 -55.494312286377 -55.6809997558594 -55.8930282592773 -56.1520652770996 -56.4929313659668 -56.8214340209961 -57.1252899169922 -57.0025062561035 -56.8836212158203 -56.7710380554199 -56.4343147277832 -56.0075073242188 -55.5713539123535 -55.1161193847656 -54.6335716247559 -54.1600189208984 -53.7003746032715 -53.3617324829102 -53.020149230957 -52.6733551025391 -52.4132843017578 -52.1884841918945 -51.9686889648438 -51.9211502075195 -52.1033935546875 -52.2914505004883 -52.4564552307129 -52.3991661071777 -52.361515045166 -52.3481483459473
-58.105899810791 -58.186954498291 -58.2754974365234 -58.3625907897949 -58.1901931762695 -57.8666877746582 -57.5486183166504 -57.2144355773926 -56.8374366760254 -56.4541969299316 -56.0661430358887 -55.6937522888184 -55.318531036377 -54.9388694763184 -54.9126052856445 -55.0654716491699 -55.2393188476562 -55.4526786804199 -55.7491226196289 -56.0299644470215 -56.2966804504395 -56.1705131530762 -56.0476379394531 -55.9318695068359 -55.6492004394531 -55.2963905334473 -54.941593170166 -54.566234588623 -54.1487998962402 -53.7475852966309 -53.3589134216309 -53.0510520935059 -52.7392539978027 -52.4205322265625 -52.2308158874512 -52.0952415466309 -51.9552917480469 -51.9373054504395 -52.1025505065918 -52.2748870849609 -52.4399147033691 -52.4769515991211 -52.5369262695312 -52.6284599304199
