indici/fabbisogno02.asc
NCOLS 177 
NROWS 174 
XLLCORNER 1436301.375 
YLLCORNER 4916704.5 
CELLSIZE 1500 
NODATA_value -9999 
[rows 115 to 137 of 174, columns 106 to 158 of 177]
-53.1389350891113 -51.4931411743164 -49.7363929748535 -48.2613143920898 -46.8172225952148 -45.6641731262207 -43.9119148254395 -42.3129005432129 -40.4039688110352 -38.3465347290039 -35.6671905517578 -32.7913093566895 -29.7382183074951 -26.5726680755615 -23.6029644012451 -20.9305515289307 -18.7882080078125 -17.454496383667 -16.6817951202393 -16.4806346893311 -16.9279823303223 -17.9973812103271 -19.9820423126221 -22.8594627380371 -26.8495979309082 -31.7710304260254 -37.5169372558594 -43.5472526550293 -49.6154365539551 -55.1555938720703 -59.2647933959961 -61.0187377929688 -60.2170333862305 -56.7060623168945 -51.0088958740234 -44.2829742431641 -36.8494758605957 -29.8727741241455 -23.6929244995117 -18.6466388702393 -14.7797660827637 -11.9013938903809 -9999 -9999 -9999 -9999 -9999 -9999 -9999 -9999 -9999 -9999 -9999
-53.0060081481934 -50.2642974853516 -47.4233703613281 -44.841609954834 -42.2682342529297 -40.024055480957 -37.6371116638184 -35.0760879516602 -32.8947868347168 -30.4990978240967 -28.1582088470459 -25.70827293396 -23.256441116333 -20.7980651855469 -18.5765838623047 -16.5938186645508 -15.0484066009521 -14.1199922561646 -13.7008619308472 -13.7475490570068 -14.3020009994507 -15.4120569229126 -17.4704666137695 -20.4932098388672 -24.4579620361328 -29.3639793395996 -35.2017478942871 -41.655345916748 -48.292236328125 -54.2724571228027 -58.9105224609375 -60.9314613342285 -60.0557594299316 -56.3680076599121 -50.8364372253418 -43.9749794006348 -36.618480682373 -29.5576553344727 -23.4761962890625 -18.6199398040771 -14.9172964096069 -12.1488037109375 -10.0021591186523 -8.63288307189941 -7.26599025726318 -9999 -9999 -9999 -9999 -9999 -9999 -9999 -9999
-51.6501197814941 -47.8480377197266 -44.0349578857422 -40.3532257080078 -36.8564949035645 -33.8791236877441 -31.1014709472656 -28.3850917816162 -25.8818340301514 -23.803201675415 -21.8036155700684 -19.7745552062988 -17.861722946167 -16.0627670288086 -14.4509830474854 -13.0905647277832 -12.0332775115967 -11.446403503418 -11.2680730819702 -11.5950107574463 -12.2063188552856 -13.48020362854 -15.5758504867554 -18.4538898468018 -22.2937393188477 -27.1786823272705 -33.1447105407715 -39.9381866455078 -46.8348236083984 -53.0094108581543 -57.7089042663574 -59.7379112243652 -58.5358810424805 -54.9003601074219 -49.1865844726562 -42.2832069396973 -35.1515502929688 -28.3854846954346 -22.6345100402832 -18.0874309539795 -14.7017784118652 -12.0884780883789 -10.2470569610596 -9.03189277648926 -8.05141925811768 -9999 -9999 -9999 -9999 -9999 -9999 -9999 -9999
-48.5603523254395 -44.1218070983887 -39.5762710571289 -35.2880058288574 -31.3927116394043 -28.0048446655273 -25.138973236084 -22.5512599945068 -20.3018493652344 -18.3059368133545 -16.6607284545898 -15.0907764434814 -13.6668319702148 -12.3807210922241 -11.271556854248 -10.3705501556396 -9.71140766143799 -9.38333225250244 -9.45347118377686 -9.84947776794434 -10.5499544143677 -11.9141902923584 -13.9635734558105 -16.7639503479004 -20.4850654602051 -25.4230136871338 -31.5112686157227 -38.4026222229004 -45.4086647033691 -51.6319465637207 -55.838550567627 -57.6960754394531 -56.4716033935547 -52.5224494934082 -46.5926666259766 -39.7345848083496 -32.8788032531738 -26.5630416870117 -21.2912464141846 -17.2648849487305 -14.1102809906006 -11.7970104217529 -10.2672338485718 -8.98673534393311 -8.77984809875488 -9999 -9999 -9999 -9999 -8.48155307769775 -8.30290222167969 -9999 -9999
-43.4267921447754 -38.7944641113281 -34.2106513977051 -29.9010791778564 -26.0037021636963 -22.6478443145752 -20.0469245910645 -17.7140674591064 -15.7919416427612 -14.1438541412354 -12.7257127761841 -11.5461473464966 -10.5198450088501 -9.62522411346436 -8.89922618865967 -8.32094383239746 -7.9657039642334 -7.88015031814575 -8.10015487670898 -8.56871795654297 -9.35391712188721 -10.6992015838623 -12.6656723022461 -15.3858909606934 -19.1687908172607 -24.0997447967529 -30.1966514587402 -37.1038475036621 -44.0795936584473 -50.055233001709 -54.029899597168 -55.3516731262207 -53.9037818908691 -49.6475257873535 -43.5304946899414 -36.7614822387695 -30.1966304779053 -24.3502101898193 -19.5947723388672 -16.0261764526367 -13.2858266830444 -11.1555919647217 -10.1391229629517 -9.19759941101074 -9.22467613220215 -9999 -9.81405830383301 -9.98836231231689 -10.0545663833618 -10.1589431762695 -10.1513595581055 -10.0806379318237 -11.2427463531494
-37.1822738647461 -32.8016624450684 -28.5341510772705 -24.5040950775146 -20.9750480651855 -18.049732208252 -15.7521638870239 -13.8570680618286 -12.2755861282349 -10.9933977127075 -9.89796257019043 -8.97193813323975 -8.24498176574707 -7.64033269882202 -7.19152736663818 -6.88099241256714 -6.71839427947998 -6.81490659713745 -7.13913631439209 -7.63766384124756 -8.43108654022217 -9.75398731231689 -11.6893968582153 -14.4418249130249 -18.2351016998291 -23.1435737609863 -29.1435604095459 -35.8426132202148 -42.8440856933594 -48.7873420715332 -52.5169525146484 -53.3188667297363 -51.0185394287109 -46.3453025817871 -40.2675399780273 -33.658504486084 -27.388744354248 -22.0451545715332 -17.8037776947021 -14.5477771759033 -12.1667642593384 -10.5556735992432 -9.63917636871338 -9.10040760040283 -9.34325504302979 -9.91129779815674 -10.3629961013794 -10.7683763504028 -11.3140916824341 -11.7389678955078 -12.0524015426636 -12.470386505127 -14.0648832321167
-30.4802436828613 -26.7358360290527 -23.0534362792969 -19.5661792755127 -16.5525913238525 -14.1232357025146 -12.2517786026001 -10.8625860214233 -9.62863540649414 -8.64837169647217 -7.86286783218384 -7.16614055633545 -6.6620135307312 -6.24650049209595 -6.00500535964966 -5.86560726165771 -5.89373588562012 -6.0780668258667 -6.45960712432861 -6.97378396987915 -7.7868914604187 -9.07974433898926 -11.0474472045898 -13.7989807128906 -17.5451622009277 -22.4429874420166 -28.5072135925293 -35.3401336669922 -42.1313514709473 -47.8961029052734 -51.2366600036621 -51.4969100952148 -48.6435699462891 -43.3741989135742 -37.032886505127 -30.4848690032959 -24.6304512023926 -19.7261943817139 -15.8906764984131 -13.0554962158203 -11.0384387969971 -9.77287197113037 -8.71300315856934 -8.73314571380615 -9.13270092010498 -9.74486637115479 -10.484094619751 -11.2385358810425 -12.132586479187 -12.9687967300415 -13.7434892654419 -16.0813503265381 -9999
-24.0693454742432 -20.9878311157227 -18.0923881530762 -15.3456707000732 -12.9578514099121 -10.9232521057129 -9.50468063354492 -8.58059501647949 -7.67454862594604 -6.94184541702271 -6.40036296844482 -5.96387577056885 -5.52678251266479 -5.30654239654541 -5.26557731628418 -5.27252912521362 -5.38837051391602 -5.63983297348022 -6.01300668716431 -6.53869438171387 -7.45602941513062 -8.81062602996826 -10.8357315063477 -13.692892074585 -17.5339050292969 -22.5882949829102 -28.7037258148193 -35.492847442627 -42.1754302978516 -47.5285835266113 -50.273853302002 -49.9622192382812 -46.5009346008301 -40.8060493469238 -34.2019195556641 -27.7396869659424 -22.1420230865479 -17.6172161102295 -14.1775407791138 -11.7350873947144 -9.96936225891113 -8.82815647125244 -8.02236080169678 -8.12684917449951 -8.63528919219971 -9.22330284118652 -10.0327882766724 -11.1448011398315 -12.3586521148682 -13.6320333480835 -16.3297061920166 -18.2657985687256 -9999
-18.3378677368164 -15.9999742507935 -13.8208837509155 -11.8538970947266 -10.1023321151733 -8.58770942687988 -7.4331841468811 -6.72126436233521 -6.21648502349854 -5.73515701293945 -5.35459804534912 -5.10876178741455 -4.87149000167847 -4.84703683853149 -4.90999364852905 -4.95208549499512 -5.12585687637329 -5.43401145935059 -5.78721714019775 -6.41306114196777 -7.47988748550415 -8.86471176147461 -10.9857378005981 -13.9519367218018 -17.9996604919434 -23.2462387084961 -29.6324577331543 -36.6526412963867 -43.3631439208984 -48.4663467407227 -50.6537933349609 -49.4808540344238 -45.2222862243652 -38.9750175476074 -32.094669342041 -25.5946426391602 -20.0983352661133 -15.7862005233765 -12.6690454483032 -10.4081192016602 -8.91143894195557 -7.93185567855835 -7.24709129333496 -7.33299875259399 -7.79179239273071 -8.42854022979736 -9.30816173553467 -10.547643661499 -11.9901466369629 -13.6891164779663 -17.2257518768311 -19.8417110443115 -22.8245582580566
-13.7268619537354 -12.0385427474976 -10.4817705154419 -9.14972591400146 -7.89369106292725 -6.80801677703857 -5.98981285095215 -5.41778135299683 -5.11432456970215 -4.85572385787964 -4.69139575958252 -4.64505434036255 -4.547447681427 -4.48981952667236 -4.55830669403076 -4.69827842712402 -4.99639177322388 -5.34365701675415 -5.78386211395264 -6.53484725952148 -7.62973356246948 -9.15835475921631 -11.3695573806763 -14.4991216659546 -18.7393569946289 -24.2173538208008 -30.8859786987305 -38.1367797851562 -44.9040451049805 -49.7629280090332 -51.4646072387695 -49.572452545166 -44.5964050292969 -37.8281860351562 -30.6549758911133 -24.1470699310303 -18.7133483886719 -14.53489112854 -11.4354400634766 -9.41777515411377 -7.9729528427124 -7.14438724517822 -6.42992401123047 -6.50196409225464 -6.92080307006836 -7.49694299697876 -8.36036586761475 -9.6082935333252 -11.1554594039917 -14.4982089996338 -17.2241535186768 -20.5605983734131 -24.5119190216064
-10.2024936676025 -9.05964756011963 -7.96430158615112 -7.08302879333496 -6.27339506149292 -5.53327465057373 -4.96228551864624 -4.53216886520386 -4.31853628158569 -4.28767395019531 -4.30247592926025 -4.2371678352356 -4.24232482910156 -4.23108768463135 -4.36906957626343 -4.69582557678223 -5.13229465484619 -5.3892879486084 -5.94705677032471 -6.79441404342651 -7.98514604568481 -9.69767951965332 -11.9857044219971 -15.3044061660767 -19.8014526367188 -25.6704807281494 -32.6279220581055 -40.1357460021973 -46.9251823425293 -51.4721488952637 -52.6187286376953 -49.9506645202637 -44.2299995422363 -36.8789939880371 -29.360782623291 -22.6838207244873 -17.3827877044678 -13.3714303970337 -10.5111274719238 -8.61850833892822 -7.34294652938843 -6.39068508148193 -5.89573287963867 -5.72552108764648 -6.04255294799805 -6.51660299301147 -7.34421110153198 -8.51886558532715 -10.759204864502 -13.5431280136108 -16.5360660552979 -20.3354549407959 -24.972526550293
-7.64521884918213 -6.88329887390137 -6.14661264419556 -5.54900217056274 -5.08341121673584 -4.60964822769165 -4.24409961700439 -3.95541477203369 -3.8230299949646 -3.9338972568512 -3.95956087112427 -4.0129075050354 -4.06334114074707 -4.19037532806396 -4.52596712112427 -4.97912836074829 -5.27471446990967 -5.73838758468628 -6.47439908981323 -7.44901132583618 -8.75134563446045 -10.576042175293 -13.0211734771729 -16.4746437072754 -21.1763038635254 -27.190788269043 -34.430233001709 -42.1115646362305 -49.0205078125 -53.3927383422852 -53.9543571472168 -50.5294418334961 -44.0443801879883 -36.1171417236328 -28.2544765472412 -21.554370880127 -16.2887592315674 -12.4121580123901 -9.67247009277344 -7.8355016708374 -6.63249492645264 -5.90685749053955 -5.34950256347656 -5.14128446578979 -5.29813432693481 -5.62579679489136 -6.37699270248413 -7.4418830871582 -10.0483798980713 -12.297679901123 -15.3069734573364 -19.2277660369873 -24.1173095703125
-9999 -5.33053493499756 -4.86437320709229 -4.51163578033447 -4.23032999038696 -3.96141242980957 -3.71897006034851 -3.60363459587097 -3.54142999649048 -3.58264017105103 -3.74912357330322 -3.88486886024475 -4.10687923431396 -4.38044691085815 -4.91054391860962 -5.30820465087891 -5.74442529678345 -6.42304277420044 -7.23542785644531 -8.38000679016113 -9.9266242980957 -11.9785184860229 -14.7347364425659 -18.3057327270508 -23.2750930786133 -29.5828914642334 -37.0351219177246 -44.7613677978516 -51.3759117126465 -55.1639633178711 -55.0339126586914 -50.798038482666 -43.6333847045898 -35.219799041748 -27.19655418396 -20.4511222839355 -15.3315105438232 -11.5695667266846 -8.98716354370117 -7.31320285797119 -6.12700700759888 -5.38636064529419 -4.94026041030884 -4.76236295700073 -4.65957546234131 -4.89682865142822 -5.53427410125732 -7.12002611160278 -8.85445499420166 -10.9225559234619 -13.7288427352905 -17.4337520599365 -21.8891487121582
-9999 -9999 -9999 -3.76316237449646 -3.6172194480896 -3.50153970718384 -3.39849591255188 -3.36287355422974 -3.33088183403015 -3.36670708656311 -3.58214807510376 -3.91229557991028 -4.29722023010254 -4.75042152404785 -5.30130863189697 -5.84625482559204 -6.5654673576355 -7.4560432434082 -8.51415348052979 -9.82614517211914 -11.5807867050171 -13.8147211074829 -16.7313194274902 -20.6311798095703 -25.5265045166016 -31.923713684082 -39.3836784362793 -46.93359375 -53.2746429443359 -56.5728073120117 -55.8049125671387 -50.9431228637695 -43.2365531921387 -34.5079116821289 -26.3102397918701 -19.5295352935791 -14.399977684021 -10.7466430664062 -8.26187419891357 -6.67218160629272 -5.64862632751465 -4.95209646224976 -4.53784847259521 -4.47742462158203 -4.33589124679565 -4.52079725265503 -5.2726674079895 -6.45362997055054 -7.73271656036377 -9.52784252166748 -11.9779376983643 -15.191707611084 -19.1322154998779
-9999 -9999 -9999 -9999 -9999 -3.18729710578918 -3.19320511817932 -3.175217628479 -3.1583354473114 -3.30692601203918 -3.61515140533447 -4.03537225723267 -4.52945804595947 -5.22004508972168 -5.93565511703491 -6.70606517791748 -7.75812292098999 -8.94703006744385 -10.2525548934937 -11.7747631072998 -13.6299734115601 -16.0288887023926 -18.9880523681641 -22.8549747467041 -27.6217002868652 -33.7649459838867 -40.8656578063965 -47.8696708679199 -53.6478500366211 -56.3801727294922 -55.0573577880859 -49.8080825805664 -41.9329490661621 -33.2228736877441 -25.1764793395996 -18.594388961792 -13.6438179016113 -10.1257095336914 -7.72000551223755 -6.1344108581543 -5.19744920730591 -4.62093877792358 -4.21005630493164 -4.20858144760132 -4.09076261520386 -4.17484998703003 -4.70431327819824 -5.64594650268555 -6.71137857437134 -8.19646835327148 -10.2176179885864 -12.7039432525635 -16.0389823913574
-9999 -9999 -9999 -9999 -9999 -9999 -3.00193214416504 -2.97882533073425 -3.11326241493225 -3.3279070854187 -3.73677945137024 -4.2760705947876 -5.06513786315918 -5.80157423019409 -6.70474290847778 -7.9186863899231 -9.31623840332031 -10.8183193206787 -12.4247560501099 -14.1555318832397 -16.0635776519775 -18.4760627746582 -21.2937831878662 -24.8629970550537 -29.3891334533691 -34.6361885070801 -40.8767776489258 -9999 -51.8991889953613 -53.9020690917969 -52.1527900695801 -46.8543701171875 -39.2618980407715 -31.0176105499268 -23.4704093933105 -17.329273223877 -12.730242729187 -9.45831775665283 -7.20318603515625 -5.70750045776367 -4.77971744537354 -4.22917032241821 -3.90471291542053 -3.87861061096191 -3.75705409049988 -3.73904895782471 -4.35419940948486 -4.94648838043213 -5.80128145217896 -6.98359155654907 -8.51778602600098 -10.4799566268921 -13.0127334594727
-9999 -9999 -9999 -9999 -9999 -9999 -9999 -2.88760638237 -3.11687588691711 -3.38756036758423 -9999 -4.56653118133545 -5.48305797576904 -6.4537091255188 -7.71129179000854 -9.33333301544189 -11.1132793426514 -12.9861440658569 -14.8934478759766 -16.7768230438232 -18.6681041717529 -20.709888458252 -23.2959861755371 -26.2604541778564 -29.9686794281006 -9999 -9999 -9999 -47.7706527709961 -49.0009574890137 -47.0354118347168 -42.082878112793 -35.2250595092773 -27.8802642822266 -21.1837787628174 -15.7291030883789 -11.6281442642212 -8.69126796722412 -6.65742588043213 -5.28775548934937 -4.41013717651367 -3.91320157051086 -3.64073371887207 -3.58678770065308 -3.54403853416443 -3.38398313522339 -9999 -4.35428047180176 -5.01765584945679 -5.91860580444336 -6.98909711837769 -8.51022720336914 -10.3395738601685
-9999 -9999 -9999 -9999 -9999 -9999 -9999 -9999 -9999 -9999 -9999 -9999 -5.92770719528198 -7.08012390136719 -8.7830057144165 -10.7834243774414 -12.9649925231934 -15.1967964172363 -17.3372764587402 -19.2699222564697 -20.9853553771973 -22.6182346343994 -24.557165145874 -26.6592388153076 -9999 -9999 -9999 -9999 -41.6769523620605 -42.2198600769043 -40.2439765930176 -35.9564476013184 -30.1917152404785 -24.0573787689209 -18.4546966552734 -13.8637313842773 -10.377384185791 -7.85174560546875 -6.08803176879883 -4.87671661376953 -4.07266235351562 -3.57317090034485 -9999 -9999 -9999 -9999 -9999 -9999 -9999 -4.92019367218018 -5.78078937530518 -6.87483263015747 -8.1468620300293
-9999 -9999 -9999 -9999 -9999 -9999 -9999 -9999 -9999 -9999 -9999 -9999 -9999 -7.69931221008301 -9.68576812744141 -12.0219583511353 -14.5352039337158 -17.0315723419189 -19.2785663604736 -21.1028232574463 -22.479907989502 -23.5373420715332 -24.6326656341553 -25.8166236877441 -9999 -9999 -9999 -9999 -9999 -9999 -9999 -29.2705688476562 -24.756814956665 -19.9650459289551 -15.5456514358521 -11.878246307373 -9.05262660980225 -6.97073078155518 -5.49207019805908 -4.46419048309326 -9999 -9999 -9999 -9999 -9999 -9999 -9999 -9999 -9999 -9999 -9999 -9999 -9999
-9999 -9999 -9999 -9999 -9999 -9999 -9999 -9999 -9999 -9999 -9999 -9999 -9999 -9999 -9999 -12.7699108123779 -15.4485111236572 -18.0316200256348 -20.2072639465332 -21.7740783691406 -22.6999568939209 -23.1345558166504 -23.3128356933594 -9999 -9999 -9999 -9999 -9999 -9999 -9999 -9999 -9999 -9999 -9999 -9999 -9.94564437866211 -7.74702215194702 -6.10004806518555 -9999 -9999 -9999 -9999 -9999 -9999 -9999 -9999 -9999 -9999 -9999 -9999 -9999 -9999 -9999
-9999 -9999 -9999 -9999 -9999 -9999 -9999 -9999 -9999 -9999 -9999 -9999 -9999 -9999 -9999 -9999 -9999 -9999 -19.8236293792725 -21.0305957794189 -9999 -9999 -9999 -9999 -9999 -9999 -9999 -9999 -9999 -9999 -9999 -9999 -9999 -9999 -9999 -9999 -9999 -9999 -9999 -9999 -9999 -9999 -9999 -9999 -9999 -9999 -9999 -9999 -9999 -9999 -9999 -9999 -9999
-9999 -9999 -9999 -9999 -9999 -9999 -9999 -9999 -9999 -9999 -9999 -9999 -9999 -9999 -9999 -9999 -9999 -9999 -9999 -9999 -9999 -9999 -9999 -9999 -9999 -9999 -9999 -9999 -9999 -9999 -9999 -9999 -9999 -9999 -9999 -9999 -9999 -9999 -9999 -9999 -9999 -9999 -9999 -9999 -9999 -9999 -9999 -9999 -9999 -9999 -9999 -9999 -9999
-9999 -9999 -9999 -9999 -9999 -9999 -9999 -9999 -9999 -9999 -9999 -9999 -9999 -9999 -9999 -9999 -9999 -9999 -9999 -9999 -9999 -9999 -9999 -9999 -9999 -9999 -9999 -9999 -9999 -9999 -9999 -9999 -9999 -9999 -9999 -9999 -9999 -9999 -9999 -9999 -9999 -9999 -9999 -9999 -9999 -9999 -9999 -9999 -9999 -9999 -9999 -9999 -9999
