indici/fabbisogno04.asc
NCOLS 177 
NROWS 174 
XLLCORNER 1436301.375 
YLLCORNER 4916704.5 
CELLSIZE 1500 
NODATA_value -9999 
[rows 140 to 159 of 174, columns 44 to 87 of 177]
-73.1018753051758 -54.6153602600098 -54.9573650360107 -54.6406269073486 -55.230583190918 -56.6176528930664 -57.2566528320312 -57.6725311279297 -58.1201038360596 -59.8468151092529 -62.1058959960938 -63.8782615661621 -66.0138931274414 -69.1331272125244 -71.6136360168457 -73.7673606872559 -74.3224678039551 -75.3262634277344 -93.7061920166016 -93.7630615234375 -93.5578384399414 -93.4219741821289 -93.3330688476562 -93.3232955932617 -93.4415969848633 -93.6596984863281 -94.7171936035156 -95.8402481079102 -97.0636596679688 -98.8605728149414 -100.863296508789 -102.824859619141 -104.474182128906 -105.676048278809 -106.779266357422 -107.79012298584 -108.206275939941 -108.619277954102 -109.028388977051 -109.477699279785 -109.936737060547 -110.366912841797 -110.722549438477 -110.985877990723
-73.4403228759766 -54.042407989502 -54.9883403778076 -55.0025596618652 -54.6397590637207 -55.5278282165527 -56.147632598877 -56.0923385620117 -56.3684101104736 -57.9139652252197 -60.8572025299072 -63.4660568237305 -66.3414535522461 -69.4326057434082 -72.4719257354736 -74.8828125 -75.2939929962158 -76.1253147125244 -94.2158355712891 -94.1480941772461 -93.8401489257812 -93.6224975585938 -93.4813919067383 -93.4716186523438 -93.620491027832 -93.8807067871094 -95.0473937988281 -96.284294128418 -97.6317291259766 -99.4833831787109 -101.521041870117 -103.494361877441 -105.134033203125 -106.279846191406 -107.310737609863 -108.251167297363 -108.628974914551 -109.007705688477 -109.388038635254 -109.879013061523 -110.404525756836 -110.914276123047 -111.363525390625 -111.73461151123
-73.7851409912109 -73.9918670654297 -55.251781463623 -55.222448348999 -55.1620388031006 -54.1614627838135 -54.0151805877686 -54.0671081542969 -54.209171295166 -56.3198051452637 -59.5161609649658 -62.8359127044678 -66.1764221191406 -69.7651290893555 -73.0763187408447 -75.9532222747803 -76.2394428253174 -76.7937526702881 -94.6205520629883 -94.4450912475586 -94.0521697998047 -93.7702255249023 -93.5938568115234 -93.6022720336914 -93.7863464355469 -94.0874099731445 -95.36279296875 -96.70947265625 -98.1714096069336 -100.069313049316 -102.132484436035 -104.110740661621 -105.734825134277 -106.817420959473 -107.778747558594 -108.654037475586 -108.999664306641 -109.350570678711 -109.709327697754 -110.247596740723 -110.84593963623 -111.431999206543 -111.970909118652 -112.446281433105
-74.1374893188477 -74.2369003295898 -74.1695251464844 -73.7158813476562 -54.6192455291748 -54.1530151367188 -53.5901794433594 -53.3669357299805 -52.9656810760498 -55.1598243713379 -58.1250114440918 -61.8891658782959 -65.410343170166 -69.5044212341309 -73.4390430450439 -76.9363975524902 -76.9335250854492 -77.3801212310791 -94.9216384887695 -94.6567535400391 -94.1973648071289 -93.8687515258789 -93.6734848022461 -93.7169418334961 -93.9408493041992 -94.2818298339844 -95.665771484375 -97.1193618774414 -98.6887512207031 -100.627365112305 -102.709983825684 -104.68936920166 -106.295318603516 -107.31128692627 -108.206214904785 -109.020874023438 -109.339340209961 -109.66722869873 -110.009437561035 -110.598037719727 -111.273246765137 -111.936882019043 -112.564895629883 -113.146713256836
-74.797477722168 -74.872688293457 -74.7925567626953 -74.3539352416992 -73.8720932006836 -73.3658905029297 -73.0204849243164 -54.4799041748047 -54.629451751709 -56.879093170166 -59.9064445495605 -62.9058074951172 -66.4227447509766 -70.1585731506348 -74.0595207214355 -77.5489749908447 -77.432336807251 -94.9143829345703 -94.8981475830078 -94.7063064575195 -94.4361190795898 -94.3198318481445 -94.3209915161133 -94.5339202880859 -94.9339370727539 -95.4528045654297 -97.0975875854492 -98.8128509521484 -100.646987915039 -102.63996887207 -104.692771911621 -106.62313079834 -108.224090576172 -109.289428710938 -110.236152648926 -111.094848632812 -111.234367370605 -111.384544372559 -111.552871704102 -111.930183410645 -112.380363464355 -112.809020996094 -113.353218078613 -114.073951721191
-75.5494232177734 -75.6268157958984 -75.5773391723633 -75.2368240356445 -74.8405532836914 -74.4128646850586 -74.5582046508789 -74.8884048461914 -57.500862121582 -59.5126686096191 -61.9434032440186 -64.4495735168457 -67.9828414916992 -71.5002098083496 -74.7842597961426 -78.1771545410156 -95.0509414672852 -94.9823150634766 -94.8008422851562 -94.7261047363281 -94.7078247070312 -94.8515396118164 -95.0866775512695 -95.4898834228516 -96.0805282592773 -96.7868041992188 -98.7020721435547 -100.685852050781 -102.788505554199 -104.825256347656 -106.826995849609 -108.691314697266 -110.274398803711 -111.384826660156 -112.379508972168 -113.280670166016 -113.222808837891 -113.17610168457 -113.148643493652 -113.294929504395 -113.504173278809 -113.690399169922 -114.137710571289 -114.991539001465
-76.3766403198242 -76.4891586303711 -76.50390625 -76.2950897216797 -76.0481719970703 -75.7798004150391 -76.4947280883789 -77.3694763183594 -60.5443534851074 -62.748851776123 -64.717887878418 -66.127513885498 -68.8200778961182 -72.3531494140625 -75.185905456543 -95.2886581420898 -95.1282730102539 -94.9198303222656 -94.6460571289062 -94.7564926147461 -95.0608139038086 -95.4772567749023 -95.9596939086914 -96.5655212402344 -97.3416366577148 -98.2211761474609 -100.393882751465 -102.632766723633 -104.989631652832 -107.060699462891 -108.998245239258 -110.795799255371 -112.358512878418 -113.513244628906 -114.561805725098 -115.518287658691 -115.271537780762 -115.028266906738 -114.792304992676 -114.696014404297 -114.652313232422 -114.585426330566 -114.917785644531 -115.894493103027
-77.5737609863281 -77.6580352783203 -77.9524078369141 -78.7520217895508 -79.536262512207 -80.3155136108398 -81.9262084960938 -83.6607437133789 -67.8162002563477 -69.7409496307373 -71.1539134979248 -71.7071094512939 -73.3211441040039 -76.0361976623535 -78.2443103790283 -79.8957672119141 -96.9114151000977 -96.2857894897461 -95.6384735107422 -95.8899459838867 -96.6023406982422 -97.3785171508789 -98.2193069458008 -99.1827239990234 -100.30330657959 -101.51343536377 -103.685905456543 -105.916297912598 -108.257431030273 -110.304344177246 -112.21337890625 -113.980834960938 -115.490043640137 -116.530540466309 -117.46989440918 -118.324516296387 -117.923889160156 -117.520385742188 -117.112907409668 -116.95645904541 -116.908409118652 -116.84432220459 -117.11701965332 -117.942520141602
-79.2078170776367 -79.1882171630859 -80.0112838745117 -82.8413696289062 -85.6735763549805 -88.5108871459961 -91.369255065918 -94.2905807495117 -97.3459167480469 -98.4987564086914 -81.6390037536621 -80.6629447937012 -81.659704208374 -82.5073852539062 -83.5567836761475 -84.3979034423828 -82.5306282043457 -99.0835494995117 -97.7611312866211 -98.0845108032227 -99.2645416259766 -100.457412719727 -101.730308532715 -103.159729003906 -104.729721069336 -106.374008178711 -108.29508972168 -110.271842956543 -112.358367919922 -114.308403015137 -116.192581176758 -117.932571411133 -119.344772338867 -120.142112731934 -120.847503662109 -121.483589172363 -120.937210083008 -120.380966186523 -119.808120727539 -119.668502807617 -119.722999572754 -119.760925292969 -119.978553771973 -120.500961303711
-80.9892807006836 -80.8856811523438 -82.2547378540039 -87.1356887817383 -92.0258941650391 -96.9253692626953 -101.038726806641 -105.166595458984 -109.380516052246 -93.3532752990723 -92.3450756072998 -90.2776489257812 -90.6482582092285 -89.7853107452393 -88.7814350128174 -88.7492733001709 -86.902307510376 -102.125328063965 -100.104965209961 -100.466026306152 -102.089912414551 -103.724769592285 -105.454856872559 -107.376281738281 -109.403709411621 -111.488327026367 -113.157585144043 -114.867942810059 -116.663764953613 -118.476989746094 -120.299034118652 -121.971214294434 -123.248802185059 -123.761383056641 -124.204803466797 -124.599594116211 -123.885726928711 -123.164978027344 -122.43334197998 -122.312156677246 -122.475959777832 -122.62663269043 -122.808364868164 -123.038536071777
-82.8954772949219 -82.6955337524414 -84.5905075073242 -91.4952774047852 -98.4130935668945 -105.342010498047 -110.856262207031 -116.348167419434 -121.891098022461 -105.772151947021 -103.427364349365 -100.595161437988 -99.4179821014404 -97.1449375152588 -94.3798904418945 -93.2452087402344 -108.230842590332 -105.606834411621 -103.10718536377 -103.49462890625 -105.433860778809 -107.383567810059 -109.420738220215 -111.643676757812 -113.923881530762 -116.230834960938 -117.631645202637 -119.051261901855 -120.528053283691 -122.147575378418 -123.838439941406 -125.371353149414 -126.464813232422 -126.683120727539 -126.8564453125 -127.002723693848 -126.292816162109 -125.590789794922 -124.896118164062 -124.87451171875 -125.178428649902 -125.474098205566 -125.645751953125 -125.57007598877
-85.3984909057617 -84.9791107177734 -87.2458724975586 -95.9582977294922 -104.688079833984 -113.431526184082 -121.283973693848 -129.113479614258 -136.953643798828 -120.868923187256 -117.998218536377 -114.025157928467 -111.296482086182 -105.961492538452 -101.178279876709 -97.3727760314941 -113.134689331055 -111.007202148438 -109.047210693359 -109.390480041504 -110.99690246582 -112.620491027832 -114.27237701416 -115.985946655273 -117.720367431641 -119.462814331055 -120.57347869873 -121.687225341797 -122.830291748047 -124.160675048828 -125.588264465332 -126.854881286621 -127.702926635742 -127.69010925293 -127.655570983887 -127.608459472656 -127.391357421875 -127.18465423584 -126.992004394531 -127.267776489258 -127.780006408691 -128.287048339844 -128.492553710938 -128.08674621582
-87.8729629516602 -87.2321014404297 -89.865234375 -100.382682800293 -110.958023071289 -121.571350097656 -131.81575012207 -142.022277832031 -152.159332275391 -136.961162567139 -132.230012893677 -127.957105636597 -123.354759216309 -116.079717636108 -108.482822418213 -101.055755615234 -118.168060302734 -116.537460327148 -115.089408874512 -115.368835449219 -116.614143371582 -117.884292602539 -119.12516784668 -120.301086425781 -121.480934143066 -122.660087585449 -123.478286743164 -124.289421081543 -125.105018615723 -126.151664733887 -127.32250213623 -128.318618774414 -128.916061401367 -128.667373657227 -128.423309326172 -128.180465698242 -128.448211669922 -128.737716674805 -129.049133300781 -129.630004882812 -130.352752685547 -131.071487426758 -131.322189331055 -130.586791992188
-90.3139038085938 -89.4491958618164 -92.4430923461914 -104.762817382812 -117.222671508789 -129.769638061523 -142.467330932617 -155.095016479492 -167.527145385742 -168.921157836914 -163.818801879883 -158.222274780273 -151.578201293945 -142.513229370117 -133.610290527344 -124.794448852539 -123.332427978516 -122.197303771973 -121.231735229492 -121.426826477051 -122.282958984375 -123.173538208008 -123.980018615723 -124.593528747559 -125.211570739746 -125.829391479492 -126.353515625 -126.865562438965 -127.359390258789 -128.126846313477 -129.046295166016 -129.769622802734 -130.113327026367 -129.626312255859 -129.172134399414 -128.734924316406 -129.47673034668 -130.26350402832 -131.080718994141 -131.973937988281 -132.908920288086 -133.823837280273 -134.114349365234 -133.044189453125
-96.6826400756836 -96.6814270019531 -100.248565673828 -112.459884643555 -124.88858795166 -137.447555541992 -150.577377319336 -163.593688964844 -176.27587890625 -177.56770324707 -172.09391784668 -165.993835449219 -158.633010864258 -148.320602416992 -138.282638549805 -128.404525756836 -127.314643859863 -126.629936218262 -126.100852966309 -126.254051208496 -126.802940368652 -127.396545410156 -127.792709350586 -127.720687866211 -127.651893615723 -127.581405639648 -128.808013916016 -130.075607299805 -131.318008422852 -132.012924194336 -132.380645751953 -132.526458740234 -132.269165039062 -131.105850219727 -129.995223999023 -128.910095214844 -129.540985107422 -130.237442016602 -130.961898803711 -132.012603759766 -133.255142211914 -134.495620727539 -135.079147338867 -134.150634765625
-104.070709228516 -105.217163085938 -109.415771484375 -121.027450561523 -132.926651000977 -144.998779296875 -158.045715332031 -170.949340820312 -183.398056030273 -184.525466918945 -178.858703613281 -172.438186645508 -164.58088684082 -153.317504882812 -142.424987792969 -131.752319335938 -131.026245117188 -130.786987304688 -130.694198608398 -130.828140258789 -131.094009399414 -131.411178588867 -131.411102294922 -130.640533447266 -129.886596679688 -129.140075683594 -131.213073730469 -133.384094238281 -135.490478515625 -136.138412475586 -135.907562255859 -135.434295654297 -134.537551879883 -132.657974243164 -130.856521606445 -129.096862792969 -129.583709716797 -130.177185058594 -130.808853149414 -132.02587890625 -133.596115112305 -135.16423034668 -136.041793823242 -135.251983642578
-111.443634033203 -113.780097961426 -118.659004211426 -129.717315673828 -141.056549072266 -152.565673828125 -165.452239990234 -178.185623168945 -190.385757446289 -191.333557128906 -185.458953857422 -178.743408203125 -170.420013427734 -158.232116699219 -146.480712890625 -134.992462158203 -134.599060058594 -134.792816162109 -135.144790649414 -135.274932861328 -135.266464233398 -135.303466796875 -134.907699584961 -133.43473815918 -132.041305541992 -130.694046020508 -133.666870117188 -136.79133605957 -139.753829956055 -140.368011474609 -139.53157043457 -138.433395385742 -136.892654418945 -134.290893554688 -131.789031982422 -129.344253540039 -129.66667175293 -130.147796630859 -130.680862426758 -132.050537109375 -133.942764282227 -135.832962036133 -137.003005981445 -136.346755981445
-118.190399169922 -120.829406738281 -126.207748413086 -138.270614624023 -150.615615844727 -163.137496948242 -175.032043457031 -186.644119262695 -197.636291503906 -197.748199462891 -191.195022583008 -183.708358764648 -174.883392333984 -162.847549438477 -151.328399658203 -140.133407592773 -139.789825439453 -140.066955566406 -140.508392333984 -140.58967590332 -140.448623657227 -140.350326538086 -139.804595947266 -138.114868164062 -136.577377319336 -135.137649536133 -138.346557617188 -141.702423095703 -144.779739379883 -145.025344848633 -143.477340698242 -141.645889282227 -139.459701538086 -136.418167114258 -133.505416870117 -130.673645019531 -130.675231933594 -130.86540222168 -131.116409301758 -132.331893920898 -134.166534423828 -135.987945556641 -137.203033447266 -136.828567504883
-124.206489562988 -126.115249633789 -131.781539916992 -146.659896850586 -161.813858032227 -177.141586303711 -187.088333129883 -196.487442016602 -205.187530517578 -203.730743408203 -195.98828125 -187.226272583008 -177.864486694336 -167.135482788086 -156.98713684082 -147.207778930664 -146.615493774414 -146.602127075195 -146.765090942383 -146.731048583984 -146.573608398438 -146.453216552734 -145.950103759766 -144.440673828125 -143.143920898438 -141.986053466797 -144.848190307617 -147.816299438477 -150.404998779297 -150.007202148438 -147.661575317383 -145.013870239258 -142.169067382812 -138.869491577148 -135.719207763672 -132.666381835938 -132.237396240234 -132.01416015625 -131.866165161133 -132.75439453125 -134.33464050293 -135.902893066406 -137.051666259766 -137.045028686523
-130.625030517578 -131.83723449707 -137.816436767578 -155.540405273438 -173.408355712891 -191.369537353516 -199.213912963867 -206.276107788086 -212.678604125977 -209.641937255859 -200.704040527344 -190.897674560547 -181.227676391602 -172.051773071289 -163.329803466797 -154.900314331055 -154.007339477539 -153.652816772461 -153.527313232422 -153.36540222168 -153.181442260742 -153.030532836914 -152.55940246582 -151.221817016602 -150.098419189453 -149.117156982422 -151.534072875977 -154.034469604492 -156.124114990234 -155.076751708984 -151.922897338867 -148.505599975586 -145.044769287109 -141.539184570312 -138.161239624023 -134.868804931641 -133.993804931641 -133.333602905273 -132.751007080078 -133.272979736328 -134.561798095703 -135.953430175781 -137.107727050781 -137.551223754883
