indici/fabbisogno11.asc
NCOLS 177 
NROWS 174 
XLLCORNER 1436301.375 
YLLCORNER 4916704.5 
CELLSIZE 1500 
NODATA_value -9999 
[rows 60 to 79 of 174, columns 132 to 175 of 177]
-219.829986572266 -217.25537109375 -213.327346801758 -207.070205688477 -200.952026367188 -194.862655639648 -188.767608642578 -183.203552246094 -178.212356567383 -178.22151184082 -178.830352783203 -178.319442749023 -176.774337768555 -174.433502197266 -174.150543212891 -175.325210571289 -179.468154907227 -183.991455078125 -189.171600341797 -201.029449462891 -212.269271850586 -222.709732055664 -229.943786621094 -236.394241333008 -242.940139770508 -250.169403076172 -258.038269042969 -265.871368408203 -273.171508789062 -279.007629394531 -283.970733642578 -288.372039794922 -284.484039306641 -280.557708740234 -276.604644775391 -270.229827880859 -263.118530273438 -256.683319091797 -251.640533447266 -248.090469360352 -244.572875976562 -241.682922363281 -240.976440429688 -240.127334594727
-218.911071777344 -216.395385742188 -212.290161132812 -205.201477050781 -198.391677856445 -191.814498901367 -186.712966918945 -182.014236450195 -177.776809692383 -178.082824707031 -179.108673095703 -179.084197998047 -177.110321044922 -173.557357788086 -172.113708496094 -172.967025756836 -178.995330810547 -185.218673706055 -191.754653930664 -202.834182739258 -213.390243530273 -223.204360961914 -230.334991455078 -236.708450317383 -243.214508056641 -251.065658569336 -260.258911132812 -269.2431640625 -277.745056152344 -284.775024414062 -291.047393798828 -296.882202148438 -291.922180175781 -286.691619873047 -281.316558837891 -273.896362304688 -265.736145019531 -258.347778320312 -252.588241577148 -248.801605224609 -245.059524536133 -241.954940795898 -241.515701293945 -240.943466186523
-217.972305297852 -215.577529907227 -211.39289855957 -203.526168823242 -196.044799804688 -188.922515869141 -184.828323364258 -180.964889526367 -177.379104614258 -177.908966064453 -179.31103515625 -179.943511962891 -177.795379638672 -173.293579101562 -170.803085327148 -171.319122314453 -179.199691772461 -187.149673461914 -195.189392089844 -205.756683349609 -215.930450439453 -225.467742919922 -232.831512451172 -239.511672973633 -246.410552978516 -255.010650634766 -265.420166015625 -275.414642333984 -284.735382080078 -291.828033447266 -298.123046875 -303.839935302734 -298.732727050781 -293.045196533203 -287.169158935547 -278.982940673828 -269.76708984375 -261.418395996094 -254.842681884766 -250.695770263672 -246.590972900391 -243.078170776367 -242.665298461914 -242.109527587891
-217.069351196289 -214.328170776367 -210.016311645508 -202.234268188477 -194.98420715332 -188.168487548828 -185.250473022461 -182.414352416992 -179.662139892578 -179.742218017578 -180.514419555664 -180.766372680664 -179.016540527344 -175.412811279297 -173.629989624023 -174.755172729492 -183.866012573242 -192.955291748047 -202.05029296875 -212.519195556641 -222.698623657227 -232.316741943359 -240.175231933594 -247.399887084961 -254.89518737793 -263.95458984375 -274.869476318359 -285.218933105469 -294.599853515625 -300.300506591797 -305.305328369141 -309.748962402344 -305.049774169922 -299.500244140625 -293.622314453125 -284.794189453125 -274.427947998047 -265.029205322266 -257.498199462891 -252.878326416016 -248.319885253906 -244.300888061523 -243.851928710938 -243.288513183594
-216.175155639648 -212.960220336914 -208.498504638672 -201.011459350586 -194.128189086914 -187.658599853516 -185.84553527832 -184.000549316406 -182.074996948242 -181.74494934082 -181.870010375977 -181.708984375 -180.265197753906 -177.525634765625 -176.423126220703 -178.093902587891 -188.391525268555 -198.698623657227 -209.042129516602 -219.627975463867 -229.988967895508 -239.855651855469 -248.364349365234 -256.301727294922 -264.211181640625 -273.534851074219 -284.737030029297 -295.343688964844 -304.797576904297 -309.015899658203 -312.622680664062 -315.681335449219 -311.184722900391 -305.703735351562 -299.873931884766 -290.526702880859 -279.070129394531 -268.560516357422 -259.983306884766 -254.839706420898 -249.847045898438 -245.340942382812 -244.897537231445 -244.407318115234
-215.081558227539 -211.465255737305 -206.908615112305 -199.800979614258 -193.255813598633 -187.051483154297 -186.235610961914 -185.405334472656 -184.456802368164 -183.931243896484 -183.507843017578 -182.862045288086 -181.59358215332 -179.655136108398 -179.186996459961 -181.330535888672 -192.770980834961 -204.367446899414 -216.108856201172 -227.005706787109 -237.648727416992 -247.832901000977 -257.0224609375 -265.726104736328 -274.138153076172 -283.950622558594 -295.542144775391 -306.465850830078 -316.080780029297 -318.841735839844 -321.022644042969 -322.628448486328 -317.868194580078 -311.921875 -305.484741210938 -295.474670410156 -283.133148193359 -271.701568603516 -262.247650146484 -256.708770751953 -251.422119140625 -246.557464599609 -246.082153320312 -245.613861083984
-213.339782714844 -209.189270019531 -204.440505981445 -197.878860473633 -191.858520507812 -186.204452514648 -186.197265625 -186.293228149414 -186.224685668945 -186.168151855469 -186.131423950195 -186.009216308594 -185.444931030273 -184.293594360352 -184.446868896484 -186.99348449707 -199.43244934082 -212.147109985352 -225.114532470703 -237.918807983398 -250.647354125977 -263.057495117188 -274.659301757812 -285.855773925781 -296.081787109375 -306.279876708984 -316.234802246094 -325.548645019531 -333.669647216797 -333.981536865234 -333.791198730469 -333.058471679688 -326.354614257812 -318.304321289062 -309.751007080078 -298.791168212891 -286.072570800781 -274.188720703125 -264.193450927734 -258.449310302734 -253.030883789062 -247.938995361328 -247.382476806641 -246.88395690918
-210.723785400391 -205.955337524414 -200.973052978516 -195.211410522461 -189.952774047852 -185.065414428711 -185.818740844727 -186.805923461914 -187.586120605469 -188.389938354492 -189.224670410156 -190.043670654297 -190.328140258789 -189.830932617188 -190.486083984375 -193.291595458984 -206.588500976562 -220.276947021484 -234.346969604492 -249.126419067383 -263.963836669922 -278.487731933594 -292.262664794922 -305.608184814453 -317.587615966797 -328.361541748047 -336.689056396484 -344.423858642578 -351.143371582031 -349.060150146484 -346.534515380859 -343.485656738281 -334.850769042969 -324.718994140625 -314.044830322266 -302.025177001953 -288.923767089844 -276.614227294922 -266.093078613281 -260.175354003906 -254.676162719727 -249.435470581055 -248.881637573242 -248.361694335938
-208.076644897461 -202.746658325195 -197.550857543945 -192.674682617188 -188.183410644531 -183.997283935547 -185.435806274414 -187.259414672852 -188.867309570312 -190.508636474609 -192.187973022461 -193.92887878418 -195.059661865234 -195.201278686523 -196.360290527344 -199.405242919922 -213.558517456055 -228.187606811523 -243.321975708008 -259.989227294922 -276.872741699219 -293.360198974609 -309.167114257812 -324.528594970703 -338.362548828125 -349.97607421875 -356.750457763672 -362.996337890625 -368.455963134766 -364.065002441406 -359.263061523438 -353.932922363281 -343.385650634766 -331.199462890625 -318.409454345703 -305.223724365234 -291.565490722656 -278.653015136719 -267.397766113281 -261.092498779297 -255.2744140625 -249.771697998047 -248.958374023438 -248.308792114258
-205.386520385742 -199.505249023438 -194.073089599609 -190.18489074707 -186.579208374023 -183.220321655273 -185.253555297852 -187.783432006836 -190.066925048828 -192.267196655273 -194.404479980469 -196.629684448242 -198.48796081543 -199.796310424805 -202.070495605469 -205.918533325195 -220.576675415039 -235.743225097656 -251.507995605469 -269.574951171875 -288.042602539062 -305.988494873047 -323.173553466797 -339.763092041016 -354.618682861328 -366.282592773438 -370.277191162109 -373.724761962891 -376.617767333984 -370.120941162109 -363.277618408203 -355.937835693359 -344.169311523438 -330.833984375 -316.901519775391 -302.804718017578 -288.546997070312 -275.004089355469 -262.986175537109 -256.285064697266 -250.14501953125 -244.420654296875 -243.843490600586 -243.595672607422
-202.169830322266 -195.858825683594 -190.313293457031 -187.915084838867 -185.680130004883 -183.596893310547 -185.849670410156 -188.619094848633 -191.139373779297 -193.269882202148 -195.136032104492 -197.166091918945 -199.669540405273 -203.167083740234 -207.50862121582 -212.969680786133 -227.684509277344 -242.970596313477 -258.999969482422 -278.120391845703 -297.930603027344 -317.12744140625 -335.469543457031 -353.058563232422 -368.759002685547 -380.507690429688 -381.558654785156 -382.119781494141 -382.323333740234 -374.217559814453 -365.70703125 -356.653411865234 -343.900726318359 -329.644561767578 -314.860595703125 -300.064971923828 -285.275512695312 -271.201354980469 -258.529418945312 -251.573654174805 -245.168106079102 -239.213882446289 -238.821258544922 -238.973159790039
-198.822952270508 -192.049957275391 -186.24739074707 -185.27099609375 -184.395080566406 -183.621795654297 -186.181060791016 -189.237533569336 -192.064636230469 -194.225723266602 -195.903213500977 -197.767578125 -200.831665039062 -206.552185058594 -212.947052001953 -220.073211669922 -234.792877197266 -250.073257446289 -266.158020019531 -286.053497314453 -306.993438720703 -327.323516845703 -346.712890625 -365.172393798828 -381.808685302734 -393.975799560547 -392.206878662109 -389.949859619141 -387.311492919922 -377.756317138672 -367.540222167969 -356.5869140625 -342.633178710938 -327.318908691406 -311.923645019531 -296.635833740234 -281.522125244141 -267.128448486328 -253.98876953125 -246.957550048828 -240.352584838867 -234.143646240234 -233.871383666992 -234.409439086914
-195.281463623047 -188.039703369141 -181.847015380859 -182.2451171875 -182.738189697266 -183.33154296875 -186.298355102539 -189.692489624023 -192.885437011719 -195.154342651367 -196.690246582031 -198.433074951172 -202.06364440918 -210.074600219727 -218.548355102539 -227.4140625 -241.957809448242 -256.958648681641 -272.736938476562 -292.835571289062 -314.264953613281 -334.996246337891 -354.732330322266 -373.412872314453 -390.253662109375 -402.57861328125 -398.942413330078 -395.002410888672 -390.839599609375 -379.417022705078 -366.993621826172 -353.578002929688 -337.591766357422 -320.246612548828 -303.221038818359 -287.216094970703 -273.023101806641 -259.683380126953 -247.463409423828 -241.037750244141 -234.985488891602 -229.323333740234 -228.557159423828 -228.596801757812
-188.324142456055 -182.052932739258 -176.756301879883 -178.185241699219 -179.685989379883 -181.265991210938 -184.51432800293 -188.116729736328 -191.543640136719 -194.892379760742 -198.234710693359 -201.841064453125 -207.100219726562 -216.671600341797 -226.538848876953 -236.602966308594 -249.523803710938 -262.891204833984 -277.093902587891 -295.867858886719 -316.303955078125 -336.070465087891 -355.192138671875 -373.566040039062 -390.152740478516 -402.859375 -399.685028076172 -396.210876464844 -392.487426757812 -379.138916015625 -364.266998291016 -348.179016113281 -329.842071533203 -310.151702880859 -291.279663085938 -274.678741455078 -262.35400390625 -250.879348754883 -240.272827148438 -234.736740112305 -229.470932006836 -224.518920898438 -223.241073608398 -222.711868286133
-180.239807128906 -175.469635009766 -171.47135925293 -173.851196289062 -176.29118347168 -178.801422119141 -182.347747802734 -186.155166625977 -189.891204833984 -194.376068115234 -199.624572753906 -205.069854736328 -211.947540283203 -223.052398681641 -234.352111816406 -245.805480957031 -257.211151123047 -268.957122802734 -281.440979003906 -298.702972412109 -317.964447021484 -336.486328125 -354.654602050781 -372.394287109375 -388.684661865234 -401.774383544922 -399.113464355469 -396.189910888672 -393.022583007812 -378.039794921875 -360.928833007812 -342.553009033203 -322.256927490234 -300.672302246094 -279.910583496094 -262.471130371094 -251.969253540039 -242.280456542969 -233.263549804688 -228.536529541016 -224.010543823242 -219.739151000977 -218.003341674805 -216.88591003418
-172.405151367188 -169.034545898438 -166.193862915039 -169.368606567383 -172.606140136719 -175.921325683594 -179.682022094727 -183.611373901367 -187.798370361328 -193.477767944336 -200.757522583008 -208.040008544922 -216.526275634766 -229.142639160156 -241.938003540039 -254.883926391602 -265.018524169922 -275.168609619141 -285.796234130859 -301.394317626953 -319.372833251953 -336.496612548828 -353.545989990234 -370.545104980469 -386.446502685547 -399.573425292969 -397.157348632812 -394.520263671875 -391.649932861328 -375.439239501953 -356.637115478516 -336.763671875 -315.236755371094 -292.447174072266 -270.575622558594 -252.685485839844 -243.930923461914 -235.904067993164 -228.363159179688 -224.185592651367 -220.09130859375 -216.127227783203 -214.217407226562 -212.955947875977
-165.771530151367 -163.745651245117 -161.998168945312 -165.315765380859 -168.634002685547 -171.972320556641 -175.541931152344 -179.251449584961 -183.543334960938 -189.837768554688 -198.45051574707 -206.83757019043 -216.254425048828 -230.067153930664 -244.032272338867 -258.132141113281 -268.926025390625 -279.60107421875 -290.610076904297 -304.599395751953 -320.089782714844 -334.533081054688 -348.440063476562 -361.495635986328 -373.860870361328 -384.561981201172 -382.919189453125 -381.088531494141 -379.030792236328 -364.948760986328 -348.058776855469 -330.056335449219 -309.675628662109 -287.265991210938 -265.73583984375 -247.986587524414 -240.20100402832 -233.108276367188 -226.442825317383 -222.13542175293 -217.87092590332 -213.661575317383 -211.61604309082 -210.391860961914
-160.813812255859 -159.913772583008 -159.115921020508 -161.762268066406 -164.435165405273 -167.136505126953 -170.244903564453 -173.588653564453 -177.878921508789 -184.566177368164 -194.293823242188 -203.613800048828 -213.8359375 -228.938537597656 -244.17854309082 -259.542175292969 -271.663452148438 -283.453521728516 -295.287292480469 -307.825714111328 -320.667999267578 -332.444702148438 -343.326568603516 -352.609344482422 -361.485504150391 -369.425109863281 -368.42724609375 -367.345550537109 -366.167327880859 -354.230529785156 -339.332214355469 -323.245758056641 -304.149078369141 -282.175476074219 -261.002685546875 -243.367828369141 -236.560897827148 -230.375915527344 -224.618026733398 -220.101135253906 -215.630477905273 -211.171875 -208.96907043457 -207.780227661133
-155.865325927734 -156.108489990234 -156.431823730469 -158.502624511719 -160.595764160156 -162.649948120117 -165.274185180664 -168.197280883789 -172.031188964844 -178.579956054688 -188.92024230957 -199.165328979492 -210.322235107422 -226.858535766602 -243.438690185547 -260.057678222656 -273.501373291016 -286.442840576172 -299.181945800781 -310.529754638672 -320.792144775391 -330.163452148438 -338.324188232422 -344.060607910156 -349.357208251953 -354.117797851562 -353.588134765625 -353.194671630859 -353.013854980469 -343.269226074219 -330.455749511719 -316.3271484375 -298.638702392578 -277.13330078125 -256.322448730469 -238.761489868164 -232.97541809082 -227.683944702148 -222.738800048828 -218.098571777344 -213.49658203125 -208.904098510742 -206.539169311523 -205.30859375
-151.185363769531 -152.515777587891 -153.873275756836 -155.553527832031 -157.20768737793 -158.760543823242 -160.939758300781 -163.430419921875 -166.755676269531 -172.856689453125 -183.174713134766 -193.598983764648 -204.880844116211 -222.434005737305 -239.908020019531 -257.288391113281 -272.050018310547 -286.274475097656 -300.0634765625 -310.684539794922 -318.775787353516 -326.191070556641 -332.385589599609 -335.815216064453 -338.8828125 -341.658935546875 -340.242095947266 -339.040283203125 -338.277038574219 -330.606323242188 -320.433349609375 -308.853912353516 -293.446411132812 -273.433410644531 -254.078872680664 -237.309585571289 -231.367553710938 -225.82243347168 -220.607650756836 -216.226181030273 -211.938125610352 -207.620788574219 -204.975021362305 -203.306671142578
