indici/fabbisogno10.asc
NCOLS 177 
NROWS 174 
XLLCORNER 1436301.375 
YLLCORNER 4916704.5 
CELLSIZE 1500 
NODATA_value -9999 
[rows 115 to 137 of 174, columns 106 to 158 of 177]
-54.8484191894531 -52.6916885375977 -50.1930770874023 -47.6913681030273 -45.2468414306641 -43.5053520202637 -41.1946296691895 -39.6415557861328 -38.0342636108398 -36.5076103210449 -34.3987236022949 -31.8850212097168 -28.9826812744141 -25.7026252746582 -22.5687198638916 -19.6230201721191 -17.2623977661133 -15.8080034255981 -15.1881008148193 -15.0683002471924 -15.5827541351318 -16.7041683197021 -19.004487991333 -22.4453010559082 -27.3287315368652 -33.5922546386719 -41.0170211791992 -49.3238296508789 -58.2896537780762 -66.8036575317383 -73.5866928100586 -77.1052703857422 -77.0443420410156 -73.2742233276367 -66.3447952270508 -57.7921371459961 -48.2971496582031 -39.4697532653809 -31.5839385986328 -25.2243728637695 -20.5520286560059 -17.1489753723145 -9999 -9999 -9999 -9999 -9999 -9999 -9999 -9999 -9999 -9999 -9999
-55.373348236084 -51.8331298828125 -48.1411895751953 -44.4257049560547 -40.834774017334 -38.0496101379395 -35.1971855163574 -32.5411529541016 -30.536865234375 -28.5341320037842 -26.5681972503662 -24.3648529052734 -22.0248641967773 -19.5835609436035 -17.2542819976807 -15.1305818557739 -13.4653978347778 -12.4635934829712 -12.1549644470215 -12.2950754165649 -12.904296875 -14.0482931137085 -16.298921585083 -19.819580078125 -24.5370597839355 -30.4907112121582 -37.9132385253906 -46.7663040161133 -56.436466217041 -65.5088577270508 -73.2597351074219 -77.4065551757812 -77.5674057006836 -73.6233444213867 -66.8709106445312 -58.2157440185547 -48.8569564819336 -39.9790496826172 -32.2090606689453 -26.2086448669434 -21.8393135070801 -18.7099208831787 -16.454158782959 -15.025520324707 -13.9194040298462 -9999 -9999 -9999 -9999 -9999 -9999 -9999 -9999
-54.7159957885742 -49.9312400817871 -45.0782165527344 -40.3128318786621 -35.7691535949707 -32.210147857666 -29.1694717407227 -26.2656097412109 -23.7402496337891 -21.8885192871094 -20.0998592376709 -18.206750869751 -16.3795070648193 -14.6711626052856 -13.0181093215942 -11.6040077209473 -10.5019664764404 -9.852219581604 -9.71008777618408 -10.130895614624 -10.7885866165161 -12.0318737030029 -14.33083152771 -17.504150390625 -21.9128818511963 -27.7100067138672 -35.1866989135742 -44.3245964050293 -54.1294326782227 -63.4876403808594 -71.339973449707 -75.7238922119141 -75.5540618896484 -71.7806015014648 -64.9045333862305 -56.243766784668 -47.1924438476562 -38.7526016235352 -31.664701461792 -26.1302299499512 -22.3732795715332 -19.7104244232178 -18.0272483825684 -16.9909439086914 -16.7108383178711 -9999 -9999 -9999 -9999 -9999 -9999 -9999 -9999
-52.2122993469238 -46.6340599060059 -40.8843994140625 -35.521900177002 -30.5323505401611 -26.6692543029785 -23.5209541320801 -20.814510345459 -18.49045753479 -16.5362854003906 -15.0010414123535 -13.5300455093384 -12.1578044891357 -10.9796342849731 -9.86102390289307 -8.96284580230713 -8.27453899383545 -7.93735027313232 -7.94201231002808 -8.38702487945557 -9.07620429992676 -10.4015684127808 -12.5493402481079 -15.5438976287842 -19.8084163665771 -25.5042419433594 -32.9432678222656 -41.9816780090332 -51.752555847168 -61.0824356079102 -68.2612609863281 -72.5052185058594 -72.3793029785156 -68.2640075683594 -61.1911125183105 -52.6344909667969 -43.9924926757812 -36.2217674255371 -29.9039402008057 -25.3673439025879 -22.0652713775635 -19.932861328125 -18.8815250396729 -18.7148303985596 -19.2858085632324 -9999 -9999 -9999 -9999 -19.0198574066162 -17.5915584564209 -9999 -9999
-47.4891548156738 -41.6160659790039 -35.7344551086426 -30.2377490997314 -25.379430770874 -21.4727821350098 -18.6968097686768 -16.2688426971436 -14.3162937164307 -12.6277093887329 -11.2403144836426 -10.127552986145 -9.17625617980957 -8.30005073547363 -7.5910816192627 -7.01577806472778 -6.65889835357666 -6.53246927261353 -6.67451143264771 -7.13600301742554 -7.85985898971558 -9.17500495910645 -11.1850051879883 -14.0879592895508 -18.2763557434082 -23.8762683868408 -31.1667823791504 -39.8746185302734 -49.5836639404297 -58.4612655639648 -65.1767959594727 -68.6331481933594 -68.3848190307617 -63.7894134521484 -56.5200691223145 -48.1377983093262 -39.9816398620605 -32.8852729797363 -27.4225845336914 -23.5788135528564 -21.0505542755127 -19.2440395355225 -19.0632724761963 -19.6662063598633 -20.9954833984375 -9999 -23.9470291137695 -24.6542739868164 -24.7266063690186 -24.1166534423828 -22.8269653320312 -21.098180770874 -19.5897331237793
-41.0895576477051 -35.3800582885742 -29.9197254180908 -24.932991027832 -20.5624542236328 -17.1199474334717 -14.619026184082 -12.6763935089111 -11.0762634277344 -9.78267860412598 -8.66693115234375 -7.7269868850708 -7.05060863494873 -6.4647421836853 -5.99518299102783 -5.66971063613892 -5.49072504043579 -5.52728033065796 -5.79238367080688 -6.22826862335205 -6.95441627502441 -8.2620849609375 -10.2285995483398 -13.0998363494873 -17.1365013122559 -22.702205657959 -29.7952098846436 -38.2100028991699 -47.5804977416992 -56.2632217407227 -62.6361694335938 -65.2772674560547 -63.6914978027344 -58.625732421875 -51.554084777832 -43.3814392089844 -35.707347869873 -29.3262615203857 -24.5119915008545 -21.2465438842773 -19.1116256713867 -18.1014938354492 -18.2780666351318 -19.531946182251 -21.4688282012939 -23.8479347229004 -25.8896255493164 -27.5178165435791 -28.6122646331787 -28.7860984802246 -28.1037216186523 -26.860631942749 -25.5190601348877
-33.6929550170898 -28.7448177337646 -24.1431694030762 -19.9183921813965 -16.3132915496826 -13.3995122909546 -11.3109159469604 -9.90327072143555 -8.63217163085938 -7.66123294830322 -6.85474681854248 -6.13803672790527 -5.59464359283447 -5.18929243087769 -4.91822528839111 -4.75447416305542 -4.71692419052124 -4.87167501449585 -5.15297269821167 -5.62909126281738 -6.37209224700928 -7.68524360656738 -9.62268829345703 -12.4567108154297 -16.4130916595459 -21.8184299468994 -28.9469032287598 -37.4131927490234 -46.5213432312012 -54.9337272644043 -60.684024810791 -62.5307197570801 -60.0671577453613 -54.1861228942871 -46.4820175170898 -38.577018737793 -31.4415016174316 -25.6432247161865 -21.4034099578857 -18.6272144317627 -16.9839668273926 -16.4029960632324 -16.8404102325439 -18.3316955566406 -20.5973110198975 -23.245569229126 -26.006856918335 -28.5931854248047 -30.705249786377 -31.9972496032715 -32.4218826293945 -32.5626792907715 -9999
-26.564432144165 -22.3878517150879 -18.8006134033203 -15.5090885162354 -12.7204360961914 -10.4220933914185 -8.78274440765381 -7.75935697555542 -6.85917663574219 -6.13225030899048 -5.58167409896851 -5.10216617584229 -4.58202600479126 -4.36340570449829 -4.26327276229858 -4.21007966995239 -4.30174970626831 -4.50061941146851 -4.81889486312866 -5.21511268615723 -6.06370639801025 -7.48799896240234 -9.40417671203613 -12.2853031158447 -16.3360481262207 -21.854663848877 -29.0395927429199 -37.4496459960938 -46.3496475219727 -54.3483772277832 -59.3428039550781 -60.433650970459 -57.1548233032227 -50.537712097168 -42.523551940918 -34.4965591430664 -27.5994529724121 -22.3136730194092 -18.7106266021729 -16.2783050537109 -14.8590564727783 -14.4098949432373 -14.8757171630859 -16.3272247314453 -18.5936069488525 -21.2554359436035 -24.2401275634766 -27.4839668273926 -30.4705238342285 -32.9491882324219 -35.1319274902344 -36.4894828796387 -9999
-19.9996032714844 -16.9127063751221 -14.266565322876 -11.8984336853027 -9.85188484191895 -8.11981678009033 -6.87967252731323 -6.0979790687561 -5.54329109191895 -5.05285692214966 -4.6601710319519 -4.33255529403687 -4.0234169960022 -3.88849020004272 -3.891357421875 -3.92261624336243 -4.02853631973267 -4.25244760513306 -4.56316900253296 -5.12731075286865 -6.12661504745483 -7.56721544265747 -9.72183895111084 -12.7605199813843 -17.0521202087402 -22.8630752563477 -30.3543682098389 -39.1137466430664 -48.132495880127 -55.7603302001953 -60.022632598877 -59.8796997070312 -55.2992286682129 -47.9158668518066 -39.3581314086914 -31.3572673797607 -24.5906620025635 -19.5538158416748 -16.1901168823242 -13.9118452072144 -12.7010221481323 -12.2918338775635 -12.7018575668335 -13.8816967010498 -15.8287534713745 -18.2597103118896 -21.1970672607422 -24.574613571167 -28.056037902832 -31.4861545562744 -35.1385345458984 -38.0522880554199 -40.4855194091797
-14.7374629974365 -12.5404872894287 -10.6612787246704 -9.0627555847168 -7.64065170288086 -6.40701293945312 -5.49372005462646 -4.87326383590698 -4.52593612670898 -4.19849348068237 -4.04747295379639 -3.89223408699036 -3.71913695335388 -3.58323049545288 -3.57143521308899 -3.63817930221558 -3.89288353919983 -4.21108436584473 -4.57659959793091 -5.27193784713745 -6.39307165145874 -7.87795543670654 -10.1287956237793 -13.4315977096558 -17.9935703277588 -24.2048168182373 -32.0969543457031 -41.2703819274902 -50.5203285217285 -57.8906784057617 -61.4965400695801 -60.2475357055664 -54.629810333252 -46.2677345275879 -37.283390045166 -29.1716613769531 -22.5789642333984 -17.6814231872559 -14.2923831939697 -12.2114000320435 -10.9462594985962 -10.4107694625854 -10.6003875732422 -11.4672498703003 -13.0007658004761 -14.9685907363892 -17.5449047088623 -20.6693916320801 -24.1889343261719 -28.4748840332031 -32.641056060791 -36.9275588989258 -41.124137878418
-10.8047285079956 -9.34325981140137 -7.99554395675659 -6.94983148574829 -6.00355577468872 -5.16179132461548 -4.49513912200928 -4.05322360992432 -3.78694605827332 -3.68491172790527 -3.67560887336731 -3.46433568000793 -3.39919829368591 -3.28177809715271 -3.36364006996155 -3.6426956653595 -4.032630443573 -4.26457214355469 -4.76038122177124 -5.57837533950806 -6.79631233215332 -8.5711498260498 -10.897988319397 -14.3833055496216 -19.3158130645752 -26.1134414672852 -34.6314392089844 -44.4241142272949 -53.9572372436523 -61.1433219909668 -63.9794616699219 -61.5362167358398 -54.6910591125488 -45.327579498291 -35.6898040771484 -27.2431221008301 -20.6502456665039 -15.950626373291 -12.7011661529541 -10.7150363922119 -9.5027904510498 -8.80230140686035 -8.71443176269531 -9.28143978118896 -10.405987739563 -11.8915700912476 -13.9945554733276 -16.6390857696533 -19.9253997802734 -24.0621910095215 -28.5268592834473 -33.5481300354004 -38.9352874755859
-8.0007381439209 -7.024245262146 -6.066237449646 -5.41056346893311 -4.80171489715576 -4.24529933929443 -3.77544260025024 -3.4796507358551 -3.32092833518982 -3.39597010612488 -3.37219762802124 -3.27729821205139 -3.19407892227173 -3.19529056549072 -3.48602199554443 -3.91010499000549 -4.14091873168945 -4.51877641677856 -5.21906328201294 -6.15418243408203 -7.53503227233887 -9.46679782867432 -12.0980453491211 -15.8698177337646 -21.2281627655029 -28.4460697174072 -37.5313606262207 -47.8654823303223 -57.7114410400391 -64.683708190918 -66.8671569824219 -63.2541542053223 -55.1213760375977 -44.709903717041 -34.465934753418 -25.8129177093506 -19.2033004760742 -14.5216674804688 -11.3454666137695 -9.39980983734131 -8.16278553009033 -7.53835582733154 -7.23063373565674 -7.57890701293945 -8.27801513671875 -9.29637813568115 -10.9049882888794 -13.0103158950806 -16.0495433807373 -19.477087020874 -23.6965351104736 -28.7418804168701 -34.4960823059082
-9999 -5.38475561141968 -4.72616338729858 -4.30124378204346 -3.93222451210022 -3.60337352752686 -3.27420425415039 -3.13868641853333 -3.08738446235657 -3.10815978050232 -3.06225275993347 -3.07030177116394 -3.20435667037964 -3.3823881149292 -3.87286639213562 -4.15651845932007 -4.52288722991943 -5.13730382919312 -5.92547750473022 -7.05297565460205 -8.72066688537598 -10.9488162994385 -13.9691038131714 -18.0917377471924 -23.9553489685059 -31.7845001220703 -41.536319732666 -52.291862487793 -62.1805839538574 -68.627067565918 -69.5715560913086 -64.5157165527344 -55.2302589416504 -43.9264526367188 -33.1486854553223 -24.3531494140625 -17.7857513427734 -13.2631959915161 -10.2202434539795 -8.45558166503906 -7.15983772277832 -6.41425275802612 -6.1007080078125 -6.21598386764526 -6.60114908218384 -7.28391408920288 -8.4630298614502 -10.1977071762085 -12.522029876709 -15.3528051376343 -18.9830169677734 -23.5027484893799 -28.4527626037598
-9999 -9999 -9999 -3.50506377220154 -3.32852673530579 -3.14812445640564 -2.97061014175415 -2.92759728431702 -2.84883832931519 -2.79641127586365 -2.85476422309875 -3.08703708648682 -3.3777220249176 -3.76763844490051 -4.18513059616089 -4.58587312698364 -5.24029111862183 -6.07804727554321 -7.14997577667236 -8.50692749023438 -10.4276113510132 -13.0423831939697 -16.3987045288086 -21.0351142883301 -27.1822032928467 -35.4726600646973 -45.61865234375 -56.5600700378418 -66.3154144287109 -72.1764678955078 -72.0912322998047 -65.8498306274414 -55.3030891418457 -43.2572631835938 -32.1190948486328 -23.1751384735107 -16.6461811065674 -12.1466283798218 -9.18549346923828 -7.38596630096436 -6.35344266891479 -5.58024311065674 -5.21330595016479 -5.30392169952393 -5.36715841293335 -5.79126787185669 -6.71217155456543 -8.08085441589355 -9.73383808135986 -11.9488744735718 -14.8586454391479 -18.494047164917 -22.7211208343506
-9999 -9999 -9999 -9999 -9999 -2.8525071144104 -2.80008673667908 -2.7078709602356 -2.61933875083923 -2.71415734291077 -2.85095715522766 -3.17255878448486 -3.60401368141174 -4.14994716644287 -4.63729000091553 -5.33469820022583 -6.3360915184021 -7.51382732391357 -8.89610004425049 -10.5696411132812 -12.6620187759399 -15.6886949539185 -19.2949371337891 -24.1393203735352 -30.4507389068604 -38.7466354370117 -48.7516937255859 -59.3164710998535 -68.3884582519531 -73.3135070800781 -72.2097091674805 -65.1181945800781 -54.0480613708496 -41.8417320251465 -30.7831783294678 -22.0094814300537 -15.6404523849487 -11.3047552108765 -8.45165348052979 -6.64646196365356 -5.64671754837036 -5.00491189956665 -4.52199983596802 -4.58329629898071 -4.50577545166016 -4.73810720443726 -5.34923601150513 -6.37079095840454 -7.59954261779785 -9.26653957366943 -11.4767847061157 -14.0005226135254 -17.4918651580811
-9999 -9999 -9999 -9999 -9999 -9999 -2.6177806854248 -2.45748233795166 -2.55477905273438 -2.65463399887085 -2.96884083747864 -3.42328286170959 -4.07139015197754 -4.54736518859863 -5.33351421356201 -6.46592712402344 -7.82961416244507 -9.4029369354248 -11.1783008575439 -13.2012062072754 -15.5395498275757 -18.7459888458252 -22.4206886291504 -27.1567268371582 -33.3168716430664 -40.8644599914551 -49.9759635925293 -9999 -67.1954574584961 -70.8926086425781 -68.942626953125 -61.5537910461426 -50.7111282348633 -39.0430641174316 -28.6325511932373 -20.4244575500488 -14.4868431091309 -10.4186773300171 -7.73559093475342 -6.03190755844116 -5.05249309539795 -4.4431357383728 -4.05491971969604 -3.98464798927307 -3.86332964897156 -3.92400145530701 -4.48623704910278 -5.1265664100647 -6.02326583862305 -7.24201774597168 -8.74145698547363 -10.6523637771606 -13.1686601638794
-9999 -9999 -9999 -9999 -9999 -9999 -9999 -2.34302616119385 -2.5734691619873 -2.7136754989624 -9999 -3.69003391265869 -4.34446334838867 -5.13099718093872 -6.28845977783203 -7.82225608825684 -9.62926483154297 -11.6684808731079 -13.8732872009277 -16.2210845947266 -18.7248764038086 -21.5526447296143 -25.2948303222656 -29.4898376464844 -34.7934455871582 -9999 -9999 -9999 -62.2228546142578 -64.5785980224609 -62.0935935974121 -55.0672492980957 -45.2415618896484 -34.8601684570312 -25.6368179321289 -18.3783130645752 -13.1017265319824 -9.46474075317383 -7.0293984413147 -5.44440937042236 -4.4902606010437 -3.98865389823914 -3.67179250717163 -3.52360677719116 -3.50974535942078 -3.32421827316284 -9999 -4.20941543579102 -4.85488414764404 -5.72041368484497 -6.63433790206909 -8.08268451690674 -9.81159114837646
-9999 -9999 -9999 -9999 -9999 -9999 -9999 -9999 -9999 -9999 -9999 -9999 -4.73564434051514 -5.75278854370117 -7.313072681427 -9.2650318145752 -11.5406303405762 -14.0378875732422 -16.6288509368896 -19.1781406402588 -21.6417217254639 -24.1013431549072 -27.2383556365967 -30.4725761413574 -9999 -9999 -9999 -9999 -54.0100173950195 -55.1459579467773 -52.5213241577148 -46.427318572998 -38.2291145324707 -29.6538753509521 -22.0259227752686 -15.968921661377 -11.5292110443115 -8.42381763458252 -6.31938695907593 -4.9161114692688 -4.01107311248779 -3.52900505065918 -9999 -9999 -9999 -9999 -9999 -9999 -9999 -4.40983247756958 -5.19074821472168 -6.17441463470459 -7.32445859909058
-9999 -9999 -9999 -9999 -9999 -9999 -9999 -9999 -9999 -9999 -9999 -9999 -9999 -6.38721609115601 -8.24006938934326 -10.5505638122559 -13.2152986526489 -16.059103012085 -18.8587875366211 -21.3881397247314 -23.5507869720459 -25.4049701690674 -27.5442943572998 -29.6305961608887 -9999 -9999 -9999 -9999 -9999 -9999 -9999 -36.9671363830566 -30.6567096710205 -24.0786190032959 -18.181396484375 -13.4288492202759 -9.87594795227051 -7.35236501693726 -5.59694194793701 -4.41156959533691 -9999 -9999 -9999 -9999 -9999 -9999 -9999 -9999 -9999 -9999 -9999 -9999 -9999
-9999 -9999 -9999 -9999 -9999 -9999 -9999 -9999 -9999 -9999 -9999 -9999 -9999 -9999 -9999 -11.386302947998 -14.2359571456909 -17.1848030090332 -19.9274215698242 -22.1787490844727 -23.8157520294189 -24.9132652282715 -25.7094879150391 -9999 -9999 -9999 -9999 -9999 -9999 -9999 -9999 -9999 -9999 -9999 -9999 -10.9780750274658 -8.27518177032471 -6.30179882049561 -9999 -9999 -9999 -9999 -9999 -9999 -9999 -9999 -9999 -9999 -9999 -9999 -9999 -9999 -9999
-9999 -9999 -9999 -9999 -9999 -9999 -9999 -9999 -9999 -9999 -9999 -9999 -9999 -9999 -9999 -9999 -9999 -9999 -19.4587516784668 -21.2296009063721 -9999 -9999 -9999 -9999 -9999 -9999 -9999 -9999 -9999 -9999 -9999 -9999 -9999 -9999 -9999 -9999 -9999 -9999 -9999 -9999 -9999 -9999 -9999 -9999 -9999 -9999 -9999 -9999 -9999 -9999 -9999 -9999 -9999
-9999 -9999 -9999 -9999 -9999 -9999 -9999 -9999 -9999 -9999 -9999 -9999 -9999 -9999 -9999 -9999 -9999 -9999 -9999 -9999 -9999 -9999 -9999 -9999 -9999 -9999 -9999 -9999 -9999 -9999 -9999 -9999 -9999 -9999 -9999 -9999 -9999 -9999 -9999 -9999 -9999 -9999 -9999 -9999 -9999 -9999 -9999 -9999 -9999 -9999 -9999 -9999 -9999
-9999 -9999 -9999 -9999 -9999 -9999 -9999 -9999 -9999 -9999 -9999 -9999 -9999 -9999 -9999 -9999 -9999 -9999 -9999 -9999 -9999 -9999 -9999 -9999 -9999 -9999 -9999 -9999 -9999 -9999 -9999 -9999 -9999 -9999 -9999 -9999 -9999 -9999 -9999 -9999 -9999 -9999 -9999 -9999 -9999 -9999 -9999 -9999 -9999 -9999 -9999 -9999 -9999
