indici/fabbisogno11.asc
NCOLS 177 
NROWS 174 
XLLCORNER 1436301.375 
YLLCORNER 4916704.5 
CELLSIZE 1500 
NODATA_value -9999 
[rows 115 to 137 of 174, columns 106 to 158 of 177]
-80.9303512573242 -77.1772232055664 -72.991569519043 -68.8422317504883 -64.8785018920898 -61.5928192138672 -57.4740257263184 -54.3022422790527 -51.5200538635254 -48.6304817199707 -45.0219383239746 -41.2952690124512 -37.3651390075684 -33.2604522705078 -29.4570026397705 -25.7938041687012 -22.9773788452148 -21.2464580535889 -20.565580368042 -20.599723815918 -21.4541721343994 -23.2014598846436 -26.3883380889893 -30.9750728607178 -37.3628387451172 -45.058895111084 -53.9201393127441 -63.380126953125 -72.9091949462891 -81.3549270629883 -87.4408493041992 -89.593994140625 -87.8403472900391 -82.1836700439453 -73.4941177368164 -63.728214263916 -53.2312927246094 -43.6745986938477 -35.2739219665527 -28.7487487792969 -23.620756149292 -19.7979640960693 -9999 -9999 -9999 -9999 -9999 -9999 -9999 -9999 -9999 -9999 -9999
-82.2753601074219 -76.3661346435547 -70.4863052368164 -64.4848327636719 -58.767261505127 -54.3439674377441 -49.632682800293 -45.1200485229492 -41.7666053771973 -38.3050346374512 -35.2801742553711 -32.0464210510254 -28.9325122833252 -25.8138408660889 -22.9086761474609 -20.199535369873 -18.1340370178223 -16.9501266479492 -16.6187343597412 -16.9361877441406 -17.7801933288574 -19.4644680023193 -22.4939422607422 -27.0300140380859 -32.891056060791 -40.1233329772949 -48.8388252258301 -58.7623329162598 -68.8668670654297 -77.792236328125 -84.9686584472656 -87.9707870483398 -86.7107925415039 -81.1602325439453 -73.1627197265625 -63.5920677185059 -53.5579948425293 -44.1201934814453 -35.8554496765137 -29.5627117156982 -24.819164276123 -21.3236484527588 -18.4973278045654 -16.6832256317139 -15.3003787994385 -9999 -9999 -9999 -9999 -9999 -9999 -9999 -9999
-81.6642608642578 -73.8153381347656 -66.0172119140625 -58.4517097473145 -51.4513969421387 -46.2585182189941 -41.394416809082 -36.5999641418457 -32.750129699707 -29.8781204223633 -27.145938873291 -24.4573249816895 -21.9756317138672 -19.7163715362549 -17.494499206543 -15.7437505722046 -14.3382482528687 -13.5487070083618 -13.397518157959 -14.0306034088135 -14.9179563522339 -16.6093101501465 -19.584623336792 -23.4779586791992 -28.8599586486816 -35.7850227355957 -44.4180793762207 -54.3495063781738 -64.5122833251953 -73.6757125854492 -80.9089889526367 -84.2648239135742 -82.8461837768555 -78.0180892944336 -70.3721542358398 -61.1118278503418 -51.5734100341797 -42.6947975158691 -35.3140602111816 -29.3527088165283 -25.1857681274414 -22.1143321990967 -19.8928184509277 -18.4943771362305 -17.8681888580322 -9999 -9999 -9999 -9999 -9999 -9999 -9999 -9999
-77.9763565063477 -69.010124206543 -59.9571571350098 -51.693790435791 -44.2884101867676 -38.369270324707 -33.5785293579102 -29.4693355560303 -25.8280448913574 -22.9399337768555 -20.6849040985107 -18.5326232910156 -16.6512393951416 -15.0607900619507 -13.4680490493774 -12.322003364563 -11.4364728927612 -10.9902095794678 -11.0935306549072 -11.6873445510864 -12.5505571365356 -14.3211193084717 -16.9500141143799 -20.6477375030518 -25.6761627197266 -32.3315238952637 -40.7529258728027 -50.4423446655273 -60.395580291748 -69.3718032836914 -75.7958221435547 -79.038444519043 -78.1123123168945 -73.3565063476562 -65.8276519775391 -56.926212310791 -47.9790534973145 -39.9037704467773 -33.3545112609863 -28.3640422821045 -24.6256542205811 -21.9401111602783 -20.5181331634521 -19.9118404388428 -20.118408203125 -9999 -9999 -9999 -9999 -18.9780445098877 -17.7779159545898 -9999 -9999
-70.7549362182617 -61.6346092224121 -52.5105094909668 -44.1656646728516 -37.0104522705078 -31.1643447875977 -27.0339908599854 -23.3445339202881 -20.3935108184814 -17.8136959075928 -15.7925901412964 -14.1612415313721 -12.8219318389893 -11.5060749053955 -10.5365419387817 -9.77278995513916 -9.28769207000732 -9.1588249206543 -9.37830448150635 -9.99126815795898 -10.9439029693604 -12.592324256897 -14.9987268447876 -18.4233455657959 -23.3455848693848 -29.774923324585 -37.804801940918 -47.0429153442383 -56.6922760009766 -65.0831527709961 -71.0041427612305 -73.6442642211914 -72.8998031616211 -67.9072799682617 -60.3808555603027 -51.8471069335938 -43.5350875854492 -36.2313919067383 -30.5638065338135 -26.3291568756104 -23.3344249725342 -21.0493640899658 -20.4837646484375 -20.6319637298584 -21.5555076599121 -9999 -23.5762596130371 -23.9920558929443 -24.0239238739014 -23.5608921051025 -22.5768299102783 -21.2551193237305 -20.6139965057373
-61.0347023010254 -52.4537086486816 -44.1293601989746 -36.5972709655762 -30.1590118408203 -25.0551490783691 -21.397008895874 -18.4460582733154 -16.0302715301514 -14.100396156311 -12.3761157989502 -11.0029516220093 -10.0233583450317 -9.07936763763428 -8.43757629394531 -7.98138999938965 -7.76637125015259 -7.80242776870728 -8.16006469726562 -8.70151805877686 -9.62326431274414 -11.2260332107544 -13.5427770614624 -16.9463920593262 -21.6405334472656 -27.8369140625 -35.51513671875 -44.2125968933105 -53.5429306030273 -61.736400604248 -67.4231109619141 -69.3546524047852 -67.2363433837891 -61.8923225402832 -54.7941970825195 -46.5588264465332 -38.8525543212891 -32.2689819335938 -27.3141498565674 -23.7124519348145 -21.2287845611572 -19.6626396179199 -19.4780387878418 -20.3273220062256 -21.8423595428467 -23.6940975189209 -25.1084976196289 -26.4670314788818 -27.4631004333496 -27.7705974578857 -27.4275493621826 -26.7599868774414 -26.4572772979736
-49.9940757751465 -42.6740951538086 -35.7442207336426 -29.428243637085 -24.0753688812256 -19.783317565918 -16.6701221466064 -14.6019096374512 -12.6788215637207 -11.2059545516968 -10.0141935348511 -8.89822673797607 -8.10355186462402 -7.39910554885864 -7.00373697280884 -6.75502061843872 -6.6991605758667 -6.89807510375977 -7.24039268493652 -7.78813695907593 -8.69395542144775 -10.2491493225098 -12.5861158370972 -15.8198251724243 -20.3444347381592 -26.3791332244873 -33.9451026916504 -42.6095924377441 -51.6527366638184 -59.6667022705078 -64.6907424926758 -65.8988800048828 -62.9565811157227 -56.9423561096191 -49.1843338012695 -41.2603187561035 -34.2045364379883 -28.2765045166016 -23.9596729278564 -20.8600273132324 -18.926082611084 -17.8058967590332 -17.8883628845215 -19.0516815185547 -20.8968772888184 -22.9154357910156 -25.1922035217285 -27.4299545288086 -29.376781463623 -30.7384395599365 -31.4694385528564 -32.6706619262695 -9999
-39.2865753173828 -33.3998641967773 -27.9935264587402 -23.1036510467529 -18.9585037231445 -15.5886344909668 -13.0750408172607 -11.5889177322388 -10.2250957489014 -9.0979585647583 -8.23176956176758 -7.49922609329224 -6.63707876205444 -6.28833341598511 -6.10722255706787 -6.02247333526611 -6.09588956832886 -6.32350015640259 -6.67837333679199 -7.1966552734375 -8.19523811340332 -9.80588340759277 -12.0513715744019 -15.3462419509888 -19.9405879974365 -25.9853420257568 -33.6714973449707 -42.4009628295898 -51.1773452758789 -58.6362991333008 -62.8983383178711 -63.4454040527344 -59.6814727783203 -52.9424285888672 -44.913257598877 -36.9462661743164 -30.0237293243408 -24.6274509429932 -20.9445343017578 -18.2431507110596 -16.605978012085 -15.6988716125488 -15.8897047042847 -17.0786972045898 -18.9206314086914 -21.043514251709 -23.6299629211426 -26.5272693634033 -29.307186126709 -31.7823123931885 -34.4727821350098 -36.706356048584 -9999
-29.6792869567871 -25.3735275268555 -21.4069538116455 -17.8635635375977 -14.8179502487183 -12.3009338378906 -10.3684463500977 -9.15200996398926 -8.37424373626709 -7.592125415802 -6.95987462997437 -6.5503978729248 -5.87023448944092 -5.60498952865601 -5.54168224334717 -5.54281711578369 -5.65075969696045 -5.95532369613647 -6.31290197372437 -6.98747444152832 -8.16803073883057 -9.8141622543335 -12.2516441345215 -15.7044038772583 -20.5179653167725 -26.9072761535645 -34.8827095031738 -43.8894271850586 -52.7650604248047 -59.8964576721191 -63.4523811340332 -62.6337699890137 -57.5914115905762 -50.1700325012207 -41.6925086975098 -33.6568641662598 -26.8358421325684 -21.6491851806641 -18.1194305419922 -15.7077445983887 -14.2989387512207 -13.4948024749756 -13.6645355224609 -14.6487216949463 -16.3053779602051 -18.3483715057373 -20.9738445281982 -24.0610389709473 -27.3481159210205 -30.7547378540039 -35.1545677185059 -38.7154579162598 -42.185489654541
-22.0034008026123 -18.9468479156494 -16.1818370819092 -13.7486009597778 -11.5999574661255 -9.79927825927734 -8.38376045227051 -7.38936185836792 -6.85925436019897 -6.3895206451416 -6.13759422302246 -5.86960935592651 -5.38223123550415 -5.12045049667358 -5.05461120605469 -5.15261745452881 -5.43763065338135 -5.84683609008789 -6.31307554244995 -7.13860130310059 -8.46962451934814 -10.1828022003174 -12.7636852264404 -16.4775295257568 -21.5649070739746 -28.3206691741943 -36.6663131713867 -46.0825386047363 -55.1618118286133 -62.0214004516602 -64.9008483886719 -62.9895057678223 -56.9213485717773 -48.4175224304199 -39.3969078063965 -31.3373241424561 -24.7176284790039 -19.5934371948242 -16.1549091339111 -13.8712434768677 -12.4357166290283 -11.5180578231812 -11.578950881958 -12.3158445358276 -13.6548252105713 -15.3370695114136 -17.7494220733643 -20.682767868042 -24.077278137207 -28.8444786071777 -33.3527717590332 -38.3261260986328 -43.6458511352539
-16.2120094299316 -14.158971786499 -12.2484216690063 -10.6223974227905 -9.17092418670654 -7.92550325393677 -6.92141008377075 -6.19935369491577 -5.80370712280273 -5.6451678276062 -5.53457117080688 -5.10327577590942 -4.9288649559021 -4.76552534103394 -4.80138349533081 -5.12470197677612 -5.56925535202026 -5.86573362350464 -6.51431751251221 -7.50974178314209 -8.94721698760986 -11.0426540374756 -13.7075424194336 -17.6736431121826 -23.1803302764893 -30.5458850860596 -39.5003395080566 -49.427978515625 -58.7337608337402 -65.3580856323242 -67.4914474487305 -64.3696517944336 -57.0700302124023 -47.5862579345703 -37.8527908325195 -29.32568359375 -22.5959396362305 -17.7179069519043 -14.5136442184448 -12.3244171142578 -10.9377727508545 -10.0785522460938 -9.66035842895508 -10.1953916549683 -11.2288341522217 -12.5373153686523 -14.5599193572998 -17.1260185241699 -20.503267288208 -25.1104373931885 -30.0007858276367 -35.7874183654785 -42.3884735107422
-12.0587539672852 -10.6840744018555 -9.37830543518066 -8.29946899414062 -7.36926031112671 -6.53226947784424 -5.8435583114624 -5.37574625015259 -5.11366081237793 -5.12105846405029 -5.05705833435059 -4.78349018096924 -4.65436553955078 -4.63641452789307 -4.92036056518555 -5.41339015960693 -5.73485946655273 -6.24539804458618 -7.10955572128296 -8.31156158447266 -9.93897247314453 -12.2110910415649 -15.3172874450684 -19.5806179046631 -25.5771942138672 -33.4057540893555 -42.9927215576172 -53.584415435791 -63.1720008850098 -69.5810852050781 -70.8619613647461 -66.5219497680664 -57.8962936401367 -47.2562370300293 -36.7909965515137 -27.9541320800781 -21.1304836273193 -16.2415904998779 -12.843563079834 -10.901798248291 -9.48572540283203 -8.74744606018066 -8.23883056640625 -8.55875396728516 -9.19657516479492 -10.1208305358887 -11.720853805542 -13.8614912033081 -17.3523540496826 -21.0711803436279 -25.8099613189697 -31.7041110992432 -38.7397384643555
-9999 -8.22757339477539 -7.34379959106445 -6.63526105880737 -6.05159091949463 -5.510009765625 -5.08209037780762 -4.87724685668945 -4.70916223526001 -4.68146800994873 -4.49114513397217 -4.51325798034668 -4.68586730957031 -4.85404539108276 -5.36993265151978 -5.75791549682617 -6.28649520874023 -7.09994125366211 -8.07415294647217 -9.49248695373535 -11.5526056289673 -14.1674795150757 -17.7198390960693 -22.4198532104492 -28.9258480072021 -37.3911514282227 -47.6321830749512 -58.5560417175293 -68.1764144897461 -73.9525985717773 -74.1337051391602 -68.4167327880859 -58.586841583252 -46.9278984069824 -35.873966217041 -26.6961784362793 -19.8336124420166 -14.9788055419922 -11.7290687561035 -9.86111927032471 -8.49785804748535 -7.62419748306274 -7.23306322097778 -7.20203876495361 -7.53877258300781 -8.19539165496826 -9.43143177032471 -11.4876804351807 -14.0879154205322 -17.2820873260498 -21.4891529083252 -26.8949108123779 -32.8607330322266
-9999 -9999 -9999 -5.44666910171509 -5.09820652008057 -4.79941844940186 -4.62355327606201 -4.49224090576172 -4.34205436706543 -4.16763162612915 -4.16552591323853 -4.51788377761841 -4.86135911941528 -5.26120948791504 -5.80283451080322 -6.40250682830811 -7.28763103485107 -8.39300727844238 -9.73125839233398 -11.4164924621582 -13.8477191925049 -16.890552520752 -20.8260478973389 -26.125373840332 -32.8907127380371 -41.7979927062988 -52.4040222167969 -63.4229965209961 -72.8534164428711 -78.0586776733398 -77.1923370361328 -70.2557983398438 -59.1568641662598 -46.6641998291016 -35.1139869689941 -25.751708984375 -18.8184642791748 -13.9609546661377 -10.7317667007446 -8.7534008026123 -7.61163282394409 -6.78349590301514 -6.31741905212402 -6.40403652191162 -6.33470964431763 -6.74862718582153 -7.87224245071411 -9.49209499359131 -11.3936252593994 -13.9985284805298 -17.4885997772217 -21.9695224761963 -27.1338806152344
-9999 -9999 -9999 -9999 -9999 -4.36356019973755 -4.27873611450195 -4.16037893295288 -3.91886782646179 -4.02616596221924 -4.14315557479858 -4.57802724838257 -5.09281730651855 -5.75009107589722 -6.53177642822266 -7.46188306808472 -8.78294944763184 -10.3038005828857 -12.0590267181396 -14.1504468917847 -16.7605209350586 -20.3427505493164 -24.5592613220215 -30.0620059967041 -36.9918327331543 -45.809741973877 -56.2003135681152 -66.7799530029297 -75.4935531616211 -79.7488708496094 -77.8562164306641 -70.0236053466797 -58.3147125244141 -45.5391464233398 -33.9372787475586 -24.6517658233643 -17.8322887420654 -13.1129350662231 -9.94726848602295 -7.95229148864746 -6.91480493545532 -6.17443513870239 -5.62764644622803 -5.63625383377075 -5.56931591033936 -5.79991579055786 -6.55156850814819 -7.77734231948853 -9.25098705291748 -11.2787256240845 -14.0154609680176 -17.0681533813477 -21.5588932037354
-9999 -9999 -9999 -9999 -9999 -9999 -3.97037768363953 -3.66865515708923 -3.79064464569092 -3.82507538795471 -4.25141191482544 -4.82917022705078 -5.65429449081421 -6.40015745162964 -7.45739507675171 -8.95794868469238 -10.7732334136963 -12.8159008026123 -15.0868558883667 -17.6377906799316 -20.5216159820557 -24.3552093505859 -28.6057281494141 -33.9383163452148 -40.6668090820312 -48.5714073181152 -57.9104423522949 -9999 -74.6915054321289 -77.7277297973633 -74.9937362670898 -66.829216003418 -55.2629776000977 -42.923942565918 -31.8772640228271 -23.0893363952637 -16.6484394073486 -12.1810178756714 -9.19589614868164 -7.27293586730957 -6.19118022918701 -5.60665225982666 -5.12248039245605 -4.9857702255249 -4.89383888244629 -4.94449853897095 -5.67681121826172 -6.46485471725464 -7.58126354217529 -9.1149787902832 -11.0337266921997 -13.3734197616577 -16.668062210083
-9999 -9999 -9999 -9999 -9999 -9999 -9999 -3.46163034439087 -3.74451899528503 -3.8604884147644 -9999 -5.10460424423218 -6.07742834091187 -7.15214157104492 -8.69433212280273 -10.7453517913818 -13.145001411438 -15.8055801391602 -18.6498107910156 -21.6281890869141 -24.71071434021 -28.0434226989746 -32.3621025085449 -37.0092430114746 -42.6965370178223 -9999 -9999 -9999 -69.7997970581055 -71.516716003418 -68.2776260375977 -60.4668426513672 -49.8749885559082 -38.7560119628906 -28.850435256958 -20.9872074127197 -15.2050867080688 -11.1674165725708 -8.43513202667236 -6.64778184890747 -5.57580184936523 -5.11634254455566 -4.68624687194824 -4.48383569717407 -4.4863338470459 -4.29849863052368 -9999 -5.45388793945312 -6.2825756072998 -7.39814329147339 -8.48970699310303 -10.391227722168 -12.6984615325928
-9999 -9999 -9999 -9999 -9999 -9999 -9999 -9999 -9999 -9999 -9999 -9999 -6.51794862747192 -7.89625692367554 -9.99554061889648 -12.6170148849487 -15.6415348052979 -18.92112159729 -22.2856884002686 -25.5301055908203 -28.5534000396729 -31.4501209259033 -34.9657859802246 -38.4324798583984 -9999 -9999 -9999 -9999 -61.2740821838379 -61.8149757385254 -58.4869270324707 -51.6410903930664 -42.6855926513672 -33.3766441345215 -25.0780410766602 -18.4440116882324 -13.5238218307495 -10.0450954437256 -7.66147375106812 -6.06820917129517 -5.03573369979858 -4.51552391052246 -9999 -9999 -9999 -9999 -9999 -9999 -9999 -5.76009464263916 -6.77299022674561 -8.09185791015625 -9.64596080780029
-9999 -9999 -9999 -9999 -9999 -9999 -9999 -9999 -9999 -9999 -9999 -9999 -9999 -8.61170101165771 -11.1116981506348 -14.2273168563843 -17.7975196838379 -21.5535106658936 -25.2101917266846 -28.437198638916 -31.0880317687988 -33.2218322753906 -35.5437774658203 -37.5990447998047 -9999 -9999 -9999 -9999 -9999 -9999 -9999 -41.711498260498 -34.7145500183105 -27.4677715301514 -20.9655628204346 -15.6944561004639 -11.719612121582 -8.86060905456543 -6.8595609664917 -5.51180458068848 -9999 -9999 -9999 -9999 -9999 -9999 -9999 -9999 -9999 -9999 -9999 -9999 -9999
-9999 -9999 -9999 -9999 -9999 -9999 -9999 -9999 -9999 -9999 -9999 -9999 -9999 -9999 -9999 -15.202675819397 -19.0287246704102 -22.9649448394775 -26.5885238647461 -29.4806632995605 -31.48171043396 -32.6822967529297 -33.3614273071289 -9999 -9999 -9999 -9999 -9999 -9999 -9999 -9999 -9999 -9999 -9999 -9999 -12.992431640625 -9.93499755859375 -7.68594312667847 -9999 -9999 -9999 -9999 -9999 -9999 -9999 -9999 -9999 -9999 -9999 -9999 -9999 -9999 -9999
-9999 -9999 -9999 -9999 -9999 -9999 -9999 -9999 -9999 -9999 -9999 -9999 -9999 -9999 -9999 -9999 -9999 -9999 -25.9148216247559 -28.2285556793213 -9999 -9999 -9999 -9999 -9999 -9999 -9999 -9999 -9999 -9999 -9999 -9999 -9999 -9999 -9999 -9999 -9999 -9999 -9999 -9999 -9999 -9999 -9999 -9999 -9999 -9999 -9999 -9999 -9999 -9999 -9999 -9999 -9999
-9999 -9999 -9999 -9999 -9999 -9999 -9999 -9999 -9999 -9999 -9999 -9999 -9999 -9999 -9999 -9999 -9999 -9999 -9999 -9999 -9999 -9999 -9999 -9999 -9999 -9999 -9999 -9999 -9999 -9999 -9999 -9999 -9999 -9999 -9999 -9999 -9999 -9999 -9999 -9999 -9999 -9999 -9999 -9999 -9999 -9999 -9999 -9999 -9999 -9999 -9999 -9999 -9999
-9999 -9999 -9999 -9999 -9999 -9999 -9999 -9999 -9999 -9999 -9999 -9999 -9999 -9999 -9999 -9999 -9999 -9999 -9999 -9999 -9999 -9999 -9999 -9999 -9999 -9999 -9999 -9999 -9999 -9999 -9999 -9999 -9999 -9999 -9999 -9999 -9999 -9999 -9999 -9999 -9999 -9999 -9999 -9999 -9999 -9999 -9999 -9999 -9999 -9999 -9999 -9999 -9999
