indici/fabbisogno09.asc
NCOLS 177 
NROWS 174 
XLLCORNER 1436301.375 
YLLCORNER 4916704.5 
CELLSIZE 1500 
NODATA_value -9999 
[rows 100 to 119 of 174, columns 44 to 87 of 177]
-40.3704071044922 -42.6689865112305 -44.6867065429688 -46.1799423217773 -47.5992141723633 -48.8896484375 -48.9208755493164 -48.919075012207 -48.8144454956055 -47.839958190918 -46.4462051391602 -44.8523422241211 -42.8173629760742 -40.2299423217773 -37.6048446655273 -34.9412261962891 -32.2955032348633 -29.6877639770508 -27.1871917724609 -25.9014907836914 -24.6990814208984 -23.55517578125 -23.0986846923828 -23.3671585083008 -23.592561340332 -24.0479125976562 -25.0852844238281 -26.1569183349609 -27.1848388671875 -28.7604675292969 -30.1062347412109 -31.567463684082 -32.3699752807617 -32.9260360717773 -33.5381240844727 -34.1653778076172 -34.7583709716797 -35.4664642333984 -36.2159515380859 -37.1443649291992 -38.3578689575195 -39.4433502197266 -39.3202026367187 -39.143115234375
-38.6616165161133 -40.8580917358398 -42.8540557861328 -44.494140625 -46.0553894042969 -47.5185806274414 -47.7954879760742 -48.0034408569336 -48.1436538696289 -47.0419769287109 -45.4648910522461 -43.6506423950195 -41.2845077514648 -38.2699584960938 -35.3085464477539 -32.3980209350586 -29.7717208862305 -27.2646072387695 -24.8802169799805 -23.7286590576172 -22.7164352416992 -21.7256958007812 -21.2212295532227 -21.3545700073242 -21.4465042114258 -21.8127105712891 -22.7955032348633 -23.8058059692383 -24.8154449462891 -26.3311111450195 -27.7827255249023 -29.1479431152344 -30.0212341308594 -30.7728775024414 -31.5341354370117 -32.2914703369141 -33.047917175293 -33.9154586791992 -34.7602432250977 -35.7018768310547 -36.7905746459961 -38.0967224121094 -37.8498001098633 -37.3870513916016
-36.9325439453125 -39.0743591308594 -41.0320007324219 -42.7996658325195 -44.4496017456055 -46.0246368408203 -46.6069183349609 -47.0887985229492 -47.4702819824219 -46.2389724731445 -44.4420135498047 -42.4075714111328 -39.7338317871094 -36.2935882568359 -32.9566146850586 -29.7869644165039 -27.2550674438477 -24.8953994750977 -22.5943756103516 -21.5290008544922 -20.6898666381836 -19.8579299926758 -19.4505386352539 -19.284391784668 -19.2991195678711 -19.5841262817383 -20.520475769043 -21.4668426513672 -22.4376525878906 -23.8593444824219 -25.2800369262695 -26.7673965454102 -27.6338668823242 -28.615380859375 -29.6063522338867 -30.4685989379883 -31.4156631469727 -32.4332504272461 -33.4562103271484 -34.3611145019531 -35.4605834960937 -36.7364852905273 -36.324055480957 -35.6119201660156
-35.2774276733398 -37.2654022216797 -39.220588684082 -41.0791381835937 -42.8497940063477 -44.5734329223633 -45.426823425293 -46.1273147583008 -46.714582824707 -45.3835891723633 -43.3629669189453 -41.1071716308594 -38.1309509277344 -34.3201705932617 -30.6392471313477 -27.194319152832 -24.7910430908203 -22.5155487060547 -20.3216857910156 -19.380517578125 -18.6836303710937 -17.9881134033203 -17.5267578125 -17.232600402832 -17.1132781982422 -17.3177032470703 -18.2166412353516 -19.1029510498047 -20.0845642089844 -21.4651504516602 -22.8232315063477 -24.2781707763672 -25.5080780029297 -26.5936782836914 -27.6836563110352 -28.73828125 -29.8203643798828 -31.0000198364258 -32.1119476318359 -33.0793746948242 -34.1589859008789 -35.376545715332 -34.7767730712891 -33.7731796264648
-34.0283447265625 -35.8702331542969 -37.7618270874023 -39.6428207397461 -41.5053604125977 -43.2096817016602 -44.1640121459961 -45.0099792480469 -45.7002502441406 -44.1897750854492 -41.8573974609375 -39.3519409179687 -36.1629745483398 -32.167578125 -28.3348999023438 -24.8384689331055 -22.6723937988281 -20.6152542114258 -18.7042175292969 -17.8810729980469 -17.300439453125 -16.6815216064453 -16.3236145019531 -16.1149169921875 -15.7697296142578 -15.8625930786133 -16.6300186157227 -17.4234115600586 -18.2305709838867 -19.5387359619141 -20.9117736816406 -22.3681869506836 -23.5711608886719 -24.6565139770508 -25.8559936523437 -26.7813858032227 -27.8582214355469 -28.8598648071289 -29.8587051391602 -30.5154418945312 -31.2741592407227 -32.2132873535156 -31.6563247680664 -30.7236190795898
-32.9421142578125 -34.7067825317383 -36.5225509643555 -38.3251083374023 -40.1010070800781 -41.8379623413086 -42.9390197753906 -43.883821105957 -44.6057388305664 -42.8693832397461 -40.2547500610352 -37.473371887207 -34.1344390869141 -29.9931732177734 -26.0441452026367 -22.5247619628906 -20.6668533325195 -18.8739807128906 -17.1995849609375 -16.5585037231445 -16.0200561523437 -15.4436401367187 -15.154167175293 -14.9287094116211 -14.5327056884766 -14.5129150390625 -15.1558456420898 -15.803239440918 -16.4928970336914 -17.7499389648438 -19.0527206420898 -20.4894821166992 -21.6834533691406 -22.7996337890625 -23.978596496582 -25.0203948974609 -25.844499206543 -26.7411544799805 -27.6059295654297 -27.9758361816406 -28.4624801635742 -29.0926528930664 -28.5087478637695 -27.6685485839844
-31.8804748535156 -33.4919937133789 -35.1938262939453 -36.9786727905273 -38.7449661254883 -40.4630661010742 -41.6286880493164 -42.634440612793 -43.4610061645508 -41.5082260131836 -38.6329513549805 -35.5913070678711 -32.0453948974609 -27.883415222168 -23.8799194335937 -20.2773147583008 -18.6749954223633 -17.2106079101562 -15.7175201416016 -15.1941024780273 -14.769645690918 -14.3090545654297 -13.9768264770508 -13.7350051879883 -13.4377105712891 -13.2602798461914 -13.7472732543945 -14.2268798828125 -14.8021484375 -15.9846588134766 -17.2052886962891 -18.4297592163086 -19.7883773803711 -20.9267456054687 -22.1173797607422 -23.1241577148437 -23.7857406616211 -24.6068405151367 -25.3542266845703 -25.4721588134766 -25.6780456542969 -25.971647644043 -25.3715118408203 -24.4970916748047
-30.8649291992188 -32.39052734375 -34.0127075195312 -35.753874206543 -37.4779312133789 -39.1664886474609 -40.3231246948242 -41.2857727050781 -42.0336517333984 -39.8961761474609 -36.7017395019531 -33.4710693359375 -29.853581237793 -25.8098968505859 -21.8548110961914 -18.4235046386719 -17.1051513671875 -15.8496002197266 -14.6832122802734 -14.19765625 -13.8619064331055 -13.4998245239258 -13.1918502807617 -12.9649612426758 -12.6795822143555 -12.584587097168 -13.0349700927734 -13.4674102783203 -13.7790451049805 -14.9442855834961 -16.0885940551758 -17.2747756958008 -18.3660491943359 -19.4741180419922 -20.6123611450195 -21.6913665771484 -22.2302139282227 -22.8753799438477 -23.3782409667969 -23.3815551757812 -23.4595001220703 -23.5904266357422 -23.0606109619141 -22.4160720825195
-30.0004257202148 -31.4403091430664 -32.983723449707 -34.6783279418945 -36.3353393554687 -37.9202926635742 -38.9606857299805 -39.7770172119141 -40.3409301757812 -37.948713684082 -34.4786987304688 -31.0599624633789 -27.4788192749023 -23.7179824829102 -20.0670028686523 -16.9120407104492 -15.8410446166992 -14.8527008056641 -13.9337890625 -13.5634002685547 -13.2566680908203 -12.9796234130859 -12.7319595336914 -12.5286880493164 -12.3132339477539 -12.2819351196289 -12.6830657958984 -13.1086410522461 -13.5081497192383 -14.4753067016602 -15.5523132324219 -16.6091842651367 -17.5721969604492 -18.5950378417969 -19.5826568603516 -20.3732391357422 -20.9395156860352 -21.4165054321289 -21.7435485839844 -21.568896484375 -21.4897613525391 -21.4569686889648 -21.1788482666016 -20.7675338745117
-29.1241500854492 -30.4061798095703 -31.8812088012695 -33.5258499145508 -35.1286087036133 -36.6431900024414 -37.5836944580078 -38.3100341796875 -38.7061462402344 -36.0387268066406 -32.2863494873047 -28.6696060180664 -25.1021957397461 -21.5937637329102 -18.3170745849609 -15.4048187255859 -14.6467788696289 -13.9311386108398 -13.2375717163086 -12.904150390625 -12.6643539428711 -12.4567504882812 -12.3445190429687 -12.1758697509766 -12.0778335571289 -12.0506866455078 -12.4180221557617 -12.7723892211914 -13.127880859375 -14.0924789428711 -15.0656143188477 -16.0130401611328 -16.808317565918 -17.7122573852539 -18.5429702758789 -19.196125793457 -19.4555725097656 -19.8349105834961 -20.0813552856445 -19.742756652832 -19.5667846679687 -19.4462554931641 -19.4680267333984 -19.2180191040039
-28.0365158081055 -29.2482879638672 -30.5626358032227 -32.1793243408203 -33.751399230957 -35.2372192382812 -36.1130233764648 -36.7228805541992 -37.0397583007812 -34.1851623535156 -30.0733123779297 -26.2686920166016 -22.7865356445312 -19.6380279541016 -16.6724578857422 -14.0656021118164 -13.530322265625 -13.0116409301758 -12.5583999633789 -12.3688888549805 -12.1224029541016 -12.0842971801758 -12.0289825439453 -11.9794326782227 -11.8675476074219 -11.9122299194336 -12.2747955322266 -12.6202499389648 -12.9692047119141 -13.8521179199219 -14.767692565918 -15.6615081787109 -16.3609283447266 -17.1240997314453 -17.7820343017578 -18.2677185058594 -18.3664566040039 -18.4466812133789 -18.66611328125 -18.4474365234375 -18.1517608642578 -17.87841796875 -18.016731262207 -18.086393737793
-25.4489318847656 -26.7213882446289 -27.9423416137695 -29.5335220336914 -31.1757781982422 -32.6456237792969 -33.5630340576172 -34.268537902832 -34.6835494995117 -31.8090393066406 -27.7641754150391 -23.9258682250977 -20.6616165161133 -18.1049697875977 -15.6005935668945 -13.4467422485352 -13.1070739746094 -12.7519348144531 -12.3706329345703 -12.1622573852539 -11.9677749633789 -11.8526245117187 -11.9151336669922 -11.9483840942383 -11.9795318603516 -12.1516250610352 -12.5834014892578 -13.0274002075195 -13.4586456298828 -14.3254058837891 -15.2221099853516 -16.0780914306641 -16.7645797729492 -17.3518707275391 -17.7944198608398 -18.090754699707 -17.9956298828125 -17.9223190307617 -17.9284606933594 -17.8622756958008 -17.7115219116211 -17.5567520141602 -17.5296798706055 -17.7500045776367
-23.0274780273437 -24.111198425293 -25.2603820800781 -26.8950225830078 -28.4314682006836 -29.8966094970703 -30.9355255126953 -31.7565460205078 -32.2625198364258 -29.5139251708984 -25.4280487060547 -21.6214599609375 -18.5884765625 -16.6031600952148 -14.6924392700195 -13.028938293457 -12.8197906494141 -12.601106262207 -12.4105087280273 -12.2480499267578 -12.103385925293 -11.9906234741211 -12.027619934082 -12.104963684082 -12.2707534790039 -12.4759582519531 -13.0156677246094 -13.5775131225586 -14.0890258789062 -14.9121536254883 -15.7164596557617 -16.4807281494141 -17.0155838012695 -17.4239303588867 -17.697819519043 -17.9022094726562 -17.6482055664062 -17.407893371582 -17.1962417602539 -17.2646331787109 -17.2007858276367 -17.0923141479492 -17.2166061401367 -17.397265625
-20.6327178955078 -21.3314971923828 -22.4036422729492 -24.1230438232422 -25.5740966796875 -26.9831604003906 -28.082698059082 -29.0737319946289 -29.8107452392578 -27.1175384521484 -23.1612121582031 -19.3912139892578 -16.6517715454102 -15.2694732666016 -13.899723815918 -12.7696914672852 -12.6916732788086 -12.6135818481445 -12.5720764160156 -12.5144897460937 -12.4183990478516 -12.2951278686523 -12.2762176513672 -12.4860275268555 -12.6630279541016 -12.9296051025391 -13.5920333862305 -14.1988235473633 -14.7881896972656 -15.4647537231445 -16.2043670654297 -16.8873748779297 -17.297785949707 -17.5154327392578 -17.7717956542969 -17.840461730957 -17.4116943359375 -16.9288513183594 -16.5452514648437 -16.5292236328125 -16.6553176879883 -16.6810806274414 -16.8976440429688 -17.0138275146484
-16.8048522949219 -17.0927200317383 -17.6095657348633 -18.5787490844727 -19.6539657592773 -20.4521240234375 -21.4163650512695 -22.2852828979492 -22.6935363769531 -21.0966018676758 -18.7333969116211 -16.6088348388672 -15.06982421875 -14.213818359375 -13.4416030883789 -12.8105621337891 -12.8615097045898 -12.8808898925781 -12.8330749511719 -12.8679473876953 -12.8679443359375 -12.8905120849609 -12.7411727905273 -12.895442199707 -13.0627731323242 -13.4155334472656 -14.011376953125 -14.5388458251953 -15.1543441772461 -15.7331680297852 -16.3469116210937 -16.9573211669922 -17.2931762695312 -17.4315368652344 -17.6601257324219 -17.7150299072266 -17.2439819335937 -16.809326171875 -16.3148178100586 -16.2658081054688 -16.3070388793945 -16.3283981323242 -16.5323455810547 -16.6284088134766
-12.5900634765625 -12.5181198120117 -12.4505676269531 -12.6387588500977 -12.7760299682617 -12.9034545898437 -13.7544738769531 -14.266340637207 -14.4202346801758 -14.3470336914062 -13.8614074707031 -13.7212661743164 -13.6032455444336 -13.4312789916992 -13.3168472290039 -13.1787780761719 -13.1960327148437 -13.2265823364258 -13.2589294433594 -13.219660949707 -13.243132019043 -13.3417877197266 -13.5046173095703 -13.5155364990234 -13.5718246459961 -13.911262512207 -14.4499237060547 -14.9519256591797 -15.4102691650391 -15.9533248901367 -16.4970474243164 -17.0158935546875 -17.2592041015625 -17.3443786621094 -17.5698577880859 -17.5878341674805 -17.081315612793 -16.6236877441406 -16.0907211303711 -16.033122253418 -16.0135726928711 -15.9780639648437 -16.1232620239258 -16.3044692993164
-8.41724853515625 -8.00858459472656 -7.45631256103515 -6.90856475830078 -6.32196350097656 -5.82944183349609 -6.00252990722656 -6.1917236328125 -6.31136932373047 -7.52847747802734 -9.26029052734375 -11.3096176147461 -12.71982421875 -13.3720794677734 -13.8689331054687 -14.2197082519531 -14.1689147949219 -14.0744354248047 -14.024755859375 -13.9154098510742 -13.8981811523437 -13.8193130493164 -13.9082473754883 -14.4994430541992 -14.9009979248047 -14.4815460205078 -14.8165969848633 -15.3329177856445 -15.8132202148437 -16.2328079223633 -16.6683746337891 -17.1298538208008 -17.2884048461914 -17.3299331665039 -17.5088851928711 -17.4810317993164 -16.9523864746094 -16.4473602294922 -15.9362609863281 -15.7919509887695 -15.6887100219727 -15.6212646484375 -15.7990997314453 -15.9764938354492
-5.05213623046875 -4.44178314208984 -3.76762771606445 -2.87931823730469 -1.86018524169921 -0.979669189453119 -1.11549987792969 -1.22869415283203 -1.34112243652343 -3.39142761230468 -6.26691131591797 -9.55869598388671 -12.0236740112305 -13.4735733032227 -14.5025161743164 -15.3001602172852 -15.2147079467773 -15.0256057739258 -14.8289993286133 -14.6839691162109 -14.5519104003906 -14.3447616577148 -14.1589202880859 -14.3908279418945 -14.4877334594727 -14.6244781494141 -14.9678100585937 -15.219889831543 -15.5894577026367 -15.8653381347656 -16.3793472290039 -16.7191680908203 -16.8704498291016 -16.8647979736328 -17.0147750854492 -17.0099716186523 -16.4776000976562 -16.0285614013672 -15.5285461425781 -15.4639831542969 -15.2236724853516 -15.0956893920898 -15.1305206298828 -15.2155456542969
-2.23868637084961 -1.70398864746093 -1.17101516723633 -0.511759185791014 0.276358032226568 0.980396270751953 0.754274749755865 0.439990234375003 0.0709014892578139 -2.10372009277344 -5.03623504638671 -8.54130554199219 -11.5359985351562 -13.7282012939453 -15.2477005004883 -16.3032852172852 -16.1389923095703 -16.0048950195312 -15.6077087402344 -15.2438079833984 -14.9381439208984 -14.6094146728516 -14.4503158569336 -14.4812545776367 -14.3685684204102 -14.3762405395508 -14.6061096191406 -14.8397994995117 -15.0766937255859 -15.2834915161133 -15.7164123535156 -15.9970504760742 -16.0881134033203 -15.9892303466797 -16.2590911865234 -16.247932434082 -15.828271484375 -15.3798614501953 -14.9451858520508 -14.8673355102539 -14.7511978149414 -14.4908843994141 -14.4378890991211 -14.5396942138672
0.59271240234375 1.02459945678712 1.54269561767578 1.90776824951172 2.4839340209961 2.95625762939454 2.55298080444337 2.14443435668946 1.60829162597656 -0.656234741210938 -3.67953491210938 -7.32046203613281 -10.5606536865234 -13.2197784423828 -15.2087112426758 -16.8049896240234 -16.6354278564453 -16.3642913818359 -15.9464462280273 -15.522802734375 -15.1403564453125 -14.712060546875 -14.4695755004883 -14.3549499511719 -14.2190658569336 -14.1858673095703 -14.3465774536133 -14.3878128051758 -14.5840454101562 -14.7719467163086 -14.9718536376953 -15.194108581543 -15.3348007202148 -15.3638870239258 -15.5288513183594 -15.5285079956055 -15.2058837890625 -14.7891784667969 -14.4069931030273 -14.2380096435547 -14.1194152832031 -13.9637481689453 -13.8655700683594 -13.8632858276367
