indici/fabbisogno05.asc
NCOLS 177 
NROWS 174 
XLLCORNER 1436301.375 
YLLCORNER 4916704.5 
CELLSIZE 1500 
NODATA_value -9999 
[rows 20 to 39 of 174, columns 88 to 131 of 177]
-9999 -9999 -9999 -9999 -9999 -9999 -146.682434082031 -143.189254760742 -100.973594665527 -95.9615798950195 -89.0535537719727 -85.2347137451172 -80.5547210693359 -72.7430992126465 -66.9740951538086 -59.3791427612305 -54.9483489990234 -51.4167587280273 -44.6612350463867 -36.1183074951172 -43.2376914978027 -43.0956985473633 -41.232341003418 -33.2791351318359 -24.7670761108398 -26.2124252319336 -27.6825836181641 -28.4974807739258 -32.8436431884766 -42.4024642944336 -46.7507934570312 -47.5769790649414 -49.8246788024902 -51.568546295166 -54.7608749389648 -57.8852294921875 -59.6609764099121 -64.4775985717773 -101.195686340332 -101.835708618164 -101.923454284668 -102.008850097656 -102.343612670898 -102.914886474609
-9999 -9999 -9999 -9999 -9999 -9999 -9999 -144.138473510742 -103.698707580566 -100.105209350586 -96.017520904541 -87.829035949707 -85.4197463989258 -78.8867729187012 -71.8302703857422 -63.3718704223633 -56.9722984313965 -49.8043792724609 -47.300520324707 -43.1724319458008 -43.3468978881836 -44.7581039428711 -42.2402145385742 -36.814909362793 -25.2764862060547 -32.9231369018555 -40.7159149169922 -39.2397308349609 -31.1358673095703 -41.8159027099609 -46.8558708190918 -49.4666786193848 -51.4393844604492 -53.6435653686523 -56.3939720153809 -56.8684356689453 -60.7144882202148 -65.2491722106934 -101.544593811035 -102.418563842773 -102.72053527832 -103.048400878906 -103.323745727539 -103.519058227539
-9999 -9999 -9999 -9999 -9999 -147.006164550781 -146.897430419922 -145.151092529297 -105.202825164795 -103.41879119873 -100.03092956543 -95.4218269348144 -90.3439544677734 -83.746459197998 -75.9766883850098 -67.8661697387695 -57.3672225952148 -56.914714050293 -51.9135177612305 -47.8016716003418 -46.0549201965332 -46.6664054870606 -44.9141166687012 -38.5406707763672 -26.5384780883789 -36.8203796386719 -43.9662132263184 -44.6124786376953 -40.9419143676758 -34.4079925537109 -45.5454727172852 -48.7765281677246 -50.6059814453125 -52.4304725646973 -54.8768020629883 -55.7035507202148 -60.5028427124023 -63.7656745910645 -101.890777587891 -102.994720458984 -103.508514404297 -104.079689025879 -104.323310852051 -104.143669128418
-9999 -9999 -9999 -145.779403686523 -146.221084594727 -146.608367919922 -146.957595825195 -146.010726928711 -145.053741455078 -106.23938369751 -103.446360778809 -99.6001686096191 -94.7710304260254 -88.468514251709 -79.6869735717773 -70.9290145874023 -63.6495315551758 -61.1957153320312 -54.8970985412598 -51.206908416748 -49.9637847900391 -48.6435806274414 -46.1370895385742 -39.6444442749023 -27.3522064208984 -42.7920349121094 -46.0034698486328 -46.5598777770996 -44.8653007507324 -42.5887084960938 -39.4250213623047 -44.9491073608398 -47.8345947265625 -48.3915008544922 -51.5107864379883 -55.3158996582031 -59.704027557373 -65.4168472290039 -66.3331657409668 -102.870216369629 -103.19140625 -103.579154968262 -103.731346130371 -103.589492797852
-9999 -9999 -9999 -145.805023193359 -146.416412353516 -146.979019165039 -147.505615234375 -146.457595825195 -145.361114501953 -144.330764770508 -141.375778198242 -137.692489624023 -134.023468017578 -128.501037597656 -84.4580307006836 -77.0671112060547 -68.8271209716797 -65.6967109680176 -59.3545890808105 -53.8535285949707 -52.1918792724609 -48.9707633972168 -44.9695281982422 -36.621403503418 -29.6180038452148 -44.9921585083008 -47.0052536010742 -46.6497093200684 -46.7038017272949 -47.2713790893555 -45.8790191650391 -44.6721069335938 -45.23056640625 -52.1870056152344 -57.3360939025879 -59.0166358947754 -61.0183372497559 -64.5789749145508 -67.7204139709473 -102.420188903809 -102.407539367676 -102.492637634277 -102.569450378418 -102.657775878906
-145.954956054688 -146.033233642578 -146.03401184082 -146.121887207031 -146.73698425293 -147.39469909668 -148.08659362793 -146.932723999023 -145.687744140625 -144.509658813477 -142.065490722656 -139.115142822266 -136.186508178711 -131.548263549805 -88.9132911682129 -81.4745147705078 -75.871118927002 -69.8135452270508 -63.2049743652344 -54.9186965942383 -54.0115196228027 -51.0050834655762 -46.3562797546387 -37.802262878418 -29.1144546508789 -45.3193740844727 -47.981974029541 -48.1041213989258 -49.9624473571777 -49.5008689880371 -49.5328422546387 -48.9223869323731 -48.7406478881836 -55.1564933776855 -59.951392364502 -61.4595405578613 -62.0341567993164 -65.5588439941406 -65.2122909545898 -102.215377807617 -101.92699432373 -101.645606994629 -101.562370300293 -101.821899414062
-145.954071044922 -146.032318115234 -146.065536499023 -146.212997436523 -147.038070678711 -147.870880126953 -148.7099609375 -147.441009521484 -146.035446166992 -144.707580566406 -142.747940063477 -140.528274536133 -100.821478271484 -97.4436729431152 -92.5405586242676 -86.9423240661621 -81.3551513671875 -74.5643600463867 -66.3741622924805 -56.2589401245117 -53.8260772705078 -52.3166763305664 -48.5416152954102 -43.3284866333008 -29.1123321533203 -42.5120330810547 -47.7248954772949 -49.5153221130371 -49.3010032653809 -50.4963806152344 -50.627490234375 -51.1237976074219 -51.1467994689941 -57.6814598083496 -61.6299125671387 -66.0443778991699 -65.7351089477539 -66.1056709289551 -102.737571716309 -102.824668884277 -102.313911437988 -101.719062805176 -101.463012695312 -101.823135375977
-114.239325714111 -111.713008880615 -114.440361022949 -113.701968383789 -112.560823822021 -146.449447631836 -146.838134765625 -145.152603149414 -143.296768188477 -141.520812988281 -140.002014160156 -138.631072998047 -100.546350860596 -96.9514717102051 -93.0036651611328 -88.6309303283691 -82.9141693115234 -75.1354080200195 -63.8383575439453 -61.6833877563477 -59.7438682556152 -55.8729072570801 -50.4829399108887 -44.1504623413086 -29.7904541015625 -43.1890228271484 -50.8826400756836 -50.2592712402344 -48.1590927124023 -51.2610214233398 -55.4286651611328 -56.7542167663574 -57.1886177062988 -60.4646362304687 -65.0955368041992 -103.740501403809 -104.521263122559 -104.787353515625 -105.2685546875 -105.021408081055 -104.239303588867 -103.285339355469 -102.729515075684 -102.976722717285
-107.906255340576 -109.311409759521 -110.448673248291 -110.333638763428 -110.195485687256 -110.135693359375 -144.279876708984 -142.155410766602 -139.844451904297 -137.619674682617 -136.570693969727 -99.0876098632812 -98.6063789367676 -95.6111175537109 -93.167879486084 -90.4688003540039 -86.628239440918 -80.9643844604492 -73.2713775634766 -64.5022109985352 -63.2333801269531 -56.140259552002 -49.9375900268555 -45.4534103393555 -31.362223815918 -45.9221298217773 -51.412767791748 -49.0938629150391 -55.898486328125 -58.2164520263672 -60.8518768310547 -61.2210639953613 -63.4383842468262 -65.8572372436523 -105.198753356934 -108.036811828613 -108.425750732422 -108.187484741211 -108.110122680664 -107.446876525879 -106.315605163574 -104.99055480957 -104.111549377441 -104.232284545898
-105.388591766357 -107.337624359131 -108.408538818359 -106.957194519043 -106.242360687256 -106.610437774658 -141.76008605957 -139.245101928711 -136.515121459961 -133.840454101562 -133.221954345703 -96.3416145324707 -96.9081619262695 -93.6790557861328 -94.3494735717773 -91.9765991210938 -89.4690460205078 -84.53994140625 -73.0518829345703 -66.2765274047852 -65.1148132324219 -47.9454635620117 -40.2779037475586 -43.5825653076172 -33.6763488769531 -42.9884567260742 -49.1439498901367 -56.6511978149414 -60.418098449707 -61.6710693359375 -63.9042366027832 -66.0319831848145 -69.158073425293 -71.2721290588379 -72.4659553527832 -112.533309936523 -112.557571411133 -111.823333740234 -111.133003234863 -110.004356384277 -108.54012298584 -106.864044189453 -105.641639709473 -105.587333679199
-102.939155578613 -104.696966552734 -105.285653686523 -104.718953704834 -103.229869842529 -103.325588226318 -139.294189453125 -136.536285400391 -133.524398803711 -130.543350219727 -130.10498046875 -93.9338165283203 -94.9928344726563 -93.4469787597656 -89.3754379272461 -87.3166610717773 -81.8121780395508 -80.2383285522461 -75.3223373413086 -68.2369125366211 -69.608570098877 -53.6290191650391 -38.3501342773437 -36.6189102172852 -43.619953918457 -57.0139602661133 -61.3631690979004 -64.1461166381836 -67.632844543457 -67.7829032897949 -66.9559158325195 -72.5877021789551 -77.0937873840332 -78.0781837463379 -79.8696189880371 -83.2053085327148 -119.832572937012 -118.950355529785 -118.001792907715 -116.243675231934 -113.693092346191 -110.940971374512 -108.633285522461 -107.612236022949
-97.6822219848633 -99.3341758728027 -103.219728088379 -100.025772094727 -100.36536026001 -100.633750152588 -99.3678260803223 -134.057769775391 -130.905395507812 -127.750663757324 -127.238418579102 -128.314300537109 -92.5195602416992 -93.035391998291 -90.7381156921387 -91.4124046325684 -86.3934967041016 -79.7661361694336 -70.0047729492188 -66.0401840209961 -61.5461502075195 -46.7478393554687 -47.5532104492188 -53.547135925293 -52.5119079589844 -61.9448684692383 -68.7537368774414 -69.2743865966797 -75.0157211303711 -76.7747581481934 -77.7034523010254 -74.4017715454102 -82.1173828125 -85.9474227905274 -83.2398986816406 -90.1128570556641 -127.228149414062 -126.102661132812 -124.835662841797 -122.419761657715 -118.796531677246 -114.988922119141 -111.615592956543 -109.655281066895
-94.0058242797852 -93.5006790161133 -95.7654098510742 -99.000520324707 -98.6596687316895 -98.0408996582031 -96.9715103149414 -131.587814331055 -128.325057983398 -125.128921508789 -124.67268371582 -125.961624145508 -89.0859245300293 -91.3647857666016 -91.2397064208984 -90.6275619506836 -90.3001441955566 -84.3701850891113 -70.7943496704102 -58.5445907592773 -51.1305084228516 -51.965739440918 -65.0320297241211 -69.0078186035156 -72.5119140625 -75.7430953979492 -76.2393028259277 -78.9269111633301 -82.1522079467773 -84.9875343322754 -86.9219657897949 -87.7884033203125 -84.1198272705078 -91.2735397338867 -88.3550247192383 -96.0625366210938 -134.413391113281 -132.958618164062 -131.420745849609 -128.424118041992 -123.771682739258 -118.956962585449 -114.560455322266 -111.705116271973
-90.265259552002 -84.4529052734375 -92.7224365234375 -95.7492431640625 -95.699259185791 -95.8033615112305 -94.8375831604004 -129.354537963867 -126.113189697266 -123.052207946777 -122.624694824219 -123.932243347168 -125.079681396484 -89.3746788024902 -89.9751129150391 -89.5471221923828 -90.053800201416 -84.2954437255859 -74.4052261352539 -56.3205474853516 -56.920442199707 -66.6354736328125 -75.0033401489258 -78.0291175842285 -80.2905448913574 -82.317790222168 -81.2904357910156 -84.3687614440918 -88.3535148620605 -87.3577514648437 -93.4421447753906 -95.4954414367676 -92.431201171875 -91.3545379638672 -97.8786056518555 -101.53793258667 -139.33056640625 -137.7060546875 -136.074279785156 -133.111968994141 -128.54541015625 -123.908645629883 -119.599479675293 -116.481979370117
-72.8132019042969 -78.9821075439453 -89.6778968811035 -92.6481262207031 -94.178434753418 -94.7442970275879 -93.9777770996094 -91.4816047668457 -88.6971687316895 -123.805297851562 -122.931709289551 -123.056526184082 -122.893829345703 -123.135299682617 -87.7879287719727 -88.6288307189942 -88.900993347168 -80.774560546875 -66.918408203125 -55.0277038574219 -61.3829452514648 -73.9909072875977 -80.3542572021484 -82.7766479492188 -83.9851501464844 -85.1439758300781 -79.1288635253906 -88.820581817627 -91.606721496582 -88.717057800293 -94.7200820922852 -94.0786804199219 -93.6280746459961 -95.3070404052734 -103.228370666504 -103.609680175781 -100.573194885254 -141.187774658203 -139.665771484375 -137.107635498047 -133.189788818359 -129.220977783203 -125.39453125 -122.136360168457
-69.5903625488281 -80.6475769042969 -86.4609870910645 -89.6449127197266 -90.5408866882324 -91.4229583740234 -91.7537734985352 -86.1469924926758 -88.9480659484863 -87.4571044921875 -123.093170166016 -121.915977478027 -120.411445617676 -119.910049438477 -121.541168212891 -86.5395698547363 -86.7026664733887 -78.7603759765625 -62.0227569580078 -55.8328643798828 -65.597819519043 -77.56787109375 -85.3897453308105 -86.428018951416 -87.5746086120606 -85.7241851806641 -81.2466323852539 -87.7018615722656 -91.2510040283203 -90.1552703857422 -89.9639892578125 -90.0385986328125 -90.5986206054688 -97.3430511474609 -102.056823730469 -102.854887390137 -103.012759399414 -144.707626342773 -143.249328613281 -141.024765014648 -137.709579467773 -134.388381958008 -131.067642211914 -127.657936096191
-73.3217216491699 -78.2593124389649 -81.5568222045898 -85.9048614501953 -88.2283569335937 -89.6346145629883 -91.2480255126953 -84.6804733276367 -89.2760551452637 -88.0550956726074 -123.112403869629 -120.529403686523 -117.666763305664 -116.357368469238 -78.8164169311523 -82.3137969970703 -82.3149993896484 -68.3971054077148 -58.8498062133789 -58.6781204223633 -70.3038558959961 -83.1800338745117 -86.1913970947266 -90.6656013488769 -89.6834823608398 -88.3561141967774 -80.7632965087891 -82.6272659301758 -83.9147888183594 -84.6524200439453 -87.1400466918945 -94.3378768920898 -97.7163619995117 -99.3650238037109 -103.781307983398 -108.393447875977 -109.621049499512 -147.287857055664 -145.942611694336 -144.0302734375 -141.217086791992 -138.434555053711 -135.577407836914 -132.155410766602
-68.3478363037109 -72.7803833007813 -80.4314727783203 -84.8508888244629 -87.3840560913086 -88.8124641418457 -90.7881645202637 -83.6459579467773 -89.4718574523926 -88.2843818664551 -122.874168395996 -119.734352111816 -116.389686584473 -57.638786315918 -69.1641494750977 -69.9549545288086 -67.6755340576172 -61.773957824707 -61.2462966918945 -69.1380874633789 -80.3711013793945 -86.0334037780762 -80.5894989013672 -86.2465454101562 -82.709733581543 -75.460710144043 -75.9508880615234 -86.6327896118164 -91.5481063842773 -95.2687362670898 -90.5858184814453 -98.26044921875 -103.436212158203 -106.948425292969 -102.837573242188 -111.452877044678 -148.36457824707 -147.573883056641 -146.667144775391 -145.237594604492 -142.900894165039 -140.635162353516 -138.298889160156 -135.211013793945
-69.2173233032227 -65.4101669311523 -79.2592529296875 -83.903475189209 -86.3007499694824 -88.5754013061523 -89.3365356445313 -89.0046661376953 -89.6548385620117 -88.4130172729492 -85.7663475036621 -81.9981903076172 -75.1163513183594 -62.1042114257813 -58.1038482666016 -60.2223907470703 -63.9748870849609 -65.4709442138672 -69.4949249267578 -80.4206466674805 -85.5766891479492 -85.5404571533203 -77.2903717041016 -74.3063552856445 -69.0065017700195 -78.2164215087891 -87.0324493408203 -86.2937561035156 -96.6589416503906 -99.3741088867187 -96.0662902832031 -100.447100830078 -105.317990112305 -106.926480102539 -106.791204833984 -110.355625915527 -147.98974609375 -147.681732177734 -147.250061035156 -146.339111328125 -144.518905639648 -142.769775390625 -140.94938659668 -138.181533813477
-56.5770126342773 -67.3452590942383 -77.0292854309082 -82.8528007507324 -83.2625396728516 -88.2747932434082 -81.6215362548828 -85.4627517700195 -90.0256965637207 -84.407844543457 -84.1024635314942 -70.5081802368164 -63.7633010864258 -54.7024047851563 -57.0887725830078 -60.7749893188477 -70.3441940307617 -69.2596206665039 -83.3730712890625 -87.2612800598145 -86.5568115234375 -82.5431488037109 -70.933805847168 -69.1641632080078 -65.6119552612305 -78.4344772338867 -88.4376846313477 -87.1461196899414 -99.4665130615234 -102.648424530029 -102.117380523682 -100.101023864746 -105.287677001953 -106.152674102783 -108.168456268311 -146.622299194336 -147.505599975586 -147.675476074219 -147.744812011719 -147.375411987305 -146.076461791992 -144.802612304688 -143.432006835938 -140.891677856445
