indici/fabbisogno_annuo.asc
NCOLS 177 
NROWS 174 
XLLCORNER 1436301.375 
YLLCORNER 4916704.5 
CELLSIZE 1500 
NODATA_value -9999 
[rows 96 to 119 of 174, columns 54 to 107 of 177]
37.0040845870972 50.8372116088867 61.0517845153809 68.5880136489868 73.4594669342041 76.2799673080444 79.4979915618896 81.8734216690063 81.7276816368103 79.1242656707764 77.6243118047714 76.2264823913574 75.2367362976074 77.3277282714844 80.9046063423157 87.4745798110962 102.151864051819 123.713104248047 150.053821563721 177.643637657166 203.907147228718 226.045260429382 244.592216491699 259.281995773315 271.25001335144 278.808164596558 281.922859191895 280.331642150879 274.719171524048 265.360412597656 251.943872451782 235.411952972412 211.328446388245 181.398043870926 150.737837791443 122.560287475586 97.1421217918396 74.4565420150757 59.789719581604 52.2571454048157 49.2228560447693 51.822478055954 54.784562587738 62.8112239837646 74.7730646133423 89.8101415634155 107.987811088562 127.714212417603 145.396769523621 163.05633354187 183.650741100311 204.231950044632 225.970818519592 249.262438774109
70.4349155426025 81.2725076675415 89.699634552002 95.3877651691437 98.6038074493408 100.850397109985 102.327313601971 100.016495883465 96.6962078101933 91.0186233520508 86.2404457032681 82.1409381628036 80.4116283655167 81.5978627204895 81.6137609481812 86.6029958724976 98.7596855163574 116.789037704468 139.061013221741 162.547484397888 185.038013935089 204.764334857464 221.517784118652 235.102774620056 247.307218551636 253.951848983765 257.007556915283 255.511920928955 249.544288635254 241.451142311096 229.361428260803 213.844142913818 193.926776409149 169.586665153503 143.79298210144 120.996673583984 100.86661863327 81.9326314926147 69.220118522644 61.1368637084961 55.2748041152954 53.0907006263733 54.68368268013 59.215735912323 66.9596028327942 82.2519378662109 100.866324424744 121.757514953613 143.128043174744 166.319297790527 189.694738030434 213.559059619904 239.122174263 265.156723022461
103.321565240622 111.717840194702 114.493250608444 117.296243190765 120.15961766243 121.723398685455 119.492214918137 113.749800920486 106.697082042694 99.0514720678329 91.0533173084259 86.3794635534286 84.1713645458221 83.8339569568634 84.591299533844 88.7369894981384 98.2073493003845 113.382021903992 130.66323184967 148.715783119202 166.279234886169 182.341292858124 196.043300628662 209.751042842865 219.119811058044 224.750001907349 228.077862739563 228.330204963684 223.347747802734 217.125599861145 207.488105297089 194.095324039459 179.607078909874 160.365284442902 140.458087921143 123.124073028564 107.098821640015 92.4944171905518 82.1977519989014 74.7315359115601 68.703136920929 64.6930823326111 64.399151802063 63.6959073543549 69.3728194236755 80.5733799934387 95.9162073135376 114.560438156128 137.208589553833 163.128429412842 191.45586168766 219.590837478638 247.717510223389 274.437965393066
127.572968482971 132.467490196228 134.484086036682 135.424983978271 136.151537895203 133.965520381927 128.814923286438 121.581536769867 113.170335769653 104.882580280304 96.3687109947205 90.656379699707 87.6558582782745 85.3740887641907 85.4918937683105 91.4509882926941 100.042384147644 111.854600906372 124.036877632141 137.190103530884 149.416556358337 160.646688461304 172.284937858582 182.154435634613 189.344915747643 194.958298504353 199.409905195236 201.772121429443 199.47686123848 196.08532333374 190.110979557037 181.232901751995 172.565076351166 158.67404127121 144.178112983704 132.850732803345 121.000771522522 109.426675796509 101.547972679138 95.7998790740967 89.8511037826538 83.6967058181763 81.3684587478638 77.8347272872925 78.6122336387634 83.8445882797241 93.757716178894 108.838547706604 130.280095100403 157.949502944946 187.674211978912 219.276360034943 251.016464233398 279.594659805298
146.19226360321 146.800023078918 147.071466445923 146.969636917114 145.131258010864 140.858428001404 133.155750274658 125.270741462708 117.328766822815 108.540232181549 100.201997756958 90.9485855102539 87.7114386558533 85.8431725502014 87.4704842567444 92.4482707977295 101.10218334198 109.848696708679 118.171979904175 127.018211364746 135.166258811951 143.825108528137 151.399349212646 157.658784866333 163.733607292175 169.783319950104 175.947147846222 181.042082309723 183.045200705528 183.160292446613 181.917465209961 178.487474441528 174.162487745285 165.515848636627 157.521055221558 149.26655960083 140.836799621582 134.923650741577 126.858957290649 120.893166542053 114.446009635925 108.26646232605 102.909556388855 97.1908273696899 93.2248334884644 92.2230539321899 95.9787216186523 107.076371192932 126.325584411621 153.663365364075 184.654178142548 217.977935791016 250.746904373169 280.371309280396
157.140451431274 154.713616371155 152.064403533936 149.285219192505 146.43549823761 141.796974182129 135.456557273865 127.383175849915 118.338536739349 108.285586833954 98.2331268787384 90.8144023418427 86.3861408233643 85.990093588829 88.6561894416809 93.9292061328888 100.143713474274 107.940165519714 112.919422149658 118.756644248962 126.178465843201 131.615467071533 135.1598777771 139.975316047668 145.707649230957 153.233941078186 161.753485679626 170.328234672546 177.312292575836 180.778738379478 184.553171157837 185.238126397133 184.472195386887 181.533070325851 176.74484539032 170.351182937622 164.391849517822 159.964352607727 154.926483154297 147.755767822266 141.568452835083 134.964160919189 126.689117431641 118.435024261475 111.159452438354 106.247333526611 106.249934196472 113.58401966095 130.257774353027 153.291656494141 183.225590229034 216.129890441895 248.853265762329 278.300395965576
161.914888381958 156.149891853333 150.688812255859 146.844608306885 144.024056434631 139.702152252197 134.015554428101 125.80029296875 115.841825485229 106.476641178131 96.2078824043274 89.2892372012138 86.6274890899658 86.5590167939663 89.1424316167831 93.0747044086456 99.2497687339783 107.175741195679 112.174283981323 116.773544311523 120.392152786255 123.275461196899 127.5560131073 131.95484161377 138.50058555603 147.937429428101 158.95924949646 170.793382167816 181.926850795746 189.341802954674 195.730010986328 200.259658813477 202.109305620193 202.554942369461 199.417605996132 193.537403583527 188.01896572113 182.979500770569 178.588924407959 173.207752227783 166.360982894897 160.014221191406 150.950302124023 141.437601089478 132.151741027832 125.686965942383 124.426448822021 126.824071884155 138.724702835083 158.461116790771 185.965288162231 217.07958650589 247.735294342041 275.538261413574
163.217447280884 153.681041717529 146.189538955688 141.253455162048 138.22231388092 134.409653663635 129.699185371399 122.187088012695 112.598234176636 103.270235538483 94.3624988794327 88.5497894287109 86.7902225255966 88.3331916928291 90.5854465514421 94.5249652862549 99.9443943500519 106.205167770386 110.014894485474 113.851408481598 116.944935798645 121.295582771301 126.253458023071 132.895848274231 141.812265396118 153.574768066406 166.957505226135 181.103765964508 194.913060367107 205.053747177124 213.284964084625 219.657469272614 223.395943164825 224.249257087708 220.92024564743 215.754508256912 207.461272001266 201.124521255493 195.530272483826 189.54342508316 184.53183555603 180.142328262329 171.168841362 163.542165756226 155.621145248413 148.697427749634 143.717622756958 144.796209335327 154.024629592896 171.188556194305 194.52884368971 221.598547935486 248.067584037781 270.969923019409
162.015449523926 150.165144920349 141.991765975952 136.651475906372 133.742274284363 129.602291107178 125.674850463867 119.559266090393 110.347641468048 101.441038131714 92.6961025297642 86.4624850749969 84.9974646568298 86.4062736034393 89.4048805236816 92.0254932641983 96.8006511926651 102.933668851852 108.564812660217 114.164932727814 118.296110153198 123.439746856689 131.586410522461 141.807729721069 152.633543968201 167.097055435181 181.529339313507 197.380108237267 212.214244365692 224.798461914062 233.915393829346 240.064015388489 243.734705924988 243.620923042297 237.931331634521 231.119734287262 224.341146945953 217.031480789185 208.426800489426 202.424176216125 197.296122074127 191.857091903687 185.093658447266 179.57005405426 174.344449043274 168.621270179749 165.748275756836 167.531648635864 175.692075252533 189.158998966217 207.681027173996 228.439725875854 247.47299861908 266.320362091064
161.098889350891 148.934671401978 140.155660629272 135.480995178223 132.214617729187 128.473706245422 124.456189632416 118.806628227234 110.204364776611 101.407343268394 93.1261593103409 86.8212599754333 83.7455158233643 83.7929701805115 86.9079871177673 90.3164591789246 95.4813060760498 102.371435523033 108.359983444214 115.485162734985 122.392460346222 130.929957389832 141.343578338623 152.071331977844 166.268061637878 181.744114398956 198.568610787392 214.743887424469 229.900713920593 242.827295303345 252.84158039093 258.409780502319 261.71679019928 257.763397216797 251.935911178589 243.924715042114 234.893786430359 225.685666561127 218.034542858601 211.772943496704 205.979687690735 201.080838680267 195.430990695953 191.018085002899 188.008422374725 187.437207221985 187.77615737915 191.219784736633 198.671276807785 209.101404190063 222.017441749573 235.781061172485 248.71791934967 261.726245880127
160.66348361969 149.656300544739 142.327338218689 137.381498336792 134.609945297241 131.390716552734 126.658899307251 120.048211574554 111.538125514984 103.09503442049 94.4151172637939 87.1814544200897 83.0382509231567 81.0601720809937 83.6200933456421 87.8748385906219 94.1983063220978 103.949141693301 111.014768958092 118.97074174881 128.34107875824 139.833967208862 151.020859718323 164.355667114258 179.826033592224 195.658437252045 212.936045885086 229.338465690613 245.33873462677 257.927308082581 267.176628112793 273.79857635498 274.887702941895 270.205697059631 263.255170822144 253.637391090393 242.178589344025 231.443450212479 221.972064211965 214.73343205452 209.250566959381 205.237143516541 201.696805477142 199.809177875519 200.115931034088 202.370577335358 207.340274453163 212.987450003624 219.895996570587 228.084691047668 235.899178504944 243.273824691772 250.543363571167 256.822454452515
160.791263580322 152.621674537659 147.505365371704 143.257069587708 141.156710624695 138.274160385132 131.959670066833 122.960742473602 113.756490707397 106.009262442589 95.9515873193741 87.3313961029053 81.803249835968 79.7778100967407 81.4898991584778 86.6655311584473 93.2788059711456 103.492798626423 114.088855743408 123.759554624557 134.585300922394 148.269412994385 161.180209159851 176.068614959717 191.468846321106 207.284379184246 224.116545915604 240.283443927765 256.015058517456 269.165773391724 278.370574951172 283.485391616821 282.581935882568 278.353151321411 270.81033039093 260.273949623108 247.204394817352 233.677683353424 221.487388968468 211.536358594894 205.591071128845 203.286440372467 203.877487659454 205.333781480789 209.160671234131 214.127582162619 222.057639360428 229.582301139832 237.152808189392 243.296773910522 246.759079933167 249.931389808655 251.580392837524 252.216520309448
160.413687705994 155.883550643921 154.072425842285 151.563530921936 150.310770988464 147.172771453857 139.949530601501 130.411406040192 119.76065158844 109.802223205566 98.3927402496338 89.3750424385071 82.8855619430542 80.7738270759583 82.7491898536682 88.3857798576355 96.8606963157654 105.490974068642 115.707632422447 128.104811429977 142.112521648407 155.665846824646 169.406969070435 184.262311935425 199.613385677338 215.574958443642 231.196953773499 247.104226112366 262.738417625427 275.757987976074 285.078329086304 288.907709121704 287.028480529785 282.555046081543 274.253305435181 262.104158401489 247.650547504425 232.232498168945 218.117952823639 207.592144012451 202.032689094543 200.498747348785 203.920585632324 208.848170757294 214.683653265238 221.844853878021 231.009823799133 240.690680503845 248.223213195801 253.718858718872 255.125625610352 254.740213394165 252.804189682007 249.819890975952
158.396842956543 159.233185768127 161.027860641479 161.845365524292 161.912916183472 159.341035842896 152.730562210083 141.833131790161 131.865459442139 117.375155925751 104.505167365074 94.4846156835556 86.559449672699 83.9346799850464 85.2541041374207 92.280326128006 98.9368095397949 109.124297320843 119.603789567947 132.276518821716 146.640025615692 161.365635871887 175.090023040771 188.835742950439 203.716445446014 219.369278669357 234.989120006561 250.087707519531 264.785568237305 277.856838226318 286.710124969482 289.967353820801 287.462089538574 283.119728088379 274.191531181335 261.176545143127 245.358478546143 228.400783926249 212.917078971863 200.664422035217 194.410675048828 192.907804489136 196.61526966095 203.902283430099 213.357928082347 223.918307065964 234.748713493347 245.971697807312 253.756254196167 258.894574165344 260.117782592773 259.232315063477 255.097331047058 247.424747467041
158.229469299316 162.808923721313 169.667999744415 174.392066955566 176.467210292816 174.71372461319 169.280982017517 161.202192306519 147.899807929993 131.092933654785 116.765480995178 105.388837814331 97.3308635726571 94.9709552526474 94.7803863286972 99.6808468103409 106.5123462677 115.704914808273 125.929713487625 140.219134807587 152.525371551514 164.71417427063 176.926267623901 189.203137874603 202.834632396698 217.072647869587 232.638072490692 247.92355632782 261.83247756958 274.283330917358 283.699775695801 287.526453018188 285.621616363525 280.726593017578 271.601919174194 258.252969741821 241.65252995491 223.825533270836 207.101504325867 193.812364578247 185.81431388855 183.150917053223 185.922038078308 193.005227088928 203.805500745773 216.360475540161 231.097142219543 245.499672889709 255.080255508423 261.46314907074 261.878294944763 260.314061164856 255.332635879517 245.612819671631
161.146139144897 170.828829288483 180.564358711243 189.673311591148 196.003038793802 196.974736779928 192.658297777176 183.107832431793 169.713150978088 153.368856430054 138.486164093018 125.783720493317 116.141655921936 109.321374177933 107.21920633316 110.54460477829 117.109175920486 126.631766080856 135.415060997009 145.946303367615 157.771289825439 167.340809822083 175.527281761169 186.268030643463 197.448165416718 210.915473222733 225.441950559616 240.57646894455 254.676051139832 267.066564559937 277.00918006897 281.829299926758 281.662003517151 276.512914657593 267.521897315979 254.035182952881 236.954492092133 218.339637756348 201.14656162262 186.940782546997 176.485395431519 170.95529460907 171.8503074646 178.17924785614 189.05427980423 202.983333587646 220.359425783157 235.155719280243 248.007960319519 257.449664115906 259.87677192688 259.056450843811 253.493114471436 245.849355697632
170.278420448303 186.279231309891 201.351626992226 211.621787309647 220.558733463287 223.204527854919 219.326848506927 210.770466327667 196.39492380619 180.553087711334 165.027101516724 150.564912796021 138.453315734863 129.511201858521 125.572035312653 126.333732128143 131.509238243103 139.054112911224 146.025366306305 154.555034637451 162.948521614075 170.019161224365 175.666260719299 182.644131660461 192.469324111938 202.881893873215 215.894979119301 230.721305847168 245.492896556854 258.327418327332 269.194540023804 275.143922805786 275.930958747864 270.711133956909 262.308448791504 249.388866424561 233.265900790691 215.091673374176 197.058572769165 180.350966453552 166.590105056763 158.08869934082 155.683731079102 159.431079864502 169.904850959778 185.595651626587 204.7254550457 221.904368877411 236.819941043854 247.700814247131 252.963397026062 252.877849578857 251.225885391235 245.731813430786
183.621201992035 202.942113876343 221.727504730225 235.015452384949 244.910586357117 249.610991477966 248.141372680664 240.293828964233 227.64818239212 212.9029109478 196.444645643234 180.269368648529 166.799968719482 156.997676849365 150.174521446228 147.863997459412 149.949185371399 155.323921203613 160.478427886963 166.814919471741 171.497753143311 176.820231437683 178.644726753235 182.612056732178 186.49803352356 193.367852210999 204.496458530426 219.190074160695 234.835092544556 249.625021457672 261.359729766846 268.364912986755 268.835200309753 265.658014297485 258.173758506775 246.620293140411 231.377257525921 213.84123468399 195.349663734436 176.214453697205 158.790160179138 146.686030864716 140.519339561462 141.757250785828 150.644793510437 167.273110389709 185.980256080627 205.322296142578 222.114564538002 234.508416414261 242.934876918793 245.589062690735 246.014129638672 244.018372058868
203.361939668655 225.407503128052 245.212547302246 260.309516906738 270.713773727417 277.294528961182 277.299728393555 270.565895080566 260.473178863525 246.592027664185 230.254816055298 212.577008485794 199.288307189941 188.711807250977 181.23997592926 175.100653648376 175.258850097656 178.646558761597 181.610114097595 185.398585796356 186.784662246704 186.765122413635 185.300186634064 183.776183605194 183.385588169098 186.485740661621 195.357978343964 208.515025377274 224.98625600338 241.358781337738 254.533049583435 262.740808486938 264.720164299011 263.58011341095 257.123520851135 246.176842689514 231.8498493433 214.944972276688 195.679780006409 175.011433601379 155.139003753662 139.327948570251 129.366116762161 127.646021366119 135.757749080658 150.086601257324 168.140947341919 186.802206993103 204.224249362946 219.816480636597 231.989356994629 238.215095043182 241.029051780701 243.197572231293
228.513505935669 251.629227638245 271.441743850708 286.254346847534 296.287340164185 303.319732666016 303.729135513306 299.239799499512 291.102945327759 279.651081085205 265.086164474487 248.301268577576 233.221548080444 223.224836826324 214.981154203415 209.330578565598 207.179930865765 207.242381691933 208.098766684532 207.984293699265 204.576438140124 200.475468873978 195.8128657341 189.913724899292 185.368763923645 185.26122045517 191.3195271492 202.996473789215 220.22533339262 237.50009059906 251.453858375549 260.700252532959 264.480712890625 263.946714401245 260.250393867493 250.057604789734 236.277292728424 219.74154818058 199.789932250977 178.460286140442 157.208878517151 138.652400016785 124.705601930618 120.956766322255 124.315658569336 135.740648269653 151.347079277039 169.224487304688 187.940276145935 204.778948307037 218.352795362473 229.824849702418 236.50651049614 243.307001590729
257.247434616089 278.429033279419 296.964094161987 310.666543960571 320.175506591797 326.748809814453 327.111869812012 324.746288299561 318.390815734863 309.600538253784 297.719202041626 284.598091125488 272.259876251221 257.692662239075 246.839733123779 244.974637985229 242.189581871033 239.992423057556 238.432884216309 233.982275009155 227.310928821564 220.068991661072 212.589196443558 203.463005065918 195.241250395775 192.033678770065 195.561744213104 206.886101529002 222.81976556778 240.271363735199 255.0121717453 264.921571731567 270.057703971863 271.0016040802 268.387706756592 260.255489349365 247.13081407547 231.88782954216 210.652535915375 189.645538330078 167.733452796936 147.149987220764 130.799942731857 120.923246955499 121.237864300609 129.620737075806 141.504481315613 158.004994392395 174.52661895752 191.356121063232 206.870014667511 220.79953455925 233.49677926302 246.130415439606
285.83745765686 304.030088424683 320.007202148438 331.508388519287 339.957149505615 345.953540802002 346.549945831299 345.952213287354 341.6005859375 334.813735961914 325.968940734863 316.87420463562 307.455820083618 296.266235351562 287.715278625488 281.164165496826 276.395887374878 273.758146286011 269.923034667969 264.733554840088 254.904335021973 245.92453956604 236.122973442078 224.078345298767 213.348990440369 207.760280609131 210.136690616608 219.6448097229 233.834554672241 250.128888130188 265.405039787292 276.283924102783 282.902589797974 284.690759658813 283.145065307617 275.546145439148 264.333555221558 248.114139556885 229.332508802414 208.32496380806 185.412819385529 163.437567710876 144.258606910706 131.937396526337 129.350896239281 133.437149524689 141.932423591614 155.270037651062 169.123847007751 183.852222442627 200.313466072083 216.293798923492 232.706204980612 250.897668838501
311.997159957886 327.229797363281 340.028163909912 348.928775787354 355.623523712158 361.906764984131 363.029052734375 362.028968811035 360.066387176514 356.371368408203 350.533443450928 343.822177886963 335.45140838623 326.763671875 320.443264007568 315.14469909668 310.01745223999 305.760229110718 300.805522918701 293.945735931396 284.288450241089 273.364374160767 262.516965866089 249.649057388306 237.347993850708 231.401803016663 232.771957397461 240.364566802979 253.462563514709 268.895250320435 282.455516815186 293.251749038696 300.738248825073 302.365407943726 301.753057479858 295.425662994385 286.100051879883 271.214542388916 253.686180114746 232.666424751282 210.828250110149 187.36381816864 166.891661643982 154.21917963028 149.663542747498 149.282768249512 154.857613563538 163.939872741699 174.806297302246 187.098795890808 202.92555141449 220.044239997864 238.85467004776 259.90954208374
333.256671905518 345.497287750244 355.695667266846 363.46545791626 368.801574707031 373.275928497314 374.638023376465 375.283828735352 374.303047180176 371.626377105713 367.938331604004 362.914039611816 357.292289733887 351.581043243408 346.741077423096 342.496829986572 338.506362915039 334.294628143311 328.23360824585 321.204025268555 312.329837799072 301.827587127686 290.301536560059 276.903717041016 265.732671737671 259.650592803955 259.62184715271 266.645433425903 278.698768615723 293.243431091309 305.273414611816 314.338718414307 321.139755249023 323.954954147339 323.56455039978 317.933639526367 310.221477508545 297.282228469849 279.998191833496 261.888279914856 241.232657432556 219.751893997192 200.118427753448 187.192629337311 180.285376548767 176.989745140076 179.05317401886 184.605409622192 192.722043991089 202.729204177856 217.352090358734 234.726752877235 254.346069335938 276.57004070282
