indici/fabbisogno01.asc
NCOLS 177 
NROWS 174 
XLLCORNER 1436301.375 
YLLCORNER 4916704.5 
CELLSIZE 1500 
NODATA_value -9999 
[rows 40 to 59 of 174, columns 132 to 175 of 177]
-90.311653137207 -91.8380355834961 -91.6505508422852 -91.0960006713867 -90.5607681274414 -89.7817459106445 -88.8050384521484 -87.8234176635742 -86.8652267456055 -85.9546356201172 -85.0293426513672 -84.1593170166016 -84.0873107910156 -84.0091018676758 -83.9245986938477 -84.0568771362305 -84.2414932250977 -84.4355087280273 -83.5484924316406 -81.8824615478516 -80.1936492919922 -77.6903228759766 -73.6683959960938 -69.6616821289062 -65.8199768066406 -63.397144317627 -60.9788093566895 -58.5650329589844 -57.0411148071289 -55.6782035827637 -54.3194122314453 -53.7403221130371 -53.6858520507812 -53.647346496582 -54.1379661560059 -55.5825843811035 -57.0570335388184 -58.8985328674316 -63.5442924499512 -68.2395629882812 -72.9849090576172 -79.3982009887695 -86.0194091796875 -92.5796051025391
-92.0318908691406 -93.1429214477539 -93.2441024780273 -93.1024475097656 -92.9800796508789 -92.3342361450195 -91.2404556274414 -90.1417694091797 -89.005615234375 -87.7830200195312 -86.5457458496094 -85.3521270751953 -85.1509170532227 -84.9435119628906 -84.7298202514648 -84.9729232788086 -85.333366394043 -85.7031936645508 -84.700325012207 -82.6048278808594 -80.4865798950195 -77.8386688232422 -74.0917892456055 -70.3600921630859 -66.7363052368164 -64.3889389038086 -62.0460662841797 -59.7077445983887 -58.2211532592773 -56.9236640930176 -55.6302947998047 -55.190242767334 -55.3955955505371 -55.6168975830078 -56.3940505981445 -58.3144721984863 -60.2646980285645 -62.5085754394531 -67.925895690918 -73.3926620483398 -78.9094467163086 -84.5979919433594 -90.2606658935547 -95.8624114990234
-93.7704544067383 -94.4663391113281 -94.8190536499023 -95.090087890625 -95.3803939819336 -94.8921737670898 -93.6813812255859 -92.4656829833984 -91.1609802246094 -89.6265335083008 -88.0731658935547 -86.5067443847656 -86.1411972045898 -85.7741165161133 -85.4054565429688 -85.6651916503906 -86.0853652954102 -86.4898986816406 -85.3466033935547 -82.8754501342773 -80.4089050292969 -77.6504516601562 -74.1729431152344 -70.7147216796875 -67.3202209472656 -64.9903945922852 -62.6601333618164 -60.3294448852539 -58.9331207275391 -57.7981910705566 -56.6814231872559 -56.4180030822754 -56.8713073730469 -57.3403511047363 -58.3985862731934 -60.8536949157715 -63.3446578979492 -66.0100784301758 -71.5231018066406 -77.0315322875977 -82.5353164672852 -87.4916458129883 -92.2648315429688 -96.9875335693359
-94.2887878417969 -95.0575714111328 -95.4582672119141 -95.7315063476562 -96.0027084350586 -95.585205078125 -94.4912033081055 -93.4065170288086 -92.1017608642578 -90.1124572753906 -88.1026229858398 -86.0814666748047 -85.6872482299805 -85.2914962768555 -84.8941802978516 -84.9017791748047 -85.0256118774414 -85.1338272094727 -83.9675064086914 -81.5886459350586 -79.2143936157227 -76.6445922851562 -73.521598815918 -70.4178619384766 -67.3427200317383 -65.0053253173828 -62.6674995422363 -60.3292465209961 -59.133674621582 -58.3080978393555 -57.5006637573242 -57.4748802185059 -58.1861343383789 -58.9131088256836 -60.2547874450684 -63.2855186462402 -66.3520584106445 -69.4905090332031 -74.9170608520508 -80.3390426635742 -85.7563705444336 -90.110595703125 -94.0963287353516 -98.0316390991211
-94.4304733276367 -95.4443893432617 -95.8893432617188 -96.1158294677734 -96.3402938842773 -96.0234146118164 -95.1244888305664 -94.2348785400391 -93.0040283203125 -90.5887298583984 -88.1529159545898 -85.6962966918945 -85.2347259521484 -84.8103179931641 -84.3843536376953 -84.1535873413086 -83.9812316894531 -83.7932662963867 -82.5835189819336 -80.2969055175781 -78.014892578125 -75.6194610595703 -72.8508071899414 -70.1013870239258 -67.3714752197266 -65.0206680297852 -62.6752815246582 -60.3294677734375 -59.3163604736328 -58.7999877929688 -58.3017311096191 -58.516487121582 -59.4855651855469 -60.4703521728516 -62.0760803222656 -65.6821517944336 -69.3239822387695 -73.0020065307617 -78.3164901733398 -83.6520462036133 -88.9829711914062 -92.7800750732422 -95.9787292480469 -99.1270294189453
-94.5613632202148 -95.8203048706055 -96.322509765625 -96.5022811889648 -96.6800308227539 -96.4525604248047 -95.7486190795898 -95.0539779663086 -93.9266967773438 -91.0856094360352 -88.2240371704102 -85.341667175293 -84.7836303710938 -84.3305816650391 -83.8759765625 -83.4206008911133 -82.9521942138672 -82.4682006835938 -81.1946411132812 -79.0002288818359 -76.810417175293 -74.5750732421875 -72.1605758666992 -69.7706985473633 -67.426887512207 -65.1196136474609 -62.8264083862305 -60.5467834472656 -59.7284851074219 -59.5149803161621 -59.3017349243164 -59.7390365600586 -60.9605751037598 -62.1911811828613 -64.0135726928711 -68.1178970336914 -72.2423248291016 -76.3871002197266 -81.4247360229492 -86.4786376953125 -91.5046920776367 -94.8419876098633 -97.4498291015625 -100.033538818359
-94.6701049804688 -95.9160766601562 -96.3790817260742 -96.4782333374023 -96.5737152099609 -96.3001403808594 -95.5383682250977 -94.7668151855469 -93.58544921875 -90.6049957275391 -87.6289749145508 -84.6574478149414 -83.872444152832 -83.2369842529297 -82.5904312133789 -81.9727020263672 -81.3684997558594 -80.7601852416992 -79.6025238037109 -77.7361602783203 -75.8887405395508 -74.0489959716797 -72.1816635131836 -70.3436431884766 -68.5353317260742 -66.4817657470703 -64.4210586547852 -62.3739166259766 -61.5695495605469 -61.3528327941895 -61.1363792419434 -61.5911026000977 -62.9564399719238 -64.3308334350586 -66.2413482666016 -70.6642532348633 -75.1072387695312 -79.5705490112305 -84.1885604858398 -88.7922439575195 -93.3681106567383 -96.3788833618164 -98.6086578369141 -100.814338684082
-94.7710418701172 -95.6999740600586 -96.0284042358398 -96.0489044189453 -96.0657272338867 -95.6816329956055 -94.7156143188477 -93.7398223876953 -92.4543228149414 -89.5705795288086 -86.6912536621094 -83.8164138793945 -82.7883453369141 -81.9389114379883 -81.0783920288086 -80.3387603759766 -79.6631698608398 -78.9834594726562 -77.9627990722656 -76.4578475952148 -74.9718246459961 -73.5217742919922 -72.1897506713867 -70.8870086669922 -69.6139450073242 -67.8308410644531 -66.0025177001953 -64.187744140625 -63.4108009338379 -63.1908760070801 -62.9712142944336 -63.4346771240234 -64.9437408447266 -66.4618606567383 -68.4498519897461 -73.1911849975586 -77.9525756835938 -82.734260559082 -86.980583190918 -91.1342620849609 -95.2601699829102 -97.9400100708008 -99.7919006347656 -101.619720458984
-94.8859252929688 -95.4979629516602 -95.681266784668 -95.6231384277344 -95.5613479614258 -95.0725860595703 -93.9024276733398 -92.7225036621094 -91.3185501098633 -88.5314636230469 -85.7487869262695 -82.9705963134766 -81.7148895263672 -80.6515884399414 -79.5772171020508 -78.7084732055664 -77.9615249633789 -77.2104644775391 -76.3039855957031 -75.160285949707 -74.0354766845703 -72.9655151367188 -72.1685485839844 -71.4008255004883 -70.6627426147461 -69.166862487793 -67.57080078125 -65.98828125 -65.2522354125977 -65.0291061401367 -64.8062362670898 -65.2697677612305 -66.9225006103516 -68.5842666625977 -70.6390991210938 -75.7136154174805 -80.7749481201172 -85.802360534668 -89.6872406005859 -93.3673858642578 -97.0232315063477 -99.3862762451172 -100.92008972168 -102.451789855957
-94.9811401367188 -95.2956771850586 -95.3421249389648 -95.2236557006836 -95.1062927246094 -94.5904693603516 -93.3879699707031 -92.2074584960938 -90.8637313842773 -88.0182876586914 -85.1442947387695 -82.2413101196289 -81.1846771240234 -80.4896087646484 -79.8517456054688 -79.2037658691406 -78.5218887329102 -77.8388748168945 -77.0249938964844 -75.9596328735352 -74.876091003418 -73.8910446166992 -73.9969024658203 -74.1582870483398 -74.3759307861328 -73.304931640625 -72.0016937255859 -70.7092514038086 -70.1913909912109 -70.2115097045898 -70.2422561645508 -70.6862335205078 -71.9000091552734 -73.0786743164062 -74.5079727172852 -79.0407638549805 -83.5400848388672 -88.0055236816406 -91.5101928710938 -94.7992324829102 -98.0640106201172 -100.306716918945 -101.80443572998 -103.30005645752
-94.7846527099609 -94.999382019043 -95.0302276611328 -94.9377899169922 -94.8464736938477 -94.5319442749023 -93.7962951660156 -93.0826034545898 -92.1540222167969 -88.7143630981445 -85.2461776733398 -81.7490386962891 -81.4821090698242 -81.9177856445312 -82.4105987548828 -82.2196502685547 -81.5016403198242 -80.7824859619141 -79.8389511108398 -78.4207153320312 -76.9843292236328 -75.7114562988281 -76.8201446533203 -77.9843063354492 -79.2046585083008 -78.4975814819336 -77.3619232177734 -76.2370529174805 -75.8447265625 -76.0234146118164 -76.2127227783203 -76.5427932739258 -77.1457061767578 -77.7135467529297 -78.4312286376953 -82.4022369384766 -86.3398132324219 -90.2435531616211 -93.3576126098633 -96.255729675293 -99.1296234130859 -101.229476928711 -102.691123962402 -104.150665283203
-94.5925445556641 -94.70751953125 -94.717155456543 -94.650749206543 -94.5854644775391 -94.451789855957 -94.1827621459961 -93.935661315918 -93.4727020263672 -89.4391021728516 -85.3770141601562 -81.286018371582 -81.7232971191406 -83.2891693115234 -84.912109375 -85.2373962402344 -84.4832534790039 -83.7279815673828 -82.6714859008789 -80.9005584716797 -79.1114883422852 -77.4775772094727 -79.5886306762695 -81.7550735473633 -83.9776458740234 -83.6808319091797 -82.7126770019531 -81.7552871704102 -81.4889526367188 -81.8261337280273 -82.1739196777344 -82.4354248046875 -82.4277648925781 -82.3850784301758 -82.3884963989258 -85.7979888916016 -89.1741027832031 -92.5164108276367 -95.2294616699219 -97.7368621826172 -100.22004699707 -102.154556274414 -103.580146789551 -105.003631591797
-94.4048080444336 -94.4200820922852 -94.4029159545898 -94.3625335693359 -94.3232574462891 -94.3500289916992 -94.5473937988281 -94.7666625976562 -94.8197402954102 -90.1924896240234 -85.5367889404297 -80.8822555541992 -81.9518737792969 -84.6083755493164 -87.2778701782227 -88.0726165771484 -87.1638793945312 -86.2256469726562 -85.0417938232422 -83.3319549560547 -81.715950012207 -80.271858215332 -83.1916732788086 -86.1145172119141 -89.0404281616211 -89.2265625 -88.5793991088867 -87.9604415893555 -87.9280548095703 -88.4550399780273 -88.9910202026367 -89.3547592163086 -89.1792678833008 -89.0085601806641 -88.8426666259766 -91.2924575805664 -93.6844024658203 -95.998779296875 -97.9572677612305 -99.7622375488281 -101.516250610352 -102.954940795898 -104.07836151123 -105.180923461914
-94.7745513916016 -94.8734130859375 -94.8498153686523 -94.7073135375977 -94.5579833984375 -94.4507827758789 -94.4656982421875 -94.4684600830078 -94.3963165283203 -90.1885070800781 -86.0044937133789 -81.8446350097656 -83.0453033447266 -85.9539566040039 -88.8755798339844 -89.5968856811523 -88.1129913330078 -86.5996398925781 -85.4372940063477 -85.4834976196289 -85.623420715332 -85.8583679199219 -88.7833862304688 -91.7368698120117 -94.6934127807617 -95.333251953125 -95.1563568115234 -95.0076293945312 -95.2484512329102 -95.8991394042969 -96.5587997436523 -97.0510787963867 -96.9242553710938 -96.8022155761719 -96.6849822998047 -97.8204116821289 -98.9290618896484 -99.9602355957031 -100.975242614746 -101.961715698242 -102.897300720215 -103.755813598633 -104.553520202637 -105.33039855957
-95.3096694946289 -95.521125793457 -95.481575012207 -95.1858825683594 -94.8833694458008 -94.5925369262695 -94.3481369018555 -94.0915985107422 -93.8227233886719 -90.1394653320312 -86.4490203857422 -82.7827072143555 -84.126220703125 -87.2869033813477 -90.4605484008789 -91.1505508422852 -89.0917892456055 -87.0036010742188 -85.7404251098633 -87.5418167114258 -89.4368362426758 -91.4267501831055 -94.3734588623047 -97.3575744628906 -100.344734191895 -101.413612365723 -101.706756591797 -102.028038024902 -102.561752319336 -103.336074829102 -104.11937713623 -104.74454498291 -104.666366577148 -104.592964172363 -104.524368286133 -104.426528930664 -104.252502441406 -104.001091003418 -104.044273376465 -104.21263885498 -104.330184936523 -104.577476501465 -105.049629211426 -105.5009765625
-95.8398590087891 -96.1638565063477 -96.1201934814453 -95.67138671875 -95.2157669067383 -94.7462768554688 -94.2426910400391 -93.7269821166992 -93.1989517211914 -90.0666198730469 -86.8695068359375 -83.6964950561523 -85.1946487426758 -88.6072387695312 -92.0327758789062 -92.7336044311523 -90.1002349853516 -87.4374847412109 -85.9512786865234 -89.5070266723633 -93.1562805175781 -96.9003219604492 -99.9618911743164 -102.976615905762 -105.875175476074 -107.22779083252 -107.874847412109 -108.555068969727 -109.288513183594 -110.063919067383 -110.846458435059 -111.476493835449 -111.274528503418 -111.065315246582 -110.848747253418 -109.704147338867 -108.433616638184 -107.135414123535 -106.382904052734 -105.92919921875 -105.458015441895 -105.258415222168 -105.512130737305 -105.758293151855
-96.228515625 -96.5199584960938 -96.4078063964844 -95.8253936767578 -95.2393264770508 -94.5973434448242 -93.7353668212891 -92.8540267944336 -91.9530181884766 -89.6774826049805 -87.3719177246094 -85.1205291748047 -86.2337417602539 -88.8263778686523 -91.3587265014648 -91.7708740234375 -89.420783996582 -87.1005477905273 -85.8566131591797 -89.8055114746094 -93.7668533325195 -97.7408142089844 -100.862464904785 -103.907135009766 -106.960945129395 -108.809692382812 -110.034523010254 -111.292465209961 -112.4189453125 -113.30387878418 -114.195938110352 -114.932235717773 -114.594635009766 -114.249794006348 -113.897613525391 -112.365333557129 -110.635238647461 -108.877510070801 -107.746391296387 -107.010215759277 -106.25658416748 -105.808296203613 -105.943099975586 -106.070365905762
-96.4413833618164 -96.5406799316406 -96.3045806884766 -95.6422424316406 -94.9762496948242 -94.2013473510742 -92.9289932250977 -91.6372909545898 -90.3259506225586 -89.0740432739258 -87.8794631958008 -86.7389984130859 -87.3152389526367 -88.7055511474609 -90.0356521606445 -90.0856170654297 -88.3195724487305 -86.5833435058594 -85.7107086181641 -89.8938446044922 -94.0894088745117 -98.2975845336914 -101.615333557129 -104.821983337402 -108.037750244141 -110.35929107666 -112.161605834961 -113.997009277344 -115.543106079102 -116.537506103516 -117.539031982422 -118.395965576172 -117.922790527344 -117.442398071289 -116.954666137695 -115.054466247559 -112.865020751953 -110.647979736328 -109.127456665039 -108.108947753906 -107.07300567627 -106.365760803223 -106.381706237793 -106.39013671875
-96.6626586914062 -96.5699005126953 -96.2049255371094 -95.4626922607422 -94.7168121337891 -93.8243026733398 -92.1417617797852 -90.4398956298828 -88.7184143066406 -88.417121887207 -88.3330001831055 -88.3029327392578 -88.4563598632812 -88.6449279785156 -88.7733535766602 -88.3705368041992 -87.1882476806641 -86.0357513427734 -85.5525283813477 -89.9697952270508 -94.3994674682617 -98.8417358398438 -102.359405517578 -105.72794342041 -109.105598449707 -111.876609802246 -114.256141662598 -116.668716430664 -118.660995483398 -119.76481628418 -120.875762939453 -121.867668151855 -121.258995056152 -120.643104553223 -120.019889831543 -117.758338928223 -115.068206787109 -112.350524902344 -110.39973449707 -109.088241577148 -107.772254943848 -106.82218170166 -106.794700622559 -106.785827636719
-96.8573455810547 -96.5886383056641 -96.0981597900391 -95.2581634521484 -94.4099807739258 -93.408935546875 -91.4622650146484 -89.5270080566406 -87.6033630371094 -88.0049285888672 -88.7561721801758 -89.5170974731445 -89.2839813232422 -88.3797454833984 -87.4318771362305 -86.6303329467773 -86.1994018554688 -85.8163986206055 -85.8962936401367 -90.1955490112305 -94.4712905883789 -98.7231903076172 -102.248695373535 -105.625862121582 -109.002082824707 -112.111557006836 -115.044654846191 -118.012252807617 -120.581596374512 -122.203201293945 -123.862991333008 -125.436218261719 -124.273498535156 -123.07633972168 -121.844314575195 -119.132179260254 -115.988578796387 -112.817436218262 -110.566879272461 -109.18335723877 -107.795341491699 -106.825386047363 -107.086715698242 -107.366630554199
