indici/fabbisogno12.asc
NCOLS 177 
NROWS 174 
XLLCORNER 1436301.375 
YLLCORNER 4916704.5 
CELLSIZE 1500 
NODATA_value -9999 
[rows 46 to 68 of 174, columns 53 to 105 of 177]
-91.6743621826172 -92.5763626098633 -93.7848129272461 -93.8167266845703 -93.1923904418945 -92.2972106933594 -91.4303817749023 -90.5357131958008 -89.5390701293945 -88.3247833251953 -87.0431060791016 -85.3964767456055 -84.4874877929688 -83.3813247680664 -82.0842895507812 -80.6223831176758 -78.9075546264648 -77.3678588867188 -76.0099411010742 -75.8807067871094 -76.5025024414062 -77.1074829101562 -78.0256500244141 -79.0601348876953 -80.0174026489258 -81.0501251220703 -82.8953094482422 -84.8719635009766 -86.6779251098633 -88.61474609375 -92.2441864013672 -94.0514068603516 -94.4746170043945 -93.4809112548828 -90.6232833862305 -86.4676284790039 -81.8423233032227 -77.73876953125 -74.3703994750977 -72.990478515625 -72.8519134521484 -74.4275588989258 -76.6642837524414 -79.4414520263672 -82.8804779052734 -85.5863952636719 -87.6117858886719 -89.2215881347656 -90.0267105102539 -89.7919692993164 -89.5875549316406 -89.8251113891602 -90.2222595214844
-93.8624420166016 -93.0596542358398 -92.1092681884766 -90.6911315917969 -90.1095504760742 -89.0817031860352 -88.0999984741211 -87.3408966064453 -86.7180099487305 -85.473747253418 -84.800048828125 -84.2812576293945 -84.0680999755859 -83.8773498535156 -82.8264846801758 -81.6753616333008 -80.3925704956055 -79.9426498413086 -80.4879302978516 -81.0102081298828 -81.4285736083984 -82.023193359375 -82.4591979980469 -83.0399703979492 -83.6626434326172 -84.6017456054688 -86.6992721557617 -88.3571472167969 -89.6179504394531 -91.0379409790039 -92.8422775268555 -96.6679229736328 -97.0296401977539 -95.7215728759766 -93.0528564453125 -89.3020095825195 -85.1791839599609 -81.0745315551758 -78.0249938964844 -76.8016586303711 -77.4502944946289 -79.3327331542969 -82.1776580810547 -85.2797393798828 -88.6566696166992 -90.9150466918945 -92.4706497192383 -93.4725875854492 -93.7056655883789 -93.1106643676758 -92.2369003295898 -92.0272979736328 -92.2381134033203
-94.0228881835938 -92.3798446655273 -90.4224548339844 -88.2103424072266 -86.3553848266602 -85.0199432373047 -84.2935562133789 -83.8386764526367 -83.7240219116211 -83.709716796875 -83.8336181640625 -84.0614242553711 -84.3928909301758 -84.4071960449219 -84.0017013549805 -83.6846389770508 -84.2168807983398 -84.9357833862305 -85.6075668334961 -85.9650039672852 -86.3586349487305 -86.7281494140625 -87.0342788696289 -87.3562393188477 -87.6012268066406 -88.8486785888672 -90.5158233642578 -91.7150421142578 -92.7924118041992 -94.4154586791992 -96.6782989501953 -97.3784866333008 -97.0950469970703 -97.9865112304688 -95.6996154785156 -92.3842468261719 -89.0289001464844 -85.5668792724609 -83.2952117919922 -81.82958984375 -82.8803176879883 -85.3066558837891 -88.2572479248047 -91.3901062011719 -94.1293563842773 -96.6342544555664 -97.6836929321289 -98.1483154296875 -97.6632843017578 -96.7491683959961 -95.411262512207 -94.5237503051758 -94.5657730102539
-92.4326553344727 -90.2300186157227 -88.044189453125 -85.6501693725586 -83.5065002441406 -82.1909713745117 -81.5885391235352 -81.420166015625 -81.7277145385742 -82.3860626220703 -83.2768707275391 -84.2481842041016 -85.1702651977539 -85.7456512451172 -86.1188430786133 -87.7430267333984 -89.4962768554688 -90.2112426757812 -90.8154144287109 -91.3540496826172 -91.7550201416016 -92.0056076049805 -92.0933685302734 -92.1169662475586 -92.3751449584961 -93.6067504882812 -94.9133682250977 -95.6095809936523 -96.5525207519531 -99.2380828857422 -100.663444519043 -101.252426147461 -101.05029296875 -99.6923675537109 -97.9774017333984 -95.4501190185547 -93.7931671142578 -90.6816177368164 -88.7642135620117 -87.9610900878906 -88.6629104614258 -91.4671478271484 -94.623291015625 -97.4665069580078 -99.9758224487305 -101.415100097656 -102.706039428711 -102.860702514648 -101.939186096191 -100.434455871582 -98.7622451782227 -97.2047576904297 -96.9519577026367
-89.2063674926758 -87.0533065795898 -85.0110778808594 -82.8696060180664 -80.8216247558594 -79.6173553466797 -79.1886749267578 -79.3543090820312 -80.1724014282227 -81.5257034301758 -83.1026000976562 -84.7255554199219 -86.3461761474609 -87.8282089233398 -89.8053359985352 -92.8058395385742 -94.3599624633789 -95.6824111938477 -96.7246170043945 -97.5341949462891 -98.034423828125 -98.0083923339844 -97.5226669311523 -97.4219360351562 -97.4367065429688 -98.2513656616211 -98.4988632202148 -99.0362777709961 -100.381134033203 -103.143783569336 -104.65486907959 -105.677429199219 -105.849639892578 -104.815475463867 -103.328117370605 -100.944114685059 -98.7605819702148 -96.1155014038086 -94.5534362792969 -94.2270736694336 -94.3798370361328 -97.0175704956055 -100.298858642578 -103.313293457031 -105.604469299316 -106.858963012695 -106.97607421875 -106.354438781738 -105.001335144043 -103.378234863281 -101.272521972656 -98.9277114868164 -97.8935394287109
-85.0288314819336 -83.4407806396484 -81.5772552490234 -79.9411392211914 -78.3704833984375 -77.2946243286133 -77.1497955322266 -77.7909774780273 -79.1893539428711 -81.0550765991211 -83.4195404052734 -85.9010696411133 -88.2503662109375 -90.8304595947266 -94.9253692626953 -98.0059051513672 -100.140472412109 -101.877861022949 -103.236602783203 -104.065055847168 -104.103637695312 -103.875862121582 -103.279632568359 -102.617660522461 -101.708023071289 -101.897666931152 -101.832824707031 -102.540435791016 -104.863960266113 -106.791465759277 -108.660758972168 -109.921310424805 -110.682662963867 -110.357391357422 -108.698219299316 -106.703765869141 -104.616157531738 -102.289779663086 -100.563491821289 -100.477836608887 -100.596923828125 -102.324546813965 -105.214950561523 -108.178779602051 -110.092864990234 -110.727210998535 -110.687835693359 -109.718406677246 -108.021896362305 -105.838516235352 -102.867477416992 -100.893402099609 -99.6026992797852
-81.0699157714844 -79.6718139648438 -78.2712020874023 -77.0377807617188 -76.0177230834961 -75.5598449707031 -75.8338470458984 -76.9224472045898 -78.7105560302734 -81.1830368041992 -84.0703201293945 -87.1285705566406 -90.5808944702148 -94.3903274536133 -99.492317199707 -102.838424682617 -105.48999786377 -107.79825592041 -108.980827331543 -109.541999816895 -109.627883911133 -109.145500183105 -108.069671630859 -106.95849609375 -105.548049926758 -105.072036743164 -105.019889831543 -105.596626281738 -108.378074645996 -110.176811218262 -112.148155212402 -113.869842529297 -115.082885742188 -115.309364318848 -114.260856628418 -112.182601928711 -110.480621337891 -108.210380554199 -106.619049072266 -106.510925292969 -106.232795715332 -107.415534973145 -109.9189453125 -111.949684143066 -112.825454711914 -113.515693664551 -113.111808776855 -112.017028808594 -110.216636657715 -107.766586303711 -104.603164672852 -102.379707336426 -100.728164672852
-77.6871643066406 -76.6548767089844 -75.6907958984375 -74.7763214111328 -74.5593948364258 -74.7050476074219 -75.3567352294922 -76.7385559082031 -79.0289840698242 -81.8140716552734 -85.0243301391602 -88.970573425293 -93.463752746582 -97.7350158691406 -103.334213256836 -107.076652526855 -110.102210998535 -112.443565368652 -113.79638671875 -114.27855682373 -114.042495727539 -113.059059143066 -112.066200256348 -110.522178649902 -108.835487365723 -108.296630859375 -108.409683227539 -108.667587280273 -111.096366882324 -112.860534667969 -114.95467376709 -117.096839904785 -118.729721069336 -119.595085144043 -119.286643981934 -117.630065917969 -115.793327331543 -113.733131408691 -112.810958862305 -112.504470825195 -111.603904724121 -112.222343444824 -113.642753601074 -114.647064208984 -115.52530670166 -115.357086181641 -114.431282043457 -113.041465759277 -111.069763183594 -107.851829528809 -104.774795532227 -102.473342895508 -100.816604614258
-75.2904586791992 -75.0860366821289 -74.4134292602539 -73.8579025268555 -73.8705215454102 -74.3628234863281 -75.3038635253906 -76.9458923339844 -79.5025024414062 -82.5253219604492 -86.3701858520508 -91.2273101806641 -95.754264831543 -100.296966552734 -106.24446105957 -110.340225219727 -113.588836669922 -115.92896270752 -117.258369445801 -117.439392089844 -117.289215087891 -115.852401733398 -114.476821899414 -112.831283569336 -111.184463500977 -110.498046875 -110.650177001953 -111.127220153809 -113.437141418457 -114.927474975586 -117.280868530273 -119.634635925293 -121.527542114258 -122.986106872559 -123.550590515137 -122.757453918457 -121.14672088623 -119.228706359863 -118.464485168457 -117.977340698242 -116.625526428223 -116.288520812988 -116.693664550781 -117.10026550293 -116.922264099121 -115.977020263672 -114.667579650879 -112.625770568848 -109.303482055664 -106.388633728027 -103.920631408691 -101.424812316895 -99.3111267089844
-74.384162902832 -74.3414688110352 -74.1800918579102 -74.0926132202148 -74.4056625366211 -75.1586227416992 -76.3237762451172 -78.183349609375 -80.6604537963867 -83.8322830200195 -88.1768951416016 -92.8691024780273 -97.5311279296875 -102.248596191406 -108.056129455566 -112.569702148438 -115.879348754883 -118.166732788086 -119.345550537109 -119.733810424805 -119.055038452148 -117.501541137695 -115.879249572754 -114.487731933594 -113.053520202637 -111.803062438965 -111.700119018555 -112.918159484863 -114.245277404785 -117.477310180664 -119.35669708252 -121.710556030273 -123.909133911133 -125.832710266113 -127.197532653809 -126.848777770996 -125.385055541992 -124.891334533691 -124.011085510254 -122.614036560059 -120.676971435547 -119.930854797363 -119.101913452148 -118.300735473633 -116.943695068359 -114.509284973145 -112.405052185059 -109.471267700195 -106.630462646484 -103.963668823242 -101.50366973877 -99.0077209472656 -96.4854125976562
-74.4720153808594 -74.9500579833984 -75.1633529663086 -75.6061706542969 -76.1011276245117 -76.7954330444336 -78.1516571044922 -79.8631439208984 -82.1829376220703 -85.2248611450195 -89.6092071533203 -94.0105209350586 -98.7845764160156 -103.557403564453 -108.649826049805 -113.989349365234 -117.290451049805 -119.602127075195 -120.76602935791 -121.214767456055 -120.330429077148 -118.735534667969 -117.153099060059 -115.970695495605 -114.618385314941 -113.305625915527 -112.92618560791 -114.139617919922 -115.797302246094 -119.251167297363 -121.088134765625 -123.357452392578 -125.82438659668 -128.14013671875 -129.826324462891 -129.609069824219 -129.555526733398 -129.263458251953 -128.452331542969 -125.740516662598 -123.290618896484 -121.451385498047 -119.475540161133 -117.09107208252 -113.956123352051 -110.643829345703 -108.073608398438 -105.42943572998 -102.976737976074 -100.354553222656 -97.8266677856445 -95.2773895263672 -92.520751953125
-75.5767974853516 -76.2455825805664 -76.9962463378906 -77.6776809692383 -78.3655853271484 -79.1107482910156 -80.1187591552734 -81.6159439086914 -83.601936340332 -86.4143676757812 -90.4321136474609 -94.5678558349609 -99.2590866088867 -104.17756652832 -108.878440856934 -113.766929626465 -118.192207336426 -120.515586853027 -121.900856018066 -122.313171386719 -121.78670501709 -120.416374206543 -118.816818237305 -117.718109130859 -116.565727233887 -115.320327758789 -114.850730895996 -114.741058349609 -116.783226013184 -119.33878326416 -122.659553527832 -124.705009460449 -127.358993530273 -129.572784423828 -130.155670166016 -131.225387573242 -132.000564575195 -131.752792358398 -129.520965576172 -126.267349243164 -123.706382751465 -120.722076416016 -117.579025268555 -114.008201599121 -109.914649963379 -106.486625671387 -103.43928527832 -100.869903564453 -98.4756469726562 -95.7592849731445 -93.2416458129883 -90.6537322998047 -87.9321365356445
-77.1175384521484 -78.2756881713867 -79.2048492431641 -80.2026214599609 -80.8619689941406 -81.3578796386719 -82.0138320922852 -82.9347686767578 -84.6653747558594 -86.9558410644531 -90.4921035766602 -94.5065536499023 -99.0665283203125 -104.089561462402 -109.078178405762 -113.60661315918 -117.662422180176 -121.245666503906 -123.203353881836 -123.883827209473 -123.369979858398 -121.997695922852 -120.117080688477 -118.472114562988 -117.54621887207 -116.600708007812 -116.263084411621 -116.455169677734 -117.283905029297 -118.569374084473 -121.256195068359 -123.551933288574 -126.293556213379 -128.857116699219 -130.237335205078 -131.73063659668 -131.862945556641 -130.376892089844 -127.642311096191 -125.295677185059 -122.027572631836 -118.208282470703 -114.031188964844 -109.160552978516 -104.915740966797 -101.351036071777 -98.3530502319336 -95.753662109375 -93.3755874633789 -91.1307830810547 -88.5191955566406 -85.8133087158203 -83.1706466674805
-79.0205078125 -80.4513168334961 -81.7539749145508 -82.7100830078125 -83.2285079956055 -83.461296081543 -83.5801696777344 -83.9695739746094 -85.1281204223633 -86.9090576171875 -89.9345550537109 -93.736198425293 -98.2792587280273 -103.417083740234 -108.665687561035 -113.608360290527 -117.673149108887 -120.555267333984 -123.446014404297 -124.91918182373 -124.549331665039 -123.011459350586 -121.101295471191 -119.229766845703 -117.742790222168 -117.02498626709 -116.42707824707 -116.166534423828 -116.704139709473 -118.031387329102 -120.327934265137 -122.057373046875 -124.72053527832 -126.647689819336 -128.417373657227 -128.721435546875 -128.37873840332 -127.092407226562 -124.929481506348 -121.724624633789 -117.539855957031 -113.058547973633 -107.794059753418 -103.121597290039 -98.9839859008789 -95.5008697509766 -92.8173141479492 -90.4381256103516 -88.2186126708984 -86.1337738037109 -84.0867309570312 -81.3075485229492 -78.6379852294922
-81.0600280761719 -82.7082824707031 -84.0377883911133 -84.9480285644531 -85.2802963256836 -85.053466796875 -84.7013168334961 -84.6379776000977 -85.0949478149414 -86.1179046630859 -88.7665328979492 -92.297248840332 -96.8076248168945 -102.04345703125 -107.644104003906 -113.001121520996 -117.517677307129 -121.353576660156 -124.275810241699 -125.153503417969 -124.618560791016 -123.433486938477 -121.337631225586 -119.278686523438 -117.205963134766 -115.71834564209 -115.087867736816 -114.904266357422 -115.702056884766 -116.869598388672 -118.527183532715 -120.335136413574 -121.973937988281 -123.739967346191 -124.984100341797 -125.298736572266 -124.685943603516 -122.60066986084 -119.468246459961 -115.487510681152 -110.89111328125 -105.624893188477 -100.875694274902 -96.7836151123047 -92.9419250488281 -89.9217529296875 -87.5575103759766 -85.392463684082 -83.6272506713867 -81.8599243164062 -79.9636535644531 -77.6467514038086 -74.5854797363281
-83.1310348510742 -84.8476104736328 -86.1244659423828 -86.7762832641602 -86.7459564208984 -86.2333374023438 -85.332389831543 -84.5329360961914 -84.4688415527344 -85.00830078125 -86.6755981445312 -90.066780090332 -94.6452560424805 -100.055862426758 -105.871253967285 -111.649208068848 -116.661293029785 -121.524284362793 -124.447158813477 -125.952369689941 -125.727867126465 -124.117523193359 -121.721229553223 -118.971145629883 -116.512237548828 -114.568222045898 -113.097206115723 -112.741798400879 -112.934181213379 -113.757583618164 -115.078178405762 -116.832908630371 -119.20133972168 -120.761428833008 -121.481330871582 -121.040664672852 -119.260879516602 -116.453430175781 -112.457733154297 -108.008888244629 -102.955558776855 -98.186767578125 -94.1555862426758 -90.5058364868164 -87.4411926269531 -85.0594177246094 -83.13671875 -81.5739898681641 -80.2194061279297 -78.7261352539062 -76.7679748535156 -74.3990783691406 -72.09423828125
-85.3188858032227 -86.8594436645508 -87.8169708251953 -88.1531600952148 -87.7061538696289 -86.7503204345703 -85.4514770507812 -84.1762619018555 -83.540397644043 -83.7427444458008 -84.8294906616211 -87.5101470947266 -92.0375747680664 -97.3054351806641 -103.314598083496 -109.367706298828 -115.114242553711 -120.053771972656 -123.244964599609 -125.161376953125 -124.98217010498 -123.458801269531 -120.758712768555 -117.789855957031 -114.866104125977 -112.334289550781 -110.486351013184 -109.627418518066 -109.762619018555 -110.575843811035 -111.393325805664 -113.239868164062 -115.05428314209 -116.255126953125 -116.352203369141 -115.24405670166 -112.861419677734 -109.349838256836 -105.447227478027 -100.48747253418 -95.6038589477539 -91.4095077514648 -87.9558334350586 -84.9552917480469 -82.656852722168 -80.9561233520508 -79.6309814453125 -78.6631622314453 -77.8871002197266 -76.7350921630859 -74.9273376464844 -72.8628540039062 -70.5528564453125
-87.6258926391602 -88.7987442016602 -89.3303451538086 -89.2493896484375 -88.4663314819336 -87.2318801879883 -85.4113693237305 -83.6488418579102 -82.7317657470703 -82.4329833984375 -83.1547088623047 -85.4308624267578 -88.8411712646484 -93.8735580444336 -99.6872024536133 -105.879425048828 -112.138114929199 -117.284286499023 -120.559631347656 -121.968620300293 -122.060035705566 -120.504051208496 -117.968910217285 -115.134483337402 -112.088157653809 -109.333183288574 -107.189422607422 -105.865394592285 -105.795989990234 -106.041542053223 -107.40641784668 -108.795448303223 -110.050971984863 -110.694961547852 -110.413330078125 -109.028968811035 -106.1435546875 -102.147560119629 -97.6758728027344 -93.7640838623047 -89.4089126586914 -85.6217269897461 -82.8342132568359 -80.5454635620117 -78.9141235351562 -77.9288864135742 -77.463981628418 -77.132080078125 -76.7527160644531 -75.7966079711914 -74.7284851074219 -73.0581436157227 -70.4440841674805
-90.3794403076172 -91.0188980102539 -90.8731842041016 -90.1630249023438 -88.953125 -87.3128662109375 -85.3529586791992 -83.3539733886719 -81.8749237060547 -81.3604583740234 -81.8124008178711 -83.5883026123047 -86.3101501464844 -90.4474639892578 -95.6323318481445 -101.792472839355 -107.669921875 -112.794990539551 -116.221038818359 -117.798027038574 -117.582916259766 -116.414283752441 -113.94783782959 -110.945861816406 -107.971389770508 -105.135375976562 -103.039924621582 -101.698585510254 -100.935111999512 -101.468360900879 -102.587196350098 -103.797172546387 -104.789695739746 -105.077430725098 -104.534629821777 -102.742088317871 -99.7625198364258 -95.914665222168 -91.7674942016602 -87.7541961669922 -84.1106643676758 -81.1821594238281 -78.882438659668 -77.3082809448242 -76.4397735595703 -76.2785491943359 -76.3764114379883 -76.5225830078125 -76.2875366210938 -76.0219497680664 -75.237678527832 -73.9637451171875 -71.8485946655273
-93.6231384277344 -93.3252563476562 -92.4891662597656 -91.2764511108398 -89.5678634643555 -87.6260528564453 -85.3777160644531 -83.2531051635742 -81.3921051025391 -80.5424423217773 -80.7090072631836 -81.777099609375 -83.995719909668 -87.5751876831055 -92.2884979248047 -97.7586975097656 -103.131378173828 -107.844337463379 -111.140830993652 -112.620811462402 -112.502883911133 -111.039649963379 -108.352729797363 -105.622779846191 -102.727760314941 -100.12686920166 -98.1392211914062 -96.9051971435547 -96.4676971435547 -97.017707824707 -97.7865905761719 -98.6876678466797 -99.4826126098633 -99.6780624389648 -99.0227584838867 -97.3032913208008 -94.230598449707 -90.6499557495117 -86.9829711914062 -83.4082412719727 -80.2388687133789 -77.6182098388672 -75.5209655761719 -74.4736557006836 -74.3958053588867 -74.8553848266602 -75.4607696533203 -76.1899108886719 -76.7013778686523 -76.97900390625 -76.7684936523438 -76.0283660888672 -74.7222366333008
-97.1042709350586 -96.0235977172852 -94.4775772094727 -92.5172119140625 -90.3085250854492 -87.9194564819336 -85.3992462158203 -82.9915237426758 -80.9107513427734 -79.6339645385742 -79.114013671875 -79.8047714233398 -81.4751586914062 -84.3434066772461 -88.4897003173828 -93.2118911743164 -97.9709243774414 -102.080856323242 -105.125877380371 -106.533111572266 -106.532661437988 -105.09481048584 -103.041732788086 -100.693077087402 -98.087028503418 -95.8394546508789 -94.0135498046875 -92.8033981323242 -92.3119735717773 -92.5555114746094 -93.1105804443359 -93.8630599975586 -94.4931793212891 -94.6625289916992 -93.9849853515625 -92.0889205932617 -89.526985168457 -86.5307235717773 -83.274787902832 -80.0783843994141 -77.3875198364258 -75.0450744628906 -73.493293762207 -72.7040176391602 -73.2080993652344 -74.2456665039062 -75.3340301513672 -76.6217422485352 -77.7697143554688 -78.6560211181641 -79.1112899780273 -79.112060546875 -78.088005065918
-101.150314331055 -99.1201324462891 -96.7186050415039 -94.0129089355469 -91.1448516845703 -88.233283996582 -85.1908264160156 -82.4462966918945 -80.3544082641602 -78.5751495361328 -77.8575134277344 -77.8119659423828 -78.8627853393555 -81.0793914794922 -84.4255599975586 -88.3120880126953 -92.3229064941406 -95.9056854248047 -98.589241027832 -100.17839050293 -100.215911865234 -99.3804321289062 -97.8687515258789 -95.8979721069336 -93.7228469848633 -91.5712280273438 -89.9396743774414 -88.8430328369141 -88.2777252197266 -88.232536315918 -88.7606506347656 -89.3457565307617 -89.8628616333008 -89.8567504882812 -89.1687469482422 -87.8407669067383 -85.9349594116211 -83.4014663696289 -80.5169830322266 -77.7104644775391 -75.3495712280273 -73.3021087646484 -71.8942413330078 -71.7558059692383 -72.3277587890625 -73.861946105957 -75.5936431884766 -77.3328170776367 -79.0809707641602 -80.5949249267578 -81.9447631835938 -82.2958602905273 -81.686637878418
-104.659042358398 -101.510444641113 -98.252685546875 -95.0374755859375 -91.7007675170898 -88.3837738037109 -85.1453704833984 -81.9704742431641 -79.3760986328125 -77.4241790771484 -76.3389663696289 -75.8454360961914 -76.0633316040039 -77.7772445678711 -80.2607192993164 -83.3620529174805 -86.6222763061523 -89.7253265380859 -92.1528015136719 -93.5214233398438 -94.1155395507812 -93.9146041870117 -93.0091552734375 -91.4925994873047 -89.7914886474609 -87.9119491577148 -86.2048110961914 -84.889533996582 -84.1352691650391 -84.1406784057617 -84.4402008056641 -84.9279327392578 -85.3992080688477 -85.5691223144531 -85.2217330932617 -84.4267959594727 -82.9712142944336 -80.9146499633789 -78.4014434814453 -75.9127044677734 -73.8146667480469 -71.9568862915039 -70.6063766479492 -70.8623886108398 -71.5240707397461 -73.1763687133789 -75.5204086303711 -77.7938842773438 -80.103630065918 -82.435920715332 -84.3446960449219 -85.3766784667969 -85.3304672241211
