indici/fabbisogno04.asc
NCOLS 177 
NROWS 174 
XLLCORNER 1436301.375 
YLLCORNER 4916704.5 
CELLSIZE 1500 
NODATA_value -9999 
[rows 69 to 91 of 174, columns 0 to 52 of 177]
-9999 -9999 -9999 -9999 -9999 -9999 -9999 -9999 -9999 -9999 -9999 -9999 -9999 -9999 -9999 -9999 -9999 -9999 -9999 -9999 -102.101516723633 -99.5575618743896 -97.5174942016602 -96.0259399414062 -95.8616733551025 -96.9013061523438 -99.1101779937744 -102.437658309937 -106.485294342041 -111.280492782593 -116.066808700562 -120.239965438843 -123.226388931274 -124.701026916504 -124.269844055176 -122.586933135986 -119.93660736084 -116.451919555664 -113.932760238647 -111.712385177612 -110.92798614502 -111.565958023071 -112.319707870483 -113.179689407349 -114.729249954224 -116.333932876587 -118.055234909058 -119.59158706665 -120.56499671936 -121.160648345947 -121.833959579468 -122.45777130127 -123.30241394043
-9999 -9999 -9999 -9999 -9999 -9999 -9999 -9999 -9999 -9999 -9999 -9999 -9999 -9999 -9999 -9999 -9999 -9999 -9999 -102.527536392212 -99.6892375946045 -96.6828880310059 -94.0707530975342 -92.1501655578613 -91.6645069122314 -92.4883251190186 -94.4644985198975 -97.5113391876221 -101.495304107666 -106.337572097778 -111.116323471069 -115.175611495972 -118.345203399658 -119.861669540405 -119.789590835571 -118.644563674927 -116.617702484131 -114.072713851929 -111.801837921143 -110.164730072021 -109.959505081177 -110.83833694458 -111.940034866333 -113.020120620728 -114.724740982056 -116.75647354126 -118.160305023193 -118.994699478149 -120.380935668945 -120.93874168396 -121.121772766113 -121.884468078613 -121.572910308838
-9999 -9999 -9999 -9999 -9999 -9999 -9999 -9999 -9999 -9999 -9999 -9999 -9999 -9999 -9999 -9999 -9999 -9999 -9999 -102.966804504395 -99.1659259796143 -95.2115802764893 -91.8023777008057 -89.3502712249756 -88.6120986938477 -89.0641288757324 -91.0363311767578 -93.9030590057373 -97.6371402740479 -102.122755050659 -106.446462631226 -110.482862472534 -113.372819900513 -115.016431808472 -115.132759094238 -114.479173660278 -112.943872451782 -111.096326828003 -109.356927871704 -108.345132827759 -108.190971374512 -109.23436164856 -110.590057373047 -112.067316055298 -113.932748794556 -115.72451210022 -117.126167297363 -118.052490234375 -118.587198257446 -119.130281448364 -119.497890472412 -120.1439037323 -119.339708328247
-9999 -9999 -9999 -9999 -9999 -9999 -9999 -9999 -9999 -9999 -9999 -9999 -9999 -9999 -9999 -9999 -9999 -9999 -9999 -9999 -98.9738426208496 -94.2360515594482 -90.2988300323486 -87.4250793457031 -86.517822265625 -86.6742553710938 -88.6031703948975 -91.2827949523926 -94.9257888793945 -98.969144821167 -103.476493835449 -107.076379776001 -109.646739959717 -111.072101593018 -111.064428329468 -110.610536575317 -109.017179489136 -107.689811706543 -106.620519638062 -105.813507080078 -105.70005607605 -106.816244125366 -108.702085494995 -110.701768875122 -112.547323226929 -114.148494720459 -115.286571502686 -116.324411392212 -116.702159881592 -117.268932342529 -117.717590332031 -117.864543914795 -117.059240341187
-9999 -9999 -9999 -9999 -9999 -9999 -9999 -9999 -9999 -9999 -9999 -9999 -9999 -9999 -9999 -9999 -9999 -9999 -9999 -9999 -98.1805248260498 -92.943510055542 -88.6964588165283 -85.7571220397949 -84.8247718811035 -85.2958354949951 -87.1741409301758 -89.8035125732422 -93.5204429626465 -97.339771270752 -101.134000778198 -104.3235206604 -106.80885887146 -107.828384399414 -107.593301773071 -106.784013748169 -105.606464385986 -104.419376373291 -103.408586502075 -103.134593963623 -103.426828384399 -104.49555015564 -106.412405014038 -108.825206756592 -110.722368240356 -112.404085159302 -113.511343002319 -114.334058761597 -114.816082000732 -115.003034591675 -115.403612136841 -114.995674133301 -114.35530090332
-9999 -9999 -9999 -9999 -9999 -9999 -9999 -9999 -9999 -9999 -9999 -9999 -9999 -9999 -9999 -9999 -9999 -9999 -9999 -9999 -9999 -90.5384712219238 -86.6064052581787 -84.2615585327148 -83.7159862518311 -84.6108360290527 -86.9138011932373 -89.695219039917 -93.474422454834 -97.0531558990479 -100.126821517944 -102.503862380981 -104.074588775635 -104.821836471558 -104.350542068481 -103.611219406128 -102.447748184204 -101.29246711731 -100.542242050171 -100.522644042969 -100.991588592529 -102.329582214355 -104.159280776978 -106.280492782593 -108.564619064331 -110.199052810669 -111.48567199707 -112.208950042725 -112.458200454712 -111.954690933228 -111.82855796814 -111.976049423218 -111.754909515381
-9999 -9999 -9999 -9999 -9999 -9999 -9999 -9999 -9999 -9999 -9999 -9999 -9999 -9999 -9999 -9999 -9999 -9999 -9999 -9999 -9999 -87.3599319458008 -83.647439956665 -82.7773399353027 -83.080509185791 -84.4857044219971 -87.1780776977539 -90.262035369873 -94.1249446868896 -97.4521331787109 -100.203765869141 -102.050363540649 -102.746473312378 -102.68710899353 -101.878219604492 -100.773164749146 -99.5381870269775 -98.3023872375488 -97.5945644378662 -97.6025505065918 -98.3587093353271 -99.903112411499 -101.889856338501 -103.959499359131 -105.783142089844 -107.276071548462 -108.402824401855 -109.066265106201 -109.241083145142 -108.735038757324 -108.416324615479 -109.04866027832 -108.749677658081
-9999 -9999 -9999 -9999 -9999 -9999 -9999 -9999 -9999 -9999 -9999 -9999 -9999 -9999 -9999 -9999 -9999 -9999 -9999 -9999 -9999 -9999 -9999 -9999 -82.1966209411621 -84.7216300964355 -87.8815593719482 -91.378381729126 -94.7937717437744 -98.3042163848877 -100.500555038452 -101.889795303345 -102.070327758789 -101.254781723022 -99.8858184814453 -98.336088180542 -96.7317237854004 -95.3549575805664 -94.5432071685791 -94.575159072876 -95.3667087554932 -97.0558757781982 -99.2511730194092 -101.339113235474 -103.166687011719 -104.686918258667 -105.756231307983 -106.376546859741 -106.359895706177 -105.947303771973 -105.642267227173 -106.018358230591 -105.798013687134
-9999 -9999 -9999 -9999 -9999 -9999 -9999 -9999 -9999 -9999 -9999 -9999 -9999 -9999 -9999 -9999 -9999 -9999 -9999 -9999 -9999 -9999 -9999 -9999 -80.929105758667 -84.4154052734375 -88.4789180755615 -92.7979698181152 -96.1907291412354 -98.9815559387207 -101.168411254883 -101.872001647949 -101.61234664917 -100.128128051758 -98.0582542419434 -95.9788379669189 -94.0680065155029 -92.2563705444336 -91.2937679290771 -91.123779296875 -91.8699417114258 -93.5961799621582 -95.8765697479248 -98.0409870147705 -99.8642730712891 -101.475246429443 -102.53270149231 -103.033967971802 -102.830080032349 -102.781337738037 -102.464508056641 -102.23051071167 -102.319232940674
-9999 -9999 -9999 -9999 -9999 -9999 -9999 -9999 -9999 -9999 -9999 -9999 -9999 -9999 -9999 -9999 -9999 -9999 -9999 -9999 -9999 -9999 -9999 -9999 -78.5534687042236 -83.5901622772217 -89.0006561279297 -93.9414329528809 -97.470573425293 -100.08699798584 -101.448617935181 -102.153018951416 -101.584009170532 -99.7297325134277 -96.8976669311523 -93.99755859375 -91.3888912200928 -89.1557312011719 -87.5393009185791 -86.9721221923828 -87.6840496063232 -89.2660846710205 -91.5798416137695 -93.9915084838867 -95.916576385498 -97.6073589324951 -98.569896697998 -99.0917167663574 -99.0500392913818 -99.1565132141113 -98.9819393157959 -98.7313137054443 -98.2322864532471
-9999 -9999 -9999 -9999 -9999 -9999 -9999 -9999 -9999 -9999 -9999 -9999 -9999 -9999 -9999 -9999 -9999 -9999 -9999 -9999 -9999 -9999 -9999 -9999 -75.4753742218018 -82.134370803833 -88.7432327270508 -94.529727935791 -98.6953983306885 -101.391633987427 -102.467304229736 -102.499563217163 -101.227416992188 -98.7542114257812 -95.2982635498047 -91.4950866699219 -88.4165363311768 -85.6568965911865 -83.7437171936035 -82.8188381195068 -83.2629013061523 -84.518533706665 -86.6156063079834 -89.0642433166504 -91.3252582550049 -92.9382381439209 -94.00998878479 -94.5764999389648 -94.8587608337402 -95.1717128753662 -95.1138820648193 -94.9220104217529 -94.6865863800049
-9999 -9999 -9999 -9999 -9999 -9999 -9999 -9999 -9999 -9999 -9999 -9999 -9999 -9999 -9999 -9999 -9999 -9999 -9999 -9999 -9999 -9999 -9999 -9999 -9999 -9999 -87.5110111236572 -94.3302955627441 -99.3555793762207 -102.357360839844 -103.833658218384 -103.571382522583 -101.837493896484 -98.6552391052246 -94.2662715911865 -89.8616676330566 -85.7665996551514 -82.49169921875 -79.9258689880371 -78.5873222351074 -78.4990863800049 -79.4870491027832 -81.184684753418 -83.5652656555176 -85.8868885040283 -87.6703338623047 -88.8664741516113 -89.5458908081055 -90.0995483398438 -90.5629425048828 -90.7243690490723 -90.7555370330811 -90.755651473999
-9999 -9999 -9999 -9999 -9999 -9999 -9999 -9999 -9999 -9999 -9999 -9999 -9999 -9999 -9999 -9999 -9999 -9999 -9999 -9999 -9999 -9999 -9999 -9999 -9999 -9999 -85.4593601226807 -93.2594528198242 -99.3373546600342 -103.319011688232 -104.995208740234 -104.77886390686 -102.393238067627 -98.5846195220947 -93.5278167724609 -88.2824020385742 -83.3944759368896 -79.3031673431396 -76.090934753418 -74.1475315093994 -73.6284503936768 -74.0707340240479 -75.5030555725098 -77.590934753418 -79.8143444061279 -81.7296695709229 -83.0812530517578 -84.1459350585938 -84.8317737579346 -85.4156188964844 -85.9793548583984 -86.3101367950439 -86.6888732910156
-9999 -9999 -9999 -9999 -9999 -9999 -9999 -9999 -9999 -9999 -9999 -9999 -9999 -9999 -9999 -9999 -9999 -9999 -9999 -9999 -9999 -9999 -9999 -9999 -9999 -72.6704177856445 -82.7810516357422 -91.5873031616211 -98.7415218353271 -103.674875259399 -105.916725158691 -105.425455093384 -102.756340026855 -98.4577026367188 -92.6792125701904 -86.5304927825928 -80.9021339416504 -75.8166694641113 -71.9471874237061 -69.5310955047607 -68.3723239898682 -68.4385719299316 -69.4452686309814 -71.0411281585693 -73.1954689025879 -75.1243877410889 -76.9183826446533 -78.2507877349854 -79.3322296142578 -80.4284858703613 -81.3014526367188 -82.2109527587891 -82.8745250701904
-9999 -9999 -9999 -9999 -9999 -9999 -9999 -9999 -9999 -9999 -9999 -9999 -9999 -9999 -9999 -9999 -9999 -9999 -9999 -9999 -9999 -9999 -9999 -9999 -9999 -68.4152355194092 -79.473653793335 -89.3821964263916 -97.4626388549805 -103.293203353882 -105.554376602173 -105.278205871582 -102.72327041626 -97.7539939880371 -91.3056621551514 -84.799524307251 -78.0177993774414 -72.2941150665283 -67.6216278076172 -64.4527473449707 -62.7276954650879 -62.3982410430908 -63.0150947570801 -64.6647548675537 -66.8757781982422 -69.2224388122559 -71.3047637939453 -73.1180591583252 -74.6635456085205 -75.988037109375 -77.5902156829834 -78.8763847351074 -79.9897155761719
-9999 -9999 -9999 -9999 -9999 -9999 -9999 -9999 -9999 -9999 -9999 -9999 -9999 -9999 -9999 -9999 -9999 -9999 -9999 -9999 -9999 -9999 -9999 -9999 -9999 -9999 -75.8553638458252 -86.5150661468506 -95.6373672485352 -102.209135055542 -104.942974090576 -104.46185874939 -100.948736190796 -95.2512092590332 -88.9094085693359 -81.8235607147217 -74.40065574646 -68.0707912445068 -63.1006870269775 -59.4614009857178 -57.1915893554688 -56.4754753112793 -56.9498748779297 -58.6230201721191 -60.9646873474121 -63.6082897186279 -66.1991901397705 -68.5082454681396 -70.540901184082 -72.3701171875 -74.1297702789307 -75.8745708465576 -77.3967456817627
-9999 -9999 -9999 -9999 -9999 -9999 -9999 -9999 -9999 -9999 -9999 -9999 -9999 -9999 -9999 -9999 -9999 -9999 -9999 -9999 -9999 -9999 -9999 -9999 -9999 -9999 -9999 -82.9915370941162 -92.5394763946533 -99.4892044067383 -102.768264770508 -101.953639984131 -97.9318008422852 -92.2023639678955 -85.2117176055908 -77.7595443725586 -69.891939163208 -63.2922325134277 -58.2649230957031 -54.2942199707031 -51.7845325469971 -50.6374378204346 -51.1251640319824 -52.7992401123047 -55.3194637298584 -58.3938159942627 -61.5659790039062 -64.6582832336426 -67.4439144134521 -69.9232540130615 -71.8525791168213 -73.7450141906738 -75.5559368133545
-9999 -9999 -9999 -9999 -9999 -9999 -9999 -9999 -9999 -9999 -9999 -9999 -9999 -9999 -9999 -9999 -9999 -9999 -9999 -9999 -9999 -9999 -9999 -9999 -9999 -9999 -9999 -78.1242198944092 -87.5794715881348 -94.2696208953857 -97.6097202301025 -96.9739856719971 -93.539342880249 -87.6835613250732 -80.5839195251465 -72.7797870635986 -64.9164447784424 -58.3267078399658 -52.9117488861084 -49.0431118011475 -46.4771327972412 -45.3165550231934 -45.7111511230469 -47.5540161132812 -50.4042148590088 -53.8510284423828 -57.6992130279541 -61.5257167816162 -65.1289920806885 -68.1064720153809 -70.6993007659912 -72.9600105285645 -75.203332901001
-9999 -9999 -9999 -9999 -9999 -9999 -9999 -9999 -9999 -9999 -9999 -9999 -9999 -9999 -9999 -9999 -9999 -9999 -9999 -9999 -9999 -9999 -9999 -9999 -9999 -9999 -9999 -71.7322063446045 -80.6417446136475 -87.2005367279053 -90.3705577850342 -90.0846729278564 -86.911169052124 -81.3998012542725 -74.4333248138428 -66.8123435974121 -59.1896629333496 -52.8006172180176 -47.5953617095947 -43.8991680145264 -41.5215950012207 -40.5378589630127 -41.1260566711426 -43.200325012207 -46.36106300354 -50.3568096160889 -54.6957035064697 -59.3220901489258 -63.6473541259766 -67.3843307495117 -70.6329574584961 -73.3836669921875 -75.8103008270264
-9999 -9999 -9999 -9999 -9999 -9999 -9999 -9999 -9999 -9999 -9999 -9999 -9999 -9999 -9999 -9999 -9999 -9999 -9999 -9999 -9999 -9999 -9999 -9999 -9999 -9999 -9999 -63.9643726348877 -72.1682147979736 -78.1979236602783 -80.8311367034912 -80.7044219970703 -77.8438777923584 -73.1118602752686 -66.7315845489502 -59.6621322631836 -53.0129508972168 -47.0751972198486 -42.307933807373 -38.8894386291504 -36.9290428161621 -36.4271392822266 -37.4038505554199 -39.7335243225098 -43.3495426177979 -47.8877277374268 -53.051628112793 -58.3204307556152 -63.1528434753418 -67.578706741333 -71.4340782165527 -74.8874244689941 -77.6511116027832
-9999 -9999 -9999 -9999 -9999 -9999 -9999 -9999 -9999 -9999 -9999 -9999 -9999 -9999 -9999 -9999 -9999 -9999 -9999 -9999 -9999 -9999 -9999 -9999 -9999 -9999 -9999 -54.6235160827637 -61.7206897735596 -67.0551853179932 -69.3771381378174 -69.1967582702637 -66.9643611907959 -63.0011501312256 -57.9136962890625 -51.9660205841064 -46.338493347168 -41.3550624847412 -37.2338676452637 -34.3262481689453 -32.8905353546143 -32.9768314361572 -34.4284133911133 -37.3295230865479 -41.5538539886475 -46.6316146850586 -52.258975982666 -57.9888095855713 -63.5461559295654 -68.5689105987549 -73.0401210784912 -76.6470565795898 -79.1905517578125
-9999 -9999 -9999 -9999 -9999 -9999 -9999 -9999 -9999 -9999 -9999 -9999 -9999 -9999 -9999 -9999 -9999 -9999 -9999 -9999 -9999 -9999 -9999 -9999 -9999 -9999 -9999 -9999 -50.1159973144531 -54.5429821014404 -56.6405048370361 -56.7947902679443 -55.2838916778564 -52.4531440734863 -48.5404624938965 -43.94358253479 -39.5670738220215 -35.57666015625 -32.3056221008301 -30.3174781799316 -29.5892028808594 -30.2744941711426 -32.3050003051758 -35.8154602050781 -40.6610107421875 -46.3923034667969 -52.6148223876953 -59.0556449890137 -65.1224193572998 -70.4937858581543 -74.9376411437988 -78.434211730957 -80.6636161804199
-9999 -9999 -9999 -9999 -9999 -9999 -9999 -9999 -9999 -9999 -9999 -9999 -9999 -9999 -9999 -9999 -9999 -9999 -9999 -9999 -9999 -9999 -9999 -9999 -9999 -9999 -9999 -9999 -37.9845867156982 -41.6881580352783 -43.7805557250977 -44.3764877319336 -43.702564239502 -42.0141353607178 -39.3088836669922 -36.2575263977051 -33.0780124664307 -30.2084922790527 -27.9761924743652 -26.8646602630615 -26.940149307251 -28.3535785675049 -31.0442714691162 -35.2907657623291 -40.7862396240234 -47.036828994751 -53.7749099731445 -60.6769561767578 -67.0600509643555 -72.6193046569824 -77.3115940093994 -80.1297760009766 -81.8495807647705
