indici/fabbisogno10.asc
NCOLS 177 
NROWS 174 
XLLCORNER 1436301.375 
YLLCORNER 4916704.5 
CELLSIZE 1500 
NODATA_value -9999 
[rows 40 to 59 of 174, columns 44 to 87 of 177]
-141.891540527344 -143.193801879883 -146.14030456543 -151.648101806641 -157.082336425781 -162.414642333984 -167.284912109375 -171.862594604492 -176.177581787109 -176.489196777344 -176.348083496094 -176.117263793945 -175.586044311523 -174.86669921875 -173.331573486328 -168.639419555664 -159.586151123047 -150.787124633789 -141.972320556641 -132.796401977539 -124.188804626465 -116.036750793457 -118.568168640137 -121.674346923828 -124.408912658691 -124.281059265137 -122.805770874023 -120.435585021973 -117.707374572754 -114.539459228516 -111.810386657715 -109.344146728516 -107.565986633301 -106.02360534668 -104.650421142578 -103.000427246094 -101.345016479492 -99.6932144165039 -98.2516784667969 -96.9022979736328 -95.629264831543 -95.0340423583984 -95.1832580566406 -95.7285079956055
-142.377258300781 -143.913177490234 -147.099426269531 -152.865982055664 -158.483795166016 -163.928298950195 -168.621627807617 -173.051879882812 -177.243957519531 -177.676010131836 -177.673965454102 -177.592758178711 -177.125869750977 -176.42561340332 -174.853317260742 -170.030120849609 -160.640670776367 -151.703994750977 -143.09423828125 -135.500381469727 -128.268539428711 -121.333351135254 -122.91618347168 -124.985816955566 -126.693054199219 -125.79248046875 -123.619468688965 -120.400283813477 -116.756484985352 -112.576057434082 -109.192085266113 -106.356147766113 -105.060920715332 -103.950164794922 -102.976524353027 -101.769721984863 -100.546997070312 -99.3077774047852 -98.1725845336914 -97.0967788696289 -96.1770935058594 -95.9105072021484 -96.3915023803711 -97.1244201660156
-142.939193725586 -144.640365600586 -147.997650146484 -153.953948974609 -159.726699829102 -165.267700195312 -169.767196655273 -174.021545410156 -178.051940917969 -178.563674926758 -178.657699584961 -178.675064086914 -178.22151184082 -177.495513916016 -176.055465698242 -171.275817871094 -161.725372314453 -152.611541748047 -144.094589233398 -137.984069824219 -132.115814208984 -126.452514648438 -127.169578552246 -128.260360717773 -128.997894287109 -127.379180908203 -124.58519744873 -120.836433410645 -116.607261657715 -111.751037597656 -107.79808807373 -104.611175537109 -103.835189819336 -103.148338317871 -102.528877258301 -101.717750549316 -100.905891418457 -100.111213684082 -99.3180770874023 -98.5391845703125 -97.8931350708008 -97.8732833862305 -98.600944519043 -99.6293411254883
-143.595657348633 -145.377426147461 -148.821273803711 -154.883239746094 -160.776626586914 -166.396148681641 -170.683044433594 -174.729721069336 -178.555099487305 -179.102355957031 -179.246856689453 -179.309417724609 -178.817581176758 -178.020629882812 -176.906097412109 -172.363082885742 -162.839431762695 -153.5107421875 -144.972793579102 -140.249298095703 -135.734603881836 -131.400451660156 -131.334320068359 -131.50129699707 -131.321502685547 -129.031265258789 -125.674926757812 -121.655174255371 -117.093200683594 -111.802604675293 -107.323036193848 -103.764984130859 -103.503486633301 -103.206565856934 -102.880836486816 -102.405540466309 -101.961128234863 -101.601615905762 -101.143104553223 -100.646453857422 -100.20384979248 -100.405487060547 -101.400756835938 -102.843566894531
-144.077590942383 -145.647323608398 -148.882400512695 -154.750610351562 -160.463882446289 -165.866958618164 -169.680618286133 -173.257064819336 -176.612777709961 -176.50244140625 -175.95036315918 -175.304412841797 -174.104476928711 -172.604568481445 -171.179122924805 -167.353897094727 -160.006134033203 -152.636734008789 -145.771896362305 -141.559722900391 -137.512481689453 -133.608947753906 -133.11686706543 -132.816757202148 -132.182708740234 -129.928039550781 -126.849479675293 -123.416297912598 -119.849563598633 -116.105796813965 -113.116729736328 -110.890098571777 -111.298561096191 -111.554458618164 -111.685455322266 -111.084739685059 -110.48755645752 -110.035102844238 -109.79426574707 -109.657745361328 -109.496673583984 -110.140350341797 -111.836402893066 -114.110038757324
-144.468551635742 -145.742034912109 -148.684112548828 -154.274322509766 -159.723007202148 -164.82878112793 -168.099090576172 -171.144515991211 -173.979339599609 -173.054458618164 -171.646621704102 -170.156265258789 -168.143142700195 -165.851287841797 -163.964538574219 -160.944244384766 -156.243408203125 -151.325897216797 -146.529281616211 -142.667907714844 -138.934722900391 -135.31526184082 -134.491668701172 -133.831176757812 -132.8564453125 -130.772750854492 -128.119232177734 -125.378265380859 -122.939575195312 -120.938941955566 -119.564994812012 -118.726692199707 -119.674781799316 -120.397331237793 -120.93236541748 -120.127922058105 -119.283851623535 -118.631958007812 -118.513061523438 -118.658782958984 -118.753044128418 -119.843925476074 -122.291564941406 -125.303184509277
-144.531204223633 -145.492416381836 -148.125518798828 -153.421966552734 -158.580505371094 -163.361557006836 -166.060516357422 -168.602096557617 -170.995040893555 -169.336090087891 -167.188781738281 -165.073364257812 -162.464508056641 -159.585433959961 -157.005767822266 -154.534942626953 -152.252136230469 -149.793975830078 -147.15885925293 -143.721755981445 -140.350021362305 -137.037368774414 -135.912414550781 -134.933135986328 -133.709671020508 -131.877532958984 -129.729995727539 -127.639533996582 -126.27237701416 -125.97388458252 -126.055809020996 -126.430770874023 -127.73120880127 -128.873245239258 -129.879669189453 -128.949508666992 -127.898254394531 -127.028099060059 -127.003494262695 -127.418899536133 -127.871047973633 -129.498397827148 -132.793838500977 -136.38623046875
-143.882934570312 -144.524703979492 -146.714492797852 -151.378555297852 -155.905883789062 -160.081314086914 -162.319290161133 -164.466903686523 -166.528625488281 -164.443054199219 -161.888778686523 -159.485504150391 -156.969909667969 -154.400985717773 -152.039367675781 -150.26025390625 -149.376663208008 -148.340362548828 -147.014114379883 -144.224487304688 -141.443176269531 -138.669891357422 -137.58366394043 -136.636016845703 -135.523864746094 -134.124114990234 -132.577102661133 -131.236312866211 -130.880630493164 -132.013381958008 -133.277801513672 -134.58349609375 -135.850372314453 -137.012893676758 -138.082122802734 -137.245727539062 -136.271682739258 -135.475921630859 -135.480911254883 -135.913696289062 -136.465469360352 -138.222320556641 -141.760452270508 -145.316619873047
-142.35432434082 -142.669998168945 -144.255126953125 -147.876800537109 -151.365325927734 -154.604431152344 -156.53010559082 -158.431793212891 -160.310577392578 -158.173416137695 -155.611740112305 -153.317169189453 -151.672668457031 -150.406890869141 -149.241241455078 -148.298126220703 -147.697143554688 -146.983795166016 -146.076538085938 -144.172897338867 -142.217254638672 -140.212585449219 -139.483627319336 -138.881896972656 -138.188079833984 -137.359451293945 -136.465866088867 -135.927001953125 -136.507461547852 -138.830856323242 -141.049255371094 -143.069061279297 -144.020660400391 -144.930999755859 -145.803894042969 -145.205383300781 -144.493606567383 -143.948303222656 -143.954940795898 -144.269638061523 -144.795150756836 -146.492706298828 -150.000457763672 -153.271438598633
-140.687194824219 -140.708694458008 -141.722564697266 -144.334197998047 -146.868255615234 -149.269775390625 -150.984527587891 -152.687606811523 -154.379211425781 -152.185562133789 -149.588760375977 -147.31071472168 -146.436294555664 -146.380950927734 -146.395248413086 -146.279586791992 -145.945343017578 -145.463592529297 -144.854049682617 -143.71875 -142.564529418945 -141.393661499023 -141.093215942383 -140.885833740234 -140.610412597656 -140.349868774414 -140.10546875 -140.123336791992 -141.38508605957 -144.645523071289 -147.818695068359 -150.649429321289 -151.365173339844 -152.027252197266 -152.636688232422 -152.199203491211 -151.715042114258 -151.486343383789 -151.569244384766 -151.831359863281 -152.199829101562 -153.715530395508 -157.08283996582 -159.993545532227
-138.866989135742 -138.618667602539 -139.096038818359 -140.746475219727 -142.389587402344 -144.015426635742 -145.553207397461 -147.07698059082 -148.5869140625 -146.379318237305 -143.791702270508 -141.561248779297 -141.408004760742 -142.476806640625 -143.600402832031 -144.3056640625 -144.325134277344 -144.152069091797 -143.886322021484 -143.388565063477 -142.916549682617 -142.470809936523 -142.565582275391 -142.717987060547 -142.815170288086 -143.083023071289 -143.457489013672 -143.966018676758 -145.747543334961 -149.627944946289 -153.450119018555 -156.839752197266 -157.360061645508 -157.811050415039 -158.19221496582 -157.866973876953 -157.557220458984 -157.596237182617 -157.799987792969 -158.107330322266 -158.419311523438 -159.76513671875 -162.839706420898 -165.236236572266
-136.154571533203 -135.759292602539 -135.894378662109 -136.889923095703 -137.947387695312 -139.066207885742 -140.472778320312 -141.862686157227 -143.236053466797 -141.313186645508 -139.067153930664 -137.214370727539 -137.629989624023 -139.398376464844 -141.209991455078 -142.66633605957 -143.529861450195 -144.151031494141 -144.570602416992 -144.105987548828 -143.717697143555 -143.407196044922 -143.66911315918 -144.003128051758 -144.2978515625 -144.966644287109 -145.868850708008 -146.777236938477 -148.674011230469 -152.249069213867 -155.813201904297 -159.020736694336 -159.589141845703 -160.06999206543 -160.459762573242 -160.268310546875 -160.128845214844 -160.435928344727 -160.966186523438 -161.640808105469 -162.211715698242 -163.522689819336 -166.126052856445 -167.844451904297
-133.526153564453 -133.026565551758 -132.863220214844 -133.24723815918 -133.726211547852 -134.332229614258 -135.603134155273 -136.865356445312 -138.118988037109 -136.495452880859 -134.599136352539 -133.106018066406 -134.070190429688 -136.51985168457 -138.990631103516 -141.167572021484 -142.84538269043 -144.267578125 -145.39860534668 -144.986801147461 -144.667877197266 -144.444274902344 -144.823471069336 -145.283554077148 -145.703979492188 -146.695755004883 -148.05029296875 -149.362808227539 -151.388931274414 -154.662841796875 -157.976287841797 -161.007095336914 -161.633758544922 -162.182052612305 -162.647094726562 -162.655624389648 -162.719360351562 -163.210678100586 -163.979156494141 -164.931991577148 -165.632797241211 -166.787963867188 -168.780029296875 -169.94367980957
-131.001571655273 -130.45002746582 -130.041397094727 -129.86604309082 -129.774017333984 -129.858764648438 -130.986740112305 -132.126358032227 -133.277694702148 -131.968139648438 -130.42805480957 -129.270492553711 -130.757034301758 -133.864044189453 -136.959274291992 -139.821029663086 -142.279006958008 -144.506362915039 -146.372894287109 -146.030685424805 -145.764694213867 -145.578521728516 -146.026153564453 -146.560699462891 -147.042877197266 -148.291107177734 -150.037506103516 -151.761749267578 -153.935668945312 -156.916854858398 -159.989883422852 -162.851486206055 -163.548187255859 -164.192764282227 -164.780227661133 -165.031448364258 -165.321380615234 -165.947525024414 -166.905410766602 -168.092178344727 -168.864410400391 -169.810531616211 -171.120559692383 -171.783843994141
-130.227355957031 -129.701477050781 -129.279663085938 -129.028625488281 -128.851654052734 -128.825073242188 -129.680633544922 -130.568359375 -131.488479614258 -130.445266723633 -129.22917175293 -128.375381469727 -130.148086547852 -133.550659179688 -136.906143188477 -140.038070678711 -142.778076171875 -145.307037353516 -147.458587646484 -147.141860961914 -146.884521484375 -146.690612792969 -147.190353393555 -147.788604736328 -148.321411132812 -149.679595947266 -151.5859375 -153.48600769043 -155.747192382812 -158.68342590332 -161.766845703125 -164.669342041016 -165.248153686523 -165.796798706055 -166.311737060547 -166.659622192383 -167.042266845703 -167.664794921875 -168.528289794922 -169.560546875 -170.01123046875 -170.639602661133 -171.685897827148 -172.253982543945
-129.941497802734 -129.462463378906 -129.090698242188 -128.89567565918 -128.765594482422 -128.737518310547 -129.280319213867 -129.874114990234 -130.519653320312 -129.718002319336 -128.804290771484 -128.223678588867 -130.201751708984 -133.789398193359 -137.308624267578 -140.606689453125 -143.510879516602 -146.227996826172 -148.569625854492 -148.270523071289 -148.015502929688 -147.808547973633 -148.360290527344 -149.025512695312 -149.61604309082 -151.070953369141 -153.115509033203 -155.168243408203 -157.521530151367 -160.453338623047 -163.558898925781 -166.498413085938 -166.91178894043 -167.325485229492 -167.741607666016 -168.162002563477 -168.618347167969 -169.205703735352 -169.94303894043 -170.788208007812 -170.962554931641 -171.316268920898 -172.133453369141 -172.610961914062
-129.6181640625 -129.195083618164 -128.882461547852 -128.752517700195 -128.696334838867 -128.700790405273 -128.963714599609 -129.286529541016 -129.670608520508 -129.120407104492 -128.505126953125 -128.139938354492 -130.266616821289 -133.982498168945 -137.677490234375 -141.154632568359 -144.235870361328 -147.150543212891 -149.692428588867 -149.419372558594 -149.177963256836 -148.9716796875 -149.587982177734 -150.337707519531 -151.018051147461 -152.600143432617 -154.813827514648 -157.029449462891 -159.48649597168 -162.42301940918 -165.483520507812 -168.366653442383 -168.52018737793 -168.72785949707 -169.004058837891 -169.453247070312 -169.940078735352 -170.420135498047 -170.96418762207 -171.554595947266 -171.528503417969 -171.6875 -172.354385375977 -172.765548706055
-129.776458740234 -129.365325927734 -129.040237426758 -128.857635498047 -128.757034301758 -128.709686279297 -128.853302001953 -129.06706237793 -129.353469848633 -129.12907409668 -128.877243041992 -128.793014526367 -130.869293212891 -134.337615966797 -137.826507568359 -141.15934753418 -144.208709716797 -147.10774230957 -149.680480957031 -149.703872680664 -149.752029418945 -149.827880859375 -150.715377807617 -151.746215820312 -152.717697143555 -154.410568237305 -156.616607666016 -158.813934326172 -161.150054931641 -163.772338867188 -166.461151123047 -168.98583984375 -168.99462890625 -169.11262512207 -169.370651245117 -169.711975097656 -170.03515625 -170.204788208008 -170.454666137695 -170.768966674805 -170.51953125 -170.432403564453 -170.831069946289 -171.051910400391
-130.530944824219 -130.076019287109 -129.648788452148 -129.267364501953 -128.976669311523 -128.772735595703 -128.98942565918 -129.285003662109 -129.66291809082 -129.846069335938 -130.02473449707 -130.286819458008 -132.081970214844 -134.877151489258 -137.739685058594 -140.581817626953 -143.38818359375 -146.064300537109 -148.5068359375 -149.119674682617 -149.745346069336 -150.38525390625 -151.745452880859 -153.239181518555 -154.679046630859 -156.468490600586 -158.51091003418 -160.538528442383 -162.579040527344 -164.647048950195 -166.733932495117 -168.694137573242 -168.669189453125 -168.80322265625 -169.147323608398 -169.322067260742 -169.389587402344 -169.159561157227 -169.089401245117 -169.152450561523 -168.704010009766 -168.381988525391 -168.490829467773 -168.503524780273
-131.249633789062 -130.767852783203 -130.255722045898 -129.692565917969 -129.231399536133 -128.890594482422 -129.200942993164 -129.558090209961 -129.964157104492 -130.489196777344 -131.048431396484 -131.652252197266 -133.168548583984 -135.286315917969 -137.521362304688 -139.868881225586 -142.431289672852 -144.898773193359 -147.224227905273 -148.447280883789 -149.659271240234 -150.856903076172 -152.684600830078 -154.638824462891 -156.561584472656 -158.470672607422 -160.364730834961 -162.259368896484 -164.048446655273 -165.6015625 -167.119720458984 -168.535034179688 -168.505615234375 -168.564498901367 -168.740997314453 -168.496307373047 -168.09196472168 -167.461074829102 -167.066711425781 -166.877090454102 -166.295288085938 -165.819625854492 -165.72380065918 -165.651168823242
