indici/fabbisogno06.asc
NCOLS 177 
NROWS 174 
XLLCORNER 1436301.375 
YLLCORNER 4916704.5 
CELLSIZE 1500 
NODATA_value -9999 
[rows 60 to 79 of 174, columns 44 to 87 of 177]
-61.0718105316162 -58.212610244751 -56.8600742340088 -56.4213298797607 -56.7756355285645 -59.1984802246094 -59.1228576660156 -57.6481979370117 -59.0722541809082 -58.4088417053223 -58.310729598999 -58.5759727478027 -58.892094039917 -60.8531433105469 -59.3692085266113 -59.9810104370117 -58.5136436462402 -56.672102355957 -60.8487590789795 -67.3934753417969 -61.2317077636719 -63.5202632904053 -68.4015731811523 -73.2206314086914 -77.7851516723633 -85.0627407073975 -93.0630073547363 -94.9400882720947 -101.596011734009 -97.9044319152832 -106.286264038086 -102.595406341553 -101.271455764771 -100.089339065552 -102.264360427856 -103.408675765991 -104.575891113281 -105.34686164856 -104.233850860596 -96.8939147949219 -101.039287948608 -99.6758075714111 -101.585178756714 -101.183088684082
-128.827545166016 -55.393729019165 -56.1050350189209 -55.8630550384521 -56.2576755523682 -58.3462631225586 -60.9734390258789 -60.2081142425537 -61.5605701446533 -66.8189693450928 -65.7201412200928 -65.7536266326904 -63.3429664611816 -63.1140247344971 -63.8393657684326 -63.4445907592773 -62.7794925689697 -63.0905815124512 -61.735319519043 -67.0662269592285 -66.4411808013916 -66.9840785980225 -71.2149757385254 -76.8831966400146 -80.903071975708 -91.4096954345703 -92.1137111663818 -92.9565002441406 -97.7572101593018 -96.9752124786377 -103.168044662476 -103.467961120605 -100.281357192993 -99.46237449646 -100.725158309937 -99.9337055206299 -99.7680641174316 -104.513441085815 -100.736291503906 -95.3664970397949 -95.9274208068848 -101.75482749939 -98.8979145050049 -95.8015815734863
-127.182861328125 -127.182723999023 -54.3218685150146 -55.280237197876 -57.8442512512207 -59.1872364044189 -62.7890201568603 -63.8092147827148 -65.0806285858154 -65.9014110565186 -68.7328552246094 -67.6025768280029 -67.2929092407227 -66.4708915710449 -68.8837368011475 -67.4769119262695 -67.5957164764404 -65.5039546966553 -64.081315612793 -65.9156364440918 -67.6210010528564 -69.822908782959 -76.0970233917236 -79.5145160675049 -83.8128219604492 -87.2570575714111 -90.9519523620606 -93.7041538238525 -96.3310527801514 -98.307568359375 -103.254027938843 -100.75435295105 -100.019651031494 -99.8043865203857 -100.015014648438 -100.022235488892 -99.0067691802979 -98.905419921875 -97.2926193237305 -96.4110420227051 -97.5898014068603 -103.005099105835 -103.220150375366 -95.5609058380127
-125.723449707031 -125.769309997559 -53.5923637390137 -54.9913261413574 -57.3509788513184 -58.6398071289062 -64.6851486206055 -65.6743385314941 -68.8589290618896 -69.6548965454102 -69.8792533874512 -70.4434986114502 -71.732421875 -70.4683143615723 -71.3285621643066 -71.6885585784912 -70.4299438476562 -69.5830383300781 -68.5661197662353 -68.9760139465332 -71.1354042053223 -72.3088207244873 -76.5000827789307 -81.5706985473633 -85.3519592285156 -88.9795249938965 -91.8073745727539 -94.7914569854736 -97.1238162994385 -98.1617527008057 -99.3211006164551 -100.071670150757 -99.5141765594482 -99.0111831665039 -99.1023948669434 -100.787411880493 -99.6838493347168 -99.4670066833496 -99.9686412811279 -98.4294090270996 -97.5785243988037 -99.948401260376 -99.8126091003418 -96.9522560119629
-124.732635498047 -51.2686748504639 -52.7267822265625 -54.7690570831299 -57.3359157562256 -61.6903732299805 -65.2461933135986 -67.2030200958252 -72.4843002319336 -71.7333583831787 -71.8991622924805 -72.65791015625 -73.932222366333 -72.2919216156006 -73.5470771789551 -72.2152488708496 -72.0130786895752 -71.769393157959 -72.021089553833 -72.7822841644287 -74.3006191253662 -75.2323303222656 -78.9508750915527 -84.4593250274658 -86.3239906311035 -90.8733451843262 -92.5369571685791 -94.6092380523682 -96.72897605896 -97.5256355285645 -100.378540039062 -99.0649505615234 -97.6771598815918 -97.5138156890869 -97.1570701599121 -96.9819259643555 -97.0744766235352 -98.0301998138428 -104.875185775757 -104.214837646484 -96.5367004394531 -95.9238628387451 -96.7591815948486 -96.5191539764404
-123.882385253906 -49.8760406494141 -50.9299163818359 -53.9551147460937 -58.7310028076172 -61.4207012176514 -66.118815612793 -68.639905166626 -71.3612174987793 -74.9166843414307 -73.1368137359619 -74.5405242919922 -75.2249313354492 -75.6449851989746 -73.9345825195312 -74.1120758056641 -73.216100692749 -73.9932048797607 -73.6663375854492 -75.9103618621826 -77.6309898376465 -78.3795280456543 -81.4881076812744 -90.1362922668457 -88.6164360046387 -89.8208545684814 -93.1782192230225 -95.2906932830811 -96.9934684753418 -96.4795387268066 -100.305198669434 -97.5891941070557 -96.5017852783203 -95.6833324432373 -95.3477947235107 -96.3564842224121 -95.1095085144043 -98.3428050994873 -100.025039291382 -104.576734161377 -97.7845848083496 -96.0469528198242 -95.2780921936035 -95.1802616119385
-53.7658535003662 -50.6988819122314 -51.7497310638428 -55.6961578369141 -58.2692192077637 -59.8745498657227 -64.2619766235351 -68.456111907959 -72.1977111816406 -74.476953125 -75.5545364379883 -75.6788200378418 -78.6938774108887 -77.4961532592773 -75.8956745147705 -75.5641105651855 -76.6218681335449 -76.9933094024658 -77.1406421661377 -78.0530906677246 -80.8160430908203 -81.7312347412109 -84.4002998352051 -87.3813961029053 -88.2338481903076 -90.6221740722656 -92.3887386322021 -94.1297306060791 -95.814249420166 -95.7481971740723 -95.8943714141846 -95.5326366424561 -94.8913791656494 -93.5864532470703 -93.8199012756348 -93.6693180084228 -93.4265300750732 -93.8879806518555 -97.1465225219727 -96.1394184112549 -99.878840637207 -96.0460220336914 -96.6378635406494 -96.3493450164795
-53.067085647583 -51.1992496490478 -51.2818828582764 -54.5678718566895 -57.0401485443115 -58.7979915618896 -63.7556663513184 -68.0990180969238 -73.8607849121094 -74.9050075531006 -78.6567016601562 -79.6372013092041 -77.8408088684082 -77.3002353668213 -75.8187408447266 -76.6732727050781 -78.3731739044189 -78.5996486663818 -77.1399929046631 -79.5414390563965 -81.5352111816406 -81.7380249023438 -84.0522483825684 -87.8380844116211 -88.2033790588379 -90.2344902038574 -91.7503532409668 -93.0374340057373 -94.1533935546875 -93.946923828125 -93.8878211975098 -93.962520980835 -92.9315517425537 -91.9654457092285 -92.0645854949951 -92.2220932006836 -91.5937824249268 -92.8482559204102 -96.7745723724365 -93.9139026641846 -95.673681640625 -95.7645130157471 -96.8383632659912 -94.8196994781494
-49.2483180999756 -49.5233936309814 -49.8710571289062 -51.7383945465088 -53.7650844573975 -59.4706874847412 -63.2937900543213 -68.6935604095459 -74.1494022369385 -76.9422458648682 -79.7909385681152 -80.0289131164551 -79.6587825775146 -77.6487934112549 -77.5340381622314 -77.5622333526611 -77.6160522460937 -77.9217021942139 -77.5182178497314 -79.4194660186768 -80.1264381408691 -80.9202930450439 -83.3087047576904 -85.7693256378174 -87.6961734771728 -89.4548191070557 -90.5541275024414 -91.582649230957 -92.2878608703613 -92.0461696624756 -91.9338584899902 -91.4318027496338 -90.926000213623 -90.4542011260986 -90.0791168212891 -90.0170986175537 -90.2380039215088 -91.0914058685303 -92.7429412841797 -93.1482669830322 -93.2351879119873 -93.902220916748 -94.5633502960205 -93.3765342712402
-49.8191402435303 -47.9770442962647 -48.5356758117676 -53.0241672515869 -57.2250160217285 -60.0378681182861 -65.2376831054687 -70.5421787261963 -76.527889251709 -79.4378673553467 -80.5541362762451 -81.2021785736084 -80.8608936309814 -79.6582855224609 -78.2916465759277 -77.3765972137451 -77.4787475585938 -77.7442523956299 -77.9222339630127 -79.3450595855713 -79.4951469421387 -81.3249984741211 -82.0630256652832 -84.3293296813965 -87.6591300964355 -88.525813293457 -89.2688056945801 -89.8448989868164 -90.2669437408447 -90.034606552124 -89.5168594360351 -89.5241760253906 -89.0799121856689 -88.321102142334 -87.5847526550293 -88.459534072876 -89.575804901123 -89.583177947998 -91.4420780181885 -93.1422172546387 -93.2076454162598 -93.7137195587158 -92.9323909759521 -93.0254531860352
-48.8524143218994 -47.2094421386719 -47.658801651001 -51.2927284240723 -56.8833950042725 -61.5277038574219 -66.8321201324463 -72.9585174560547 -78.4727825164795 -80.5320785522461 -81.0571262359619 -81.6773262023926 -81.2513423919678 -79.9363964080811 -78.3500324249268 -77.290022277832 -77.573286819458 -77.9253475189209 -77.0094387054443 -78.3284358978271 -78.817403793335 -79.3801319122314 -81.1097877502441 -82.5136299133301 -85.1256084442139 -86.5931251525879 -86.8511589050293 -87.2572540283203 -87.5399356842041 -87.2062694549561 -86.7877975463867 -86.2783241271973 -85.5487686157227 -84.9948574066162 -84.7539974212646 -85.5256595611572 -86.9034889221191 -87.4847896575928 -88.9410293579102 -91.6034210205078 -91.8331184387207 -91.1222148895264 -91.3845302581787 -91.4507339477539
-50.4760093688965 -49.3929428100586 -50.1744647979736 -54.1270530700684 -57.7984153747559 -61.2664314270019 -66.5094890594482 -71.9364067077637 -76.7865718841553 -78.4106674194336 -78.6449676513672 -79.4789531707764 -79.4094379425049 -78.5203800201416 -77.3486492156982 -76.5983303070068 -76.8369575500488 -76.9138439178467 -75.7309837341309 -76.4012256622314 -77.3075813293457 -76.8282627105713 -78.6649158477783 -79.2778903961182 -80.6663375854492 -82.0080284118652 -81.7502590179443 -81.7022922515869 -82.0292331695557 -81.4910888671875 -80.8276679992676 -80.2219306945801 -80.0958179473877 -80.1724952697754 -79.9855663299561 -81.0483306884766 -82.1256561279297 -82.8221710205078 -84.0612895965576 -84.8392673492432 -87.1913082122803 -86.8932312011719 -87.3735160827637 -87.3881690979004
-52.3776153564453 -51.7054210662842 -52.4141033172607 -56.0949123382568 -59.5104602813721 -62.5179019927978 -66.3307231903076 -70.5687187194824 -74.8669967651367 -76.175764465332 -76.6770378112793 -77.3187564849853 -77.4063098907471 -77.0856376647949 -76.3727806091309 -75.8148616790771 -76.0997657775879 -75.5138385772705 -74.3675189971924 -74.7972179412842 -75.5883193969727 -74.338883972168 -75.2737815856934 -75.655432510376 -76.5798900604248 -76.5611122131348 -76.4882442474365 -76.4077579498291 -76.5692459106445 -76.0814998626709 -74.7030849456787 -73.9664752960205 -74.270565032959 -74.841724395752 -75.2077346801758 -76.0275676727295 -76.9146064758301 -77.576428604126 -79.0753879547119 -80.1304344177246 -81.593726348877 -83.0543308258057 -83.9293972015381 -83.7432109832764
-53.8119873046875 -53.9585380554199 -54.8768997192383 -57.9201721191406 -60.7699977874756 -63.5825904846191 -66.5061798095703 -69.7226245880127 -72.8700168609619 -74.0020397186279 -74.3475696563721 -75.0418838500976 -75.3560493469238 -75.5459506988525 -75.2798259735107 -74.954695892334 -75.2305252075195 -74.2989776611328 -73.7515670776367 -73.0580142974853 -72.8557216644287 -71.9901424407959 -71.7415454864502 -72.4604656219482 -72.5878147125244 -72.1868816375732 -72.0530181884766 -71.9923557281494 -71.7349334716797 -70.4933662414551 -68.6843318939209 -68.0300624847412 -68.521004486084 -69.2630882263184 -70.1549011230469 -70.7749633789062 -71.6553894042969 -72.5227115631103 -73.5442981719971 -75.273609161377 -77.4228233337402 -79.1071445465088 -78.650394821167 -78.4219394683838
-54.2159355163574 -54.3861743927002 -55.6621181488037 -58.2618717193603 -60.8462577819824 -63.4754554748535 -65.9965702056885 -68.7742553710937 -71.5341567993164 -72.323473739624 -72.8847919464111 -73.7693004608154 -74.279895401001 -74.5759120941162 -74.2654232025146 -74.1213764190674 -73.5963500976562 -74.2474292755127 -73.9636253356934 -72.9877948760986 -71.704084777832 -69.9209457397461 -68.810424041748 -68.6163345336914 -68.01799659729 -67.4369243621826 -67.0635360717773 -66.7768169403076 -66.09352684021 -64.9238220214844 -63.7233879089355 -62.730680847168 -63.0268440246582 -63.4558208465576 -63.9783061981201 -64.503889465332 -65.2605243682861 -65.9722537994385 -66.9984153747559 -69.1823101043701 -71.5707500457764 -73.5191440582275 -72.4262107849121 -72.1759822845459
-54.2927265167236 -54.7091903686523 -55.8944526672363 -58.1909969329834 -60.7487243652344 -63.071813583374 -65.4529800415039 -67.8671588897705 -70.2029518127441 -71.2297874450684 -71.8999851226807 -72.7491497039795 -73.2297546386719 -73.6557590484619 -73.6885471343994 -73.339469909668 -73.0904060363769 -72.9521049499512 -72.7621116638184 -71.2750759124756 -69.6782608032227 -67.940096282959 -65.9981842041016 -64.3003395080566 -63.0442653656006 -62.6071815490723 -61.9655517578125 -61.2644954681396 -60.6167747497559 -59.5145435333252 -58.6133640289307 -57.7401626586914 -57.760563659668 -57.693856048584 -57.5910251617432 -58.01901512146 -58.7434303283691 -59.7419136047363 -61.0429145812988 -62.7883918762207 -64.7803634643555 -65.7733325958252 -65.183226776123 -64.2983074188232
-54.3878509521484 -55.1123676300049 -56.1556411743164 -58.3625152587891 -60.7317138671875 -62.8311676025391 -64.8668922424316 -67.0093807220459 -69.0783210754394 -70.0631336212158 -70.8834629058838 -71.7614677429199 -72.2949443817139 -72.7050666809082 -72.8571105957031 -72.56044921875 -72.3612091064453 -71.0248676300049 -71.6298461914062 -69.6794490814209 -67.5533866882324 -65.5337703704834 -63.0461784362793 -61.0501132965088 -58.9979412078857 -57.5409832000732 -56.855587387085 -55.934838104248 -55.1465812683105 -53.874446105957 -53.5210220336914 -52.7489368438721 -52.4189548492432 -51.8216445922852 -51.0903755187988 -51.476879119873 -52.3513854980469 -53.7372913360596 -54.6916172027588 -56.0915561676025 -57.4682914733887 -58.2874931335449 -57.2822704315186 -56.1048931121826
-53.1914615631104 -53.955383682251 -55.0615409851074 -57.0804233551025 -59.1613143920898 -61.1822380065918 -62.9995265960693 -64.8842304229736 -66.6805950164795 -67.7043575286865 -68.5529136657715 -69.5004100799561 -70.1254409790039 -70.4860050201416 -70.4556629180908 -70.8347568511963 -70.4566200256348 -70.040238571167 -69.500186920166 -67.3435073852539 -65.2020141601563 -62.8630012512207 -60.2063968658447 -57.8191856384277 -55.4520782470703 -53.8285541534424 -52.9933940887451 -52.2035045623779 -51.3794597625732 -50.6148223876953 -50.1734680175781 -49.5892017364502 -49.09694480896 -48.2377132415771 -47.5454746246338 -47.8999244689941 -48.5415073394775 -49.5099452972412 -50.2536514282227 -51.1857196807861 -52.2002475738525 -52.0774761199951 -51.1665046691895 -50.4166690826416
-50.2737197875977 -51.0738250732422 -52.163497543335 -54.0381965637207 -55.897428894043 -57.8370510101318 -59.5156311035156 -61.2058067321777 -62.834733581543 -64.1500728607178 -64.7364349365234 -65.6808364868164 -66.4311897277832 -66.9370494842529 -67.3660110473633 -67.5053443908691 -67.2986621856689 -66.9577289581299 -66.4924518585205 -64.4231369018555 -62.2465827941895 -59.9041400909424 -57.5438961029053 -55.1306137084961 -52.8503574371338 -51.3562419891357 -50.5573394775391 -49.931095123291 -49.3411403656006 -48.6832466125488 -48.3065826416016 -47.8263427734375 -47.1024772644043 -46.4608345031738 -45.9785720825195 -46.0939514160156 -46.4357719421387 -46.8793006896973 -47.0362236022949 -47.0248287200928 -46.8548671722412 -46.7547882080078 -45.800952911377 -45.1129825592041
-47.4492565155029 -48.2601844787598 -49.391951751709 -51.2143676757812 -52.9528495788574 -54.702409362793 -56.2850883483887 -57.8493839263916 -59.1839691162109 -60.3148807525635 -61.2625431060791 -62.2179309844971 -63.0179702758789 -63.6468647003174 -64.1714618682861 -64.4567584991455 -64.3520385742188 -64.1061298370361 -63.7361091613769 -61.5957187652588 -59.3878433227539 -57.0931568145752 -54.8021839141846 -52.3962055206299 -50.293701171875 -48.9483352661133 -48.2469730377197 -47.6715587615967 -47.2483180999756 -46.7870037078857 -46.8946739196777 -46.5798240661621 -45.8246898651123 -45.2945106506348 -44.9084072113037 -44.7712409973145 -44.6889408111572 -44.4591686248779 -43.9988494873047 -43.5295227050781 -42.2775207519531 -41.5624217987061 -41.3026000976563 -40.8206001281738
