indici/fabbisogno05.asc
NCOLS 177 
NROWS 174 
XLLCORNER 1436301.375 
YLLCORNER 4916704.5 
CELLSIZE 1500 
NODATA_value -9999 
[rows 24 to 47 of 174, columns 53 to 105 of 177]
-9999 -9999 -9999 -60.0974792480469 -67.3666488647461 -71.0020370483398 -70.7856079101562 -62.1494262695313 -67.8691375732422 -62.7160171508789 -55.6388641357422 -39.1314849853516 -23.4739303588867 -19.2474021911621 -9999 -9999 -9999 -9999 -9999 -9999 -9999 -9999 -9999 -9999 -9999 -9999 -9999 -9999 -9999 -9999 -9999 -9999 -9999 -9999 -9999 -9999 -9999 -9999 -9999 -9999 -9999 -9999 -9999 -9999 -9999 -9999 -9999 -9999 -9999 -35.0298004150391 -43.2295181274414 -50.7713272094727 -61.8865531921387
-9999 -9999 -9999 -9999 -72.9356536865234 -74.1905578613281 -78.4005844116211 -70.9434692382813 -65.7903762817383 -61.1631469726562 -55.2305633544922 -47.3548416137695 -32.477734375 -23.8180908203125 -9999 -9999 -9999 -9999 -9999 -9999 -9999 -9999 -9999 -9999 -9999 -9999 -9999 -9999 -9999 -9999 -9999 -9999 -9999 -9999 -9999 -9999 -9999 -9999 -9999 -9999 -9999 -9999 -9999 -9999 -9999 -9999 -9999 -9999 -9999 -32.4875556945801 -38.8466537475586 -47.2734855651855 -55.2724456787109
-9999 -9999 -9999 -9999 -77.4908157348633 -82.3129684448242 -82.7909103393555 -75.2146240234375 -72.6455276489258 -73.1975570678711 -62.7281234741211 -54.8409965515137 -40.8321685791016 -31.7649169921875 -9999 -9999 -9999 -9999 -9999 -9999 -9999 -9999 -9999 -9999 -9999 -9999 -9999 -9999 -9999 -9999 -9999 -9999 -9999 -9999 -9999 -9999 -9999 -9999 -9999 -9999 -9999 -9999 -9999 -9999 -9999 -9999 -9999 -19.5449661254883 -23.9173629760742 -29.7874534606934 -35.696932220459 -42.2360870361328 -49.3952087402344
-9999 -9999 -9999 -9999 -77.7791549682617 -82.6017990112305 -87.9861389160156 -80.1593353271484 -71.4913497924805 -75.0085861206055 -68.6061813354492 -60.9368423461914 -49.5138458251953 -42.2559799194336 -31.8453994750977 -9999 -9999 -9999 -9999 -9999 -9999 -9999 -9999 -9999 -9999 -9999 -9999 -9999 -9999 -9999 -9999 -9999 -9999 -9999 -72.1550529479981 -74.9463493347168 -68.8999061584473 -65.9970321655273 -57.7719757080078 -48.2695411682129 -9999 -9999 -9999 -9999 -9999 -9999 -9999 -19.8222259521484 -22.0951370239258 -27.0038024902344 -32.3607887268066 -37.2331390380859 -42.0776000976563
-9999 -9999 -9999 -9999 -78.1574188232422 -82.669401550293 -86.9780548095703 -84.2931915283203 -72.486669921875 -77.0034790039062 -71.5554260253906 -64.9918365478516 -55.3221878051758 -44.7171310424805 -40.7224319458008 -34.5186340332031 -9999 -9999 -9999 -9999 -9999 -9999 -9999 -9999 -9999 -9999 -9999 -9999 -9999 -9999 -9999 -9999 -82.4284439086914 -85.4299255371094 -86.2861953735352 -84.7700096130371 -81.3182456970215 -75.1486930847168 -66.0378623962402 -56.2368217468262 -46.5156829833984 -9999 -9999 -9999 -9999 -9999 -18.9504600524902 -20.0800880432129 -21.5081855773926 -26.2173751831055 -31.4630401611328 -36.8072631835938 -42.6388076782227
-9999 -9999 -9999 -9999 -9999 -80.0096145629883 -77.7392822265625 -77.7657943725586 -74.450813293457 -76.1633041381836 -73.7244323730469 -63.0140472412109 -56.6077606201172 -49.6537445068359 -45.3686141967773 -42.8831130981445 -36.6265228271484 -9999 -9999 -9999 -9999 -9999 -9999 -9999 -9999 -9999 -9999 -56.2581283569336 -64.9717544555664 -72.8362052917481 -82.1927253723145 -89.9974906921387 -97.9751358032227 -101.319357299805 -100.638732147217 -97.0359764099121 -92.8157432556152 -85.2334976196289 -73.359553527832 -61.9166999816895 -51.6339668273926 -9999 -9999 -9999 -9999 -9999 -20.1725929260254 -21.3396270751953 -21.1548477172852 -27.6840530395508 -32.1837371826172 -37.4163269042969 -43.0295654296875
-9999 -9999 -9999 -9999 -9999 -73.2311141967774 -79.705126953125 -80.7555694580078 -73.6784484863281 -72.7726013183594 -68.5402587890625 -59.2779357910156 -54.9717102050781 -51.0495941162109 -45.9748840332031 -43.413835144043 -39.4120742797852 -9999 -9999 -9999 -9999 -9999 -9999 -9999 -9999 -9999 -60.3777923583984 -68.4539657592773 -72.5183212280273 -84.0063262939453 -93.1999114990234 -99.166650390625 -107.812361907959 -111.176667022705 -112.431162261963 -108.341957092285 -102.712103271484 -93.2664733886719 -80.7497535705566 -67.4837074279785 -56.2570991516113 -9999 -9999 -9999 -9999 -9999 -22.4781814575195 -23.6353248596191 -24.5221702575684 -25.6646072387695 -29.5739776611328 -31.1910614013672 -39.5436187744141
-9999 -9999 -9999 -9999 -63.1216323852539 -69.4399353027344 -76.2600082397461 -77.4834732055664 -74.5940795898437 -69.6400634765625 -66.7173294067383 -64.9215408325195 -59.4734008789063 -57.1482833862305 -56.4556823730469 -53.9787490844727 -53.3833267211914 -54.1308502197266 -9999 -9999 -9999 -9999 -9999 -9999 -9999 -9999 -69.9644012451172 -77.2780433654785 -81.523112487793 -89.4470397949219 -94.0926361083984 -103.522868347168 -112.933978271484 -119.36614074707 -121.618493652344 -114.892869567871 -108.139427947998 -100.88148651123 -84.6295471191406 -72.4030418395996 -60.4418937683105 -48.6496101379395 -9999 -9999 -9999 -9999 -9999 -26.7087425231934 -29.5189735412598 -31.7284645080566 -37.8533760070801 -39.2846557617188 -42.5304565429688
-9999 -9999 -9999 -9999 -58.2094482421875 -63.77021484375 -67.0373611450195 -69.24091796875 -69.2341522216797 -68.0444641113281 -67.9836959838867 -70.7639984130859 -69.8349075317383 -70.7718276977539 -68.3998748779297 -70.8108383178711 -68.4613647460938 -67.4226058959961 -69.4226638793945 -64.6483413696289 -9999 -9999 -9999 -9999 -9999 -9999 -79.5244819641113 -83.7034408569336 -88.6098922729492 -94.2360885620117 -106.998693847656 -111.967387390137 -111.219548034668 -117.998049926758 -122.369166564941 -118.587657165527 -109.16886138916 -99.651823425293 -89.3528305053711 -76.4911811828613 -63.672331237793 -51.9100936889648 -9999 -9999 -9999 -9999 -9999 -28.9971260070801 -33.4690567016602 -37.2528366088867 -41.5554794311523 -47.1412773132324 -51.3221046447754
-9999 -9999 -9999 -39.9857574462891 -51.7872161865234 -55.385237121582 -64.5854858398438 -66.8109573364258 -66.2139312744141 -66.7805770874023 -70.8807281494141 -71.7525207519531 -72.2125549316406 -80.1211303710938 -75.181494140625 -77.0868637084961 -77.6718673706055 -74.1378005981445 -72.5626373291016 -74.4665740966797 -74.0606163024902 -72.3902976989746 -70.3417373657227 -71.8385581970215 -73.0912551879883 -79.0232093811035 -84.0862564086914 -85.6514846801758 -91.9875122070312 -100.817706298828 -109.073026275635 -114.748107910156 -117.29956817627 -115.128573608398 -122.046954345703 -118.492890167236 -103.571969604492 -100.066262817383 -89.347509765625 -77.1835884094238 -65.6282363891602 -54.086743927002 -9999 -9999 -9999 -9999 -9999 -9999 -37.8723747253418 -41.8368988037109 -45.7829696655273 -51.8646751403809 -56.0019866943359
-9999 -9999 -9999 -42.2948516845703 -50.1742858886719 -56.1198425292969 -63.4546966552734 -63.2835723876953 -65.13779296875 -65.9141006469727 -68.1405410766602 -74.0676086425781 -82.2425735473633 -82.8210876464844 -80.4089202880859 -80.92626953125 -78.8609298706055 -70.8474136352539 -78.0881927490234 -77.2895812988281 -74.5826019287109 -76.6853607177734 -74.5931655883789 -73.8800704956055 -74.3093292236328 -77.7227203369141 -81.854231262207 -88.8759094238281 -94.4587226867676 -100.93158493042 -107.621605682373 -112.574908447266 -114.679089355469 -104.629940795898 -107.590777587891 -102.307418823242 -99.3703369140625 -98.1822227478027 -87.742951965332 -77.6532653808594 -66.4643516540527 -54.9500823974609 -46.2838661193848 -40.3306526184082 -9999 -9999 -9999 -9999 -9999 -46.8362533569336 -51.525528717041 -56.6602783203125 -57.4410186767578
-9999 -9999 -34.5185195922852 -38.2164108276367 -40.4546508789062 -49.1176177978516 -56.7116668701172 -66.6236282348633 -68.0288925170898 -66.6722839355469 -68.401481628418 -74.0108642578125 -81.3768157958984 -81.671955871582 -75.8234909057617 -73.9468536376953 -71.6231658935547 -72.5639038085938 -78.7269409179688 -77.8528045654297 -76.2352935791016 -76.6825775146484 -74.1279281616211 -73.4339874267578 -68.1825927734375 -71.634912109375 -80.5408798217773 -87.7901176452637 -94.0821601867676 -98.2738716125488 -103.13401260376 -106.036926269531 -103.252397155762 -97.2672409057617 -97.1433288574219 -97.57470703125 -99.2787033081055 -93.5958290100098 -83.7837905883789 -73.6149452209473 -64.0443496704102 -54.3474014282227 -43.0702484130859 -43.0852958679199 -40.781803894043 -9999 -9999 -9999 -9999 -9999 -56.422779083252 -60.5560523986816 -60.1445693969727
-9999 -9999 -31.9941452026367 -34.1397155761719 -50.2329193115234 -52.5300537109375 -59.7608749389648 -69.9938323974609 -69.8005447387695 -71.4555862426758 -70.9984603881836 -71.5258117675781 -74.8298431396484 -78.3727691650391 -72.6798141479492 -78.3143310546875 -78.7103927612305 -76.8840148925781 -80.5039352416992 -76.0197601318359 -71.123893737793 -73.6247161865234 -65.618473815918 -65.2453018188477 -72.5232681274414 -76.7991287231445 -80.5673538208008 -82.8796089172363 -86.9764190673828 -91.7155532836914 -96.0982818603516 -98.3865097045899 -95.9735443115234 -89.0817337036133 -98.0111129760742 -100.284192657471 -95.4598205566406 -87.4242309570313 -79.4502716064453 -71.4146820068359 -62.9877029418945 -54.8450332641602 -43.269172668457 -45.3760307312012 -43.9400596618652 -9999 -9999 -9999 -9999 -53.9395858764648 -59.2243957519531 -61.778141784668 -53.8708221435547
-9999 -9999 -35.0611404418945 -42.520133972168 -55.3336990356445 -63.4129333496094 -70.2356307983399 -76.3074493408203 -79.4477462768555 -77.0327438354492 -74.5637664794922 -74.3067153930664 -75.6438735961914 -79.0017776489258 -72.720426940918 -75.2657821655274 -79.9689834594727 -82.0856956481934 -79.870344543457 -75.3239547729492 -69.318278503418 -65.4177642822266 -64.4233840942383 -74.928678894043 -75.4895095825195 -75.6793228149414 -75.7225036621094 -79.3970161437988 -82.2460388183594 -84.2440704345703 -88.5085052490234 -89.4876541137695 -86.3733764648437 -83.1286605834961 -84.9523422241211 -92.1248748779297 -87.203288269043 -83.6862869262695 -75.9955574035644 -68.7968215942383 -60.7223762512207 -54.072191619873 -42.9354782104492 -47.4654487609863 -46.9854927062988 -9999 -9999 -9999 -37.7849731445312 -50.7890655517578 -52.7405685424805 -51.4941833496094 -49.4318481445313
-9999 -34.9081344604492 -40.7142532348633 -49.8523696899414 -56.0649078369141 -66.6022750854492 -78.1931930541992 -83.2723236083984 -86.0388580322266 -82.4765380859375 -82.1712249755859 -78.5196899414063 -76.1033050537109 -77.2544830322266 -74.7446395874023 -79.2423889160156 -81.1208435058594 -78.9979766845703 -80.180004119873 -78.6497146606445 -75.8909530639648 -75.5624923706055 -63.3226257324219 -70.8635101318359 -67.2340759277344 -69.6047943115234 -73.5363891601563 -75.5435363769531 -77.7783477783203 -80.9973197937012 -84.537858581543 -87.6135452270508 -88.8218566894531 -79.2383148193359 -77.9093994140625 -89.0618286132812 -75.9666168212891 -79.1886734008789 -72.3584693908691 -65.2248603820801 -58.9874267578125 -52.1243392944336 -48.7929351806641 -49.4384765625 -50.0042953491211 -52.1111122131348 -55.5111831665039 -56.1800186157227 -48.8491302490234 -45.7361267089844 -48.2659469604492 -52.4789535522461 -55.7437866210938
-32.2298599243164 -38.272998046875 -43.8990631103516 -50.318115234375 -61.3752075195313 -68.8203369140625 -78.3908706665039 -87.9296020507813 -92.6102508544922 -93.3734848022461 -92.8628967285156 -86.9109756469727 -82.3016006469727 -76.3731994628906 -76.9126922607422 -78.938069152832 -77.1645690917969 -75.4499328613281 -78.1835586547852 -76.1935211181641 -75.5600891113281 -72.7750350952148 -62.8120529174805 -62.0544097900391 -68.7646621704102 -70.2326629638672 -70.8623580932617 -72.6238052368164 -75.1967788696289 -76.8411956787109 -78.9277282714844 -83.3779586791992 -85.7784156799316 -81.9750579833984 -71.5459747314453 -72.8536468505859 -74.4474014282227 -73.3485832214355 -68.2722877502441 -60.3543441772461 -57.448705291748 -43.9171905517578 -46.269514465332 -51.8950431823731 -49.2206878662109 -55.0393608093262 -49.3105331420898 -50.6723052978516 -47.388981628418 -49.9279449462891 -53.1349212646484 -61.8780914306641 -61.162841796875
-34.7175964355469 -39.5566192626953 -49.8816680908203 -60.9608779907227 -67.3898803710938 -70.8120635986328 -80.21826171875 -89.3764633178711 -92.0086959838867 -92.8701721191406 -93.2861434936523 -89.1485977172852 -83.6633270263672 -80.2542617797852 -79.8447570800781 -76.6480270385742 -78.123762512207 -78.7778350830078 -78.9582443237305 -77.3988952636719 -71.9497467041016 -65.8831817626953 -62.1380981445312 -65.4683410644531 -62.6621871948242 -62.6582305908203 -59.5510726928711 -64.4453414916992 -63.6742980957031 -66.3028472900391 -71.2236022949219 -77.8108871459961 -81.9467651367188 -77.9034225463867 -66.7792663574219 -65.3220825195312 -69.4146194458008 -65.2934921264649 -55.9765411376953 -48.3929779052734 -46.7678527832031 -38.7840469360352 -51.261181640625 -51.6215957641602 -50.4831436157227 -48.7154769897461 -48.5445816040039 -48.9754913330078 -51.9672714233398 -60.6467254638672 -68.2963516235352 -74.2315277099609 -77.2269149780273
-45.5956253051758 -42.8767608642578 -51.373991394043 -60.3010055541992 -71.5270156860352 -75.8058502197266 -81.8859603881836 -88.7214599609375 -91.6703659057617 -93.003254699707 -93.9583450317383 -89.8009078979492 -87.30595703125 -87.7780181884766 -85.7583419799805 -87.4990814208984 -84.7503967285156 -81.9606033325195 -79.6527359008789 -75.7559127807617 -73.6896209716797 -65.1770065307617 -63.5448516845703 -61.8514038085938 -60.2315582275391 -59.4076263427734 -58.8089859008789 -60.8285400390625 -60.7335968017578 -62.5524856567383 -64.2933837890625 -67.0303146362305 -67.5087753295898 -67.285612487793 -62.4425567626953 -61.8000854492187 -58.1752197265625 -54.5807098388672 -50.6658538818359 -49.0508758544922 -45.8757736206055 -41.3140319824219 -43.8632217407227 -47.526692199707 -50.2410308837891 -50.5088500976562 -50.5920516967773 -54.2793365478516 -58.8445236206055 -65.8218032836914 -75.1295593261719 -76.6546813964844 -75.7337371826172
-47.1946853637695 -49.2051849365234 -56.5099136352539 -64.4511825561523 -72.6402435302734 -79.0418151855469 -83.7688720703125 -89.4492706298828 -91.7408843994141 -91.6651992797852 -92.4516723632813 -91.7764984130859 -90.6046600341797 -92.1594131469727 -88.7942764282227 -84.8880249023437 -81.7049057006836 -77.0652633666992 -77.8714019775391 -72.0242630004883 -68.5041885375977 -66.1607192993164 -64.2017501831055 -59.9596405029297 -58.2903121948242 -57.4652297973633 -56.7015289306641 -58.0799346923828 -58.7337295532227 -59.7307083129883 -60.5349655151367 -60.9612091064453 -63.4352142333984 -62.345231628418 -58.4993453979492 -56.5758697509766 -56.5845474243164 -54.3337661743164 -52.7194076538086 -51.3133972167969 -48.9825302124023 -47.1814529418945 -47.9557220458984 -51.2243667602539 -51.4833084106445 -54.4521896362305 -56.3520248413086 -60.9298858642578 -68.04326171875 -73.0472473144531 -73.541276550293 -70.9480575561523 -65.2168807983398
-51.6939193725586 -56.4895263671875 -62.1000396728516 -67.5074493408203 -74.2542251586914 -81.2771743774414 -84.9813751220703 -88.2432998657227 -89.3490982055664 -91.0665344238281 -92.1744705200195 -92.059977722168 -92.8719467163086 -90.7729248046875 -87.3371215820312 -83.2609909057617 -79.746418762207 -76.2344970703125 -74.4198318481445 -71.7789001464844 -69.1957046508789 -67.9849838256836 -66.4332611083984 -62.8227325439453 -63.5445755004883 -60.8628372192383 -60.8192810058594 -58.8508346557617 -58.3664306640625 -58.1960006713867 -58.7281646728516 -59.0179077148438 -59.2307144165039 -59.7321914672852 -59.465544128418 -61.8076965332031 -61.6542007446289 -61.8876510620117 -59.682275390625 -58.9157333374023 -57.4604476928711 -56.5151031494141 -56.0965072631836 -57.2889129638672 -59.1301696777344 -59.7982879638672 -64.545426940918 -72.9857269287109 -78.961328125 -75.9499816894531 -76.3005416870117 -77.552604675293 -71.7063888549805
-60.7365753173828 -65.7681396484375 -69.2378540039062 -72.4767669677734 -76.4842987060547 -79.9357208251953 -82.8708724975586 -85.517610168457 -87.6172897338867 -89.6601791381836 -90.4097473144531 -90.6713623046875 -89.7950164794922 -88.2307907104492 -85.6797973632813 -82.6584899902344 -78.9456176757812 -76.1455642700195 -74.3350524902344 -71.5600173950195 -70.1002960205078 -68.8280563354492 -68.7153457641602 -70.6475006103516 -69.9583602905273 -70.5427032470703 -68.9403244018555 -66.1850936889649 -64.0298934936523 -63.3704986572266 -63.9990798950195 -63.9118316650391 -63.667057800293 -64.3630493164063 -66.0305770874023 -69.6756561279297 -70.9325378417969 -72.827033996582 -72.7806365966797 -73.9021423339844 -73.0358703613281 -72.1185897827148 -70.2448760986328 -70.571305847168 -75.2676635742187 -74.8164291381836 -79.1918746948242 -80.7676940917969 -87.9730239868164 -89.1348358154297 -89.989803314209 -83.5414855957031 -76.5911727905273
-63.807080078125 -67.0718276977539 -70.1292633056641 -73.8749374389648 -76.2718505859375 -79.0994934082031 -81.5835494995117 -83.4366195678711 -85.1382202148438 -87.6632354736328 -89.5990600585938 -90.9311538696289 -88.4166229248047 -88.3062774658203 -88.5597732543945 -87.2957763671875 -84.7814514160156 -80.5310333251953 -78.4899108886719 -77.0507278442383 -77.2891220092773 -76.7060791015625 -76.2268966674805 -76.9972137451172 -76.5204330444336 -82.3489288330078 -80.1167007446289 -76.2796478271484 -70.0295379638672 -70.5358428955078 -74.9148254394531 -70.3780563354492 -69.9385803222656 -72.9439575195313 -75.1043334960937 -85.4259094238281 -78.5865829467774 -91.1955108642578 -90.5096267700195 -92.4203643798828 -92.988835144043 -88.4050765991211 -86.9430297851563 -87.3806350708008 -95.143864440918 -96.5311141967773 -96.1299957275391 -93.5083969116211 -95.4806640625 -98.6770561218262 -94.3022445678711 -89.1497550964355 -86.2113212585449
-73.2418930053711 -72.7906524658203 -74.3448577880859 -74.5612564086914 -75.5273864746094 -77.6155212402344 -80.9148773193359 -81.0257110595703 -83.8136779785156 -85.0768371582031 -87.004524230957 -89.2969665527344 -89.7812301635742 -90.7723449707031 -92.3479873657227 -91.7293319702148 -90.1652893066406 -88.548828125 -87.1849960327148 -86.4997314453125 -87.7867538452148 -87.6587860107422 -87.0278442382813 -88.6273559570313 -88.8258605957031 -86.7625854492188 -89.6193740844727 -88.9344108581543 -78.7738403320313 -84.8103851318359 -79.0114471435547 -87.2740898132324 -78.1102951049805 -84.3837356567383 -93.7822174072266 -97.3462677001953 -89.8920562744141 -103.809672546387 -106.163114929199 -109.958570861816 -109.394178009033 -101.700732421875 -105.209620666504 -104.423699951172 -105.069493103027 -109.13649597168 -107.020729064941 -107.496718597412 -95.0800827026367 -102.426047515869 -98.2539558410645 -93.2289459228516 -88.1471260070801
-84.4424423217773 -81.7992721557617 -75.1932479858398 -73.5761016845703 -73.9054153442383 -75.1277770996094 -77.0682830810547 -80.3462905883789 -82.0497329711914 -83.1525985717773 -86.0549331665039 -93.5830413818359 -92.7974975585938 -91.2806076049805 -93.5729568481445 -99.8452697753906 -100.198036193848 -98.0974349975586 -96.9482955932617 -98.603971862793 -99.160173034668 -105.026205444336 -101.317727661133 -105.582046508789 -98.0062118530273 -97.0593460083008 -100.422122192383 -98.4924186706543 -90.8453750610352 -91.813166809082 -90.7916976928711 -97.0777816772461 -95.569123840332 -100.544847106934 -106.512766265869 -103.416436767578 -106.316041564941 -113.863896179199 -119.153535461426 -120.351630401611 -120.390190124512 -115.223162841797 -118.65899810791 -112.893818664551 -117.826539611816 -117.433763885498 -114.269431304932 -113.592444610596 -103.715594482422 -106.024332427979 -101.221976470947 -94.7841743469238 -91.0344017028809
