indici/fabbisogno_annuo.asc
NCOLS 177 
NROWS 174 
XLLCORNER 1436301.375 
YLLCORNER 4916704.5 
CELLSIZE 1500 
NODATA_value -9999 
[rows 100 to 119 of 174, columns 132 to 175 of 177]
-33.1660680770874 -450.768112182617 -454.579727172852 -457.058891296387 -458.141052246094 -459.736625671387 -461.350845336914 -462.567657470703 -463.780349731445 -464.989791870117 -465.468452453613 -465.823501586914 -466.050750732422 -465.031639099121 -463.201515197754 -461.374008178711 -459.472633361816 -457.390319824219 -455.100112915039 -452.747276306152 -453.420234680176 -454.198654174805 -455.174644470215 -456.126441955566 -457.125999450684 -458.820213317871 -460.983940124512 -463.727874755859 -466.256553649902 -468.980865478516 -473.413833618164 -477.689407348633 -481.808555603027 -489.566940307617 -497.852577209473 -505.743591308594 -512.805290222168 -519.142959594727 -524.763038635254 -527.644325256348 -523.069610595703 -517.94563293457 -512.44766998291 -501.064613342285
-26.8058462142944 -446.813819885254 -450.615463256836 -453.389457702637 -454.989028930664 -457.046676635742 -459.066162109375 -460.333778381348 -461.604431152344 -462.879325866699 -463.467445373535 -463.944068908691 -464.367546081543 -463.480049133301 -461.648529052734 -459.774131774902 -457.646614074707 -454.887382507324 -451.899017333984 -448.765914916992 -448.77254486084 -448.890754699707 -449.216865539551 -449.94783782959 -450.888824462891 -452.363059997559 -453.941024780273 -455.645065307617 -457.258911132812 -458.954345703125 -461.719886779785 -464.373550415039 -466.915840148926 -473.301734924316 -480.426147460938 -487.127868652344 -492.655044555664 -497.064002990723 -500.740936279297 -502.224594116211 -496.856788635254 -490.944648742676 -484.618675231934 -474.70817565918
-439.154968261719 -442.995742797852 -446.793838500977 -449.844795227051 -451.965881347656 -454.461570739746 -456.873107910156 -458.162353515625 -459.473838806152 -460.808937072754 -461.500144958496 -462.087516784668 -462.669792175293 -461.876243591309 -459.959632873535 -457.925079345703 -455.481460571289 -451.979713439941 -448.251342773438 -444.369476318359 -443.72632598877 -443.305946350098 -443.135292053223 -443.566291809082 -444.276161193848 -445.341857910156 -446.303421020508 -447.121650695801 -447.992752075195 -448.941467285156 -450.653839111328 -452.36612701416 -454.089637756348 -459.08812713623 -464.819412231445 -470.067314147949 -474.210990905762 -477.237373352051 -479.56128692627 -480.372222900391 -475.779945373535 -470.763061523438 -465.404319763184 -457.926879882812
-16.3190361261368 -436.567420959473 -440.41024017334 -443.672836303711 -446.136741638184 -448.889236450195 -451.565689086914 -453.059524536133 -454.605697631836 -456.209594726562 -457.342529296875 -458.42008972168 -459.621597290039 -458.869590759277 -456.370880126953 -453.71068572998 -450.684844970703 -446.618591308594 -442.323829650879 -437.860443115234 -437.121269226074 -436.715751647949 -436.566596984863 -436.671661376953 -436.892921447754 -437.306427001953 -437.656219482422 -437.923095703125 -438.350204467773 -438.879020690918 -440.171432495117 -441.498825073242 -442.892738342285 -446.389488220215 -450.418380737305 -453.933555603027 -456.626747131348 -458.392372131348 -459.444633483887 -459.539848327637 -455.941299438477 -451.94108581543 -447.575820922852 -442.267395019531
-8.41551780700684 -12.4248909056187 -433.370170593262 -436.916519165039 -439.77921295166 -442.8583984375 -445.881248474121 -447.701942443848 -449.586441040039 -451.544891357422 -453.186401367188 -454.800788879395 -456.602844238281 -455.922035217285 -452.807998657227 -449.515701293945 -445.898864746094 -441.262260437012 -436.426460266113 -431.433662414551 -430.623954772949 -430.276145935059 -430.139457702637 -429.935035705566 -429.666648864746 -429.494728088379 -429.302406311035 -429.098358154297 -429.108810424805 -429.23233795166 -430.117965698242 -431.03385925293 -432.015563964844 -434.002792358398 -436.234375 -437.894760131836 -438.979873657227 -439.364158630371 -439.12850189209 -438.375900268555 -435.778854370117 -432.874443054199 -429.648010253906 -426.563865661621
-0.539256691932678 -4.66952776908875 -8.03107035160065 -10.0608879327774 -11.8017089962959 -13.2853393554688 -440.420738220215 -442.57958984375 -444.796920776367 -447.08699798584 -449.206718444824 -451.327087402344 -453.666191101074 -453.056365966797 -449.27262878418 -445.336288452148 -441.120109558105 -435.908836364746 -430.555450439453 -425.079566955566 -424.208824157715 -423.945960998535 -423.804504394531 -423.301559448242 -422.529281616211 -421.877067565918 -421.289817810059 -420.788360595703 -420.560615539551 -420.485626220703 -421.174942016602 -421.907890319824 -422.722694396973 -423.837295532227 -425.061584472656 -425.780632019043 -426.21598815918 -426.229522705078 -425.810546875 -425.16024017334 -423.630500793457 -421.814247131348 -419.661796569824 -417.858856201172
7.12037086486816 3.26508522033691 0.628600358963013 -1.38055181503296 -2.84453153610229 -4.25299072265625 -5.6765398979187 -433.390113830566 -435.460395812988 -437.57536315918 -440.063575744629 -442.734825134277 -445.672752380371 -445.628837585449 -442.08625793457 -438.486122131348 -434.713455200195 -430.009559631348 -425.286918640137 -420.553016662598 -419.741226196289 -419.543769836426 -419.367004394531 -418.982620239258 -418.449890136719 -417.946235656738 -417.460334777832 -417.004432678223 -416.848876953125 -416.88126373291 -417.4970703125 -418.164093017578 -418.905548095703 -420.099533081055 -421.511596679688 -422.361923217773 -422.977432250977 -423.19554901123 -423.063537597656 -422.707107543945 -421.06031036377 -419.204177856445 -417.071998596191 -414.967620849609
14.5742039680481 11.8111333847046 10.286509513855 8.94195127487183 8.23408794403076 7.08716869354248 6.18675899505615 6.07201862335205 -422.988059997559 -424.90210723877 -427.962585449219 -431.497245788574 -435.337966918945 -436.307319641113 -433.552993774414 -430.765274047852 -427.839462280273 -423.966339111328 -420.119468688965 -416.30103302002 -415.542961120605 -415.347068786621 -415.070022583008 -414.743179321289 -414.384300231934 -414.037811279297 -413.691650390625 -413.319946289062 -413.255859375 -413.405387878418 -413.967071533203 -414.584320068359 -415.280700683594 -416.570114135742 -418.200187683105 -419.165550231934 -419.932502746582 -420.327796936035 -420.447387695312 -420.377182006836 -418.577568054199 -416.62523651123 -414.447250366211 -411.99552154541
21.7897634506226 20.0337820053101 19.5777626037598 19.2842125892639 18.8770313262939 18.4904737472534 18.0024614334106 17.847225189209 -410.917381286621 -412.616798400879 -416.184028625488 -420.562767028809 -425.253189086914 -427.186454772949 -425.168045043945 -423.174591064453 -421.088829040527 -418.040458679199 -415.046516418457 -412.112060546875 -411.42414855957 -411.210334777832 -410.816375732422 -410.51668548584 -410.317054748535 -410.17310333252 -410.020378112793 -409.777519226074 -409.818069458008 -410.078628540039 -410.589179992676 -411.15404510498 -411.812393188477 -413.187797546387 -415.025718688965 -416.094581604004 -416.980415344238 -417.572158813477 -417.942756652832 -418.173896789551 -416.234550476074 -414.194290161133 -411.988006591797 -409.263496398926
28.7286186218262 28.543927192688 28.6360149383545 29.1387567520142 29.2213306427002 29.6091756820679 29.764799118042 29.5864639282227 29.4799003601074 29.5533380508423 27.3523559570312 -408.526489257812 -413.451904296875 -416.035659790039 -415.026466369629 -414.145721435547 -413.270195007324 -411.460792541504 -409.781112670898 -408.245826721191 -407.884712219238 -407.787574768066 -407.414772033691 -407.157318115234 -407.017013549805 -406.961944580078 -406.895408630371 -406.706253051758 -406.770202636719 -407.052421569824 -407.634803771973 -408.295509338379 -409.074096679688 -410.767158508301 -413.130966186523 -414.647270202637 -415.829124450684 -416.265922546387 -416.547874450684 -416.740097045898 -414.686790466309 -412.534133911133 -410.280914306641 -407.377708435059
35.1948652267456 36.5014381408691 37.3882389068604 38.2828722000122 39.0283555984497 39.9593505859375 40.8736114501953 41.2330837249756 41.3238115310669 42.2717800140381 40.717227935791 38.2684354782104 35.4073314666748 -401.494636535645 -402.230529785156 -403.145851135254 -404.117004394531 -404.125259399414 -404.285301208496 -404.626708984375 -404.808471679688 -404.880096435547 -404.565040588379 -404.309921264648 -404.120536804199 -404.046752929688 -403.974014282227 -403.772743225098 -403.800331115723 -404.046714782715 -404.687469482422 -405.428024291992 -406.289085388184 -408.231986999512 -411.059303283691 -412.991798400879 -414.453407287598 -414.74112701416 -414.931915283203 -415.059593200684 -412.927284240723 -410.647613525391 -408.306861877441 -405.195419311523
41.2780933380127 43.549259185791 45.6345634460449 47.4270496368408 48.5058612823486 50.2443189620972 51.9789237976074 52.8150291442871 53.4310703277588 54.8059616088867 54.0283737182617 52.1642446517944 50.0940237045288 -387.060256958008 -389.532573699951 -392.180332183838 -394.910427093506 -396.642734527588 -398.536972045898 -400.641593933105 -401.335021972656 -401.468223571777 -401.232429504395 -401.008827209473 -400.795791625977 -400.719818115234 -400.661590576172 -400.468368530273 -400.459869384766 -400.648559570312 -401.321144104004 -402.115249633789 -402.996429443359 -405.109802246094 -408.349914550781 -410.765380859375 -412.612518310547 -412.820663452148 -412.969207763672 -413.074501037598 -410.90843963623 -408.522079467773 -406.084297180176 -402.772727966309
47.384880065918 50.5091323852539 53.8524503707886 56.905650138855 58.2178859710693 60.4675273895264 63.1560726165771 64.2956695556641 65.7531318664551 67.4627342224121 67.1969890594482 65.9343795776367 64.4522914886475 62.6554679870605 59.9982604980469 -381.512424468994 -385.851295471191 -389.165287017822 -392.593799591064 -396.20849609375 -397.386726379395 -397.54451751709 -397.371170043945 -397.120986938477 -396.73681640625 -396.482269287109 -396.241409301758 -395.848815917969 -395.582389831543 -395.469680786133 -396.022125244141 -396.753273010254 -397.533782958984 -399.640800476074 -403.101287841797 -405.796356201172 -407.91625213623 -408.176231384277 -408.432106018066 -408.689910888672 -406.506362915039 -404.006698608398 -401.472351074219 -397.804382324219
52.853687286377 56.261757850647 59.6489896774292 62.8014507293701 64.09938621521 65.997802734375 68.0833511352539 69.2460613250732 70.3489017486572 71.7799549102783 72.0478992462158 71.33913230896 70.7640151977539 69.722297668457 67.1221256256104 64.667896270752 -378.457653045654 -382.28178024292 -386.226379394531 -390.396774291992 -391.913177490234 -392.188629150391 -392.170608520508 -391.890018463135 -391.158687591553 -390.567157745361 -390.006198883057 -389.309677124023 -388.702556610107 -388.220306396484 -388.70580291748 -389.482971191406 -390.270820617676 -392.44017791748 -396.190528869629 -399.240135192871 -401.758529663086 -402.307250976562 -402.885803222656 -403.497093200684 -401.448425292969 -398.957038879395 -396.441108703613 -392.537910461426
58.2796001434326 61.7593936920166 65.4968338012695 68.3963890075684 69.2194690704346 70.5719137191772 72.3478803634644 73.4161891937256 74.7730751037598 76.2944593429565 76.8961305618286 76.7742099761963 77.1223773956299 76.7628002166748 74.3576774597168 71.9912967681885 -370.934177398682 -375.193927764893 -379.594375610352 -384.257740020752 -386.067852020264 -386.386135101318 -386.53381729126 -386.262512207031 -385.199703216553 -384.260173797607 -383.356010437012 -382.333061218262 -381.371505737305 -380.511081695557 -380.897472381592 -381.716361999512 -382.51541519165 -384.73575592041 -388.782135009766 -392.24259185791 -395.239692687988 -396.173469543457 -397.15601348877 -398.191413879395 -396.365921020508 -393.938316345215 -391.46671295166 -387.38801574707
64.0377731323242 67.3771476745605 71.0537376403809 74.2830982208252 75.1168699264526 76.3795070648193 77.1660003662109 78.3033046722412 79.5840873718262 81.0466899871826 82.1484565734863 82.8933057785034 83.9500408172607 84.3893928527832 82.0123167037964 79.5677108764648 -363.267635345459 -367.884510040283 -372.69945526123 -377.822025299072 -379.92053604126 -380.250507354736 -380.603610992432 -380.406093597412 -379.047096252441 -377.744560241699 -376.46851348877 -375.12718963623 -373.859046936035 -372.703266143799 -372.971908569336 -373.780765533447 -374.515758514404 -376.612987518311 -380.664863586426 -384.181198120117 -387.28995513916 -388.571517944336 -389.931327819824 -391.380645751953 -389.761703491211 -387.358039855957 -384.89688873291 -380.70728302002
68.7067565917969 71.7592334747314 75.1297769546509 78.2689743041992 80.8388023376465 81.8413763046265 80.2060823440552 81.2750606536865 82.4934997558594 83.6485567092896 84.8651180267334 85.8792390823364 87.098295211792 87.7095603942871 86.0493392944336 84.5343456268311 83.0812530517578 80.6461296081543 78.1393527984619 -369.34338760376 -370.965404510498 -371.01216506958 -371.254592895508 -371.074638366699 -369.903911590576 -368.828258514404 -367.80912399292 -366.789150238037 -365.821899414062 -364.940402984619 -365.014667510986 -365.498210906982 -365.874458312988 -367.396286010742 -370.778026580811 -373.726203918457 -376.428344726562 -378.346336364746 -380.355628967285 -382.479080200195 -381.287185668945 -379.081077575684 -376.795288085938 -372.724544525146
71.3438091278076 74.0287971496582 76.8164730072021 79.4149236679077 81.8544826507568 82.4884805679321 82.8616180419922 82.7933206558228 83.5138778686523 84.5718479156494 85.8961791992188 86.9903936386108 88.4405345916748 89.539005279541 88.9024677276611 88.4843273162842 88.2643384933472 87.012414932251 85.7817478179932 -360.6520652771 -361.751258850098 -361.622634887695 -361.825977325439 -361.746299743652 -360.86653137207 -360.056701660156 -359.293277740479 -358.591655731201 -357.928737640381 -357.329570770264 -357.251369476318 -357.419700622559 -357.4846534729 -358.500679016113 -361.267990112305 -363.684028625488 -365.945941925049 -368.539226531982 -371.222797393799 -374.026039123535 -373.29508972168 -371.293190002441 -369.203121185303 -365.294677734375
74.9985971450806 77.1230316162109 79.6360807418823 81.7165079116821 82.4656286239624 83.0575313568115 83.973804473877 84.6697683334351 85.1087522506714 85.997052192688 87.2303972244263 88.4960794448853 90.3326416015625 91.7103462219238 92.06467628479 92.6033611297607 93.4104986190796 93.4014205932617 93.2762775421143 -352.313579559326 -352.933578491211 -352.720294952393 -352.837062835693 97.6474847793579 99.8527173995972 -351.570537567139 -351.030559539795 -350.61302947998 -350.231784820557 -349.901824951172 -349.692268371582 -349.530864715576 -349.306507110596 -349.851852416992 -352.017734527588 -353.895668029785 -355.638706207275 -358.920413970947 -362.20055770874 -365.491485595703 -365.079742431641 -363.140937805176 -361.098484039307 -357.333835601807
78.6012907028198 80.2563524246216 82.0540199279785 83.7140398025513 83.84019947052 84.3914852142334 85.0486660003662 86.1678638458252 86.3806304931641 87.1531085968018 88.4215030670166 90.0607862472534 91.865740776062 93.5179376602173 94.7544651031494 96.18332862854 98.077974319458 99.1353187561035 100.076782226562 -344.933177947998 101.46487903595 102.719613075256 103.711496353149 104.874242782593 106.575082302094 108.283877372742 110.172295570374 -344.920886993408 -344.857234954834 -344.828239440918 -344.667259216309 -344.406688690186 -344.132740020752 -344.375049591064 -345.839931488037 -347.06388092041 -348.133785247803 -350.333019256592 -352.52025604248 -354.714900970459 -354.117408752441 -352.199493408203 -350.173038482666 -346.953029632568
