indici/fabbisogno09.asc
NCOLS 177 
NROWS 174 
XLLCORNER 1436301.375 
YLLCORNER 4916704.5 
CELLSIZE 1500 
NODATA_value -9999 
[rows 48 to 71 of 174, columns 54 to 107 of 177]
-89.0988250732422 -79.5352294921875 -74.7532684326172 -70.8678375244141 -69.8033096313476 -71.5919647216797 -71.3631317138672 -74.2264694213867 -71.4631576538086 -76.6230026245117 -75.0286804199219 -70.7231063842773 -68.2464767456055 -70.9499450683594 -69.3833557128906 -73.5851593017578 -72.8021789550781 -72.5087936401367 -78.5314956665039 -78.0788146972656 -82.2446563720703 -86.6854095458984 -87.5318267822266 -81.2072769165039 -83.6985687255859 -77.9981567382812 -81.6338928222656 -78.4342681884766 -72.4275466918945 -72.5137985229492 -72.4243667602539 -68.4644424438476 -71.3729034423828 -72.5954513549805 -74.72919921875 -78.4438262939453 -75.1052459716797 -84.2835540771484 -88.4009872436523 -91.7625701904297 -91.4281372070313 -98.5545593261719 -102.295883178711 -105.887359619141 -108.941091918945 -110.194857788086 -109.210623168945 -104.199237060547 -106.539691162109 -102.5591796875 -97.1152465820312 -92.0269775390625 -85.5769256591797 -75.9599426269531
-85.6032379150391 -76.9240631103516 -72.7097595214844 -68.7165618896484 -67.4459442138672 -68.2776596069336 -67.5284255981445 -68.2730422973633 -68.1816146850586 -71.4873291015625 -72.5820861816406 -75.7844360351562 -77.9202377319336 -77.3619171142578 -81.7982345581055 -84.010107421875 -82.2163055419922 -84.5993682861328 -89.7890502929687 -92.3085510253906 -93.1242645263672 -96.2836273193359 -96.4103820800781 -95.1641693115234 -93.7048492431641 -90.7275207519531 -86.5393356323242 -84.8996200561523 -79.4629760742187 -80.3457412719727 -78.966584777832 -73.771076965332 -78.3068115234375 -77.5446166992188 -80.7130126953125 -85.1261291503906 -84.1252304077148 -90.093684387207 -94.046044921875 -97.1759429931641 -100.528497314453 -104.169812011719 -108.026708984375 -110.894598388672 -112.777499389648 -114.005819702148 -109.132269287109 -109.958831787109 -106.27600402832 -104.440927124023 -98.2520202636719 -93.0634643554687 -83.281005859375 -73.0128326416016
-77.4148132324219 -71.6511016845703 -68.4528457641601 -65.6626068115234 -64.7337371826172 -66.6577423095703 -66.9304946899414 -66.3092697143555 -65.8037536621094 -67.7950317382812 -71.0495651245117 -76.1727172851562 -77.1122451782227 -85.1986526489258 -90.9373107910156 -96.9500305175781 -96.5198089599609 -97.7699890136719 -102.351257324219 -107.000143432617 -102.508901977539 -107.141149902344 -106.183941650391 -104.752645874023 -100.815502929687 -98.4213745117187 -93.204150390625 -90.7318969726562 -87.016438293457 -85.8642059326172 -84.2350860595703 -80.6956985473633 -84.539274597168 -85.3611511230469 -86.1224960327148 -90.4201202392578 -93.302001953125 -95.6394836425781 -97.6238128662109 -100.949523925781 -103.366708374023 -106.760494995117 -102.977264404297 -111.973348999023 -115.873727416992 -115.835531616211 -114.316943359375 -113.31813659668 -109.29677734375 -104.658551025391 -97.3054992675781 -90.0123260498047 -82.1340209960937 -70.0213348388672
-67.1989334106445 -65.5980102539062 -62.5889038085937 -62.0607696533203 -61.6636932373047 -63.2463195800781 -65.2041107177734 -70.0268356323242 -67.6033157348633 -67.3308181762695 -70.3506866455078 -74.4848602294922 -80.9547973632812 -89.8945465087891 -99.6253295898437 -106.911840820313 -111.263021850586 -110.153576660156 -117.206137084961 -116.287945556641 -116.41184387207 -115.078671264648 -110.442477416992 -106.527236938477 -105.572119140625 -98.5660491943359 -97.6473449707031 -92.0776031494141 -90.2247589111328 -90.6325622558594 -89.7845916748047 -89.2751174926758 -90.332551574707 -91.3414703369141 -93.6098449707031 -95.5940338134766 -95.8869476318359 -92.1636749267578 -97.3063018798828 -103.20407409668 -104.996310424805 -97.9775665283203 -104.200479125977 -115.266207885742 -115.679373168945 -115.770712280273 -115.431860351563 -107.127655029297 -107.808786010742 -104.35319519043 -97.6439453125 -91.2884796142578 -78.3587371826172 -76.2587478637695
-59.6982116699219 -57.4831665039062 -57.1917785644531 -57.7240814208984 -59.0233901977539 -60.3339019775391 -61.542887878418 -63.4060729980469 -64.9573516845703 -69.9363494873047 -75.499153137207 -80.1826446533203 -91.7619689941406 -96.6229461669922 -108.230731201172 -118.818218994141 -119.567672729492 -124.362579345703 -122.484606933594 -126.565798950195 -122.416967773438 -118.639208984375 -111.51061706543 -111.342333984375 -110.279977416992 -100.986315917969 -96.2055206298828 -92.9725433349609 -94.8999389648438 -91.4174896240234 -93.1174591064453 -93.6756896972656 -92.78779296875 -95.3697906494141 -96.1343322753906 -98.8068267822266 -99.8021606445313 -94.4465850830078 -97.2804382324219 -93.3653778076172 -94.4225982666016 -99.9200439453125 -109.021087646484 -109.283602905273 -114.655282592773 -113.582730102539 -114.301293945312 -104.479669189453 -102.519833374023 -101.84094543457 -93.5391143798828 -90.3184967041016 -84.8355865478516 -79.3532699584961
-52.5958450317383 -51.2147201538086 -51.8129516601562 -53.3204605102539 -56.157356262207 -57.2991088867187 -58.0977600097656 -60.3213180541992 -65.1867263793945 -71.4300094604492 -80.1369003295898 -83.8132385253906 -98.7009796142578 -105.335641479492 -115.013906860352 -125.06725769043 -130.764385986328 -132.612878417969 -131.893865966797 -130.686569213867 -125.943246459961 -117.752667236328 -115.667877197266 -108.976403808594 -109.734332275391 -106.657543945312 -99.681884765625 -93.4702239990234 -96.0623107910156 -90.0638488769531 -92.6694763183594 -93.7414459228516 -95.8996612548828 -99.2611358642578 -100.213165283203 -101.098358154297 -95.9492218017578 -96.8819427490234 -92.4368072509766 -98.4743927001953 -101.841973876953 -100.220178222656 -104.528063964844 -110.680758666992 -106.504730224609 -110.278762817383 -108.126934814453 -99.7402282714844 -98.3668151855469 -92.934716796875 -84.1757415771484 -79.7917205810547 -78.0281219482422 -77.5870895385742
-46.6531524658203 -46.279460144043 -47.2430618286133 -49.2128448486328 -52.8492385864258 -56.8361572265625 -60.7465484619141 -60.7589431762695 -63.962287902832 -70.6364395141601 -79.2291900634766 -89.2443603515625 -99.6496917724609 -109.913623046875 -120.007333374023 -128.376245117187 -134.018838500977 -134.053402709961 -130.355572509766 -128.837048339844 -121.547207641602 -115.423413085937 -112.694869995117 -106.537655639648 -103.312283325195 -102.583477783203 -101.630645751953 -94.5612640380859 -92.2868194580078 -96.6610687255859 -99.9808959960938 -101.689608764648 -103.674249267578 -104.698583984375 -105.076876831055 -102.711114501953 -99.4247985839844 -94.1488464355469 -96.5354095458984 -104.373126220703 -104.290417480469 -105.361737060547 -102.215026855469 -102.711837768555 -98.413330078125 -101.184487915039 -95.0982940673828 -90.4452728271484 -87.7085754394531 -85.0230926513672 -86.9299865722656 -84.8815551757812 -73.5322570800781 -71.8528259277344
-42.7593353271484 -42.7383590698242 -44.4284545898437 -46.783415222168 -50.5619216918945 -52.8289825439453 -56.5765808105469 -61.9932662963867 -63.9977523803711 -69.1404052734375 -77.2081512451172 -85.9398773193359 -95.9516693115234 -109.091842651367 -120.721124267578 -123.685305786133 -127.370376586914 -129.618826293945 -125.024072265625 -122.707369995117 -117.542041015625 -110.995974731445 -108.310641479492 -103.07678527832 -100.312982177734 -97.7751342773437 -99.2669128417969 -95.1970458984375 -94.8025695800781 -101.440576171875 -101.802478027344 -104.848376464844 -107.340594482422 -107.98678894043 -105.436639404297 -103.264004516602 -101.860211181641 -96.0911682128906 -96.5832855224609 -102.175903320312 -100.978207397461 -105.118548583984 -101.754275512695 -95.4133850097656 -93.8015045166016 -91.4496154785156 -89.4459930419922 -93.3308349609375 -90.8444610595703 -85.9208312988281 -85.9298110961914 -71.5046478271484 -61.6973770141602 -56.3993835449219
-39.612174987793 -41.154264831543 -43.7587982177734 -45.8933380126953 -49.9776794433594 -52.6932159423828 -56.626579284668 -61.4277160644531 -63.63017578125 -68.5214721679687 -75.0723815917969 -83.1341247558594 -92.5255401611328 -102.500100708008 -114.265640258789 -119.692626953125 -121.85930480957 -122.589663696289 -120.755120849609 -117.355975341797 -111.790374755859 -106.007580566406 -102.228427124023 -98.0011993408203 -96.6706268310547 -97.2815643310547 -94.8373565673828 -92.0538787841797 -97.5019378662109 -102.115966796875 -105.000109863281 -107.54421081543 -108.322946166992 -110.169195556641 -105.404037475586 -101.914700317383 -101.002188110352 -96.3450042724609 -98.5821105957031 -98.4336120605469 -100.549334716797 -103.19626159668 -101.125277709961 -95.1720428466797 -89.084033203125 -84.8664611816406 -81.9646545410156 -83.7199584960937 -83.9988098144531 -83.7685348510742 -77.4800750732422 -68.5190002441406 -63.2304046630859 -50.9660842895508
-38.261100769043 -42.3137802124023 -44.8722366333008 -46.2868606567383 -48.6507385253906 -52.4056930541992 -56.9147064208984 -64.0428497314453 -67.6009689331055 -71.46591796875 -74.6367782592773 -81.8362518310547 -89.555126953125 -98.4900482177734 -111.239733886719 -119.334091186523 -117.92024230957 -117.643597412109 -115.340087890625 -111.806826782227 -105.631271362305 -100.377368164062 -95.8869567871094 -94.7290435791016 -93.0813079833984 -93.4086608886719 -89.4831634521484 -91.0483642578125 -97.9876617431641 -101.932379150391 -101.899249267578 -105.295315551758 -109.39817199707 -107.190661621094 -105.57041015625 -106.42197265625 -100.164825439453 -97.8981353759766 -97.4741058349609 -98.8243286132812 -100.608676147461 -97.1872924804688 -96.7692718505859 -93.7182403564453 -87.816650390625 -82.6682952880859 -75.3162322998047 -80.6447738647461 -79.0875366210937 -76.1571823120117 -66.5675445556641 -60.1182754516602 -51.7700469970703 -45.005908203125
-40.9086013793945 -43.4325637817383 -46.2718795776367 -47.2658599853516 -49.3833282470703 -52.4250625610352 -57.3794097900391 -58.372314453125 -68.9802368164062 -75.0503479003906 -74.9880447387695 -79.3213958740234 -86.9931671142578 -96.9578796386719 -107.977310180664 -115.526092529297 -117.817181396484 -113.858123779297 -111.588375854492 -108.147964477539 -101.447503662109 -98.7223510742188 -94.0627746582031 -88.4568939208984 -88.0917053222656 -87.0174438476562 -85.8311798095703 -87.3927856445312 -89.9945404052734 -93.5702209472656 -102.50771484375 -102.922817993164 -103.061297607422 -104.504083251953 -104.38684387207 -103.071575927734 -98.5747619628906 -99.3451477050781 -99.5119873046875 -95.9731750488281 -94.1622131347656 -87.9180023193359 -90.8798278808594 -88.6292266845703 -86.6045532226562 -74.8081604003906 -69.8880401611328 -67.4028778076172 -64.4710586547852 -64.4828201293945 -57.0908004760742 -50.5247802734375 -46.3010101318359 -38.5554168701172
-42.8573287963867 -45.977262878418 -48.8878005981445 -49.8499984741211 -51.2458740234375 -53.6493011474609 -56.4714157104492 -57.2045776367187 -65.221549987793 -71.647541809082 -72.0686584472656 -77.1093627929687 -83.9839996337891 -92.1194793701172 -100.874880981445 -108.676895141602 -112.085726928711 -112.395230102539 -111.201696777344 -105.697048950195 -97.9755462646484 -94.4627685546875 -89.291748046875 -84.6733825683594 -81.8704833984375 -82.1995025634766 -82.7298431396484 -85.3319213867187 -92.8572814941406 -95.5496032714844 -100.205438232422 -102.777764892578 -102.383926391602 -104.340539550781 -104.564862060547 -100.962579345703 -95.5203186035156 -92.0652740478516 -91.6135162353516 -90.5117980957031 -86.9643218994141 -84.5985717773438 -80.0978988647461 -79.8888671875 -74.2201889038086 -68.5972122192383 -62.2695938110352 -62.4028121948242 -61.6466903686523 -56.2792709350586 -51.7736770629883 -46.6468597412109 -39.6990127563477 -31.1393203735352
-45.8819091796875 -49.3435104370117 -51.86669921875 -53.756559753418 -53.0747039794922 -54.7927505493164 -55.5588287353516 -57.3799423217773 -63.4789184570312 -70.1768859863281 -68.8142425537109 -74.7625762939453 -81.7606903076172 -89.1643737792969 -95.5812072753906 -102.101620483398 -106.472143554688 -105.347738647461 -105.328713989258 -98.7555450439453 -98.5669525146484 -90.739599609375 -85.4774261474609 -79.1843353271484 -80.3645202636719 -80.8993469238281 -82.5235382080078 -85.8705200195313 -88.9382537841797 -87.9781372070312 -95.1652435302734 -98.2695739746094 -101.804598999023 -102.236758422852 -103.711291503906 -98.4060028076172 -90.6148498535156 -88.9804138183594 -87.7467224121094 -80.3371337890625 -78.7640716552734 -76.6628189086914 -71.9639739990234 -68.9215698242188 -65.6452346801758 -67.4419372558594 -59.5603851318359 -57.1989791870117 -57.4666290283203 -55.9237564086914 -52.1377670288086 -42.9447509765625 -33.1480255126953 -28.365087890625
-52.8553009033203 -55.8029510498047 -55.3349792480469 -56.4371353149414 -55.192106628418 -55.0730484008789 -56.1129638671875 -59.269987487793 -60.9504425048828 -66.39404296875 -68.8000381469727 -72.4774749755859 -80.4642150878906 -88.1909698486328 -93.9091217041016 -102.482073974609 -102.426577758789 -100.692340087891 -100.922109985352 -96.3053161621094 -94.9805114746094 -89.2035827636719 -82.3147125244141 -76.4063034057617 -75.9686920166016 -74.1354751586914 -74.6998153686523 -79.144352722168 -79.645881652832 -80.2037628173828 -85.2723205566406 -93.3678100585937 -93.5843688964844 -92.6740661621094 -96.7878326416016 -94.8251281738281 -86.0177520751953 -80.9245422363281 -79.0628173828125 -76.9502334594727 -73.0100601196289 -68.2501556396484 -65.7752487182617 -62.9471176147461 -61.3863082885742 -62.7937042236328 -56.3584686279297 -50.630827331543 -50.8683746337891 -56.1347213745117 -45.1238754272461 -36.2085220336914 -31.4444213867187 -30.3997573852539
-56.6389709472656 -58.001025390625 -58.1740127563477 -58.5038513183594 -57.934619140625 -55.9530578613281 -56.1711135864258 -56.9943771362305 -59.5985153198242 -62.3433746337891 -65.6910781860352 -71.9388778686523 -80.0194427490234 -85.8517181396484 -91.7850769042969 -95.9737243652344 -98.5800262451172 -99.1769744873047 -98.3635345458984 -96.1441802978516 -93.9068695068359 -86.3909088134766 -80.5830322265625 -76.2266891479492 -73.5456832885742 -71.5127243041992 -69.7006362915039 -70.907551574707 -71.9582412719727 -74.4374069213867 -80.0193725585937 -87.7848327636719 -90.1483001708984 -85.3835205078125 -87.4099548339844 -85.12548828125 -78.0253540039062 -75.793229675293 -72.7085861206055 -68.0677062988281 -65.1216995239258 -62.2644927978516 -60.588427734375 -59.9074096679688 -58.097297668457 -58.4011291503906 -60.2173858642578 -50.4274887084961 -47.5055847167969 -47.0685119628906 -38.7738128662109 -35.5342666625977 -33.503955078125 -34.3771759033203
-58.9496627807617 -60.9015411376953 -61.5615982055664 -60.743489074707 -59.6010711669922 -57.2742492675781 -55.5805419921875 -55.7187866210937 -59.5702514648438 -60.6381256103516 -64.6394577026367 -70.0017440795898 -76.197102355957 -82.8588562011719 -88.1946807861328 -92.2593566894531 -95.4774078369141 -96.7616607666016 -95.7608276367187 -93.8913177490234 -89.9300720214844 -83.7090484619141 -78.4886260986328 -73.7633392333984 -71.3733154296875 -69.8110961914062 -67.1918273925781 -66.7493179321289 -68.1114105224609 -70.4438201904297 -73.7855316162109 -79.1906860351562 -80.979931640625 -78.9070465087891 -78.809912109375 -75.9939224243164 -70.1458755493164 -67.6376663208008 -63.895768737793 -61.3164413452148 -60.0153289794922 -57.6834457397461 -57.2165496826172 -57.3605880737305 -57.9838226318359 -59.283935546875 -60.7136627197266 -52.7356155395508 -46.4721618652344 -43.1051834106445 -39.7883560180664 -38.5621536254883 -42.9623260498047 -34.9356918334961
-63.6912673950195 -64.7243515014648 -64.6014633178711 -63.0361251831055 -61.1476577758789 -59.1368515014648 -57.6522521972656 -55.3641296386719 -57.2145370483398 -59.4994613647461 -63.1215850830078 -68.0366485595703 -73.8339630126953 -80.5771911621094 -84.4330932617187 -90.4490844726562 -93.4664520263672 -95.1267944335937 -94.7291473388672 -92.4190643310547 -91.0461395263672 -84.1871948242188 -76.6115386962891 -72.740071105957 -69.1695846557617 -65.9313079833984 -64.0751007080078 -64.0954666137695 -69.6047271728516 -71.1274475097656 -68.2717712402344 -70.1233291625977 -72.1670959472656 -71.4315475463867 -68.8254089355469 -65.8715728759766 -63.8528396606445 -61.4510025024414 -58.5992568969727 -55.7339614868164 -55.2175674438477 -55.791813659668 -54.3878509521484 -54.7837707519531 -57.0156036376953 -59.2556396484375 -52.3166809082031 -51.2990524291992 -43.6401473999023 -42.3171173095703 -42.6538223266602 -44.5376129150391 -48.2528686523438 -38.81376953125
-67.3288131713867 -67.7352523803711 -66.9765380859375 -64.8451843261719 -62.3299377441406 -61.146223449707 -58.0108215332031 -57.0866851806641 -55.4232238769531 -57.6079040527344 -61.3056350708008 -65.8639938354492 -71.4167495727539 -80.6686096191406 -82.1692626953125 -85.8412811279297 -90.4694641113281 -92.7621643066406 -92.824658203125 -90.2397857666016 -88.8743591308594 -82.0993041992188 -75.7342330932617 -70.5475067138672 -66.800260925293 -64.9720596313477 -61.3707473754883 -63.8201522827148 -65.4349899291992 -69.0670318603516 -65.7850479125977 -65.113151550293 -64.1254791259766 -63.5781036376953 -61.9603317260742 -63.6236953735352 -60.5460266113281 -59.0372406005859 -57.1795059204102 -54.847770690918 -50.104460144043 -51.8001983642578 -53.850456237793 -53.8624252319336 -53.2337677001953 -52.2273788452148 -50.6799774169922 -44.6412048339844 -43.7618759155273 -43.9883255004883 -47.3769256591797 -48.0620391845703 -44.2353530883789 -45.7998825073242
-70.1244705200195 -69.979020690918 -68.836474609375 -65.7703109741211 -63.2168792724609 -61.7086669921875 -58.8396560668945 -56.0488342285156 -55.3139556884766 -55.4079956054687 -59.3448989868164 -62.9368118286133 -68.2805191040039 -73.2671890258789 -76.3295501708984 -79.5992340087891 -83.791796875 -86.6712371826172 -86.8701904296875 -85.6824371337891 -83.5464416503906 -79.3168792724609 -73.83369140625 -67.1143646240234 -65.2777877807617 -62.5455749511719 -60.0707870483398 -59.8478042602539 -62.7285385131836 -61.8010635375977 -64.438005065918 -61.1513580322266 -62.1792373657227 -61.3986389160156 -57.8497406005859 -58.4108001708984 -61.2144927978516 -58.6783981323242 -55.8477478027344 -52.3826461791992 -47.3440200805664 -46.9832183837891 -49.6364761352539 -51.4719680786133 -49.4409881591797 -49.8721618652344 -43.891081237793 -44.032682800293 -44.8634292602539 -48.2876983642578 -50.7996002197266 -52.2735214233398 -55.1339401245117 -51.3840866088867
-72.7410797119141 -72.3350341796875 -69.6197723388672 -66.6454498291016 -64.1812118530273 -61.2281646728516 -58.5230926513672 -56.6609817504883 -55.6850891113281 -54.7504791259766 -56.5392425537109 -59.8870315551758 -62.8753753662109 -68.2173217773438 -70.1817230224609 -73.3157348632812 -75.7921234130859 -79.698193359375 -81.0020568847656 -79.0588043212891 -78.8585845947266 -75.81962890625 -70.434196472168 -65.2093215942383 -63.1608520507812 -61.4603973388672 -57.7326614379883 -58.6265731811523 -61.3148574829102 -57.9888442993164 -58.988037109375 -58.238313293457 -59.148161315918 -55.6426376342773 -55.4142074584961 -56.9671600341797 -54.9623046875 -52.2859573364258 -52.1603958129883 -51.7651412963867 -48.1433868408203 -43.3316223144531 -44.8851272583008 -47.6289978027344 -45.8237854003906 -43.6711349487305 -43.156575012207 -44.7360946655273 -49.4311767578125 -54.4449172973633 -55.6177780151367 -54.1987350463867 -59.2585266113281 -54.8285598754883
-73.4116668701172 -72.3653076171875 -70.5002883911133 -67.2067733764648 -64.4018600463867 -61.4124526977539 -58.1983581542969 -55.8552856445312 -54.74169921875 -53.3671676635742 -53.6255615234375 -56.1853302001953 -58.0633483886719 -61.9069381713867 -63.6494232177734 -65.757600402832 -68.3994049072266 -71.3027267456055 -73.7303359985352 -73.3584335327148 -72.743864440918 -70.8947326660156 -67.8328018188477 -63.8904403686523 -61.1484130859375 -57.7742950439453 -55.3175231933594 -54.9399627685547 -56.489323425293 -55.8129806518555 -53.6001724243164 -52.8122970581055 -52.7314331054687 -50.2481033325195 -51.0221893310547 -50.2818359375 -48.8285079956055 -47.5971176147461 -47.8015335083008 -47.8376907348633 -44.9449554443359 -42.2088760375977 -39.9099197387695 -40.5491668701172 -39.4648239135742 -40.2795471191406 -41.898860168457 -48.4757751464844 -52.0985229492187 -54.6150588989258 -59.3865951538086 -63.4663131713867 -61.2887878417969 -52.8655395507812
-74.3661407470703 -72.5902679443359 -70.5500900268555 -67.5286392211914 -64.8103317260742 -62.0608154296875 -58.3712844848633 -55.394970703125 -53.4639801025391 -51.4456069946289 -50.2036575317383 -51.6630187988281 -53.1284393310547 -54.8842071533203 -58.3140487670898 -59.279948425293 -61.1804534912109 -63.7767028808594 -65.9116394042969 -67.4745788574219 -66.708869934082 -65.9656860351562 -63.7318252563477 -60.5046432495117 -56.9847015380859 -55.8119277954102 -54.8221603393555 -51.9435897827148 -53.2702514648437 -53.1028686523437 -50.911442565918 -49.3227447509766 -47.3261337280273 -46.5252044677734 -45.7904983520508 -45.1706497192383 -46.7305847167969 -46.1353164672852 -43.8539413452148 -42.2609008789062 -40.7495040893555 -36.5290222167969 -37.083251953125 -37.0723678588867 -35.736555480957 -37.2299285888672 -39.9238739013672 -47.6988296508789 -53.775895690918 -55.4181274414062 -59.7883209228516 -65.1514770507812 -61.3417144775391 -57.6300704956055
-74.9513519287109 -73.3333099365234 -71.3488311767578 -68.7640213012695 -65.7247406005859 -62.472021484375 -58.4247329711914 -54.956657409668 -51.4086486816406 -48.7228713989258 -46.1754592895508 -45.8020706176758 -47.4423141479492 -48.4552368164062 -50.6817535400391 -53.230500793457 -55.234782409668 -57.9086700439453 -59.9471496582031 -62.4608871459961 -62.9712097167969 -61.1405181884766 -58.9520980834961 -56.6225357055664 -54.4234069824219 -53.2148406982422 -52.6001434326172 -49.8632949829102 -49.230485534668 -49.3238082885742 -47.033122253418 -43.4500640869141 -42.84306640625 -42.3511352539062 -41.9258819580078 -41.3919006347656 -42.6265914916992 -39.0527694702148 -36.0218032836914 -34.3541809082031 -33.3555221557617 -32.8541168212891 -34.0606094360352 -31.7208053588867 -30.9641723632812 -32.6585327148437 -40.2672454833984 -42.1409774780273 -48.5339721679687 -53.9155624389648 -59.0702651977539 -61.1495742797852 -58.1277099609375 -57.863020324707
-75.4304504394531 -73.8463836669922 -72.2400527954102 -69.8002090454102 -66.2590774536133 -62.4587448120117 -57.6564559936523 -53.2331512451172 -48.5102249145508 -45.0435546875 -42.3716217041016 -40.4369537353516 -41.5073165893555 -42.1528213500977 -43.6961608886719 -47.2539627075195 -50.2102523803711 -53.3954315185547 -55.9554229736328 -58.6797378540039 -59.2403564453125 -58.8405639648437 -58.1791900634766 -56.3602447509766 -53.7332763671875 -52.6602828979492 -50.8046249389648 -47.9456619262695 -45.4189697265625 -41.6606887817383 -41.3138290405273 -37.568229675293 -37.5412796020508 -37.3293670654297 -37.184684753418 -39.0491409301758 -38.459033203125 -34.3133331298828 -35.4602615356445 -32.4221389770508 -30.0861358642578 -29.27685546875 -27.5038757324219 -25.3365646362305 -25.9208633422852 -31.9080368041992 -35.7297470092773 -42.5028884887695 -46.6046737670898 -51.605859375 -55.6743423461914 -54.8713348388672 -55.5245147705078 -55.0157897949219
