indici/fabbisogno06.asc
NCOLS 177 
NROWS 174 
XLLCORNER 1436301.375 
YLLCORNER 4916704.5 
CELLSIZE 1500 
NODATA_value -9999 
[rows 96 to 119 of 174, columns 0 to 53 of 177]
-9999 -9999 -9999 -9999 -9999 -9999 -9999 -9999 -9999 -9999 -9999 -9999 -9999 -9999 -9999 -9999 -9999 -9999 -9999 -9999 -9999 -9999 -9999 -9999 -9999 -9999 -9999 -9999 -9999 -9999 -9999 -9999 61.7331773757935 60.4255933761597 58.9504283905029 57.7190155029297 56.4551956176758 55.5141841888428 54.5203937530518 53.0944602966309 51.3887264251709 49.0935848236084 46.2270328521729 41.9303020477295 36.249768447876 29.4367599487305 22.6138465881348 15.7405681610107 10.1940185546875 6.42662582397462 4.43645629882813 4.16659812927246 4.75643692016602 5.66068840026855
-9999 -9999 -9999 -9999 -9999 -9999 -9999 -9999 -9999 -9999 -9999 -9999 -9999 -9999 -9999 -9999 -9999 -9999 -9999 -9999 -9999 -9999 -9999 -9999 -9999 -9999 -9999 -9999 -9999 -9999 -9999 -9999 -9999 61.8946971893311 60.2273960113525 58.5476745605469 56.8676448822022 55.4203922271729 53.9844486236572 52.332207107544 50.1851650238037 47.6867557525635 44.8749744415283 41.2166149139404 35.9649547576904 29.7418773651123 23.3560768127441 17.177587890625 13.1492794036865 10.5052993774414 9.70455322265626 9.72846908569336 10.8149215698242 11.8227725982666
-9999 -9999 -9999 -9999 -9999 -9999 -9999 -9999 -9999 -9999 -9999 -9999 -9999 -9999 -9999 -9999 -9999 -9999 -9999 -9999 -9999 -9999 -9999 -9999 -9999 -9999 -9999 -9999 -9999 -9999 -9999 -9999 -9999 62.4136442184448 60.4845548629761 58.3409181594849 56.2207527160645 54.2665428161621 52.4461181640625 50.7358375549316 48.5581325531006 46.126611328125 43.3343402862549 40.2061489105225 35.9833633422852 30.9173854827881 25.6487575531006 20.8311462402344 17.53313331604 16.3072048187256 15.9690570831299 16.4420425415039 17.122838973999 18.2014167785645
-9999 -9999 -9999 -9999 -9999 -9999 -9999 -9999 -9999 -9999 -9999 -9999 -9999 -9999 -9999 -9999 -9999 -9999 -9999 -9999 -9999 -9999 -9999 -9999 -9999 -9999 -9999 -9999 -9999 -9999 -9999 -9999 -9999 -9999 59.4862613677979 56.7741752624512 54.3459869384766 52.1305404663086 50.2791828155518 48.6188213348389 46.7096904754639 44.4632919311523 41.958024597168 39.4521324157715 36.3579074859619 32.5827270507813 28.7314788818359 25.3663848876953 23.1885803222656 22.3008922576904 22.2339683532715 22.6549510955811 22.6879974365234 22.6762191772461
-9999 -9999 -9999 -9999 -9999 -9999 -9999 -9999 -9999 -9999 -9999 -9999 -9999 -9999 -9999 -9999 -9999 -9999 -9999 -9999 -9999 -9999 -9999 -9999 -9999 -9999 -9999 -9999 -9999 -9999 68.3108459472656 66.1166690826416 63.5167337417603 60.5495645523071 57.6030300140381 54.4044448852539 51.5791023254395 49.2252193450928 47.3011974334717 46.0642936706543 44.8933280944824 43.0944255828857 41.0535972595215 39.4459297180176 37.0336757659912 34.7929756164551 32.2059379577637 29.9798728942871 28.4426445007324 27.7434978485107 27.6168003082275 27.4886741638184 27.2193901062012 26.9881523132324
-9999 -9999 -9999 -9999 -9999 -9999 -9999 -9999 -9999 -9999 -9999 -9999 -9999 -9999 -9999 -9999 -9999 -9999 -9999 -9999 -9999 -9999 -9999 -9999 -9999 -9999 -9999 -9999 71.4000550270081 69.8127404212952 67.7828956604004 65.3073789596558 62.2116718292236 58.7413276672363 55.1677005767822 51.5092144012451 48.3467037200928 45.8908069610596 44.12490234375 43.2096031188965 42.7977561950684 42.0767776489258 40.5372573852539 39.2468715667725 38.301485824585 37.1517158508301 35.6123142242432 34.297497177124 33.3559020996094 32.624361038208 31.966968536377 31.0707981109619 30.3649650573731 29.7474018096924
-9999 -9999 -9999 -9999 -9999 -9999 -9999 -9999 -9999 -9999 -9999 -9999 -9999 -9999 -9999 -9999 -9999 -9999 -9999 -9999 -9999 -9999 75.3343311309815 75.2263116836548 -9999 -9999 -9999 -9999 70.6956220626831 69.1320351600647 67.0060140609741 64.1909164428711 60.682608795166 56.6459449768066 52.6196727752686 48.6193019866943 45.2644832611084 42.8137195587158 41.3994743347168 40.639001083374 40.5604305267334 40.8065746307373 40.6359127044678 40.2104339599609 39.6813472747803 39.3584163665771 38.7216239929199 38.1130878448486 37.4491512298584 36.6993591308594 35.2800430297852 33.9482330322266 32.7817768096924 31.2541584014893
-9999 -9999 -9999 -9999 -9999 -9999 -9999 -9999 -9999 -9999 -9999 -9999 -9999 -9999 -9999 -9999 -9999 -9999 71.363911819458 73.4979990005493 74.544630241394 74.7730098724365 75.0116451263428 74.9723038673401 -9999 -9999 -9999 -9999 -9999 67.87896900177 65.7783483505249 62.8658195495606 59.0968067169189 54.7356388092041 50.2716625213623 46.2970436096191 42.986083984375 40.5896331787109 39.2054065704346 38.8112976074219 39.1579082489014 39.8951728820801 40.5750289916992 40.9478382110596 41.4344573974609 41.2249279022217 41.4257389068604 41.0192050933838 40.5241527557373 39.6538970947266 38.0786479949951 36.5218681335449 34.5006904602051 32.1490001678467
-9999 -9999 -9999 -9999 -9999 -9999 -9999 -9999 -9999 -9999 -9999 -9999 -9999 -9999 -9999 -9999 -9999 -9999 71.103569984436 73.0947088241577 73.7959604263306 74.2406565666199 74.4614686965942 74.4626929283142 73.802961063385 -9999 -9999 -9999 68.4614751815796 66.4552261352539 64.0305536270142 61.3097984313965 57.5691860198975 53.2351856231689 48.8205570220947 44.7847618103027 41.7699687957764 39.362434387207 38.2974575042725 38.1389888763428 38.4590621948242 39.2822364807129 40.2132656097412 41.3251781463623 42.498503112793 42.9775257110596 43.6316825866699 43.6919578552246 43.1838695526123 42.0374000549316 40.406812286377 38.292321395874 35.6171913146973 32.6078987121582
-9999 -9999 -9999 -9999 -9999 -9999 -9999 -9999 -9999 -9999 -9999 -9999 -9999 -9999 -9999 -9999 -9999 -9999 70.7957002639771 72.2029722213745 73.055624961853 73.5683069229126 73.6830238342285 73.3142650604248 72.4945597648621 71.5569252967834 -9999 -9999 66.7366327285767 64.7499534606934 62.3075319290161 59.5027240753174 56.4464191436768 52.4455410003662 48.2553150177002 44.5251369476318 41.8165641784668 39.7625946044922 38.9489604949951 38.5993869781494 38.7986911773682 39.1384517669678 39.970938873291 41.6917247772217 42.7688858032227 43.6925315856934 44.5877475738525 45.0428215026856 44.6552955627441 43.4208282470703 41.5250728607178 39.1175228118897 36.2987361907959 33.0041557312012
-9999 -9999 -9999 -9999 -9999 -9999 -9999 -9999 -9999 -9999 -9999 -9999 -9999 -9999 -9999 -9999 -9999 68.0568269729614 70.2798456192017 71.4373268127441 72.0711130142212 72.5084529876709 72.420901966095 71.7076124191284 70.6973314285278 69.5363441467285 -9999 66.7747556686401 64.4522607803345 62.5974390029907 60.4323989868164 57.9057563781738 55.2038055419922 52.3978633880615 48.7640193939209 45.7652481079102 43.4064109802246 41.5256362915039 40.6132648468018 40.1358127593994 39.6216186523438 39.5701839447022 40.2813617706299 41.8669052124023 42.9629688262939 44.1570400238037 45.387882232666 45.4872135162354 45.1150638580322 43.90666847229 41.9543640136719 39.5464782714844 36.5318813323975 33.3664981842041
-9999 -9999 -9999 -9999 -9999 -9999 -9999 -9999 -9999 -9999 -9999 -9999 -9999 -9999 -9999 -9999 -9999 68.0383110046387 69.693603515625 70.5389039993286 70.8655923843384 71.2533103942871 70.5734443664551 69.4263986587524 68.1142192840576 66.5452127456665 65.1082382202148 63.8383201599121 62.0957872390747 59.9472408294678 58.3446544647217 56.55075340271 54.5274253845215 52.7278804779053 50.4588851928711 48.2010498046875 46.0084526062012 44.3721832275391 43.3865501403809 42.4561763763428 41.4461994171143 40.9326942443848 41.808283996582 42.6814491271973 43.7532455444336 44.8548587799072 45.609147644043 45.8092700958252 45.1933242797852 44.0648960113525 41.770955657959 39.2881946563721 36.5496898651123 33.6963027954102
-9999 -9999 -9999 -9999 -9999 -9999 -9999 -9999 -9999 -9999 -9999 -9999 -9999 -9999 -9999 -9999 -9999 68.1278921127319 69.0424118041992 69.4550931930542 70.1129024505615 69.2625936508179 68.0747121810913 66.5067899703979 64.6274782180786 62.7173332214356 61.0687656402588 59.8142028808594 58.7929698944092 57.7827060699463 56.2630424499512 55.3381095886231 54.2611125946045 53.2285804748535 52.1606189727783 50.7528316497803 49.088134765625 47.7946338653564 46.7426174163818 45.5959117889404 44.5082592010498 43.3629234313965 44.0895027160645 44.4481071472168 45.0087383270264 45.9253025054932 46.1532531738281 45.8848430633545 44.9209175109863 43.4057132720947 41.2850807189941 38.4085964202881 35.9338821411133 33.6021450042725
-9999 -9999 -9999 -9999 -9999 -9999 -9999 -9999 -9999 -9999 -9999 -9999 -9999 -9999 -9999 -9999 -9999 -9999 68.1637224197388 68.9140501022339 68.2477920532227 66.8826021194458 65.250772857666 63.0302711486816 60.6126125335693 58.3418323516846 56.4452922821045 55.3860927581787 54.9510238647461 54.9560390472412 54.9659847259522 54.5436367034912 54.3348361968994 54.1090427398682 54.0175701141358 53.3367000579834 52.3512275695801 51.3293731689453 50.4706195831299 49.2194423675537 48.1439426422119 48.1121685028076 47.2051284790039 46.799577331543 46.8598499298096 47.0946975708008 46.5673797607422 45.7278861999512 44.1975521087647 42.6497753143311 40.4985527038574 37.4844131469727 35.0352352142334 33.1865055084229
-9999 -9999 -9999 -9999 -9999 -9999 -9999 -9999 -9999 -9999 -9999 -9999 -9999 -9999 -9999 -9999 -9999 -9999 67.6595947265625 67.2966869354248 66.0763622283936 64.3273796081543 62.1223083496094 59.4086769104004 56.4123664855957 53.8007244110107 51.9368732452393 51.0565990447998 51.3175102233887 52.1034023284912 53.4162582397461 54.3069480895996 54.8391426086426 55.2157573699951 55.8373020172119 55.7620986938477 55.2050849914551 54.6238952636719 54.1099876403809 53.2364212036133 52.8046993255615 51.7985416412354 50.8426536560059 49.805545425415 49.3852401733399 48.3939220428467 47.2850280761719 45.4320213317871 43.4045700073242 41.4616786956787 39.0529045104981 36.6777614593506 34.0918544769287 32.7521392822266
-9999 -9999 -9999 -9999 -9999 -9999 -9999 -9999 -9999 -9999 -9999 -9999 -9999 -9999 -9999 -9999 -9999 -9999 65.9470458984375 64.9829933166504 63.7351348876953 61.673025894165 59.1192981719971 56.0367595672607 52.7018436431885 49.8276828765869 48.0049068450928 47.5122043609619 48.1693412780762 49.8020454406738 51.9443405151367 53.9585372924805 55.4817600250244 56.5307865142822 57.8458805084229 58.2394351959229 57.8518886566162 58.0343154907227 57.5309413909912 57.2296600341797 56.3395977020264 55.4323757171631 54.3292896270752 53.4194778442383 51.984358215332 50.1665523529053 47.8721935272217 45.5057544708252 42.9635677337646 40.2112266540527 37.3449096679688 35.0307754516602 33.6879047393799 32.7803321838379
-9999 -9999 -9999 -9999 -9999 -9999 -9999 -9999 -9999 -9999 -9999 -9999 -9999 -9999 -9999 -9999 -9999 -9999 64.0231483459473 62.4164051055908 60.7236076354981 58.8618221282959 56.2234466552734 53.1654083251953 49.902986907959 47.0962467193604 45.4243118286133 45.1160758972168 46.2650527954102 48.3381084442139 50.7925853729248 53.3456047058105 55.5960502624512 57.2886379241943 58.7615406036377 59.7364101409912 60.0890800476074 60.1361209869385 60.2285409927368 59.8330921173096 59.3182312011719 58.4920249938965 57.6217872619629 56.0941745758057 54.3631202697754 51.6740253448486 48.8729942321777 45.811992263794 42.6870204925537 39.0847534179688 35.9783515930176 33.786665725708 33.0295978546143 33.6547748565674
-9999 -9999 -9999 -9999 -9999 -9999 -9999 -9999 -9999 -9999 -9999 -9999 -9999 -9999 -9999 -9999 -9999 -9999 61.4686992645264 59.5939300537109 58.0080249786377 56.0046169281006 53.8759605407715 51.1575679779053 48.3019119262695 45.8691387176514 44.4204467773438 44.2544616699219 45.2933883666992 47.3624389648437 49.7328540802002 52.3006832122803 54.7622268676758 56.9899784088135 58.8724380493164 60.2425800323486 61.1973770141602 61.592858505249 61.8217313766479 61.7827898025513 61.691986656189 61.1741539001465 60.0074279785156 58.3825038909912 56.2988628387451 53.4727375030518 50.1114303588867 46.5413040161133 42.7841552734375 38.8013381958008 35.7372985839844 33.7795658111572 33.623169708252 35.115161895752
-9999 -9999 -9999 -9999 -9999 -9999 -9999 -9999 -9999 -9999 -9999 -9999 -9999 -9999 -9999 -9999 -9999 -9999 -9999 56.6019821166992 55.2963214874268 53.8043827056885 52.063277053833 50.328747177124 48.0761775970459 46.1228168487549 44.8689834594727 44.5177532196045 44.8644466400146 46.3009784698486 48.5129669189453 51.1031246185303 53.7401184082031 56.3414203643799 58.7026966094971 60.3973556518555 61.8301136016846 62.6710987091064 63.0115154266357 63.3599489212036 63.2228694915772 62.9971864700317 61.8941146850586 60.1088666915894 57.9901847839355 55.0814464569092 51.8757629394531 48.0455341339111 43.5249404907227 39.4539527893066 36.2576198577881 34.6929111480713 35.4178714752197 37.6721500396729
-9999 -9999 -9999 -9999 -9999 -9999 -9999 -9999 -9999 -9999 -9999 -9999 -9999 -9999 -9999 -9999 -9999 -9999 -9999 54.0027976989746 52.7854564666748 52.0929470062256 51.2772037506104 50.3233009338379 49.0613121032715 47.6437957763672 46.5148651123047 45.3731159210205 45.1075607299805 45.9672187805176 47.6213672637939 49.8318229675293 52.3413028717041 55.3588874816895 57.7655361175537 60.006307220459 61.7429527282715 63.0478008270264 63.7228164672852 64.0542058944702 64.1061185836792 63.7917163848877 63.1596347808838 61.5832122802734 59.6029533386231 56.8355892181396 53.469250869751 49.5597122192383 45.3222095489502 41.455742263794 38.5101959228516 37.4973014831543 38.976985168457 41.5443138122559
-9999 -9999 -9999 -9999 -9999 -9999 -9999 -9999 -9999 -9999 -9999 -9999 -9999 -9999 -9999 -9999 -9999 -9999 -9999 51.4363758087158 51.1169521331787 51.298006439209 51.3686042785645 51.0807094573975 50.7933940887451 49.8116695404053 48.331897354126 46.7343322753906 45.9562091827393 45.9154632568359 46.6424522399902 48.2012817382813 50.8678169250488 53.6178985595703 56.4163196563721 58.863610458374 60.9692701339722 62.702707862854 63.771120262146 64.394934463501 64.7628229141235 64.5337299346924 63.9122957229614 62.7236396789551 61.0027299880982 58.2577560424805 55.1022029876709 51.493892288208 47.7816730499268 44.4803424835205 42.6854835510254 42.4686100006104 44.0147815704346 46.8724029541016
-9999 -9999 -9999 -9999 -9999 -9999 -9999 -9999 -9999 -9999 -9999 -9999 -9999 -9999 -9999 -9999 -9999 -9999 -9999 49.8567607879639 50.9218379974365 51.6914180755615 52.4207817077637 52.8205242156982 52.9830467224121 52.4028217315674 50.4421298980713 48.7622230529785 47.2445308685303 46.2075778961182 45.8598861694336 47.1520881652832 49.085669708252 51.557466506958 54.4783432006836 57.2754276275635 59.7674629211426 61.8005435943603 63.2758556365967 64.1557075500488 64.6891487121582 64.7929231643677 64.2559513092041 63.3507165908813 61.7692567825317 59.4722055435181 56.5919403076172 53.5978916168213 50.9181880950928 48.642753982544 47.4321132659912 47.7435558319092 49.5484325408936 52.2629829406738
-9999 -9999 -9999 -9999 -9999 -9999 -9999 -9999 -9999 -9999 -9999 -9999 -9999 -9999 -9999 -9999 -9999 -9999 -9999 -9999 51.6889099121094 53.5028594970703 54.9714141845703 55.4148509979248 55.4629432678223 54.8121776580811 53.0996692657471 51.1214603424072 48.8914958953857 47.1755149841309 46.3697982788086 46.1886951446533 47.159400177002 49.2795822143555 52.2516220092773 55.1646003723145 57.9866184234619 60.3682258605957 60.6422370910645 61.968751335144 62.7457941055298 64.4696212768555 64.2808544158936 63.6119422912598 62.5421829223633 60.7468734741211 58.6447135925293 56.2391326904297 54.3924034118652 52.9585388183594 52.4668022155762 53.1083015441895 54.8117259979248 57.216820526123
-9999 -9999 -9999 -9999 -9999 -9999 -9999 -9999 -9999 -9999 -9999 -9999 -9999 -9999 -9999 -9999 -9999 -9999 -9999 -9999 -9999 55.981324005127 57.7721458435059 58.7595039367676 59.0695465087891 58.0191204071045 56.4040058135986 54.2802745819092 51.4978038787842 48.8449508666992 46.7597721099853 45.5337738037109 45.7523670196533 47.4605461120606 50.2124004364014 52.9697570800781 53.9316890716553 55.7447647094727 57.6920051574707 59.2533138275146 60.5721345901489 61.3777565002441 62.4225482940674 63.6902004241943 62.9679141998291 62.0060022354126 60.6309875488281 58.9465435028076 57.7116569519043 56.9935874938965 57.0058856964111 57.8894390106201 59.4484882354736 61.4082794189453
