indici/fabbisogno_annuo.asc
NCOLS 177 
NROWS 174 
XLLCORNER 1436301.375 
YLLCORNER 4916704.5 
CELLSIZE 1500 
NODATA_value -9999 
[rows 96 to 119 of 174, columns 108 to 161 of 177]
272.04487991333 293.698219299316 312.146881103516 327.170104980469 338.74800491333 345.316070556641 349.980266571045 351.919689178467 350.208934783936 345.767589569092 337.074317932129 325.262588500977 310.540004730225 295.207502365112 279.845043182373 263.793098449707 246.125700950623 230.100863456726 212.422076225281 200.448178291321 196.205290436745 -9999 -9999 -9999 -9999 -9999 -9999 -9999 -9999 -9999 -9999 -9999 -9999 -9999 -9999 -9999 -9999 -9999 -9999 -9999 -9999 -9999 -9999 -9999 -9999 -9999 -9999 -9999 -9999 -9999 -9999 -9999 -9999 -9999
288.177368164062 307.469434738159 324.716487884521 338.286109924316 346.730285644531 351.056884765625 353.266490936279 351.526802062988 347.017608642578 338.633594512939 325.503093719482 308.994117736816 288.309200286865 268.452932357788 245.866415977478 222.54185295105 198.462160587311 177.164866805077 154.920499324799 138.223340213299 132.051337838173 135.954693228006 152.283819198608 180.502820491791 218.267747402191 -9999 -9999 -9999 -9999 -9999 -9999 -9999 -9999 -9999 -9999 -9999 -9999 -9999 -9999 -9999 -9999 -9999 -9999 -9999 -9999 -9999 -9999 -9999 -9999 -9999 -9999 -9999 -9999 -9999
298.401401519775 317.581481933594 332.836475372314 344.541107177734 351.548904418945 354.266304016113 353.758792877197 349.860340118408 341.763893127441 329.637626647949 311.877262115479 289.335201263428 262.812026977539 234.453959465027 205.876935482025 175.746331810951 147.499652385712 122.278607130051 95.7674894332886 78.1939640045166 72.1066617965698 76.3110857009888 97.5844612121582 132.679737091064 180.377553224564 -9999 -9999 -9999 -9999 -9999 -9999 -9999 -9999 -9999 -9999 -9999 -9999 -9999 -9999 -9999 -9999 -9999 -9999 -9999 -9999 -9999 -9999 -9999 -9999 -9999 -9999 -9999 -9999 -9999
303.869012832642 323.505683898926 337.697971343994 347.622005462646 352.64094543457 353.093479156494 351.511234283447 345.989707946777 335.109081268311 319.591026306152 297.682682037354 269.930492401123 237.871785163879 202.36630153656 167.488854169846 133.031534910202 100.47297668457 69.9744300842285 41.9805917739868 24.0113883018494 18.7724132537842 26.4585237503052 51.8495483398438 95.0468912124634 148.491793632507 -9999 -9999 -9999 -9999 -9999 -9999 -9999 -9999 -9999 -9999 -9999 -9999 -9999 -9999 -9999 -9999 -9999 -9999 -9999 -9999 -9999 -9999 -9999 -9999 -9999 -9999 -9999 -9999 -9999
304.943336486816 323.838710784912 337.015209197998 346.158012390137 350.644474029541 350.383449554443 347.758926391602 340.605606079102 326.163242340088 309.715324401855 284.366901397705 253.304637908936 217.091390609741 176.81366956234 137.334528923035 98.5908093452454 63.4026203155518 31.5370407104492 1.65799483656883 -15.7703597545624 -17.8992462158203 -6.58187675476074 21.938503742218 73.2203092575073 129.552623748779 -9999 -9999 -9999 -9999 -9999 -9999 -9999 -9999 -9999 -9999 -9999 -9999 -9999 -9999 -9999 -9999 -9999 -9999 -9999 -9999 -9999 -9999 -9999 -9999 -9999 -9999 -9999 -9999 -9999
302.761831283569 320.962604522705 334.130035400391 342.652606964111 346.855522155762 346.570743560791 342.025932312012 333.760963439941 320.004745483398 299.989349365234 273.535245895386 240.753999710083 202.95624256134 161.617886543274 120.706505209208 81.4165649414062 45.5373697280884 11.1331462860107 -16.3733062744141 -35.2292547225952 -33.0813879966736 -19.5953521728516 11.9702541828156 65.7991523742676 127.935308218002 -9999 -9999 -9999 -9999 -9999 -9999 -9999 -9999 -9999 -9999 -9999 -9999 -9999 -9999 -9999 -9999 -9999 -9999 -9999 -9999 -9999 -9999 -9999 -9999 -9999 -9999 -9999 -9999 -9999
297.912284851074 314.843013763428 326.990070343018 335.294536590576 339.410594940186 338.701995849609 333.910526275635 325.020603179932 311.031753540039 290.644603729248 264.318119049072 232.149726867676 195.554423809052 156.315748691559 117.482707619667 79.710898399353 45.2759132385254 14.0681843757629 -14.6561477780342 -30.3550796508789 -28.8215727806091 -12.1590335816145 21.7980427742004 71.818754196167 -9999 -9999 -9999 -9999 -9999 -9999 -9999 -9999 -9999 -9999 -9999 -9999 -9999 -9999 -9999 -9999 -9999 -9999 -9999 -9999 -9999 -9999 -9999 -9999 -9999 -9999 -9999 -9999 -9999 -9999
290.466938018799 305.944999694824 317.999954223633 326.543350219727 330.419960021973 328.465126037598 322.696212768555 314.243717193604 300.636806488037 280.761680603027 256.212198257446 226.759020805359 193.955164670944 159.524175643921 125.453055381775 91.3418140411377 59.6105260848999 31.355372428894 8.564781665802 -9.01092606782913 -10.8703430294991 5.34044075012207 37.8711128234863 84.4283781051636 143.670730948448 -9999 -9999 -9999 -9999 -9999 -9999 -9999 -9999 -9999 -9999 -9999 -9999 -9999 -9999 -9999 -9999 -9999 -9999 -9999 -9999 -9999 -9999 -9999 -9999 -9999 -9999 -9999 -9999 -9999
282.514806747437 295.457185745239 306.082632064819 314.124279022217 316.680492401123 315.620319366455 309.375793457031 299.614540100098 287.718179702759 269.686408996582 247.331689834595 222.176902770996 195.118798971176 166.966452121735 139.087163925171 110.737156391144 83.4492616653442 58.0292930603027 37.0591382980347 24.8546681404114 21.7933387756348 31.2154521942139 62.2693176269531 106.920776367188 159.778477311134 210.85883140564 -9999 -9999 -9999 -9999 -9999 -9999 -9999 -9999 -9999 -9999 -9999 -9999 -9999 -9999 -9999 -9999 -9999 -9999 -9999 -9999 -9999 -9999 -9999 -9999 -9999 -9999 -9999 -9999
273.128282546997 282.68203163147 292.700222015381 296.86767578125 298.888999938965 298.022150039673 292.945293426514 282.780897140503 270.457582473755 255.428134918213 237.188546180725 217.440949440002 197.239326000214 177.439491271973 156.727967262268 134.647468924522 112.011475086212 90.3633480072021 71.6836805343628 61.8587779998779 59.9477844238281 68.0336589813232 92.7513427734375 128.192636966705 173.27568769455 218.35387802124 261.048974990845 298.271739959717 328.692344665527 353.907218933105 -9999 -9999 -9999 -9999 -9999 -9999 -9999 -9999 -9999 -9999 -9999 -9999 -9999 -9999 -9999 -9999 -9999 -9999 -9999 -9999 -9999 -9999 -9999 -9999
262.766437530518 269.462352752686 274.36957359314 276.764724731445 277.826908111572 275.620998382568 270.956344604492 263.961894989014 252.858837127686 240.722651481628 225.872590065002 211.74619102478 198.506435155869 186.598233222961 174.520201921463 159.386626720428 142.100553894415 125.462660312653 112.060920715332 100.82469367981 96.4719514846802 102.98625087738 120.755104064941 149.952579021454 187.112454891205 223.558745384216 262.1130027771 295.4808177948 324.074131011963 347.352363586426 364.102863311768 -9999 -9999 -9999 -9999 -9999 -9999 -9999 -9999 -9999 -9999 -9999 -9999 -9999 -9999 -9999 -9999 -9999 -9999 -9999 -9999 -9999 -9999 -9999
253.45161819458 255.128921508789 255.2730884552 254.656455993652 252.437662124634 250.012037277222 246.588329315186 240.760871887207 233.989641189575 226.615451812744 215.544130325317 207.334337711334 200.010375499725 195.358971834183 191.034936726093 183.445493340492 173.283446550369 163.227294921875 150.667573809624 139.975035905838 133.816822052002 136.198648452759 147.912837028503 167.33514252305 194.667654395103 224.788043022156 256.390855789185 285.864475250244 312.180263519287 332.837036132812 350.096828460693 365.316654205322 -9999 -9999 -9999 -9999 -9999 -9999 -9999 -9999 -9999 -9999 -9999 -9999 -9999 -9999 -9999 -9999 -9999 -9999 -9999 -9999 -9999 -9999
245.439430236816 240.556897163391 236.839327812195 232.013144493103 228.22826385498 225.513954162598 221.723052978516 216.881097793579 211.992327213287 209.406417369843 206.139094829559 204.910766124725 206.599498271942 209.613007068634 212.147441864014 210.59136390686 207.417125225067 200.110140562057 190.657485723495 180.053699612617 171.611464977264 168.148463487625 170.395615398884 180.784062862396 198.351833999157 220.607544898987 246.156977653503 271.048761367798 294.260622024536 313.525314331055 331.936477661133 347.842445373535 -9999 -9999 -9999 -9999 -9999 -9999 -9999 -9999 -9999 -9999 -9999 -9999 -9999 -9999 -9999 -9999 -9999 -9999 -9999 -9999 -9999 -9999
238.28607749939 229.449089050293 221.66916847229 214.190550327301 208.967237949371 205.093025684357 200.764626502991 196.371701478958 192.965893507004 194.763328313828 197.220865726471 203.296651124954 211.92343044281 222.507607460022 231.638547897339 234.667387008667 236.794756889343 233.460985183716 225.943173408508 216.442464828491 206.569514274597 197.245137691498 193.239924669266 195.138113617897 202.513358473778 215.889428138733 233.062548160553 252.275713920593 270.290479660034 289.73487663269 307.560638427734 324.094232559204 339.872177124023 355.459648132324 370.041606903076 -9999 -9999 -9999 -9999 -9999 -9999 -9999 -9999 -9999 -9999 -9999 -9999 -9999 -9999 -9999 -9999 -9999 -9999 -9999
234.398566246033 223.757242679596 214.119048118591 204.787108421326 198.336089134216 193.18671631813 188.099819898605 184.140940472484 182.465025126934 187.622603595257 195.115320205688 207.993227481842 223.265057563782 238.580778121948 252.331163406372 259.744087219238 264.169654846191 264.664283752441 259.42951965332 251.049205780029 238.898696899414 226.640135765076 217.210547924042 210.255571842194 208.805082798004 211.923466205597 219.506662845612 230.796040058136 243.944267272949 260.025728225708 276.745029449463 294.383615493774 312.182697296143 331.503620147705 350.119518280029 367.510177612305 382.921779632568 -9999 -9999 -9999 -9999 -9999 -9999 -9999 -9999 -9999 -9999 -9999 -9999 -9999 -9999 -9999 -9999 -9999
234.807107925415 224.6342420578 215.315657615662 205.271033763885 198.988665103912 192.958832025528 187.606222510338 183.873814404011 184.146033108234 191.877938508987 203.57436132431 220.842393875122 240.647861480713 259.259172439575 274.996334075928 284.854305267334 290.90797996521 292.8160572052 289.818946838379 281.615856170654 269.468158721924 255.110301971436 241.217105865479 227.318510055542 216.108920097351 208.79295873642 206.056379556656 208.498442173004 214.881335735321 226.466579914093 241.439596176147 259.515811920166 279.888519287109 303.666393280029 326.63543510437 349.311290740967 369.375690460205 -9999 -9999 -9999 -9999 -9999 -9999 -9999 -9999 -9999 -9999 -9999 -9999 -9999 -9999 -9999 -9999 -9999
238.210515975952 230.6382188797 223.880308628082 215.871355056763 210.153433322906 204.913057565689 200.520483493805 197.91801571846 200.438367366791 209.767300605774 223.531734466553 242.393807411194 263.434545516968 283.282207489014 299.120161056519 309.719903945923 316.033298492432 318.385047912598 316.728115081787 309.053703308105 296.87659072876 281.806238174438 264.20440864563 244.728088378906 225.654893875122 207.624052286148 195.498931020498 189.020930409431 186.955256700516 192.975302815437 205.462836027145 223.591276168823 246.877691268921 274.704666137695 302.463972091675 330.566883087158 355.529079437256 376.729686737061 393.25456237793 -9999 -9999 -9999 -9999 -9999 -9999 -9999 -9999 -9999 -9999 -9999 -9999 -9999 -9999 -9999
241.437554359436 240.395625114441 237.419371604919 233.393396377563 229.910526275635 226.9293384552 224.460321426392 223.772701263428 228.22655582428 238.753124237061 252.935024261475 270.964532852173 290.324937820435 308.738668441772 323.645565032959 332.828090667725 338.657913208008 340.740081787109 338.94811630249 332.539924621582 320.908515930176 305.641431808472 285.547945022583 262.633329391479 235.987800598145 211.403095245361 189.290349632502 172.389044523239 162.306208133698 162.531563043594 172.042946577072 190.196538686752 216.090288877487 247.740167617798 281.148473739624 313.686576843262 343.281139373779 367.602680206299 386.731273651123 400.742156982422 -9999 -9999 -9999 -9999 -9999 -9999 -9999 -9999 -9999 -9999 -9999 -9999 -9999 -9999
245.668556213379 248.249487876892 251.886362075806 253.975275993347 254.556820869446 254.865475654602 255.244258880615 257.40943145752 263.587738037109 274.190498352051 286.563125610352 302.191753387451 318.486701965332 333.914279937744 346.321544647217 353.61255645752 357.879886627197 359.253749847412 357.740287780762 351.344669342041 340.885471343994 325.237079620361 305.014011383057 279.637775421143 246.595442771912 215.010331630707 186.114803701639 160.887728214264 143.475101470947 138.284349918365 145.131335258484 163.325204372406 194.825708031654 228.796475410461 265.450837135315 302.075807571411 334.728561401367 360.924247741699 381.476585388184 395.928550720215 -9999 -9999 -9999 -9999 -9999 -9999 -9999 -9999 -9999 -9999 -9999 -9999 -9999 -9999
251.361032485962 259.611342430115 267.65554523468 273.392040252686 281.115802764893 284.708137512207 288.590824127197 292.413074493408 300.114643096924 309.07642364502 319.386619567871 331.82670211792 344.351448059082 356.215000152588 365.581951141357 371.228935241699 374.001819610596 374.273700714111 372.199371337891 366.823963165283 356.890113830566 341.988777160645 319.804580688477 291.939002990723 259.671941757202 225.240570068359 190.181086778641 159.108950614929 136.304442405701 127.548757553101 132.163252830505 151.140283226967 181.45588684082 217.768799304962 259.494941711426 297.027507781982 331.182565689087 358.025226593018 377.994552612305 392.29381942749 -9999 -9999 -9999 -9999 -9999 -9999 -9999 -9999 -9999 -9999 -9999 -9999 -9999 -9999
259.104299545288 272.488014221191 285.337348937988 294.983640670776 305.145053863525 313.980825424194 319.727449417114 326.095794677734 332.250827789307 339.997894287109 348.11344909668 357.17179107666 366.311599731445 374.488063812256 380.939521789551 384.798110961914 386.538646697998 386.130062103271 384.062438964844 379.058319091797 369.721015930176 353.486137390137 332.868698120117 306.897308349609 274.218294143677 236.917165756226 198.462056875229 164.566567420959 140.151520252228 129.482385635376 132.066685676575 152.692194342613 183.323449611664 220.458058357239 260.719955444336 298.661563873291 332.861505508423 358.409027099609 376.896877288818 390.353908538818 400.115589141846 406.437477111816 411.330051422119 -9999 -9999 -9999 -9999 -9999 -9999 -9999 -9999 -9999 -9999 -9999
269.203835487366 287.541206359863 304.314659118652 316.900634765625 327.807704925537 338.639724731445 346.880718231201 352.137706756592 358.141105651855 364.610439300537 370.711837768555 377.448329925537 383.517910003662 388.846141815186 392.956176757812 395.439361572266 396.390621185303 395.370468139648 393.227657318115 388.232032775879 377.773143768311 364.567653656006 345.364994049072 319.525543212891 286.971057891846 248.870065689087 209.343238830566 173.860960483551 149.416340351105 138.189312934875 144.546073913574 164.412164092064 195.771990776062 233.133110046387 271.517105102539 307.530750274658 337.857433319092 361.866992950439 378.235260009766 390.1298828125 397.683521270752 402.858818054199 405.26245880127 -9999 -9999 -9999 -9999 -9999 -9999 -9999 -9999 -9999 -9999 -9999
282.544132232666 303.281589508057 321.931764602661 337.130668640137 348.226486206055 358.129852294922 366.303283691406 372.979759216309 377.87260055542 383.040645599365 387.573329925537 391.88663482666 396.069328308105 399.585460662842 401.914142608643 403.362777709961 403.567649841309 402.2565574646 400.323776245117 393.893455505371 385.791835784912 373.48751449585 355.795906066895 331.190982818604 299.153114318848 261.728324890137 222.83625793457 187.626545526087 164.181014716625 153.95689201355 161.613651514053 183.890144050121 215.792390823364 252.250744819641 288.14235496521 320.350994110107 347.343200683594 366.723205566406 381.776481628418 391.716815948486 397.078144073486 399.749355316162 399.730499267578 -9999 -9999 -9999 -9999 407.860527038574 413.243740081787 -9999 -9999 -9999 -9999 -9999
299.6862449646 321.402444839478 339.869728088379 354.772289276123 365.45227432251 374.177833557129 380.965065002441 386.978523254395 391.529315948486 395.351093292236 398.711750030518 401.87520980835 404.571807861328 406.78687286377 408.394817352295 409.259742736816 409.061729431152 407.791679382324 404.795249938965 399.604209899902 392.15355682373 381.111625671387 364.579845428467 341.180404663086 310.552471160889 274.845365524292 237.187806129456 204.295310497284 182.324036240578 175.552651882172 183.658909916878 207.749179363251 239.482757568359 274.226861953735 307.134435653687 335.458908081055 358.348335266113 374.835968017578 386.566287994385 395.143840789795 397.908069610596 398.304347991943 396.240810394287 -9999 391.269645690918 391.190605163574 392.973384857178 396.573482513428 401.787292480469 407.722038269043 411.009197235107 -9999 -9999 -9999
