indici/fabbisogno01.asc
NCOLS 177 
NROWS 174 
XLLCORNER 1436301.375 
YLLCORNER 4916704.5 
CELLSIZE 1500 
NODATA_value -9999 
[rows 60 to 79 of 174, columns 132 to 175 of 177]
-96.726448059082 -96.4691696166992 -95.9320526123047 -94.9127731323242 -93.8853149414062 -92.7767486572266 -91.0770492553711 -89.3887634277344 -87.7120666503906 -88.2550964355469 -89.2034378051758 -90.1614456176758 -89.5400772094727 -87.7670516967773 -85.9504547119141 -84.8530654907227 -85.3565292358398 -85.9078598022461 -86.7133712768555 -90.5669250488281 -94.3969955444336 -98.2032470703125 -101.651924133301 -105.014770507812 -108.376678466797 -111.822212219238 -115.366012573242 -118.944282531738 -122.175910949707 -124.448402404785 -126.759033203125 -129.049133300781 -127.293251037598 -125.502975463867 -123.677871704102 -120.533546447754 -116.936668395996 -113.312301635742 -110.738487243652 -109.282974243164 -107.822967529297 -106.81022644043 -107.360214233398 -107.928779602051
-96.5950622558594 -96.3491897583008 -95.7739562988281 -94.5754699707031 -93.3688201904297 -92.1331634521484 -90.6803207397461 -89.238883972168 -87.8090209960938 -88.4957962036133 -89.6411361694336 -90.796142578125 -89.8391799926758 -87.1977844238281 -84.5128631591797 -83.0281600952148 -84.4655685424805 -85.9507904052734 -87.553840637207 -90.9619064331055 -94.3465118408203 -97.7073364257812 -101.055953979492 -104.404479980469 -107.752082824707 -111.498802185059 -115.653007507324 -119.841636657715 -123.732963562012 -126.656021118164 -129.6171875 -132.616912841797 -130.348129272461 -127.965026855469 -125.547134399414 -121.962394714355 -117.912475585938 -113.835090637207 -110.914566040039 -109.387084960938 -107.855125427246 -106.776695251465 -107.615219116211 -108.472290039062
-96.4631729125977 -96.2287139892578 -95.6238403320312 -94.2462387084961 -92.860481262207 -91.4781875610352 -90.272087097168 -89.0773773193359 -87.8942260742188 -88.7270431518555 -90.0692901611328 -91.4164657592773 -90.1834259033203 -86.7673950195312 -83.3784332275391 -81.5926132202148 -84.0013427734375 -86.4373397827148 -88.9079895019531 -92.0190124511719 -95.1269302368164 -98.2316741943359 -101.62060546875 -105.11402130127 -108.61646270752 -112.715179443359 -117.454528808594 -122.209976196289 -126.614044189453 -129.703323364258 -132.765045166016 -135.798889160156 -133.528289794922 -131.022979736328 -128.528411865234 -124.717750549316 -120.295333862305 -115.847846984863 -112.59481048584 -110.965225219727 -109.32445526123 -108.116569519043 -109.210845947266 -110.317962646484
-96.7053146362305 -96.3677215576172 -95.6901092529297 -94.243537902832 -92.7946014404297 -91.3798828125 -90.856575012207 -90.3667373657227 -89.9109115600586 -90.3827972412109 -91.0867691040039 -91.7579879760742 -90.5859375 -87.7069854736328 -84.8550796508789 -83.4560012817383 -86.3835906982422 -89.3384094238281 -92.3208465576172 -95.3570404052734 -98.3907623291016 -101.421310424805 -104.887168884277 -108.530319213867 -112.182502746582 -116.451560974121 -121.459609985352 -126.483726501465 -131.058258056641 -133.654052734375 -136.22233581543 -138.762756347656 -136.772308349609 -134.433227539062 -132.104873657227 -128.128997802734 -123.284690856934 -118.415336608887 -114.745414733887 -112.929588317871 -111.102584838867 -109.671020507812 -110.959167480469 -112.260147094727
-97.0705032348633 -96.5844421386719 -95.8096160888672 -94.3099212646484 -92.8078536987305 -91.3322677612305 -91.5246658325195 -91.7504959106445 -92.0102996826172 -92.1187210083008 -92.1421432495117 -92.1328430175781 -90.9618835449219 -88.619758605957 -86.3046417236328 -85.2929992675781 -88.7392044067383 -92.2126007080078 -95.7135848999023 -98.6990051269531 -101.658569335938 -104.614967346191 -108.145629882812 -111.938453674316 -115.740295410156 -120.173011779785 -125.449615478516 -130.742279052734 -135.530715942383 -137.633270263672 -139.708343505859 -141.755599975586 -140.006484985352 -137.833541870117 -135.671325683594 -131.565780639648 -126.299781799316 -121.008758544922 -116.907577514648 -114.905586242676 -112.892433166504 -111.213165283203 -112.695091247559 -114.189834594727
-97.4421691894531 -96.8077087402344 -95.9314727783203 -94.3786849975586 -92.8235244750977 -91.2659530639648 -92.1594696044922 -93.1006317138672 -94.0757217407227 -93.8872909545898 -93.2304840087891 -92.5410079956055 -91.311279296875 -89.505729675293 -87.7271423339844 -87.103645324707 -91.0682067871094 -95.059928894043 -99.0792083740234 -102.044921875 -104.930351257324 -107.812637329102 -111.39599609375 -115.338417053223 -119.397239685059 -124.137817382812 -129.781097412109 -135.399429321289 -140.475067138672 -142.189834594727 -143.881011962891 -145.548278808594 -143.860275268555 -141.609909057617 -139.302124023438 -135.037643432617 -129.501007080078 -123.964370727539 -119.607521057129 -117.609596252441 -115.621505737305 -113.889610290527 -115.607414245605 -117.335380554199
-97.5031204223633 -96.6885528564453 -95.7187957763672 -94.2812042236328 -92.8579864501953 -91.4493560791016 -92.8934860229492 -94.4464569091797 -96.0245971679688 -96.1126327514648 -95.5937042236328 -95.1016616821289 -94.2216949462891 -92.8285064697266 -91.4484176635742 -91.106575012207 -95.6913833618164 -100.30591583252 -104.950569152832 -108.456336975098 -111.86873626709 -115.308723449707 -119.446746826172 -123.989677429199 -128.560256958008 -133.371856689453 -138.53369140625 -143.670623779297 -148.379135131836 -149.653396606445 -150.904098510742 -152.130905151367 -149.659713745117 -146.426422119141 -143.135772705078 -138.537292480469 -132.986862182617 -127.436447143555 -123.004516601562 -121.150413513184 -119.306159973145 -117.601287841797 -119.463088989258 -121.335021972656
-97.1453475952148 -96.1479949951172 -95.1173477172852 -94.0001754760742 -92.897346496582 -91.8090972900391 -93.7044067382812 -95.7863922119141 -97.8935241699219 -98.5693435668945 -98.5906524658203 -98.6388244628906 -98.1985778808594 -97.0474166870117 -95.9093322753906 -95.7052688598633 -100.844589233398 -106.013595581055 -111.212684631348 -115.245101928711 -119.142066955566 -123.066581726074 -127.65015411377 -132.660034179688 -137.697540283203 -142.632736206055 -147.313385009766 -151.969146728516 -156.308380126953 -157.142349243164 -157.952789306641 -158.739364624023 -155.517196655273 -151.30143737793 -147.028396606445 -142.037719726562 -136.473526000977 -130.909332275391 -126.392585754395 -124.682250976562 -122.981742858887 -121.303855895996 -123.309577941895 -125.325416564941
-96.7955322265625 -95.6154861450195 -94.5016326904297 -93.704719543457 -92.9221343994141 -92.1541137695312 -94.4907684326172 -97.1015243530273 -99.7373962402344 -101.000175476074 -101.561470031738 -102.149597167969 -102.163513183594 -101.254257202148 -100.358070373535 -100.275833129883 -105.969398498535 -111.692611694336 -117.445877075195 -122.008338928223 -126.389640808105 -130.798446655273 -135.82829284668 -141.304916381836 -146.809127807617 -151.920455932617 -156.1201171875 -160.294921875 -164.262802124023 -164.656692504883 -165.027053833008 -165.373596191406 -161.432662963867 -156.234909057617 -150.979949951172 -145.538375854492 -139.962844848633 -134.423080444336 -129.863784790039 -128.276626586914 -126.673599243164 -125.054512023926 -126.92919921875 -128.867858886719
-96.3527755737305 -94.9769973754883 -93.7581939697266 -93.3441314697266 -92.967414855957 -92.6286544799805 -95.3583297729492 -98.4274978637695 -101.506607055664 -103.190727233887 -104.06086730957 -104.925369262695 -105.31600189209 -104.929023742676 -104.596855163574 -104.923919677734 -110.907234191895 -116.890678405762 -122.874252319336 -127.903785705566 -132.762405395508 -137.651260375977 -142.908660888672 -148.436706542969 -153.961090087891 -158.844192504883 -162.129669189453 -165.363662719727 -168.474197387695 -168.080581665039 -167.647491455078 -167.174438476562 -163.31916809082 -158.372497558594 -153.4541015625 -148.493896484375 -143.491241455078 -138.524337768555 -134.239471435547 -132.382278442383 -130.509231567383 -128.620162963867 -129.790405273438 -131.118988037109
-94.9192047119141 -93.4563827514648 -92.2660903930664 -92.6859741210938 -93.1431579589844 -93.6382522583008 -96.571159362793 -99.8450469970703 -103.128860473633 -104.869514465332 -105.615409851074 -106.355690002441 -107.066558837891 -107.766036987305 -108.52025604248 -109.69654083252 -115.660057067871 -121.62370300293 -127.587478637695 -133.078643798828 -138.479888916016 -143.911346435547 -149.355529785156 -154.788421630859 -160.217666625977 -164.845245361328 -167.191253662109 -169.48583984375 -171.728332519531 -170.665435791016 -169.535858154297 -168.366348266602 -164.785369873047 -160.306350708008 -155.855590820312 -151.414749145508 -146.984710693359 -142.590362548828 -138.631866455078 -136.504760742188 -134.361846923828 -132.202896118164 -132.690567016602 -133.409362792969
-93.4893951416016 -91.9395751953125 -90.7369232177734 -91.9903564453125 -93.2810363769531 -94.6095886230469 -97.7745208740234 -101.253021240234 -104.74144744873 -106.554244995117 -107.175964355469 -107.79207611084 -108.76358795166 -110.54899597168 -112.389083862305 -114.470207214355 -120.413940429688 -126.357795715332 -132.301788330078 -138.224960327148 -144.168563842773 -150.142364501953 -155.807571411133 -161.145370483398 -166.479522705078 -170.898544311523 -172.305526733398 -173.661148071289 -174.964721679688 -173.290328979492 -171.464599609375 -169.598983764648 -166.223999023438 -162.21240234375 -158.229034423828 -154.300994873047 -150.443298339844 -146.621246337891 -143.040954589844 -140.644073486328 -138.231384277344 -135.802703857422 -135.629638671875 -135.738952636719
-92.063362121582 -90.4265823364258 -89.1707305908203 -91.2573013305664 -93.3810882568359 -95.5427017211914 -98.9684219360352 -102.651435852051 -106.344367980957 -108.244918823242 -108.742530822754 -109.221687316895 -110.390823364258 -113.242866516113 -116.143325805664 -119.152526855469 -124.975463867188 -130.768142700195 -136.530120849609 -142.669403076172 -148.941589355469 -155.214233398438 -161.076675415039 -166.52751159668 -172.028060913086 -176.542785644531 -177.074783325195 -177.568832397461 -178.024398803711 -175.664764404297 -173.065292358398 -170.419006347656 -166.721893310547 -162.475814819336 -158.193069458008 -154.179611206055 -150.650344848633 -147.146148681641 -143.771713256836 -141.191009521484 -138.61213684082 -136.035140991211 -135.424362182617 -135.160186767578
-89.6873321533203 -88.4319000244141 -87.5015258789062 -89.9794082641602 -92.4703750610352 -94.9746398925781 -98.0709686279297 -101.28385925293 -104.474227905273 -106.65633392334 -108.025436401367 -109.441040039062 -111.519897460938 -115.335083007812 -119.198623657227 -123.111221313477 -128.321426391602 -133.507217407227 -138.662368774414 -144.619598388672 -150.891342163086 -157.163543701172 -163.453689575195 -169.800918579102 -176.197799682617 -181.462692260742 -181.298858642578 -181.097106933594 -180.856918334961 -177.779907226562 -174.367584228516 -170.90852355957 -166.569152832031 -161.709396362305 -156.813018798828 -152.533843994141 -149.420928955078 -146.333038330078 -143.314025878906 -140.764617919922 -138.217041015625 -135.671340942383 -134.809326171875 -134.319793701172
-86.9850540161133 -86.2785186767578 -85.8003234863281 -88.5772094726562 -91.3671646118164 -94.1704025268555 -96.9413223266602 -99.6814956665039 -102.399169921875 -104.894256591797 -107.230537414551 -109.613258361816 -112.601600646973 -117.379463195801 -122.205627441406 -127.080795288086 -131.698455810547 -136.27766418457 -140.826263427734 -146.569885253906 -152.841171264648 -159.112915039062 -165.782318115234 -173.025497436523 -180.318283081055 -186.42121887207 -185.561874389648 -184.664657592773 -183.729080200195 -179.941680908203 -175.716934204102 -171.44548034668 -166.452514648438 -160.979354858398 -155.469650268555 -150.862945556641 -148.16618347168 -145.494400024414 -142.854385375977 -140.336242675781 -137.819961547852 -135.305526733398 -134.208618164062 -133.493850708008
-84.2589492797852 -84.1010437011719 -84.0858535766602 -87.1616134643555 -90.2504119873047 -93.3524856567383 -95.8335647583008 -98.1012496948242 -100.346458435059 -103.08602142334 -106.389007568359 -109.738388061523 -113.635971069336 -119.37606048584 -125.164390563965 -131.001663208008 -135.106521606445 -139.079452514648 -143.021789550781 -148.520202636719 -154.791061401367 -161.062377929688 -168.062576293945 -176.201309204102 -184.286682128906 -190.999542236328 -189.236846923828 -187.503631591797 -185.800308227539 -181.305221557617 -176.333602905273 -171.385894775391 -165.883834838867 -159.970443725586 -154.071517944336 -149.268951416016 -147.009872436523 -144.777938842773 -142.565780639648 -140.072204589844 -137.577880859375 -135.082809448242 -133.822204589844 -132.967056274414
-82.1713333129883 -82.5657730102539 -83.0208969116211 -86.0559539794922 -89.0702133178711 -92.0633392333984 -94.095703125 -95.7719955444336 -97.4181365966797 -100.166015625 -104.218040466309 -108.302871704102 -112.843605041504 -119.171936035156 -125.526473999023 -131.907608032227 -136.349548339844 -140.650634765625 -144.983459472656 -150.181411743164 -155.813354492188 -161.408630371094 -167.303604125977 -173.695709228516 -179.994705200195 -185.490859985352 -184.276382446289 -183.091339111328 -181.936126708984 -177.982727050781 -173.436248779297 -168.913635253906 -163.771331787109 -158.109481811523 -152.462097167969 -147.856582641602 -146.047668457031 -144.265853881836 -142.511459350586 -140.010284423828 -137.504196166992 -134.997344970703 -133.610382080078 -132.656509399414
-80.9668960571289 -81.8415832519531 -82.7371368408203 -85.3004837036133 -87.854736328125 -90.3878784179688 -91.8668441772461 -92.9128494262695 -93.9287338256836 -96.577766418457 -101.324867248535 -106.104736328125 -111.259574890137 -118.120872497559 -125.008346557617 -131.922393798828 -137.019653320312 -141.929977416992 -146.871994018555 -151.836807250977 -156.772720336914 -161.671997070312 -166.501724243164 -171.195404052734 -175.79606628418 -179.951766967773 -179.285247802734 -178.648132324219 -178.040802001953 -174.635818481445 -170.514266967773 -166.416549682617 -161.643997192383 -156.233581542969 -150.837615966797 -146.417083740234 -145.058120727539 -143.726226806641 -142.42170715332 -139.949066162109 -137.431213378906 -134.912612915039 -133.404815673828 -132.352294921875
-79.7416458129883 -81.0963516235352 -82.4719009399414 -84.5656204223633 -86.6600875854492 -88.7334671020508 -89.667121887207 -90.0831451416016 -90.4690780639648 -92.9563903808594 -98.3982391357422 -103.872833251953 -109.649406433105 -117.043411254883 -124.463569641113 -131.910263061523 -137.65869140625 -143.177947998047 -148.728866577148 -153.528747558594 -157.768966674805 -161.972595214844 -165.791473388672 -168.787536621094 -171.690704345703 -174.382339477539 -174.263488769531 -174.174026489258 -174.114318847656 -171.264526367188 -167.567687988281 -163.894683837891 -159.501846313477 -154.342758178711 -149.19807434082 -144.950485229492 -144.044494628906 -143.132736206055 -142.20964050293 -139.77180480957 -137.234283447266 -134.705932617188 -133.050704956055 -131.837326049805
-78.5169830322266 -80.2824172973633 -82.0389175415039 -83.7165451049805 -85.3822326660156 -87.0396347045898 -87.5643997192383 -87.5458297729492 -87.5331954956055 -89.8079376220703 -95.5305480957031 -101.216781616211 -107.12377166748 -114.908378601074 -122.708076477051 -130.523086547852 -136.910797119141 -143.070755004883 -149.272872924805 -154.015518188477 -157.598419189453 -161.153411865234 -164.195556640625 -166.011871337891 -167.782043457031 -169.478454589844 -169.062347412109 -168.609100341797 -168.118240356445 -165.959991455078 -163.268829345703 -160.645324707031 -157.157501220703 -152.611511230469 -148.103271484375 -144.241989135742 -143.160049438477 -142.066879272461 -140.962371826172 -138.692016601562 -136.304489135742 -133.926116943359 -132.124038696289 -130.652008056641
