indici/fabbisogno06.asc
NCOLS 177 
NROWS 174 
XLLCORNER 1436301.375 
YLLCORNER 4916704.5 
CELLSIZE 1500 
NODATA_value -9999 
[rows 96 to 119 of 174, columns 108 to 161 of 177]
50.1297130584717 54.4084457397461 58.0452087402344 60.991682434082 63.3123712539673 64.4211915969849 65.3595289230347 65.793113899231 65.5027189254761 64.7165563583374 63.064949798584 60.852710723877 58.0796199798584 55.2551681518555 52.2330478668213 49.2117004394531 45.9482887268066 42.9026691436768 39.4375129699707 37.0435749053955 36.5028240203857 -9999 -9999 -9999 -9999 -9999 -9999 -9999 -9999 -9999 -9999 -9999 -9999 -9999 -9999 -9999 -9999 -9999 -9999 -9999 -9999 -9999 -9999 -9999 -9999 -9999 -9999 -9999 -9999 -9999 -9999 -9999 -9999 -9999
53.5392955780029 57.2169158935547 60.558154296875 63.1802110671997 64.8245124816895 65.5222986221313 65.9682039260864 65.6561176300049 64.7905843734741 63.1433506011963 60.5853908538818 57.3759384155273 53.521061706543 49.8194492340088 45.4529083251953 41.135372543335 36.7960372924805 32.7763359069824 28.4581020355225 25.2052909851074 24.3041313171387 25.0073554992676 28.0507614135742 33.4333793640137 40.567875289917 -9999 -9999 -9999 -9999 -9999 -9999 -9999 -9999 -9999 -9999 -9999 -9999 -9999 -9999 -9999 -9999 -9999 -9999 -9999 -9999 -9999 -9999 -9999 -9999 -9999 -9999 -9999 -9999 -9999
55.6090679168701 59.2727909088135 62.2064594268799 64.3953479766846 65.7197813034058 66.0838327407837 65.9544500350952 65.1916194915772 63.5573265075684 61.1954929351807 57.6694957733154 53.28971824646 48.2137294769287 42.9845451354981 37.5992053985596 31.9793109893799 26.8690181732178 22.2955375671387 17.1616596221924 13.8576591491699 13.0122207641602 13.8133346557617 17.8046493530273 24.5040683746338 33.5559535980225 -9999 -9999 -9999 -9999 -9999 -9999 -9999 -9999 -9999 -9999 -9999 -9999 -9999 -9999 -9999 -9999 -9999 -9999 -9999 -9999 -9999 -9999 -9999 -9999 -9999 -9999 -9999 -9999 -9999
56.8329624176025 60.5122211456299 63.1402545928955 65.016136932373 65.7895225524902 65.7405242919922 65.4454710006714 64.2983625411987 62.1197448730469 59.0720203399658 54.7152751922607 49.2340354919434 43.0350700378418 36.4027679443359 29.9533672332764 23.7079250335693 17.8170383453369 12.4808437347412 7.24090270996093 4.00283203125001 3.31768989562988 4.74743194580078 9.53990173339844 17.6873371124268 27.7504146575928 -9999 -9999 -9999 -9999 -9999 -9999 -9999 -9999 -9999 -9999 -9999 -9999 -9999 -9999 -9999 -9999 -9999 -9999 -9999 -9999 -9999 -9999 -9999 -9999 -9999 -9999 -9999 -9999 -9999
56.887548828125 60.4777160644531 62.8742343902588 64.6135540008545 65.2999998092651 65.0707651138306 64.5725992202759 63.1489294052124 60.3289428710938 57.0022533416748 51.9978973388672 45.8039058685303 38.7374408721924 31.2540309906006 23.9792797088623 17.1182193756104 11.009455871582 5.55687713623047 0.326768493652352 -2.78786544799804 -2.84049987792969 -0.746488571166992 4.49699249267579 13.9901924133301 24.5525810241699 -9999 -9999 -9999 -9999 -9999 -9999 -9999 -9999 -9999 -9999 -9999 -9999 -9999 -9999 -9999 -9999 -9999 -9999 -9999 -9999 -9999 -9999 -9999 -9999 -9999 -9999 -9999 -9999 -9999
56.3869701385498 59.698556137085 62.1735975265503 63.8113397598267 64.5380411148071 64.201469039917 63.299656867981 61.6759563446045 58.9539627075195 55.0263763427734 49.8053981781006 43.4120014190674 36.0819980621338 28.1925800323486 20.9567848205566 14.12702293396 8.22166366577149 2.44555282592773 -1.99081230163574 -5.36749534606933 -4.6902976989746 -2.24323654174805 3.4452507019043 13.1771907806396 24.5597217559814 -9999 -9999 -9999 -9999 -9999 -9999 -9999 -9999 -9999 -9999 -9999 -9999 -9999 -9999 -9999 -9999 -9999 -9999 -9999 -9999 -9999 -9999 -9999 -9999 -9999 -9999 -9999 -9999 -9999
55.1687854766846 58.3185607910156 60.571240234375 62.1249717712402 62.8915149688721 62.6112184524536 61.5127309799194 59.8286964416504 57.1158229827881 53.1674095153809 48.0233619689941 41.8396034240723 34.8200355529785 27.6028842926025 20.8227535247803 14.3172168731689 8.74930610656739 3.84548034667969 -0.803765106201169 -3.30299949645996 -2.84598121643066 0.0810424804687528 5.9992603302002 14.9716606140137 -9999 -9999 -9999 -9999 -9999 -9999 -9999 -9999 -9999 -9999 -9999 -9999 -9999 -9999 -9999 -9999 -9999 -9999 -9999 -9999 -9999 -9999 -9999 -9999 -9999 -9999 -9999 -9999 -9999 -9999
53.4477279663086 56.2766639709473 58.4794120788574 60.0641605377197 60.8993358612061 60.3704486846924 59.1573352813721 57.5128818511963 55.1161842346191 51.3201091766357 46.690308380127 41.1599941253662 35.0334445953369 28.7900344848633 22.8900363922119 17.050040435791 11.9492748260498 7.50104789733886 3.87945594787598 0.888436508178714 0.795689773559573 3.61584281921387 9.32142791748048 17.5880470275879 28.1307949066162 -9999 -9999 -9999 -9999 -9999 -9999 -9999 -9999 -9999 -9999 -9999 -9999 -9999 -9999 -9999 -9999 -9999 -9999 -9999 -9999 -9999 -9999 -9999 -9999 -9999 -9999 -9999 -9999 -9999
51.410493850708 53.6857967376709 55.6994285583496 57.2083763122559 57.7354404449463 57.7340148925781 56.4499641418457 54.5839572906494 52.592728805542 49.4269248962402 45.3337501525879 40.7361980438233 35.9038269042969 30.8121650695801 25.973698425293 21.1084419250488 16.6230701446533 12.4652462005615 9.1199348449707 7.21140327453614 7.00923919677734 8.47809791564941 13.9755939483643 21.834912109375 31.360538482666 40.4988037109375 -9999 -9999 -9999 -9999 -9999 -9999 -9999 -9999 -9999 -9999 -9999 -9999 -9999 -9999 -9999 -9999 -9999 -9999 -9999 -9999 -9999 -9999 -9999 -9999 -9999 -9999 -9999 -9999
49.0665092468262 50.6511642456055 52.4292774200439 53.1855754852295 53.7586517333984 53.7858623504639 53.1648143768311 51.3226722717285 49.1222591400146 46.786678314209 43.6735675811768 40.2976673126221 36.7418781280518 33.3556434631348 29.6914554595947 25.7302619934082 21.9243560791016 18.2954658508301 15.1934406280518 13.7916053771973 13.5487060546875 15.0010108947754 19.4406070709229 25.6075256347656 33.7114261627197 41.8877670288086 49.6309379577637 56.4051422119141 62.0108768463135 66.8220901489258 -9999 -9999 -9999 -9999 -9999 -9999 -9999 -9999 -9999 -9999 -9999 -9999 -9999 -9999 -9999 -9999 -9999 -9999 -9999 -9999 -9999 -9999 -9999 -9999
46.4700061798096 47.4152275085449 48.1113861083984 48.5206218719483 48.9101161956787 48.7584716796875 48.3379695892334 47.5340789794922 45.8111629486084 44.0230602264404 41.6324668884277 39.4113231658936 37.2680221557617 35.2877834320068 33.2096946716309 30.4173015594482 27.2744682312012 24.3475482940674 22.1920654296875 20.1496879577637 19.3594192504883 20.5970909118652 23.9773204803467 29.4197937011719 36.2648887634277 42.7804393768311 49.7580062866211 55.9028820037842 61.273218536377 65.6587762832642 68.8021511077881 -9999 -9999 -9999 -9999 -9999 -9999 -9999 -9999 -9999 -9999 -9999 -9999 -9999 -9999 -9999 -9999 -9999 -9999 -9999 -9999 -9999 -9999 -9999
44.251110458374 43.9140270233154 43.6583915710449 43.3705821990967 43.063570022583 42.9666316986084 42.8588287353516 42.4379062652588 41.982239151001 41.3331569671631 39.7525707244873 38.6901817321777 37.5826961517334 36.8948318481445 36.1863719940186 34.6485771179199 32.6428520202637 30.994121170044 28.5736026763916 26.4879573822022 25.2637718200684 25.7647811889648 27.9936061859131 31.7245834350586 36.8973220825195 42.6397411346436 48.6056373596191 54.1126609802246 59.0524738311768 63.0120174407959 66.2457172393799 69.0982410430908 -9999 -9999 -9999 -9999 -9999 -9999 -9999 -9999 -9999 -9999 -9999 -9999 -9999 -9999 -9999 -9999 -9999 -9999 -9999 -9999 -9999 -9999
42.3214832305908 40.5972537994385 39.2809204101563 38.060424041748 37.4060806274414 37.2701747894287 37.154162979126 37.0293781280518 37.0425765991211 37.452624130249 37.6701908111572 38.1435214996338 38.9669330596924 39.7659774780274 40.2524227142334 39.7974315643311 38.9532409667969 37.3808238983154 35.2812755584717 33.077046585083 31.3193447113037 30.6330989837647 31.0901954650879 33.3215751647949 36.948530960083 41.3865730285645 46.375358581543 51.237553024292 55.6618633270264 59.3623191833496 62.8566787719727 65.9826250076294 -9999 -9999 -9999 -9999 -9999 -9999 -9999 -9999 -9999 -9999 -9999 -9999 -9999 -9999 -9999 -9999 -9999 -9999 -9999 -9999 -9999 -9999
40.7702041625977 38.0557903289795 35.7677947998047 33.8142681121826 32.8548007965088 32.441890335083 32.2092021942139 32.1515197753906 32.469548034668 33.6927165985107 35.1569416046143 37.150798034668 39.3335289001465 41.6495586395264 43.4752338409424 43.7571723937988 43.9665416717529 43.0076229095459 41.2383674621582 39.1192260742188 37.0034294128418 35.218770980835 34.6082237243652 35.1903812408447 36.9786437988281 39.8494159698486 43.500129699707 47.3054111480713 50.8985656738281 54.7718517303467 58.3572677612305 61.6151313781738 64.7885780334473 67.8713129043579 70.6820205688477 -9999 -9999 -9999 -9999 -9999 -9999 -9999 -9999 -9999 -9999 -9999 -9999 -9999 -9999 -9999 -9999 -9999 -9999 -9999
39.944263458252 36.8899387359619 34.1213390350342 31.7494083404541 30.3374130249023 29.5945301055908 29.1079494476318 28.9921630859375 29.5278141021729 31.3513156890869 33.7393611907959 37.2333248138428 40.8772346496582 44.1548160552979 46.8701141357422 48.0207485198975 48.6716209411621 48.499568939209 47.1437694549561 45.1599021911621 42.6371307373047 40.2386501312256 38.487716293335 37.3775260925293 37.378731918335 38.4174705505371 40.2302326202393 42.6408950805664 45.5734985351562 48.9690227508545 52.3754611968994 55.9984470367432 59.6760318756103 63.6382461547852 67.2682844161987 70.5808374404907 73.3920646667481 -9999 -9999 -9999 -9999 -9999 -9999 -9999 -9999 -9999 -9999 -9999 -9999 -9999 -9999 -9999 -9999 -9999
40.3523551940918 37.2878894805908 34.6132625579834 32.0909843444824 30.5718360900879 29.5455284118652 28.7975677490234 28.5047756195068 29.2081249237061 31.4299858093262 34.6131443023682 38.9227909088135 43.5441478729248 47.5825531005859 50.7605712890625 52.5166076660156 53.4611602783203 53.5895278930664 52.7545139312744 50.8306713104248 48.2830268859863 45.4166202545166 42.7279026031494 40.0939834594727 38.1227783203125 37.0536827087402 36.7947460174561 37.5486560821533 39.0895458221436 41.7085430145264 45.0006633758545 48.9341259002686 53.3626903533936 58.4262138366699 63.1069160461426 67.5566513061523 71.2164384841919 -9999 -9999 -9999 -9999 -9999 -9999 -9999 -9999 -9999 -9999 -9999 -9999 -9999 -9999 -9999 -9999 -9999
41.2837802886963 39.0686931610107 36.9091579437256 34.8110942840576 33.355598449707 32.3427062988281 31.5989582061768 31.3348037719727 32.30500831604 34.6193523406982 38.0952346801758 42.6744323730469 47.5578662872314 51.8545501708984 55.1035266876221 57.0494598388672 58.1346424102783 58.4048927307129 57.9049640655518 56.1117286682129 53.5771919250488 50.4885288238525 47.0287166595459 43.2116901397705 39.4958724975586 36.0678863525391 33.7295314788818 32.5932056427002 32.4829231262207 34.1473194122315 37.2097206115723 41.4004993438721 46.7105167388916 52.7583499908447 58.6870376586914 64.3426021575928 69.0031791687012 72.7113307952881 75.5303572654724 -9999 -9999 -9999 -9999 -9999 -9999 -9999 -9999 -9999 -9999 -9999 -9999 -9999 -9999 -9999
41.9493953704834 41.4870086669922 40.4081653594971 39.0983303070068 38.1232593536377 37.4488777160645 36.9367900848389 36.871102142334 38.0664321899414 40.3675098419189 43.882160949707 48.1247505187988 52.6322666168213 56.6566635131836 59.6798290252686 61.4684284210205 62.5035350799561 62.7768924713135 62.3228759765625 60.8090698242188 58.3039825439453 55.139213180542 51.1776561737061 46.5105743408203 41.2585655212402 36.1332256317139 31.6548469543457 28.0406520843506 26.190478515625 26.6272964477539 29.3009254455566 33.877592086792 40.0415809631348 47.3204696655273 54.6939723968506 61.343359375 67.0377069473267 71.3119400024414 74.5925073623657 76.9214154243469 -9999 -9999 -9999 -9999 -9999 -9999 -9999 -9999 -9999 -9999 -9999 -9999 -9999 -9999
43.1068180084228 43.362682723999 43.8401405334473 44.0449840545654 43.9148155212402 43.8383316040039 43.8576400756836 44.2675834655762 45.6610427856445 47.9366363525391 50.8547351837158 54.483927154541 58.2113182067871 61.5392944335938 64.174564743042 65.5509429931641 66.3575942993164 66.5050313949585 66.1057874679565 64.743196105957 62.4573795318604 59.2686561584473 55.0884414672852 49.9017108917236 43.1608604431152 36.5795318603516 30.2610828399658 24.7375400543213 21.0949989318848 20.374596786499 22.651054763794 27.6539566040039 35.150777053833 43.3107925415039 51.5808059692383 59.2677967071533 65.6878429412842 70.319472694397 73.8520277023315 76.2609334945679 -9999 -9999 -9999 -9999 -9999 -9999 -9999 -9999 -9999 -9999 -9999 -9999 -9999 -9999
44.537748336792 46.0804882049561 47.5783123016357 48.4347541809082 50.0607860565186 50.5594398498535 51.3220333099365 52.0357418060303 53.627827835083 55.469510269165 57.8298492431641 60.6562217712402 63.467636680603 66.024818611145 67.9792280197144 69.0476881027222 69.582322883606 69.5437381744385 69.0942817687988 67.9531776428223 65.9193067550659 62.7974540710449 58.2302124023438 52.5666549682617 45.8432327270508 38.4520305633545 30.6931873321533 23.6381286621094 18.6756187438965 17.1132984161377 19.0591915130615 24.3002643585205 32.160521697998 40.9719005584717 50.3336303710937 58.2735969543457 65.0850574493408 69.9856086730957 73.4261165618897 75.8113656044006 -9999 -9999 -9999 -9999 -9999 -9999 -9999 -9999 -9999 -9999 -9999 -9999 -9999 -9999
46.4588459014893 49.0857360839844 51.6128871917725 53.4197986602783 55.2285045623779 57.1177711486816 58.1344982147217 59.3149631500244 60.5392936706543 62.1099353790283 63.9185131072998 65.916481590271 67.9605701446533 69.7073566436768 71.0557985305786 71.8032153129578 72.117537689209 71.9936577796936 71.5551794052124 70.5285642623901 68.6050731658936 65.273091506958 61.1081462860108 55.8351413726807 48.9777973175049 40.9639617919922 32.4139739990234 24.7020866394043 19.3565330505371 17.2951057434082 18.7250671386719 24.3749629974365 32.4026512145996 41.4566719055176 50.6458221435547 58.6969848632813 65.4768955230713 70.1892042160034 73.3582450866699 75.6377965927124 77.2219079971314 78.1086437225342 78.7520880699158 -9999 -9999 -9999 -9999 -9999 -9999 -9999 -9999 -9999 -9999 -9999
48.7137283325195 52.4573398590088 55.7394332885742 58.1767906188965 60.1976512908936 62.2641742706299 64.0410684585571 64.9603351593018 66.0721261978149 67.4338497161865 68.7368598937988 70.1569761276245 71.485595703125 72.6486519813538 73.4918068885803 73.9637324333191 74.1697727203369 73.9479132652283 73.5063191413879 72.4924715042114 70.3825389862061 67.6922302246094 63.8483833312988 58.5364459991455 51.8246055603027 43.7279766082764 35.0796298980713 27.1551216125488 21.8233917236328 19.6891986846924 21.7375022888184 27.1471828460693 35.0950576782227 44.0559368133545 52.6990215301514 60.3363246917725 66.3292507171631 70.7224054336548 73.6958087921143 75.7192554473877 76.8849795341492 77.5438007354736 77.7887444496155 -9999 -9999 -9999 -9999 -9999 -9999 -9999 -9999 -9999 -9999 -9999
51.5649673461914 55.7389404296875 59.3895618438721 62.3691497802734 64.5104309082031 66.3647180557251 67.9714128494263 69.351025390625 70.2814218521118 71.3252490997315 72.2394003868103 73.1745124816895 74.0654666900635 74.8196351051331 75.3160333633423 75.6016427993774 75.6676033973694 75.4281711578369 75.0685945510864 73.7544024467468 72.1604707717895 69.6393745422363 66.0932815551758 61.1111980438233 54.5921306610107 46.8222686767578 38.4653812408447 30.8150646209717 25.8059753417969 23.9101509094238 26.1214805603027 31.8305183410645 39.532861328125 48.0239479064941 55.9417560577393 62.6797019958496 67.9470153808594 71.6069025039673 74.2389163970947 75.9882280349731 76.7589796066284 77.0147465705872 76.8687345504761 -9999 -9999 -9999 -9999 78.1260702133179 79.0859267234802 -9999 -9999 -9999 -9999 -9999
55.1620964050293 59.4841884613037 63.1165384292603 66.0158193588257 68.0328483581543 69.6595653533936 70.9833463668823 72.1743388175964 73.1621641159058 73.9337350845337 74.6118185043335 75.2687494277954 75.8381234169006 76.3088538169861 76.6532352924347 76.8086879730225 76.8077680110931 76.5788427352905 75.9942453384399 75.032593536377 73.4979385375977 71.3132745742798 67.9916282653809 63.3865283966065 57.2254539489746 49.845751953125 42.0931659698486 35.1773509979248 30.6176177978516 29.4441600799561 31.7044498443604 37.4204814910889 44.7301677703857 52.5045146942139 59.5069263458252 65.3086032867432 69.7270685195923 72.8815647125244 75.0573225021362 76.4820488929749 76.8687715530396 76.7815774917603 76.2723822593689 -9999 75.1440309524536 75.1207113265991 75.5025148391724 76.1693954467773 77.1242448806763 78.1610090255737 78.7465898513794 -9999 -9999 -9999
