indici/fabbisogno03.asc
NCOLS 177 
NROWS 174 
XLLCORNER 1436301.375 
YLLCORNER 4916704.5 
CELLSIZE 1500 
NODATA_value -9999 
[rows 60 to 79 of 174, columns 0 to 43 of 177]
-73.8371734619141 -75.234001159668 -76.6316070556641 -78.0257568359375 -79.5110702514648 -81.0338134765625 -82.5995407104492 -83.9535980224609 -85.0766448974609 -86.177116394043 -87.2246398925781 -88.0904388427734 -88.9762878417969 -89.8749694824219 -91.5195159912109 -93.1947021484375 -94.8643188476562 -96.439208984375 -97.9721527099609 -99.4585342407227 -99.8903121948242 -98.9854507446289 -98.0872497558594 -97.316535949707 -97.1147079467773 -96.9103469848633 -96.7041244506836 -96.3810348510742 -96.0496673583984 -95.7218627929688 -95.420051574707 -95.1311569213867 -94.84521484375 -94.4332962036133 -93.8386383056641 -93.2396850585938 -92.5914840698242 -91.6686401367188 -90.7505722045898 -89.8370208740234 -89.8203201293945 -89.9277496337891 -90.0734710693359 -90.0839080810547
-75.4139022827148 -76.6681518554688 -77.9296112060547 -79.200553894043 -80.6553955078125 -82.1785736083984 -83.7471694946289 -85.0669250488281 -86.1241989135742 -87.1169738769531 -88.1057586669922 -89.1115570068359 -90.1744842529297 -91.2748718261719 -92.6832046508789 -94.0978240966797 -95.5001449584961 -96.7686004638672 -97.9782180786133 -99.1226272583008 -99.4615631103516 -98.8005523681641 -98.1577682495117 -97.5793685913086 -97.2693099975586 -96.9497299194336 -96.6228179931641 -96.3389663696289 -96.0600051879883 -95.7853393554688 -95.5541763305664 -95.3446426391602 -95.1437835693359 -94.7936325073242 -94.228889465332 -93.6535186767578 -93.0458831787109 -92.2726974487305 -91.5028915405273 -90.7362976074219 -90.5973205566406 -90.5510635375977 -90.5494766235352 -90.4458389282227
-76.9983825683594 -78.1193542480469 -79.2517700195312 -80.4005355834961 -81.8281555175781 -83.3515014648438 -84.9140625 -86.1897048950195 -87.1728363037109 -88.0963439941406 -89.0758743286133 -90.2658538818359 -91.5061950683594 -92.7794952392578 -93.9173202514648 -95.0471801757812 -96.1645584106445 -97.1087188720703 -97.979866027832 -98.7879943847656 -99.0459213256836 -98.6339416503906 -98.2418746948242 -97.8455505371094 -97.4206924438477 -96.9834594726562 -96.536735534668 -96.2942428588867 -96.0689010620117 -95.8496398925781 -95.6915130615234 -95.5632934570312 -95.4432144165039 -95.1503448486328 -94.6113510131836 -94.0613174438477 -93.498046875 -92.8778686523438 -92.2606582641602 -91.6462707519531 -91.3899612426758 -91.1925582885742 -91.0381698608398 -90.81494140625
-78.5850982666016 -79.5786666870117 -80.5864486694336 -81.6142959594727 -83.0182418823242 -84.5420532226562 -86.0934143066406 -87.318359375 -88.2217178344727 -89.1050186157227 -90.1144256591797 -91.5248794555664 -92.9446716308594 -94.370246887207 -95.2099685668945 -96.0359420776367 -96.8538208007812 -97.4580307006836 -97.9772033691406 -98.4545059204102 -98.6432495117188 -98.4857025146484 -98.3396987915039 -98.1151580810547 -97.5686492919922 -97.0111923217773 -96.4455184936523 -96.2465133666992 -96.0761642456055 -95.9148635864258 -95.8324966430664 -95.7878570556641 -95.7435684204102 -95.5027084350586 -94.9844055175781 -94.4618301391602 -93.9474182128906 -93.4843368530273 -93.0250778198242 -92.5694046020508 -92.2019958496094 -91.8565902709961 -91.5425872802734 -91.1929321289062
-80.7050247192383 -81.4003524780273 -82.1162414550781 -82.8590698242188 -84.1658248901367 -85.6401214599609 -87.1314849853516 -88.3761444091797 -89.3830490112305 -90.4069519042969 -91.5070114135742 -92.8356781005859 -94.1366806030273 -95.4221115112305 -96.313835144043 -97.1950225830078 -98.0670776367188 -98.3786544799805 -98.4806976318359 -98.5627365112305 -98.5595626831055 -98.453727722168 -98.3534317016602 -98.1685256958008 -97.6447448730469 -97.1099243164062 -96.5667419433594 -96.3707046508789 -96.2024230957031 -96.0466003417969 -95.9526901245117 -95.8879928588867 -95.8165817260742 -95.5733795166016 -95.0892868041992 -94.6075744628906 -94.1479949951172 -93.8059158325195 -93.4685592651367 -93.1355285644531 -92.6734085083008 -92.203010559082 -91.752311706543 -91.1574859619141
-82.8273849487305 -83.2297286987305 -83.6545257568359 -84.1082992553711 -85.3189926147461 -86.7409362792969 -88.1728134155273 -89.4486618041992 -90.5783843994141 -91.7488708496094 -92.9300079345703 -94.1318206787109 -95.2788925170898 -96.3938446044922 -97.397331237793 -98.3913269042969 -99.3717803955078 -99.3934020996094 -99.0686950683594 -98.7468338012695 -98.5342483520508 -98.4411468505859 -98.3462219238281 -98.1735229492188 -97.7034454345703 -97.223876953125 -96.7371978759766 -96.5356597900391 -96.3578109741211 -96.1947708129883 -96.067008972168 -95.9552307128906 -95.8298950195312 -95.5701370239258 -95.1235885620117 -94.6851959228516 -94.280876159668 -94.0485992431641 -93.8218765258789 -93.6002197265625 -93.0467987060547 -92.4575805664062 -91.8779144287109 -91.0059432983398
-84.9542083740234 -85.0693893432617 -85.2069473266602 -85.3724594116211 -86.4922485351562 -87.8644485473633 -89.2505645751953 -90.5747528076172 -91.8415298461914 -93.1208419799805 -94.3336181640625 -95.362663269043 -96.3616409301758 -97.3441467285156 -98.5014343261719 -99.627311706543 -100.701606750488 -100.411979675293 -99.6472015380859 -98.9171600341797 -98.495246887207 -98.4102783203125 -98.3221130371094 -98.1647109985352 -97.7509918212891 -97.3299102783203 -96.9033737182617 -96.6995086669922 -96.5142364501953 -96.3425827026367 -96.1793365478516 -96.0193557739258 -95.8448333740234 -95.5736999511719 -95.1694412231445 -94.7716522216797 -94.4179992675781 -94.2906951904297 -94.1695175170898 -94.0539169311523 -93.4036407470703 -92.6943969726562 -91.9958953857422 -90.8570175170898
-86.1557922363281 -86.183479309082 -86.2275085449219 -86.2927703857422 -87.5944671630859 -89.1984252929688 -90.8120956420898 -92.1543807983398 -93.2721405029297 -94.3815994262695 -95.4057769775391 -96.1956100463867 -96.9823532104492 -97.7720947265625 -98.9503479003906 -100.07706451416 -101.118019104004 -100.681655883789 -99.7446746826172 -98.8678665161133 -98.3842391967773 -98.3267974853516 -98.2643585205078 -98.1315460205078 -97.7475814819336 -97.3588638305664 -96.9667358398438 -96.7212982177734 -96.4897079467773 -96.2710418701172 -96.0791397094727 -95.898193359375 -95.7013320922852 -95.4365081787109 -95.0790786743164 -94.7263259887695 -94.4139938354492 -94.3090972900391 -94.2112426757812 -94.1196441650391 -93.3602523803711 -92.5270156860352 -91.7054977416992 -90.3774795532227
-86.8830490112305 -86.9091110229492 -86.9513854980469 -87.0139312744141 -88.6598587036133 -90.6719436645508 -92.6975402832031 -94.037109375 -94.8152236938477 -95.555778503418 -96.2263565063477 -96.7176818847656 -97.2317504882812 -97.7681350708008 -98.8423309326172 -99.8408813476562 -100.71728515625 -100.270698547363 -99.3958435058594 -98.6122131347656 -98.2030334472656 -98.1910018920898 -98.1725769042969 -98.0726623535156 -97.6898727416992 -97.3045272827148 -96.9173583984375 -96.5849761962891 -96.2610855102539 -95.9489669799805 -95.7339096069336 -95.5610046386719 -95.3712158203125 -95.1317596435547 -94.8252258300781 -94.5216674804688 -94.2378082275391 -94.0534820556641 -93.8767776489258 -93.7068252563477 -92.8222198486328 -91.8593444824219 -90.9093780517578 -89.4885864257812
-87.6572265625 -87.6769409179688 -87.7226104736328 -87.7991638183594 -89.8132629394531 -92.2389907836914 -94.6370468139648 -95.9224319458008 -96.3232116699219 -96.6891174316406 -97.0047760009766 -97.1951522827148 -97.4164505004883 -97.6717529296875 -98.6123962402344 -99.4814605712891 -100.23713684082 -99.8261795043945 -99.051155090332 -98.361083984375 -98.0262222290039 -98.0600204467773 -98.087516784668 -98.0222930908203 -97.6428375244141 -97.2601623535156 -96.8752822875977 -96.4525909423828 -96.0335388183594 -95.6245346069336 -95.3835144042969 -95.2152786254883 -95.0300216674805 -94.813591003418 -94.5554122924805 -94.3005218505859 -94.0447845458984 -93.7810821533203 -93.5271606445312 -93.2818603515625 -92.2749938964844 -91.18505859375 -90.1079635620117 -88.595703125
-88.6470642089844 -88.8086547851562 -88.9971313476562 -89.2182083129883 -91.5209503173828 -94.2352142333984 -96.8859558105469 -98.0501480102539 -98.0663528442383 -98.0528411865234 -97.9761276245117 -97.7511367797852 -97.5701904296875 -97.4442825317383 -98.2242736816406 -98.9423980712891 -99.5641860961914 -99.2355575561523 -98.6182327270508 -98.0704040527344 -97.8281631469727 -97.8989944458008 -97.9645004272461 -97.9296798706055 -97.5612945556641 -97.1879806518555 -96.8112335205078 -96.3136672973633 -95.815055847168 -95.3238525390625 -95.0596771240234 -94.8931732177734 -94.7098083496094 -94.5138702392578 -94.3011627197266 -94.0927124023438 -93.8650512695312 -93.5342712402344 -93.2156600952148 -92.9078216552734 -91.7997055053711 -90.6046142578125 -89.4220733642578 -87.8554611206055
-90.0875091552734 -90.730712890625 -91.4115371704102 -92.1352844238281 -94.5734939575195 -97.3130874633789 -99.9469909667969 -100.872230529785 -100.522834777832 -100.148986816406 -99.5863189697266 -98.5923614501953 -97.6485824584961 -96.7871017456055 -97.3044357299805 -97.7684020996094 -98.1513214111328 -98.0408248901367 -97.7874069213867 -97.59130859375 -97.5219497680664 -97.5814208984375 -97.6360015869141 -97.6009140014648 -97.2752914428711 -96.9434127807617 -96.6072692871094 -96.132080078125 -95.6548690795898 -95.183235168457 -94.9206695556641 -94.7465896606445 -94.5557098388672 -94.3697128295898 -94.1900100708008 -94.0154342651367 -93.8206024169922 -93.5174407958984 -93.2290725708008 -92.9537124633789 -91.9038467407227 -90.7704772949219 -89.6492614746094 -88.3134918212891
-91.6051483154297 -92.7325744628906 -93.8988037109375 -95.1077117919922 -97.6558151245117 -100.407363891602 -103.026489257812 -103.708862304688 -102.995986938477 -102.248275756836 -101.179206848145 -99.4027404785156 -97.6916122436523 -96.1010284423828 -96.3549728393555 -96.5676879882812 -96.7189865112305 -96.8409881591797 -96.9570846557617 -97.1131439208984 -97.2132110595703 -97.2618942260742 -97.3035507202148 -97.2663497924805 -96.9811553955078 -96.6877670288086 -96.3889389038086 -95.9327774047852 -95.4747924804688 -95.0225982666016 -94.7613525390625 -94.5797500610352 -94.3836975097656 -94.2101364135742 -94.0656967163086 -93.9258651733398 -93.7643508911133 -93.4893341064453 -93.231575012207 -92.9889526367188 -91.9975967407227 -90.9263076782227 -89.8671112060547 -88.7627410888672
-93.1673812866211 -94.7818908691406 -96.4308624267578 -98.1160507202148 -100.756164550781 -103.511978149414 -106.118057250977 -106.553504943848 -105.479156494141 -104.347984313965 -102.755851745605 -100.186325073242 -97.7041549682617 -95.390495300293 -95.3798675537109 -95.3434906005859 -95.2691040039062 -95.6369934082031 -96.1275024414062 -96.6360321044922 -96.9020156860352 -96.9404296875 -96.9670333862305 -96.9257125854492 -96.6783752441406 -96.4201583862305 -96.1548767089844 -95.7137756347656 -95.2723388671875 -94.8391418457031 -94.5786285400391 -94.3893203735352 -94.1906127929688 -94.0322189331055 -93.9256057739258 -93.8214340209961 -93.6937713623047 -93.4474258422852 -93.2206878662109 -93.0110549926758 -92.0785217285156 -91.0697250366211 -90.0734100341797 -89.2011871337891
-95.1057052612305 -96.4717483520508 -97.8823089599609 -99.3369445800781 -101.439170837402 -103.600196838379 -105.605583190918 -105.908790588379 -105.056884765625 -104.115196228027 -102.524528503418 -99.6181106567383 -96.8137969970703 -94.2101287841797 -94.1120071411133 -94.001350402832 -93.8729782104492 -94.3378753662109 -94.9612655639648 -95.5842437744141 -95.9252777099609 -96.0043334960938 -96.0659942626953 -96.0411071777344 -95.7629013061523 -95.4716720581055 -95.1723022460938 -94.8056564331055 -94.4423599243164 -94.0890579223633 -93.8976211547852 -93.7718811035156 -93.6411819458008 -93.5483856201172 -93.5041961669922 -93.460090637207 -93.3918304443359 -93.2062606811523 -93.04248046875 -92.8976440429688 -92.0932235717773 -91.2202377319336 -90.3600692749023 -89.5805892944336
-97.0055618286133 -98.1036529541016 -99.2433624267578 -100.422821044922 -101.925964355469 -103.432388305664 -104.782691955566 -104.956497192383 -104.357009887695 -103.641792297363 -102.08814239502 -98.8895492553711 -95.8104019165039 -92.9697189331055 -92.8060455322266 -92.6443405151367 -92.4849014282227 -93.0194778442383 -93.7293853759766 -94.4202041625977 -94.8146286010742 -94.9395370483398 -95.0416412353516 -95.0322952270508 -94.7039794921875 -94.360466003418 -94.0075759887695 -93.7266006469727 -93.4533004760742 -93.1928482055664 -93.0860290527344 -93.0409774780273 -92.9958572387695 -92.9813995361328 -93.0059661865234 -93.0289459228516 -93.0277786254883 -92.9126358032227 -92.8205490112305 -92.7484283447266 -92.0907821655273 -91.3734893798828 -90.6696014404297 -89.9432525634766
-98.8258361816406 -99.6291961669922 -100.473152160645 -101.354614257812 -102.228416442871 -103.070465087891 -103.79801940918 -103.890960693359 -103.577484130859 -103.115165710449 -101.617820739746 -98.155158996582 -94.8123626708984 -91.741096496582 -91.5154266357422 -91.2990417480469 -91.0943222045898 -91.6856079101562 -92.4693145751953 -93.2268600463867 -93.6733169555664 -93.8429718017578 -93.9814987182617 -93.9825592041016 -93.5998382568359 -93.2028121948242 -92.7971420288086 -92.6036148071289 -92.4226837158203 -92.2604751586914 -92.2436599731445 -92.2847900390625 -92.3303070068359 -92.3992309570312 -92.4977035522461 -92.5967636108398 -92.6726531982422 -92.6379318237305 -92.6193389892578 -92.6146774291992 -92.0985946655273 -91.5321884155273 -90.9811477661133 -90.3045959472656
-99.752571105957 -100.40161895752 -101.086029052734 -101.801788330078 -102.267120361328 -102.678489685059 -103.009353637695 -102.860527038574 -102.425422668457 -101.819038391113 -100.268966674805 -96.9632949829102 -93.7668609619141 -90.8386535644531 -90.5811080932617 -90.3396987915039 -90.1184768676758 -90.6635513305664 -91.3875579833984 -92.0814056396484 -92.4538116455078 -92.5464553833008 -92.6019515991211 -92.5200805664062 -92.0607452392578 -91.5882797241211 -91.1080703735352 -91.0237579345703 -90.9558639526367 -90.9120254516602 -91.011116027832 -91.1663970947266 -91.3300247192383 -91.512451171875 -91.7185668945312 -91.9270324707031 -92.1068954467773 -92.1507415771484 -92.2036666870117 -92.2644195556641 -91.8481597900391 -91.3864288330078 -90.9419174194336 -90.3300476074219
-100.218826293945 -100.768524169922 -101.352447509766 -101.965606689453 -102.145713806152 -102.268783569336 -102.351036071777 -101.846214294434 -101.003089904785 -99.9545288085938 -98.2668304443359 -95.4239959716797 -92.6908111572266 -90.2051391601562 -89.9487380981445 -89.7162094116211 -89.5128326416016 -89.9241333007812 -90.4704437255859 -90.9797210693359 -91.1559066772461 -91.0484848022461 -90.8954238891602 -90.6290435791016 -90.0619735717773 -89.4827117919922 -88.8963851928711 -88.9379272460938 -88.9990921020508 -89.0900802612305 -89.329231262207 -89.6261978149414 -89.935920715332 -90.2640533447266 -90.6151733398438 -90.970832824707 -91.2853775024414 -91.4041595458984 -91.5250701904297 -91.647819519043 -91.279182434082 -90.8646621704102 -90.4693298339844 -89.9406890869141
-100.604507446289 -101.071067810059 -101.569152832031 -102.093223571777 -101.997711181641 -101.83292388916 -101.631042480469 -100.73265838623 -99.4467391967773 -97.9989318847656 -96.2293930053711 -93.8901290893555 -91.63818359375 -89.5982437133789 -89.3526840209961 -89.125373840332 -88.9200744628906 -89.17578125 -89.5269393920898 -89.8423309326172 -89.8129425048828 -89.4963684082031 -89.1354217529297 -88.6871948242188 -88.0140380859375 -87.3385314941406 -86.6616516113281 -86.8461074829102 -87.0479583740234 -87.2788543701172 -87.6631774902344 -88.1063766479492 -88.5616302490234 -89.0349197387695 -89.5305023193359 -90.0304260253906 -90.4759368896484 -90.6662292480469 -90.8562316894531 -91.0459976196289 -90.72998046875 -90.3653335571289 -90.0153656005859 -89.5661239624023
