indici/fabbisogno04.asc
NCOLS 177 
NROWS 174 
XLLCORNER 1436301.375 
YLLCORNER 4916704.5 
CELLSIZE 1500 
NODATA_value -9999 
[rows 40 to 59 of 174, columns 132 to 175 of 177]
-118.984672546387 -118.299194335938 -117.246276855469 -116.204719543457 -115.497169494629 -114.189979553223 -112.416732788086 -110.480018615723 -108.703750610352 -107.278450012207 -105.79988861084 -104.401290893555 -104.307350158691 -104.212356567383 -104.119407653809 -104.097328186035 -104.073081970215 -103.95979309082 -103.143737792969 -101.816215515137 -100.339179992676 -98.4954299926758 -95.9962005615234 -93.705322265625 -91.6263809204102 -90.6597747802734 -89.7077178955078 -88.7714385986328 -88.0325469970703 -87.3897171020508 -86.919921875 -86.9277420043945 -87.2557754516602 -87.8983154296875 -89.0356597900391 -91.0507965087891 -93.3040313720703 -95.8926849365234 -100.443374633789 -104.928253173828 -109.343490600586 -115.515914916992 -121.892822265625 -128.116302490234
-121.122428894043 -120.415916442871 -119.77465057373 -119.22484588623 -118.944793701172 -117.774620056152 -115.852020263672 -113.702812194824 -111.61296081543 -109.707466125488 -107.801856994629 -105.977966308594 -105.673049926758 -105.364616394043 -105.053314208984 -105.143280029297 -105.319534301758 -105.421173095703 -104.543128967285 -102.881568908691 -101.077606201172 -99.1274032592773 -96.919563293457 -94.9516754150391 -93.1764144897461 -92.4287033081055 -91.7045974731445 -91.0077972412109 -90.5658798217773 -90.2337951660156 -90.078727722168 -90.3622436523438 -90.9760284423828 -91.8843612670898 -93.3135604858398 -95.7799453735352 -98.3868408203125 -101.232360839844 -106.104545593262 -110.929382324219 -115.694297790527 -121.22053527832 -126.811706542969 -132.177642822266
-123.111701965332 -122.458572387695 -122.274070739746 -122.267669677734 -122.375343322754 -121.332588195801 -119.228561401367 -116.852653503418 -114.447608947754 -112.050743103027 -109.727027893066 -107.469955444336 -106.949264526367 -106.411628723145 -105.85334777832 -105.964218139648 -106.238571166992 -106.431274414062 -105.477745056152 -103.545433044434 -101.506141662598 -99.490234375 -97.5481872558594 -95.8730926513672 -94.3815460205078 -93.813591003418 -93.2749252319336 -92.7740631103516 -92.5612030029297 -92.4672393798828 -92.5491638183594 -93.0685577392578 -93.9621810913086 -95.133918762207 -96.8174285888672 -99.6422805786133 -102.512428283691 -105.500785827637 -110.347862243652 -115.1396484375 -119.858093261719 -124.806846618652 -129.73014831543 -134.36393737793
-124.242721557617 -123.703140258789 -123.755271911621 -124.004302978516 -124.188163757324 -123.180145263672 -120.983306884766 -118.478477478027 -115.871887207031 -113.091148376465 -110.464538574219 -107.936660766602 -107.188179016113 -106.412956237793 -105.600326538086 -105.454238891602 -105.505172729492 -105.49112701416 -104.588729858398 -102.846221923828 -101.004501342773 -99.205078125 -97.5499038696289 -96.1861114501953 -95.0077514648438 -94.6237869262695 -94.2758255004883 -93.9795227050781 -93.9851837158203 -94.1211624145508 -94.4367446899414 -95.2203369140625 -96.4514999389648 -97.9421844482422 -99.9144973754883 -103.090637207031 -106.220756530762 -109.354835510254 -114.102714538574 -118.809432983398 -123.460762023926 -127.929756164551 -132.261489868164 -136.251571655273
-125.132476806641 -124.740745544434 -124.987831115723 -125.453750610352 -125.693382263184 -124.746597290039 -122.501937866211 -119.938568115234 -117.213386535645 -114.117881774902 -111.22354888916 -108.456344604492 -107.442909240723 -106.432914733887 -105.377281188965 -104.985542297363 -104.825897216797 -104.620864868164 -103.76579284668 -102.231468200684 -100.618721008301 -99.067024230957 -97.7376556396484 -96.6690826416016 -95.7711410522461 -95.50537109375 -95.2772598266602 -95.0937271118164 -95.2175903320312 -95.4853820800781 -95.9894332885742 -96.9834060668945 -98.5018768310547 -100.229362487793 -102.395668029785 -105.856986999512 -109.20361328125 -112.477401733398 -117.064613342285 -121.67015838623 -126.281867980957 -130.332748413086 -134.115447998047 -137.581771850586
-126.196159362793 -125.83056640625 -126.15251159668 -126.740104675293 -127.012763977051 -126.110733032227 -123.798805236816 -121.244094848633 -118.491477966309 -115.155319213867 -112.014617919922 -109.011581420898 -107.716453552246 -106.473167419434 -105.188377380371 -104.562232971191 -104.2021484375 -103.816596984863 -102.996963500977 -101.678283691406 -100.307456970215 -99.0113677978516 -98.0179290771484 -97.2279891967773 -96.5866470336914 -96.4084854125977 -96.2721328735352 -96.1730728149414 -96.3914260864258 -96.7729187011719 -97.4657440185547 -98.6634674072266 -100.466247558594 -102.429679870605 -104.788246154785 -108.531730651855 -112.094741821289 -115.525596618652 -119.822273254395 -124.17431640625 -128.582916259766 -132.230697631836 -135.517715454102 -138.525985717773
-126.621040344238 -126.338111877441 -126.621505737305 -127.132949829102 -127.221038818359 -126.260055541992 -123.938621520996 -121.455001831055 -118.75749206543 -115.23876953125 -111.916519165039 -108.749809265137 -107.210380554199 -105.77188873291 -104.300659179688 -103.523307800293 -103.071029663086 -102.622406005859 -101.903030395508 -100.83708190918 -99.7464141845703 -98.7442016601562 -98.1361694335938 -97.6827850341797 -97.3548583984375 -97.2679748535156 -97.2148284912109 -97.1916580200195 -97.4966354370117 -97.9828567504883 -98.8602676391602 -100.243782043457 -102.308876037598 -104.491188049316 -107.024780273438 -111.054420471191 -114.845756530762 -118.438255310059 -122.337982177734 -126.302886962891 -130.398468017578 -133.700546264648 -136.586441040039 -139.224151611328
-126.211929321289 -126.149276733398 -126.348236083984 -126.652687072754 -126.437065124512 -125.402793884277 -123.20556640625 -120.914413452148 -118.399513244629 -114.792190551758 -111.375129699707 -108.12508392334 -106.400566101074 -104.817687988281 -103.208099365234 -102.329223632812 -101.835334777832 -101.361015319824 -100.748069763184 -99.9430313110352 -99.1357727050781 -98.4230880737305 -98.1972351074219 -98.0762023925781 -98.048225402832 -98.0502700805664 -98.0685043334961 -98.1186447143555 -98.5060348510742 -99.0904159545898 -100.132797241211 -101.676292419434 -103.980812072754 -106.363731384277 -109.04662322998 -113.33975982666 -117.403717041016 -121.257339477539 -124.90446472168 -128.550720214844 -132.290283203125 -135.206481933594 -137.638641357422 -139.860275268555
-125.74503326416 -125.81371307373 -125.853858947754 -125.858764648438 -125.41951751709 -124.37686920166 -122.393165588379 -120.328567504883 -118.032020568848 -114.359077453613 -110.85816192627 -107.522720336914 -105.614379882812 -103.888008117676 -102.150367736816 -101.174797058105 -100.647315979004 -100.122718811035 -99.5778274536133 -99.0119476318359 -98.4683837890625 -98.02392578125 -98.1654434204102 -98.3669967651367 -98.6255874633789 -98.7173461914062 -98.8014755249023 -98.9344635009766 -99.4114761352539 -100.102783203125 -101.299873352051 -102.993286132812 -105.533332824707 -108.119171142578 -110.948738098145 -115.51033782959 -119.858955383301 -123.979133605957 -127.42310333252 -130.758087158203 -134.1181640625 -136.665954589844 -138.686126708984 -140.56379699707
-125.285011291504 -125.421897888184 -125.299514770508 -125.015563964844 -124.419128417969 -123.40811920166 -121.685646057129 -119.890754699707 -117.854621887207 -113.993576049805 -110.26439666748 -106.676292419434 -104.954940795898 -103.600410461426 -102.314353942871 -101.559158325195 -101.127388000488 -100.686790466309 -100.225601196289 -99.7146148681641 -99.2234954833984 -98.8703842163086 -99.7937698364258 -100.767967224121 -101.790313720703 -102.010246276855 -102.087875366211 -102.220352172852 -102.756607055664 -103.577331542969 -104.923866271973 -106.583335876465 -108.793609619141 -110.978912353516 -113.329658508301 -117.786117553711 -122.054710388184 -126.102424621582 -129.373886108398 -132.464935302734 -135.503814697266 -137.845321655273 -139.671798706055 -141.407333374023
-125.068908691406 -124.930976867676 -124.6318359375 -124.22331237793 -123.629386901855 -122.755844116211 -121.361625671387 -119.898559570312 -118.167373657227 -113.789833068848 -109.526817321777 -105.40161895752 -104.45336151123 -104.202926635742 -104.038497924805 -103.766159057617 -103.388641357422 -102.986106872559 -102.470207214355 -101.709663391113 -100.990127563477 -100.463607788086 -102.311653137207 -104.17512512207 -106.048851013184 -106.322074890137 -106.243949890137 -106.240821838379 -106.721122741699 -107.583221435547 -108.963973999023 -110.479469299316 -112.201187133789 -113.893020629883 -115.702026367188 -120.050842285156 -124.232940673828 -128.191513061523 -131.280868530273 -134.122039794922 -136.873291015625 -139.038665771484 -140.714538574219 -142.30729675293
-124.828903198242 -124.454940795898 -124.015029907227 -123.528579711914 -122.928993225098 -122.171249389648 -121.097862243652 -119.916198730469 -118.456039428711 -113.48225402832 -108.66130065918 -104.053726196289 -103.85612487793 -104.756187438965 -105.694030761719 -105.938591003418 -105.593948364258 -105.233032226562 -104.682502746582 -103.677917480469 -102.781761169434 -102.1005859375 -104.95792388916 -107.778648376465 -110.521270751953 -110.920539855957 -110.699501037598 -110.568061828613 -110.98853302002 -111.896934509277 -113.197906494141 -114.482818603516 -115.607238769531 -116.778457641602 -118.035522460938 -122.288581848145 -126.381439208984 -130.231369018555 -133.130722045898 -135.718276977539 -138.223815917969 -140.242080688477 -141.799652099609 -143.248077392578
-124.551124572754 -123.991439819336 -123.450386047363 -122.928314208984 -122.310768127441 -121.641082763672 -120.876678466797 -119.940315246582 -118.743728637695 -113.132118225098 -107.740653991699 -102.707817077637 -103.225357055664 -105.28044128418 -107.26838684082 -108.000923156738 -107.572319030762 -107.109031677246 -106.512390136719 -105.694618225098 -105.163452148438 -104.909400939941 -108.539764404297 -112.023002624512 -115.273933410645 -115.90047454834 -115.741081237793 -115.711143493652 -116.248680114746 -117.336959838867 -118.70777130127 -120.037582397461 -121.123207092285 -122.374137878418 -123.737297058105 -127.502464294434 -131.085556030273 -134.358703613281 -136.673889160156 -138.606414794922 -140.429489135742 -141.941650390625 -143.139938354492 -144.186798095703
-125.381858825684 -125.013526916504 -124.389404296875 -123.511238098145 -122.535179138184 -121.500717163086 -120.36710357666 -118.96688079834 -117.348388671875 -111.997230529785 -106.970756530762 -102.456069946289 -103.400527954102 -106.073509216309 -108.597946166992 -109.359252929688 -108.335906982422 -107.291290283203 -106.732238769531 -107.793144226074 -109.200149536133 -110.865013122559 -114.334716796875 -117.633514404297 -120.601188659668 -121.456436157227 -121.57893371582 -121.847061157227 -122.600563049316 -123.880035400391 -125.330131530762 -126.770851135254 -128.067108154297 -129.591156005859 -131.282745361328 -134.146392822266 -136.860900878906 -139.247161865234 -140.747772216797 -141.844924926758 -142.832168579102 -143.711029052734 -144.487854003906 -145.115707397461
-126.531051635742 -126.40486907959 -125.666946411133 -124.302116394043 -122.844619750977 -121.324821472168 -119.697563171387 -117.796424865723 -115.724807739258 -110.785675048828 -106.175407409668 -102.167579650879 -103.521263122559 -106.801490783691 -109.833770751953 -110.649917602539 -108.997451782227 -107.47737121582 -106.971878051758 -110.070030212402 -113.443885803223 -117.032470703125 -120.319412231445 -123.399673461914 -126.10880279541 -127.187255859375 -127.615211486816 -128.167053222656 -129.126770019531 -130.579971313477 -132.151473999023 -133.744247436523 -135.303375244141 -137.049224853516 -138.941558837891 -140.841018676758 -142.601715087891 -144.121871948242 -144.824584960938 -145.101898193359 -145.213256835938 -145.395111083984 -145.716674804688 -145.968078613281
-127.584838867188 -127.643280029297 -126.769424438477 -124.866874694824 -122.846694946289 -120.760223388672 -118.563461303711 -116.236793518066 -113.821495056152 -109.463691711426 -105.354476928711 -101.834091186523 -103.573669433594 -107.448310852051 -110.95597076416 -111.85538482666 -109.548156738281 -107.657081604004 -107.206069946289 -112.455848693848 -117.808937072754 -123.257270812988 -126.420295715332 -129.250259399414 -131.651962280273 -132.872833251953 -133.548965454102 -134.308990478516 -135.413803100586 -136.992980957031 -138.657730102539 -140.343597412109 -141.961303710938 -143.685668945312 -145.498413085938 -146.501495361328 -147.349731445312 -148.077056884766 -148.127838134766 -147.799850463867 -147.281982421875 -146.972473144531 -147.015884399414 -147.082916259766
-128.310974121094 -128.152603149414 -126.97932434082 -124.628517150879 -122.148170471191 -119.595321655273 -116.887825012207 -114.190528869629 -111.503883361816 -108.186492919922 -105.147705078125 -102.723213195801 -104.277374267578 -107.565490722656 -110.279090881348 -110.943710327148 -108.940948486328 -107.684776306152 -107.887802124023 -114.220367431641 -120.43480682373 -126.543975830078 -129.854644775391 -132.748336791992 -135.281188964844 -136.763977050781 -137.69270324707 -138.666595458984 -139.990127563477 -141.853225708008 -143.765167236328 -145.618179321289 -146.913330078125 -148.274230957031 -149.696853637695 -150.134887695312 -150.401184082031 -150.651718139648 -150.398818969727 -149.828018188477 -149.012359619141 -148.44367980957 -148.359588623047 -148.36572265625
-128.633575439453 -127.810279846191 -126.192031860352 -123.570205688477 -120.79670715332 -117.924736022949 -114.798652648926 -111.805450439453 -108.925819396973 -106.88990020752 -105.208641052246 -104.126274108887 -105.30020904541 -107.543731689453 -109.100372314453 -109.44847869873 -108.082870483398 -107.67359161377 -108.609107971191 -115.830444335938 -122.801330566406 -129.530502319336 -133.083526611328 -136.094482421875 -138.755096435547 -140.486907958984 -141.665023803711 -142.848571777344 -144.38330078125 -146.527557373047 -148.688812255859 -150.743057250977 -151.718017578125 -152.728240966797 -153.777435302734 -153.683334350586 -153.363586425781 -153.078887939453 -152.444931030273 -151.561233520508 -150.49365234375 -149.704467773438 -149.546875 -149.477584838867
-128.804504394531 -127.336044311523 -125.276313781738 -122.405746459961 -119.412040710449 -116.315254211426 -112.86434173584 -109.636680603027 -106.615043640137 -105.83765411377 -105.523445129395 -105.647323608398 -106.426422119141 -107.5068359375 -108.03638458252 -108.099838256836 -107.486030578613 -107.804862976074 -109.307434082031 -117.261077880859 -124.911552429199 -132.233627319336 -136.032867431641 -139.147155761719 -141.956268310547 -143.95036315918 -145.397811889648 -146.811874389648 -148.572219848633 -151.015258789062 -153.446411132812 -155.752532958984 -156.424163818359 -157.106002807617 -157.802734375 -157.195602416992 -156.242767333984 -155.338912963867 -154.240051269531 -153.006454467773 -151.685440063477 -150.683380126953 -150.497909545898 -150.40950012207
-128.796234130859 -126.762161254883 -124.309982299805 -121.18953704834 -117.978034973145 -114.683235168457 -111.082550048828 -107.814720153809 -104.883506774902 -105.09789276123 -105.859031677246 -106.844047546387 -107.220100402832 -107.163719177246 -106.721237182617 -106.53589630127 -106.952789306641 -108.309440612793 -110.645637512207 -118.800979614258 -126.554191589355 -133.830505371094 -137.700668334961 -140.802947998047 -143.644165039062 -146.055603027344 -148.175765991211 -150.260116577148 -152.633560180664 -155.606475830078 -158.557388305664 -161.378677368164 -161.230575561523 -161.036071777344 -160.794494628906 -159.345672607422 -157.547256469727 -155.830444335938 -154.295227050781 -152.95719909668 -151.609878540039 -150.622680664062 -150.691497802734 -150.846984863281
