indici/fabbisogno01.asc
NCOLS 177 
NROWS 174 
XLLCORNER 1436301.375 
YLLCORNER 4916704.5 
CELLSIZE 1500 
NODATA_value -9999 
[rows 69 to 91 of 174, columns 0 to 52 of 177]
-9999 -9999 -9999 -9999 -9999 -9999 -9999 -9999 -9999 -9999 -9999 -9999 -9999 -9999 -9999 -9999 -9999 -9999 -9999 -9999 -53.9727935791016 -53.5843238830566 -52.959545135498 -52.2162971496582 -51.2283515930176 -50.9387359619141 -51.9150466918945 -54.025463104248 -56.1859931945801 -58.8641510009766 -61.5974006652832 -64.3133316040039 -66.5553665161133 -67.7772216796875 -68.191162109375 -67.3078918457031 -66.4771728515625 -65.4487686157227 -64.5883407592773 -63.5198593139648 -62.8858032226562 -62.9546279907227 -63.2701072692871 -63.863224029541 -64.7696685791016 -66.3598022460938 -68.0870819091797 -69.8530502319336 -71.5318222045898 -72.9071502685547 -73.8444137573242 -74.2758331298828 -74.1288986206055
-9999 -9999 -9999 -9999 -9999 -9999 -9999 -9999 -9999 -9999 -9999 -9999 -9999 -9999 -9999 -9999 -9999 -9999 -9999 -52.0268058776855 -52.1354560852051 -51.643367767334 -50.902904510498 -50.1161460876465 -49.5988082885742 -49.6203231811523 -50.3379783630371 -52.0174980163574 -54.4003677368164 -56.9307746887207 -59.4840621948242 -61.9660110473633 -64.2278213500977 -65.5940475463867 -65.6799926757812 -65.7040481567383 -65.3187484741211 -64.7140197753906 -63.9928894042969 -63.2678871154785 -62.9986953735352 -63.32958984375 -63.8029365539551 -64.5618362426758 -65.9269180297852 -67.8458938598633 -69.7615280151367 -71.6125564575195 -73.2598724365234 -74.5441818237305 -75.3669662475586 -75.4595489501953 -75.0374145507812
-9999 -9999 -9999 -9999 -9999 -9999 -9999 -9999 -9999 -9999 -9999 -9999 -9999 -9999 -9999 -9999 -9999 -9999 -9999 -51.7084083557129 -51.3560791015625 -50.5770149230957 -49.7840690612793 -48.9687232971191 -48.423412322998 -48.4117736816406 -49.0741348266602 -50.461181640625 -52.3367080688477 -54.4668312072754 -56.8468933105469 -59.1524429321289 -61.1466445922852 -62.7591743469238 -63.6173210144043 -64.0075302124023 -63.8696708679199 -63.5914993286133 -63.1041145324707 -62.6582412719727 -62.4630737304688 -62.900074005127 -63.6287803649902 -64.6818542480469 -66.45703125 -68.2844543457031 -70.2570343017578 -72.1578063964844 -73.7734375 -75.2254104614258 -76.0449371337891 -75.9951553344727 -75.3730697631836
-9999 -9999 -9999 -9999 -9999 -9999 -9999 -9999 -9999 -9999 -9999 -9999 -9999 -9999 -9999 -9999 -9999 -9999 -9999 -9999 -50.5169639587402 -49.5403289794922 -48.5042152404785 -47.6459426879883 -47.2111396789551 -47.3259658813477 -48.0562286376953 -49.3927268981934 -51.0924453735352 -53.1162986755371 -55.4328498840332 -57.5419769287109 -59.3608207702637 -60.7974624633789 -61.7617073059082 -62.3232574462891 -62.322135925293 -62.1250534057617 -61.8611679077148 -61.6107177734375 -61.4916954040527 -61.9062461853027 -63.0794944763184 -64.4741439819336 -66.3437194824219 -68.2447128295898 -70.0876388549805 -71.9799346923828 -73.5931015014648 -75.0658111572266 -75.8603973388672 -75.830322265625 -74.9079132080078
-9999 -9999 -9999 -9999 -9999 -9999 -9999 -9999 -9999 -9999 -9999 -9999 -9999 -9999 -9999 -9999 -9999 -9999 -9999 -9999 -49.1862449645996 -48.0338020324707 -47.0440101623535 -46.1763610839844 -45.8674583435059 -46.0992469787598 -46.9397659301758 -48.3666305541992 -50.1287727355957 -52.1296081542969 -54.2381286621094 -56.2331504821777 -57.940357208252 -59.2399711608887 -60.04541015625 -60.5324821472168 -60.7183227539062 -60.6653671264648 -60.49169921875 -60.4028701782227 -60.5597953796387 -61.1633071899414 -62.1977806091309 -64.0543899536133 -65.9278869628906 -67.7968978881836 -69.6703872680664 -71.3856048583984 -73.0286178588867 -74.320068359375 -75.0251693725586 -74.8887023925781 -74.2164916992188
-9999 -9999 -9999 -9999 -9999 -9999 -9999 -9999 -9999 -9999 -9999 -9999 -9999 -9999 -9999 -9999 -9999 -9999 -9999 -9999 -9999 -45.9762001037598 -45.088623046875 -44.4256324768066 -44.2434959411621 -44.7553787231445 -45.7969169616699 -47.4009590148926 -49.1496658325195 -51.2739639282227 -53.337230682373 -55.2572555541992 -56.7880706787109 -57.9130058288574 -58.644474029541 -59.1309242248535 -59.367000579834 -59.3695755004883 -59.3682098388672 -59.4452018737793 -59.8612899780273 -60.6193542480469 -61.7515182495117 -63.4561958312988 -65.4897155761719 -67.4126968383789 -69.2902679443359 -70.8438186645508 -72.1650009155273 -72.8589553833008 -73.4009780883789 -73.6508102416992 -73.3176651000977
-9999 -9999 -9999 -9999 -9999 -9999 -9999 -9999 -9999 -9999 -9999 -9999 -9999 -9999 -9999 -9999 -9999 -9999 -9999 -9999 -9999 -43.3231048583984 -42.6272125244141 -42.35791015625 -42.5395660400391 -43.2758178710938 -44.5776214599609 -46.373420715332 -48.3419570922852 -50.6526336669922 -52.7737617492676 -54.5965538024902 -56.0883331298828 -57.1514129638672 -57.7715110778809 -58.2449188232422 -58.4401779174805 -58.4562759399414 -58.5445976257324 -58.8225135803223 -59.3110694885254 -60.1372947692871 -61.5085639953613 -63.2041778564453 -64.942024230957 -66.658317565918 -68.3424224853516 -69.7952270507812 -70.917366027832 -71.5502471923828 -72.2192077636719 -72.4214019775391 -72.1135482788086
-9999 -9999 -9999 -9999 -9999 -9999 -9999 -9999 -9999 -9999 -9999 -9999 -9999 -9999 -9999 -9999 -9999 -9999 -9999 -9999 -9999 -9999 -9999 -9999 -40.6199798583984 -41.7205581665039 -43.3353157043457 -45.3447036743164 -47.7102165222168 -50.146842956543 -52.4758644104004 -54.3879470825195 -55.897891998291 -56.8464584350586 -57.4419403076172 -57.7856330871582 -57.9369316101074 -57.8891639709473 -57.9665451049805 -58.2583618164062 -58.7898635864258 -59.7941131591797 -61.218334197998 -62.8361968994141 -64.4719314575195 -66.1306304931641 -67.7382278442383 -69.0169982910156 -69.9334030151367 -70.4868316650391 -70.899299621582 -70.9585647583008 -70.7075424194336
-9999 -9999 -9999 -9999 -9999 -9999 -9999 -9999 -9999 -9999 -9999 -9999 -9999 -9999 -9999 -9999 -9999 -9999 -9999 -9999 -9999 -9999 -9999 -9999 -38.5315551757812 -40.1145706176758 -42.1290435791016 -44.6901359558105 -47.4676055908203 -50.1455459594727 -52.724781036377 -54.922420501709 -56.3220176696777 -57.1563262939453 -57.630786895752 -57.7802429199219 -57.772388458252 -57.5698852539062 -57.5885276794434 -57.679515838623 -58.2745552062988 -59.4253463745117 -60.7766151428223 -62.3114624023438 -63.8665008544922 -65.4657135009766 -66.9260635375977 -68.0556335449219 -68.7489013671875 -69.2463607788086 -69.234733581543 -69.422004699707 -68.9759292602539
-9999 -9999 -9999 -9999 -9999 -9999 -9999 -9999 -9999 -9999 -9999 -9999 -9999 -9999 -9999 -9999 -9999 -9999 -9999 -9999 -9999 -9999 -9999 -9999 -36.3603630065918 -38.6023254394531 -41.2927398681641 -44.359016418457 -47.4907112121582 -50.5437850952148 -53.2729415893555 -55.4954109191895 -57.2369613647461 -58.1214256286621 -58.2738418579102 -58.108325958252 -57.8592071533203 -57.4121513366699 -57.1079521179199 -57.124828338623 -57.775993347168 -58.66796875 -59.9306411743164 -61.330493927002 -62.8941650390625 -64.2864227294922 -65.6547927856445 -66.7207794189453 -67.3258895874023 -67.6708145141602 -67.5715789794922 -67.2836532592773 -67.0271453857422
-9999 -9999 -9999 -9999 -9999 -9999 -9999 -9999 -9999 -9999 -9999 -9999 -9999 -9999 -9999 -9999 -9999 -9999 -9999 -9999 -9999 -9999 -9999 -9999 -34.4295196533203 -37.3590049743652 -40.7892112731934 -44.4087066650391 -48.1058082580566 -51.4724044799805 -54.4493026733398 -56.8407669067383 -58.3077087402344 -58.9813270568848 -59.0179328918457 -58.4128341674805 -57.7306442260742 -57.1209449768066 -56.6869239807129 -56.489803314209 -56.9014854431152 -57.6047439575195 -58.6877098083496 -60.0307960510254 -61.5029678344727 -62.7648849487305 -63.8419189453125 -64.8414306640625 -65.4365921020508 -65.7266006469727 -65.6367721557617 -65.2716979980469 -64.8482513427734
-9999 -9999 -9999 -9999 -9999 -9999 -9999 -9999 -9999 -9999 -9999 -9999 -9999 -9999 -9999 -9999 -9999 -9999 -9999 -9999 -9999 -9999 -9999 -9999 -9999 -9999 -40.4525680541992 -44.6209716796875 -48.9430351257324 -52.7011985778809 -55.9883232116699 -58.4230880737305 -59.9756507873535 -60.4446830749512 -59.9497261047363 -59.0360107421875 -57.8525695800781 -56.8486404418945 -56.020378112793 -55.6095314025879 -55.7519493103027 -56.1507453918457 -57.0267372131348 -58.1885452270508 -59.456600189209 -60.6804504394531 -61.6430244445801 -62.3574104309082 -63.116138458252 -63.4158325195312 -63.3885231018066 -63.0983848571777 -62.4681663513184
-9999 -9999 -9999 -9999 -9999 -9999 -9999 -9999 -9999 -9999 -9999 -9999 -9999 -9999 -9999 -9999 -9999 -9999 -9999 -9999 -9999 -9999 -9999 -9999 -9999 -9999 -40.1673278808594 -45.0769577026367 -49.9182891845703 -54.253604888916 -57.8636131286621 -60.4066543579102 -61.6424903869629 -61.8080291748047 -60.9117851257324 -59.3653793334961 -57.6950187683105 -56.231990814209 -54.9854507446289 -54.331901550293 -54.0992088317871 -54.2956123352051 -54.8585243225098 -55.7440567016602 -56.8703193664551 -57.9322090148926 -58.8480758666992 -59.657398223877 -60.4233779907227 -60.7839851379395 -60.7907180786133 -60.4213714599609 -60.1407203674316
-9999 -9999 -9999 -9999 -9999 -9999 -9999 -9999 -9999 -9999 -9999 -9999 -9999 -9999 -9999 -9999 -9999 -9999 -9999 -9999 -9999 -9999 -9999 -9999 -9999 -35.0541458129883 -39.944450378418 -45.4111557006836 -50.7370834350586 -55.7267951965332 -59.6545867919922 -62.0707244873047 -63.151668548584 -62.873908996582 -61.4396057128906 -59.3153800964355 -57.150318145752 -55.0633811950684 -53.4361190795898 -52.4617500305176 -51.9486083984375 -51.8502426147461 -52.1590576171875 -52.8827209472656 -53.7588691711426 -54.7180709838867 -55.7247657775879 -56.5509872436523 -57.1560096740723 -57.8503952026367 -58.0699348449707 -57.9513359069824 -57.9796981811523
-9999 -9999 -9999 -9999 -9999 -9999 -9999 -9999 -9999 -9999 -9999 -9999 -9999 -9999 -9999 -9999 -9999 -9999 -9999 -9999 -9999 -9999 -9999 -9999 -9999 -34.3488998413086 -39.6350708007812 -45.5627212524414 -51.239818572998 -56.62744140625 -60.5300559997559 -62.9583625793457 -63.8639488220215 -63.1951484680176 -61.2262992858887 -58.7289543151855 -55.9809608459473 -53.3474922180176 -51.409595489502 -50.0393905639648 -49.2090339660645 -48.9177703857422 -49.0582695007324 -49.6692123413086 -50.4697113037109 -51.429027557373 -52.4567260742188 -53.3685989379883 -54.1798706054688 -54.9325256347656 -55.4228820800781 -55.762149810791 -56.0402565002441
-9999 -9999 -9999 -9999 -9999 -9999 -9999 -9999 -9999 -9999 -9999 -9999 -9999 -9999 -9999 -9999 -9999 -9999 -9999 -9999 -9999 -9999 -9999 -9999 -9999 -9999 -39.2123718261719 -45.1918792724609 -51.4440155029297 -56.8217430114746 -60.6330337524414 -62.9150657653809 -63.40185546875 -62.2446403503418 -60.0754127502441 -57.2218856811523 -54.0393753051758 -51.078540802002 -48.8480567932129 -47.2086448669434 -46.1378364562988 -45.6394920349121 -45.6963043212891 -46.2104759216309 -47.0703353881836 -48.1772994995117 -49.2975082397461 -50.4033660888672 -51.4980010986328 -52.5317535400391 -53.1832695007324 -53.6779289245605 -54.202766418457
-9999 -9999 -9999 -9999 -9999 -9999 -9999 -9999 -9999 -9999 -9999 -9999 -9999 -9999 -9999 -9999 -9999 -9999 -9999 -9999 -9999 -9999 -9999 -9999 -9999 -9999 -9999 -44.5016403198242 -50.641300201416 -55.928596496582 -59.5967979431152 -61.5147819519043 -61.6306495666504 -60.2627296447754 -57.7962913513184 -54.7031288146973 -51.2914352416992 -48.2058258056641 -45.7914161682129 -43.9534606933594 -42.8247566223145 -42.2318420410156 -42.2534828186035 -42.8161659240723 -43.8504104614258 -45.127513885498 -46.5266914367676 -47.9525451660156 -49.2742576599121 -50.5437202453613 -51.3297996520996 -52.0490264892578 -52.8898239135742
-9999 -9999 -9999 -9999 -9999 -9999 -9999 -9999 -9999 -9999 -9999 -9999 -9999 -9999 -9999 -9999 -9999 -9999 -9999 -9999 -9999 -9999 -9999 -9999 -9999 -9999 -9999 -43.1274032592773 -48.7270584106445 -53.6066513061523 -57.0274772644043 -58.5838317871094 -58.4733963012695 -56.9578056335449 -54.3925819396973 -51.2507286071777 -47.8271942138672 -44.8397598266602 -42.335880279541 -40.5270843505859 -39.3641242980957 -38.861515045166 -38.9690742492676 -39.729190826416 -40.9784660339355 -42.5138320922852 -44.2456855773926 -45.9903755187988 -47.7047386169434 -49.1338043212891 -50.4061088562012 -51.5012855529785 -52.4246559143066
-9999 -9999 -9999 -9999 -9999 -9999 -9999 -9999 -9999 -9999 -9999 -9999 -9999 -9999 -9999 -9999 -9999 -9999 -9999 -9999 -9999 -9999 -9999 -9999 -9999 -9999 -9999 -40.8386497497559 -45.8084373474121 -50.094352722168 -52.8821563720703 -54.2104568481445 -54.0066604614258 -52.4595947265625 -50.0121536254883 -46.9482879638672 -43.8091354370117 -41.0088806152344 -38.674144744873 -37.0225830078125 -36.0133857727051 -35.7046699523926 -36.0880699157715 -37.0397644042969 -38.4876937866211 -40.3763046264648 -42.4694404602051 -44.6346740722656 -46.7515716552734 -48.523136138916 -50.1709136962891 -51.6543388366699 -53.1805419921875
-9999 -9999 -9999 -9999 -9999 -9999 -9999 -9999 -9999 -9999 -9999 -9999 -9999 -9999 -9999 -9999 -9999 -9999 -9999 -9999 -9999 -9999 -9999 -9999 -9999 -9999 -9999 -37.7254104614258 -41.9372901916504 -45.5205039978027 -47.6751937866211 -48.706600189209 -48.4333992004395 -47.0913734436035 -44.824405670166 -42.1537017822266 -39.4609107971191 -37.0032539367676 -35.0229949951172 -33.6561393737793 -32.9460334777832 -32.9627456665039 -33.5722198486328 -34.8239860534668 -36.5958442687988 -38.894889831543 -41.4373512268066 -43.9781379699707 -46.420337677002 -48.7158432006836 -50.8728942871094 -52.8982887268066 -54.4779968261719
-9999 -9999 -9999 -9999 -9999 -9999 -9999 -9999 -9999 -9999 -9999 -9999 -9999 -9999 -9999 -9999 -9999 -9999 -9999 -9999 -9999 -9999 -9999 -9999 -9999 -9999 -9999 -33.6191253662109 -37.1235427856445 -40.0775985717773 -41.928092956543 -42.6146202087402 -42.2739181518555 -41.138484954834 -39.384952545166 -37.2179908752441 -35.052619934082 -33.1526985168457 -31.6177158355713 -30.6466484069824 -30.2829246520996 -30.6173458099365 -31.5530948638916 -33.1206703186035 -35.3387336730957 -38.0638275146484 -41.0025177001953 -44.0383338928223 -47.0119972229004 -49.7231674194336 -52.1762886047363 -54.4433670043945 -56.0425338745117
-9999 -9999 -9999 -9999 -9999 -9999 -9999 -9999 -9999 -9999 -9999 -9999 -9999 -9999 -9999 -9999 -9999 -9999 -9999 -9999 -9999 -9999 -9999 -9999 -9999 -9999 -9999 -9999 -31.9706497192383 -34.2990379333496 -35.7675323486328 -36.3986320495605 -36.1855964660645 -35.3343162536621 -34.0176582336426 -32.4980773925781 -30.9337921142578 -29.5518207550049 -28.5297317504883 -28.0165615081787 -28.0940837860107 -28.746976852417 -30.0129127502441 -31.9895763397217 -34.7156791687012 -37.8835792541504 -41.3665580749512 -44.8684959411621 -48.3040199279785 -51.4263877868652 -54.1973304748535 -56.3795013427734 -57.8947944641113
-9999 -9999 -9999 -9999 -9999 -9999 -9999 -9999 -9999 -9999 -9999 -9999 -9999 -9999 -9999 -9999 -9999 -9999 -9999 -9999 -9999 -9999 -9999 -9999 -9999 -9999 -9999 -9999 -26.7963466644287 -28.6466503143311 -29.8889675140381 -30.485523223877 -30.5444622039795 -30.0933685302734 -29.2851028442383 -28.2997131347656 -27.2993431091309 -26.494665145874 -25.9821815490723 -25.8583927154541 -26.3652820587158 -27.3530158996582 -29.0160980224609 -31.511661529541 -34.7089424133301 -38.3355445861816 -42.305419921875 -46.4068412780762 -50.2606925964355 -53.609001159668 -56.5387954711914 -58.5918579101562 -59.8472595214844
