indici/fabbisogno08.asc
NCOLS 177 
NROWS 174 
XLLCORNER 1436301.375 
YLLCORNER 4916704.5 
CELLSIZE 1500 
NODATA_value -9999 
[rows 96 to 119 of 174, columns 108 to 161 of 177]
76.6024890899658 80.8040790557861 84.316198348999 87.2480764389038 89.5021015167236 90.9017957687378 91.9336475372315 92.3482402801514 92.0540266036987 91.4318820953369 89.9283874511719 87.8016195297241 85.0718837738037 82.2430221557617 79.4646152496338 76.6099658966065 73.492098236084 70.9351402282715 68.3788032531738 66.9621520996094 66.7806518554687 -9999 -9999 -9999 -9999 -9999 -9999 -9999 -9999 -9999 -9999 -9999 -9999 -9999 -9999 -9999 -9999 -9999 -9999 -9999 -9999 -9999 -9999 -9999 -9999 -9999 -9999 -9999 -9999 -9999 -9999 -9999 -9999 -9999
79.8849842071533 83.5251861572266 86.8047664642334 89.3428554534912 91.0297410964966 91.9924806594849 92.5617044448853 92.2904006958008 91.6026203155518 90.259672164917 88.006272315979 85.102970123291 81.3036193847656 77.7121875762939 73.582604598999 69.3517723083496 64.9591835021973 61.4836692810059 58.3015197753906 56.1601341247559 55.7186698913574 57.1976341247559 60.6637069702148 65.6064338684082 71.9456588745117 -9999 -9999 -9999 -9999 -9999 -9999 -9999 -9999 -9999 -9999 -9999 -9999 -9999 -9999 -9999 -9999 -9999 -9999 -9999 -9999 -9999 -9999 -9999 -9999 -9999 -9999 -9999 -9999 -9999
81.8674690246582 85.4493534088135 88.2702785491943 90.5282548904419 91.9737689971924 92.6704828262329 92.7053806304932 92.0724180221558 90.7240718841553 88.7302167892456 85.6774887084961 81.72802734375 76.8898330688477 71.6216613769531 66.3564002990723 60.7970092773437 55.8153747558594 51.6606605529785 47.8633506774902 45.8269981384277 45.6729148864746 47.1127433776855 51.5484321594238 57.7167388916016 65.7704681396484 -9999 -9999 -9999 -9999 -9999 -9999 -9999 -9999 -9999 -9999 -9999 -9999 -9999 -9999 -9999 -9999 -9999 -9999 -9999 -9999 -9999 -9999 -9999 -9999 -9999 -9999 -9999 -9999 -9999
82.9709560394287 86.5825897216797 89.2514663696289 91.0887062072754 92.16439037323 92.4201215744019 92.2768033981323 91.3725215911865 89.5541215896607 86.9363121032715 83.2075996398926 78.3567413330078 72.5580768585205 65.9155113220215 59.3524490356445 52.9443542480469 47.180069732666 42.1217811584473 38.1640502929688 36.2686553955078 36.4424125671387 38.7369483947754 43.6646492004395 51.3832092285156 60.3073509216309 -9999 -9999 -9999 -9999 -9999 -9999 -9999 -9999 -9999 -9999 -9999 -9999 -9999 -9999 -9999 -9999 -9999 -9999 -9999 -9999 -9999 -9999 -9999 -9999 -9999 -9999 -9999 -9999 -9999
83.1242595672608 86.6207691192627 89.0640462875366 90.8024961471558 91.7224731445312 91.8989248275757 91.5239061355591 90.350693321228 87.7694597244263 85.1412338256836 80.7561946868897 75.3797954559326 68.8588821411133 61.2760765075684 53.8540893554688 46.5058471679688 40.2657821655273 35.0174949645996 30.6493354797363 28.974341583252 29.858039855957 32.8782745361328 38.446117401123 47.6944702148437 56.9939224243164 -9999 -9999 -9999 -9999 -9999 -9999 -9999 -9999 -9999 -9999 -9999 -9999 -9999 -9999 -9999 -9999 -9999 -9999 -9999 -9999 -9999 -9999 -9999 -9999 -9999 -9999 -9999 -9999 -9999
82.6656192779541 86.0575717926025 88.5331430435181 90.1291925430298 90.9857637405396 91.1333814620972 90.4252586364746 89.0182792663574 86.7279163360596 83.2733058929443 78.7452102661133 72.9799133300781 66.1196090698242 58.4522758483887 50.6301475524902 43.2612922668457 36.7389228820801 31.0617324829102 26.9191337585449 25.170597076416 26.9725341796875 30.3568077087402 36.4949630737305 46.4322158813477 57.0734924316406 -9999 -9999 -9999 -9999 -9999 -9999 -9999 -9999 -9999 -9999 -9999 -9999 -9999 -9999 -9999 -9999 -9999 -9999 -9999 -9999 -9999 -9999 -9999 -9999 -9999 -9999 -9999 -9999 -9999
81.8768753051758 85.0022792816162 87.2125293731689 88.7567266464233 89.6383205413818 89.5694190979004 88.8215110778809 87.3444395065308 84.9436553955078 81.4266498565674 76.8434398651123 71.0842636108398 64.4562873840332 57.0388710021973 49.6531677246094 42.6648719787598 36.4852272033691 31.3103614807129 26.9452896118164 25.6637329101563 27.3979774475098 31.6556457519531 38.409538269043 47.4598892211914 -9999 -9999 -9999 -9999 -9999 -9999 -9999 -9999 -9999 -9999 -9999 -9999 -9999 -9999 -9999 -9999 -9999 -9999 -9999 -9999 -9999 -9999 -9999 -9999 -9999 -9999 -9999 -9999 -9999 -9999
80.7758735656738 83.5382289886475 85.657844543457 87.2407554626465 87.9293754577637 87.6758670806885 86.7382074356079 85.2558490753174 82.8386817932129 79.3354343414307 74.9757595062256 69.6594886779785 63.6020645141602 57.0883270263672 50.6255516052246 44.3371421813965 38.7428825378418 34.2862350463867 31.2678756713867 29.4984573364258 30.412385559082 34.6146697998047 41.1804412841797 49.7006202697754 60.3438438415527 -9999 -9999 -9999 -9999 -9999 -9999 -9999 -9999 -9999 -9999 -9999 -9999 -9999 -9999 -9999 -9999 -9999 -9999 -9999 -9999 -9999 -9999 -9999 -9999 -9999 -9999 -9999 -9999 -9999
79.553804397583 81.881233215332 83.6949390411377 85.10315284729 85.486449432373 85.1802066802979 84.1990985870361 82.4069393157959 80.1635765075684 76.9265823364258 72.8263244628906 68.1900146484375 63.193741607666 57.834992980957 52.5778121948242 47.4887168884277 42.8323944091797 39.0052085876465 36.2981338500977 35.3442718505859 35.9647018432617 38.812100982666 45.3479499816895 53.844556427002 63.2979988098145 71.9502632141113 -9999 -9999 -9999 -9999 -9999 -9999 -9999 -9999 -9999 -9999 -9999 -9999 -9999 -9999 -9999 -9999 -9999 -9999 -9999 -9999 -9999 -9999 -9999 -9999 -9999 -9999 -9999 -9999
78.2802234649658 79.8759632110596 81.6370929718018 82.2700099945068 82.4108116149902 82.0197910308838 80.8933994293213 79.0515720367432 76.684708404541 73.829874420166 70.4398170471191 66.7368560791016 62.948104095459 59.1586608886719 55.3422912597656 51.5528053283691 47.8402603149414 44.6684768676758 42.2886978149414 41.6237297058105 42.5834732055664 45.2226982116699 50.5193618774414 57.5206962585449 65.8269874572754 73.6077514648438 80.7352256774902 86.7866279602051 91.5820825576782 95.463547706604 -9999 -9999 -9999 -9999 -9999 -9999 -9999 -9999 -9999 -9999 -9999 -9999 -9999 -9999 -9999 -9999 -9999 -9999 -9999 -9999 -9999 -9999 -9999 -9999
76.9452873229981 78.0259986877441 78.7967826843262 79.011434173584 78.9006813049316 78.1419200897217 76.8816822052002 75.3073760986328 73.0553279876709 70.744019317627 67.8923072814941 65.1940582275391 62.6508491516113 60.4141624450684 58.2370613098145 55.8010475158691 53.1359413146973 50.8697250366211 49.2557113647461 48.4070655822754 48.8413505554199 51.2336082458496 55.3595359802246 61.1910400390625 68.2406898498535 74.7223159790039 81.3283660888672 86.7463001251221 91.2080741882324 94.768371963501 97.1990537643433 -9999 -9999 -9999 -9999 -9999 -9999 -9999 -9999 -9999 -9999 -9999 -9999 -9999 -9999 -9999 -9999 -9999 -9999 -9999 -9999 -9999 -9999 -9999
75.8962471008301 76.2135414123535 76.0000900268555 75.6548446655273 74.7431579589844 73.7533008575439 72.5905364990234 71.0030685424805 69.2569641113281 67.5224594116211 65.5803588867188 63.9667366027832 62.5231475830078 61.7609481811523 61.122486114502 60.18505859375 58.8427085876465 57.5094825744629 56.1122077941895 55.2470550537109 55.2407127380371 57.0098472595215 60.2981094360352 64.677897644043 70.1465728759766 75.4912265777588 80.7762367248535 85.5181999206543 89.6197532653809 92.6550003051758 95.1971490859985 97.3932479858398 -9999 -9999 -9999 -9999 -9999 -9999 -9999 -9999 -9999 -9999 -9999 -9999 -9999 -9999 -9999 -9999 -9999 -9999 -9999 -9999 -9999 -9999
75.2356895446777 74.3245410919189 73.5018657684326 72.2768222808838 70.9586219787598 69.735863494873 68.2515029907227 66.681681060791 65.1374649047852 64.1151161193848 63.2209465026855 63.0163619995117 63.4514869689941 64.1970039367676 65.012149810791 65.1928398132324 65.1617607116699 64.4567016601563 63.5858200073242 62.6097640991211 62.1244537353516 62.6563003540039 64.3289993286133 67.3089401245117 71.0965148925781 75.1516895294189 79.5805675506592 83.5822368621826 87.0027862548828 89.7574090957642 92.356183052063 94.589656829834 -9999 -9999 -9999 -9999 -9999 -9999 -9999 -9999 -9999 -9999 -9999 -9999 -9999 -9999 -9999 -9999 -9999 -9999 -9999 -9999 -9999 -9999
74.6709629058838 73.2244113922119 71.7366188049316 69.9899063110352 68.2259963989258 66.5789909362793 64.8286689758301 63.1127326965332 61.6672958374023 61.4837203979492 61.5980316162109 62.6405776977539 64.435343170166 66.6360191345215 68.6428123474121 69.7091064453125 70.6243240356445 70.6557685852051 70.0146621704102 69.2023880004883 68.5064002990723 68.0571914672852 68.6121124267578 70.2074089050293 72.2857307434082 75.0007499694824 77.9872161865234 80.847102355957 83.4267734527588 86.0265605926514 88.4176120758057 90.8312788009644 93.1460577011108 95.4661125183106 97.73375415802 -9999 -9999 -9999 -9999 -9999 -9999 -9999 -9999 -9999 -9999 -9999 -9999 -9999 -9999 -9999 -9999 -9999 -9999 -9999
74.9238414764404 73.1599704742432 71.2765518188477 69.1537216186523 67.0656547546387 65.0967765808106 63.0255508422852 61.3038192749024 60.0686164855957 60.3788734436035 61.3908271789551 63.674382019043 66.5777275085449 69.7735198974609 72.6353664398193 74.5835376739502 75.8417671203613 76.548579788208 76.2866230010986 75.5775833129883 74.5426044464111 73.5965602874756 73.3690650939941 73.2546924591065 73.9959377288818 75.1647254943848 76.375910949707 77.9794456481934 79.4090072631836 81.2399780273438 83.4212379455566 85.7858573913574 88.3365173339844 91.2944429397583 94.2639057159424 97.1571561813355 99.7068916320801 -9999 -9999 -9999 -9999 -9999 -9999 -9999 -9999 -9999 -9999 -9999 -9999 -9999 -9999 -9999 -9999 -9999
75.7803768157959 74.0648372650146 72.2364192962647 69.8874374389649 67.8787101745606 65.6867027282715 63.5589393615723 61.7935401916504 60.8939651489258 61.5808792114258 63.4003456115723 66.4366806030273 70.1197120666504 73.905880355835 77.1932472229004 79.4328907012939 81.0013294219971 81.9167518615723 81.9800876617432 81.3909255981445 80.2289630889893 78.894836807251 77.9171894073486 76.7166961669922 75.9021499633789 75.293367767334 74.9722373962402 74.9830905914307 74.9806022644043 75.9290229797363 77.3649635314941 79.6118232727051 82.4132499694824 86.1386089324951 89.9808074951172 93.8853336334229 97.3627763748169 -9999 -9999 -9999 -9999 -9999 -9999 -9999 -9999 -9999 -9999 -9999 -9999 -9999 -9999 -9999 -9999 -9999
77.1539413452148 75.7544055938721 74.3084529876709 72.3298847198486 70.4169631958008 68.4114334106445 66.4738235473633 64.9912040710449 64.5125991821289 65.5312698364258 67.562377166748 70.8688049316406 74.8865577697754 78.7407768249512 82.0199016571045 84.398469543457 85.9013607025147 86.8293407440186 87.0613334655762 86.5284111022949 85.3170291900635 83.7941780090332 82.0398574829102 80.0061115264893 77.8585559844971 75.7060440063477 73.9282299041748 72.2010116577148 70.8148498535156 70.3762985229492 70.9919471740723 72.9290802001953 76.0910118103027 80.5240821838379 85.246061706543 90.2277111053467 94.7357360839844 98.6574699401855 101.597944927216 -9999 -9999 -9999 -9999 -9999 -9999 -9999 -9999 -9999 -9999 -9999 -9999 -9999 -9999 -9999
78.65159034729 78.0916095733643 77.0261180877686 75.7768451690674 74.259224319458 72.7858867645264 71.3456974029541 70.2647918701172 70.1849243164063 71.3619972229004 73.5429656982422 76.7221397399902 80.3412384033203 83.9467929840088 86.8838848114014 88.9415437698364 90.3100317001343 91.1031505584717 91.2360101699829 90.8648693084717 89.6669900894165 88.0769535064697 85.7892353057861 83.0962017059326 79.7505672454834 76.7009479522705 73.2805648803711 70.0952995300293 66.952392578125 65.1355781555176 64.8677978515625 66.3192123413086 69.8695922851563 74.9329116821289 80.8530132293701 86.81081199646 92.2982223510742 96.8726900100708 100.417543029785 103.025846004486 -9999 -9999 -9999 -9999 -9999 -9999 -9999 -9999 -9999 -9999 -9999 -9999 -9999 -9999
80.0821182250977 80.0438316345215 79.9358894348145 79.4845420837402 78.7682136535645 77.9966487884521 77.1687892913818 76.683846282959 77.0251991271973 78.3766746520996 80.2362411499023 82.9670204162598 85.9823223114014 88.9086769104004 91.3494651794434 92.9955181121826 93.992272567749 94.5781711578369 94.776805305481 94.1921527862549 93.0972379684448 91.2818117141724 88.9916599273682 85.803536605835 81.4892532348633 76.9693447113037 72.730101776123 68.0323280334473 63.6841148376465 60.862491607666 59.8966690063477 61.0933891296387 65.3855293273926 70.9771850585937 77.4488273620606 84.2207168579102 90.4751300811768 95.4547428131104 99.3761837005615 102.153445625305 -9999 -9999 -9999 -9999 -9999 -9999 -9999 -9999 -9999 -9999 -9999 -9999 -9999 -9999
81.4868282318115 82.2675155639648 82.8674800872803 83.0636260986328 83.4733737945557 83.3063465118408 83.2155830383301 83.2012832641602 83.9526439666748 85.0674175262451 86.6281719207764 88.7599973678589 91.0554986953735 93.2774951934814 95.0891416549683 96.312996673584 97.0642910003662 97.3824123382568 97.427370262146 96.9431449890137 95.7860918045044 93.9606700897217 91.1049282073975 87.4858596801758 83.119607925415 78.3195945739746 72.9237983703613 67.3682388305664 62.2885719299316 58.9330619812012 57.5014251708984 58.6842620849609 62.5706008911133 68.5097877502441 76.0106452941895 83.0252750396728 89.6397758483887 94.817299079895 98.7140050888062 101.44553527832 -9999 -9999 -9999 -9999 -9999 -9999 -9999 -9999 -9999 -9999 -9999 -9999 -9999 -9999
82.888049697876 84.4731826782227 85.825369644165 86.6070030212402 87.5816177368164 88.3323251724243 88.6555675506592 89.1932153701782 89.8759309768677 90.877906036377 92.1490564346313 93.6752147674561 95.3122138977051 96.7660318374634 98.0203138351441 98.8318667411804 99.369922542572 99.5549516677856 99.4956274032593 99.000358581543 97.9152183532715 95.6637313842773 92.8768644332886 89.4357799530029 84.9353096008301 79.4156059265137 73.4625869750977 67.5464721679688 62.4292411804199 58.9419807434082 57.2253479003906 58.8453590393066 62.8753463745117 68.7984512329102 76.1048233032227 83.2319011688232 89.879077911377 94.8082633972168 98.4307199478149 101.108435535431 103.098228645325 104.396870231628 105.461580371857 -9999 -9999 -9999 -9999 -9999 -9999 -9999 -9999 -9999 -9999 -9999
84.4370929718018 86.7245185852051 88.7375537872314 90.0659017562866 91.258006477356 92.4588413238525 93.2723680496216 93.7723194122315 94.5492301940918 95.3832710266113 96.2912576675415 97.4878827095032 98.4940793991089 99.4563893318176 100.255543994904 100.800081443787 101.156663417816 101.181284046173 101.073777294159 100.560438060761 99.1131956100464 97.3692628860474 94.7032485961914 91.100931930542 86.3515449523926 80.4929393768311 74.2085823059082 68.0968276977539 63.0703536987305 59.7837409973145 59.0641799926758 60.8325706481934 65.1265678405762 71.1903297424316 78.0660091400147 85.0022228240967 90.8224937438965 95.5052671432495 98.6871501922607 101.05672416687 102.677582550049 103.900862789154 104.572858715057 -9999 -9999 -9999 -9999 -9999 -9999 -9999 -9999 -9999 -9999 -9999
86.2322269439697 89.0174030303955 91.2872636795044 93.1393003463745 94.3833112716675 95.5753210067749 96.5177011489868 97.3439763069153 97.9533034324646 98.6406095504761 99.332891368866 100.079749679565 100.809447479248 101.474277114868 101.932831907272 102.288186216354 102.42938876152 102.390615272522 102.251804876328 101.378577232361 100.326572036743 98.7015419006348 96.2290658950806 92.619868850708 87.7603824615478 81.9054866790772 75.5615661621094 69.37548828125 64.670157623291 61.7013725280762 61.6235977172852 64.1877510070801 68.8989608764648 74.9290336608887 81.3856372833252 87.5166900634766 92.7697858810425 96.5877157211304 99.5277757644653 101.501005458832 102.711680412292 103.446994590759 103.776961135864 -9999 -9999 -9999 -9999 105.873211765289 106.691100978851 -9999 -9999 -9999 -9999 -9999
88.4212327957153 91.3894695281982 93.824578666687 95.6957136154175 97.0104804039001 98.0656843185425 98.9106821060181 99.660922908783 100.252799320221 100.75558681488 101.307615184784 101.841372108459 102.349037742615 102.773483276367 103.130723619461 103.385608863831 103.482262039185 103.405728006363 103.059969425201 102.339266204834 101.381900119781 99.8989685058594 97.5153606414795 93.9195823669434 89.1417030334473 83.4611808776855 77.1204853057861 71.2424583435059 66.8206237792969 64.7192222595215 65.1041633605957 68.4414085388184 73.3984352111816 79.3311225891113 85.2660953521729 90.5464618682861 95.0537403106689 98.3272336959839 100.597289848328 102.325761795044 103.001434516907 103.351373004913 103.359102630615 -9999 103.18369512558 103.363854980469 103.642826461792 104.162901115417 104.876671504974 105.723967838287 106.07900390625 -9999 -9999 -9999
