indici/fabbisogno04.asc
NCOLS 177 
NROWS 174 
XLLCORNER 1436301.375 
YLLCORNER 4916704.5 
CELLSIZE 1500 
NODATA_value -9999 
[rows 0 to 19 of 174, columns 88 to 131 of 177]
-9999 -9999 -9999 -9999 -9999 -9999 -9999 -9999 -9999 -9999 -9999 -9999 -9999 -9999 -9999 -9999 -9999 -9999 -9999 -9999 -9999 -9999 -9999 -9999 -9999 -9999 -34.7361755371094 -32.7091941833496 -30.5020713806152 -29.3951797485352 -28.6775684356689 -28.335578918457 -28.3476142883301 -28.6320724487305 -28.9949626922607 -30.1729831695557 -32.847843170166 -35.5840644836426 -38.7813262939453 -44.7170715332031 -50.5909385681152 -56.4079818725586 -58.6535873413086 -60.5568771362305
-9999 -9999 -9999 -9999 -9999 -9999 -9999 -9999 -9999 -9999 -9999 -9999 -9999 -9999 -9999 -9999 -9999 -9999 -9999 -9999 -9999 -9999 -9999 -9999 -37.742805480957 -37.3911476135254 -35.4178848266602 -33.4343719482422 -31.5066242218018 -30.3831462860107 -29.5817337036133 -29.163703918457 -29.0811901092529 -29.2773742675781 -29.5450191497803 -30.5743770599365 -33.1313133239746 -35.753303527832 -38.7735786437988 -44.5860633850098 -50.312084197998 -55.9531326293945 -58.1302604675293 -59.9039916992188
-9999 -9999 -9999 -9999 -9999 -9999 -9999 -9999 -9999 -9999 -9999 -9999 -9999 -9999 -9999 -9999 -9999 -9999 -9999 -9999 -9999 -9999 -9999 -9999 -37.7831382751465 -37.4924736022949 -35.8766784667969 -34.2247848510742 -32.6151885986328 -31.5255489349365 -30.6603298187256 -30.0871429443359 -29.8347072601318 -29.8706569671631 -30.0253314971924 -30.8944931030273 -33.3218879699707 -35.8540916442871 -38.7360382080078 -44.4609642028809 -50.0706329345703 -55.5583648681641 -57.6868896484375 -59.336555480957
-9999 -9999 -9999 -9999 -9999 -9999 -9999 -9999 -9999 -9999 -9999 -9999 -9999 -9999 -9999 -9999 -9999 -9999 -9999 -9999 -9999 -9999 -39.1708869934082 -38.8651962280273 -38.442008972168 -37.9232482910156 -36.6311302185059 -35.3041915893555 -34.0037841796875 -32.9650344848633 -32.0494422912598 -31.3301773071289 -30.9076023101807 -30.7726287841797 -30.8001003265381 -31.49169921875 -33.7576751708984 -36.163143157959 -38.8599395751953 -44.317081451416 -49.6214790344238 -54.7524757385254 -56.7909812927246 -58.3031806945801
-9999 -9999 -9999 -9999 -9999 -9999 -9999 -9999 -9999 -9999 -9999 -9999 -9999 -9999 -9999 -9999 -9999 -9999 -9999 -9999 -9999 -9999 -39.2078475952148 -39.1391716003418 -38.9890632629395 -38.7682342529297 -37.7860336303711 -36.7464981079102 -35.7184104919434 -34.7226028442383 -33.7470436096191 -32.8678398132324 -32.2544822692871 -31.9199542999268 -31.7908973693848 -32.2778015136719 -34.3480339050293 -36.5926132202148 -39.0777587890625 -44.1737937927246 -49.0911178588867 -53.7927436828613 -55.7278594970703 -57.1120452880859
-9999 -9999 -9999 -9999 -9999 -9999 -9999 -9999 -9999 -9999 -9999 -9999 -9999 -9999 -9999 -9999 -9999 -9999 -9999 -9999 -9999 -9999 -39.3779983520508 -39.5105209350586 -39.6031494140625 -39.6575241088867 -38.9614906311035 -38.1748886108398 -37.356819152832 -36.3506126403809 -35.2618865966797 -34.2919921875 -33.5619201660156 -33.1037063598633 -32.8337783813477 -33.1262283325195 -35.0093154907227 -37.0418510437012 -39.2411079406738 -43.8936996459961 -48.3801193237305 -52.6492881774902 -54.4653282165527 -55.7332191467285
-9999 -9999 -9999 -9999 -9999 -9999 -9999 -9999 -9999 -9999 -9999 -9999 -9999 -9999 -9999 -9999 -9999 -9999 -9999 -9999 -9999 -9999 -43.6140632629395 -42.6843109130859 -41.7061386108398 -40.6775360107422 -40.064338684082 -39.4691581726074 -38.7796859741211 -37.7488632202148 -36.5651092529297 -35.5604095458984 -34.7554817199707 -34.1855163574219 -33.7802124023438 -33.873592376709 -35.5204887390137 -37.2855033874512 -39.1461296081543 -43.1877212524414 -47.0561408996582 -50.687255859375 -52.2631416320801 -53.327075958252
-9999 -9999 -9999 -9999 -9999 -9999 -9999 -9999 -9999 -9999 -9999 -9999 -9999 -9999 -9999 -9999 -9999 -9999 -9999 -9999 -9999 -9999 -43.702205657959 -42.9003829956055 -42.0470695495605 -41.1360015869141 -40.456485748291 -39.760913848877 -38.9187278747559 -37.9699325561523 -36.9799995422363 -36.2193756103516 -35.5201568603516 -34.8911590576172 -34.4021911621094 -34.3191833496094 -35.6391525268555 -37.0531005859375 -38.5233421325684 -41.6772079467773 -44.6815719604492 -47.447998046875 -48.7191925048828 -49.5825958251953
-9999 -9999 -9999 -9999 -9999 -9999 -9999 -9999 -9999 -9999 -9999 -44.9914093017578 -45.0188255310059 -44.7931442260742 -9999 -9999 -9999 -9999 -9999 -9999 -9999 -44.1827201843262 -44.0196952819824 -43.1527900695801 -42.3070678710938 -41.4856414794922 -40.7170104980469 -39.9157257080078 -38.994083404541 -38.1938514709473 -37.4792060852051 -36.926025390625 -36.3047142028809 -35.574275970459 -34.9896125793457 -34.7344779968262 -35.721809387207 -36.7737312316895 -37.8664398193359 -40.1050567626953 -42.2427558898926 -44.173885345459 -45.1431121826172 -45.8215217590332
-9999 -9999 -9999 -9999 -9999 -9999 -9999 -9999 -9999 -9999 -9999 -32.6583042144775 -32.274130821228 -32.4916610717773 -9999 -9999 -9999 -9999 -9999 -9999 -9999 -44.1752090454102 -44.0151290893555 -43.2234916687012 -42.4446105957031 -41.6809043884277 -40.8006744384766 -39.8932075500488 -38.9898681640625 -38.4167175292969 -38.0650672912598 -37.6785087585449 -37.1089744567871 -36.2423553466797 -35.5528411865234 -35.1338539123535 -35.7874641418457 -36.4749450683594 -37.1841087341309 -38.6135635375977 -40.0500679016113 -41.3409385681152 -42.1505889892578 -42.7857666015625
-9999 -9999 -9999 -9999 -9999 -9999 -9999 -9999 -9999 -9999 -45.0763626098633 -32.3613929748535 -31.4535875320435 -32.1885614395142 -30.4863452911377 -30.7130680084229 -9999 -9999 -9999 -42.2759552001953 -42.8298645019531 -43.2878227233887 -43.6545867919922 -42.977409362793 -42.3074073791504 -41.6451110839844 -40.886116027832 -40.1456184387207 -39.5527038574219 -39.1597480773926 -38.8986511230469 -38.3948173522949 -37.9904327392578 -37.7916488647461 -37.8351402282715 -38.2008666992188 -39.8612174987793 -41.5827941894531 -43.3619422912598 -44.3455352783203 -45.2098503112793 -45.9782104492188 -46.2729110717773 -46.3703536987305
-9999 -9999 -9999 -9999 -9999 -9999 -9999 -9999 -9999 -9999 -31.5165719985962 -32.1911449432373 -31.5459852218628 -31.1797561645508 -29.3548917770386 -30.4999923706055 -9999 -9999 -9999 -42.2291564941406 -42.6230392456055 -42.9143829345703 -43.1307907104492 -42.5986862182617 -42.0690689086914 -41.541259765625 -40.9927215576172 -40.5028495788574 -40.2665214538574 -40.0118026733398 -39.7346038818359 -39.0846900939941 -38.8570899963379 -39.4580612182617 -40.3190803527832 -41.5141258239746 -44.2152557373047 -46.9516830444336 -49.7229843139648 -50.2949066162109 -50.6051864624023 -50.848316192627 -50.6241340637207 -50.1810493469238
-9999 -9999 -9999 -9999 -9999 -9999 -9999 -9999 -45.4357566833496 -45.3777084350586 -32.4570293426514 -31.5601682662964 -30.998119354248 -28.8950700759888 -28.0070400238037 -30.5072240829468 -30.3345947265625 -29.3286075592041 -27.8563413619995 -29.3794736862183 -30.5082416534424 -42.5412292480469 -42.6325302124023 -42.2812614440918 -41.9460296630859 -41.6345634460449 -41.3719024658203 -41.1584091186523 -41.0874252319336 -40.8007583618164 -40.3320808410645 -39.6576271057129 -39.697883605957 -41.2196846008301 -42.9631042480469 -45.0228958129883 -48.8056449890137 -52.592586517334 -56.3824844360352 -56.632926940918 -56.3932685852051 -56.0744667053223 -55.2966651916504 -54.2817230224609
-9999 -9999 -9999 -9999 -9999 -9999 -54.2147369384766 -51.6428070068359 -49.0969657897949 -33.8377103805542 -32.8465805053711 -31.4264936447144 -30.0116128921509 -28.3449420928955 -28.938796043396 -29.3994016647339 -30.1240873336792 -29.8850584030151 -28.2848644256592 -28.1800422668457 -29.0491285324097 -29.6834993362427 -42.1363525390625 -29.3678121566772 -29.5013389587402 -29.1614952087402 -29.3586444854736 -29.138801574707 -41.8253593444824 -41.654613494873 -41.3311729431152 -40.9879722595215 -41.3618316650391 -43.2634010314941 -45.3097305297852 -47.627628326416 -52.1010360717773 -56.5257301330566 -60.8940887451172 -61.2274017333984 -60.9287719726562 -60.5712394714355 -59.7482032775879 -58.6724510192871
-9999 -9999 -9999 -9999 -9999 -9999 -54.3821334838867 -53.4840812683105 -40.3574094772339 -39.1038494110107 -36.1069412231445 -35.0216627120972 -32.3951444625854 -30.2654304504395 -31.1204309463501 -29.1400327682495 -29.7877187728882 -29.3295927047729 -29.0027265548706 -27.3679609298706 -28.0674142837524 -29.123740196228 -29.0133266448975 -30.0369567871094 -28.9651041030884 -29.5325241088867 -29.9699249267578 -29.5889625549316 -29.3572044372559 -42.5600128173828 -42.7169189453125 -43.0080604553223 -43.7651634216309 -45.5574073791504 -47.459602355957 -49.6216354370117 -54.5888748168945 -59.4815063476562 -64.2807922363281 -64.9742813110352 -64.906379699707 -64.7684478759766 -64.114387512207 -63.1497421264648
-9999 -9999 -9999 -9999 -9999 -9999 -54.5519218444824 -55.3107376098633 -43.745189666748 -44.0768384933472 -41.8439702987671 -38.7809982299805 -34.1916093826294 -32.7439670562744 -32.1192426681519 -29.7741298675537 -29.2530469894409 -29.4609365463257 -28.5297584533691 -28.1416158676147 -27.2024583816528 -26.9080238342285 -28.2394351959229 -29.0360326766968 -29.4310913085938 -30.0179462432861 -30.2751617431641 -30.1544160842896 -30.5653667449951 -30.8475914001465 -44.3470649719238 -45.221736907959 -46.321475982666 -47.9315338134766 -49.6220779418945 -51.5334510803223 -56.922420501709 -62.254264831543 -67.5093994140625 -68.5996551513672 -68.7972717285156 -68.9255828857422 -68.4898986816406 -67.680046081543
-9999 -9999 -9999 -9999 -9999 -9999 -54.6560440063477 -57.1007690429688 -47.1150169372559 -49.0867910385132 -46.8550062179565 -42.115213394165 -36.673357963562 -35.4680957794189 -33.5024080276489 -30.1837902069092 -29.7924118041992 -29.5180368423462 -28.6291627883911 -28.7298097610474 -28.7839965820312 -27.9656362533569 -26.7751302719116 -27.0910873413086 -29.5004930496216 -29.2385721206665 -29.7865705490112 -30.7294073104858 -31.3284425735474 -32.6557197570801 -45.7614974975586 -47.0890121459961 -48.4896545410156 -50.1080169677734 -51.8258590698242 -53.7275161743164 -59.2336730957031 -64.6559143066406 -69.9734649658203 -71.3456115722656 -71.7566986083984 -72.0989837646484 -71.8801574707031 -71.2601547241211
-9999 -9999 -9999 -9999 -9999 -9999 -81.0446243286133 -78.1995010375977 -63.0377912521362 -60.1250295639038 -55.5824193954468 -50.0080280303955 -43.9177618026733 -41.4577140808105 -37.1758832931519 -33.7821836471558 -30.7814979553223 -30.7445783615112 -29.8727951049805 -29.0083608627319 -28.9261722564697 -29.1920328140259 -29.6331367492676 -29.8839979171753 -28.2718286514282 -31.0463361740112 -31.2568559646606 -31.3820657730103 -31.5026655197144 -32.7152318954468 -34.6615791320801 -35.8685436248779 -37.3065633773804 -40.0107040405273 -54.1118965148926 -56.7995262145996 -61.5637969970703 -66.2629318237305 -70.8791351318359 -72.4114608764648 -73.0929641723633 -73.7067184448242 -73.8290710449219 -73.5670852661133
-9999 -9999 -9999 -9999 -9999 -9999 -81.2391128540039 -81.6564102172852 -70.1348810195923 -70.4939260482788 -65.0186700820923 -57.9695129394531 -52.045539855957 -47.5082359313965 -41.6140632629395 -36.8882217407227 -32.7174558639526 -31.1755428314209 -29.955864906311 -27.5927858352661 -26.3855152130127 -26.2057609558105 -27.6301307678223 -28.4751329421997 -27.1968269348145 -31.2875270843506 -32.2023315429688 -31.7428350448608 -31.4987230300903 -31.5462522506714 -32.9013290405273 -35.2623081207275 -37.111536026001 -40.6837167739868 -44.8591995239258 -47.6831560134888 -63.8260192871094 -67.8143615722656 -71.7311019897461 -73.3849105834961 -74.3379821777344 -75.2214126586914 -75.6793899536133 -75.7736129760742
-9999 -9999 -9999 -9999 -9999 -9999 -81.290168762207 -84.9863433837891 -76.6510143280029 -79.9940118789673 -74.7446174621582 -66.3005027770996 -60.1191873550415 -53.2788639068604 -46.2494764328003 -39.6564817428589 -34.6351127624512 -33.2840995788574 -31.4808139801025 -28.2085933685303 -29.4988136291504 -30.5262966156006 -30.3088855743408 -29.4879035949707 -28.2357082366943 -29.8322372436523 -30.7929334640503 -30.828929901123 -30.1349000930786 -30.152042388916 -32.6895885467529 -33.2310256958008 -35.8837327957153 -41.0776891708374 -46.4496402740479 -51.1630773544312 -54.4365262985229 -69.3454895019531 -72.5681304931641 -74.3050765991211 -75.5199661254883 -76.6525192260742 -77.405517578125 -77.7968292236328
