indici/fabbisogno07.asc
NCOLS 177 
NROWS 174 
XLLCORNER 1436301.375 
YLLCORNER 4916704.5 
CELLSIZE 1500 
NODATA_value -9999 
[rows 60 to 79 of 174, columns 90 to 134 of 177]
-62.6634986877441 -66.2566612243652 -69.8322330474854 -62.4182106018066 -65.1119049072266 -64.5475101470947 -58.0735336303711 -54.0804740905762 -49.8086406707764 -54.339705657959 -41.8302574157715 -39.3026721954346 -41.7545440673828 -41.6413311004639 -39.7320781707764 -29.6648288726807 -21.7353302001953 -22.0306446075439 -23.0736534118652 -24.3047145843506 -27.7668468475342 -34.2807830810547 -48.2951053619385 -68.821573638916 -80.0431179046631 -86.6862957000732 -90.2419166564941 -93.2098808288574 -88.375940322876 -99.8763675689697 -100.020164108276 -173.459548950195 -164.907470703125 -156.435150146484 -148.434951782227 -142.903274536133 -137.935882568359 -133.496597290039 -132.714706420898 -132.223236083984 -131.280151367188 -130.297988891602 -129.295989990234 -127.505447387695 -125.710159301758
-63.0696086883545 -61.8995376586914 -63.4523471832275 -65.6104328155518 -63.0395950317383 -57.1313503265381 -53.1849166870117 -48.5205295562744 -45.3904354095459 -48.2102313995361 -37.797957611084 -30.5971271514893 -32.7685977935791 -45.0189640045166 -29.9841163635254 -22.2953811645508 -21.9391826629639 -27.9144359588623 -30.2664474487305 -34.3666870117188 -37.0924751281738 -40.3665588378906 -58.6455116271973 -62.5230331420898 -71.6629020690918 -83.1411594390869 -88.9435230255127 -95.1233016967773 -84.1124782562256 -92.7160900115967 -96.1277492523193 -171.456695556641 -162.918975830078 -154.700210571289 -147.001434326172 -141.972091674805 -137.538497924805 -133.682891845703 -132.884216308594 -132.315399169922 -131.075119018555 -129.967361450195 -128.950500488281 -127.114608764648 -125.353637695312
-60.4950504302979 -62.5471145629883 -62.1657592773438 -59.1957893371582 -57.5399101257324 -53.7721080780029 -50.0139186859131 -46.9865970611572 -42.7313415527344 -42.564461517334 -46.0318984985352 -29.7234893798828 -27.1115940093994 -29.0988819122314 -20.9948272705078 -21.811340713501 -25.4219821929932 -36.6405586242676 -42.3493690490723 -48.2256980895996 -46.6517604827881 -44.8629692077637 -59.7430027008057 -70.269934463501 -74.3353954315186 -82.1656455993652 -79.4790229797363 -89.0281723022461 -78.0738945007324 -95.1799381256103 -94.8786968231201 -169.116638183594 -160.815643310547 -153.066055297852 -145.883666992188 -141.565307617188 -137.597518920898 -133.991500854492 -132.885223388672 -132.03791809082 -130.585006713867 -129.419570922852 -128.461868286133 -126.591354370117 -124.857429504395
-59.3708042144775 -59.4750076293945 -57.7638931274414 -56.3330238342285 -55.998429107666 -51.7886665344238 -48.6900482177734 -46.4533664703369 -45.0393360137939 -46.0412574768066 -47.8340129852295 -32.5452480316162 -24.5566036224365 -22.3125434875488 -20.8151916503906 -24.3559501647949 -39.6421993255615 -37.8357578277588 -50.4149604797363 -55.1293964385986 -54.0064674377441 -56.64241065979 -63.3894401550293 -71.750768661499 -78.037336730957 -83.1954158782959 -87.1913356781006 -78.2765426635742 -77.5183853149414 -91.0070949554443 -91.381872177124 -167.143798828125 -159.690765380859 -153.05110168457 -146.976791381836 -143.007720947266 -139.135009765625 -135.360916137695 -133.890060424805 -132.749908447266 -131.072326660156 -129.752838134766 -128.707717895508 -126.651542663574 -124.765319824219
-60.0283325195312 -59.7892887115479 -57.5372375488281 -54.351012802124 -53.2349617004395 -52.6454532623291 -47.7632328033447 -44.9523406982422 -45.2152004241943 -47.2467239379883 -33.4232345581055 -31.0240409851074 -21.6590919494629 -21.2392234802246 -23.7364540100098 -32.1662029266357 -47.495446395874 -43.2617443084717 -47.3722579956055 -60.069119644165 -60.4429141998291 -66.5499252319336 -65.4494075775146 -77.921764755249 -83.3890613555908 -82.2776287078857 -86.8750431060791 -79.4277584075928 -72.2251525878906 -87.3285068511963 -83.4584369659424 -165.455856323242 -159.315032958984 -154.194641113281 -149.590728759766 -145.622055053711 -141.542175292969 -137.307586669922 -135.383712768555 -133.898544311523 -131.946182250977 -130.391448974609 -129.169036865234 -126.873344421387 -124.78205871582
-62.9702293395996 -63.3187305450439 -61.5505187988281 -58.4571914672852 -50.5152294158936 -50.706330871582 -50.4479221343994 -46.3380722045898 -40.9460094451904 -36.5327171325684 -32.3460342407227 -23.3122859954834 -22.0526081085205 -22.8104839324951 -29.0080268859863 -35.0288215637207 -38.2231998443604 -53.1709377288818 -55.9110721588135 -61.8682781219483 -69.0069606781006 -70.1273944854736 -72.407402420044 -78.0975719451904 -82.7102519989014 -86.3313011169434 -76.1423797607422 -76.8299324035645 -69.9779682159424 -83.1105804443359 -78.0777034759521 -163.987228393555 -159.296432495117 -155.537948608398 -152.182601928711 -147.915908813477 -143.528549194336 -138.979766845703 -136.75456237793 -135.04118347168 -132.747955322266 -130.890441894531 -129.430709838867 -127.02352142334 -21.5272758483887
-71.3320434570312 -69.2034420013428 -65.8752128601074 -59.0322925567627 -50.7649227142334 -47.2691371917725 -47.1045101165771 -45.2871067047119 -36.5387683868408 -34.7506759643555 -24.5219303131104 -22.7588844299316 -23.2502758026123 -26.965213394165 -31.5102096557617 -38.4761764526367 -53.2944095611572 -59.3724060058594 -59.6040561676025 -58.7031269073486 -64.1883148193359 -71.6637844085693 -73.00094871521 -81.7041095733643 -83.968334197998 -75.1774635314941 -74.1425506591797 -66.694217300415 -66.046276473999 -79.1426231384277 -68.1165790557861 -162.598297119141 -159.191925048828 -156.566802978516 -154.268096923828 -149.844360351562 -145.33740234375 -140.698684692383 -43.0801811218262 -42.0023834228516 -41.8444763183594 -42.3916236877441 -26.1995643615723 -26.616153717041 -18.9444217681885
-64.6714656829834 -62.1338287353516 -63.2691528320313 -61.5917499542236 -53.6984703063965 -44.3510120391846 -42.2419040679932 -41.2771465301514 -33.67705078125 -27.8786315917969 -24.5937637329102 -24.5115589141846 -29.2650791168213 -35.6888122558594 -38.2362415313721 -39.4679988861084 -56.148921585083 -58.9202526092529 -56.5998420715332 -54.8975360870361 -64.2969116210938 -63.976876449585 -64.4458618164062 -72.5823677062988 -75.8214878082275 -78.8178359985352 -73.5329170227051 -66.3076290130615 -61.4968555450439 -64.0248657226563 -61.0224658966064 -55.2871353149414 -49.5547729492188 -156.651397705078 -154.879135131836 -150.842498779297 -146.73176574707 -142.490982055664 -42.5718647003174 -34.8642055511475 -30.6741691589356 -25.9287616729736 -22.8479846954346 -22.7307117462158 -14.8754096984863
-59.3633590698242 -58.5516616821289 -59.4087177276611 -58.4108749389649 -51.7463130950928 -45.1641716003418 -38.1856155395508 -34.4508464813232 -28.2267177581787 -26.2418460845947 -25.4901252746582 -30.9846881866455 -34.7101055145264 -36.8216194152832 -44.2716079711914 -53.7988494873047 -55.2269466400146 -49.2318950653076 -51.0163036346436 -53.6334278106689 -57.4070384979248 -58.5277633666992 -60.20061378479 -64.7144817352295 -65.7958629608154 -71.5426486968994 -83.4721782684326 -72.8703788757324 -63.1323204040527 -62.2967319488525 -62.9588165283203 -52.2793525695801 -49.2513801574707 -157.057525634766 -155.729141235352 -55.7765617370605 -55.1164619445801 -52.0999488830566 -43.3818668365479 -31.424723815918 -24.1964832305908 -27.013200378418 -19.4456676483154 -19.2316471099854 -16.1705497741699
-60.6401313781738 -60.5569511413574 -57.3516906738281 -54.501819229126 -49.39677734375 -40.8532772064209 -37.5119045257568 -33.5529308319092 -27.610424041748 -26.7947536468506 -27.3994762420654 -34.5553787231445 -41.1826343536377 -41.2744064331055 -46.72506980896 -56.4260181427002 -52.3756378173828 -52.9568157196045 -49.0958606719971 -51.2612216949463 -52.961616897583 -57.3640377044678 -64.4247310638428 -67.8646320343018 -74.0914066314697 -76.9120998382568 -73.8945877075195 -73.5107021331787 -71.569149017334 -65.4334117889404 -57.3717124938965 -51.6827423095703 -50.4868644714356 -157.702438354492 -53.7467819213867 -60.6508430480957 -53.4763271331787 -51.4448291778564 -49.8365386962891 -30.9406795501709 -21.815364074707 -16.2754013061523 -21.0861873626709 -14.2443801879883 -15.8461452484131
-57.8351737976074 -52.5960071563721 -48.3824531555176 -45.4471199035645 -41.6247722625732 -38.0892055511475 -36.4554664611816 -30.3868179321289 -26.1583847045898 -26.4367168426514 -33.6848583221436 -33.1678417205811 -39.1341346740723 -43.9902355194092 -48.9587326049805 -49.8765804290772 -45.570715713501 -49.2377727508545 -45.3082725524902 -50.45950050354 -61.6034687042236 -63.8949905395508 -71.8928764343262 -67.8825592041016 -75.2528507232666 -65.901745223999 -62.4285381317139 -70.7055202484131 -65.3332641601562 -60.5929054260254 -53.1912448883057 -49.8067352294922 -54.7641372680664 -56.6927280426025 -60.292733001709 -48.5946754455566 -48.1217914581299 -44.7867164611816 -36.35341796875 -36.3389148712158 -29.600191116333 -16.3011672973633 -14.3182640075684 -11.8630470275879 -10.3760734558106
-52.0676418304443 -45.947583770752 -46.7845737457275 -42.4736595153809 -37.6841884613037 -34.1926666259766 -30.0743156433106 -25.1334735870361 -23.3587467193604 -30.5858592987061 -34.4655624389649 -41.8854141235352 -43.5016010284424 -46.2822143554688 -47.9356986999512 -42.8226593017578 -41.9456703186035 -44.0747005462647 -44.8128795623779 -51.1681137084961 -53.8023010253906 -65.2792045593262 -61.9974216461182 -61.7426475524902 -57.831396484375 -64.7174503326416 -55.3166328430176 -63.622705078125 -60.9929622650147 -53.431205368042 -51.4848377227783 -47.7632469177246 -53.462474822998 -55.2332061767578 -50.0895637512207 -45.5323902130127 -39.9260921478271 -41.5593433380127 -32.0238849639893 -33.5244556427002 -21.9269622802734 -14.4512580871582 -10.6097686767578 -11.6144790649414 -1.76171646118165
-42.984455871582 -41.0256313323975 -43.2033458709717 -42.2208965301514 -36.5643253326416 -33.3249286651611 -26.7818519592285 -21.7281307220459 -20.5677516937256 -29.8056522369385 -31.9494140625 -40.0541591644287 -48.6142185211182 -54.0009059906006 -48.0101490020752 -48.0063243865967 -45.6691520690918 -42.9230472564697 -47.9767375946045 -49.4652362823486 -53.7337772369385 -55.2910190582275 -54.8528800964356 -51.6367698669434 -51.7574676513672 -58.463614654541 -49.9404041290283 -53.8569084167481 -53.2539264678955 -50.2306896209717 -45.995679473877 -48.1578731536865 -51.9206386566162 -50.3677070617676 -47.6606662750244 -42.3604839324951 -45.0452083587647 -38.1057048797608 -30.495677947998 -31.0229927062988 -20.2103969573975 -18.2413921356201 -11.2884117126465 -8.43466720581056 -0.995979309082031
-37.5037925720215 -40.2125717163086 -36.8975479125977 -36.586629486084 -30.3846672058105 -27.6992088317871 -26.7775718688965 -18.0771213531494 -17.0006923675537 -23.5874164581299 -28.7459075927734 -35.4678600311279 -44.2230007171631 -52.4585311889648 -51.3975563049316 -51.4778430938721 -43.3394302368164 -41.1171314239502 -43.0560733795166 -45.5988307952881 -48.1647766113281 -49.7891437530518 -50.8506549835205 -50.4080821990967 -46.0337661743164 -51.3250560760498 -50.0351573944092 -44.7443119049072 -46.3778205871582 -42.8601024627686 -44.3719795227051 -45.1503910064697 -47.7913501739502 -44.5401546478272 -43.7245376586914 -36.4610221862793 -36.8192039489746 -31.357564163208 -30.2954090118408 -24.0412002563477 -16.4695274353027 -11.164241027832 -9.45935592651368 -0.121466064453131 0.395111846923825
-30.5634075164795 -31.4570011138916 -29.5132484436035 -25.1561145782471 -24.8449871063232 -21.9655876159668 -18.1618030548096 -14.2819667816162 -11.1765426635742 -16.067720413208 -23.9969646453857 -31.0664192199707 -37.6134082794189 -39.6571544647217 -42.3769744873047 -44.2435848236084 -41.1416061401367 -42.0389171600342 -45.3968379974365 -45.7285503387451 -48.2528564453125 -43.6413436889649 -41.7547901153564 -46.6477684020996 -42.9161945343018 -42.7650974273682 -45.568522644043 -39.7048572540283 -38.8738040924072 -38.4653877258301 -42.5097263336182 -42.2913402557373 -42.638359451294 -41.3167839050293 -39.8378398895264 -35.6714366912842 -27.8299163818359 -28.0758296966553 -21.9517517089844 -25.8770526885986 -15.5310703277588 -6.12070083618164 1.60836334228516 2.04328231811523 2.00954589843749
-21.9276615142822 -22.6156127929687 -20.9742736816406 -15.9108436584473 -15.4994979858399 -12.8944572448731 -13.5621730804443 -5.8265552520752 -5.13277931213379 -11.1842052459717 -17.8277057647705 -27.9928081512451 -36.9525810241699 -35.112670135498 -39.6814399719238 -40.290461730957 -35.5602928161621 -37.2963607788086 -39.339176940918 -40.9305850982666 -48.236544418335 -45.7628101348877 -41.5598518371582 -36.4585319519043 -38.2228103637695 -35.8187316894531 -35.3436683654785 -37.420068359375 -36.9252933502197 -35.5633178710938 -38.7851177215576 -34.1947685241699 -37.4079772949219 -33.3714099884033 -33.7307769775391 -30.0232307434082 -21.6052993774414 -21.4975540161133 -19.9279342651367 -18.7727970123291 -9.66196594238282 3.52314529418945 4.12500915527343 3.97405395507812 -116.749534606934
-13.7855243682861 -13.7902751922608 -9.69179611206054 -9.60986938476563 -12.5903263092041 -5.4862102508545 -2.36884651184083 0.76089172363281 1.02813339233398 -9.07382698059082 -12.8581787109375 -23.2716175079346 -31.6993045806885 -32.783825302124 -31.2874378204346 -32.6994922637939 -32.3159309387207 -37.5593238830566 -37.9552707672119 -39.0172554016113 -36.0978466033936 -35.4579895019531 -34.1409698486328 -32.2124794006348 -31.6848133087158 -30.8271434783936 -30.7993141174316 -30.9142616271973 -30.6916790008545 -31.053218460083 -30.3482322692871 -26.9128871917725 -32.9984272003174 -30.1771389007568 -28.2454807281494 -23.7263706207275 -15.923218536377 -14.3228843688965 -13.5822635650635 -6.84794998168945 3.37887725830078 6.06826477050781 6.01332015991211 -114.160888671875 -115.205574035645
-7.58472900390625 -6.52688369750977 -3.49713973999023 -5.33986206054688 -4.01881523132325 -0.465707778930664 -2.78820495605468 2.11460914611816 4.05385971069336 -4.39522781372071 -10.5789081573486 -21.6459667205811 -25.4116970062256 -24.5316925048828 -25.3393493652344 -29.4719100952149 -29.028885269165 -34.599006652832 -34.8749076843262 -35.1075283050537 -29.9744071960449 -29.0080104827881 -28.4424564361572 -27.8072875976563 -28.2256916046143 -25.8199363708496 -29.8797134399414 -28.6782939910889 -28.9915287017822 -29.4776435852051 -26.3969985961914 -22.123543548584 -25.4402687072754 -25.9876106262207 -21.3485553741455 -16.5563735961914 -11.2070457458496 -9.63753890991211 -4.64261779785157 3.74804534912109 6.27327651977539 7.89453659057617 7.54131622314453 -112.675247192383 -113.947784423828
-2.43324012756348 -1.03240547180177 1.69724884033202 1.49763298034668 2.06530227661132 4.59841079711914 5.68479766845702 6.50935173034668 6.21474647521973 0.0285278320312443 -8.67226219177246 -16.678829574585 -19.8568740844727 -23.2536926269531 -20.9638942718506 -26.9387702941895 -30.9358535766602 -31.4493698120117 -30.8448215484619 -28.3925556182861 -29.4259895324707 -27.7599369049072 -26.7181049346924 -24.5554985046387 -25.11604347229 -21.9951732635498 -21.2765712738037 -21.1394283294678 -22.2378036499023 -22.2210903167725 -19.3081100463867 -18.4723304748535 -24.0473850250244 -18.7329074859619 -19.756941986084 -18.7473247528076 -7.38972854614258 -3.73881225585937 3.46545181274413 7.1854881286621 8.6154281616211 9.56367111206055 -110.082153320312 -111.313247680664 -112.718414306641
2.821724319458 4.77438468933106 6.17640151977538 7.52933044433594 8.30087585449219 8.92757759094238 8.96305503845214 8.68409690856933 7.98380012512207 -0.794563674926763 -8.80410461425781 -13.7016353607178 -13.2679832458496 -15.1688377380371 -16.5335357666016 -18.9678531646729 -20.0486087799072 -24.6225143432617 -28.7158031463623 -30.7541568756103 -28.4311798095703 -25.2536731719971 -20.4997104644775 -19.0546726226807 -17.9050811767578 -17.2361145019531 -16.2375541687012 -16.5604148864746 -19.147741317749 -17.4091011047363 -15.2815536499023 -15.4446552276611 -15.2724555969238 -14.5476982116699 -14.1566116333008 -12.2007667541504 -1.15456237792969 2.720947265625 9.7892967224121 10.363117980957 10.7955535888672 -107.473487854004 -108.64331817627 -110.004959106445 -111.498664855957
