indici/fabbisogno06.asc
NCOLS 177 
NROWS 174 
XLLCORNER 1436301.375 
YLLCORNER 4916704.5 
CELLSIZE 1500 
NODATA_value -9999 
[rows 24 to 47 of 174, columns 54 to 107 of 177]
-9999 -9999 -64.5868358612061 -74.6586277008057 -80.0692932128906 -81.0892955780029 -72.579447555542 -77.6779026031494 -70.9768630981445 -62.7146457672119 -42.7183574676514 -24.0836688995361 -18.9711170196533 -9999 -9999 -9999 -9999 -9999 -9999 -9999 -9999 -9999 -9999 -9999 -9999 -9999 -9999 -9999 -9999 -9999 -9999 -9999 -9999 -9999 -9999 -9999 -9999 -9999 -9999 -9999 -9999 -9999 -9999 -9999 -9999 -9999 -9999 -9999 -34.9752513885498 -42.2664417266846 -48.2316688537598 -59.3963207244873 -66.6838584899902 -73.1000793457031
-9999 -9999 -9999 -78.5916469573975 -80.7770626068115 -85.8111442565918 -77.666149520874 -71.763623046875 -66.0424777984619 -59.0470180511475 -50.429309463501 -33.5813579559326 -23.5887329101562 -9999 -9999 -9999 -9999 -9999 -9999 -9999 -9999 -9999 -9999 -9999 -9999 -9999 -9999 -9999 -9999 -9999 -9999 -9999 -9999 -9999 -9999 -9999 -9999 -9999 -9999 -9999 -9999 -9999 -9999 -9999 -9999 -9999 -9999 -9999 -32.3457946777344 -37.8565448760986 -45.8749851226807 -53.5445293426514 -60.1490520477295 -62.029963684082
-9999 -9999 -9999 -82.3065029144287 -87.5968894958496 -87.9442100524902 -79.342561340332 -76.0913204193115 -76.7261692047119 -65.2885139465332 -56.4588634490967 -41.5091461181641 -31.7339492797852 -9999 -9999 -9999 -9999 -9999 -9999 -9999 -9999 -9999 -9999 -9999 -9999 -9999 -9999 -9999 -9999 -9999 -9999 -9999 -9999 -9999 -9999 -9999 -9999 -9999 -9999 -9999 -9999 -9999 -9999 -9999 -9999 -9999 -19.4501178741455 -23.4092342376709 -28.8012989044189 -34.4278030395508 -40.5932231903076 -47.428231048584 -52.152262878418 -53.4084934234619
-9999 -9999 -9999 -80.2528285980225 -84.9453681945801 -90.2328903198242 -80.903821182251 -71.9708374023437 -75.5297889709473 -69.4168773651123 -62.1983470916748 -50.5534645080566 -43.9369071960449 -32.2972129821777 -9999 -9999 -9999 -9999 -9999 -9999 -9999 -9999 -9999 -9999 -9999 -9999 -9999 -9999 -9999 -9999 -9999 -9999 -9999 -47.26579246521 -51.8362895965576 -46.9893451690674 -47.3344871520996 -41.9172943115234 -34.9276401519775 -9999 -9999 -9999 -9999 -9999 -9999 -9999 -17.9742099761963 -20.1960033416748 -25.1941944122314 -30.4868061065674 -34.7148330688477 -38.7606967926025 -38.38581199646 -48.2880428314209
-9999 -9999 -9999 -80.8040344238281 -84.6999195098877 -88.23486328125 -84.6153007507324 -72.3268482208252 -76.3318058013916 -71.5085746765137 -66.0375709533691 -56.8416584014893 -45.8093055725098 -41.6964645385742 -34.4477588653564 -9999 -9999 -9999 -9999 -9999 -9999 -9999 -9999 -9999 -9999 -9999 -9999 -9999 -9999 -9999 -9999 -56.642463684082 -57.7529022216797 -57.8238525390625 -56.7249393463135 -55.1392211914062 -51.7819152832031 -46.0058017730713 -39.5984260559082 -33.1812309265137 -9999 -9999 -9999 -9999 -9999 -15.2750610351562 -16.6756000518799 -17.5685512542725 -22.7481407165527 -28.4408279418945 -33.5259620666504 -39.2091274261475 -41.6408248901367 -41.8692596435547
-9999 -9999 -9999 -9999 -82.2763423919678 -78.6941303253174 -77.815661239624 -73.8513980865478 -74.8663734436035 -73.2002498626709 -62.3916477203369 -56.9471405029297 -49.8327480316162 -45.1319389343262 -42.0785892486572 -34.4409339904785 -9999 -9999 -9999 -9999 -9999 -9999 -9999 -9999 -9999 -9999 -45.2353076934814 -51.672412109375 -56.0744476318359 -61.5548694610596 -65.5992862701416 -70.3418315887451 -71.1550563812256 -68.9324180603027 -65.4139629364014 -62.9690944671631 -58.0020080566406 -49.6940563201904 -41.9284580230713 -34.9914154052734 -9999 -9999 -9999 -9999 -9999 -14.0476459503174 -15.5491302490234 -14.6389354705811 -22.6214866638184 -27.4140056610107 -32.6722904205322 -37.5899810791016 -33.9132167816162 -35.7049255371094
-9999 -9999 -9999 -9999 -75.4990760803223 -81.2286792755127 -80.8244506835937 -72.7210632324219 -71.1787502288818 -66.972045135498 -58.120580291748 -53.913415145874 -49.3295475006103 -43.8798259735107 -40.3339637756348 -35.6873210906982 -9999 -9999 -9999 -9999 -9999 -9999 -9999 -9999 -9999 -52.7276908874512 -58.6098785400391 -60.018635559082 -68.3050628662109 -73.2553730010986 -74.3392894744873 -79.8037174224853 -79.4636425018311 -78.5674449920654 -73.6929981231689 -69.5448181152344 -62.5041351318359 -53.562073135376 -43.9218090057373 -36.4415878295898 -9999 -9999 -9999 -9999 -9999 -13.6889514923096 -15.4161972045898 -16.3887714385986 -17.3396141052246 -21.3943561553955 -21.8104228973389 -29.9637592315674 -33.8595062255859 -34.461674118042
-9999 -9999 -9999 -65.6311992645264 -71.7921516418457 -77.789183807373 -77.5987419128418 -73.160152053833 -67.371594619751 -63.7192752838135 -62.3123989105225 -56.9215427398682 -53.9942935943603 -52.0401668548584 -48.4256462097168 -47.0504241943359 -47.8371810913086 -9999 -9999 -9999 -9999 -9999 -9999 -9999 -9999 -63.4580833435059 -68.742699432373 -70.4815200805664 -74.6200969696045 -74.1234043121338 -78.8839286804199 -84.0272602081299 -87.232373046875 -86.4506546020508 -78.0121513366699 -72.1934253692627 -67.0860729217529 -53.8108654022217 -45.5606384277344 -37.4390827178955 -29.0655746459961 -9999 -9999 -9999 -9999 -9999 -16.228002166748 -20.1699806213379 -22.8429138183594 -29.6710987091064 -29.4027912139893 -31.2762351989746 -28.5901870727539 -32.4469978332519
-9999 -9999 -9999 -60.4428951263428 -65.8672306060791 -68.0755603790283 -68.8510845184326 -67.9770946502686 -64.5469947814941 -64.5906421661377 -66.6661506652832 -65.2507789611816 -66.1677268981934 -62.3518798828125 -63.9725841522217 -60.5487659454346 -59.3546970367432 -61.9994384765625 -57.4990455627441 -9999 -9999 -9999 -9999 -9999 -9999 -74.1101406097412 -76.620781326294 -79.4927490234375 -81.0106006622314 -90.8612739562988 -90.0554737091065 -82.3123352050781 -84.8507774353027 -86.7249488830566 -81.4673847198486 -71.2575328826904 -63.6752704620361 -56.8109325408936 -47.461697769165 -38.0272003173828 -29.3087692260742 -9999 -9999 -9999 -9999 -9999 -16.0941093444824 -21.9944499969482 -27.1689140319824 -31.7432014465332 -37.2142807006836 -39.9369831085205 -31.900269317627 -25.6577293395996
-9999 -9999 -40.850284576416 -52.9584163665771 -56.3171207427978 -65.1044075012207 -65.7039474487305 -63.2757808685303 -62.3376575469971 -66.7502239227295 -66.7948314666748 -66.5620685577393 -74.5395702362061 -67.4727531433105 -68.3268817901611 -67.6352458953857 -63.4265022277832 -62.3231559753418 -65.4519287109375 -66.1330474853516 -65.5277786254883 -64.2234382629395 -66.5453628540039 -68.3344783782959 -74.1066604614258 -79.1025165557861 -79.8718296051025 -84.7561145782471 -90.7848793029785 -95.3616943359375 -96.3005813598633 -92.1951915740967 -83.4493251800537 -87.8703632354736 -82.324242401123 -64.5257190704346 -63.4856727600098 -55.6202087402344 -46.3201435089111 -37.5792804718018 -28.9628742218018 -9999 -9999 -9999 -9999 -9999 -9999 -24.8924671173096 -29.944637298584 -34.6148662567139 -40.5201034545898 -43.3540733337402 -38.859659576416 -24.5190811157227
-9999 -9999 -42.6012138366699 -50.8127735137939 -56.1261936187744 -62.4045196533203 -60.8683113098144 -61.3281852722168 -60.5358352661133 -62.2018970489502 -68.2831756591797 -76.4797168731689 -75.7941234588623 -71.4143730163574 -70.3031536102295 -66.8391086578369 -56.9841148376465 -65.790157699585 -65.9091243743896 -64.1127540588379 -67.478978729248 -66.6512077331543 -67.3084060668945 -68.3812477111816 -72.2405735015869 -76.6224342346191 -83.3032619476318 -88.1900524139404 -92.4695812225342 -95.5256256103516 -96.0674407958984 -92.1826236724853 -74.0239875793457 -73.3376354217529 -64.9649803161621 -61.2911693572998 -62.6034698486328 -53.5802848815918 -45.0555908203125 -36.2771995544434 -27.4109817504883 -21.523424911499 -17.902946472168 -9999 -9999 -9999 -9999 -9999 -33.634188079834 -38.7884696960449 -44.1149772644043 -42.4523998260498 -32.7526866912842 -23.7359683990478
-9999 -32.5265090942383 -36.7557361602783 -38.3122333526611 -46.7604427337646 -53.5617988586426 -62.2392322540283 -63.2240745544434 -60.3156761169434 -61.0462947845459 -67.1874225616455 -74.0802394866943 -72.8259860992432 -64.4759262084961 -60.4985961914062 -56.4980667114258 -56.902269744873 -64.0035568237305 -63.8211791992187 -63.1003108978271 -64.9761150360107 -63.7774990081787 -64.492036819458 -59.1100025177002 -63.6020034790039 -74.7660659790039 -82.0290760040283 -88.1272663116455 -89.96884765625 -91.7273822784424 -90.5412269592285 -80.6861618041992 -68.1835994720459 -64.0180877685547 -62.0567600250244 -63.917707824707 -59.0450008392334 -49.9535667419434 -41.3127239227295 -33.5284893035889 -25.8597091674805 -15.1796031951904 -18.8674926757812 -18.7387348175049 -9999 -9999 -9999 -9999 -9999 -42.836336517334 -46.7665294647217 -43.5536315917969 -29.4162292480469 -25.8745677947998
-9999 -27.9297618865967 -29.9188899993896 -46.8333469390869 -47.9737598419189 -53.866650390625 -63.4510177612305 -62.8252613067627 -63.4149589538574 -61.7934593200684 -61.9622913360596 -65.0391941070557 -66.8054943084717 -59.0932762145996 -63.9719131469727 -63.324292755127 -60.1027736663818 -63.422713470459 -59.100004196167 -54.1981971740723 -58.7277027130127 -50.8374950408936 -51.974169921875 -62.5140781402588 -68.8211402893066 -73.0803852081299 -76.1711933135986 -79.7760696411133 -83.1619556427002 -84.4875068664551 -81.963606262207 -73.3403179168701 -60.5009815216064 -67.1721279144287 -67.9931819915771 -61.8618831634521 -53.1645160675049 -46.1065223693848 -38.9254467010498 -31.7918998718262 -26.3702083587646 -14.0328495025635 -20.4010776519775 -20.0852264404297 -9999 -9999 -9999 -9999 -36.0798732757568 -43.0836994171143 -45.5084629058838 -34.8286670684814 -27.0321060180664 -29.8401432037354
-9999 -28.2066970825195 -36.2260646820068 -48.9568004608154 -56.1279121398926 -61.5406883239746 -66.3891613006592 -68.5402839660645 -65.6120819091797 -61.7615947723389 -61.168669128418 -62.7556407928467 -64.6833469390869 -56.5304698944092 -57.9912956237793 -62.3868522644043 -63.2794799804688 -60.2483665466309 -55.8317325592041 -49.3004863739014 -46.3960586547852 -47.1958721160889 -61.7535091400146 -63.9782348632813 -65.6370700836182 -66.5084014892578 -70.761247253418 -73.3728874206543 -73.654842376709 -74.5938137054443 -70.6102073669434 -61.9726657867432 -53.5820495605469 -52.1414016723633 -58.9574546813965 -52.7441497802734 -50.2866855621338 -43.31259765625 -36.5267013549805 -30.735026550293 -25.4769191741943 -13.2407821655273 -22.0437938690186 -22.7466529846191 -9999 -9999 -9999 -14.2653156280518 -29.9719676971436 -32.4741691589355 -31.3415267944336 -27.6639171600342 -29.7353462219238 -40.3001110076904
-24.0796058654785 -30.7046146392822 -40.0602027893066 -45.9851951599121 -55.7060131072998 -66.0647521972656 -69.8581436157227 -71.3889137268066 -66.6808944702148 -66.0218723297119 -60.6999099731445 -57.887963104248 -59.4086940765381 -55.0380966186523 -60.1330631256103 -61.0698390960693 -57.7690624237061 -58.1680488586426 -56.9529945373535 -55.2804683685303 -56.4980411529541 -43.5299900054932 -55.0056995391846 -52.3974086761475 -56.8887088775635 -62.3263122558594 -64.8108955383301 -66.5803310394287 -67.9993141174316 -68.8598419189453 -67.7266292572021 -64.2893760681152 -48.4015445709229 -44.1680885314941 -56.7295337677002 -40.7891754150391 -46.6031352996826 -40.7133850097656 -35.0697578430176 -29.8862808227539 -22.9811344146729 -21.1723712921143 -23.9654251098633 -25.6351963043213 -28.5382541656494 -32.8445472717285 -33.6618721008301 -25.4630970001221 -22.239920425415 -25.5131671905518 -30.3159473419189 -33.9032806396484 -39.5762836456299 -51.4666721343994
-24.0777206420898 -30.1221881866455 -36.0389366149902 -46.9124500274658 -53.3990871429443 -61.888720703125 -70.5816566467285 -73.9663116455078 -73.3093193054199 -71.6663806915283 -64.9239566802978 -59.2861976623535 -52.5530857086182 -53.3485069274902 -55.4824607849121 -53.2570064544678 -51.2013256072998 -54.2813377380371 -52.9735786437988 -53.5014408111572 -51.8717575073242 -41.3418941497803 -42.5602249145508 -52.9202388763428 -56.1152435302734 -57.7385448455811 -59.7165252685547 -61.6274963378906 -61.5503143310547 -60.2780559539795 -61.9804450988769 -60.8669479370117 -52.2360260009766 -37.6100044250488 -38.280004119873 -40.7442050933838 -41.713395690918 -37.9053764343262 -30.3393920898437 -29.1679580688477 -14.0421802520752 -18.3094829559326 -26.7815414428711 -23.6462551116943 -30.8179721832275 -23.7359809875488 -25.796004486084 -22.4340850830078 -26.0961589813232 -30.7304527282715 -41.1804733276367 -40.1789260864258 -56.0076290130615 -58.7132755279541
-21.3810794830322 -32.3919410705566 -43.52336769104 -48.6625465393066 -51.2937816619873 -59.428226852417 -67.6623794555664 -68.5809326171875 -67.6450691223145 -66.7739078521729 -61.479231262207 -54.6232006072998 -50.9614917755127 -51.7982513427734 -47.9246685028076 -50.5413158416748 -52.2248210906982 -52.6920635223389 -52.3922832489014 -47.9670143127441 -42.1049423217773 -39.5628498077393 -45.6295440673828 -43.6857181549072 -45.3176918029785 -41.9932434082031 -47.6331672668457 -45.8511402130127 -46.5302253723145 -50.0398384094238 -54.3793876647949 -56.3181304931641 -48.546240234375 -33.9225967407227 -31.8829521179199 -37.8582832336426 -34.2625854492187 -24.927799987793 -17.7148281097412 -17.3388832092285 -9.35663833618163 -25.1734668731689 -25.9841953277588 -24.4409240722656 -22.324068069458 -22.27678565979 -23.0270030975342 -26.9308773040771 -38.3111743927002 -48.2375122070313 -56.2310161590576 -60.1528926849365 -60.075057220459 -55.6747123718262
-21.2371368408203 -29.7596641540527 -38.0736110687256 -48.8253749847412 -52.3640384674072 -57.8718757629395 -63.3047023773193 -64.7968940734863 -64.5907688140869 -63.7707054138184 -56.8039123535156 -53.2983154296875 -54.7930541992187 -53.388130569458 -56.5694957733154 -54.3845283508301 -52.9056846618652 -51.7584903717041 -49.4506954193115 -49.1302104949951 -40.1376445770264 -40.0345439910889 -40.1896820068359 -39.961474609375 -39.9307399749756 -39.866162109375 -42.0626533508301 -40.7358798980713 -41.2535186767578 -41.0358211517334 -41.3849597930908 -39.40608253479 -37.3581073760986 -30.9414554595947 -30.01545753479 -26.9107276916504 -24.3930171966553 -20.9511138916016 -17.7589572906494 -15.3408401489258 -13.1521045684814 -16.8794528961182 -20.9301128387451 -23.8136302947998 -24.0234134674072 -23.7026634216309 -27.9702056884766 -34.4795860290527 -44.0006191253662 -56.4030578613281 -59.9255104064941 -59.1716255187988 -59.7334770202637 -53.4162139892578
-24.1666465759277 -30.9719146728516 -38.4722713470459 -46.342541885376 -52.5996326446533 -56.7476501464844 -61.6030029296875 -62.6187282562256 -60.0238525390625 -58.4379234313965 -55.6706920623779 -53.3924865722656 -55.0762512207031 -52.4043811798096 -49.1690063476562 -47.4061321258545 -43.9457817077637 -47.5677242279053 -43.0424026489258 -41.2917171478271 -40.9082859039307 -40.7167957305908 -37.1046211242676 -36.5115184783936 -36.4086757659912 -35.9070579528809 -37.8115188598633 -38.1893451690674 -38.3510047912598 -37.6237571716309 -36.0810478210449 -37.1059963226318 -34.3210552215576 -28.4187717437744 -26.2575168609619 -24.3273307800293 -22.1133781433105 -20.8865943908691 -20.1139572143555 -18.1029502868652 -16.335022354126 -18.8571918487549 -22.7969745635986 -25.1969356536865 -28.2926376342773 -29.633012008667 -35.3052333831787 -44.9085830688477 -52.3711894989014 -54.8662052154541 -53.7949970245361 -48.0590370178223 -46.7438846588135 -44.608731842041
-28.0285133361816 -32.9679443359375 -38.1002689361572 -44.9525581359863 -52.32887840271 -56.3196765899658 -58.8374027252197 -58.3713661193848 -58.285404586792 -56.820951461792 -54.221223449707 -54.4245819091797 -51.4163612365723 -48.1436729431152 -44.9268146514893 -42.432958984375 -40.752774810791 -41.1561046600342 -41.2553939819336 -41.2860420227051 -42.4578216552734 -42.7057342529297 -39.8126049041748 -42.5417175292969 -40.0686981201172 -40.642841720581 -38.4817237854004 -37.6695297241211 -37.0002552032471 -36.5906288146973 -35.6379550933838 -34.2910747528076 -33.7067584991455 -32.5697887420654 -32.4282131195068 -31.6764030456543 -31.1791324615479 -27.8415256500244 -27.1580539703369 -26.0072673797607 -25.4813365936279 -25.3928188323975 -27.6274284362793 -30.3745124816895 -33.9481708526611 -39.626717376709 -49.9840225219727 -58.2445941925049 -56.407137298584 -59.1529312133789 -62.8737079620361 -57.5233139038086 -59.8447227478027 -59.481755065918
-34.3458251953125 -36.8722164154053 -39.5968185424805 -44.5979820251465 -48.4468837738037 -52.1599571228027 -55.1434635162353 -56.5889019012451 -56.6821292877197 -54.8256046295166 -52.7057308197021 -50.1526760101318 -47.5794872283935 -44.6191909790039 -42.109655380249 -39.7838111877441 -38.570719909668 -39.4404357910156 -39.3712543487549 -40.6582389831543 -41.9802616119385 -44.3407661437988 -48.8215908050537 -49.4113193511963 -51.4254055023193 -50.1649837493896 -47.2329204559326 -45.0505275726318 -43.930305480957 -44.1651016235352 -43.2885265350342 -41.629024887085 -41.7223587036133 -41.1556137084961 -41.6093978881836 -41.1960720062256 -41.810364151001 -40.2366012573242 -41.2956279754639 -40.554333114624 -40.1643920898438 -39.26259765625 -40.9840793609619 -47.4665817260742 -50.3379871368408 -55.8893424987793 -58.8634876251221 -69.1384666442871 -73.1050796508789 -77.5260143280029 -72.2910205841064 -65.7834831237793 -72.8780406951904 -72.1768760681152
-33.0187633514404 -34.716109085083 -38.6477230072021 -41.5409034729004 -46.0967342376709 -50.1213932037354 -52.8906578063965 -54.2061660766602 -55.6634349822998 -55.5989273071289 -55.0721675872803 -50.1547164916992 -48.7008823394775 -48.6818695068359 -48.2238292694092 -46.7923816680908 -43.3354335784912 -43.6615081787109 -44.9652309417725 -48.3787612915039 -50.6415470123291 -52.8243457794189 -55.3145214080811 -56.3346977233887 -65.5638671875 -63.7392250061035 -59.4739368438721 -52.3849266052246 -52.9544178009033 -58.7996795654297 -52.295482635498 -50.3861701965332 -52.4190757751465 -49.5846988677978 -59.3134780883789 -47.6092250823975 -60.8549472808838 -57.6808082580566 -58.8859508514404 -59.893949508667 -55.6825252532959 -55.4853019714355 -58.0678657531738 -69.3116344451904 -72.5053207397461 -76.1081623077393 -73.5914855957031 -78.305708694458 -86.1157695770264 -84.4464923858642 -81.3668567657471 -80.0725650787354 -74.7215377807617 -75.6653076171875
-36.6723197937012 -36.7714973449707 -38.0649387359619 -39.9241249084473 -43.8891311645508 -49.6870300292969 -50.3596801757812 -53.4298469543457 -54.0601898193359 -54.3157264709473 -54.436731338501 -53.0614589691162 -52.784623336792 -54.321492767334 -54.124308013916 -52.777709197998 -52.4101612091064 -53.002738571167 -55.1015377044678 -58.7741695404053 -61.2004848480225 -62.7852466583252 -67.5607772827148 -69.6690227508545 -68.8806716918945 -74.0054389953613 -74.8816459655762 -62.6555156707764 -71.0681072235107 -63.4182754516602 -72.6807071685791 -59.2152214050293 -64.5105445861816 -70.2173011779785 -71.4096031188965 -57.797061920166 -71.9153984069824 -72.1597713470459 -76.3905197143555 -75.9359714508057 -67.7705574035645 -74.7382358551025 -76.1580833435059 -78.9314434051514 -86.9957542419434 -88.7508602142334 -90.8418018341064 -78.0949562072754 -91.2909408569336 -90.4132801055908 -88.036572265625 -84.0241439819336 -79.5773483276367 -78.6920738220215
-46.2367347717285 -37.681827545166 -36.8964092254639 -37.7764137268066 -41.2034778594971 -45.2129024505615 -50.0125751495361 -52.0266220092773 -52.0526111602783 -53.1478202819824 -60.2620681762695 -57.1389961242676 -54.1876235961914 -56.3904041290283 -64.2455951690674 -64.7856601715088 -62.0312561035156 -60.6010768890381 -64.2028369903564 -67.303634262085 -78.0257244110107 -75.739310836792 -83.7575130462646 -76.5836910247803 -77.7918277740478 -84.5046573638916 -84.0231689453125 -75.5895721435547 -77.3513019561768 -74.9523174285889 -80.6487224578857 -76.1348106384277 -79.9531681060791 -81.496968460083 -73.6781578063965 -73.4249176025391 -79.9722415924072 -84.4458705902099 -85.2207454681397 -86.1981689453125 -81.3380401611328 -89.0864429473877 -84.3656265258789 -93.1939716339111 -95.150703048706 -96.409111404419 -97.538591003418 -88.0783706665039 -95.6735221862793 -94.3290126800537 -90.7020542144775 -89.076237487793 -84.9942234039307 -81.2747623443603
