indici/fabbisogno_annuo.asc
NCOLS 177 
NROWS 174 
XLLCORNER 1436301.375 
YLLCORNER 4916704.5 
CELLSIZE 1500 
NODATA_value -9999 
[rows 96 to 119 of 174, columns 0 to 53 of 177]
-9999 -9999 -9999 -9999 -9999 -9999 -9999 -9999 -9999 -9999 -9999 -9999 -9999 -9999 -9999 -9999 -9999 -9999 -9999 -9999 -9999 -9999 -9999 -9999 -9999 -9999 -9999 -9999 -9999 -9999 -9999 -9999 323.309268951416 315.843679428101 307.904762268066 301.022226333618 293.967361450195 288.215892791748 282.232347488403 273.167154312134 260.549580574036 244.847064971924 224.336378574371 196.772009372711 162.634763717651 124.344657510519 88.0384511947632 53.6391181945801 25.9605197906494 9.32446050643921 3.63165426254272 6.71498394012451 14.7906489372253 24.8146505355835
-9999 -9999 -9999 -9999 -9999 -9999 -9999 -9999 -9999 -9999 -9999 -9999 -9999 -9999 -9999 -9999 -9999 -9999 -9999 -9999 -9999 -9999 -9999 -9999 -9999 -9999 -9999 -9999 -9999 -9999 -9999 -9999 -9999 322.004287719727 312.111486434937 302.365537643433 292.949686050415 285.092683792114 276.393051147461 265.920698165894 251.57160949707 234.524025917053 215.075527191162 190.295485496521 159.527249336243 124.924419045448 90.8855142593384 62.0522108078003 43.413028717041 33.6180009841919 32.4242506027222 38.0184335708618 48.1191987991333 59.3327703475952
-9999 -9999 -9999 -9999 -9999 -9999 -9999 -9999 -9999 -9999 -9999 -9999 -9999 -9999 -9999 -9999 -9999 -9999 -9999 -9999 -9999 -9999 -9999 -9999 -9999 -9999 -9999 -9999 -9999 -9999 -9999 -9999 -9999 322.496494293213 310.751815795898 297.990272521973 285.706302642822 274.68466758728 264.379301071167 253.573431015015 239.659767150879 223.042103767395 204.687573999166 183.613247394562 158.363690853119 130.431170701981 103.898905515671 81.0205450057983 68.1558246612549 64.8889532089233 67.8148412704468 75.0778093338013 84.2288403511047 94.3718277215958
-9999 -9999 -9999 -9999 -9999 -9999 -9999 -9999 -9999 -9999 -9999 -9999 -9999 -9999 -9999 -9999 -9999 -9999 -9999 -9999 -9999 -9999 -9999 -9999 -9999 -9999 -9999 -9999 -9999 -9999 -9999 -9999 -9999 -9999 302.467756271362 286.200366973877 271.640161514282 258.631383895874 247.499862670898 236.878109931946 225.462594032288 210.678870797157 194.493712663651 178.167789459229 159.742830276489 139.961273193359 121.958916187286 107.95763245225 100.660153985023 99.3551216125488 103.190704345703 109.044265031815 115.340264558792 120.231688976288
-9999 -9999 -9999 -9999 -9999 -9999 -9999 -9999 -9999 -9999 -9999 -9999 -9999 -9999 -9999 -9999 -9999 -9999 -9999 -9999 -9999 -9999 -9999 -9999 -9999 -9999 -9999 -9999 -9999 -9999 356.270584106445 342.605926513672 326.141311645508 307.6790599823 288.864576339722 269.105068206787 251.650362968445 237.448342323303 225.908432006836 217.823795318604 210.145137012005 199.581236362457 187.187194824219 176.80051612854 163.918123245239 152.47732925415 141.988666534424 134.507849693298 131.334833621979 131.396148681641 134.552453994751 137.840703964233 140.772983551025 142.872428894043
-9999 -9999 -9999 -9999 -9999 -9999 -9999 -9999 -9999 -9999 -9999 -9999 -9999 -9999 -9999 -9999 -9999 -9999 -9999 -9999 -9999 -9999 -9999 -9999 -9999 -9999 -9999 -9999 374.215461730957 364.562602996826 352.118434906006 336.496894836426 316.974075317383 294.702819824219 271.910762786865 248.448551177979 228.365439414978 213.403397798538 202.75359582901 196.818438053131 193.802167415619 190.180624485016 182.145255088806 175.544400215149 171.284502029419 166.669513702393 162.097635269165 159.742197036743 158.963258743286 159.654539108276 160.45361995697 160.057447433472 159.819351196289 159.209567070007
-9999 -9999 -9999 -9999 -9999 -9999 -9999 -9999 -9999 -9999 -9999 -9999 -9999 -9999 -9999 -9999 -9999 -9999 -9999 -9999 -9999 -9999 395.313179016113 395.155963897705 -9999 -9999 -9999 -9999 369.367389678955 359.585033416748 345.992622375488 328.400608062744 305.999448776245 280.105863571167 253.576578140259 227.572775840759 205.77331161499 190.221096515656 181.694366455078 177.486597061157 177.88732624054 179.826752662659 180.552952766418 178.9889793396 179.499621391296 180.046767234802 180.614768981934 181.540574073792 182.54395198822 182.657330036163 179.705336093903 177.078539848328 173.231432914734 168.125317573547
-9999 -9999 -9999 -9999 -9999 -9999 -9999 -9999 -9999 -9999 -9999 -9999 -9999 -9999 -9999 -9999 -9999 -9999 370.020751953125 382.55179977417 388.92272567749 391.094108581543 392.820613861084 392.762519836426 -9999 -9999 -9999 -9999 -9999 351.175430297852 337.465965270996 318.544097900391 294.344827651978 266.087963104248 236.652840614319 210.290271401405 187.940036773682 172.784363746643 164.695190429688 163.415161132812 166.552349090576 172.696720123291 178.800371170044 183.874269485474 189.316576004028 191.824909687042 195.965972900391 198.462853431702 200.297908306122 199.507443189621 195.218361616135 190.342943668365 182.901189804077 173.349367141724
-9999 -9999 -9999 -9999 -9999 -9999 -9999 -9999 -9999 -9999 -9999 -9999 -9999 -9999 -9999 -9999 -9999 -9999 367.974250793457 379.583820343018 384.172954559326 387.087505340576 388.700984954834 388.624591827393 385.226963043213 -9999 -9999 -9999 354.074821472168 341.497077941895 325.682987213135 307.336866378784 282.840557098389 254.557328224182 225.38890171051 198.436283826828 178.230010986328 163.148470878601 156.697713851929 157.304100990295 161.443555831909 169.132584571838 177.637294769287 186.718198776245 196.080934524536 202.46420955658 208.910582304001 212.872602462769 213.915609002113 212.570015668869 207.453312695026 199.320645153522 188.094953536987 175.101819992065
-9999 -9999 -9999 -9999 -9999 -9999 -9999 -9999 -9999 -9999 -9999 -9999 -9999 -9999 -9999 -9999 -9999 -9999 365.533096313477 373.908401489258 379.086433410645 382.206558227539 383.087211608887 380.860633850098 376.365074157715 370.916862487793 -9999 -9999 342.256702423096 329.523288726807 313.714052200317 294.984649658203 273.929193496704 247.805553436279 220.381022930145 195.761271715164 177.44056892395 164.585574150085 160.248491287231 160.123850822449 164.04248046875 169.710521697998 177.988954544067 190.215518951416 199.269240379333 207.471739292145 215.599995017052 220.834353685379 222.109215259552 219.086781978607 212.315366029739 202.422383487225 189.973386406898 175.229961872101
-9999 -9999 -9999 -9999 -9999 -9999 -9999 -9999 -9999 -9999 -9999 -9999 -9999 -9999 -9999 -9999 -9999 349.181488037109 361.770641326904 368.610912322998 372.530704498291 375.024494171143 374.337894439697 370.131683349609 364.399467468262 357.402778625488 -9999 340.520172119141 326.890251159668 314.86417388916 300.736667633057 283.946739196777 265.647840499878 245.936017990112 222.888420820236 203.440608978271 187.85454082489 176.600562095642 171.984453201294 171.192543029785 171.548408508301 174.911390304565 181.763139724731 192.837908744812 201.869103431702 211.215413570404 219.899422079325 223.555512189865 224.269369840622 220.814031124115 212.777063846588 202.532430291176 188.981948137283 174.568375110626
-9999 -9999 -9999 -9999 -9999 -9999 -9999 -9999 -9999 -9999 -9999 -9999 -9999 -9999 -9999 -9999 -9999 347.822940826416 357.437026977539 362.195850372314 364.268173217773 365.745532989502 362.161895751953 355.341968536377 347.31644821167 338.083415985107 329.158866882324 320.750259399414 310.329410552979 297.547786712646 286.62984085083 274.344617843628 260.460918426514 247.780882835388 232.763662338257 218.596497297287 205.532130479813 196.25440788269 191.445655822754 188.190648078918 185.44552230835 185.485130310059 192.305728912354 198.922236442566 207.044515132904 214.416707992554 220.590142071247 224.193986177444 223.41032409668 219.304299116135 209.400900244713 198.429845035076 185.52371096611 172.20430803299
-9999 -9999 -9999 -9999 -9999 -9999 -9999 -9999 -9999 -9999 -9999 -9999 -9999 -9999 -9999 -9999 -9999 346.799777984619 352.053760528564 354.394397735596 357.245830535889 352.480598449707 345.853061676025 336.367324829102 325.020709991455 313.504276275635 303.375553131104 295.481821060181 288.730609893799 281.943187713623 272.576639175415 266.045837402344 258.572627067566 251.297065734863 244.182162284851 235.357521057129 226.406159877777 219.734822839499 214.815279483795 209.886813163757 205.945087432861 202.031312942505 206.566042423248 209.578576087952 213.716443061829 219.177067279816 222.119554877281 222.731483846903 219.796601116657 213.603070825338 204.054781317711 190.044223308563 178.929285049438 168.217090129852
-9999 -9999 -9999 -9999 -9999 -9999 -9999 -9999 -9999 -9999 -9999 -9999 -9999 -9999 -9999 -9999 -9999 -9999 345.283164978027 348.459583282471 344.313465118408 336.49520111084 326.848503112793 313.531030654907 299.06583404541 285.452976226807 274.412364959717 267.660774230957 264.508081436157 263.705283164978 263.150963783264 260.521943092346 259.209915161133 257.817311286926 256.664465904236 253.059897422791 248.226996421814 243.359120845795 239.594584941864 233.993331432343 229.178519845009 229.077586352825 224.694315731525 222.793163657188 223.190047502518 224.655418753624 222.668173611164 219.697908401489 212.429337978363 205.280421733856 195.590987443924 181.093781471252 169.726888656616 162.108472824097
-9999 -9999 -9999 -9999 -9999 -9999 -9999 -9999 -9999 -9999 -9999 -9999 -9999 -9999 -9999 -9999 -9999 -9999 339.443748474121 336.647129058838 329.217624664307 318.856540679932 306.012948989868 289.331495285034 271.717969894409 256.550620079041 245.973532676697 241.036573410034 242.232345581055 246.495346069336 253.672657012939 259.03119468689 262.873706817627 265.568369865417 269.467018127441 269.87939453125 267.960968017578 265.654918670654 263.550559043884 259.178219795227 256.959932327271 251.238991737366 245.759915351868 239.683710813522 236.432082653046 231.152101159096 225.419586539268 215.729065656662 205.512878417969 195.93874835968 183.899101734161 172.761697769165 161.647262573242 156.646717071533
-9999 -9999 -9999 -9999 -9999 -9999 -9999 -9999 -9999 -9999 -9999 -9999 -9999 -9999 -9999 -9999 -9999 -9999 327.188045501709 320.958276748657 312.829824447632 300.117473602295 284.78920173645 266.546332359314 247.310838699341 231.356674671173 221.800976514816 219.797406435013 224.25075006485 233.709740161896 246.006226539612 257.96665096283 267.21794128418 274.512104034424 282.745233535767 286.342491149902 285.9928855896 287.372531890869 285.344299316406 283.733722686768 278.755401611328 273.241707801819 266.506330490112 260.205881118774 251.353672504425 240.849396467209 227.751438900828 214.705002307892 200.914494514465 187.043567657471 172.812781333923 162.054585456848 156.625433921814 155.213665962219
-9999 -9999 -9999 -9999 -9999 -9999 -9999 -9999 -9999 -9999 -9999 -9999 -9999 -9999 -9999 -9999 -9999 -9999 313.018383026123 303.299396514893 292.459636688232 280.723707199097 264.886461257935 247.287615776062 229.133314609528 214.350688934326 206.643325090408 206.933487296104 214.265964508057 226.965571403503 241.542260169983 256.607761383057 270.165838241577 281.057920455933 290.819929122925 297.435735702515 300.783334732056 301.995616912842 302.504154205322 300.675296783447 297.683288574219 292.34899520874 286.413467407227 276.687338829041 265.886936187744 249.621740818024 233.480968117714 216.04890370369 198.74860906601 179.912415504456 164.290530204773 154.70081615448 152.844129562378 158.620052337646
-9999 -9999 -9999 -9999 -9999 -9999 -9999 -9999 -9999 -9999 -9999 -9999 -9999 -9999 -9999 -9999 -9999 -9999 296.030075073242 284.165996551514 273.789098739624 261.637231826782 248.902819633484 233.978244781494 218.984825521708 207.451992750168 201.89262843132 203.41589474678 211.348434448242 224.28001499176 239.022444725037 254.728872299194 269.604969024658 283.356966018677 294.93286895752 303.503023147583 309.887241363525 312.901718139648 314.191722869873 313.855739593506 312.929082870483 309.293485641479 301.818548202515 291.357196807861 278.538707733154 261.277149200439 241.452754020691 220.944840252399 199.770567417145 178.479579925537 162.623237609863 154.230275154114 155.954354286194 166.822858810425
-9999 -9999 -9999 -9999 -9999 -9999 -9999 -9999 -9999 -9999 -9999 -9999 -9999 -9999 -9999 -9999 -9999 -9999 -9999 264.454608917236 255.846103668213 247.07773065567 237.237790107727 228.97407412529 218.253704458475 210.078258991241 206.403189897537 207.558122992516 212.758965671062 223.177810668945 237.185956954956 252.605026245117 267.959287643433 283.319490432739 297.001293182373 307.281063079834 315.666522979736 320.422576904297 323.141407012939 324.779563903809 323.686279296875 321.455293655396 313.974763870239 303.301679611206 289.950927734375 272.057709693909 252.725152015686 230.838245868683 205.189707994461 183.326504707336 167.157835960388 160.765928268433 167.508501052856 182.422561168671
-9999 -9999 -9999 -9999 -9999 -9999 -9999 -9999 -9999 -9999 -9999 -9999 -9999 -9999 -9999 -9999 -9999 -9999 -9999 247.573714256287 240.692181587219 237.255091905594 233.513991832733 229.833719730377 225.814426779747 221.182020545006 218.615211486816 216.821454286575 219.219933748245 226.656495571136 237.325794219971 250.366441726685 264.806211471558 281.259141921997 295.320333480835 307.78145980835 317.792610168457 325.028228759766 328.841495513916 330.90645980835 330.948486328125 327.853588104248 322.965465545654 313.323698043823 300.606008529663 283.484939575195 263.722658157349 240.90590763092 217.07728767395 196.511322021484 181.467604160309 178.192984580994 188.792600154877 205.436602115631
-9999 -9999 -9999 -9999 -9999 -9999 -9999 -9999 -9999 -9999 -9999 -9999 -9999 -9999 -9999 -9999 -9999 -9999 -9999 233.358525753021 232.007609605789 234.039444684982 236.450397491455 237.351713657379 239.11803150177 236.930279254913 233.237958431244 229.176395893097 228.709557056427 231.512987136841 237.515149116516 246.918733596802 261.12036895752 275.850473403931 291.170579910278 304.736356735229 316.222877502441 325.537971496582 331.4909324646 334.799770355225 335.979675292969 333.775726318359 328.592861175537 320.872602462769 309.920818328857 293.158103942871 274.629989624023 253.577194213867 232.7403383255 215.273836612701 206.685416400433 207.450328826904 218.28920841217 236.244135856628
-9999 -9999 -9999 -9999 -9999 -9999 -9999 -9999 -9999 -9999 -9999 -9999 -9999 -9999 -9999 -9999 -9999 -9999 -9999 226.299995779991 232.985773563385 239.556824684143 245.852094173431 251.043997764587 255.260883331299 255.232445716858 249.479719161987 244.295155525208 240.0032787323 237.604195594788 238.014388084412 245.195631980896 255.914752960205 269.577428817749 284.728073120117 299.477853775024 312.648372650146 323.462322235107 331.106380462646 335.418846130371 337.475124359131 337.072750091553 332.615089416504 325.821258544922 315.719068527222 300.981742858887 284.374492645264 267.094787597656 251.980332374573 239.919215202332 234.741121292114 238.396911621094 250.199586868286 267.184759140015
-9999 -9999 -9999 -9999 -9999 -9999 -9999 -9999 -9999 -9999 -9999 -9999 -9999 -9999 -9999 -9999 -9999 -9999 -9999 -9999 240.952466487885 252.832155227661 263.802377700806 269.400053024292 272.225016593933 272.353622436523 267.106853485107 259.921251296997 251.577458381653 245.413459777832 243.329864501953 244.143389701843 249.795701980591 260.837911605835 275.936231613159 291.33366394043 306.063007354736 318.288829803467 320.182910919189 326.374290466309 329.583194732666 337.000682830811 334.47359085083 328.84948348999 320.9853515625 309.309783935547 296.399845123291 282.918516159058 272.550933837891 265.344131469727 264.050239562988 269.305088043213 280.7619972229 295.859878540039
-9999 -9999 -9999 -9999 -9999 -9999 -9999 -9999 -9999 -9999 -9999 -9999 -9999 -9999 -9999 -9999 -9999 -9999 -9999 -9999 -9999 270.785845756531 282.804206848145 290.667572021484 294.33738899231 292.17992401123 286.696184158325 278.034269332886 266.500400543213 255.459091186523 247.10214805603 242.346364974976 244.27995300293 253.223239898682 267.141918182373 282.370843887329 288.189088821411 300.112525939941 310.003021240234 317.351356506348 322.69116973877 325.633861541748 326.733573913574 330.173351287842 324.624294281006 317.818813323975 308.505670547485 299.154457092285 292.49829864502 289.284393310547 290.779481887817 297.264848709106 307.569330215454 320.136882781982
