indici/fabbisogno05.asc
NCOLS 177 
NROWS 174 
XLLCORNER 1436301.375 
YLLCORNER 4916704.5 
CELLSIZE 1500 
NODATA_value -9999 
[rows 96 to 119 of 174, columns 0 to 52 of 177]
-9999 -9999 -9999 -9999 -9999 -9999 -9999 -9999 -9999 -9999 -9999 -9999 -9999 -9999 -9999 -9999 -9999 -9999 -9999 -9999 -9999 -9999 -9999 -9999 -9999 -9999 -9999 -9999 -9999 -9999 -9999 -9999 33.3359062194824 30.8517253875732 28.5240715026855 26.4414279937744 24.4735877990723 22.7268440246582 21.0519462585449 18.6462379455566 15.0631591796875 10.7750053405762 5.10133209228515 -2.4269889831543 -11.7570663452148 -22.0103240966797 -31.9434967041016 -40.7694931030273 -48.4837203979492 -52.6057189941406 -53.1733245849609 -51.1379730224609 -47.5788970947266
-9999 -9999 -9999 -9999 -9999 -9999 -9999 -9999 -9999 -9999 -9999 -9999 -9999 -9999 -9999 -9999 -9999 -9999 -9999 -9999 -9999 -9999 -9999 -9999 -9999 -9999 -9999 -9999 -9999 -9999 -9999 -9999 -9999 32.7387496948242 29.6687450408936 26.7426273345947 24.0794502258301 21.8152366638184 19.2954452514648 16.3563888549805 12.4205001831055 7.81612091064453 2.46918869018555 -4.37668914794922 -12.7372512817383 -22.2953994750977 -31.5898864746094 -39.2162673950195 -44.8108703613281 -47.2841720581055 -46.784228515625 -44.050341796875 -40.0334228515625
-9999 -9999 -9999 -9999 -9999 -9999 -9999 -9999 -9999 -9999 -9999 -9999 -9999 -9999 -9999 -9999 -9999 -9999 -9999 -9999 -9999 -9999 -9999 -9999 -9999 -9999 -9999 -9999 -9999 -9999 -9999 -9999 -9999 32.8848087310791 29.2429244995117 25.442626953125 21.8268135070801 18.668497467041 15.7268432617187 12.6288093566895 8.87374877929688 4.47651214599609 -0.456411743164061 -6.26380310058594 -13.1961975097656 -21.0559036254883 -28.5565048217773 -34.8278625488281 -38.3028549194336 -39.6342819213867 -38.4039291381836 -35.4927841186523 -31.8336639404297
-9999 -9999 -9999 -9999 -9999 -9999 -9999 -9999 -9999 -9999 -9999 -9999 -9999 -9999 -9999 -9999 -9999 -9999 -9999 -9999 -9999 -9999 -9999 -9999 -9999 -9999 -9999 -9999 -9999 -9999 -9999 -9999 -9999 -9999 26.9842136383057 22.1806571960449 17.8177429199219 14.0657783508301 10.804402923584 7.66091232299804 4.61639862060547 0.729283905029298 -3.50763015747071 -7.8978271484375 -13.0770980834961 -18.6887786865234 -23.96181640625 -28.1471694946289 -30.1634017944336 -30.6031005859375 -29.0445877075195 -26.6714614868164 -24.0572845458984
-9999 -9999 -9999 -9999 -9999 -9999 -9999 -9999 -9999 -9999 -9999 -9999 -9999 -9999 -9999 -9999 -9999 -9999 -9999 -9999 -9999 -9999 -9999 -9999 -9999 -9999 -9999 -9999 -9999 -9999 43.5610626220703 39.4748462677002 34.6008884429932 29.0818225860596 23.2780433654785 17.4527481079102 12.1871559143066 7.98718338012695 4.57937622070312 2.0114860534668 -0.253758239746098 -2.97664794921875 -6.03340148925781 -8.83838653564453 -12.3216003417969 -15.7281387329102 -18.7369506835938 -20.9481796264648 -21.8109909057617 -21.8236297607422 -20.5582382202148 -18.8265060424805 -17.221598815918
-9999 -9999 -9999 -9999 -9999 -9999 -9999 -9999 -9999 -9999 -9999 -9999 -9999 -9999 -9999 -9999 -9999 -9999 -9999 -9999 -9999 -9999 -9999 -9999 -9999 -9999 -9999 -9999 48.8794153213501 46.0686679840088 42.4226463317871 37.8166122436523 32.1099586486816 25.6562377929687 18.7600555419922 11.7463706970215 5.6658447265625 1.00411911010742 -2.39840087890625 -4.42346343994141 -5.45688095092773 -6.42794952392578 -8.4898208618164 -9.97375335693359 -11.0836517333984 -12.4345993041992 -13.6035079956055 -14.1302169799805 -14.1547073364258 -13.8306610107422 -13.0977890014648 -12.4053649902344 -11.8978591918945
-9999 -9999 -9999 -9999 -9999 -9999 -9999 -9999 -9999 -9999 -9999 -9999 -9999 -9999 -9999 -9999 -9999 -9999 -9999 -9999 -9999 -9999 54.242059135437 54.4637987136841 -9999 -9999 -9999 -9999 47.4388236999512 44.5822250366211 40.6437370300293 35.564623260498 29.0892612457275 21.6792579650879 13.7106704711914 5.91735534667968 -0.872173309326172 -5.95523223876953 -9.07116088867188 -10.6987380981445 -10.8994201660156 -10.5303909301758 -10.1832015991211 -10.2669998168945 -9.94306335449219 -9.56804809570313 -9.04406433105469 -8.35014801025391 -7.65569610595703 -7.25068054199219 -7.2754035949707 -7.35455017089844 -7.80070419311524
-9999 -9999 -9999 -9999 -9999 -9999 -9999 -9999 -9999 -9999 -9999 -9999 -9999 -9999 -9999 -9999 -9999 -9999 45.6453708648682 49.6119569778442 51.7702991485596 52.7016839981079 53.3966875076294 53.5480112075806 -9999 -9999 -9999 -9999 -9999 42.1450004577637 38.0945636749268 32.6704349517822 25.7691932678223 17.6358947753906 8.97680740356445 0.849835968017572 -6.34986877441406 -11.5522964477539 -14.7066284179688 -15.8137252807617 -15.2478805541992 -13.6644500732422 -11.7989532470703 -10.059309387207 -8.17684020996094 -6.95713195800781 -5.43893814086914 -4.02427368164063 -2.80240097045898 -2.35204620361328 -2.64549560546875 -3.2909294128418 -4.73706817626953
-9999 -9999 -9999 -9999 -9999 -9999 -9999 -9999 -9999 -9999 -9999 -9999 -9999 -9999 -9999 -9999 -9999 -9999 44.9452327728271 48.613204574585 50.2566041946411 51.332666015625 51.9906553268433 52.06103515625 51.3284574508667 -9999 -9999 -9999 42.7932956695557 39.1783447265625 34.6589466094971 29.32766456604 22.2965507507324 14.1183670043945 5.43612213134765 -2.89553756713867 -9.71684112548829 -15.0137084960938 -17.966877746582 -18.44130859375 -17.6185348510742 -15.5799835205078 -13.1105895996094 -10.2553253173828 -7.19874572753906 -4.71244735717774 -2.2880126953125 -0.436992645263672 0.709466552734376 1.40613632202148 0.960953521728513 -0.435954284667972 -2.69594955444336
-9999 -9999 -9999 -9999 -9999 -9999 -9999 -9999 -9999 -9999 -9999 -9999 -9999 -9999 -9999 -9999 -9999 -9999 44.0552959442139 46.8049102783203 48.5894950866699 49.7156749725342 50.1050024032593 49.6149242401123 48.5624195098877 47.1015300750732 -9999 -9999 39.1615699768066 35.530850982666 31.0055377960205 25.6039688110352 19.434049987793 11.7900672912598 3.66326675415038 -3.95723419189454 -10.5427932739258 -15.3955322265625 -17.7241592407227 -18.4139144897461 -17.7040084838867 -16.1454116821289 -13.7244338989258 -10.0667953491211 -6.98147888183594 -3.9405647277832 -0.936021423339845 1.41948623657226 2.7179702758789 3.10790405273438 2.36687774658203 0.609347534179683 -1.8210205078125
-9999 -9999 -9999 -9999 -9999 -9999 -9999 -9999 -9999 -9999 -9999 -9999 -9999 -9999 -9999 -9999 -9999 38.8453033447266 42.7727275848389 45.068314743042 46.4717864990234 47.4063716888428 47.3497180938721 46.2940608978271 44.8296237945557 42.9624847412109 -9999 38.1992607116699 34.4986114501953 31.0489498138428 27.0170753479004 22.1439483642578 16.7588859558105 10.7772918701172 3.9648941040039 -2.35274887084961 -8.09773712158204 -12.4137451171875 -14.7907409667969 -15.7641952514648 -15.9239852905273 -15.0220947265625 -13.1164489746094 -9.82986145019532 -6.74446029663086 -3.50015106201172 -0.264623260498048 1.83538513183593 3.01329498291015 3.3457389831543 2.2216667175293 0.583497619628908 -2.02161483764649
-9999 -9999 -9999 -9999 -9999 -9999 -9999 -9999 -9999 -9999 -9999 -9999 -9999 -9999 -9999 -9999 -9999 38.2334045410156 41.3300109863281 42.9378021240234 43.7942966461182 44.4172843933105 43.5288059234619 41.764236831665 39.5743682861328 37.0497421264648 34.6126407623291 32.2668476104736 29.5108383178711 25.8583709716797 22.7305328369141 19.0809463500977 14.9137977600098 10.8711555480957 6.0588264465332 1.33764724731445 -3.42784194946289 -6.98777008056641 -9.32100677490234 -10.9560974121094 -12.0123687744141 -12.1039657592773 -10.4681182861328 -8.46625061035157 -5.70922317504883 -3.01604843139648 -0.573619079589847 1.37067718505859 2.28704071044922 2.29232101440429 0.967314147949217 -0.786106872558598 -3.16404647827149
-9999 -9999 -9999 -9999 -9999 -9999 -9999 -9999 -9999 -9999 -9999 -9999 -9999 -9999 -9999 -9999 -9999 37.7373863220215 39.4380828857422 40.3755836486816 41.361926651001 40.255443572998 38.526110458374 35.980358505249 32.8644569396973 29.7135726928711 26.9961158752441 24.9051803588867 23.0240203857422 21.1845062255859 18.4474044799805 16.4404907226562 14.0386932373047 11.5507583618164 9.02134780883789 5.8656005859375 2.48661956787109 -0.187601470947271 -2.40290603637695 -4.43131179809571 -6.07308197021484 -7.23772430419922 -6.37655029296875 -5.52699203491211 -4.1705062866211 -2.27060470581055 -0.653611755371095 0.431185150146483 0.760109710693357 0.26383743286133 -0.92423782348633 -3.53893890380859 -5.28052062988282
-9999 -9999 -9999 -9999 -9999 -9999 -9999 -9999 -9999 -9999 -9999 -9999 -9999 -9999 -9999 -9999 -9999 -9999 37.1548988342285 38.2296054840088 37.2748798370361 35.2681861877441 32.6973400115967 29.0610107421875 25.0932121276855 21.3331909179688 18.4470436096191 16.7082038879394 15.9830741882324 15.7022735595703 15.494921875 14.6541702270508 13.9386787414551 13.3048713684082 12.4106628417969 10.9203956604004 8.94983749389648 6.98557052612304 5.19017181396484 3.09023056030273 1.09378967285156 0.457293701171871 -0.966197204589847 -1.6965576171875 -1.62144927978516 -1.0847297668457 -0.988444519042972 -0.972850799560547 -2.0672477722168 -2.78058090209961 -3.94078903198243 -6.4490592956543 -8.34993133544922
-9999 -9999 -9999 -9999 -9999 -9999 -9999 -9999 -9999 -9999 -9999 -9999 -9999 -9999 -9999 -9999 -9999 -9999 34.9981399536133 34.3364700317383 32.4646301269531 29.7760131835937 26.2032264709473 21.6360763549805 16.855558013916 12.7728569030762 10.060538482666 8.91142425537109 9.36860046386718 10.6098037719727 12.5105834960937 13.9046745300293 14.7887481689453 15.4267112731934 16.0709907531738 15.9479866027832 14.9934158325195 13.9431915283203 12.8027717590332 11.1464660644531 9.77718505859374 7.52140350341796 5.39558868408203 3.43747406005859 2.11984405517578 0.685525512695314 -0.616963958740236 -2.76709289550782 -4.4371452331543 -5.78998260498047 -7.6580062866211 -9.28421325683594 -10.8697799682617
-9999 -9999 -9999 -9999 -9999 -9999 -9999 -9999 -9999 -9999 -9999 -9999 -9999 -9999 -9999 -9999 -9999 -9999 31.1187393188477 29.4042831420898 27.196760559082 23.6763114929199 19.449796295166 14.5858428955078 9.43720474243164 5.28542938232422 2.92477493286133 2.68214340209961 4.14444580078125 6.79557647705078 10.1804878234863 13.4334114074707 15.8378601074219 17.8720245361328 20.0359092712402 20.917586517334 20.6866500854492 20.7195732116699 19.8842933654785 18.8614280700684 16.9287231445312 14.6872108459473 12.0836051940918 9.6202522277832 6.63836517333984 3.59872512817383 -0.1504508972168 -3.31015930175781 -6.08114547729492 -8.483544921875 -10.9591567993164 -12.4232833862305 -12.5591613769531
-9999 -9999 -9999 -9999 -9999 -9999 -9999 -9999 -9999 -9999 -9999 -9999 -9999 -9999 -9999 -9999 -9999 -9999 26.5922203063965 23.8286979675293 20.8487846374512 17.5662780761719 13.2344703674316 8.50683670043945 3.79782333374023 0.0755615234375 -1.66465454101563 -1.21574172973633 1.04438400268555 4.74852828979492 8.9003303527832 13.0857925415039 16.864656829834 19.895726776123 22.734114074707 24.5710388183594 25.4247917175293 25.6446884155273 25.6409255981445 24.8013832092285 23.2652236938477 21.1304931640625 18.5504409790039 15.0623580932617 11.4734802246094 6.36853256225586 1.73157272338867 -2.75664978027344 -6.57906951904297 -10.4531326293945 -13.1854202270508 -14.2198760986328 -13.4287887573242
-9999 -9999 -9999 -9999 -9999 -9999 -9999 -9999 -9999 -9999 -9999 -9999 -9999 -9999 -9999 -9999 -9999 -9999 21.2366981506348 17.7910697937012 14.9061798095703 11.6090301513672 8.11049194335938 4.21864318847656 0.427244567871092 -2.35608215332032 -3.40069122314453 -2.47964935302735 0.182029724121094 4.09725265502929 8.43894500732421 12.9742279052734 17.2040031433105 21.147924041748 24.4701301574707 26.840852355957 28.7177841186523 29.5139156341553 29.7888786315918 29.3755489349365 28.4887149810791 26.8358444213867 24.0267082214355 20.3418579101562 16.0146514892578 10.3502197265625 4.57392578125 -0.727858734130862 -5.82549438476563 -10.4100250244141 -13.2800186157227 -13.9148452758789 -12.1130630493164
-9999 -9999 -9999 -9999 -9999 -9999 -9999 -9999 -9999 -9999 -9999 -9999 -9999 -9999 -9999 -9999 -9999 -9999 -9999 11.6920890808105 9.29952468872069 6.94878997802734 4.29412155151367 2.29200820922851 -0.251359558105477 -2.02268371582031 -2.40664367675782 -1.39427337646485 0.861602020263668 4.21661758422852 8.45777130126953 13.017391204834 17.4169067382812 21.8655029296875 25.7330810546875 28.6684753417969 31.0350536346436 32.2270446777344 32.9367076873779 33.1164924621582 32.3319789886475 31.0824676513672 28.4330318450928 24.8231979370117 20.2789840698242 14.4423568725586 8.74959869384765 2.83904876708984 -3.51118545532227 -8.37846832275391 -11.2106430053711 -11.294743347168 -8.4954833984375
-9999 -9999 -9999 -9999 -9999 -9999 -9999 -9999 -9999 -9999 -9999 -9999 -9999 -9999 -9999 -9999 -9999 -9999 -9999 6.76698226928711 4.73172073364258 3.87521667480469 2.97858200073242 2.14827575683593 1.59687271118163 0.880075836181632 0.867420196533203 1.37054367065429 2.92805404663086 5.69319686889648 9.23478546142578 13.188501739502 17.4087890625 22.0783134460449 26.0888534545898 29.5372970581055 32.3015602111816 34.1905082702637 35.1122261047363 35.4501110076904 35.1602912902832 33.8581615447998 31.8846237182617 28.6396350860596 24.3802619934082 18.964591217041 13.1076484680176 6.86669464111328 0.768020629882812 -3.87494277954102 -6.29156646728516 -5.77268524169922 -2.41126861572266
-9999 -9999 -9999 -9999 -9999 -9999 -9999 -9999 -9999 -9999 -9999 -9999 -9999 -9999 -9999 -9999 -9999 -9999 -9999 2.84499893188476 2.32228775024414 2.8784912109375 3.75801467895508 4.33625259399413 5.22841720581054 5.26448287963866 5.1453987121582 5.07481231689453 6.03724136352539 7.73403167724609 10.184001159668 13.2923263549805 17.4880447387695 21.6316276550293 25.7680870056152 29.4097301483154 32.4980522155762 34.9478359222412 36.4422004699707 37.1665115356445 37.1594650268555 36.1683540344238 34.3442916870117 31.7959075927734 28.0287055969238 22.8639953613281 17.4467239379883 11.6653884887695 6.24580459594726 2.30938949584961 0.904181671142574 2.03163528442383 5.60792846679687
-9999 -9999 -9999 -9999 -9999 -9999 -9999 -9999 -9999 -9999 -9999 -9999 -9999 -9999 -9999 -9999 -9999 -9999 -9999 1.24603118896484 2.88843002319335 4.65971298217774 6.60056457519531 8.38105087280273 9.96409454345702 10.6006042480469 10.0137466430664 9.7229377746582 9.69392623901367 10.1666000366211 11.3133880615234 14.0087669372559 17.185595703125 21.0317893981934 25.0360496520996 28.7971664428711 32.1741390228271 34.9275100708008 36.8313865661621 37.7801536560059 38.1133094787598 37.662561416626 36.1152523040771 33.8815948486328 30.6626182556152 26.1409980773926 21.4151725769043 16.6675231933594 12.5969230651855 9.76632232666015 9.03815460205078 10.6188179016113 14.2062225341797
-9999 -9999 -9999 -9999 -9999 -9999 -9999 -9999 -9999 -9999 -9999 -9999 -9999 -9999 -9999 -9999 -9999 -9999 -9999 -9999 5.57979354858398 8.79728546142577 12.0347160339355 13.9450668334961 15.1935050964355 15.8906883239746 15.378385925293 14.4971618652344 13.4418304443359 13.0081825256348 13.6333465576172 14.7461616516113 16.7204833984375 19.7712440490723 23.5384582519531 27.2985984802246 30.9355125427246 33.9369827270508 34.3926670074463 35.8346038818359 36.4627708435059 38.0759567260742 37.0561866760254 35.2598518371582 32.786311340332 29.2124252319336 25.4930809020996 21.8606628417969 19.0401580810547 17.3097915649414 17.3105506896973 19.1377784729004 22.4692153930664
-9999 -9999 -9999 -9999 -9999 -9999 -9999 -9999 -9999 -9999 -9999 -9999 -9999 -9999 -9999 -9999 -9999 -9999 -9999 -9999 -9999 14.3901588439941 17.8613807678223 20.3467323303223 21.7829231262207 21.9215202331543 21.2948471069336 19.9407096862793 18.042977142334 16.3540458679199 15.3618103027344 15.1034378051758 16.1635467529297 18.544522857666 21.872403717041 25.4079002380371 26.7551864624023 29.8106685638428 32.2209892272949 33.9584468841553 35.1032752990723 35.6313858032227 35.4937355041504 35.9911624908447 34.2332546234131 32.0854679107666 29.2468589782715 26.7389793395996 24.9529647827148 24.2047241210937 24.8118453979492 26.7564723968506 29.7117256164551
