indici/fabbisogno11.asc
NCOLS 177 
NROWS 174 
XLLCORNER 1436301.375 
YLLCORNER 4916704.5 
CELLSIZE 1500 
NODATA_value -9999 
[rows 69 to 91 of 174, columns 53 to 105 of 177]
-226.85725402832 -218.149078369141 -207.694183349609 -196.360946655273 -185.241683959961 -174.931442260742 -165.95930480957 -158.16650390625 -151.647262573242 -147.3564453125 -145.181274414062 -144.733535766602 -145.991561889648 -148.726287841797 -152.46533203125 -156.671020507812 -160.688385009766 -164.025451660156 -165.974594116211 -166.365127563477 -165.309173583984 -162.932418823242 -159.481170654297 -155.639526367188 -151.839569091797 -148.249969482422 -145.212799072266 -142.943450927734 -141.7001953125 -141.828216552734 -142.438323974609 -143.472351074219 -144.900955200195 -146.088668823242 -146.836975097656 -146.97412109375 -146.036743164062 -144.087646484375 -141.44514465332 -138.409301757812 -135.642044067383 -133.44970703125 -132.754379272461 -133.903305053711 -136.490539550781 -140.248413085938 -145.027313232422 -150.030120849609 -154.606552124023 -159.222427368164 -162.584091186523 -164.482452392578 -164.546463012695
-232.662216186523 -223.064056396484 -211.667404174805 -199.582595825195 -187.721633911133 -176.571701049805 -166.704788208008 -158.050262451172 -150.833297729492 -145.343399047852 -141.903427124023 -140.142288208008 -140.058639526367 -141.623443603516 -144.092178344727 -147.366195678711 -150.865768432617 -153.940902709961 -156.157516479492 -157.394714355469 -157.35237121582 -155.973419189453 -153.843933105469 -151.185852050781 -148.015014648438 -144.896072387695 -142.220458984375 -139.923843383789 -138.225723266602 -137.234527587891 -137.381652832031 -138.029434204102 -139.47673034668 -141.001556396484 -142.463348388672 -143.426651000977 -143.453170776367 -142.392105102539 -140.52424621582 -138.057266235352 -135.166076660156 -132.785339355469 -131.739776611328 -132.226211547852 -134.153991699219 -137.386077880859 -141.853530883789 -147.156112670898 -152.620071411133 -158.442138671875 -163.212066650391 -166.435745239258 -167.958221435547
-236.520492553711 -226.729370117188 -215.054916381836 -202.793304443359 -190.690856933594 -179.028991699219 -168.406936645508 -158.743301391602 -150.676162719727 -144.102416992188 -139.147201538086 -136.101623535156 -134.748443603516 -135.179718017578 -136.979629516602 -139.590148925781 -142.833831787109 -146.049591064453 -148.894149780273 -150.758529663086 -151.692474365234 -151.690811157227 -150.464630126953 -148.610107421875 -146.207397460938 -143.525344848633 -140.738739013672 -138.045211791992 -135.643157958984 -133.912582397461 -133.240432739258 -133.47673034668 -134.791976928711 -136.553680419922 -138.623458862305 -140.403228759766 -141.394882202148 -141.234924316406 -139.947662353516 -137.334732055664 -134.211471557617 -131.800476074219 -130.110733032227 -129.69367980957 -130.693008422852 -133.137420654297 -137.181060791016 -142.440765380859 -148.540878295898 -155.207443237305 -161.147430419922 -165.897186279297 -169.012893676758
-237.674987792969 -228.508514404297 -217.606674194336 -205.660293579102 -193.417755126953 -181.533584594727 -170.355606079102 -160.185592651367 -151.463272094727 -143.897811889648 -137.786972045898 -133.463226318359 -130.936126708984 -130.465942382812 -131.507141113281 -133.769256591797 -136.914154052734 -140.498977661133 -143.773468017578 -146.505004882812 -148.44677734375 -149.543838500977 -149.597732543945 -148.626541137695 -146.74674987793 -144.044998168945 -140.69743347168 -137.148651123047 -133.944549560547 -131.185150146484 -129.598083496094 -129.03547668457 -130.190170288086 -132.142669677734 -134.609909057617 -137.155456542969 -139.018463134766 -139.531997680664 -138.607391357422 -135.991973876953 -133.062408447266 -130.128631591797 -127.688117980957 -126.285682678223 -126.003120422363 -127.579925537109 -130.972396850586 -135.835418701172 -141.969177246094 -149.166534423828 -156.124145507812 -162.092987060547 -166.694213867188
-235.296646118164 -227.954299926758 -218.597534179688 -207.318008422852 -195.560913085938 -184.047027587891 -172.837585449219 -162.761474609375 -153.194137573242 -144.785263061523 -137.739974975586 -132.431823730469 -128.951599121094 -127.564239501953 -127.763549804688 -129.873779296875 -133.115798950195 -137.082321166992 -141.147354125977 -144.916946411133 -148.258361816406 -150.346786499023 -151.178771972656 -150.753540039062 -148.857376098633 -145.701721191406 -141.591934204102 -137.246078491211 -132.736190795898 -128.786972045898 -126.024459838867 -124.718566894531 -124.849632263184 -126.73397064209 -129.697128295898 -132.831024169922 -135.597991943359 -136.885055541992 -136.281448364258 -134.413101196289 -131.336273193359 -127.628364562988 -124.198036193848 -121.475151062012 -120.033676147461 -120.60383605957 -123.349311828613 -127.598777770996 -133.32080078125 -140.603424072266 -148.238845825195 -155.242568969727 -161.015670776367
-229.964004516602 -224.353927612305 -216.880615234375 -207.757263183594 -197.192794799805 -186.420166015625 -175.837539672852 -165.450531005859 -155.531600952148 -146.24739074707 -138.556106567383 -132.50227355957 -128.284240722656 -126.338081359863 -126.580558776855 -128.217849731445 -131.657485961914 -136.116424560547 -141.048919677734 -146.133377075195 -150.509231567383 -153.572357177734 -155.079772949219 -154.881896972656 -152.788681030273 -148.929168701172 -143.553619384766 -137.523422241211 -131.448471069336 -126.095886230469 -122.050476074219 -119.758811950684 -119.210296630859 -120.957321166992 -124.055145263672 -127.697357177734 -131.072860717773 -132.910903930664 -132.937591552734 -131.396728515625 -128.232482910156 -123.983024597168 -119.723045349121 -115.725250244141 -113.250770568848 -112.798728942871 -114.549995422363 -117.989151000977 -123.209373474121 -129.751174926758 -138.153945922852 -145.935440063477 -153.10986328125
-222.067718505859 -218.51335144043 -213.323806762695 -206.327545166016 -197.957672119141 -188.723785400391 -178.888031005859 -168.441696166992 -158.128860473633 -148.693069458008 -140.432830810547 -133.634246826172 -129.112930297852 -126.816131591797 -126.874504089355 -128.784912109375 -132.30940246582 -137.389953613281 -143.276763916016 -149.561676025391 -154.763885498047 -158.58137512207 -160.612228393555 -160.572494506836 -157.904220581055 -152.811172485352 -145.697982788086 -137.528503417969 -129.750106811523 -122.830505371094 -117.525932312012 -114.205909729004 -112.955596923828 -114.178802490234 -117.446914672852 -121.520080566406 -125.270904541016 -127.792053222656 -128.771240234375 -127.524894714355 -124.287544250488 -119.584671020508 -114.203285217285 -109.416526794434 -106.141662597656 -104.874618530273 -105.567054748535 -108.167427062988 -112.919105529785 -119.170631408691 -126.989181518555 -135.892990112305 -144.357482910156
-213.350112915039 -211.377685546875 -208.608291625977 -204.128112792969 -198.203338623047 -190.327865600586 -181.486831665039 -171.560592651367 -161.126403808594 -151.438217163086 -142.842407226562 -136.087509155273 -131.188018798828 -128.514450073242 -128.540725708008 -130.658050537109 -134.807144165039 -140.794815063477 -147.585952758789 -154.877349853516 -161.087585449219 -165.291534423828 -167.499526977539 -166.888412475586 -163.142700195312 -156.269088745117 -146.963638305664 -136.565979003906 -126.588821411133 -118.161720275879 -111.827865600586 -107.8037109375 -105.968788146973 -106.926933288574 -109.920196533203 -113.978927612305 -118.108695983887 -121.814521789551 -123.62467956543 -122.737510681152 -119.38436126709 -113.984199523926 -107.866958618164 -102.759368896484 -98.9654312133789 -97.100700378418 -96.9651489257812 -98.8631439208984 -103.016075134277 -109.163200378418 -116.938407897949 -125.780319213867 -135.332153320312
-204.925582885742 -204.6484375 -203.708770751953 -201.288757324219 -197.380874633789 -191.596862792969 -183.391555786133 -173.909118652344 -164.200958251953 -154.737686157227 -146.114791870117 -139.182205200195 -134.129486083984 -131.398559570312 -131.558654785156 -134.314270019531 -138.934478759766 -145.163497924805 -152.629608154297 -160.481338500977 -167.608688354492 -172.549819946289 -174.48796081543 -172.675338745117 -167.043197631836 -158.053207397461 -146.494293212891 -133.88557434082 -122.228729248047 -112.2919921875 -104.758178710938 -100.171752929688 -98.1048355102539 -98.8741836547852 -101.893913269043 -106.123321533203 -110.940887451172 -115.169456481934 -117.235656738281 -116.351890563965 -112.934051513672 -107.811180114746 -101.856674194336 -96.4301986694336 -92.2120819091797 -89.793083190918 -89.1639633178711 -90.530143737793 -94.3750991821289 -100.128852844238 -107.636756896973 -116.901016235352 -126.714866638184
-196.473159790039 -197.879272460938 -198.631744384766 -198.170150756836 -196.158355712891 -191.270645141602 -184.218368530273 -176.145889282227 -166.956817626953 -157.975433349609 -149.73567199707 -142.725708007812 -137.516616821289 -135.112396240234 -135.409042358398 -138.156829833984 -143.071899414062 -149.551162719727 -157.61799621582 -165.800399780273 -172.747192382812 -177.546142578125 -178.904602050781 -175.908645629883 -168.328918457031 -157.020843505859 -143.285079956055 -129.002197265625 -115.947471618652 -105.201171875 -97.1650772094727 -92.0683517456055 -89.7001419067383 -90.4057693481445 -93.4331893920898 -98.0726776123047 -103.358406066895 -107.70645904541 -110.321174621582 -110.325859069824 -107.645965576172 -102.760566711426 -96.7375793457031 -90.9468154907227 -86.4715270996094 -83.5791625976562 -82.5703582763672 -83.5296783447266 -86.9102935791016 -92.3972778320312 -99.9281845092773 -109.228210449219 -119.984893798828
-188.288070678711 -191.057998657227 -193.19010925293 -194.206802368164 -193.606292724609 -190.457458496094 -184.659118652344 -177.590362548828 -169.416687011719 -160.807357788086 -152.875411987305 -145.872436523438 -140.777191162109 -138.517929077148 -138.695846557617 -141.581787109375 -146.538665771484 -153.079605102539 -161.037475585938 -168.959671020508 -175.470245361328 -179.341903686523 -179.462387084961 -174.848587036133 -165.378326416016 -152.169204711914 -136.92919921875 -121.55590057373 -107.798233032227 -96.7597351074219 -88.7801361083984 -83.7910995483398 -81.5663528442383 -82.3371810913086 -85.5380859375 -90.3469314575195 -95.912727355957 -101.125038146973 -104.681221008301 -105.126480102539 -102.470634460449 -97.4890441894531 -91.6583557128906 -85.7963104248047 -81.1626968383789 -78.0444793701172 -76.7969284057617 -77.5796966552734 -80.7247772216797 -85.799934387207 -93.2454071044922 -102.727638244629 -113.711578369141
-180.774063110352 -184.858215332031 -187.99951171875 -190.260894775391 -190.887969970703 -188.802780151367 -184.601989746094 -178.468246459961 -170.812911987305 -162.760391235352 -154.947082519531 -148.224060058594 -143.077392578125 -140.958602905273 -141.089447021484 -143.750762939453 -148.193954467773 -154.603805541992 -162.097076416016 -169.117279052734 -174.539459228516 -177.005187988281 -175.200225830078 -168.933685302734 -157.813903808594 -143.087310791016 -127.248664855957 -111.826042175293 -98.1448440551758 -87.520393371582 -80.0420303344727 -75.2312316894531 -73.4159774780273 -74.5197601318359 -78.1240539550781 -83.3268661499023 -89.6531372070312 -95.4176635742188 -99.2994918823242 -100.227020263672 -97.8521041870117 -92.9713745117188 -86.9625473022461 -80.9933853149414 -76.2888946533203 -73.1824569702148 -71.7987518310547 -72.3977355957031 -75.1351699829102 -80.1309127807617 -87.6785659790039 -97.3381423950195 -108.737571716309
-174.547103881836 -178.856155395508 -183.446762084961 -186.539932250977 -188.158798217773 -187.047073364258 -183.801452636719 -178.289688110352 -171.064529418945 -163.244857788086 -155.650650024414 -148.923065185547 -144.168334960938 -141.999420166016 -141.905288696289 -144.071594238281 -147.875198364258 -153.611770629883 -159.99137878418 -165.605087280273 -169.359390258789 -169.706344604492 -165.671752929688 -157.877227783203 -145.865432739258 -130.85954284668 -115.052795410156 -100.372932434082 -87.6753997802734 -77.8225326538086 -71.0552139282227 -66.6863632202148 -65.7462463378906 -67.6249313354492 -71.6815032958984 -77.4933700561523 -84.131217956543 -90.2120361328125 -94.418212890625 -95.6822891235352 -93.6603775024414 -89.0293807983398 -82.8941268920898 -76.7016372680664 -71.9648513793945 -68.795166015625 -67.3929138183594 -67.804931640625 -70.5301666259766 -75.7671051025391 -83.4329681396484 -93.2151107788086 -104.804656982422
-169.612045288086 -174.019149780273 -178.668350219727 -182.552947998047 -184.507202148438 -184.665573120117 -181.944198608398 -176.761032104492 -169.758102416992 -161.984497070312 -154.677627563477 -148.390518188477 -143.828231811523 -141.359970092773 -140.673812866211 -142.101654052734 -145.00569152832 -149.407135009766 -154.209503173828 -158.057388305664 -159.649353027344 -158.023727416992 -152.326919555664 -142.517486572266 -130.537414550781 -116.074684143066 -101.219512939453 -87.8649063110352 -76.6712875366211 -68.0087585449219 -62.1725730895996 -59.1227111816406 -59.1470642089844 -61.5677947998047 -66.0892715454102 -72.5358276367188 -79.6236877441406 -86.0988693237305 -90.5301055908203 -92.0308532714844 -90.1916580200195 -85.6731643676758 -79.5603179931641 -73.3464660644531 -68.1492156982422 -65.1015396118164 -63.8413925170898 -64.3120193481445 -67.147819519043 -72.4696578979492 -80.1501159667969 -90.0340728759766 -102.060859680176
-165.494918823242 -170.245788574219 -174.828720092773 -178.406494140625 -180.672653198242 -181.098068237305 -178.874450683594 -173.721740722656 -167.099502563477 -159.761322021484 -152.762420654297 -146.454498291016 -141.72526550293 -138.900955200195 -137.466537475586 -137.776931762695 -139.729141235352 -142.417404174805 -145.157699584961 -147.052322387695 -146.589324951172 -143.12760925293 -136.143051147461 -125.802116394043 -113.464515686035 -100.036567687988 -86.7854690551758 -75.2954025268555 -65.9003601074219 -58.9122505187988 -54.4510040283203 -52.4790878295898 -53.458080291748 -56.4185028076172 -61.9249954223633 -68.8559112548828 -76.4072494506836 -83.2892684936523 -88.1884613037109 -89.9040298461914 -88.2525329589844 -83.7559280395508 -77.4751815795898 -71.1151123046875 -65.9328231811523 -62.5970306396484 -61.1581954956055 -61.7941017150879 -64.681022644043 -70.1958084106445 -78.0081253051758 -88.0405960083008 -100.288558959961
-162.274017333984 -167.094299316406 -171.724243164062 -175.60481262207 -177.835632324219 -177.585266113281 -174.940170288086 -170.738265991211 -164.428436279297 -157.066589355469 -150.039505004883 -143.3447265625 -138.041595458984 -134.694793701172 -132.313629150391 -131.802642822266 -132.283096313477 -133.298950195312 -133.984146118164 -133.747177124023 -131.535034179688 -126.66820526123 -118.850242614746 -108.428695678711 -96.9047546386719 -84.958251953125 -73.4795074462891 -63.8559875488281 -56.3147964477539 -51.067138671875 -47.9367370605469 -46.9478187561035 -48.8994941711426 -52.8925666809082 -58.7722854614258 -66.083869934082 -73.9935531616211 -81.222282409668 -86.3729019165039 -88.3563995361328 -86.9018173217773 -82.543098449707 -76.4939346313477 -70.1933517456055 -64.6767120361328 -60.9648666381836 -59.2884864807129 -60.1794395446777 -63.383415222168 -69.0022735595703 -77.0583419799805 -87.3177261352539 -99.5636672973633
-159.920440673828 -164.856643676758 -169.462448120117 -173.123352050781 -175.056564331055 -174.946762084961 -172.293212890625 -167.490478515625 -161.038314819336 -153.52424621582 -146.367431640625 -139.127044677734 -133.364196777344 -129.329483032227 -126.441474914551 -124.635147094727 -123.726516723633 -122.973915100098 -121.739845275879 -119.464485168457 -115.749282836914 -109.951995849609 -101.993927001953 -92.1032104492188 -81.6322021484375 -71.2829818725586 -61.7169952392578 -53.9252090454102 -48.139232635498 -44.3506355285645 -42.3714218139648 -42.8558349609375 -45.2214813232422 -49.8561019897461 -56.4060859680176 -64.3257064819336 -72.7412338256836 -80.4001007080078 -85.9094772338867 -88.1455001831055 -86.7143707275391 -82.3173065185547 -76.336540222168 -70.1106185913086 -64.52978515625 -60.3969421386719 -58.7708930969238 -59.7042007446289 -63.025203704834 -68.9157409667969 -77.0516662597656 -87.4524383544922 -99.458366394043
-159.073257446289 -163.93603515625 -168.222366333008 -171.477127075195 -173.234710693359 -172.8427734375 -170.066146850586 -164.977737426758 -158.239715576172 -150.36882019043 -142.715362548828 -135.320663452148 -129.05842590332 -124.052909851074 -120.349510192871 -117.279289245605 -115.028953552246 -112.627334594727 -109.760856628418 -105.972709655762 -100.88648223877 -94.4891586303711 -86.5856628417969 -77.5577926635742 -68.4803466796875 -59.6318702697754 -51.9493408203125 -45.8725128173828 -41.5356521606445 -38.9547691345215 -38.3179016113281 -39.3618850708008 -42.4642868041992 -47.6641960144043 -54.8273391723633 -63.5085220336914 -72.6039428710938 -80.8827667236328 -86.8478240966797 -89.2889022827148 -87.8131942749023 -83.274528503418 -77.0156707763672 -70.6019515991211 -65.163215637207 -61.4274520874023 -59.5483131408691 -60.4418334960938 -63.67578125 -69.4041213989258 -77.7657699584961 -87.9443206787109 -99.6254348754883
-159.56315612793 -163.88916015625 -167.743103027344 -170.398025512695 -171.590713500977 -170.962783813477 -168.038360595703 -162.584442138672 -155.753112792969 -147.733306884766 -139.59358215332 -132.200912475586 -125.394355773926 -119.562728881836 -114.69083404541 -110.577209472656 -107.000587463379 -103.42106628418 -99.2683410644531 -94.1862411499023 -88.2193222045898 -81.3284072875977 -73.6625518798828 -65.433349609375 -57.4661445617676 -50.1384773254395 -44.1611175537109 -39.5316543579102 -36.4816284179688 -34.9296722412109 -35.2045021057129 -36.9020652770996 -40.6804809570312 -46.4607238769531 -54.1575241088867 -63.217643737793 -72.8458251953125 -81.6450576782227 -88.0405349731445 -90.7427673339844 -89.4642333984375 -84.9844436645508 -78.7323303222656 -72.2700119018555 -66.8521194458008 -63.1215667724609 -61.3476409912109 -62.2174987792969 -65.2318115234375 -70.9664306640625 -79.1737060546875 -89.0495834350586 -100.092750549316
-160.874801635742 -164.255310058594 -167.209747314453 -169.165466308594 -169.654266357422 -168.6201171875 -165.787078857422 -160.566528320312 -153.748626708984 -145.930999755859 -137.80940246582 -129.939666748047 -122.806098937988 -116.359512329102 -110.622436523438 -105.198715209961 -100.595336914062 -96.0278625488281 -90.8291702270508 -84.9577331542969 -78.2218627929688 -70.9375915527344 -63.194652557373 -55.8127288818359 -48.9242362976074 -43.0386428833008 -38.3152656555176 -34.8774108886719 -32.8621406555176 -32.2508888244629 -32.9983291625977 -35.4087295532227 -39.7271308898926 -46.093204498291 -54.4780349731445 -64.3876266479492 -74.8862457275391 -84.4083862304688 -91.2920455932617 -94.0764389038086 -92.8183670043945 -88.2566299438477 -82.0208969116211 -75.4203109741211 -69.7535629272461 -65.9320449829102 -64.1701889038086 -64.762580871582 -67.711181640625 -73.3371276855469 -80.9990310668945 -90.2650375366211 -100.291709899902
-161.932403564453 -164.320022583008 -166.089126586914 -167.289245605469 -167.368728637695 -166.153717041016 -163.139892578125 -158.391296386719 -152.186752319336 -144.662368774414 -136.850921630859 -128.923538208008 -121.454032897949 -114.64086151123 -108.381698608398 -102.364181518555 -96.6702728271484 -90.8957138061523 -84.8200607299805 -78.251838684082 -71.1044082641602 -63.4264602661133 -55.9730453491211 -49.2016906738281 -43.2764549255371 -38.3296432495117 -34.4584541320801 -31.827018737793 -30.4209098815918 -30.5358600616455 -31.8512020111084 -34.8667984008789 -39.8844184875488 -46.815559387207 -55.8335609436035 -66.4896240234375 -77.6304931640625 -87.7153244018555 -94.916862487793 -98.1066818237305 -97.0460205078125 -92.5561981201172 -86.1875839233398 -79.5116882324219 -73.7188186645508 -69.7184295654297 -67.8203887939453 -68.1593246459961 -70.7979049682617 -75.977783203125 -83.0579605102539 -91.3331604003906 -99.91015625
-162.170806884766 -163.376190185547 -163.993530273438 -164.160720825195 -163.974746704102 -162.749969482422 -160.107315063477 -155.783142089844 -150.571762084961 -144.003082275391 -136.729873657227 -129.261764526367 -121.756675720215 -114.755424499512 -107.933670043945 -101.50350189209 -94.9739532470703 -88.2234802246094 -81.1520080566406 -73.5787887573242 -66.1328964233398 -58.7130851745605 -51.7321319580078 -45.3849296569824 -39.8319053649902 -35.529857635498 -32.3137626647949 -30.202766418457 -29.3554821014404 -29.9658603668213 -31.8728561401367 -35.4360008239746 -40.9131813049316 -48.4986457824707 -57.9524383544922 -69.1007690429688 -80.7434158325195 -91.2052688598633 -98.6786117553711 -102.209419250488 -101.507484436035 -97.347412109375 -91.4011459350586 -84.6134643554688 -78.6980285644531 -74.5370712280273 -72.2916641235352 -72.0445022583008 -74.1130447387695 -78.6516036987305 -84.7442626953125 -91.5435333251953 -98.2897262573242
-161.094650268555 -160.922286987305 -160.466796875 -159.764846801758 -158.994369506836 -157.966613769531 -155.990295410156 -152.759948730469 -148.817123413086 -143.592880249023 -137.246109008789 -130.402328491211 -123.651664733887 -116.620307922363 -109.560829162598 -102.507415771484 -95.3945007324219 -88.0198974609375 -80.2272567749023 -72.1175689697266 -64.0739364624023 -56.4413871765137 -49.4830932617188 -43.4121208190918 -38.3261413574219 -34.3291168212891 -31.5407333374023 -29.9809589385986 -29.6199703216553 -30.6130905151367 -33.0668106079102 -37.058235168457 -43.0093078613281 -51.0180892944336 -60.9906768798828 -72.2980117797852 -84.0490417480469 -94.6753540039062 -102.322021484375 -106.166015625 -106.280265808105 -102.611946105957 -96.7417297363281 -90.1747665405273 -84.2005157470703 -79.8543167114258 -77.1564102172852 -76.5297317504883 -77.7136306762695 -81.2082443237305 -85.7858810424805 -90.6918563842773 -95.0541610717773
