indici/fabbisogno05.asc
NCOLS 177 
NROWS 174 
XLLCORNER 1436301.375 
YLLCORNER 4916704.5 
CELLSIZE 1500 
NODATA_value -9999 
[rows 96 to 119 of 174, columns 53 to 105 of 177]
-43.2076461791992 -38.6612518310547 -34.1131301879883 -30.6592422485352 -28.1650024414063 -26.301481628418 -25.113444519043 -24.2018768310547 -23.5216232299805 -23.9176849365234 -25.2845962524414 -26.5329940795898 -27.7337020874023 -29.0137237548828 -29.5046463012695 -29.290754699707 -28.4978317260742 -25.6142211914063 -20.7948226928711 -14.2564178466797 -7.01459045410157 0.336266326904294 6.76425094604492 12.2795051574707 16.771875 20.5856109619141 23.0934768676758 24.3228843688965 24.2022323608398 23.1449752807617 21.0222702026367 17.716919708252 13.6086059570312 6.96389083862304 -1.33376770019532 -10.156217956543 -18.536994934082 -25.9994812011719 -32.6044723510742 -37.1505187988281 -39.4364669799805 -40.3987731933594 -39.5695816040039 -38.3152069091797 -35.6434005737305 -32.2310073852539 -28.2772323608398 -23.7046981811523 -18.7304946899414 -14.0565292358398 -9.31123199462891 -3.48432769775391 2.33992691040039
-35.7445510864258 -31.5735229492187 -27.6532287597656 -24.663606262207 -22.7869171142578 -21.4821411132813 -20.6428985595703 -19.9063522338867 -20.3240005493164 -21.4571029663086 -23.5115646362305 -25.473649597168 -27.3642227172852 -28.6891204833984 -29.2771224975586 -29.8531600952148 -29.3242950439453 -27.1065979003906 -23.1381149291992 -17.6001174926758 -11.3798721313477 -5.02436599731445 0.651019287109371 5.77074432373047 10.0329124450684 13.9481506347656 16.2223831176758 17.5154373168945 17.630615234375 16.6087028503418 14.9573944091797 12.0644500732422 8.08601608276367 2.60786209106445 -4.43837051391602 -12.1403289794922 -19.2996292114258 -25.4856292724609 -31.0289764404297 -34.9896331787109 -37.3889923095703 -38.9268478393555 -39.4464935302734 -38.6811386108398 -37.1153305053711 -34.9260009765625 -31.1532653808594 -26.4763336181641 -21.1002075195313 -15.093424987793 -8.53903808593751 -1.97152175903321 4.65473403930664
-28.0776138305664 -24.6387008666992 -21.293359375 -19.601220703125 -18.2936218261719 -17.3803863525391 -16.7566329956055 -16.8332748413086 -17.9442047119141 -19.8644332885742 -22.2548812866211 -25.0816650390625 -27.1883422851563 -28.5675247192383 -29.2309509277344 -29.5494094848633 -29.0849380493164 -27.4714782714844 -24.0857330322266 -19.9778198242187 -15.1557510375977 -10.2690841674805 -5.55262985229492 -1.2315559387207 3.09826049804687 6.25202255249023 8.35442504882812 9.86422653198242 10.5749404907227 9.8549934387207 8.75628204345703 6.55827484130859 2.94949569702148 -1.09486923217774 -7.02561798095704 -13.2911376953125 -19.2134841918945 -24.4402084350586 -28.941780090332 -32.2002380371094 -34.3442474365234 -35.9567718505859 -36.8836029052734 -36.9199935913086 -36.8147430419922 -35.2972900390625 -32.581071472168 -28.5838897705078 -23.4689926147461 -16.9911895751953 -9.43604278564453 -1.45323791503907 6.51492691040039
-21.6222854614258 -18.8268310546875 -16.6541625976563 -15.5052429199219 -14.9879501342773 -14.5067535400391 -14.5531295776367 -15.3958419799805 -16.9947128295898 -19.0557891845703 -21.3772857666016 -24.2693054199219 -26.4748840332031 -27.918180847168 -28.9768081665039 -29.3273223876953 -28.2844848632812 -26.7526351928711 -24.2809478759766 -21.4308685302734 -18.0053924560547 -14.6653549194336 -11.2727676391602 -7.5863754272461 -4.2772315979004 -1.6474853515625 0.411881256103513 2.241162109375 3.56504821777344 3.67389984130859 3.27985382080078 2.06735458374023 -0.433422851562504 -3.20146026611329 -7.79747619628907 -12.7934677124023 -17.178271484375 -21.3117706298828 -25.1620300292969 -27.7573471069336 -29.5281768798828 -31.1009048461914 -32.6686538696289 -33.3760162353516 -34.0741287231445 -33.9694595336914 -32.5833358764648 -29.7133224487305 -25.1974105834961 -18.6589233398438 -10.5936645507813 -2.02118453979492 6.68621673583984
-15.8924331665039 -14.3342025756836 -13.5368606567383 -13.1072036743164 -12.7746047973633 -12.8531356811523 -13.542724609375 -15.1373916625977 -16.7671676635742 -18.7650100708008 -20.9070266723633 -23.287385559082 -26.3659576416016 -27.6836639404297 -28.6455032348633 -28.4324630737305 -27.4365676879883 -25.7167144775391 -23.9020111083984 -22.1977584838867 -19.991047668457 -17.9955047607422 -15.5676055908203 -13.0392120361328 -10.6929061889648 -8.49591522216797 -6.33886108398438 -4.14831314086914 -2.14793548583985 -0.945935821533205 -0.472277832031253 -0.521965026855469 -1.71553421020508 -3.46283645629883 -6.62630615234375 -10.0241928100586 -13.5502243041992 -16.8329177856445 -19.1866622924805 -21.9625793457031 -23.7584579467773 -25.4123825073242 -27.0815093994141 -28.5435546875 -30.1562057495117 -31.1166854858398 -31.1224822998047 -29.505322265625 -25.6126510620117 -19.5473587036133 -11.3364135742188 -2.39197006225587 6.66131973266602
-11.4240081787109 -11.3894577026367 -11.7804748535156 -11.9444107055664 -12.3954605102539 -12.7666366577148 -13.6862518310547 -14.9251907348633 -16.7175201416016 -18.6901397705078 -21.1650588989258 -23.9173522949219 -26.0775421142578 -27.785530090332 -28.0054794311523 -27.5467330932617 -26.2041519165039 -25.0891098022461 -23.4444183349609 -22.7448608398438 -21.3361328125 -19.6554244995117 -18.2547378540039 -17.1156875610352 -15.3621429443359 -13.3619674682617 -11.0167388916016 -8.37725830078125 -5.59265594482422 -3.24800262451172 -1.86800918579102 -0.855644226074219 -0.911928558349615 -1.70301742553711 -3.29254837036133 -5.87405090332032 -8.80918273925781 -11.3931121826172 -13.2838027954102 -15.3036590576172 -17.390495300293 -19.0976425170898 -21.0091033935547 -23.0957580566406 -25.3735015869141 -27.1194549560547 -28.0586456298828 -27.1117813110352 -24.0497528076172 -18.3222946166992 -11.1287826538086 -2.5010124206543 6.4773063659668
-8.63119659423828 -9.89324493408203 -11.0153686523438 -12.0361724853516 -12.6994934082031 -13.2403396606445 -14.3542877197266 -15.5201934814453 -17.2487182617188 -19.6368515014648 -22.0185852050781 -24.591584777832 -26.3121475219727 -27.0971160888672 -27.2187973022461 -26.5841735839844 -25.7926895141602 -24.0937652587891 -22.4705093383789 -21.7334197998047 -21.0294250488281 -20.3798431396484 -19.8340179443359 -18.8831344604492 -17.5015121459961 -15.5325531005859 -12.9245590209961 -9.81408081054688 -6.36597290039063 -3.09552993774415 -0.868516540527345 0.871097564697266 1.83482360839844 1.78406066894531 1.21730346679687 -0.805281066894537 -3.40497360229492 -5.77650909423829 -7.89954681396485 -9.55808258056641 -11.449446105957 -13.3010925292969 -15.1767593383789 -17.6247222900391 -20.1246200561523 -22.3347152709961 -23.4266372680664 -22.6428375244141 -20.5299774169922 -15.9976959228516 -9.62042999267578 -1.79548263549805 6.5158447265625
-6.64681243896484 -8.80918121337891 -10.8241500854492 -12.5530532836914 -13.7087463378906 -14.4589553833008 -15.6377593994141 -16.7319839477539 -18.4841979980469 -20.7922592163086 -23.1584594726563 -25.3366516113281 -26.7390487670898 -27.0897445678711 -26.6113479614258 -25.807373046875 -24.5998306274414 -22.8706344604492 -21.5493988037109 -21.1712692260742 -20.7467697143555 -20.4277282714844 -19.9044006347656 -18.967790222168 -17.3625793457031 -15.1489501953125 -12.108137512207 -8.56921081542969 -4.69362030029297 -0.846344757080082 2.02294158935547 4.22522583007812 5.74340667724609 6.29213180541992 5.94799728393554 4.14206085205078 1.73533935546875 -1.26677627563477 -3.64556121826172 -5.58150024414063 -7.45333251953125 -9.09101867675781 -10.5876602172852 -12.7230651855469 -14.8068832397461 -16.5219192504883 -17.5526260375977 -17.6835952758789 -15.9372802734375 -12.1437896728516 -6.65170898437501 0.0535781860351534 7.32574157714843
-5.49383544921875 -8.33620300292969 -10.9809936523437 -12.8966949462891 -14.3289276123047 -15.2642639160156 -16.7129638671875 -17.8618881225586 -19.5080764770508 -21.81552734375 -24.1868423461914 -26.312190246582 -27.7089263916016 -27.7937805175781 -26.8691879272461 -25.5748245239258 -24.4787017822266 -22.9530426025391 -21.5392471313477 -20.6313903808594 -19.8928497314453 -19.641796875 -18.8955291748047 -17.6104705810547 -15.2460983276367 -12.7837020874023 -9.28108215332031 -5.55005798339844 -1.38908157348633 2.64739379882812 5.9805793762207 8.49008941650391 10.0604370117187 10.6741477966309 10.2627593994141 8.00712356567382 5.34574737548828 2.65250625610351 -0.0163078308105469 -2.57979125976563 -4.47772521972657 -6.15714416503906 -7.83724212646484 -9.50647125244141 -10.7501724243164 -11.4607421875 -12.1578643798828 -11.8532165527344 -10.1619857788086 -6.93849029541016 -2.58290252685547 2.79590301513672 8.5584846496582
-4.98925552368164 -8.07345581054688 -10.8287338256836 -12.9048828125 -14.3624633789062 -15.5306579589844 -16.9736846923828 -18.3266510009766 -20.0771499633789 -22.37109375 -24.7618606567383 -26.8468185424805 -28.0702941894531 -28.4085098266602 -27.6275543212891 -26.010090637207 -24.4177124023438 -22.6508682250977 -20.9194030761719 -20.0010238647461 -18.918473815918 -18.1948944091797 -16.7775085449219 -15.0322769165039 -12.810888671875 -9.74639129638672 -6.05647430419922 -1.83872451782227 2.34225311279297 6.40522689819336 9.78937911987305 12.4825790405273 13.9251235961914 14.5813949584961 13.3424797058105 11.1606079101562 8.25286254882812 5.09848327636718 2.01215515136718 -0.554125976562503 -2.57991790771484 -4.32548065185547 -5.57193603515626 -6.79510650634766 -7.56725158691407 -7.82317962646485 -7.16602630615235 -6.20578765869141 -4.26648254394532 -1.45817489624024 1.95115661621094 5.84944839477539 9.78531036376953
-5.03949508666992 -8.04559020996094 -10.5138519287109 -12.375651550293 -13.9001846313477 -14.9775466918945 -16.4660598754883 -18.142756652832 -20.1511657714844 -22.6775955200195 -25.0605987548828 -27.1780944824219 -28.5974853515625 -29.0253326416016 -28.5591018676758 -26.9260192871094 -24.9833236694336 -22.775048828125 -20.2330047607422 -18.910041809082 -17.7957641601563 -16.4090591430664 -14.6688034057617 -12.6692459106445 -9.92366333007813 -6.73453063964844 -3.02196731567383 1.24053878784179 5.52605895996093 9.80349655151367 13.1589019775391 15.5223426818848 17.2444923400879 17.3758781433105 15.895287322998 13.5161262512207 10.304451751709 6.63513412475586 3.02990646362304 -0.0812385559082074 -2.34695892333985 -3.88711700439453 -4.75246124267579 -5.26113739013672 -5.21872863769531 -4.48421630859375 -3.15551147460938 -0.983816528320318 1.20285263061523 3.69535675048828 6.34446029663086 8.77926330566406 11.1089477539062
-5.74314727783203 -8.06026763916016 -9.90404205322266 -11.2901657104492 -12.6190444946289 -13.6392105102539 -14.8814056396484 -17.1365005493164 -19.7991394042969 -22.5753936767578 -24.9477615356445 -27.4569488525391 -29.1673843383789 -29.8364822387695 -29.4489929199219 -27.9775955200195 -25.7402145385742 -23.4626174926758 -20.6745880126953 -18.4497695922852 -16.6798645019531 -15.029801940918 -12.6223266601563 -10.408268737793 -7.31632537841797 -4.12853546142578 -0.382538604736332 3.67456741333007 7.81426467895508 11.9443473815918 15.4968048095703 17.8948829650879 19.2347396850586 18.841056060791 17.3101783752441 14.9150703430176 11.5049446105957 7.31258163452148 3.01971282958984 -0.813081359863283 -3.72012634277344 -5.23212127685547 -5.41209564208985 -4.67217407226563 -3.66716461181641 -1.90043640136719 0.162923431396479 2.99583740234375 5.50464172363281 7.88701553344726 9.83757629394531 11.1032135009766 12.2630226135254
-7.16409149169922 -8.47245483398438 -9.38636474609375 -10.0028930664063 -10.9351593017578 -11.6029327392578 -12.9098266601562 -15.422575378418 -18.3729461669922 -21.3270370483398 -24.3069107055664 -27.2630065917969 -29.2543304443359 -30.2885284423828 -30.0979187011719 -28.6225646972656 -26.1963577270508 -23.399626159668 -21.1043685913086 -18.8522247314453 -16.2534652709961 -13.5220352172852 -11.3804748535156 -8.85040130615235 -5.71851348876953 -2.47128524780274 1.1608901977539 5.07311553955078 9.18530960083007 13.248713684082 16.5904434204102 19.070093536377 20.0069480895996 19.3648948669434 17.8367805480957 15.1800903320312 11.3561950683594 6.83269729614258 1.99786376953125 -2.30627212524414 -5.36195373535156 -6.69262237548828 -6.41206512451172 -4.82720947265625 -2.64003982543946 -0.343076324462892 2.27678833007812 5.45084457397461 8.26396865844726 10.563444519043 12.297144317627 12.8724731445312 13.0860542297363
-9.4153305053711 -9.6802719116211 -8.9090576171875 -8.58386993408203 -8.65650787353515 -8.92229156494141 -9.94105224609375 -12.065837097168 -15.3783950805664 -18.420263671875 -22.594172668457 -26.1833053588867 -28.5947296142578 -30.122932434082 -30.2170791625977 -28.9399688720703 -26.3555435180664 -24.1058181762695 -21.4840942382813 -19.0177474975586 -16.2451446533203 -13.3739501953125 -10.6740005493164 -8.11006927490234 -5.22097015380859 -2.00363769531251 1.67297058105468 5.51658020019531 9.37077713012695 13.1929206848145 16.5316276550293 18.8330032348633 19.6379768371582 18.906436920166 17.3683555603027 14.4448844909668 10.4367645263672 5.54548263549805 0.345327758789061 -4.30963592529297 -7.62694091796875 -8.89702758789063 -8.42455444335938 -6.41084747314454 -3.46461791992188 -0.176245880126956 3.11659698486328 6.40451354980468 9.60279006958007 11.8211158752441 13.3110191345215 13.8247833251953 13.8076156616211
-11.1356918334961 -10.1652053833008 -8.59634246826172 -6.62436065673828 -5.65629196166992 -5.3422378540039 -6.11815032958985 -7.85816650390625 -10.4500427246094 -14.2812057495117 -19.1265060424805 -23.2168579101562 -26.2219833374023 -28.1466979980469 -28.2498413085938 -27.7127548217773 -25.8695434570313 -23.7091262817383 -21.2272827148438 -18.7112091064453 -15.4422454833984 -13.0654922485352 -10.7744613647461 -8.44596557617188 -5.83956756591797 -2.81038513183594 0.60559158325195 4.36378631591796 8.23920745849609 11.8531303405762 15.0533889770508 17.4223281860352 18.2319435119629 17.697566986084 16.0695388793945 13.2078384399414 9.06584777832031 3.93459243774414 -1.46246109008789 -6.15957336425782 -9.60261535644531 -11.1202926635742 -10.6269317626953 -8.68124694824219 -5.75628967285157 -2.18435592651367 1.49789047241211 5.75869827270508 9.40915374755859 11.8635765075684 13.5306732177734 13.8766258239746 13.6392242431641
-11.7647857666016 -9.50443878173828 -6.5707534790039 -4.1708366394043 -1.65751419067383 -0.335530853271486 -0.473467254638678 -1.87537841796875 -4.76733551025391 -8.68555755615235 -13.4212905883789 -17.6868026733398 -21.2440185546875 -23.6494079589844 -25.3604293823242 -25.5139831542969 -24.1315093994141 -22.2080795288086 -19.6596282958984 -17.5290054321289 -15.1471237182617 -12.7280075073242 -11.0006561279297 -9.47206420898438 -7.17356719970704 -4.57343139648438 -1.40049057006836 2.20819931030273 5.82198867797851 9.37839202880859 12.5014518737793 14.9833122253418 16.1233909606934 15.8371704101562 14.2806144714355 11.5021369934082 7.35681533813477 2.21548233032226 -3.26626586914062 -8.09551544189453 -11.5210647583008 -13.4340805053711 -13.5736190795898 -11.9625564575195 -9.31251220703125 -5.82303771972656 -1.91912078857422 2.87830276489257 6.58953247070312 9.66602249145507 11.9114196777344 12.7608131408691 12.7282035827637
-10.8680969238281 -7.26417236328125 -2.71484451293946 1.26177749633788 3.6678955078125 6.07457962036133 6.39728851318359 5.17064056396484 2.59517517089844 -1.58609619140626 -6.18802032470703 -10.6947341918945 -14.7212051391602 -17.9844863891602 -20.3948791503906 -21.2955825805664 -20.706086730957 -19.3168899536133 -17.3122573852539 -15.5962020874023 -13.7089172363281 -12.1002395629883 -10.83544921875 -9.85187377929688 -8.24266052246094 -6.15189056396485 -3.74159545898438 -0.68686141967774 2.85387802124023 6.49745712280273 9.73140640258789 12.3823226928711 13.6906257629394 13.7287071228027 12.1328025817871 9.63680267333984 5.70081329345703 0.978842926025386 -4.19629058837891 -8.99888458251954 -12.8731826782227 -15.5547866821289 -16.4322708129883 -15.7643356323242 -13.9331298828125 -10.7809860229492 -6.54188079833985 -1.72710723876953 2.47931060791015 6.14544906616211 8.66033477783203 9.90987319946289 10.1010971069336
-8.30149688720703 -3.34969558715821 1.85430145263672 6.82551193237305 10.0431510925293 12.6602142333984 13.6394317626953 12.8864936828613 10.5758033752441 6.82272186279297 2.57845382690429 -2.10414428710938 -6.62867584228516 -10.4272750854492 -13.0530059814453 -14.7367309570313 -15.3163101196289 -14.748112487793 -13.4124893188477 -12.2012512207031 -10.8460418701172 -10.0518127441406 -9.08815460205079 -8.90781402587891 -8.154443359375 -7.48473358154297 -6.01048583984375 -3.52103576660156 -0.169110107421879 3.49911880493164 7.09675827026367 9.93654861450195 11.5720970153809 11.3976051330566 10.4798034667969 8.11415176391601 4.7505859375 0.393161010742183 -4.34578857421875 -9.10965270996094 -13.4840301513672 -17.0097839355469 -18.9303436279297 -19.4294525146484 -18.281477355957 -15.8250015258789 -11.6767013549805 -7.4642074584961 -3.05818176269531 0.834603881835932 3.95270843505859 6.07576904296874 7.02964096069336
-3.76786270141602 2.17528839111328 8.09743499755859 13.2369827270508 16.9307067871094 19.5176223754883 21.1248023986816 20.8216331481934 18.7864715576172 15.8084335327148 11.842440032959 7.30220413208008 2.53106994628906 -1.30574035644531 -4.26143264770508 -6.32046203613282 -7.93815307617188 -8.02336730957032 -7.28001098632813 -6.57501525878907 -5.73893585205079 -5.61506958007813 -5.97710723876953 -6.50255737304688 -7.12204132080078 -7.51719055175781 -7.0569580078125 -5.28200378417969 -2.42680435180664 1.26021423339844 5.03241119384765 8.23685913085937 10.0083656311035 10.2465888977051 9.69031448364257 7.83262329101562 4.6480224609375 0.706048583984369 -3.75835876464844 -8.57085723876953 -13.2499099731445 -17.4183944702148 -20.432307434082 -22.0469772338867 -21.9541091918945 -19.8960540771484 -16.8969543457031 -13.1893615722656 -9.37151641845703 -5.39238891601563 -1.53511810302734 1.70824813842773 3.71858367919921
2.69816055297851 9.00165023803711 15.181819152832 20.3135467529297 24.0426460266113 26.5704284667969 28.3060485839844 28.1981021881103 26.7282642364502 24.3602272033691 21.0162780761719 16.987264251709 12.5447189331055 8.53670120239258 5.56100311279297 3.09130172729492 1.62264709472656 0.929831695556636 0.943662261962885 1.07187118530273 1.08135681152343 -0.0494277954101605 -1.10073928833008 -2.50450668334961 -4.19038696289063 -5.5694580078125 -5.99812469482422 -5.07017669677735 -2.71715316772461 0.901591491699214 4.78034896850586 7.90259628295898 9.86981811523437 10.5239967346191 10.0753425598145 8.89604263305664 6.0582649230957 2.33861389160156 -1.94515838623047 -6.80815124511719 -11.638591003418 -16.3006637573242 -20.1366973876953 -22.9470764160156 -23.7324829101562 -23.4195739746094 -21.4814727783203 -18.8512985229492 -15.3040863037109 -11.15712890625 -7.03983459472656 -3.40702362060547 0.102918243408197
10.8122146606445 16.6433395385742 22.3578666687012 27.2426475524902 30.7295673370361 33.1162815093994 34.7635208129883 34.6660537719727 33.8310516357422 31.9360961914062 29.3392730712891 26.0776496887207 22.517113494873 19.2848739624023 15.6541526794434 12.7991600036621 11.8071479797363 10.9776718139648 10.3375938415527 9.98017120361328 8.94067153930663 7.23303833007812 5.44028549194336 3.50082702636718 1.12635040283203 -1.15029678344727 -2.34543151855469 -2.0789894104004 -0.0853073120117216 3.23498001098633 6.86325988769531 9.98511810302734 11.9463363647461 12.8943626403809 12.7571701049805 11.6898788452148 9.32709350585937 5.75157012939453 1.82978515625 -3.22444763183594 -7.93168334960938 -12.9491729736328 -17.5030395507813 -21.2017944335938 -23.9610321044922 -24.6529067993164 -23.7954330444336 -22.3445053100586 -19.3398071289063 -15.8552307128906 -11.7693374633789 -7.59808502197266 -3.3460189819336
19.060701751709 24.2339874267578 29.1685932159424 33.4375312805176 36.3546974182129 38.5531745910644 40.1908142089844 40.1328536987305 39.7882621765137 38.4386054992676 36.4931594848633 34.0036643981934 31.5431007385254 29.0298107147217 26.1409072875977 23.9115905761719 21.9386436462402 20.7120491027832 19.9717460632324 19.1466102600098 17.9351585388184 15.6891380310059 13.5990371704102 11.3206588745117 8.37900238037109 5.62493515014648 3.8581428527832 3.7866081237793 5.41983413696289 8.05167160034179 11.2544967651367 14.2062004089355 16.2924797058105 17.3707710266113 17.3808921813965 16.5836448669434 14.2951400756836 11.2058464050293 6.90214538574219 2.4354866027832 -2.35397415161133 -7.61240997314454 -12.7738861083984 -17.5761581420898 -21.2235626220703 -22.8716384887695 -23.2621322631836 -22.8754699707031 -20.8163635253906 -18.1085113525391 -14.5635879516602 -9.97867279052735 -5.13651428222656
26.6991233825684 31.1549964904785 35.3048690795898 38.7717300415039 41.1166263580322 42.8986766815186 44.5329536437988 44.6999040603638 44.4193964004517 43.6451368331909 42.4795040130615 40.8026916503906 39.018868637085 36.7968727111816 34.5246990203857 32.782409286499 31.4296600341797 29.9957969665527 29.0334796905518 28.0144149780273 26.5614669799805 24.4805732727051 22.0410705566406 19.6947639465332 16.6797729492187 13.7469123840332 12.0020416259766 11.8129371643066 12.8386741638184 15.0891006469727 17.9807113647461 20.4453018188477 22.2118743896484 23.4114852905273 23.3307441711426 22.6544441223145 20.6761932373047 17.9936332702637 14.0081672668457 9.7398567199707 4.76144866943359 -0.460690307617192 -6.02877807617188 -11.3299301147461 -15.3885177612305 -17.7990524291992 -19.5485397338867 -19.8915771484375 -18.8563369750977 -16.9098327636719 -13.8592041015625 -9.37525482177735 -4.11192779541016
33.2268032073975 36.8686653137207 40.2080276489258 42.9737529754639 45.0364562988281 46.424435043335 47.666489982605 47.9426145553589 48.0184017181396 47.6375036239624 46.7978542327881 45.682525062561 44.3560543060303 42.8122619628906 41.2611946105957 39.9605674743652 38.9068954467773 38.0075538635254 36.9693687438965 35.7243007659912 34.3024410247803 32.4714191436768 30.3238632202148 28.0351097106934 25.1348236083984 22.6070877075195 20.9823036193848 20.5023094177246 21.3630264282227 23.3017616271973 25.8451988220215 27.8265121459961 29.2361366271973 30.242497253418 30.3347110748291 29.7102493286133 27.8576934814453 25.5232963562012 21.949178314209 17.6174209594727 13.227677154541 8.03419189453125 2.72516632080078 -2.54706420898438 -6.79127655029297 -9.88477783203125 -12.3840515136719 -13.4670318603516 -13.2158355712891 -11.6614929199219 -9.16689147949219 -4.96766510009766 0.512727355957026
