indici/fabbisogno04.asc
NCOLS 177 
NROWS 174 
XLLCORNER 1436301.375 
YLLCORNER 4916704.5 
CELLSIZE 1500 
NODATA_value -9999 
[rows 120 to 139 of 174, columns 0 to 43 of 177]
-87.948356628418 -88.3053817749023 -88.579475402832 -88.5876693725586 -87.9810638427734 -87.309455871582 -86.6016311645508 -85.0070495605469 -83.3946075439453 -81.7637557983398 -79.7764511108398 -77.6277236938477 -75.5682754516602 -73.9457855224609 -73.0417327880859 -72.1948699951172 -71.4233016967773 -71.3347930908203 -71.2425003051758 -71.1447830200195 -71.0136108398438 -70.866455078125 -50.3474788665771 -50.2674312591553 -50.2466602325439 -50.1070117950439 -50.0630531311035 -50.572172164917 -51.0518436431885 -51.4957103729248 -52.3858222961426 -53.3761692047119 -54.4637832641602 -55.1909523010254 -55.6260566711426 -56.1484451293945 -56.5108947753906 -56.3579711914062 -56.1971130371094 -56.0480785369873 -55.7760715484619 -55.517017364502 -55.2483806610107 -55.0559711456299
-87.482307434082 -88.0580368041992 -88.5331726074219 -88.6995849609375 -88.1801071166992 -87.5742340087891 -86.9220733642578 -85.2963485717773 -83.6613464355469 -82.0105895996094 -79.9990844726562 -77.8313674926758 -75.7681350708008 -74.1308364868164 -73.1736221313477 -72.2787857055664 -71.4638595581055 -71.3145294189453 -71.1552276611328 -70.9822692871094 -70.7904586791992 -70.5867767333984 -49.9273643493652 -49.7674293518066 -49.6413917541504 -49.4171810150146 -49.254508972168 -49.476448059082 -49.6663208007812 -49.8134384155273 -50.5233211517334 -51.3753318786621 -52.3171482086182 -53.0242290496826 -53.5273761749268 -54.1524429321289 -54.6011981964111 -54.5747909545898 -54.5524120330811 -54.5078220367432 -54.372444152832 -54.2574462890625 -54.1459274291992 -54.097469329834
-86.9482727050781 -87.7436676025391 -88.420783996582 -88.7445831298828 -88.3135070800781 -87.7861938476562 -87.2012405395508 -85.5693130493164 -83.9272689819336 -82.2668685913086 -80.2411422729492 -78.0637817382812 -75.9931182861328 -74.3367919921875 -73.3229827880859 -72.369255065918 -71.4973831176758 -71.2741088867188 -71.0368423461914 -70.7807540893555 -70.5207748413086 -70.2536010742188 -69.9409103393555 -49.2058696746826 -48.982593536377 -48.6714515686035 -48.3799800872803 -48.3433284759521 -48.237642288208 -48.0950222015381 -48.6719875335693 -49.394868850708 -50.2088642120361 -50.9090709686279 -51.4908657073975 -52.2250843048096 -52.8104782104492 -52.8915309906006 -52.9981498718262 -53.0587043762207 -53.0901889801025 -53.1005344390869 -53.1179180145264 -53.219051361084
-86.381462097168 -87.3953552246094 -88.2731628417969 -88.751335144043 -88.407844543457 -87.9657897949219 -87.4566650390625 -85.8315200805664 -84.192756652832 -82.5300827026367 -80.4977645874023 -78.3181686401367 -76.2378540039062 -74.5595092773438 -73.4867248535156 -72.4649810791016 -71.5243835449219 -71.2152786254883 -70.8896408081055 -70.5423889160156 -70.2062377929688 -69.8679351806641 -69.491828918457 -48.5711135864258 -48.2313385009766 -47.8220710754395 -47.4368839263916 -47.1132049560547 -46.7463302612305 -46.3515853881836 -46.8203830718994 -47.4318103790283 -48.1513710021973 -48.8595275878906 -49.5568008422852 -50.3939113616943 -51.0952739715576 -51.3097343444824 -51.5366554260254 -51.7534656524658 -51.9173755645752 -52.0337905883789 -52.1846504211426 -52.432767868042
-84.6669692993164 -85.5929260253906 -86.3705444335938 -86.8645706176758 -86.7886505126953 -86.6083602905273 -86.3484878540039 -84.9641723632812 -83.5583801269531 -82.1192169189453 -80.2551574707031 -78.2265472412109 -76.2873992919922 -74.6720657348633 -73.5336608886719 -72.4371871948242 -71.4208068847656 -71.0153274536133 -70.5908432006836 -70.1421203613281 -69.7254791259766 -69.3131408691406 -68.8706130981445 -68.4203414916992 -47.4590244293213 -47.0452575683594 -46.6503143310547 -46.3418006896973 -46.0029735565186 -45.6343955993652 -46.0683555603027 -46.6545238494873 -47.3429050445557 -48.0488224029541 -48.8199920654297 -49.7165641784668 -50.4154109954834 -50.695613861084 -50.9684085845947 -51.2990531921387 -51.5234279632568 -51.752613067627 -51.8961734771729 -52.1975612640381
-82.8733673095703 -83.6836700439453 -84.3460083007812 -84.8475723266602 -85.0353317260742 -85.1181869506836 -85.1127014160156 -83.9819564819336 -82.8254089355469 -81.6297073364258 -79.9514465332031 -78.092170715332 -76.3067245483398 -74.7584609985352 -73.5504531860352 -72.3749160766602 -71.2782745361328 -70.7716598510742 -70.2453231811523 -69.6942291259766 -69.1973114013672 -68.7113342285156 -68.2038955688477 -67.7220001220703 -46.6847171783447 -46.2865810394287 -45.9201622009277 -45.7080097198486 -45.4560070037842 -45.1794185638428 -45.6134490966797 -46.1958427429199 -46.8826961517334 -47.6190166473389 -48.3993911743164 -49.2947540283203 -49.9711437225342 -50.3387680053711 -50.7087421417236 -51.0896873474121 -51.3709888458252 -51.637659072876 -51.8406028747559 -52.1383152008057
-80.9326858520508 -81.5954208374023 -82.1522445678711 -82.6772994995117 -83.1379241943359 -83.4990768432617 -83.7658462524414 -82.9072265625 -82.0186538696289 -81.0855102539062 -79.6114654541016 -77.9390640258789 -76.2979736328125 -74.8042297363281 -73.5170745849609 -72.2516403198242 -71.0634307861328 -70.4444427490234 -69.8127288818359 -69.1652679443359 -68.5944747924805 -68.042236328125 -67.4837341308594 -66.9848556518555 -45.8910942077637 -45.5498313903809 -45.2379875183105 -45.1376705169678 -45.0002765655518 -44.8467025756836 -45.3198719024658 -45.906665802002 -46.5592613220215 -47.290210723877 -48.0871562957764 -48.9897193908691 -49.7205219268799 -50.1168956756592 -50.5262203216553 -50.957426071167 -51.2672748565674 -51.553861618042 -51.7982997894287 -52.0904502868652
-79.3208465576172 -79.8389358520508 -80.2929306030273 -80.8056259155273 -81.4188003540039 -81.9414749145508 -82.3722305297852 -81.7859954833984 -81.1654968261719 -80.4951477050781 -79.2156448364258 -77.7180404663086 -76.2101974487305 -74.7500305175781 -73.3570251464844 -71.9754333496094 -70.6748428344727 -69.9606475830078 -69.2405090332031 -68.513053894043 -67.9074325561523 -67.3325500488281 -66.7655715942383 -66.2826080322266 -45.1456851959229 -44.8971977233887 -44.6620655059814 -44.6372222900391 -44.5705471038818 -44.5134048461914 -45.0194873809814 -45.5902881622314 -46.211727142334 -66.5509185791016 -67.2256622314453 -67.9715423583984 -68.6216659545898 -49.9012184143066 -50.3664703369141 -50.8475856781006 -51.170991897583 -51.4741592407227 -51.7373447418213 -52.0537033081055
-77.8762359619141 -78.2593307495117 -78.6194534301758 -79.1066284179688 -79.8064956665039 -80.421630859375 -80.949836730957 -80.6349334716797 -80.2813262939453 -79.8727416992188 -78.7789077758789 -77.4453659057617 -76.0604248046875 -74.6141815185547 -73.0909576416016 -71.5680313110352 -70.1343154907227 -69.3366317749023 -68.5403594970703 -67.7453918457031 -67.1403427124023 -66.5838012695312 -66.0499954223633 -65.6160736083984 -65.2828826904297 -64.9780960083008 -64.7119369506836 -64.5945129394531 -64.4701919555664 -44.1775608062744 -44.6993808746338 -45.2670116424561 -65.6821517944336 -66.2962188720703 -67.0112991333008 -67.7904205322266 -68.4761505126953 -49.7139472961426 -50.2273578643799 -50.7628898620605 -51.0851650238037 -51.4008560180664 -51.6550235748291 -51.9958038330078
-76.4786148071289 -76.7262115478516 -76.9816436767578 -77.4359970092773 -78.2120742797852 -78.9106292724609 -79.530632019043 -79.478515625 -79.3786010742188 -79.2123489379883 -78.2836532592773 -77.0943756103516 -75.8100814819336 -74.3523788452148 -72.6774291992188 -71.0224380493164 -69.4740142822266 -68.6102066040039 -67.7623977661133 -66.9321441650391 -66.3603286743164 -65.852180480957 -65.3732223510742 -65.0100631713867 -64.761589050293 -64.5504760742188 -64.3714294433594 -64.302864074707 -64.2217636108398 -64.1297454833984 -64.5131607055664 -64.9639739990234 -65.4162445068359 -66.0383758544922 -66.7916793823242 -67.6037979125977 -68.3251724243164 -49.5126934051514 -50.071907043457 -50.6573677062988 -50.9791946411133 -51.2557353973389 -51.5596599578857 -51.9247303009033
-75.4580917358398 -75.5873870849609 -75.753059387207 -76.1575012207031 -76.9383392333984 -77.6528472900391 -78.3022308349609 -78.435188293457 -78.5149078369141 -78.5207824707031 -77.7127227783203 -76.633186340332 -75.4170150756836 -73.9426116943359 -72.1488876342773 -70.3971252441406 -68.7687606811523 -67.8690414428711 -67.0001068115234 -66.164794921875 -65.6383819580078 -65.1859130859375 -64.7677001953125 -64.4760131835938 -64.3078002929688 -64.1821441650391 -64.0814208984375 -64.0546646118164 -64.0076217651367 -63.9431190490723 -64.3117904663086 -64.7373504638672 -65.1541213989258 -65.7788696289062 -66.5629119873047 -67.4012222290039 -68.1522445678711 -68.6290054321289 -49.8285732269287 -50.4734439849854 -50.7821655273438 -51.1324882507324 -51.4566955566406 -51.8265018463135
-75.2127456665039 -75.294059753418 -75.4410629272461 -75.7887725830078 -76.4411163330078 -77.0345993041992 -77.571159362793 -77.6971664428711 -77.7596054077148 -77.7367324829102 -76.9172592163086 -75.8355941772461 -74.5744476318359 -73.0709762573242 -71.2760696411133 -69.5476760864258 -67.9603958129883 -67.1380920410156 -66.3634185791016 -65.6395950317383 -65.194091796875 -64.8149108886719 -64.4750747680664 -64.2438278198242 -64.1166534423828 -64.0367965698242 -63.9753303527832 -63.9570999145508 -63.9104118347168 -63.8395347595215 -64.1735992431641 -64.5560836791992 -64.9195098876953 -65.5128707885742 -66.2807464599609 -67.0981369018555 -67.8355407714844 -68.3238983154297 -68.8420181274414 -69.3802108764648 -69.6841506958008 -50.865701675415 -51.2714214324951 -51.730993270874
-75.0879974365234 -75.1277160644531 -75.2305908203125 -75.4948348999023 -75.9947128295898 -76.4450531005859 -76.8492813110352 -76.9475021362305 -76.9671249389648 -76.8846740722656 -76.024284362793 -74.9157791137695 -73.6249389648438 -72.1078872680664 -70.326301574707 -68.6531295776367 -67.1424407958984 -66.4316787719727 -65.7724914550781 -65.1676254272461 -64.8099365234375 -64.5099411010742 -64.2478332519531 -64.0760650634766 -63.9893646240234 -63.9427299499512 -63.905876159668 -63.8820533752441 -63.8253173828125 -63.740909576416 -64.0331268310547 -64.3672714233398 -64.6781463623047 -65.2410736083984 -65.9935607910156 -66.7927932739258 -67.5196151733398 -68.0224914550781 -68.5551605224609 -69.1078338623047 -69.4717178344727 -50.5924415588379 -51.0720539093018 -51.6290397644043
-75.0246505737305 -75.0283660888672 -75.0758743286133 -75.2426681518555 -75.5774536132812 -75.872184753418 -76.1328506469727 -76.1895370483398 -76.1480484008789 -75.9831161499023 -75.0586090087891 -73.9029769897461 -72.591682434082 -71.0712814331055 -69.3129959106445 -67.7209167480469 -66.3168563842773 -65.7478332519531 -65.2236480712891 -64.7455978393555 -64.4833374023438 -64.2693252563477 -64.0855178833008 -63.9734573364258 -63.9277572631836 -63.9021186828613 -63.875171661377 -63.831127166748 -63.7533874511719 -63.6477088928223 -63.8900451660156 -64.1699447631836 -64.4291152954102 -64.9626007080078 -65.7005462646484 -66.4848251342773 -67.2046127319336 -67.725471496582 -68.2742538452148 -68.8417053222656 -69.2658615112305 -50.3152103424072 -50.8967056274414 -51.5500507354736
-74.9328308105469 -74.9219360351562 -74.9354553222656 -75.0412902832031 -75.2722244262695 -75.4716949462891 -75.6349868774414 -75.5743179321289 -75.3965682983398 -75.0759811401367 -74.0675888061523 -72.858772277832 -71.5206146240234 -70.0582122802734 -68.4565582275391 -67.0778427124023 -65.8865127563477 -65.4367370605469 -65.0252532958984 -64.6522598266602 -64.435188293457 -64.2526168823242 -64.0933456420898 -63.9898452758789 -63.9370193481445 -63.8845520019531 -63.8310508728027 -63.7724952697754 -63.6793975830078 -63.5580558776855 -63.7654457092285 -64.0073013305664 -64.2308654785156 -64.717643737793 -65.3990249633789 -66.1265335083008 -66.808952331543 -67.3496017456055 -67.9162750244141 -68.5002517700195 -69.0022735595703 -50.017993927002 -50.6833057403564 -51.4479122161865
-74.8514251708984 -74.8245086669922 -74.8058700561523 -74.8522644042969 -74.9837875366211 -75.082160949707 -75.1390228271484 -74.9453430175781 -74.6204223632812 -74.1398391723633 -73.0486526489258 -71.7904815673828 -70.4452819824219 -69.0705261230469 -67.6621475219727 -66.5170516967773 -65.5508346557617 -65.2154922485352 -64.9110794067383 -64.637092590332 -64.4531097412109 -64.2891540527344 -64.1410980224609 -64.0326156616211 -63.9594955444336 -63.8685722351074 -63.7795791625977 -63.7065696716309 -63.5988807678223 -63.4631805419922 -63.6391563415527 -63.8472938537598 -64.0404434204102 -64.4771499633789 -65.09228515625 -65.7532348632812 -66.3914947509766 -66.953239440918 -67.5391082763672 -68.1409530639648 -68.7264938354492 -69.3296737670898 -50.4785919189453 -51.3644981384277
-74.7917938232422 -74.7472686767578 -74.7004547119141 -74.6902465820312 -74.7265472412109 -74.6984024047852 -74.6140670776367 -74.2523727416992 -73.7615814208984 -73.1226196289062 -71.9519119262695 -70.6565246582031 -69.3722686767578 -68.1571578979492 -67.0123825073242 -66.1033706665039 -65.3481521606445 -65.1144714355469 -64.9017486572266 -64.7092056274414 -64.539665222168 -64.3760223388672 -64.2200241088867 -64.0868759155273 -63.9738807678223 -63.8355522155762 -63.7039909362793 -63.6091918945312 -63.4830589294434 -63.3319625854492 -63.4753761291504 -63.6504402160645 -63.8190727233887 -64.2115020751953 -64.7663803100586 -65.3676528930664 -65.9689712524414 -66.5587844848633 -67.1708297729492 -67.7975311279297 -68.4736633300781 -69.1724624633789 -69.9211196899414 -51.3742332458496
-74.8259353637695 -74.7420806884766 -74.6462020874023 -74.5718002319336 -74.5232467651367 -74.3779830932617 -74.1661148071289 -73.6784057617188 -73.0627670288086 -72.3052215576172 -71.1379852294922 -69.8959197998047 -68.7592163085938 -67.7144165039062 -66.7640228271484 -66.0231094360352 -65.4121932983398 -65.2200775146484 -65.0400466918945 -64.8714752197266 -64.700439453125 -64.5289840698242 -64.3572082519531 -64.2007141113281 -64.0573196411133 -63.8808517456055 -63.7161407470703 -63.6086502075195 -63.4731140136719 -63.315544128418 -63.4217758178711 -63.5579566955566 -63.6963233947754 -64.0546417236328 -64.5710067749023 -65.1342239379883 -65.7270889282227 -66.3917694091797 -67.0766754150391 -67.7748718261719 -68.5445556640625 -69.3394165039062 -70.1869277954102 -71.1058349609375
-74.9072189331055 -74.7744979858398 -74.6196441650391 -74.4780654907227 -74.3519058227539 -74.0964050292969 -73.7678909301758 -73.18408203125 -72.4747848510742 -71.6307678222656 -70.5342483520508 -69.4209823608398 -68.5078201293945 -67.6496429443359 -66.8467254638672 -66.2248687744141 -65.707275390625 -65.5088195800781 -65.3120193481445 -65.1169052124023 -64.9317016601562 -64.7460021972656 -64.5519332885742 -64.3747253417969 -64.2116851806641 -64.0079193115234 -63.8212890625 -63.7122230529785 -63.5785522460938 -63.4258041381836 -63.4910659790039 -63.5831642150879 -63.6858673095703 -64.0229949951172 -64.5270080566406 -65.0784454345703 -65.6974334716797 -66.493293762207 -67.3074798583984 -68.1336517333984 -69.0012130737305 -69.8932037353516 -70.8404769897461 -71.6776733398438
-75.0970840454102 -74.91015625 -74.6818542480469 -74.4585647583008 -74.2408981323242 -73.8452453613281 -73.3681869506836 -72.6565856933594 -71.8766937255859 -71.0242919921875 -70.0782165527344 -69.1535186767578 -68.4369659423828 -67.7378921508789 -67.0564346313477 -66.5240020751953 -66.0689239501953 -65.8352508544922 -65.6026000976562 -65.3708801269531 -65.1617126464844 -64.9524078369141 -64.72900390625 -64.5241241455078 -64.3345489501953 -64.1039505004883 -63.8970680236816 -63.7878646850586 -63.6582450866699 -63.512996673584 -63.5396575927734 -63.590160369873 -63.6589851379395 -63.9767723083496 -64.4701690673828 -65.013916015625 -65.6636657714844 -66.594856262207 -67.5406799316406 -68.4960250854492 -69.4626312255859 -70.4478225708008 -71.4780197143555 -72.2168045043945
