indici/ggelo_2012.asc
NCOLS 177 
NROWS 174 
XLLCORNER 1436301.375 
YLLCORNER 4916704.5 
CELLSIZE 1500 
NODATA_value -9999 
[rows 44 to 87 of 174, columns 0 to 95 of 177]
-9999 -9999 -9999 -9999 -9999 -9999 -9999 -9999 -9999 -9999 -9999 -9999 -9999 -9999 -9999 -9999 -9999 -9999 -9999 -9999 -9999 -9999 -9999 -9999 -9999 -9999 -9999 -9999 -9999 -9999 -9999 -9999 -9999 -9999 -9999 -9999 -9999 -9999 -9999 -9999 -9999 -9999 -9999 -9999 -9999 -9999 -9999 -9999 -9999 19 10 7 11 10 10 8 5 2 1 1 1 1 1 1 1 1 1 1 1 1 1 1 1 1 2 2 5 8 9 9 7 6 6 8 8 7 8 8 9 9 9 9 9 9 9 7
-9999 -9999 -9999 -9999 -9999 -9999 -9999 -9999 -9999 -9999 -9999 -9999 -9999 -9999 -9999 -9999 -9999 -9999 -9999 -9999 -9999 -9999 -9999 -9999 -9999 -9999 -9999 -9999 -9999 -9999 -9999 -9999 -9999 -9999 -9999 -9999 -9999 -9999 -9999 -9999 -9999 -9999 -9999 -9999 -9999 -9999 -9999 12 27 22 19 8 8 4 3 2 2 1 1 1 1 1 1 1 2 1 1 1 2 2 1 1 1 2 2 3 8 9 19 18 11 8 9 12 9 9 9 9 16 8 18 9 9 12 9 8
-9999 -9999 -9999 -9999 -9999 -9999 -9999 -9999 -9999 -9999 -9999 -9999 -9999 -9999 -9999 -9999 -9999 -9999 -9999 -9999 -9999 -9999 -9999 -9999 -9999 -9999 -9999 -9999 1 1 -9999 -9999 -9999 -9999 -9999 -9999 -9999 -9999 -9999 -9999 -9999 -9999 -9999 -9999 -9999 -9999 22 19 11 13 18 26 17 10 8 8 2 1 1 1 1 1 2 2 8 6 7 9 9 8 7 4 3 9 9 9 9 11 11 21 30 9 19 10 31 9 9 20 22 9 19 18 36 24 9 17
-9999 -9999 -9999 -9999 -9999 -9999 -9999 -9999 -9999 -9999 -9999 -9999 -9999 -9999 -9999 -9999 -9999 -9999 -9999 -9999 -9999 -9999 -9999 -9999 -9999 -9999 -9999 -9999 1 1 1 3 10 11 -9999 -9999 -9999 -9999 -9999 -9999 -9999 -9999 -9999 -9999 -9999 -9999 12 19 8 8 17 11 14 22 17 8 2 1 1 1 6 7 5 8 19 14 8 8 18 18 11 4 8 8 18 10 21 10 11 29 34 10 17 10 31 16 24 34 9 9 17 43 49 28 13 38
-9999 -9999 -9999 -9999 -9999 -9999 -9999 -9999 -9999 -9999 -9999 -9999 -9999 -9999 -9999 -9999 -9999 -9999 -9999 -9999 -9999 -9999 -9999 -9999 -9999 -9999 -9999 1 1 2 2 10 11 6 6 -9999 -9999 -9999 -9999 -9999 -9999 -9999 -9999 -9999 -9999 -9999 -9999 13 8 8 10 10 13 13 19 8 2 1 1 3 6 14 11 31 33 19 14 21 17 25 14 7 12 8 11 21 26 9 19 10 32 34 18 21 30 16 23 20 20 29 9 25 40 42 19 61
-9999 -9999 -9999 -9999 -9999 -9999 -9999 -9999 -9999 -9999 -9999 -9999 -9999 -9999 -9999 -9999 -9999 -9999 -9999 -9999 -9999 -9999 -9999 -9999 -9999 -9999 -9999 1 1 4 7 10 8 3 8 17 -9999 -9999 -9999 -9999 -9999 -9999 -9999 -9999 -9999 -9999 -9999 11 9 8 3 5 10 11 18 8 2 1 1 2 2 8 8 14 17 25 41 24 33 23 9 8 11 11 11 19 22 21 29 25 22 35 19 34 34 13 34 19 20 34 15 27 36 65 61 41
-9999 -9999 -9999 -9999 -9999 -9999 -9999 -9999 -9999 -9999 -9999 -9999 -9999 -9999 -9999 -9999 -9999 -9999 -9999 -9999 -9999 -9999 -9999 -9999 -9999 -9999 -9999 -9999 1 3 3 4 2 8 6 11 -9999 -9999 -9999 -9999 -9999 -9999 -9999 -9999 8 11 14 13 9 8 3 13 8 13 11 7 1 1 1 4 8 8 6 8 10 17 14 23 25 33 13 9 11 19 9 23 26 32 26 39 27 39 31 38 34 18 39 31 20 34 41 35 34 68 34 30
-9999 -9999 -9999 -9999 -9999 -9999 -9999 -9999 -9999 -9999 -9999 -9999 -9999 -9999 -9999 -9999 -9999 -9999 -9999 -9999 -9999 -9999 -9999 -9999 -9999 -9999 -9999 -9999 1 2 2 2 3 4 11 10 -9999 -9999 -9999 -9999 -9999 -9999 -9999 8 10 8 11 8 7 5 2 3 7 4 7 6 1 1 1 2 8 17 11 7 6 6 8 11 19 24 20 9 20 18 20 23 14 13 22 13 26 17 20 34 39 38 44 49 61 63 28 9 15 34 27 8
-9999 -9999 -9999 -9999 -9999 -9999 -9999 -9999 -9999 -9999 -9999 -9999 -9999 -9999 -9999 -9999 -9999 -9999 -9999 -9999 -9999 -9999 -9999 -9999 -9999 -9999 -9999 -9999 1 1 3 2 4 8 10 -9999 -9999 -9999 -9999 -9999 -9999 -9999 -9999 8 6 3 3 9 3 1 1 1 2 3 4 1 1 1 1 3 8 8 8 8 9 9 18 10 17 35 15 19 11 29 19 18 9 18 35 10 9 9 24 17 30 34 20 32 31 44 36 9 9 8 8 9
-9999 -9999 -9999 -9999 -9999 -9999 -9999 -9999 -9999 -9999 -9999 -9999 -9999 -9999 -9999 -9999 -9999 -9999 -9999 -9999 -9999 -9999 -9999 -9999 -9999 -9999 -9999 -9999 1 1 1 1 3 8 -9999 -9999 -9999 -9999 -9999 -9999 -9999 -9999 -9999 9 2 1 1 1 1 2 4 7 2 2 2 1 1 1 3 4 2 2 6 8 14 9 24 14 19 31 34 31 24 31 19 9 14 9 19 31 15 9 18 9 9 10 15 26 31 34 9 9 9 9 10 9
-9999 -9999 -9999 -9999 -9999 -9999 -9999 -9999 -9999 -9999 -9999 -9999 -9999 -9999 -9999 -9999 -9999 -9999 -9999 -9999 -9999 -9999 -9999 -9999 -9999 -9999 -9999 -9999 1 1 1 3 3 -9999 -9999 -9999 -9999 -9999 -9999 -9999 -9999 -9999 -9999 -9999 1 2 1 1 2 8 9 13 9 8 7 1 1 1 3 9 12 5 2 8 9 14 19 19 24 31 40 23 15 18 10 9 10 9 9 12 20 9 9 12 24 32 35 39 41 20 10 9 9 23 21 20
-9999 -9999 -9999 -9999 -9999 -9999 -9999 -9999 -9999 -9999 -9999 -9999 -9999 -9999 -9999 -9999 -9999 -9999 -9999 -9999 -9999 -9999 -9999 -9999 -9999 -9999 -9999 0 1 0 1 3 3 3 -9999 -9999 -9999 -9999 -9999 -9999 -9999 -9999 -9999 1 4 8 4 4 8 8 11 8 11 7 2 1 1 1 7 7 8 9 5 3 8 8 10 16 24 14 10 13 8 10 9 9 9 9 9 9 16 9 9 28 20 32 39 35 20 12 9 9 8 15 12 25
-9999 -9999 -9999 -9999 -9999 -9999 -9999 -9999 -9999 -9999 -9999 -9999 -9999 -9999 -9999 -9999 -9999 -9999 -9999 -9999 -9999 -9999 -9999 -9999 -9999 -9999 0 0 1 1 3 3 3 3 1 -9999 -9999 -9999 -9999 -9999 -9999 -9999 7 8 7 7 4 5 8 8 11 7 8 2 1 0 1 0 5 8 8 9 8 7 3 3 8 8 13 10 8 8 8 8 8 8 9 8 9 9 9 9 9 26 31 34 24 31 9 9 9 7 9 9 15 34
-9999 -9999 -9999 -9999 -9999 -9999 -9999 -9999 -9999 -9999 -9999 -9999 -9999 -9999 -9999 -9999 -9999 -9999 -9999 -9999 -9999 -9999 -9999 -9999 0 0 0 0 1 2 3 3 6 5 3 3 1 -9999 -9999 -9999 -9999 -9999 9 8 8 8 7 8 8 8 8 4 1 0 0 1 1 0 0 8 9 15 17 14 8 8 6 8 14 19 9 8 7 8 8 8 7 9 8 9 9 9 19 22 12 13 20 9 9 9 9 9 9 10 25 20
-9999 -9999 -9999 -9999 -9999 -9999 -9999 -9999 -9999 -9999 -9999 -9999 -9999 -9999 -9999 -9999 -9999 -9999 -9999 -9999 -9999 -9999 -9999 0 0 0 0 0 3 2 1 3 3 4 3 3 2 1 -9999 -9999 -9999 -9999 -9999 8 9 8 7 4 8 8 2 0 0 0 2 7 3 0 0 3 9 9 23 28 10 8 6 9 18 24 19 9 8 9 8 8 8 7 9 9 9 9 9 8 20 9 8 8 8 8 9 9 12 10 15 9
-9999 -9999 -9999 -9999 -9999 -9999 -9999 -9999 -9999 -9999 -9999 -9999 -9999 -9999 -9999 -9999 -9999 -9999 -9999 -9999 -9999 -9999 0 0 0 0 0 3 3 2 3 2 3 3 4 5 3 2 -9999 -9999 -9999 -9999 -9999 10 11 11 8 4 2 1 0 0 2 2 8 7 8 0 0 5 9 8 14 19 9 8 5 8 9 16 19 18 19 14 8 9 8 8 6 8 9 9 23 20 28 19 9 9 9 9 7 7 9 9 9 11
-9999 -9999 -9999 -9999 -9999 -9999 -9999 -9999 -9999 -9999 -9999 -9999 -9999 -9999 -9999 -9999 -9999 -9999 -9999 -9999 -9999 0 0 0 1 6 4 3 7 7 3 2 3 3 4 5 5 3 4 -9999 -9999 -9999 -9999 9 11 9 8 8 7 2 0 8 9 8 8 8 8 1 0 2 3 8 12 19 8 8 7 7 8 9 14 9 14 8 18 9 8 6 8 9 13 21 24 9 22 20 22 16 21 9 7 9 9 8 9 9
-9999 -9999 -9999 -9999 -9999 -9999 -9999 -9999 -9999 -9999 -9999 -9999 -9999 -9999 -9999 -9999 -9999 -9999 -9999 -9999 0 0 0 0 3 3 3 3 3 3 2 2 3 3 5 5 4 3 3 -9999 -9999 -9999 -9999 -9999 -9999 8 8 8 8 4 0 8 8 11 11 9 7 7 0 0 5 9 9 13 9 7 8 9 8 14 9 8 9 8 9 9 9 6 9 9 8 15 9 8 9 20 9 9 15 14 8 6 8 9 9 8
-9999 -9999 -9999 -9999 -9999 -9999 -9999 -9999 -9999 -9999 -9999 -9999 -9999 -9999 -9999 -9999 -9999 -9999 -9999 -9999 0 0 0 0 0 0 1 1 2 2 3 3 3 3 8 4 4 3 4 -9999 -9999 -9999 -9999 -9999 -9999 -9999 8 8 9 4 0 5 8 8 9 9 7 8 1 0 1 7 8 8 8 8 9 9 9 8 8 8 8 8 9 8 8 8 8 8 9 8 9 9 9 19 16 9 9 9 6 8 8 6 7 5
-9999 -9999 -9999 -9999 -9999 -9999 -9999 -9999 -9999 -9999 -9999 -9999 -9999 -9999 -9999 -9999 -9999 -9999 -9999 -9999 0 0 0 0 1 1 2 2 3 3 3 3 4 8 4 4 4 4 8 7 -9999 -9999 -9999 -9999 -9999 -9999 7 8 8 8 0 7 8 8 8 8 5 8 6 1 0 1 9 8 6 8 8 9 8 8 8 7 7 7 7 6 6 6 8 9 8 8 8 9 8 9 9 9 9 8 6 6 6 5 5 5
-9999 -9999 -9999 -9999 -9999 -9999 -9999 -9999 -9999 -9999 -9999 -9999 -9999 -9999 -9999 -9999 -9999 -9999 -9999 -9999 0 0 0 0 1 2 2 2 3 5 5 4 5 6 5 7 4 5 5 5 -9999 -9999 -9999 -9999 -9999 8 9 9 6 2 1 6 9 9 8 8 5 8 4 8 7 1 1 5 5 8 8 9 8 9 8 8 7 7 9 8 6 8 7 8 8 8 16 16 9 8 9 8 6 6 6 6 5 4 4 7
-9999 -9999 -9999 -9999 -9999 -9999 -9999 -9999 -9999 -9999 -9999 -9999 -9999 -9999 -9999 -9999 -9999 -9999 -9999 -9999 0 1 1 2 2 2 2 3 4 4 7 8 4 4 6 5 4 5 5 5 -9999 -9999 -9999 -9999 -9999 8 7 7 1 1 2 4 8 9 8 7 6 3 8 9 8 5 1 1 3 7 9 14 9 8 9 9 9 8 9 8 7 6 7 9 8 9 9 19 9 7 6 6 5 8 7 8 9 8 1 4
-9999 -9999 -9999 -9999 -9999 -9999 -9999 -9999 -9999 -9999 -9999 -9999 -9999 -9999 -9999 -9999 -9999 -9999 -9999 -9999 -9999 1 2 3 2 3 3 3 4 3 4 4 5 5 5 5 5 4 5 5 5 -9999 -9999 -9999 4 5 5 2 1 7 6 6 8 7 6 8 2 3 7 9 5 1 1 1 1 5 9 9 8 6 7 8 7 7 8 8 7 3 7 7 6 7 9 9 9 7 8 7 4 7 9 9 9 9 1 4
-9999 -9999 -9999 -9999 -9999 -9999 -9999 -9999 -9999 -9999 -9999 -9999 -9999 -9999 -9999 -9999 -9999 -9999 -9999 -9999 -9999 -9999 3 3 3 3 3 3 4 4 4 4 4 4 4 5 5 5 5 5 5 5 4 -9999 2 4 4 1 5 9 9 8 9 8 3 2 6 6 8 6 1 2 7 1 1 8 7 9 8 7 4 8 8 4 8 8 5 3 6 8 4 8 9 7 8 7 9 5 5 9 9 8 9 9 8 1
-9999 -9999 -9999 -9999 -9999 -9999 -9999 -9999 -9999 -9999 -9999 -9999 -9999 -9999 -9999 -9999 -9999 -9999 -9999 -9999 -9999 3 3 3 3 3 4 4 4 4 4 4 4 4 4 5 5 5 5 5 5 5 5 5 7 5 3 7 8 7 8 8 8 7 2 3 3 5 4 1 1 1 5 1 1 7 6 9 7 3 3 6 7 4 6 8 8 6 7 4 4 5 8 7 4 4 5 1 4 4 4 4 9 9 7 4
-9999 -9999 -9999 -9999 -9999 -9999 -9999 -9999 -9999 -9999 -9999 -9999 -9999 -9999 -9999 -9999 -9999 -9999 -9999 -9999 3 3 3 3 3 4 4 4 4 4 4 4 4 4 4 5 5 5 5 5 5 5 5 5 5 5 5 4 5 6 7 7 7 5 2 1 1 1 1 1 1 1 3 1 1 1 6 7 9 6 3 4 4 4 4 7 7 4 3 5 8 4 8 9 7 5 3 2 1 1 7 9 8 9 6 0
-9999 -9999 -9999 -9999 -9999 -9999 -9999 -9999 -9999 -9999 -9999 -9999 -9999 -9999 -9999 -9999 -9999 -9999 -9999 4 4 4 4 4 4 4 4 4 4 4 4 4 4 4 5 5 5 5 5 5 5 5 5 5 5 5 4 5 5 5 5 5 5 4 3 1 2 2 1 1 1 2 5 3 2 2 4 8 9 9 7 4 3 5 5 4 1 1 2 4 8 4 8 9 8 2 4 4 4 3 7 1 0 0 0 1
-9999 -9999 -9999 -9999 -9999 -9999 -9999 -9999 -9999 -9999 -9999 -9999 -9999 -9999 -9999 -9999 -9999 -9999 -9999 4 4 4 4 4 4 4 4 4 4 4 5 4 4 5 5 5 5 5 5 5 5 5 5 5 5 5 4 4 5 5 5 5 5 4 4 4 4 4 4 3 3 3 6 4 2 2 2 5 7 9 9 7 4 5 4 2 4 4 4 7 8 7 7 4 7 1 4 4 3 6 5 0 4 1 1 1
-9999 -9999 -9999 -9999 -9999 -9999 -9999 -9999 -9999 -9999 -9999 -9999 -9999 -9999 -9999 -9999 -9999 -9999 -9999 -9999 4 4 4 4 4 4 4 4 4 4 4 5 4 5 5 5 5 5 5 5 7 5 5 5 5 5 5 5 5 5 5 5 5 4 4 4 4 4 4 4 4 5 7 6 3 3 3 5 5 7 7 8 6 2 1 4 4 7 6 6 4 4 6 3 1 1 4 4 5 1 0 0 7 9 6 6
-9999 -9999 -9999 -9999 -9999 -9999 -9999 -9999 -9999 -9999 -9999 -9999 -9999 -9999 -9999 -9999 -9999 -9999 -9999 -9999 4 4 4 4 4 4 4 4 4 4 5 5 5 5 5 5 5 5 6 6 7 6 5 5 5 5 5 5 5 5 5 5 5 4 5 4 4 4 4 4 4 5 6 6 4 3 3 3 3 4 4 3 2 2 1 2 2 4 5 1 4 4 1 1 1 1 1 1 4 0 0 8 6 9 5 5
-9999 -9999 -9999 -9999 -9999 -9999 -9999 -9999 -9999 -9999 -9999 -9999 -9999 -9999 -9999 -9999 -9999 -9999 -9999 -9999 -9999 4 4 4 4 4 4 4 4 4 4 5 5 5 5 6 5 6 7 7 7 7 7 6 6 6 6 5 5 5 5 5 5 5 5 4 4 4 4 4 5 4 4 4 4 3 3 2 3 3 3 3 2 2 2 2 1 2 4 3 1 1 0 1 4 7 4 5 6 4 1 6 7 4 7 6
-9999 -9999 -9999 -9999 -9999 -9999 -9999 -9999 -9999 -9999 -9999 -9999 -9999 -9999 -9999 -9999 -9999 -9999 -9999 -9999 -9999 5 5 5 5 5 5 5 5 5 6 5 5 5 6 6 7 6 7 7 7 7 7 7 7 7 7 7 6 5 5 5 5 5 5 4 4 4 4 5 5 4 4 4 4 4 3 5 4 3 2 2 2 2 2 1 1 2 1 1 0 0 0 1 4 2 4 2 2 0 0 5 6 1 4 4
-9999 -9999 -9999 -9999 -9999 -9999 -9999 -9999 -9999 -9999 -9999 -9999 -9999 -9999 -9999 -9999 -9999 -9999 -9999 -9999 -9999 -9999 -9999 -9999 5 5 5 5 5 5 6 6 5 5 6 6 7 7 7 7 7 7 7 7 7 7 7 7 7 5 6 6 5 5 5 5 5 4 4 5 4 6 4 4 4 4 3 4 3 3 2 2 2 1 2 1 3 1 0 0 0 0 0 0 0 0 0 0 0 1 0 4 0 3 9 2
-9999 -9999 -9999 -9999 -9999 -9999 -9999 -9999 -9999 -9999 -9999 -9999 -9999 -9999 -9999 -9999 -9999 -9999 -9999 -9999 -9999 -9999 -9999 -9999 5 5 5 5 5 6 6 6 5 6 6 7 7 7 7 7 7 7 7 7 7 7 7 7 6 7 7 7 4 4 4 5 5 5 6 5 4 4 4 4 4 4 4 4 3 2 2 2 1 1 1 1 1 1 1 1 0 0 0 0 1 0 0 0 0 0 0 1 0 5 5 1
-9999 -9999 -9999 -9999 -9999 -9999 -9999 -9999 -9999 -9999 -9999 -9999 -9999 -9999 -9999 -9999 -9999 -9999 -9999 -9999 -9999 -9999 -9999 -9999 5 5 5 5 6 6 6 6 4 5 7 7 7 7 7 7 7 7 7 7 7 7 7 7 7 7 7 7 4 3 4 4 5 5 4 5 4 4 4 4 4 4 4 4 3 2 2 2 2 2 1 1 1 1 1 0 0 0 0 0 0 0 0 0 0 0 0 0 0 0 1 0
-9999 -9999 -9999 -9999 -9999 -9999 -9999 -9999 -9999 -9999 -9999 -9999 -9999 -9999 -9999 -9999 -9999 -9999 -9999 -9999 -9999 -9999 -9999 -9999 5 5 5 5 6 6 6 4 4 4 5 7 7 7 7 7 7 7 7 7 7 7 7 7 7 7 6 4 4 4 4 4 6 5 5 4 4 4 4 4 4 4 4 4 3 3 2 2 2 2 2 1 1 0 0 0 0 0 0 0 0 0 0 0 0 0 0 0 0 0 0 0
-9999 -9999 -9999 -9999 -9999 -9999 -9999 -9999 -9999 -9999 -9999 -9999 -9999 -9999 -9999 -9999 -9999 -9999 -9999 -9999 -9999 -9999 -9999 -9999 -9999 -9999 5 6 6 6 5 4 2 4 6 7 7 7 7 7 7 7 7 7 7 7 7 7 7 4 4 4 4 4 4 4 7 5 5 5 4 5 4 4 4 4 4 4 3 3 2 2 2 2 2 2 1 1 0 0 0 0 0 0 0 0 0 0 0 0 0 0 0 0 0 0
-9999 -9999 -9999 -9999 -9999 -9999 -9999 -9999 -9999 -9999 -9999 -9999 -9999 -9999 -9999 -9999 -9999 -9999 -9999 -9999 -9999 -9999 -9999 -9999 -9999 -9999 7 6 7 7 7 3 4 4 7 7 6 7 7 7 7 7 7 7 7 7 7 7 7 5 4 4 4 4 4 4 4 4 5 5 5 5 4 4 4 4 4 4 3 3 3 2 2 2 2 2 1 1 0 0 0 0 0 0 0 0 0 0 0 0 0 0 0 1 0 0
-9999 -9999 -9999 -9999 -9999 -9999 -9999 -9999 -9999 -9999 -9999 -9999 -9999 -9999 -9999 -9999 -9999 -9999 -9999 -9999 -9999 -9999 -9999 -9999 -9999 7 7 7 7 7 7 5 6 7 7 6 5 5 7 7 7 7 7 7 5 6 7 7 7 4 4 4 4 4 4 4 4 4 5 5 5 4 4 4 4 4 4 4 3 3 3 3 2 2 2 2 1 1 1 0 0 0 0 0 0 0 0 0 0 0 0 0 0 0 0 0
-9999 -9999 -9999 -9999 -9999 -9999 -9999 -9999 -9999 -9999 -9999 -9999 -9999 -9999 -9999 -9999 -9999 -9999 -9999 -9999 -9999 -9999 -9999 -9999 -9999 7 7 7 7 7 7 7 7 7 4 3 4 4 5 7 7 7 7 6 5 5 7 7 7 4 4 4 4 4 4 4 4 6 5 5 4 4 4 4 4 4 4 4 3 3 3 3 2 2 2 2 1 1 1 1 0 0 0 0 0 0 0 0 0 0 0 0 0 0 0 0
-9999 -9999 -9999 -9999 -9999 -9999 -9999 -9999 -9999 -9999 -9999 -9999 -9999 -9999 -9999 -9999 -9999 -9999 -9999 -9999 -9999 -9999 -9999 -9999 -9999 -9999 7 7 7 7 7 7 7 7 4 3 3 3 3 4 7 7 7 7 5 5 7 7 7 4 4 4 4 4 2 3 3 3 5 4 4 4 4 4 4 4 4 4 3 3 3 3 3 2 2 2 1 1 1 1 1 0 0 0 0 0 0 0 0 0 0 0 0 0 0 0
-9999 -9999 -9999 -9999 -9999 -9999 -9999 -9999 -9999 -9999 -9999 -9999 -9999 -9999 -9999 -9999 -9999 -9999 -9999 -9999 -9999 -9999 -9999 -9999 -9999 -9999 -9999 7 7 7 7 7 7 7 7 7 6 4 0 3 5 7 7 7 7 7 7 7 7 4 3 4 4 4 3 1 2 3 3 4 4 4 4 4 4 4 4 4 3 3 3 3 3 3 2 2 1 1 1 1 1 1 1 0 0 0 0 0 0 0 0 0 0 0 0 0
-9999 -9999 -9999 -9999 -9999 -9999 -9999 -9999 -9999 -9999 -9999 -9999 -9999 -9999 -9999 -9999 -9999 -9999 -9999 -9999 -9999 -9999 -9999 -9999 -9999 -9999 -9999 7 7 7 7 7 7 7 7 7 7 6 4 3 6 7 7 7 7 4 4 7 7 4 2 3 4 3 3 2 2 2 3 3 4 4 4 4 4 4 4 4 3 3 3 3 3 3 2 2 1 1 1 1 1 1 1 1 1 1 1 0 0 0 0 0 0 0 0 0
-9999 -9999 -9999 -9999 -9999 -9999 -9999 -9999 -9999 -9999 -9999 -9999 -9999 -9999 -9999 -9999 -9999 -9999 -9999 -9999 -9999 -9999 -9999 -9999 -9999 -9999 -9999 7 7 7 7 7 7 7 7 7 7 7 7 4 4 7 7 7 7 4 5 7 7 4 2 2 2 2 2 2 2 1 2 4 4 4 4 4 4 4 4 3 3 3 3 3 3 3 3 2 1 1 1 1 1 1 1 1 1 1 1 1 1 1 0 0 1 1 1 1
