indici/IDIm.asc
NCOLS 177 
NROWS 174 
XLLCORNER 1436301.375 
YLLCORNER 4916704.5 
CELLSIZE 1500 
NODATA_value -9999 
[rows 69 to 91 of 174, columns 53 to 105 of 177]
0.978403170903524 0.964896922310193 0.923845345775286 0.96813377737999 0.966007595260938 0.970852181315422 0.968021174271901 0.953960875670115 0.955276916424433 0.986498713493347 0.977532356977463 0.93953463435173 0.980887815356255 0.917780116200447 0.889918600519498 0.652152573068937 0.933274408181508 0.990103403727214 0.982365389664968 0.98176017900308 0.964886590838432 0.982432131965955 0.892466679215431 0.881451745827993 0.957318320870399 0.977845932046572 0.915481105446815 0.768378729621569 0.946925272544225 0.728680491447449 0.675768340627352 0.797982106606166 0.885797470808029 0.959584767619769 0.959101274609566 0.962814420461655 0.959073906143506 0.784813523292542 0.679355631271998 0.719772790869077 0.722671623031298 0.807870705922445 0.979867021242777 0.983873958388964 0.982603296637535 0.920963600277901 0.922086705764135 0.939012711246808 0.893124962846438 0.678275833527247 0.759051208694776 0.639605030417442 0.422725563247999
0.98288028438886 0.968794390559196 0.964237088958422 0.971085478862127 0.972887600461642 0.975402613480886 0.972854773203532 0.972840711474419 0.979163686434428 0.961047063271205 0.986222301920255 0.950444350639979 0.949775164326032 0.969458937644958 0.817750881115595 0.681250924865405 0.674534017841021 0.880501876274745 0.96624135474364 0.988534972071648 0.927973429361979 0.894579698642095 0.982158223787943 0.972858175635338 0.970503290494283 0.974769170085589 0.950628851850828 0.753144999345144 0.902293135722478 0.755495881040891 0.620579769213994 0.700186784068743 0.957869216799736 0.940361643830935 0.939951648314794 0.9386239250501 0.939374128977458 0.756771266460419 0.952066823840141 0.963463455438614 0.969584320982297 0.973486800988515 0.976876378059387 0.942766413092613 0.957448616623878 0.922835807005564 0.923991794387499 0.907431527972221 0.959357276558876 0.800825426975886 0.69284617404143 0.588539242744446 0.639398703972499
0.976466923952103 0.985446408390999 0.980244850118955 0.981153324246407 0.977151915431023 0.977165152629217 0.977925742665927 0.97846664985021 0.989404613773028 0.910908276836077 0.96135022242864 0.972526336709658 0.951916500926018 0.992117241024971 0.931632906198502 0.857800200581551 0.614930932720502 0.647147645552953 0.795368244250615 0.97060489654541 0.912506401538849 0.978636105855306 0.984150111675262 0.94684877494971 0.933016334970792 0.958438004056613 0.769787261883418 0.694281578063965 0.741029302279154 0.732736771305402 0.936907529830933 0.758150006333987 0.960363626480103 0.93235157430172 0.924881309270859 0.924917608499527 0.745421802004178 0.788736969232559 0.95964182416598 0.834526285529137 0.917442326744398 0.954596961537997 0.957150265574455 0.973008727033933 0.922758514682452 0.924422274033229 0.929208512107531 0.832275634010633 0.602330029010773 0.632258340716362 0.613768965005875 0.635353147983551 0.927390649914742
0.986353844404221 0.985241204500198 0.978737249970436 0.981753682096799 0.98670261601607 0.986511185765266 0.982038209835688 0.985793113708496 0.976938898364703 0.838126311699549 0.933972209692001 0.987243478496869 0.957544421156247 0.989145010709763 0.970041076342265 0.962233046690623 0.788234392801921 0.78919181227684 0.753417213757833 0.835138604044914 0.985700423518817 0.971817284822464 0.973083918293317 0.963203777869542 0.728201965490977 0.79246478776137 0.79606523613135 0.850292573372523 0.888743018110593 0.776245186726252 0.944837073485057 0.960431213180224 0.958844025929769 0.809245025118192 0.814812203248342 0.778925394018491 0.923216586311658 0.95734104514122 0.959066977103551 0.681192542115847 0.589557846387227 0.721414193511009 0.749049916863441 0.967773800094922 0.924022436141968 0.925716290871302 0.866316854953766 0.906290645400683 0.679623122016589 0.447126766045888 0.356759565571944 0.626812289158503 0.700403973460197
0.98783319691817 0.987634842594465 0.985233828425407 0.987884968519211 0.986155018210411 0.988883559902509 0.98955492178599 0.990367074807485 0.956009164452553 0.861660520235697 0.876995474100113 0.970026736458143 0.963996767997742 0.962552522619565 0.992700934410095 0.990676254034042 0.965542788306872 0.98031710088253 0.982974261045456 0.989393423000971 0.987693250179291 0.969718600312869 0.983273913462957 0.979205603400866 0.943888475497564 0.810961306095123 0.970700477560361 0.937294309337934 0.913200616836548 0.963333413004875 0.95931867758433 0.948685730497042 0.951477954785029 0.945419296622276 0.935535455743472 0.823237026731173 0.951735660433769 0.953677614529928 0.626876831054688 0.677072460452716 0.561739365259806 0.754127383232117 0.760551850001017 0.733319799105326 0.924971734484037 0.926724031567574 0.977113430698713 0.957746396462123 0.870768869916598 0.580313876271248 0.366485640406609 0.460939424733321 0.52229688068231
0.985038161277771 0.986054996649424 0.982675736149152 0.984530528386434 0.988914534449577 0.987914438048998 0.987506041924159 0.971961130698522 0.99066857000192 0.984488695859909 0.992164224386215 0.993551840384801 0.97705381611983 0.969631209969521 0.987093617518743 0.989803776144981 0.985389471054077 0.98726046582063 0.990246896942457 0.986306910713514 0.983875771363576 0.979878639181455 0.981522252162298 0.98015055557092 0.976010968287786 0.898557469248772 0.941596801082293 0.967191686232885 0.962694371740023 0.957913299401601 0.954526176055272 0.816073089838028 0.623692661523819 0.81345722079277 0.727249190211296 0.623691921432813 0.815494567155838 0.895400588711103 0.64754955470562 0.622346604863803 0.793356195092201 0.624118035038312 0.67598952849706 0.850274657209714 0.966392959157626 0.927460263172785 0.929005329807599 0.971803734699885 0.907133276263873 0.717690805594126 0.735675235589345 0.707262277603149 0.697311634818713
0.988917996486028 0.98880110681057 0.984851241111755 0.989290604988734 0.989793876806895 0.990159605940183 0.984053815404574 0.982541074355443 0.986083537340164 0.986691758036613 0.9914803703626 0.991392110784849 0.993690143028895 0.977991312742233 0.957044129570325 0.96002026895682 0.992627342542013 0.990316808223724 0.986243382096291 0.984932084878286 0.981375286976496 0.980655744671822 0.981058766444524 0.979108437895775 0.960714052120844 0.972695663571358 0.96784907579422 0.961171522736549 0.959898839394251 0.958822593092918 0.935111477971077 0.828533659378688 0.89064925412337 0.836270133654276 0.864397163192431 0.864765301346779 0.927550792694092 0.932850544651349 0.701643084486326 0.668382729093234 0.892466952403386 0.757638111710548 0.806354572375615 0.692248781522115 0.925990223884583 0.927949965000153 0.92966465651989 0.945315112670263 0.896788184841474 0.583244144916534 0.802714462081591 0.691712478796641 0.756657833854357
0.988939831654231 0.98878887295723 0.989212358991305 0.989488532145818 0.989543269077937 0.989846726258596 0.980178574721018 0.987388610839844 0.947886640826861 0.992954865098 0.993457496166229 0.989075779914856 0.993788843353589 0.98473958671093 0.992173944910367 0.992311919728915 0.990633691350619 0.991922562321027 0.984956363836924 0.981589093804359 0.919746041297913 0.979350179433823 0.977979098757108 0.938352862993876 0.972597459952037 0.908930147687594 0.839580625295639 0.841199194391569 0.958974947532018 0.954339613517125 0.952833493550619 0.946629345417023 0.946964308619499 0.944831853111585 0.943068340420723 0.941282004117966 0.911994248628616 0.927490428090096 0.749776874979337 0.914237787326177 0.800296351313591 0.455528346200784 0.836440995335579 0.945918316642443 0.926115721464157 0.928224364916484 0.935714930295944 0.931732892990112 0.938318227728208 0.684832955400149 0.766988088687261 0.947406167785327 0.951733723282814
0.928776944677035 0.982348690430323 0.989035129547119 0.989011918505033 0.986750384171804 0.975606049100558 0.987599551677704 0.990967233975728 0.991914222637812 0.992491001884143 0.993225937088331 0.99360170463721 0.992264022429784 0.989068354169528 0.991891061266263 0.992259273926417 0.99029865860939 0.98604920009772 0.983975917100906 0.938363363345464 0.886156861980756 0.951007574796677 0.974502782026927 0.972766603032748 0.735356628894806 0.667595351735751 0.718736196557681 0.782086119055748 0.939126248160998 0.949115782976151 0.949273983637492 0.916049838066101 0.941086818774541 0.939310650030772 0.939287438988686 0.923757091164589 0.921725451946259 0.933727249503136 0.869923964142799 0.93895611166954 0.69082136452198 0.682902271548907 0.865241010983785 0.653086890776952 0.952153692642848 0.928320666154226 0.957984834909439 0.954936260978381 0.798624078432719 0.784208272894224 0.941463659207026 0.971561715006828 0.903020645181338
0.835660696029663 0.938079804182053 0.985696479678154 0.988724152247111 0.989054724574089 0.989946618676186 0.988340516885122 0.991174136598905 0.991627713044484 0.991153791546822 0.991906608144442 0.992493371168772 0.992873638868332 0.991952826579412 0.992340033253034 0.990424871444702 0.989503676692645 0.984226584434509 0.98316486676534 0.981154521306356 0.973954046765963 0.946523403127988 0.945248166720072 0.846750011046728 0.741101791461309 0.714890956878662 0.827190856138865 0.888341670234998 0.92739562690258 0.945985605319341 0.943491925795873 0.938342789808909 0.937151332696279 0.934000000357628 0.933778767784437 0.933488622307777 0.908647527297338 0.929196869333585 0.900525689125061 0.93230398495992 0.900495196382205 0.866045708457629 0.941397438446681 0.934820170203845 0.92579115430514 0.928279340267181 0.930661156773567 0.935810809334119 0.825363248586655 0.840820496280988 0.777330333987872 0.969802066683769 0.808306525150935
0.916648675998052 0.949896275997162 0.987171843647957 0.988159979383151 0.988089144229889 0.98900339504083 0.989829341570536 0.990471720695496 0.990967328349749 0.991451924045881 0.991262570023537 0.991535728176435 0.991964668035507 0.992178738117218 0.989851335684458 0.988104611635208 0.987501834829648 0.983909080425898 0.981970489025116 0.979453916351 0.969855204224586 0.975552593668302 0.970369398593903 0.910468836625417 0.911597197254499 0.92806584139665 0.957057977716128 0.952652369936307 0.947734420498212 0.94321616490682 0.942926247914632 0.934095179041227 0.932320892810822 0.932456428805987 0.917557274301847 0.908413723111153 0.883969421188037 0.928086176514626 0.924369499087334 0.922488664587339 0.91625622411569 0.918082455794016 0.920287564396858 0.922773366173108 0.925430665413539 0.929741193850835 0.8728080590566 0.696234549085299 0.745895077784856 0.951529016097387 0.958550994594892 0.965191399057706 0.955589264631271
0.950878774126371 0.954465061426163 0.985867540041606 0.986313864588737 0.987252458930016 0.988342379530271 0.98910125096639 0.989653035998344 0.990142971277237 0.990383779009183 0.991105477015177 0.991045400500298 0.991081714630127 0.991059611241023 0.990458562970161 0.988166302442551 0.987031693259875 0.983815540870031 0.980238149563471 0.975515047709147 0.975452721118927 0.972203865647316 0.965417747696241 0.965024188160896 0.961671362320582 0.957892552018166 0.954200953245163 0.94895010193189 0.944716935356458 0.940064112345378 0.934688165783882 0.93090317149957 0.928641791145007 0.928631295760473 0.924727529287338 0.902505387862523 0.892565642793973 0.919813310106595 0.92018527785937 0.921303967634837 0.924593696991603 0.930051719148954 0.920836125810941 0.923518175880114 0.926411728064219 0.91163591047128 0.841935738921165 0.870178297162056 0.837384432554245 0.855063443382581 0.678376689553261 0.860404809315999 0.963674540321032
0.98327433069547 0.980711092551549 0.978907868266106 0.986315906047821 0.986132318774859 0.987301444013914 0.987120851874352 0.988175769646963 0.98844742278258 0.989056448141734 0.989643335342407 0.989810253183047 0.990113606055578 0.989586691061656 0.988902941346169 0.978588809569677 0.985728869835536 0.982379992802938 0.978377138574918 0.972837487856547 0.973302831252416 0.944495067000389 0.965777774651845 0.961882005135218 0.958746726314227 0.954972172776858 0.950009415547053 0.945156132181486 0.940036907792091 0.936332667867343 0.930472438534101 0.927608996629715 0.923845688501994 0.921559438109398 0.919069598118464 0.919026792049408 0.919892857472102 0.916611681381861 0.91584491233031 0.921531662344933 0.801606004436811 0.924048369129499 0.923880025744438 0.922689865032832 0.926504661639531 0.92898473640283 0.923913478851318 0.920111084977786 0.935465430219968 0.843870013952255 0.706389605998993 0.911872064073881 0.948762367169062
0.970022658507029 0.978756243983904 0.979657381772995 0.980623419086138 0.984091540177663 0.982733731468519 0.985739966233571 0.98570088048776 0.9869767477115 0.987895528475443 0.988172481457392 0.988579938809077 0.98863784968853 0.988203376531601 0.98746553560098 0.986434812347094 0.984495157996813 0.981902331113815 0.975879848003387 0.973506266872088 0.957876200477282 0.949222728610039 0.962711329261462 0.95941665271918 0.955782706538836 0.951272929708163 0.946947505076726 0.941991413633029 0.936464677254359 0.932380154728889 0.927601103981336 0.923332979281743 0.920506030321121 0.91723678012689 0.914556413888931 0.914670526981354 0.91485350827376 0.913235465685526 0.91404744486014 0.917672673861186 0.919118404388428 0.92064597706 0.922222644090652 0.925410409768422 0.931394214431445 0.936835025747617 0.941167299946149 0.943160032232602 0.947638918956121 0.842203661799431 0.75421042740345 0.901556864380836 0.961998179554939
0.99081622560819 0.966498712698619 0.969013278683027 0.966792081793149 0.982870429754257 0.982676188151042 0.983486314614614 0.984599014123281 0.985336566964785 0.985929295420647 0.98652608692646 0.987066835165024 0.986839234828949 0.986336643497149 0.985394229491552 0.984020059307416 0.977724532286326 0.979748879869779 0.975316057602564 0.971234679222107 0.968306764960289 0.96480904519558 0.960602020223935 0.956263353427251 0.952027663588524 0.947596798340479 0.942724615335464 0.938922320803007 0.93352273106575 0.928747276465098 0.923757612705231 0.919971004128456 0.915973136822383 0.9128577709198 0.910880257685979 0.909879177808762 0.909077331423759 0.910260687271754 0.911891117691994 0.914611582954725 0.913595194617907 0.917631109555562 0.921910544236501 0.924540529648463 0.929066881537437 0.933213541905085 0.937396029631297 0.940167978405952 0.943968171874682 0.935028855999311 0.772208566466967 0.94834082822005 0.95573228597641
0.992432246605555 0.933468714356422 0.928682327270508 0.962874238689741 0.982794642448425 0.981821199258169 0.982625221212705 0.983580435315768 0.984162961443265 0.984802385171255 0.984627882639567 0.985055848956108 0.984901006023089 0.984364847342173 0.983426148692767 0.981803759932518 0.97882800300916 0.975159938136737 0.973044743140539 0.968839531143506 0.965780963500341 0.961984237035116 0.9574792633454 0.952851454416911 0.948720261454582 0.94422015051047 0.939284731944402 0.935459107160568 0.92985167602698 0.925053541858991 0.920716807246208 0.916441296537717 0.91263821721077 0.909740517536799 0.908298636476199 0.907313639918963 0.90658030907313 0.907245457172394 0.908962046106656 0.911262874801954 0.912866398692131 0.916709204514821 0.918771172563235 0.923060894012451 0.927947267889977 0.931194971005122 0.933501457174619 0.935765301187833 0.939189905921618 0.940195207794507 0.953731507062912 0.957137475411097 0.953085035085678
0.996661101778348 0.983992502093315 0.921179388960203 0.941013276576996 0.963659182190895 0.975876624385516 0.98122501373291 0.982204680641492 0.982991571227709 0.983247861266136 0.98295733332634 0.982911989092827 0.982916618386904 0.982719932993253 0.981122300028801 0.979175219933192 0.976903885602951 0.971133803327878 0.965217818816503 0.965640435616175 0.963395978013674 0.959138661623001 0.954344059030215 0.950009365876516 0.945446560780207 0.94054672618707 0.935757502913475 0.930808126926422 0.926321456829707 0.92135759194692 0.916698356469472 0.912981619437536 0.909041012326876 0.906216487288475 0.904211133718491 0.903737669189771 0.904555340607961 0.904896895090739 0.905725022157033 0.874251678586006 0.911679958303769 0.914509440461794 0.917701870203018 0.920407061775525 0.92327677210172 0.927462726831436 0.930460716287295 0.933299869298935 0.934277296066284 0.93976994852225 0.944146181146304 0.95395324130853 0.95804891983668
0.997926995158195 0.995805715521177 0.968464190761248 0.946574702858925 0.95579619705677 0.976995279391607 0.980450163284938 0.981730709473292 0.981863940755526 0.982275327046712 0.98190579811732 0.982072626550992 0.980855986475945 0.979502096772194 0.97832711537679 0.976385956009229 0.974610875050227 0.971287290255229 0.964801038304965 0.96452005704244 0.961053917805354 0.956887155771255 0.951661979158719 0.94707782069842 0.942474409937859 0.937361439069112 0.933108290036519 0.928166071573893 0.923527946074804 0.918780853350957 0.914187182982763 0.910707086324692 0.907390490174294 0.903029158711433 0.902237256368001 0.902419194579124 0.902556483944257 0.903121277689934 0.904182657599449 0.904771799842517 0.909307112296422 0.912058964371681 0.914742430051168 0.918979768951734 0.922594825426737 0.925691222151121 0.928687393665314 0.93111015856266 0.933487529555956 0.935042609771093 0.938299958904584 0.955751945575078 0.953398083647092
1.00400939583778 0.998431454102198 0.97266378502051 0.970040718714396 0.940418327848117 0.976954946915309 0.979826365907987 0.980747237801552 0.980937580267588 0.980928311745326 0.980439618229866 0.979534909129143 0.978456204136213 0.97720143198967 0.975759595632553 0.974264279007912 0.972522586584091 0.966835876305898 0.963012670477231 0.962724417448044 0.958833853403727 0.954422881205877 0.949511895577113 0.944702203075091 0.939890161156654 0.934584558010101 0.930540720621745 0.925633509953817 0.920877501368523 0.916022236148516 0.91186078886191 0.908477321267128 0.905434608459473 0.901966368158658 0.901335820555687 0.901070932547251 0.901279037197431 0.901624629894892 0.902602369586627 0.904061382015546 0.906033063928286 0.90961754322052 0.913461541136106 0.917389700810115 0.921250800291697 0.925103709101677 0.92840709288915 0.929632400472959 0.933537393808365 0.935823460419973 0.938982958594958 0.95116746922334 0.838735560576121
0.99476254483064 0.976339777310689 0.942391107479731 0.964633454879125 0.962599997719129 0.983360260725021 0.979927465319633 0.979747320214907 0.980127612749735 0.97991631925106 0.9794569114844 0.978151679039001 0.976619079709053 0.975723351041476 0.97416249414285 0.972857440511386 0.970991323391596 0.964854533473651 0.961995199322701 0.960766956210136 0.956807136535645 0.952344755331675 0.947217171390851 0.942004188895226 0.937581683198611 0.932677507400513 0.927943785985311 0.923454736669858 0.91894726951917 0.914361427227656 0.910472651322683 0.907025222977002 0.904410873850187 0.901777163147926 0.89948504169782 0.90021155277888 0.900184338291486 0.900776748855909 0.901783913373947 0.903255820274353 0.90520852804184 0.908807759483655 0.91290050248305 0.916801397999128 0.920868655045827 0.924793273210526 0.928702125946681 0.931231463948886 0.933652549982071 0.936852405468623 0.942270557085673 0.847537592053413 0.527007932464282
0.98266027867794 0.945661053061485 0.927892242868741 0.918181717395782 0.954936648408572 0.981850638985634 0.980528508623441 0.978715017437935 0.979064866900444 0.979167674978574 0.978877251346906 0.977498531341553 0.976041465997696 0.97422497967879 0.97255436082681 0.971330364545186 0.96908629933993 0.966317519545555 0.960737705230713 0.957234819730123 0.955519879857699 0.950712223847707 0.945944393674533 0.940951312581698 0.935984626412392 0.9311247219642 0.926270032922427 0.922032286723455 0.917450423041979 0.912807166576385 0.909046510855357 0.906057506799698 0.903421128789584 0.901232466101646 0.899979740381241 0.899875993529956 0.899967978398005 0.900272041559219 0.901290496190389 0.903234859307607 0.905450244744619 0.909137095014254 0.912953029076258 0.916932329535484 0.921066631873449 0.925048212210337 0.928265432516734 0.931795746088028 0.93454251686732 0.938861360152562 0.921797508994738 0.793941001097361 0.548541570703189
0.994989529252052 0.964883511265119 0.921152636408806 0.953023503224055 0.985391269127528 0.984730223814646 0.98112727701664 0.976413359244665 0.978808268904686 0.978707979122798 0.977939337491989 0.976719116171201 0.974993735551834 0.973233143488566 0.971804807583491 0.970009927948316 0.968134065469106 0.962925344705582 0.960470447937647 0.957442959149679 0.953734849890073 0.949567864338557 0.944819072882334 0.939687997102737 0.934951076904933 0.929978256424268 0.925028284390767 0.92089348534743 0.916259368260702 0.912580957015355 0.908784945805868 0.905760159095128 0.903259575366974 0.901484876871109 0.899417534470558 0.899759804209073 0.899786124626795 0.900545209646225 0.90169129272302 0.903251941005389 0.905939176678658 0.909198020895322 0.913220514853795 0.917374466856321 0.921825816233953 0.925515532493591 0.92928309738636 0.933077181379 0.936842928330104 0.940280606349309 0.913883546988169 0.89827003578345 0.84459613263607
0.943199510375659 0.933919370174408 0.95222215851148 0.989526783426603 0.988387236992518 0.982897698879242 0.98219292362531 0.970845833420753 0.977971732616425 0.978005692362785 0.977432375152906 0.976270114382108 0.974781597654025 0.97261410454909 0.971271653970083 0.969080165028572 0.966535369555155 0.963137030601501 0.959894473354022 0.957283481955528 0.953093200922012 0.948778326312701 0.944068680206935 0.939173370599747 0.934157510598501 0.929449886083603 0.924607788523038 0.920573458075523 0.916239554683367 0.91236600279808 0.909024491906166 0.905992413560549 0.903499479095141 0.901999920606613 0.899383559823036 0.900088126460711 0.900374174118042 0.901032740871112 0.902513027191162 0.904544820388158 0.906924520929654 0.910383269190788 0.914454480012258 0.918643966317177 0.922523230314255 0.926483606298765 0.930218294262886 0.934608524044355 0.938171416521072 0.942324131727219 0.945196102062861 0.950681616862615 0.954493661721547
