indici/IDIm.asc
NCOLS 177 
NROWS 174 
XLLCORNER 1436301.375 
YLLCORNER 4916704.5 
CELLSIZE 1500 
NODATA_value -9999 
[rows 92 to 114 of 174, columns 53 to 105 of 177]
0.941501388947169 0.932855958739916 0.955241565903028 0.992647429307302 0.989743242661158 0.981920897960663 0.983069871862729 0.979747499028842 0.978902881344159 0.978426987926165 0.977523545424143 0.97630516688029 0.974910333752632 0.973187377055486 0.970807706316312 0.968880747755369 0.964930415153503 0.962364584207535 0.959279477596283 0.956362287203471 0.952647899587949 0.948369095722834 0.943555235862732 0.939064751068751 0.93397980928421 0.929205030202866 0.925158133109411 0.920418928066889 0.916395341356595 0.912828981876373 0.909636363387108 0.906760051846504 0.904684464136759 0.902939250071844 0.90160113076369 0.899657492836316 0.901730716228485 0.902267302076022 0.90371923148632 0.905819043517113 0.908780907591184 0.912280375758807 0.915972302357356 0.920300513505936 0.924470360080401 0.928607215483983 0.932556480169296 0.936750928560893 0.940542707840602 0.944895009199778 0.948696459333102 0.952303801973661 0.955431992808978
0.93824868897597 0.929818237821261 0.941826641559601 0.99310314655304 0.989391018946966 0.985611706972122 0.980064476529757 0.97933965921402 0.979109654823939 0.978721961379051 0.977777242660522 0.976790900031726 0.975215901931127 0.97300124168396 0.97089654703935 0.967417488495509 0.964991688728333 0.962742691238721 0.959486211339633 0.955252374211947 0.952717542648315 0.948497965931892 0.943930109341939 0.939051533738772 0.934734563032786 0.930247987310092 0.925829172134399 0.921405846873919 0.917523855964343 0.913950979709625 0.910769055287043 0.908053562045097 0.906003271540006 0.904534255464872 0.903465578953425 0.901726891597112 0.903488591313362 0.904240692655245 0.905898913741112 0.908064077297846 0.91106324394544 0.914450551072756 0.918273270130157 0.922442242503166 0.926717574397723 0.931423991918564 0.935073534647624 0.939048916101456 0.943000028530757 0.94747685889403 0.95122995475928 0.954364349444707 0.957659006118774
0.932662834723791 0.924371982614199 0.95470866560936 0.993284657597542 0.978370731075605 0.979085355997086 0.979263042410215 0.979814633727074 0.979565218091011 0.979148124655088 0.978174154957136 0.977019131183624 0.975549802184105 0.973760431011518 0.971349681417147 0.967907622456551 0.965976233283679 0.962888260682424 0.959979628523191 0.956618348757426 0.953277662396431 0.949140260616938 0.944823731978734 0.94023571908474 0.935576180617015 0.931225419044495 0.926328763365746 0.922539616624514 0.918820107976596 0.91512027879556 0.912666464845339 0.910104557871819 0.90795107682546 0.906388332446416 0.905696799357732 0.905310928821564 0.904512574275335 0.906789620717367 0.908511534333229 0.910720174511274 0.9137318978707 0.917236606280009 0.920904383063316 0.925021022558212 0.929366538921992 0.933841014901797 0.937739436825117 0.941648145516713 0.945882891615232 0.953309213121732 0.955844094355901 0.955750713745753 0.960155998667081
0.924635628859202 0.916928763190905 0.958592414855957 0.987947856386503 0.979144021868706 0.979879875977834 0.980206261078517 0.980486979087194 0.980230038364728 0.979673137267431 0.978812580307325 0.977644602457682 0.976165329416593 0.974234347542127 0.971978103121122 0.969084580739339 0.966808438301086 0.963764975468318 0.960737640659014 0.957288429141045 0.953882897893588 0.949982007344564 0.945347805817922 0.941468571623166 0.937104841073354 0.932612856229146 0.92864420513312 0.924966479341189 0.921509901682536 0.917868122458458 0.914748708407084 0.912351349989573 0.910476664702098 0.908937752246857 0.908374066154162 0.908217375477155 0.907407735784849 0.909246136744817 0.911389668782552 0.913859943548838 0.916861375172933 0.920328463117282 0.9240676065286 0.927856355905533 0.932096863786379 0.936308597524961 0.940371622641881 0.944321816166242 0.947708795468012 0.954206198453903 0.957364901900291 0.958304171760877 0.96191850801309
0.914579167962074 0.907281085848808 0.964660823345184 0.99014180401961 0.979920342564583 0.980679710706075 0.981025119622548 0.981302683552106 0.981163968642553 0.980252727866173 0.979638253649076 0.978476012746493 0.976749042669932 0.975103442867597 0.971656228105227 0.96974324186643 0.96780667702357 0.964829459786415 0.961722647150358 0.958501483003298 0.955046186844508 0.95112773279349 0.947059631347656 0.943162317077319 0.938687006632487 0.934912790854772 0.930832833051682 0.927181169390678 0.923645203312238 0.920306225617727 0.917485520243645 0.915242657065392 0.913397163152695 0.9119996180137 0.911550134420395 0.911382709940275 0.910652081171672 0.912799989183744 0.914949764808019 0.917185251911481 0.920271774133047 0.923448319236437 0.926976248621941 0.930768971641858 0.935002659757932 0.939197172721227 0.943246141076088 0.946720997492472 0.950101673603058 0.953903436660767 0.957206606864929 0.960673317313194 0.963363115986188
0.991678103804588 0.99290187160174 0.988658562302589 0.991336777806282 0.980765451987584 0.981326967477798 0.981691941618919 0.981867457429568 0.981739605466525 0.981078575054804 0.980352515975634 0.979209274053574 0.97788900633653 0.976028586427371 0.972850397229195 0.9708198706309 0.968642815947533 0.96603221197923 0.96301939090093 0.959765856464704 0.956297551592191 0.952778220176697 0.948863491415977 0.944860806067785 0.940957029660543 0.937084168195724 0.933312197526296 0.929462254047394 0.926470955212911 0.923429434498151 0.92066157857577 0.918456812699636 0.916758010784785 0.915496781468391 0.915041158596675 0.915182441473007 0.914746408661207 0.916617408394814 0.918867821494738 0.921204313635826 0.923905407389005 0.927338391542435 0.930431465307871 0.934092144171397 0.938289001584053 0.942430049180984 0.945743312438329 0.949458613991737 0.952643821636836 0.956379105647405 0.959115917483966 0.962172225117683 0.964645877480507
0.975652803977331 0.977509791652362 0.978952278693517 0.986606761813164 0.98566380639871 0.981648817658424 0.982031007607778 0.982228959600131 0.982242514689763 0.981719180941582 0.981135278940201 0.980142389734586 0.978969767689705 0.977182487646739 0.973882839083672 0.971774140993754 0.969823981324832 0.967310145497322 0.96428020298481 0.961156874895096 0.957959294319153 0.954463084538778 0.95083903769652 0.947135438521703 0.943166270852089 0.939478422204653 0.93589382370313 0.932479937871297 0.929420774181684 0.926557963093122 0.923964336514473 0.922127559781075 0.920568803946177 0.919338126977285 0.918769935766856 0.919093797604243 0.918200487891833 0.920395875970523 0.922956784566244 0.925160884857178 0.928006902337074 0.931130036711693 0.934119035800298 0.937114621202151 0.941264435648918 0.945318420728048 0.948679551482201 0.951861386497815 0.955271000663439 0.95857273042202 0.961232552925746 0.96368287007014 0.96590514977773
0.97596720357736 0.977974702914556 0.979573478301366 0.985554739832878 0.981891065835953 0.982403427362442 0.982813909649849 0.983031009634336 0.982835412025452 0.982676635185877 0.981905122598012 0.980740144848824 0.979517544309298 0.976441020766894 0.974993710716565 0.973120843370756 0.97098179658254 0.968456834554672 0.965696637829145 0.96272133787473 0.95967772603035 0.956106916069984 0.95290507376194 0.949498280882835 0.945619434118271 0.942239036162694 0.938846071561178 0.935621862610181 0.932737876971563 0.930052558581034 0.927734464406967 0.926483159263929 0.925049970547358 0.92311829328537 0.922756269574165 0.923242410024007 0.922619551420212 0.92497219145298 0.927145997683207 0.92921656370163 0.931881775458654 0.934987604618073 0.937959189216296 0.94095009068648 0.944748138387998 0.948557337125142 0.951696177323659 0.954779992500941 0.957467516263326 0.960623547434807 0.963303849101067 0.96547187368075 0.966926485300064
0.97621414065361 0.978174562255541 0.979895934462547 0.981380939483643 0.982453733682632 0.983017057180405 0.983135263125102 0.983485634128253 0.983324334025383 0.982985859115919 0.982571030656497 0.981582015752792 0.980117763082186 0.977306405703227 0.975945666432381 0.974309583504995 0.97203117609024 0.969518110156059 0.96704256037871 0.964232966303825 0.961995258927345 0.958105047543844 0.954854995012283 0.951537907123566 0.948092957337697 0.944802646835645 0.941721548636754 0.938696389396985 0.936000083883603 0.933498109380404 0.931351194779078 0.930378432075183 0.928724547227224 0.927266697088877 0.927267784873644 0.926623751719793 0.926654155055682 0.929232140382131 0.931358307600021 0.933292165398598 0.935865625739098 0.938842038313548 0.941865190863609 0.944710711638133 0.947679504752159 0.951365316907565 0.95459442337354 0.957658370335897 0.960229282577833 0.962338830033938 0.964688251415888 0.966375425457954 0.967831984162331
0.976169764995575 0.978315100073814 0.98013178507487 0.981541375319163 0.98254316051801 0.983310927947362 0.983680496613185 0.983746538559596 0.983622918526332 0.983325044314067 0.982761104901632 0.981842681765556 0.98067282140255 0.97805201013883 0.976518869400024 0.974881847699483 0.972879146536191 0.970395152767499 0.968095367153486 0.965593556563059 0.963238547245661 0.960483555992444 0.95703445871671 0.953711221615473 0.950592443346977 0.947514196236928 0.944431324799856 0.941715717315674 0.939304659763972 0.936808074514071 0.934927175442378 0.933346554636955 0.932508736848831 0.931359102328618 0.931180333097776 0.930456419785818 0.931158329049746 0.933339258035024 0.935347427924474 0.93739398320516 0.939776514967283 0.942614446083705 0.945560629169146 0.94862724840641 0.951211666067441 0.954378346602122 0.957316567500432 0.960066045324008 0.962319289644559 0.964247887333234 0.966100677847862 0.967296908299128 0.968706940611204
0.975947812199593 0.978083630402883 0.979811494549116 0.981293266018232 0.982294316093127 0.983149245381355 0.983449086546898 0.983441094557444 0.983639260133108 0.983292102813721 0.982598637541135 0.981854284803073 0.980873887737592 0.979374935229619 0.976623768607775 0.975270673632622 0.973553637663523 0.971499601999919 0.969003786643346 0.966698656479518 0.963990703225136 0.961498285333315 0.959248244762421 0.955096736550331 0.95268170038859 0.950130879878998 0.946969275673231 0.944570139050484 0.942271108428637 0.940317377448082 0.938355778654416 0.93701708316803 0.936087975899378 0.935378064711889 0.93512661755085 0.934123108784358 0.935358400146166 0.937393526236216 0.939356674750646 0.941499243179957 0.943617696563403 0.946129659811656 0.949159190058708 0.951834693551064 0.954495454827944 0.957060332099597 0.960006435712179 0.962213625510534 0.964246352513631 0.965570415059725 0.967310796181361 0.968154599269231 0.968603933850924
0.975491603215536 0.977590039372444 0.979209865132968 0.980584641297658 0.981646905342738 0.982408126195272 0.982793882489204 0.982802892724673 0.982936769723892 0.982816134889921 0.982192695140839 0.981525694330533 0.980640485882759 0.978967547416687 0.976582124829292 0.975246697664261 0.973825375239054 0.971833447615306 0.969534759720167 0.967558706800143 0.965070307254791 0.962458784381549 0.960396602749825 0.957998429735502 0.955238103866577 0.952345962325732 0.94942906498909 0.947049409151077 0.945058594147364 0.943136935432752 0.941608374317487 0.940427646040916 0.939565668503443 0.938980023066203 0.938826665282249 0.938620463013649 0.938813423117002 0.941107859214147 0.94319611787796 0.945110653837522 0.947516625126203 0.949659238258998 0.952238465348879 0.954949473341306 0.957368403673172 0.959659352898598 0.961966102321943 0.964033707976341 0.965915858745575 0.967363665501277 0.967990929881732 0.968703066309293 0.968508273363113
0.974672054251035 0.976555238167445 0.978273014227549 0.979519595702489 0.980542957782745 0.981362183888753 0.981826171278954 0.981762503584226 0.981523121396701 0.981743012865384 0.981179967522621 0.980593572060267 0.979720229903857 0.978655060132345 0.977492546041807 0.974974200129509 0.973597690463066 0.971798673272133 0.969832132260005 0.967830007274946 0.965197866161664 0.963194742798805 0.961653505762418 0.959309682250023 0.956793680787086 0.954467465480169 0.951058129469554 0.949513450264931 0.947462399800619 0.945747554302216 0.944328039884567 0.943246126174927 0.942538355787595 0.942372903227806 0.942330370346705 0.9428458015124 0.94335974752903 0.94358762105306 0.944699709614118 0.94837878147761 0.950813442468643 0.953051447868347 0.955217123031616 0.9577696621418 0.959681401650111 0.962047810355822 0.964025770624479 0.965644364555677 0.967221900820732 0.96798242131869 0.968548973401388 0.968499407172203 0.968297322591146
0.973450606067975 0.975162784258525 0.976875235637029 0.978205665946007 0.979015002648036 0.979620104034742 0.980055198073387 0.980159734686216 0.979936838150024 0.980002596974373 0.979763324062029 0.979163974523544 0.978007435798645 0.97744486729304 0.976333369811376 0.973971749345461 0.972654402256012 0.971052646636963 0.969298208753268 0.967643449703852 0.965499962369601 0.963368544975917 0.962265620628993 0.960087597370148 0.957898522416751 0.955810209115346 0.953599944710732 0.951280429959297 0.949541310469309 0.948035170634588 0.946882680058479 0.945971583326658 0.945412740111351 0.945227141181628 0.945545276006063 0.946009208758672 0.946833084026972 0.947752594947815 0.948989013830821 0.950187052289645 0.952567766110102 0.955468585093816 0.957665051023165 0.960050567984581 0.962109828988711 0.96384485065937 0.965231001377106 0.966566319266955 0.967560559511185 0.968088125189145 0.968118518590927 0.968175773819288 0.96630888680617
0.971641466021538 0.973459750413895 0.974819709857305 0.975793262322744 0.976936573783557 0.977562377850215 0.977773115038872 0.977848783135414 0.97782223423322 0.977512076497078 0.977523927887281 0.977079982558886 0.976309284567833 0.975568850835164 0.974679748217265 0.973562017083168 0.971621548136075 0.969990889231364 0.968080565333366 0.967011685172717 0.964999308188756 0.962874253590902 0.960791538159052 0.960149069627126 0.958220963676771 0.956461474299431 0.95457083483537 0.952164431413015 0.950845445195834 0.949717218677203 0.948759227991104 0.948149760564168 0.94762792189916 0.947632590929667 0.947879537940025 0.948479627569517 0.949285740653674 0.950589741269747 0.952278643846512 0.95379401743412 0.955026656389236 0.956477478146553 0.958822737137477 0.961575453480085 0.963357031345367 0.964922105272611 0.966048032045364 0.967085853219032 0.967499891916911 0.967779502272606 0.967286090056101 0.966574127475421 0.964758828282356
0.96951887011528 0.971099058787028 0.972215568025907 0.973235845565796 0.974274466435115 0.97463059425354 0.975043579936028 0.975077917178472 0.975127443671227 0.975017994642258 0.974674269556999 0.974286988377571 0.973852942387263 0.97304763396581 0.972203597426414 0.971238185962041 0.970150589942932 0.968941604097684 0.967527970671654 0.96516032020251 0.963734964529673 0.961741512020429 0.959917604923248 0.958052188158035 0.956571514407794 0.955223888158798 0.95469014843305 0.952785750230153 0.951686024665833 0.950210109353065 0.949660057822863 0.949398279190063 0.949217721819878 0.949302315711975 0.949761321147283 0.95044972995917 0.951439758141836 0.952699209252993 0.954232141375542 0.955777044097582 0.957588026920954 0.959375118215879 0.960984274744987 0.962675591309865 0.963862746953964 0.964830324053764 0.966121837496758 0.966600899895032 0.966853340466817 0.966514448324839 0.965841457247734 0.96466951072216 0.962687969207764
0.966914529601733 0.968119819959005 0.969234695037206 0.969995975494385 0.971008097132047 0.971335470676422 0.971657638748487 0.971425061424573 0.971439411242803 0.971321369210879 0.971084624528885 0.970553487539291 0.970113039016724 0.96957391500473 0.968848064541817 0.968025252223015 0.967188706000646 0.966164976358414 0.964957108100255 0.963736260930697 0.961741626262665 0.960248957077662 0.95845457414786 0.956460401415825 0.955262377858162 0.954079911112785 0.952952240904172 0.952583367625872 0.951780090729396 0.950661947329839 0.949828818440437 0.949585457642873 0.94961450000604 0.95029324789842 0.950780446330706 0.951515391469002 0.95260389149189 0.953835040330887 0.955295115709305 0.956882044672966 0.958583613236745 0.960042198499044 0.961716870466868 0.96170445283254 0.962803850571314 0.963850249846776 0.964874103665352 0.96561586856842 0.965357010563215 0.964567393064499 0.963513150811195 0.961675971746445 0.959831461310387
0.963630497455597 0.964787021279335 0.965793281793594 0.96636496980985 0.96671724319458 0.967303435007731 0.967411508162816 0.967275977134705 0.967226112882296 0.967071274916331 0.96652640402317 0.966109981139501 0.965725084145864 0.965363591909409 0.964548816283544 0.964133923252424 0.963363289833069 0.962427631020546 0.96150000890096 0.960579564174016 0.959416796763738 0.958099946379662 0.956413974364599 0.954220573107401 0.953421701987584 0.952129751443863 0.951163063446681 0.950417806704839 0.950708409150442 0.950245593984922 0.949196636676788 0.949250678221385 0.949535802006721 0.950503920515378 0.950877914826075 0.951649561524391 0.952748621503512 0.954094861944517 0.955532565712929 0.95699650545915 0.958797698219617 0.960076540708542 0.961490228772163 0.962638338406881 0.963508794705073 0.963808551430702 0.963557253281275 0.963224490483602 0.962636674443881 0.961850002408028 0.960232128699621 0.95818334321181 0.955373336871465
0.960033545891444 0.960820799072584 0.961594591538111 0.962155724565188 0.961951270699501 0.962516417105993 0.962476233641307 0.962431599696477 0.961961060762405 0.961755921443303 0.961379617452621 0.960483665267626 0.960603872934977 0.960205535093943 0.959562699000041 0.959080730875333 0.958448280890783 0.957857822378476 0.957113310694695 0.956399326523145 0.955456187327703 0.954465329647064 0.953345939517021 0.951646054784457 0.950834363698959 0.94945232073466 0.948501572012901 0.94816214342912 0.947698394457499 0.948474183678627 0.948325276374817 0.948053538799286 0.947961141665777 0.949311514695485 0.950053229928017 0.950967282056808 0.952128261327744 0.953498139977455 0.954970195889473 0.956432233254115 0.957969491680463 0.959140693147977 0.960414598385493 0.961322496334712 0.961844647924105 0.962111363808314 0.961807678143183 0.961098248759905 0.958786780635516 0.957727616031965 0.955069546898206 0.953465322653453 0.95044473807017
0.95606970290343 0.956561386585236 0.95729353527228 0.957498580217361 0.957185844580332 0.956823204954465 0.956331660350164 0.956423516074816 0.956303060054779 0.95576832195123 0.955075552066167 0.954077293475469 0.953900257746379 0.954176078240077 0.953466837604841 0.953089366356532 0.952889909346898 0.952142124374708 0.951670045653979 0.951060111323992 0.950414141019185 0.94991842408975 0.949138273795446 0.948604022463163 0.94792107741038 0.94623472293218 0.945446312427521 0.944996863603592 0.944910501440366 0.945262566208839 0.945775176088015 0.946001177032789 0.946373547116915 0.946797788143158 0.94823694229126 0.949358309308688 0.950528919696808 0.951925138632456 0.953431854645411 0.954724341630936 0.956107258796692 0.957342778642972 0.958241959412893 0.958961213628451 0.959191540877024 0.959188312292099 0.958648403485616 0.957404136657715 0.955687354008357 0.952960580587387 0.950050463279088 0.947237342596054 0.94322507083416
0.951894546548525 0.951833759744962 0.951246470212936 0.951844597856204 0.951618532339732 0.951144506533941 0.950576240817706 0.950087135036786 0.949700762828191 0.949296479423841 0.948762252926826 0.948243180910746 0.947619989514351 0.947277128696442 0.946576774120331 0.946628113587697 0.945973634719849 0.94555309911569 0.945448870460192 0.944905117154121 0.944646149873734 0.944181536634763 0.943715617060661 0.943262606859207 0.942917833725611 0.941346635421117 0.941065758466721 0.940639471014341 0.940708637237549 0.940921758611997 0.942158460617065 0.942524393399557 0.942903687556585 0.94407807290554 0.945308168729146 0.946604530016581 0.947954629858335 0.949375708897909 0.950813432534536 0.952095742026965 0.953471183776855 0.954446991284688 0.955145493149757 0.955613573392232 0.955672984321912 0.95514744023482 0.954166447122892 0.952708716193835 0.950564036766688 0.947860658168793 0.944792985916138 0.940920576453209 0.937081644932429
0.946466530362765 0.946403309702873 0.945715809861819 0.945622419317563 0.945398638645808 0.944789970914523 0.944120079278946 0.943416292468707 0.94255738457044 0.942009449005127 0.941754842797915 0.941382785638173 0.940689846873283 0.939663241306941 0.939079334338506 0.938938543200493 0.93845105667909 0.938363214333852 0.93816318611304 0.937762036919594 0.937485019365946 0.937420273820559 0.937169889609019 0.937035744388898 0.936854799588521 0.936650529503822 0.936691403388977 0.936320960521698 0.935647423068682 0.935872172315915 0.936252425114314 0.937628279129664 0.938470150033633 0.94027025004228 0.941271990537643 0.942695905764898 0.944189190864563 0.94564097126325 0.947003732124964 0.948272109031677 0.949436947703362 0.950416331489881 0.950962295134862 0.9510544637839 0.950876673062642 0.950127119819323 0.948706934849421 0.946832567453384 0.944314231475194 0.941289593776067 0.937668566902479 0.933569570382436 0.929070214430491
0.941275621453921 0.940691168109576 0.940096527338028 0.939367676774661 0.938370863596598 0.9371271332105 0.936006913582484 0.935899749398232 0.935278077920278 0.934234703580538 0.934252291917801 0.934191778302193 0.934595902760824 0.932084222634633 0.930635581413905 0.929940457145373 0.930436655879021 0.930161202947299 0.929569557309151 0.929765785733859 0.929743116100629 0.929749305049578 0.929595167438189 0.929774761199951 0.929823517799377 0.929857681194941 0.930230180422465 0.93012631436189 0.930285250147184 0.930331895748774 0.930834298332532 0.93208321928978 0.933234552542369 0.935071075956027 0.936193997661273 0.937480871876081 0.939456293980281 0.940931712587674 0.942136814196905 0.94347175459067 0.944520418842634 0.945335025588671 0.945723737279574 0.945561096072197 0.945072129368782 0.943860118587812 0.941981683174769 0.939692512154579 0.936790193120638 0.933363338311513 0.929257233937581 0.924733648697535 0.91968002418677
