indici/IDIm.asc
NCOLS 177 
NROWS 174 
XLLCORNER 1436301.375 
YLLCORNER 4916704.5 
CELLSIZE 1500 
NODATA_value -9999 
[rows 69 to 91 of 174, columns 0 to 52 of 177]
-9999 -9999 -9999 -9999 -9999 -9999 -9999 -9999 -9999 -9999 -9999 -9999 -9999 -9999 -9999 -9999 -9999 -9999 -9999 -9999 0.885157744089762 0.893806830048561 0.903757353623708 0.917887474099795 0.933714121580124 0.951503972212474 0.956134120623271 0.958278079827627 0.955777764320374 0.959553504983584 0.962754145264626 0.966694136460622 0.981886977950732 0.951724474628766 0.960719361901283 0.988158226013184 0.988720531264941 0.976886620124181 0.983039066195488 0.981438209613164 0.983977342645327 0.98603310684363 0.984816218415896 0.973267962535222 0.981717273592949 0.982157324751218 0.981559976935387 0.961102719108264 0.981117844581604 0.954736396670341 0.932131662964821 0.907644331455231 0.930749903122584
-9999 -9999 -9999 -9999 -9999 -9999 -9999 -9999 -9999 -9999 -9999 -9999 -9999 -9999 -9999 -9999 -9999 -9999 -9999 0.874383499224981 0.890484581391017 0.907719969749451 0.907291263341904 0.926926026741664 0.94629246989886 0.950069223841031 0.962943573792776 0.958357850710551 0.958652054270109 0.964942589402199 0.966078221797943 0.968753730257352 0.97209794819355 0.989119370778402 0.994414667288462 0.991424103577932 0.991154432296753 0.989064882198969 0.985879778862 0.980266436934471 0.987079113721848 0.985198651750883 0.987417211135229 0.9858112235864 0.984530503551165 0.985344390074412 0.964706867933273 0.940574919184049 0.983840867877007 0.982508038481077 0.976723993817965 0.980683023730914 0.977483655015628
-9999 -9999 -9999 -9999 -9999 -9999 -9999 -9999 -9999 -9999 -9999 -9999 -9999 -9999 -9999 -9999 -9999 -9999 -9999 0.872880255182584 0.899993787209193 0.904078220327695 0.907115370035172 0.929006506999334 0.945817490418752 0.958219632506371 0.957935377955437 0.959607496857643 0.960571040709813 0.9783596098423 0.981591994563738 0.984046796957652 0.990495840708415 0.989952062567075 0.988280355930328 0.991266851623853 0.9931537459294 0.992278501391411 0.98404390613238 0.981072008609772 0.984817211826642 0.984002366662025 0.988518143693606 0.987669736146927 0.98629304766655 0.98936715722084 0.979226425290108 0.984446123242378 0.982964217662811 0.969920083880424 0.976346333821615 0.984009365240733 0.983240738511086
-9999 -9999 -9999 -9999 -9999 -9999 -9999 -9999 -9999 -9999 -9999 -9999 -9999 -9999 -9999 -9999 -9999 -9999 -9999 -9999 0.882179791728655 0.893207654356956 0.909622838099798 0.943969974915187 0.943721334139506 0.946607460578283 0.955633292595545 0.957775563001633 0.971000154813131 0.977644115686417 0.981354971726735 0.986839920282364 0.993243967493375 0.994231909513474 0.983916367093722 0.992831538120906 0.993488232294718 0.991101379195849 0.988315189878146 0.985734641551971 0.980051949620247 0.986722419659297 0.991930330793063 0.994616930683454 0.993893141547839 0.991810580094655 0.990824833512306 0.985404968261719 0.987787142395973 0.980708802739779 0.977534870306651 0.981626575191816 0.985110531250636
-9999 -9999 -9999 -9999 -9999 -9999 -9999 -9999 -9999 -9999 -9999 -9999 -9999 -9999 -9999 -9999 -9999 -9999 -9999 -9999 0.882074976960818 0.89185065527757 0.92860026160876 0.939420769611994 0.942980200052261 0.956433042883873 0.951913312077522 0.967637866735458 0.974720234672228 0.978091379006704 0.983303199211756 0.982772340377172 0.98864284157753 0.987685491641363 0.988249912858009 0.993017156918844 0.998078182339668 0.994611660639445 0.9889262119929 0.989447221159935 0.983110611637433 0.98702676097552 0.993153542280197 0.992706134915352 0.994673177599907 0.991156756877899 0.990035345156988 0.987277090549469 0.988939886291822 0.988099043567975 0.984185338020325 0.984861354033152 0.98495311041673
-9999 -9999 -9999 -9999 -9999 -9999 -9999 -9999 -9999 -9999 -9999 -9999 -9999 -9999 -9999 -9999 -9999 -9999 -9999 -9999 -9999 0.891352623701096 0.917750537395477 0.93734580775102 0.937431504329046 0.94836388528347 0.957825506726901 0.967023516694705 0.972045034170151 0.975352560480436 0.982006137569745 0.978116730848948 0.985818058252335 0.989637479186058 0.987154026826223 0.994720424214999 1.00525191426277 0.995524038871129 0.993065729737282 0.991219739119212 0.989283581574758 0.989303742845853 0.991702412565549 0.993415797750155 0.992556209365527 0.989878182609876 0.990892132123311 0.990535736083984 0.989452694853147 0.971627935767174 0.985407943526904 0.98759438097477 0.986837680141131
-9999 -9999 -9999 -9999 -9999 -9999 -9999 -9999 -9999 -9999 -9999 -9999 -9999 -9999 -9999 -9999 -9999 -9999 -9999 -9999 -9999 0.890840490659078 0.901601955294609 0.912084028124809 0.929159616430601 0.941902036468188 0.957558915019035 0.96519336104393 0.969072858492533 0.976167048017184 0.980505620439847 0.982967689633369 0.989920844634374 0.995042910178502 0.989931707580884 0.990950385729472 0.995727146665255 0.996564070383708 0.993174344301224 0.99314155181249 0.993705118695895 0.994143843650818 0.991621752580007 0.991925269365311 0.992394099632899 0.990746080875397 0.990517194072405 0.98883301516374 0.990153034528097 0.968622500697772 0.987273380160332 0.987905328472455 0.987001612782478
-9999 -9999 -9999 -9999 -9999 -9999 -9999 -9999 -9999 -9999 -9999 -9999 -9999 -9999 -9999 -9999 -9999 -9999 -9999 -9999 -9999 -9999 -9999 -9999 0.931607852379481 0.943381955226262 0.956943323214849 0.961648270487785 0.970002328356107 0.974828079342842 0.981304064393044 0.984985172748566 0.990108251571655 0.994193101922671 0.99120553334554 0.994381422797839 0.996073767542839 0.996567567189535 0.994291846950849 0.993875786662102 0.99484425286452 0.99497552216053 0.992833519975344 0.992500573396683 0.991812080144882 0.992346788446108 0.989959652225176 0.989718124270439 0.989522983630498 0.99182540178299 0.987349952260653 0.988854020833969 0.988916759689649
-9999 -9999 -9999 -9999 -9999 -9999 -9999 -9999 -9999 -9999 -9999 -9999 -9999 -9999 -9999 -9999 -9999 -9999 -9999 -9999 -9999 -9999 -9999 -9999 0.930538167556127 0.947469944755236 0.953815663854281 0.959581032395363 0.969392721851667 0.975144902865092 0.980050966143608 0.984029854337374 0.989629502097766 0.9915678302447 0.991118192672729 0.994210362434387 0.995332156618436 0.995997260014216 0.996148591240247 0.995807319879532 0.995459904273351 0.994838799039523 0.993700971206029 0.992921605706215 0.991682300964991 0.991828292608261 0.990756024916967 0.989832942684492 0.99171589811643 0.989264239867528 0.988774289687475 0.988682612776756 0.969878037770589
-9999 -9999 -9999 -9999 -9999 -9999 -9999 -9999 -9999 -9999 -9999 -9999 -9999 -9999 -9999 -9999 -9999 -9999 -9999 -9999 -9999 -9999 -9999 -9999 0.933212508757909 0.941957374413808 0.949300820628802 0.960992525021235 0.967638254165649 0.97347288330396 0.978438297907511 0.981979469458262 0.985747709870338 0.990243876973788 0.990352233250936 0.993162070711454 0.992719531059265 0.994896069169044 0.995109284917513 0.995061635971069 0.994663044810295 0.994075953960419 0.993355547388395 0.992554232478142 0.991783003012339 0.990667894482613 0.990225503842036 0.989434311787287 0.990151594082514 0.988162711262703 0.988084296385447 0.987782662113508 0.921562731266022
-9999 -9999 -9999 -9999 -9999 -9999 -9999 -9999 -9999 -9999 -9999 -9999 -9999 -9999 -9999 -9999 -9999 -9999 -9999 -9999 -9999 -9999 -9999 -9999 0.931632354855537 0.935441344976425 0.948452288905779 0.958010271191597 0.964991490046183 0.97141270339489 0.976644506057104 0.972300420204798 0.914412915706635 0.946606342991193 0.992273524403572 0.995024288694064 0.990187168121338 0.993419681986173 0.993656570712725 0.993588129679362 0.993062327305476 0.992739116152128 0.992054457465808 0.991310954093933 0.990526263912519 0.989644770820936 0.989057411750158 0.988425354162852 0.987897162636121 0.986045271158218 0.990584909915924 0.988090013464292 0.941079571843147
-9999 -9999 -9999 -9999 -9999 -9999 -9999 -9999 -9999 -9999 -9999 -9999 -9999 -9999 -9999 -9999 -9999 -9999 -9999 -9999 -9999 -9999 -9999 -9999 -9999 -9999 0.942745680610339 0.954106161991755 0.962264840801557 0.968765830000242 0.969192276398341 0.881216665108999 0.815787429610888 0.945083816846212 0.989313473304113 0.991825689872106 0.992682074507078 0.991479520996412 0.991776506106059 0.991757993896802 0.991338024536769 0.990699867407481 0.990252450108528 0.989617596069972 0.988868892192841 0.988129844268163 0.987465848525365 0.987017060319583 0.987143670519193 0.995597208539645 0.97673066953818 0.977598329385122 0.945379217465719
-9999 -9999 -9999 -9999 -9999 -9999 -9999 -9999 -9999 -9999 -9999 -9999 -9999 -9999 -9999 -9999 -9999 -9999 -9999 -9999 -9999 -9999 -9999 -9999 -9999 -9999 0.933935890595118 0.952765916784604 0.959232494235039 0.965023641784986 0.971000835299492 0.858324125409126 0.899495333433151 0.968276823560397 0.985321039954821 0.987122386693954 0.993811731537183 0.990328555305799 0.98946446677049 0.989493906497955 0.989120066165924 0.988628193736076 0.988034471869469 0.98755290110906 0.986933355530103 0.986304759979248 0.985730121533076 0.985377202431361 0.984995767474174 0.997794285416603 0.944807122151057 0.946701074639956 0.957397972544034
-9999 -9999 -9999 -9999 -9999 -9999 -9999 -9999 -9999 -9999 -9999 -9999 -9999 -9999 -9999 -9999 -9999 -9999 -9999 -9999 -9999 -9999 -9999 -9999 -9999 0.920292640725772 0.933749402562777 0.949783871571223 0.956401541829109 0.962089786926905 0.966232627630234 0.950805773337682 0.971018210053444 0.979759901762009 0.982341036200523 0.985847011208534 0.986213157574336 0.991124585270882 0.986705392599106 0.986824909845988 0.986460104584694 0.986040348807971 0.985424980521202 0.989568894108137 1.00352828701337 0.995837812622388 0.983672549327215 0.983330557743708 0.983123362064362 1.00081781049569 0.973712662855784 0.991317863265673 0.986441199978193
-9999 -9999 -9999 -9999 -9999 -9999 -9999 -9999 -9999 -9999 -9999 -9999 -9999 -9999 -9999 -9999 -9999 -9999 -9999 -9999 -9999 -9999 -9999 -9999 -9999 0.919933810830116 0.926270976662636 0.943934644261996 0.952690561612447 0.959179600079854 0.96423018972079 0.968881264328957 0.972868070006371 0.976254949967066 0.942341864109039 0.903724551200867 0.942096521457036 0.954420949021975 0.989618688821793 0.983832736810048 0.983714188138644 0.983365754286448 0.982846776644389 0.997182384133339 1.00486276547114 1.0012183735768 0.98154853284359 0.981484055519104 0.981345946590106 1.00311745206515 1.00062156716983 0.997334818045298 0.994209249814351
-9999 -9999 -9999 -9999 -9999 -9999 -9999 -9999 -9999 -9999 -9999 -9999 -9999 -9999 -9999 -9999 -9999 -9999 -9999 -9999 -9999 -9999 -9999 -9999 -9999 -9999 0.92525859673818 0.934812967975934 0.949157526095708 0.955645630757014 0.96054274837176 0.965149333079656 0.969323659936587 0.972445507844289 0.924177194635073 0.903524518013 0.922863165537516 0.920328408479691 0.932870765527089 0.973047703504562 0.990988746285439 0.980192507306735 0.979968974987666 0.979422762989998 1.0072615245978 1.00139848391215 0.984531700611115 0.979222158590953 0.979132895668348 1.00324122111003 1.0007316271464 0.99981031815211 0.994389007488886
-9999 -9999 -9999 -9999 -9999 -9999 -9999 -9999 -9999 -9999 -9999 -9999 -9999 -9999 -9999 -9999 -9999 -9999 -9999 -9999 -9999 -9999 -9999 -9999 -9999 -9999 -9999 0.930068994561831 0.945344651738803 0.951252048214277 0.956612353523572 0.961063424746195 0.965142592787743 0.968327611684799 0.966077347596486 0.971497242649396 0.972928280631701 0.964787046114604 0.893457621335983 0.955580333868662 0.99151466290156 0.976982479294141 0.976773982246717 0.976610551277796 0.979514410098394 0.980235119660695 0.976739461223284 0.97685277958711 0.976979951063792 1.00476817289988 1.00045967598756 1.00409651796023 0.991885855793953
-9999 -9999 -9999 -9999 -9999 -9999 -9999 -9999 -9999 -9999 -9999 -9999 -9999 -9999 -9999 -9999 -9999 -9999 -9999 -9999 -9999 -9999 -9999 -9999 -9999 -9999 -9999 0.92530453701814 0.94070827960968 0.947043453653653 0.952292089660962 0.956572567423185 0.960305616259575 0.963602577646573 0.966499949494998 0.968650981783867 0.97025740146637 0.973249986767769 0.957062790791194 0.956698184212049 0.987010409434636 0.973099231719971 0.973333433270454 0.973528573910395 0.983327294389407 1.00388794143995 0.999297276139259 0.974378188451131 0.974777052799861 1.00607417027156 1.00382339954376 1.00604241093 0.999102850755056
-9999 -9999 -9999 -9999 -9999 -9999 -9999 -9999 -9999 -9999 -9999 -9999 -9999 -9999 -9999 -9999 -9999 -9999 -9999 -9999 -9999 -9999 -9999 -9999 -9999 -9999 -9999 0.921158125003179 0.936435962716738 0.94249693552653 0.947624792655309 0.951810543735822 0.955588852365812 0.95887953042984 0.961760843793551 0.963997647166252 0.96561465660731 0.967951655387878 0.973285173376401 0.977494726578395 0.984693045417468 0.972132657965024 0.969993313153585 0.970515742897987 0.970643018682798 0.989746928215027 0.98877060910066 0.972291196386019 0.973002384106318 0.997039983669917 1.00506830215454 1.0037000477314 1.00545101364454
-9999 -9999 -9999 -9999 -9999 -9999 -9999 -9999 -9999 -9999 -9999 -9999 -9999 -9999 -9999 -9999 -9999 -9999 -9999 -9999 -9999 -9999 -9999 -9999 -9999 -9999 -9999 0.919016470511754 0.931467895706495 0.938099001844724 0.94296204050382 0.946937953432401 0.95056559642156 0.953947106997172 0.956808139880498 0.95908019443353 0.960804104804993 0.96234870950381 0.96358501414458 0.969878494739532 0.979092910885811 0.979298129677773 0.972772484024366 0.96756316224734 0.978156293431918 0.980872079730034 0.988295356432597 0.973287314176559 0.970760424931844 0.997609694798787 1.01608307162921 0.997781877716382 0.982238203287125
-9999 -9999 -9999 -9999 -9999 -9999 -9999 -9999 -9999 -9999 -9999 -9999 -9999 -9999 -9999 -9999 -9999 -9999 -9999 -9999 -9999 -9999 -9999 -9999 -9999 -9999 -9999 0.916384264826775 0.922210743029912 0.932405630747477 0.938078433275223 0.942034314076106 0.945493499437968 0.948785508672396 0.951708232363065 0.954078475634257 0.955922280748685 0.957766085863113 0.959142525990804 0.96047531068325 0.961570849021276 0.96230965356032 0.964105342825254 0.981599092483521 0.990320190787315 0.996396278341611 0.99475489060084 0.994995847344398 0.988166605432828 1.00186237692833 1.0158996284008 1.00101222097874 1.00626435875893
-9999 -9999 -9999 -9999 -9999 -9999 -9999 -9999 -9999 -9999 -9999 -9999 -9999 -9999 -9999 -9999 -9999 -9999 -9999 -9999 -9999 -9999 -9999 -9999 -9999 -9999 -9999 -9999 0.918919096390406 0.923698882261912 0.933036824067434 0.936863536636035 0.940356721480687 0.943547114729881 0.946536868810654 0.948852345347404 0.950901811321576 0.952811166644096 0.954540600379308 0.95613273481528 0.957421074310938 0.958718796571096 0.959983885288239 0.984607423345248 0.983230377237002 0.997312863667806 0.996251960595449 1.00040518740813 1.00490754842758 1.01611108581225 1.01390327016513 1.00715085864067 0.989520142475764
-9999 -9999 -9999 -9999 -9999 -9999 -9999 -9999 -9999 -9999 -9999 -9999 -9999 -9999 -9999 -9999 -9999 -9999 -9999 -9999 -9999 -9999 -9999 -9999 -9999 -9999 -9999 -9999 0.914327472448349 0.91928701599439 0.924400841196378 0.931070442001025 0.935445194443067 0.938411697745323 0.941275407870611 0.943775162100792 0.946053554614385 0.948152105013529 0.950110097726186 0.951889649033546 0.953527475396792 0.955124497413635 0.956786592801412 0.958367009957631 0.979091693957647 0.971411233146985 0.980941916505496 0.997646361589432 1.01167635122935 1.01196552316348 0.9617946545283 0.961343993743261 0.950209890802701
