indici/IDIm.asc
NCOLS 177 
NROWS 174 
XLLCORNER 1436301.375 
YLLCORNER 4916704.5 
CELLSIZE 1500 
NODATA_value -9999 
[rows 115 to 137 of 174, columns 106 to 158 of 177]
0.903477589289347 0.897578487793604 0.891749983032544 0.886010979612668 0.880591332912445 0.875504086414973 0.870949948827426 0.867999111612638 0.865351110696793 0.86407163242499 0.863368724783262 0.864020441969236 0.866152837872505 0.869221483667692 0.873460094134013 0.878627945979436 0.884655858079592 0.891436909635862 0.898632908860842 0.906141186753909 0.913521468639374 0.920755679408709 0.927438949545225 0.933355172475179 0.937851016720136 0.940794269243876 0.942814777294795 0.943010956048965 0.941317364573479 0.937555223703384 0.931933398048083 0.924037739634514 0.914459884166718 0.902604833245277 0.888848096132278 0.873419349392255 0.856466735402743 0.838223025202751 0.818926905592283 0.798771247267723 0.778119484583537 0.75716104110082 -9999 -9999 -9999 -9999 -9999 -9999 -9999 -9999 -9999 -9999 -9999
0.891447375218073 0.884981339176496 0.878670831521352 0.87256021797657 0.86681717634201 0.861613477269808 0.856492713093758 0.853142216801643 0.850846429665883 0.849472825725873 0.849151064952215 0.849926576018333 0.852290620406469 0.855668226877848 0.860395903388659 0.866347213586172 0.87310291826725 0.880628228187561 0.888715868194898 0.897065828243891 0.905482540527979 0.913686096668243 0.921454176306725 0.928446143865585 0.934285998344421 0.938406427701314 0.941546733180682 0.942957113186518 0.942479521036148 0.93985836704572 0.849520022670428 0.854807605346044 0.92029577990373 0.90959074596564 0.89691207309564 0.882541840275129 0.866667439540227 0.849445948998133 0.831165487567584 0.812044804294904 0.792329569657644 0.772247359156609 0.752068350712458 0.731995155413946 0.712201754252116 -9999 -9999 -9999 -9999 -9999 -9999 -9999 -9999
0.878175656000773 0.871409570177396 0.864778598149618 0.858312984307607 0.852268233895302 0.846751481294632 0.841745461026827 0.837900762756666 0.835401917497317 0.834378485878309 0.833964188893636 0.835025499264399 0.837605436642965 0.84101457397143 0.846488391359647 0.85302139321963 0.860559220115344 0.868807638684909 0.877694010734558 0.886968006690343 0.896261215209961 0.905452251434326 0.914201214909554 0.922272468606631 0.929329032699267 0.93510443965594 0.939407443006833 0.941861266891162 0.942517990867297 0.941166361172994 0.868241339921951 0.872960870464643 0.895980705817541 0.914777954419454 0.903304676214854 0.889984394113223 0.87507692972819 0.858887761831284 0.841591313481331 0.823430766661962 0.804658338427544 0.785502443710963 0.766238406300545 0.747059697906176 0.728155126174291 -9999 -9999 -9999 -9999 -9999 -9999 -9999 -9999
0.863973930478096 0.856863766908646 0.849785670638084 0.843056336045265 0.836791748801867 0.831113214294116 0.826330910126368 0.822207296888034 0.819428955515226 0.817825600504875 0.817842071255048 0.819199348489443 0.822077974677086 0.826126004258792 0.831796010335286 0.838719725608826 0.847109203537305 0.856048966447512 0.865747844179471 0.875894869367282 0.886021678646406 0.896200900276502 0.905926878253619 0.915006175637245 0.923053051034609 0.929738069574038 0.935272956887881 0.938898618022601 0.940526634454727 0.94030740360419 0.937740956743558 0.933286319176356 0.926632364590963 0.918099994460742 0.907710447907448 0.895401616891225 0.881549974282583 0.866338471571604 0.849976872404416 0.832770625750224 0.814915811022123 0.796709512670835 0.77836774289608 0.760107964277267 0.742106551925341 -9999 -9999 -9999 -9999 0.661046261588732 0.647095794479052 -9999 -9999
0.848941653966904 0.841364835699399 0.83398899435997 0.826938564578692 0.820336133241653 0.814441949129105 0.809512719511986 0.805576831102371 0.802925944328308 0.801553770899773 0.801680848002434 0.803303639094035 0.806204929947853 0.810794333616892 0.816884746154149 0.824361031254133 0.832953572273254 0.842427387833595 0.852782025933266 0.863651553789775 0.874701216816902 0.885641227165858 0.89632855852445 0.906349048018456 0.915362760424614 0.923087909817696 0.929617871840795 0.934178282817205 0.936901907126109 0.937697331110636 0.936390082041422 0.932862902681033 0.927292972803116 0.919339542587598 0.910083189606667 0.898740505178769 0.88584624727567 0.871581504742304 0.856160859266917 0.839885950088501 0.822983036438624 0.805702989300092 0.788262938459714 0.770926078160604 0.753847554326057 -9999 0.721179395914078 0.705824653307597 0.691220223903656 0.67739425599575 0.664359346032143 0.652080362041791 0.640496631463369
0.833040644725164 0.825150648752848 0.817355836431185 0.809927781422933 0.803066770235697 0.797112569212914 0.792035614450773 0.788089280327161 0.785423109928767 0.783981387813886 0.784299527605375 0.786070555448532 0.789428393046061 0.794418002168337 0.80073648194472 0.808508440852165 0.817650720477104 0.82784611483415 0.838800723354022 0.850531617800395 0.862290595968564 0.874078949292501 0.885540102918943 0.896417304873466 0.906313806772232 0.915041397015254 0.922380502025286 0.927906582752864 0.931598847111066 0.933283939957619 0.93287718296051 0.930280685424805 0.925639147559802 0.918763438860575 0.910155644019445 0.899843042095502 0.887859538197517 0.874441474676132 0.860017344355583 0.84464792907238 0.828631843129794 0.812266324957212 0.795765022436778 0.779348636666934 0.763200342655182 0.747505555550257 0.732408155997594 0.717998897035917 0.704361582795779 0.691467305024465 0.679381151994069 0.668040350079536 0.657401104768117
0.816465800007184 0.808197508255641 0.800060947736104 0.792413646976153 0.785304208596547 0.779087051749229 0.773882875839869 0.769793480634689 0.767122546831767 0.76586285730203 0.766240566968918 0.768251066406568 0.771864771842957 0.777162785331408 0.784078553318977 0.792394017179807 0.801919822891553 0.812381193041801 0.823990672826767 0.836202318469683 0.848832949995995 0.861332967877388 0.873536263902982 0.88513029118379 0.895862480004629 0.905392477909724 0.913426970442136 0.919782335559527 0.924357950687408 0.926889633138975 0.927333757281303 0.925650149583817 0.92185806731383 0.915993760029475 0.908198888103167 0.898627941807111 0.887502387166023 0.874878500898679 0.86133648455143 0.846895654996236 0.831765269239744 0.816292429963748 0.800694500406583 0.785194332400958 0.769989440838496 0.755234112342199 0.741075267394384 0.727612733840942 0.714927489558856 0.703040927648544 0.691927234331767 0.681584194302559 -9999
0.799431100487709 0.79079806804657 0.782402743895849 0.77446241180102 0.767034103473028 0.760633443792661 0.755219489336014 0.751129095753034 0.748498598734538 0.747218921780586 0.74764329691728 0.749819378058116 0.753706897298495 0.759337410330772 0.766484116514524 0.775137434403102 0.785186280806859 0.79629040757815 0.808354968825976 0.821070517102877 0.834140956401825 0.847307547926903 0.860201845566432 0.872508699695269 0.883924787243207 0.894156277179718 0.902869919935862 0.909955446918805 0.915187671780586 0.918551514546076 0.919752880930901 0.918802628914515 0.915781915187836 0.910725717743238 0.903792679309845 0.894996782143911 0.88466980556647 0.872988005479177 0.860219751795133 0.846533397833506 0.832272867361704 0.817635655403137 0.80293695628643 0.788325428962708 0.774048248926798 0.760220487912496 0.747027302781741 0.734545518954595 0.722818742195765 0.711925998330116 0.701816196242968 0.692483057578405 -9999
0.782005056738853 0.773007661104202 0.764206007122993 0.755984668930372 0.748469228545825 0.74179607629776 0.736315364638964 0.731998483339945 0.729215577244759 0.728159134586652 0.72865691781044 0.730964496731758 0.735039586822192 0.740791658560435 0.748320137461027 0.757341568668683 0.767658645908038 0.779261142015457 0.791804000735283 0.804941227038701 0.818457494179408 0.832187384366989 0.845660164952278 0.858485867579778 0.870441486438115 0.881268084049225 0.890593330065409 0.898345460494359 0.90425639351209 0.908189778526624 0.91005032757918 0.909807463486989 0.907473544279734 0.903086245059967 0.896819512049357 0.888799021641413 0.879241431752841 0.868317862351735 0.856299261252085 0.843424126505852 0.829967374602954 0.816202029585838 0.802334373195966 0.788644398252169 0.775260095794996 0.762375548481941 0.750119840105375 0.73858742415905 0.72787710527579 0.717956398924192 0.7088776131471 0.700565775235494 0.692930216590563
0.764521578947703 0.75515146056811 0.745931168397268 0.737336724996567 0.729579145709674 0.722707649072011 0.717011188467344 0.712739224235217 0.70989952981472 0.708773528536161 0.709323277076085 0.711723700165749 0.715812380115191 0.721748386820157 0.729449133078257 0.738732034961383 0.749432931343714 0.761348386605581 0.774240344762802 0.787833491961161 0.801789780457815 0.815880616505941 0.829702138900757 0.843017513553301 0.855440105001132 0.866750250260035 0.876615623633067 0.884880940119425 0.891321157415708 0.895832300186157 0.898224125305812 0.89856186012427 0.896826972564062 0.893060296773911 0.887431939442953 0.880070557196935 0.871172631780306 0.860958407322566 0.849671065807343 0.837549845377604 0.824889888366063 0.811928441127141 0.798907284935315 0.786048263311386 0.773536309599876 0.761572644114494 0.750170136491458 0.739618758360545 0.729943916201591 0.721036121249199 0.712924574812253 0.705685998002688 0.69912892083327
0.746867646773656 0.737033506234487 0.727730289101601 0.718833064039548 0.71073421339194 0.703577990333239 0.69770868619283 0.693313221136729 0.690400466322899 0.689172660311063 0.689786766966184 0.692170287172 0.696406091252963 0.702397257089615 0.710243994990985 0.719700694084167 0.730549106995265 0.742738510171572 0.755918353796005 0.769767115513484 0.784005905191104 0.798394481341044 0.81257518629233 0.826184237996737 0.838958625992139 0.85063362121582 0.860919793446859 0.869552925229073 0.876414785782496 0.88136642674605 0.884225447972616 0.885076368848483 0.883829240997632 0.880602538585663 0.875538359085719 0.868772074580193 0.860490823785464 0.850925023357073 0.840297768513362 0.82890273630619 0.816980361938477 0.804786821206411 0.792560746272405 0.780527412891388 0.768882006406784 0.757782280445099 0.747370357314746 0.737749333182971 0.728970691561699 0.721049726009369 0.713993206620216 0.707732275128365 0.702235956986745
0.729068900148074 0.719057182470957 0.709407513340314 0.700205246607463 0.691835557421049 0.684442470471064 0.678388580679893 0.673765843113263 0.670811588565508 0.669571543733279 0.670084486405055 0.672457491358121 0.67671159406503 0.682743688424428 0.690656294425329 0.700146183371544 0.71115451057752 0.723422060410182 0.736693541208903 0.750745569666227 0.765191048383713 0.779724225401878 0.794189174969991 0.807926163077354 0.820961703856786 0.832889681061109 0.843443736433983 0.852399458487829 0.859578669071198 0.864808455109596 0.868067974845568 0.869285802046458 0.868490517139435 0.865724156300227 0.861155316233635 0.854909082253774 0.847189754247665 0.838216190536817 0.828233028451602 0.817495425542196 0.806264405449232 0.794792830944061 0.783317312598228 0.772075568636258 0.761244282126427 0.751006926099459 0.741466199358304 0.732760747273763 0.724931498368581 0.717970311641693 0.711908931533496 0.706675817569097 0.702220926682154
-9999 0.701255922516187 0.691081638137499 0.681642989317576 0.67306804160277 0.665572226047516 0.659222215414047 0.654347037275632 0.651241074005763 0.649878333012263 0.650229399402936 0.652592112620672 0.656739259759585 0.662745957573255 0.670644859472911 0.680134067932765 0.691153342525164 0.703489373127619 0.716830432415009 0.730839694539706 0.745373204350471 0.760003825028737 0.774451032280922 0.788402880231539 0.801516776283582 0.813543687264125 0.824221690495809 0.833358039458593 0.840746919314067 0.846243426203728 0.849748894572258 0.851304446657499 0.85087163746357 0.848469028870265 0.844315017263095 0.838527282079061 0.831306169430415 0.822869588931402 0.813461169600487 0.803336307406425 0.792762751380602 0.781971762577693 0.771225805083911 0.76072983443737 0.750685681899389 0.741267179449399 0.732587923606237 0.724753220876058 0.71781462430954 0.711812178293864 0.706707790493965 0.702480191985766 0.699046259125074
-9999 -9999 -9999 0.663336411118507 0.654459233085314 0.646772632996241 0.640237922469775 0.635138834516207 0.631696596741676 0.630166004101435 0.630492866039276 0.632766207059224 0.636738831798236 0.642573446035385 0.650312801202138 0.659760847687721 0.670741225282351 0.682934204737345 0.696157082915306 0.710131277640661 0.724560384949048 0.739135816693306 0.753539790709813 0.767516141136487 0.780662710467974 0.792739138007164 0.803387721379598 0.812615305185318 0.820083916187286 0.825718636314074 0.829428081711133 0.831176698207855 0.830968961119652 0.828913559516271 0.825142314036687 0.819705386956533 0.812918697794278 0.804965709646543 0.796082511544228 0.786529625455538 0.776552319526672 0.766404499610265 0.756334940592448 0.746562063694 0.737274224559466 0.728634864091873 0.720766261219978 0.713771676023801 0.707727581262589 0.702629273136457 0.698449994126956 0.695182412862778 0.692728961507479
-9999 -9999 -9999 -9999 -9999 0.628025015195211 0.62137858569622 0.616356894373894 0.612664659818014 0.610827128092448 0.610689520835876 0.612816726167997 0.616590221722921 0.622444738944372 0.629936968286832 0.639086668690046 0.649768501520157 0.661817813913027 0.674846957127253 0.688623463114103 0.702899267276128 0.717271531621615 0.731538196404775 0.745336358745893 0.758380795518557 0.770240629712741 0.780940944949786 0.790109440684319 0.797603636980057 0.803282757600149 0.807066281636556 0.80895393093427 0.808951705694199 0.807117700576782 0.803607349594434 0.798550580938657 0.792140861352285 0.784620662530263 0.776216313242912 0.767179434498151 0.757765005032221 0.748220354318619 0.738794182737668 0.729695205887159 0.721114188432693 0.713208690285683 0.706107392907143 0.699931492408117 0.694713905453682 0.690471604466438 0.68719545006752 0.684835235277812 0.683320348461469
-9999 -9999 -9999 -9999 -9999 -9999 0.602918460965157 0.597090775767962 0.593266536792119 0.591231261690458 0.591064631938934 0.592812990148862 0.596469576160113 0.601937040686607 0.609197959303856 0.618104383349419 0.628531580169996 0.64022936920325 0.652907957633336 0.666419481237729 0.680359214544296 0.694461564222972 0.708425581455231 0.721953963239988 0.73460191488266 0.746445392568906 0.756966019670169 -9999 0.773348291714986 0.779024253288905 0.782844930887222 0.784782523910205 0.784884999195735 0.78322546184063 0.779944265882174 0.775170678893725 0.769110197822253 0.761975268522898 0.754003753264745 0.745451788107554 0.736541802684466 0.727576926350594 0.718741898735364 0.710269277294477 0.702353090047836 0.695150226354599 0.688770651817322 0.683345595995585 0.678915003935496 0.675480390588442 0.673048809170723 0.671554386615753 0.670948515335719
-9999 -9999 -9999 -9999 -9999 -9999 -9999 0.578736255566279 0.574489161372185 0.572315280636152 -9999 0.573062598705292 0.576359247167905 0.581417754292488 0.588386222720146 0.596861655513445 0.606854096055031 0.618139972289403 0.630448480447133 0.643509184320768 0.657036711772283 0.670735393961271 0.684330821037292 0.697483186920484 0.709806447227796 -9999 -9999 -9999 0.747536232074102 0.753071124354998 0.756815994779269 0.758760139346123 0.758940895398458 0.757416297992071 0.754292572538058 0.74974928299586 0.743972664078077 0.737182011206945 0.729612444837888 0.721498981118202 0.713079065084457 0.704627906282743 0.696353231867154 0.688471779227257 0.681180417537689 0.67463493347168 -9999 0.664192572236061 0.660500938693682 0.65783229470253 0.656177674730619 0.655513048171997 0.65576017399629
-9999 -9999 -9999 -9999 -9999 -9999 -9999 -9999 -9999 -9999 -9999 -9999 0.556213061014811 0.560876533389091 0.567340344190598 0.575337871909142 0.584914242227872 0.59569642941157 0.607456137736638 0.619998460014661 0.633009930451711 0.64619983235995 0.659293567140897 0.67187429467837 -9999 -9999 -9999 -9999 0.720281894008319 0.725600481033325 0.729177623987198 0.731072977185249 0.731254771351814 0.72979569931825 0.726809993386269 0.722468197345734 0.716941058635712 0.710463921229045 0.703244338432948 0.695531497399012 0.68757397433122 0.679605692625046 -9999 -9999 -9999 -9999 -9999 -9999 -9999 0.637715170780818 0.636808643738429 0.63689478735129 0.637920220692953
-9999 -9999 -9999 -9999 -9999 -9999 -9999 -9999 -9999 -9999 -9999 -9999 -9999 0.540074676275253 0.545965020855268 0.553701986869176 0.562701230247815 0.5728859603405 0.584061712026596 0.595928117632866 0.608382180333138 0.620971734325091 0.633386497696241 0.645501146713893 -9999 -9999 -9999 -9999 -9999 -9999 -9999 0.701932514707247 0.702066327134768 0.700609321395556 0.697711924711863 0.693524777889252 0.688222457965215 0.682012299696604 0.675120760997136 0.667790964245796 -9999 -9999 -9999 -9999 -9999 -9999 -9999 -9999 -9999 -9999 -9999 -9999 -9999
-9999 -9999 -9999 -9999 -9999 -9999 -9999 -9999 -9999 -9999 -9999 -9999 -9999 -9999 -9999 0.531878764430682 0.540140708287557 0.549732143680255 0.560226857662201 0.571457584698995 0.583130285143852 0.594977175196012 0.606878941257795 -9999 -9999 -9999 -9999 -9999 -9999 -9999 -9999 -9999 -9999 -9999 -9999 0.663163006305695 0.658037448922793 0.65206823249658 -9999 -9999 -9999 -9999 -9999 -9999 -9999 -9999 -9999 -9999 -9999 -9999 -9999 -9999 -9999
-9999 -9999 -9999 -9999 -9999 -9999 -9999 -9999 -9999 -9999 -9999 -9999 -9999 -9999 -9999 -9999 -9999 -9999 0.536246647437414 0.546638334790866 -9999 -9999 -9999 -9999 -9999 -9999 -9999 -9999 -9999 -9999 -9999 -9999 -9999 -9999 -9999 -9999 -9999 -9999 -9999 -9999 -9999 -9999 -9999 -9999 -9999 -9999 -9999 -9999 -9999 -9999 -9999 -9999 -9999
-9999 -9999 -9999 -9999 -9999 -9999 -9999 -9999 -9999 -9999 -9999 -9999 -9999 -9999 -9999 -9999 -9999 -9999 -9999 -9999 -9999 -9999 -9999 -9999 -9999 -9999 -9999 -9999 -9999 -9999 -9999 -9999 -9999 -9999 -9999 -9999 -9999 -9999 -9999 -9999 -9999 -9999 -9999 -9999 -9999 -9999 -9999 -9999 -9999 -9999 -9999 -9999 -9999
-9999 -9999 -9999 -9999 -9999 -9999 -9999 -9999 -9999 -9999 -9999 -9999 -9999 -9999 -9999 -9999 -9999 -9999 -9999 -9999 -9999 -9999 -9999 -9999 -9999 -9999 -9999 -9999 -9999 -9999 -9999 -9999 -9999 -9999 -9999 -9999 -9999 -9999 -9999 -9999 -9999 -9999 -9999 -9999 -9999 -9999 -9999 -9999 -9999 -9999 -9999 -9999 -9999
