indici/VDP_medio_annuo.asc
NCOLS 177 
NROWS 174 
XLLCORNER 1436301.375 
YLLCORNER 4916704.5 
CELLSIZE 1500 
NODATA_value -9999 
[rows 96 to 119 of 174, columns 54 to 107 of 177]
27.8153305053711 28.6813354492188 28.7214508056641 25.3582382202148 25.1316375732422 24.5007781982422 23.918701171875 23.8418884277344 23.8496017456055 22.5723037719727 22.4160575866699 22.4900550842285 21.2223777770996 21.5444755554199 21.231861114502 20.211109161377 20.1416893005371 19.3175430297852 18.6813850402832 17.90771484375 17.4976806640625 17.6195220947266 16.8302383422852 16.7095108032227 15.8934631347656 15.8719711303711 15.1446075439453 15.0001068115234 15.5008239746094 15.1883010864258 14.1848373413086 14.1771202087402 14.3255348205566 14.6965293884277 15.1965255737305 16.6661186218262 16.5175857543945 16.943359375 17.2636566162109 17.5495300292969 18.2216491699219 19.1747360229492 20.8248748779297 21.5133819580078 23.5830917358398 25.8376083374023 26.6060104370117 28.7285995483398 29.1120452880859 28.7048072814941 28.5525970458984 28.8036956787109 29.3350677490234 29.9643402099609
28.1017074584961 27.9690780639648 27.9698104858398 25.3407020568848 25.1198539733887 24.6491546630859 23.9919281005859 23.3418884277344 23.7128753662109 22.7090225219727 22.6824150085449 21.944149017334 21.9030342102051 22.2478446960449 21.6697273254395 21.2357749938965 20.7161827087402 19.3578681945801 18.7917251586914 18.7916717529297 18.1353988647461 17.5110015869141 16.9731712341309 16.7148323059082 16.5898323059082 16.0256767272949 15.9309349060059 15.1564598083496 15.5079765319824 15.1924629211426 15.1931953430176 14.6930198669434 15.2236328125 15.9584693908691 15.7121696472168 16.7024688720703 17.0684509277344 17.1308670043945 17.298828125 18.5937423706055 18.5979995727539 19.8409194946289 21.418701171875 23.2663192749023 24.0839462280273 26.2219772338867 27.3003463745117 28.9871559143066 28.7141036987305 28.9668083190918 29.1673431396484 29.0894317626953 29.6480255126953 30.21826171875
24.8690376281738 24.6189231872559 25.8006019592285 25.9580535888672 25.0251884460449 24.4333305358887 23.7726898193359 23.5337753295898 23.5235900878906 22.7722549438477 22.7683525085449 21.8914451599121 21.961742401123 21.8689384460449 21.872859954834 21.243709564209 20.3063430786133 20.3076133728027 19.2491455078125 18.9209671020508 18.6984977722168 18.1414337158203 17.0280342102051 16.989185333252 16.8578147888184 16.2186546325684 16.1541786193848 16.1804466247559 15.9113349914551 15.6544609069824 15.2129707336426 14.990177154541 15.9940490722656 16.4321327209473 16.0893325805664 18.5438499450684 17.9066925048828 17.2677917480469 17.8164672851562 17.85595703125 19.0522384643555 21.4091949462891 23.7129592895508 24.0297012329102 24.5965805053711 26.0426597595215 27.9896354675293 28.5482597351074 29.2705917358398 29.0315971374512 29.4113006591797 29.6697616577148 30.5362930297852 30.7200469970703
24.7088813781738 24.6110801696777 25.4842567443848 25.3679542541504 24.7747001647949 24.0554618835449 23.7678642272949 23.4972801208496 23.4755783081055 22.9446182250977 22.8232879638672 21.7373924255371 23.820743560791 21.998462677002 21.8655433654785 21.5839958190918 21.5264663696289 20.6438102722168 20.6411552429199 20.0395774841309 19.9343948364258 18.9700241088867 18.4095001220703 18.3278274536133 17.2504501342773 16.6220092773438 16.5390014648438 16.6888427734375 16.0637741088867 15.6707305908203 15.0996360778809 14.841739654541 16.6402626037598 16.796443939209 15.7916145324707 19.0680732727051 18.0447540283203 18.0677528381348 18.4821739196777 18.5469360351562 19.9609909057617 21.7926826477051 23.1047172546387 23.9013481140137 24.6234550476074 26.4182319641113 27.8959159851074 28.1066436767578 29.0129661560059 27.9617614746094 28.2248077392578 29.2981948852539 30.4584197998047 31.0896835327148
24.2011680603027 24.1698112487793 24.4588813781738 24.9003028869629 24.0878639221191 24.0832405090332 23.6548957824707 23.6822471618652 23.2035102844238 22.6516494750977 21.9954071044922 21.6282615661621 24.0082740783691 22.9906578063965 21.8344230651855 21.7757301330566 21.6715240478516 21.3482971191406 20.786060333252 19.562313079834 20.0641441345215 19.9996719360352 19.1133193969727 19.1835098266602 18.9329605102539 18.2468566894531 17.7208061218262 17.6885719299316 16.8003578186035 17.292106628418 15.3497467041016 16.4754333496094 16.7688827514648 16.4220390319824 18.3228874206543 20.1474952697754 18.578556060791 17.8587417602539 19.5545387268066 20.568172454834 21.1184425354004 21.3719444274902 23.6917610168457 25.386646270752 26.1480903625488 26.801685333252 28.1805839538574 28.0099945068359 29.4604148864746 28.1928558349609 28.3653259277344 29.8581237792969 30.2954635620117 31.2129516601562
23.3813285827637 23.2566032409668 23.9442329406738 23.8771705627441 23.5334205627441 23.3093147277832 23.3210334777832 23.4439735412598 22.8217658996582 22.7494277954102 22.128288269043 20.9617538452148 23.5185890197754 22.2646446228027 22.4757347106934 22.4143562316895 22.2978096008301 21.536735534668 21.5054817199707 20.5328330993652 19.866828918457 19.8747673034668 19.8811187744141 19.3106231689453 19.1845932006836 19.0595474243164 18.2289543151855 17.9410133361816 17.9421043395996 17.372257232666 17.7408294677734 16.9818954467773 17.6497802734375 17.6453247070312 20.8314208984375 21.182746887207 19.4238319396973 19.5434112548828 20.6317825317383 21.6693077087402 22.018611907959 22.0781593322754 22.9535102844238 24.414966583252 25.501148223877 27.0034065246582 27.0756645202637 27.9104270935059 28.6113090515137 28.0029449462891 28.4728240966797 28.9133224487305 30.6638717651367 31.5381469726562
22.5563774108887 22.5302619934082 23.030574798584 23.592098236084 23.2483863830566 23.1647834777832 23.2897834777832 23.2271766662598 22.6924858093262 21.7550735473633 21.6584167480469 20.96142578125 21.2114601135254 22.5021324157715 22.0949516296387 22.32421875 21.9501609802246 21.9461555480957 21.4110145568848 21.605354309082 21.4276390075684 19.8750114440918 21.3986968994141 20.1417007446289 19.9432601928711 19.9439544677734 18.9891166687012 18.5755043029785 17.9824104309082 18.0170555114746 17.7665596008301 17.7233734130859 18.1383972167969 18.1693267822266 21.9901123046875 22.364860534668 20.8133125305176 20.877254486084 21.1540603637695 22.033935546875 22.2961082458496 22.4073295593262 23.2139701843262 23.8086891174316 26.4337348937988 26.198902130127 27.1240501403809 28.4439888000488 28.9247856140137 28.1914367675781 28.9117851257324 30.2805786132812 29.6181106567383 30.6569290161133
22.2368278503418 22.4671211242676 22.9944725036621 23.4358787536621 23.1336479187012 23.1651496887207 23.3529319763184 22.2566261291504 21.6207618713379 21.7184829711914 21.4057312011719 20.7456207275391 21.0310440063477 22.4701499938965 22.3139495849609 22.3140869140625 22.1964454650879 22.0480918884277 21.5500602722168 21.4885482788086 21.4988975524902 20.8356819152832 20.0157890319824 19.8911819458008 20.0173873901367 20.0856246948242 19.3492202758789 18.8439025878906 18.6143760681152 18.4238319396973 18.3931465148926 18.2016372680664 19.099983215332 20.6356048583984 21.7580795288086 23.7619171142578 21.8121757507324 21.6121864318848 22.053279876709 22.2302551269531 22.5539855957031 23.6886863708496 23.756031036377 23.9337120056152 25.5690422058105 26.4017677307129 27.3519630432129 27.9180793762207 28.2967987060547 28.9355773925781 28.8103408813477 29.7567749023438 29.9130401611328 30.6809844970703
22.2388496398926 21.7349433898926 22.3934059143066 22.2198219299316 22.5668754577637 21.9404182434082 22.6319618225098 22.3495292663574 21.593578338623 21.3397102355957 21.6832580566406 20.9625930786133 20.9650039672852 20.9806365966797 22.1219482421875 22.0319061279297 21.9061088562012 22.1702919006348 21.6761703491211 21.8808517456055 21.8196258544922 20.8137397766113 20.1893196105957 20.0877571105957 19.7700881958008 21.5652313232422 19.5961380004883 19.440185546875 19.0961685180664 19.386100769043 19.4804496765137 19.6833839416504 19.5191459655762 21.4255752563477 21.5642585754395 22.5411796569824 23.8709564208984 25.717658996582 22.8141593933105 22.3633193969727 22.6829032897949 23.823070526123 23.8308067321777 24.8210716247559 25.2086906433105 25.8744621276855 26.5415687561035 27.3653831481934 28.2125282287598 28.5606727600098 29.4680671691895 29.1474075317383 29.3982391357422 30.4378204345703
20.8798408508301 21.0048484802246 21.1166725158691 21.5513648986816 22.0303840637207 21.9991416931152 21.5968132019043 21.8165702819824 21.527286529541 21.2772102355957 21.0257949829102 21.1510696411133 20.9243927001953 20.9500350952148 22.0189514160156 22.0010604858398 22.2237358093262 22.233772277832 21.8231811523438 21.8618545532227 21.8504028320312 20.8120384216309 20.2462120056152 20.1256141662598 19.6867408752441 19.6716995239258 20.2075881958008 20.5801696777344 19.8854598999023 19.4192199707031 19.7595291137695 20.7553749084473 21.6295509338379 21.8828239440918 21.9702033996582 22.0365791320801 22.8260154724121 23.673152923584 26.0977058410645 25.9382591247559 24.3337326049805 24.6342391967773 24.162899017334 24.5657005310059 25.4655647277832 25.9495811462402 26.9563865661621 28.7728233337402 28.9041748046875 29.4908485412598 28.5519943237305 30.095157623291 29.5232276916504 30.0609855651855
20.0274314880371 20.5658912658691 21.2019996643066 20.8528785705566 20.9466590881348 21.4604530334473 21.6479606628418 21.7676277160645 22.0223197937012 21.5222206115723 20.7294082641602 20.8235473632812 20.9347763061523 20.8899841308594 20.9212455749512 21.2117462158203 21.7558364868164 22.2571334838867 21.6080322265625 21.8615989685059 22.1326522827148 22.2137145996094 20.4978370666504 20.0021934509277 20.3878364562988 20.5164985656738 21.7872619628906 21.0606994628906 20.1148529052734 20.3386383056641 20.1947364807129 20.8829650878906 21.7260704040527 22.1730842590332 22.1709251403809 22.4096717834473 22.3739738464355 22.9914741516113 23.5950088500977 25.9591407775879 26.3195991516113 26.324592590332 25.1825790405273 25.8627510070801 25.944896697998 26.7003440856934 27.2630653381348 29.4999160766602 29.271369934082 28.959400177002 29.0847702026367 29.6581344604492 29.5341987609863 30.1645698547363
19.3633766174316 19.9335670471191 20.2802543640137 20.8529014587402 21.0756874084473 21.9389762878418 22.1239204406738 22.1533699035645 21.465892791748 20.9683876037598 20.6598243713379 20.1597366333008 20.2848815917969 20.3395690917969 20.9048881530762 20.7998542785645 20.339672088623 20.5275650024414 21.1045303344727 21.1113739013672 21.6292457580566 22.4831161499023 23.187744140625 23.1584625244141 22.4903907775879 21.4984931945801 21.6949424743652 20.6013298034668 21.3179740905762 21.5950736999512 20.7044677734375 21.8380661010742 22.059871673584 22.0556221008301 22.2074012756348 22.322452545166 22.8546028137207 23.1317977905273 23.6434707641602 24.5136871337891 25.0202941894531 25.5681762695312 25.3816299438477 27.1092681884766 27.6566619873047 27.1450042724609 28.1800384521484 29.1703567504883 29.6761856079102 29.178882598877 29.3433151245117 30.035041809082 29.6333312988281 30.0556983947754
19.2205543518066 20.0916557312012 19.9702110290527 20.2864952087402 20.8296012878418 20.5549430847168 21.716480255127 21.8413963317871 21.4648323059082 20.8405799865723 21.2195320129395 20.9088973999023 20.7825546264648 20.7985534667969 20.7734718322754 20.215030670166 20.1532325744629 20.0805397033691 20.338623046875 20.9845352172852 21.4925384521484 22.3861198425293 22.6236419677734 22.4878692626953 22.4607696533203 22.4800338745117 21.629508972168 20.7698669433594 20.8747177124023 22.7922286987305 23.3292236328125 23.6403121948242 22.3090858459473 22.712703704834 23.1813697814941 23.1069526672363 23.1751480102539 23.3991088867188 23.5396118164062 24.5433654785156 25.4333572387695 25.7922439575195 28.3277740478516 28.8501129150391 29.4760894775391 29.2062149047852 28.7900619506836 29.3583374023438 29.2982406616211 29.2437171936035 29.4411468505859 29.1336364746094 29.7744140625 29.7431678771973
18.9666557312012 18.9656867980957 19.8079719543457 20.0920524597168 20.1936225891113 20.3611030578613 21.490291595459 20.3656959533691 19.8974494934082 20.4641304016113 21.0877113342285 20.3421821594238 18.8775863647461 19.5509719848633 18.8851051330566 18.3893089294434 19.265079498291 19.0464668273926 19.3140830993652 19.8521881103516 20.6148147583008 21.3249359130859 22.342155456543 22.2803421020508 22.5010604858398 22.7556915283203 23.2822036743164 20.8422775268555 20.9993591308594 23.0716018676758 23.6964340209961 24.0066452026367 21.4458389282227 24.0348472595215 24.0621223449707 23.8494529724121 23.8494415283203 24.2350387573242 24.8633804321289 23.8318939208984 26.125862121582 26.1565246582031 26.1493148803711 27.0686950683594 28.5294494628906 28.8704147338867 28.8744506835938 29.9932174682617 29.5564308166504 29.0564384460449 28.970531463623 29.7121124267578 30.1243591308594 29.4990997314453
18.9041023254395 18.7151985168457 18.7750282287598 19.8774604797363 19.9441108703613 20.103572845459 19.6120262145996 20.925708770752 19.3364906311035 19.4635124206543 20.8396797180176 19.0631904602051 19.1262092590332 18.9349403381348 18.4491004943848 18.9230308532715 18.8916664123535 19.4236106872559 19.6833381652832 19.5931854248047 19.4807586669922 20.5055618286133 22.226016998291 22.2697219848633 22.6264038085938 22.4763870239258 23.6637649536133 23.5351028442383 21.6237869262695 21.7513961791992 23.9452743530273 24.5844955444336 23.8727226257324 24.0108909606934 24.1314239501953 24.0450973510742 24.0450210571289 24.2422332763672 24.5244369506836 24.8372421264648 25.547981262207 25.7663955688477 27.4546279907227 28.2843933105469 28.3427352905273 28.7453002929688 28.936897277832 30.2877922058105 29.7232780456543 29.8815116882324 29.1584587097168 29.1750640869141 30.8261642456055 29.7335739135742
18.3130531311035 18.1187934875488 18.2130317687988 18.6865501403809 19.4443321228027 19.4802513122559 19.4888114929199 19.4894371032715 19.7077674865723 19.2165794372559 19.9675483703613 19.7212181091309 18.5564231872559 19.010684967041 19.075626373291 18.517017364502 19.2052192687988 19.270435333252 19.5835075378418 19.4668426513672 19.4696884155273 19.5046920776367 20.0436744689941 20.6279029846191 21.9292373657227 22.3198928833008 23.6371536254883 23.6366729736328 23.1939697265625 22.9463729858398 24.0752029418945 24.1100692749023 24.8355255126953 24.0273170471191 24.280647277832 24.185791015625 24.3665008544922 24.3829956054688 26.1035385131836 26.322639465332 26.5797882080078 26.8345642089844 28.2843894958496 28.9097557067871 28.0032615661621 28.1829490661621 28.437931060791 28.9730834960938 29.356273651123 30.3041191101074 29.4957618713379 30.6335716247559 29.6577453613281 31.2939147949219
18.0164375305176 18.2140998840332 17.7727851867676 17.8117637634277 18.6248817443848 19.0756034851074 19.054256439209 19.1465492248535 18.6156120300293 18.6510963439941 18.4598579406738 19.0228538513184 18.4643974304199 19.132869720459 18.2619361877441 19.0188407897949 19.1763191223145 19.458179473877 19.5537147521973 19.091495513916 19.0935745239258 19.0296936035156 20.0426864624023 20.0953636169434 21.9969062805176 22.1614761352539 23.198600769043 24.0804595947266 24.235107421875 23.8226509094238 24.3949012756348 25.181884765625 25.145092010498 24.8993682861328 25.220760345459 25.0334815979004 25.2906608581543 25.7907066345215 26.8476905822754 26.9093894958496 26.9562454223633 27.2140922546387 27.3508949279785 28.413761138916 28.507381439209 28.6408729553223 28.6021614074707 29.1645469665527 29.104808807373 28.5889701843262 29.1890678405762 29.5654106140137 30.648365020752 31.608757019043
17.4565620422363 17.7122688293457 17.9326210021973 17.7777442932129 18.2130546569824 18.972095489502 18.008113861084 18.7330741882324 18.7333183288574 18.2258033752441 18.3859977722168 18.3902854919434 18.9656257629395 18.9779357910156 18.328426361084 18.8960914611816 19.3963279724121 19.4276161193848 19.4909324645996 19.1255073547363 18.501823425293 18.6584167480469 18.8678894042969 19.8145904541016 20.1299018859863 20.4887886047363 22.1968307495117 24.1827201843262 25.563232421875 26.084358215332 25.9432106018066 25.6081657409668 25.2869338989258 25.6473846435547 25.7131843566895 25.9236106872559 26.779972076416 27.178653717041 27.5008583068848 27.808708190918 27.4397125244141 27.5983352661133 27.9259910583496 28.628978729248 28.4492149353027 28.6686973571777 29.2391929626465 29.2272911071777 29.206729888916 28.7846412658691 28.6919441223145 27.572437286377 29.0867958068848 30.6266670227051
17.5118064880371 17.7347068786621 18.0889625549316 18.4355354309082 18.6284370422363 18.7606925964355 17.9444999694824 18.2885551452637 18.7183265686035 18.2184791564941 17.206729888916 16.1742286682129 18.384105682373 18.9629211425781 19.509838104248 18.0135841369629 18.6397361755371 19.4001045227051 18.8688011169434 18.8768653869629 18.0114631652832 18.5365753173828 18.6815338134766 19.4477615356445 20.1318511962891 20.6996994018555 21.9969863891602 23.0488204956055 24.002742767334 26.2709465026855 26.2397346496582 26.3232078552246 25.6829605102539 26.1867942810059 27.2224159240723 26.5022010803223 27.8157920837402 27.9494247436523 28.1990432739258 28.2609176635742 27.8735809326172 28.0107498168945 28.1605377197266 27.8794174194336 28.7194862365723 29.2395668029785 29.489444732666 29.4995002746582 29.2842216491699 28.3466567993164 28.503719329834 28.3262214660645 28.5237922668457 28.5212440490723
18.1456565856934 18.2718849182129 18.340160369873 17.8957710266113 17.9653739929199 18.7841682434082 18.8549766540527 18.1917381286621 18.8440818786621 18.9742622375488 18.4115180969238 16.3000068664551 15.299877166748 18.0143089294434 19.5931243896484 18.2957572937012 18.456485748291 18.7404289245605 18.8781242370605 18.354907989502 17.3631782531738 17.606372833252 18.6544303894043 18.5491256713867 19.3733367919922 20.5728607177734 21.1532135009766 21.8128967285156 23.5075836181641 25.0781555175781 26.4275093078613 26.3863639831543 26.5063285827637 25.948429107666 27.186710357666 27.4320068359375 27.7222213745117 28.0113906860352 28.3941650390625 29.0197067260742 28.3823394775391 28.261848449707 28.2311477661133 28.2917709350586 28.5101470947266 28.6233787536621 28.9824256896973 29.3907585144043 28.9171333312988 28.534252166748 28.2149047851562 28.5995597839355 28.3495597839355 28.2105140686035
18.7336158752441 18.4301490783691 18.0522346496582 18.1463356018066 18.3992805480957 18.4096641540527 19.3485374450684 19.4427299499512 19.2239799499512 19.3577537536621 19.2378807067871 19.0547752380371 18.051342010498 13.4366264343262 9.4449348449707 18.4097518920898 19.6283683776855 19.3468818664551 18.9098625183105 17.9170036315918 17.4291725158691 17.351993560791 18.2204322814941 18.3654289245605 19.1503067016602 20.1075820922852 21.1911926269531 21.3787231445312 22.735897064209 24.9262008666992 26.8103103637695 26.3317451477051 26.2682037353516 26.0108413696289 27.4452056884766 28.3641128540039 27.9071884155273 28.2894973754883 28.7109451293945 29.7153244018555 29.3458786010742 29.1621627807617 28.5029067993164 28.4326095581055 28.9871673583984 28.881706237793 29.063159942627 29.250545501709 29.7307929992676 28.8593482971191 28.543571472168 28.2218742370605 28.2867698669434 28.9909019470215
19.7051277160645 18.7987480163574 18.8309135437012 18.7786674499512 18.849536895752 19.1065483093262 19.7948722839355 20.5765647888184 20.7682151794434 20.1169700622559 19.4927711486816 19.4350395202637 20.506721496582 19.4352188110352 19.0941619873047 19.5714721679688 19.5500602722168 19.7271919250488 19.0428657531738 19.4439353942871 18.0552940368652 18.2042198181152 18.1931114196777 18.4275398254395 19.626838684082 19.8966026306152 21.3224182128906 21.9138679504395 22.1694679260254 23.2671051025391 26.3063316345215 26.8356399536133 27.4646606445312 28.8996810913086 28.5556259155273 29.8074569702148 29.4630737304688 29.1732711791992 29.4701309204102 29.4710388183594 28.8187713623047 28.8385543823242 28.8305587768555 28.9096450805664 28.6828460693359 27.9861831665039 28.4705047607422 28.9154930114746 28.8680152893066 29.543628692627 28.4188919067383 28.604564666748 28.6073188781738 28.9237937927246
19.9195899963379 20.4816093444824 20.3159294128418 19.5966300964355 19.8553352355957 21.3950538635254 21.6157569885254 21.049861907959 21.7140007019043 21.9227561950684 21.9233207702637 21.9232711791992 21.048713684082 20.2973556518555 20.5261383056641 20.2453689575195 20.1632194519043 19.9801216125488 20.1866035461426 20.1978416442871 18.246395111084 18.231502532959 18.291072845459 21.1397552490234 19.4475517272949 20.4008483886719 21.4356956481934 22.5558280944824 23.1823883056641 23.7806701660156 24.4535179138184 25.7179489135742 27.6521530151367 28.7354354858398 28.5879287719727 29.8077087402344 30.6630935668945 30.4481811523438 30.5477828979492 30.5118255615234 30.4141616821289 29.8869018554688 29.4923057556152 29.4875030517578 28.8992080688477 28.7321548461914 28.6030960083008 28.4892807006836 28.7277565002441 29.2622108459473 28.013313293457 28.1047630310059 28.170108795166 28.2045555114746
20.2993431091309 21.2079811096191 21.3368873596191 22.6868324279785 23.0660362243652 22.9342002868652 23.0384864807129 23.1054649353027 23.6710395812988 22.7372627258301 21.9246101379395 21.9238815307617 21.4264450073242 21.2076950073242 20.6588745117188 20.5056228637695 20.3520698547363 20.4313545227051 20.1866035461426 19.6893196105957 19.9087867736816 20.1236267089844 20.7959899902344 21.3935852050781 21.5929565429688 22.6013946533203 22.3196144104004 23.3410987854004 24.4053382873535 25.0176544189453 24.646240234375 25.1899948120117 26.5778427124023 28.5947799682617 29.4525527954102 29.2414855957031 30.6168899536133 31.6567993164062 30.6571578979492 31.0394744873047 30.7972869873047 30.5734100341797 30.2313766479492 29.8361358642578 29.3348007202148 29.0452499389648 28.2319793701172 28.2164993286133 28.6336822509766 29.3176460266113 28.0439834594727 28.1665916442871 27.8917350769043 28.6421089172363
