indici/VDP_medio_annuo.asc
NCOLS 177 
NROWS 174 
XLLCORNER 1436301.375 
YLLCORNER 4916704.5 
CELLSIZE 1500 
NODATA_value -9999 
[rows 96 to 119 of 174, columns 108 to 161 of 177]
29.9456100463867 29.7658309936523 28.2682876586914 27.7013664245605 27.5094833374023 27.4764404296875 28.824291229248 28.5007286071777 26.8680305480957 26.8351669311523 24.4403839111328 22.8497543334961 19.6616287231445 18.4608459472656 18.630313873291 20.3335189819336 20.3249359130859 20.3884315490723 19.815746307373 19.9422340393066 19.5671653747559 -9999 -9999 -9999 -9999 -9999 -9999 -9999 -9999 -9999 -9999 -9999 -9999 -9999 -9999 -9999 -9999 -9999 -9999 -9999 -9999 -9999 -9999 -9999 -9999 -9999 -9999 -9999 -9999 -9999 -9999 -9999 -9999 -9999
31.1052703857422 29.7191963195801 29.0397186279297 29.3529853820801 28.8995132446289 29.094367980957 28.9034614562988 28.6303405761719 28.1988563537598 28.1361618041992 25.5175743103027 25.471736907959 21.4765319824219 22.5902099609375 21.3087921142578 21.4611930847168 19.988224029541 19.6042137145996 19.1822357177734 18.3724937438965 17.4192543029785 17.6385917663574 17.5416870117188 17.783821105957 16.6432151794434 -9999 -9999 -9999 -9999 -9999 -9999 -9999 -9999 -9999 -9999 -9999 -9999 -9999 -9999 -9999 -9999 -9999 -9999 -9999 -9999 -9999 -9999 -9999 -9999 -9999 -9999 -9999 -9999 -9999
31.2947006225586 30.486888885498 30.4641761779785 30.8743553161621 30.4017791748047 30.524543762207 31.008113861084 30.0911407470703 29.638557434082 29.5609550476074 27.428638458252 26.2372245788574 23.659782409668 21.0522727966309 20.8100852966309 19.4808387756348 20.7687759399414 20.9171752929688 19.8583755493164 20.940860748291 20.194091796875 18.0213661193848 19.451904296875 19.0495262145996 19.8978309631348 -9999 -9999 -9999 -9999 -9999 -9999 -9999 -9999 -9999 -9999 -9999 -9999 -9999 -9999 -9999 -9999 -9999 -9999 -9999 -9999 -9999 -9999 -9999 -9999 -9999 -9999 -9999 -9999 -9999
31.5437316894531 31.4051856994629 32.0656089782715 32.3274955749512 31.3861618041992 31.7607192993164 31.1970481872559 31.1966361999512 30.3816833496094 29.1928367614746 28.2172584533691 27.5768623352051 26.1886100769043 22.1616668701172 21.4660682678223 19.968994140625 21.1747741699219 21.7685852050781 20.6551513671875 21.2644805908203 20.1861801147461 19.3266296386719 18.4984970092773 19.2877426147461 18.6588439941406 -9999 -9999 -9999 -9999 -9999 -9999 -9999 -9999 -9999 -9999 -9999 -9999 -9999 -9999 -9999 -9999 -9999 -9999 -9999 -9999 -9999 -9999 -9999 -9999 -9999 -9999 -9999 -9999 -9999
31.9242248535156 31.4984436035156 32.3423881530762 32.7332344055176 32.0144958496094 32.2651138305664 32.1041145324707 32.9171180725098 28.5172119140625 32.017017364502 29.7181816101074 29.7129821777344 28.9255561828613 25.4015579223633 23.4791870117188 19.3821754455566 20.8464736938477 22.1433715820312 19.3021774291992 19.7484169006348 19.3968162536621 18.8654975891113 16.9266357421875 20.0008010864258 16.7711143493652 -9999 -9999 -9999 -9999 -9999 -9999 -9999 -9999 -9999 -9999 -9999 -9999 -9999 -9999 -9999 -9999 -9999 -9999 -9999 -9999 -9999 -9999 -9999 -9999 -9999 -9999 -9999 -9999 -9999
31.8724670410156 31.9804000854492 32.9177093505859 33.1053657531738 32.5155868530273 33.3915672302246 33.3278923034668 33.623218536377 33.2589454650879 32.2592430114746 32.1011619567871 32.030933380127 30.834888458252 29.3424339294434 26.4693832397461 24.7723693847656 22.6901016235352 20.275318145752 18.047191619873 18.2661323547363 20.8073387145996 17.9892463684082 15.1694831848145 19.7271995544434 20.2634315490723 -9999 -9999 -9999 -9999 -9999 -9999 -9999 -9999 -9999 -9999 -9999 -9999 -9999 -9999 -9999 -9999 -9999 -9999 -9999 -9999 -9999 -9999 -9999 -9999 -9999 -9999 -9999 -9999 -9999
30.8115768432617 31.1276245117188 31.9497604370117 32.2038230895996 33.3954277038574 33.0020179748535 33.7203102111816 33.8257942199707 34.1066474914551 33.4423141479492 33.4360313415527 33.2911720275879 32.6007118225098 30.6696434020996 28.0557250976562 26.4848556518555 25.8737754821777 22.7759666442871 17.454418182373 18.2192039489746 19.7755165100098 20.9087715148926 20.6432075500488 19.1116600036621 -9999 -9999 -9999 -9999 -9999 -9999 -9999 -9999 -9999 -9999 -9999 -9999 -9999 -9999 -9999 -9999 -9999 -9999 -9999 -9999 -9999 -9999 -9999 -9999 -9999 -9999 -9999 -9999 -9999 -9999
30.8646774291992 31.6899719238281 32.2115707397461 32.602466583252 33.2972984313965 33.4312438964844 33.6910285949707 33.8193626403809 34.8156471252441 34.3772048950195 34.4127769470215 33.8361282348633 34.2956352233887 33.1922035217285 30.8397178649902 28.2518730163574 27.1784858703613 25.8614616394043 26.099796295166 24.7159461975098 20.963321685791 22.1550483703613 21.4352684020996 19.3060340881348 21.646900177002 -9999 -9999 -9999 -9999 -9999 -9999 -9999 -9999 -9999 -9999 -9999 -9999 -9999 -9999 -9999 -9999 -9999 -9999 -9999 -9999 -9999 -9999 -9999 -9999 -9999 -9999 -9999 -9999 -9999
30.9111175537109 31.7770614624023 32.3816070556641 32.6005783081055 33.2198524475098 33.5983810424805 33.819450378418 34.0734901428223 34.0734062194824 34.6979522705078 34.7921943664551 35.2269172668457 34.7809829711914 34.0873794555664 33.396354675293 32.1515121459961 30.3022155761719 29.6030197143555 28.868537902832 28.3906669616699 25.4493522644043 19.9390716552734 21.8529624938965 23.0019035339355 23.9091758728027 21.427318572998 -9999 -9999 -9999 -9999 -9999 -9999 -9999 -9999 -9999 -9999 -9999 -9999 -9999 -9999 -9999 -9999 -9999 -9999 -9999 -9999 -9999 -9999 -9999 -9999 -9999 -9999 -9999 -9999
30.4776000976562 31.7594757080078 32.5541610717773 32.7759284973145 33.3516426086426 33.7970504760742 33.8879241943359 34.2043418884277 34.2062187194824 34.3935356140137 34.9536895751953 35.315113067627 35.2518692016602 34.5862197875977 34.107780456543 33.7374572753906 32.9044647216797 32.0110092163086 30.7794952392578 29.4156074523926 28.4616279602051 27.672420501709 26.0578269958496 23.8349494934082 25.2971534729004 23.097339630127 21.5230751037598 22.0196266174316 21.7543067932129 21.9113960266113 -9999 -9999 -9999 -9999 -9999 -9999 -9999 -9999 -9999 -9999 -9999 -9999 -9999 -9999 -9999 -9999 -9999 -9999 -9999 -9999 -9999 -9999 -9999 -9999
30.3409080505371 31.3810081481934 32.2173042297363 33.2813110351562 33.6646537780762 33.7701835632324 34.207389831543 34.3300018310547 34.4070434570312 34.3994255065918 34.6026458740234 35.5943756103516 35.3127479553223 35.3143081665039 34.3176498413086 34.0963821411133 33.5158615112305 32.2910461425781 32.3291931152344 32.2004356384277 30.5111198425293 29.4273643493652 27.1259498596191 25.996150970459 26.8107032775879 23.7033042907715 24.0704765319824 23.8715553283691 23.0912284851074 23.3879356384277 23.1702537536621 -9999 -9999 -9999 -9999 -9999 -9999 -9999 -9999 -9999 -9999 -9999 -9999 -9999 -9999 -9999 -9999 -9999 -9999 -9999 -9999 -9999 -9999 -9999
30.368221282959 31.3296241760254 32.2232246398926 33.4914169311523 33.2376518249512 33.7806129455566 34.2266044616699 34.6016502380371 34.4156188964844 34.4232482910156 34.6764869689941 34.7228889465332 35.6599349975586 35.4445991516113 34.3970069885254 34.8431167602539 34.3548583984375 34.0025596618652 33.4178276062012 32.9715156555176 31.6385536193848 30.5870323181152 29.2588310241699 27.4360084533691 26.9651832580566 25.0871734619141 24.7353897094727 24.0478591918945 24.0014190673828 23.5920944213867 23.1717071533203 22.9151306152344 -9999 -9999 -9999 -9999 -9999 -9999 -9999 -9999 -9999 -9999 -9999 -9999 -9999 -9999 -9999 -9999 -9999 -9999 -9999 -9999 -9999 -9999
30.1903495788574 31.116382598877 33.3445320129395 33.2732238769531 33.263557434082 33.3106536865234 33.8497505187988 34.2891426086426 34.5650291442871 34.4389991760254 34.5082740783691 34.7671356201172 35.6062545776367 35.6446952819824 36.1835060119629 35.3007354736328 34.8626708984375 34.2584533691406 33.5077285766602 33.1170234680176 32.1629066467285 31.5000343322754 30.6508750915527 29.6989555358887 27.7208518981934 25.8895034790039 25.338996887207 25.3022918701172 24.8256149291992 23.8811569213867 23.5878143310547 23.5073699951172 -9999 -9999 -9999 -9999 -9999 -9999 -9999 -9999 -9999 -9999 -9999 -9999 -9999 -9999 -9999 -9999 -9999 -9999 -9999 -9999 -9999 -9999
30.599048614502 30.9313926696777 32.5369148254395 33.2976913452148 33.2832870483398 33.3209342956543 33.5646095275879 34.127124786377 34.3768119812012 34.7069931030273 34.5191383361816 34.517261505127 35.6414031982422 35.8468399047852 36.0044288635254 35.5644111633301 34.8966941833496 34.5460357666016 33.5088195800781 33.410400390625 32.5546951293945 31.7005310058594 31.0657119750977 30.1926193237305 28.0275573730469 27.4753532409668 26.5216484069824 25.1623420715332 24.870059967041 24.5433654785156 23.7266082763672 23.5476608276367 23.0671997070312 22.7982177734375 22.6735534667969 -9999 -9999 -9999 -9999 -9999 -9999 -9999 -9999 -9999 -9999 -9999 -9999 -9999 -9999 -9999 -9999 -9999 -9999 -9999
30.0983772277832 31.1167335510254 31.7838020324707 33.673942565918 33.0342788696289 33.0684432983398 33.7111511230469 34.1352577209473 34.2696952819824 34.7071113586426 34.7061462402344 34.6428642272949 35.3995246887207 35.9112281799316 35.5635566711426 35.6272850036621 35.4080276489258 34.666015625 34.0082931518555 33.3844757080078 32.8101043701172 31.7733612060547 31.3915634155273 30.5842361450195 29.9083709716797 28.5060195922852 27.8919944763184 26.1832542419434 25.2262763977051 24.5592842102051 23.914379119873 23.6416206359863 23.0672416687012 22.8619766235352 22.3610610961914 21.6935806274414 20.4950065612793 -9999 -9999 -9999 -9999 -9999 -9999 -9999 -9999 -9999 -9999 -9999 -9999 -9999 -9999 -9999 -9999 -9999
29.9763793945312 29.9881477355957 30.9073677062988 31.7277069091797 32.8356552124023 32.9526214599609 33.7117156982422 33.516040802002 34.0194473266602 34.0819549560547 34.4015884399414 35.1200828552246 35.5017051696777 36.3572883605957 36.0487632751465 35.7076225280762 36.117504119873 34.8007774353027 34.2297325134277 33.5331573486328 33.4246978759766 32.3554000854492 31.8253784179688 31.039665222168 30.2423629760742 28.8950691223145 28.5998725891113 27.0726737976074 25.6152610778809 25.0313987731934 24.1974830627441 23.9007911682129 22.7596702575684 22.432300567627 22.4248390197754 21.972900390625 20.9038162231445 -9999 -9999 -9999 -9999 -9999 -9999 -9999 -9999 -9999 -9999 -9999 -9999 -9999 -9999 -9999 -9999 -9999
29.5355834960938 30.0827674865723 30.5965270996094 31.5350189208984 32.3417053222656 33.5829162597656 33.9857940673828 34.0056076049805 34.3572959899902 34.414436340332 34.2887878417969 34.8194236755371 35.7718887329102 36.1468544006348 36.2439231872559 36.0276527404785 35.9007682800293 35.1176795959473 34.5522346496582 34.1195259094238 33.1903114318848 32.3666725158691 31.5459594726562 31.416015625 30.6371726989746 29.4302558898926 28.7056083679199 27.9062232971191 26.2492904663086 25.7848815917969 24.6568298339844 24.2801284790039 23.3621597290039 22.9803276062012 22.3284645080566 21.0024147033691 20.932258605957 20.6748733520508 20.5529289245605 -9999 -9999 -9999 -9999 -9999 -9999 -9999 -9999 -9999 -9999 -9999 -9999 -9999 -9999 -9999
30.8765335083008 31.3476371765137 30.3155288696289 32.7631072998047 32.0912017822266 32.9691390991211 33.740837097168 34.0986404418945 34.4893112182617 34.3310966491699 35.0483016967773 34.8374481201172 35.7526817321777 36.0575103759766 36.1627807617188 36.1019973754883 35.9766311645508 35.5087356567383 34.3688201904297 34.2429122924805 33.4609069824219 33.1833801269531 32.3928680419922 31.9558715820312 30.7795104980469 29.5727157592773 29.0967483520508 28.5649108886719 27.2736587524414 26.4263076782227 24.8131256103516 24.0087089538574 23.1444511413574 22.105396270752 21.5814628601074 21.0326957702637 20.9596138000488 20.7063179016113 20.6742897033691 20.924633026123 -9999 -9999 -9999 -9999 -9999 -9999 -9999 -9999 -9999 -9999 -9999 -9999 -9999 -9999
29.1161231994629 30.2311515808105 32.0963134765625 31.8956680297852 30.6847763061523 31.7330322265625 33.0292816162109 33.3471603393555 34.1733856201172 34.8035507202148 34.6507797241211 34.8733291625977 36.3892097473145 36.8965492248535 36.9551620483398 36.7668609619141 36.1446685791016 35.438850402832 34.5474090576172 34.4089889526367 33.818733215332 33.2199859619141 32.7093048095703 32.6139526367188 31.28857421875 30.6482162475586 30.5100326538086 29.4098434448242 27.7155914306641 26.821216583252 25.2860908508301 23.7353019714355 23.0514793395996 22.0098609924316 21.708683013916 21.3140830993652 20.9599647521973 20.9564018249512 20.9551200866699 20.4439849853516 -9999 -9999 -9999 -9999 -9999 -9999 -9999 -9999 -9999 -9999 -9999 -9999 -9999 -9999
28.8663673400879 29.8405113220215 30.9377365112305 31.7051658630371 32.7081451416016 31.2645416259766 32.222053527832 32.5358734130859 33.7963409423828 34.6139221191406 34.6506500244141 34.6855697631836 35.986385345459 37.1503105163574 36.8362236022949 36.6749382019043 36.1917266845703 35.9103469848633 35.2670974731445 34.7670745849609 34.0780487060547 33.3049392700195 32.7779922485352 33.3054275512695 32.8242492675781 31.3086242675781 30.8557510375977 30.1081237792969 28.8870315551758 27.9380569458008 26.0210304260254 23.9890174865723 23.3415565490723 22.1343727111816 22.0661430358887 21.8201866149902 21.6513938903809 21.5934104919434 20.7015037536621 20.3109550476074 -9999 -9999 -9999 -9999 -9999 -9999 -9999 -9999 -9999 -9999 -9999 -9999 -9999 -9999
29.9021797180176 30.2533569335938 30.7547378540039 31.3423881530762 33.1015396118164 33.224235534668 32.1669082641602 32.4178009033203 33.3630294799805 34.9938278198242 35.0571517944336 36.4396057128906 36.8992309570312 36.5001754760742 36.6534118652344 36.4440727233887 36.2840309143066 36.2860450744629 35.4950675964355 35.1528434753418 34.2531852722168 34.0685234069824 33.2999687194824 33.5906219482422 32.8912811279297 32.0279006958008 31.2039260864258 30.9091033935547 33.3852043151855 32.0733528137207 26.476146697998 24.6394844055176 24.1900825500488 22.9010200500488 22.2935447692871 22.0911521911621 21.9297523498535 21.2176856994629 21.0171852111816 20.249439239502 20.0522956848145 19.2075271606445 19.1762542724609 -9999 -9999 -9999 -9999 -9999 -9999 -9999 -9999 -9999 -9999 -9999
29.023738861084 29.1980895996094 30.7176666259766 30.9274597167969 32.1564826965332 33.0392913818359 33.3599548339844 32.5444488525391 32.9920272827148 34.8726272583008 34.9092102050781 36.9899406433105 36.9421577453613 37.2617378234863 37.1710357666016 36.7643051147461 36.4096298217773 35.5434951782227 35.544132232666 35.402889251709 34.851375579834 34.4546394348145 34.2177543640137 33.7040519714355 32.414005279541 32.1836585998535 31.5131340026855 29.956615447998 32.6421699523926 31.1542015075684 29.0026206970215 25.5226097106934 24.0411949157715 23.3458595275879 22.4185600280762 22.3395805358887 22.0545234680176 21.5155830383301 20.7757453918457 20.4368324279785 20.2405433654785 19.4895439147949 18.9892730712891 -9999 -9999 -9999 -9999 -9999 -9999 -9999 -9999 -9999 -9999 -9999
29.1254615783691 29.2309799194336 29.181037902832 30.5798950195312 30.8013381958008 32.0905342102051 32.9135971069336 33.1771926879883 34.4936676025391 34.6288833618164 35.3493499755859 35.3604469299316 36.8750495910645 37.3945732116699 37.0534858703613 36.7651138305664 36.1686782836914 35.6682281494141 35.6693267822266 35.2723922729492 35.1344528198242 34.6751022338867 34.3293991088867 34.2688446044922 32.8042678833008 32.4683532714844 31.7307472229004 30.3303184509277 29.9480018615723 29.0538673400879 28.1016654968262 26.2056083679199 24.5452079772949 23.7599067687988 22.9896125793457 22.7508430480957 22.7536201477051 22.2086982727051 21.5455207824707 21.1018714904785 20.551830291748 18.8632316589355 19.8011093139648 -9999 -9999 -9999 -9999 17.406608581543 17.3938217163086 -9999 -9999 -9999 -9999 -9999
28.6174468994141 28.7698211669922 28.9723968505859 29.9201126098633 30.7782592773438 31.2957572937012 31.8068046569824 31.6916007995605 32.0666351318359 33.079216003418 34.3117904663086 35.0747299194336 35.328498840332 35.9116516113281 36.3909683227539 36.2664833068848 36.0130653381348 35.7025985717773 35.4804382324219 35.3939971923828 35.3236770629883 35.1337356567383 34.8563919067383 34.7470397949219 33.6229934692383 32.9068374633789 31.2971267700195 30.709228515625 29.0248413085938 28.4271965026855 26.611011505127 26.9222297668457 25.2634162902832 24.5793037414551 23.6341743469238 22.9185676574707 22.3839912414551 22.3645820617676 21.6685676574707 20.6469078063965 20.6854972839355 19.4861946105957 18.9549026489258 -9999 18.0029754638672 18.2505149841309 17.9378852844238 17.6516952514648 17.6340637207031 17.3559951782227 17.3238983154297 -9999 -9999 -9999
