indici/VDP_medio_annuo.asc
NCOLS 177 
NROWS 174 
XLLCORNER 1436301.375 
YLLCORNER 4916704.5 
CELLSIZE 1500 
NODATA_value -9999 
[rows 72 to 95 of 174, columns 54 to 107 of 177]
14.6809158325195 17.4147720336914 15.1508178710938 12.7152633666992 12.2251205444336 13.6136322021484 11.6183853149414 4.70976257324219 0.116371154785156 2.06835174560547 10.0570068359375 16.7977066040039 4.92272186279297 3.42697906494141 3.34670257568359 0.00080108642578125 0.00080108642578125 0.00012969970703125 0.0751419067382812 5.41422271728516 7.76687622070312 3.18589782714844 3.11936950683594 0.0001220703125 0.00830841064453125 0.00830841064453125 0.104438781738281 0.653465270996094 0.00830841064453125 2.40316772460938 4.37712860107422 4.10216522216797 0.00843048095703125 0.0416336059570312 0.00818634033203125 1.25161743164062 4.09966278076172 4.05272674560547 0 0 7.62939453125e-06 0.00012969970703125 1.69364929199219 13.7457962036133 13.6211051940918 0.0106430053710938 0.043975830078125 0 0 0 0 0 0.00014495849609375 0.146339416503906
11.6285018920898 14.7286376953125 13.5940475463867 14.4787292480469 11.9057693481445 9.02540588378906 10.1388320922852 3.84690856933594 0.357498168945312 0.513809204101562 3.49874114990234 16.8252296447754 16.1959800720215 5.76486206054688 4.82108306884766 3.3907470703125 4.18106842041016 4.42912292480469 4.78562164306641 5.40836334228516 8.65725708007812 4.35642242431641 4.32107543945312 2.82144165039062 0.0399856567382812 3.98644256591797 2.43422698974609 1.45473480224609 4.39470672607422 4.90869140625 2.51401519775391 2.92321014404297 2.47691345214844 1.64944458007812 0.0438385009765625 3.51866912841797 4.03685760498047 0 7.62939453125e-06 0 0.00012969970703125 0.00012969970703125 7.62939453125e-06 13.8310623168945 12.866828918457 3.41378402709961 0.818702697753906 0.010711669921875 0 0 0 0 0.042022705078125 1.89232635498047
10.7749404907227 18.1394195556641 17.0090713500977 13.852668762207 9.01393127441406 7.45372009277344 4.74016571044922 7.87373352050781 6.18463897705078 6.68550872802734 7.96551513671875 15.7597961425781 16.1853904724121 10.8762054443359 4.81816864013672 4.77476501464844 4.78257751464844 4.78581237792969 6.83061218261719 6.82561492919922 6.76109313964844 5.90665435791016 5.64833831787109 4.31815338134766 0.891746520996094 2.58023071289062 5.25629425048828 5.25661468505859 5.25691986083984 3.44628143310547 0.0751495361328125 0 0.0438385009765625 0.00812530517578125 0 0.0438385009765625 0.696922302246094 0 0 0.0105133056640625 0 7.62939453125e-06 0.0438461303710938 3.44588088989258 12.8996658325195 12.7759475708008 2.23076629638672 0.079132080078125 7.62939453125e-06 7.62939453125e-06 0 0 0.034088134765625 0.033966064453125
13.6220397949219 17.8948440551758 12.8330001831055 11.6142501831055 10.708381652832 7.38339996337891 6.44098663330078 6.47615051269531 6.46610260009766 6.69918823242188 11.4538040161133 8.91547393798828 15.2191162109375 3.43000030517578 3.43000793457031 5.66287231445312 8.13844299316406 8.94326019287109 8.69762420654297 8.80833435058594 6.94422912597656 5.78971099853516 5.6484375 3.20359802246094 5.39049530029297 5.38286590576172 6.17034912109375 5.25771331787109 5.25225830078125 2.50595855712891 0.0790634155273438 1.39174652099609 0.0790634155273438 0.587059020996094 0.0870590209960938 9.14987564086914 2.22679138183594 0.00794219970703125 7.62939453125e-06 0.618804931640625 0.0081939697265625 0.0125961303710938 7.62939453125e-06 13.4854049682617 13.524528503418 13.151985168457 10.9195976257324 0.083038330078125 0 0.0001373291015625 7.62939453125e-06 1.52587890625e-05 1.89256286621094 0.122901916503906
14.4658737182617 15.5095672607422 14.0049057006836 12.5204925537109 10.8329238891602 6.56992340087891 7.62140655517578 3.25554656982422 10.7461547851562 9.79296875 6.27944946289062 7.24868774414062 13.0940704345703 6.05669403076172 5.80027770996094 5.466796875 6.22919464111328 10.4440155029297 10.2941131591797 19.2535171508789 8.7613525390625 7.06523132324219 3.15061950683594 6.47509765625 12.6668090820312 13.5143737792969 14.3112182617188 5.53884124755859 6.04280853271484 5.24444580078125 4.33312225341797 4.87413787841797 4.99730682373047 5.49956512451172 5.56267547607422 1.61782836914062 2.22679138183594 0.0105133056640625 1.62149810791016 0.0750961303710938 0 0.0751571655273438 2.38774108886719 13.3599166870117 13.4853973388672 0.907447814941406 13.5389099121094 0.858322143554688 7.62939453125e-06 1.52587890625e-05 0.702133178710938 0.234481811523438 2.21389007568359 0.031707763671875
17.2366409301758 15.2339096069336 14.0344467163086 11.2647933959961 6.87126922607422 8.82420349121094 10.717529296875 10.9964599609375 11.9213638305664 11.0941772460938 9.66686248779297 6.98135375976562 12.2620391845703 6.45320892333984 10.7603607177734 10.6121597290039 11.2141647338867 10.9474868774414 17.0168151855469 19.3235931396484 13.5435485839844 10.0068817138672 8.18631744384766 14.782341003418 17.4931793212891 15.5478363037109 15.7059097290039 8.37344360351562 7.33046722412109 5.76905822753906 2.46878814697266 6.28248596191406 5.65254211425781 5.49559783935547 2.22679138183594 2.22679138183594 3.79308319091797 0.618797302246094 4.42967987060547 0.00794219970703125 0.00012969970703125 0.087554931640625 7.62939453125e-06 5.10379409790039 13.4842376708984 5.52592086791992 8.56544876098633 0.0105209350585938 0.0003814697265625 0.860580444335938 5.39490127563477 0.118804931640625 1.30027770996094 1.52587890625e-05
18.3587379455566 19.4524269104004 15.1166915893555 14.4172668457031 14.3692779541016 10.447380065918 12.8041839599609 11.0377197265625 14.170783996582 13.0927963256836 12.1356353759766 11.1252059936523 12.1299667358398 10.7750549316406 11.7743225097656 11.2054290771484 11.9749908447266 11.573486328125 10.7726440429688 12.2590942382812 13.7351226806641 13.5903472900391 17.6023025512695 17.8011016845703 17.1600494384766 15.3741226196289 14.3971862792969 10.4205932617188 8.07278442382812 7.32246398925781 8.07198333740234 6.81404113769531 6.81404113769531 6.02857971191406 4.80443572998047 1.71061706542969 3.79650115966797 1.61429595947266 7.05874252319336 0.996498107910156 0.587554931640625 5.54103469848633 9.70777130126953 13.1012992858887 13.6132659912109 13.1582183837891 1.73295593261719 0.075164794921875 0.075225830078125 0.0315093994140625 4.76995468139648 0.0317611694335938 7.62939453125e-06 7.62939453125e-06
20.6647415161133 20.9489784240723 15.754524230957 14.9755935668945 14.8372802734375 14.5578765869141 13.3080596923828 14.0127944946289 13.3759384155273 13.7159652709961 12.3951644897461 12.135009765625 10.7565307617188 12.4239349365234 12.2775115966797 11.7154235839844 12.7162170410156 12.4524612426758 12.2687530517578 13.1517906188965 10.2765274047852 10.1475448608398 15.9537582397461 15.0225372314453 11.5496063232422 8.14718627929688 8.02218627929688 8.27215576171875 8.10391235351562 5.65077209472656 8.72841644287109 7.72811126708984 4.35118865966797 2.48472595214844 2.21891784667969 1.42202758789062 5.94490432739258 8.00790023803711 8.66837692260742 13.2427597045898 13.2546005249023 13.8835067749023 12.9462089538574 14.1083183288574 13.4915008544922 0.216461181640625 1.52587890625e-05 0.0083160400390625 2.2785758972168 2.78572463989258 6.94649124145508 2.2454948425293 2.2143669128418 0.0317001342773438
21.7273712158203 22.4892692565918 19.0351295471191 17.8073501586914 16.0114364624023 15.6346054077148 13.7508239746094 14.2628555297852 14.0984573364258 13.0492630004883 12.3736190795898 12.1193161010742 11.2517623901367 11.7346038818359 12.111499786377 11.9669342041016 12.333194732666 12.6986274719238 12.7415199279785 11.6014404296875 10.7101287841797 10.6903991699219 10.0613021850586 9.43186187744141 8.80291748046875 8.02163696289062 8.27157592773438 8.76333618164062 8.72824096679688 8.60275268554688 8.60262298583984 8.47011566162109 6.13764953613281 3.78868865966797 2.21110534667969 1.64798736572266 3.66704559326172 8.49227523803711 8.50399398803711 3.94110870361328 6.16585159301758 12.0943832397461 13.3874931335449 12.9813652038574 1.11167907714844 0.087554931640625 0.224273681640625 0.087066650390625 0.091461181640625 1.52587890625e-05 0.091461181640625 8.1561164855957 3.97953414916992 3.44340133666992
23.9038314819336 23.3800048828125 21.7074546813965 20.4564018249512 17.0452194213867 17.4301719665527 15.7277946472168 15.165355682373 14.5983543395996 13.2636375427246 13.1308250427246 11.634391784668 12.128231048584 11.9680061340332 16.4866065979004 12.4615821838379 12.5825996398926 12.6315498352051 13.5399360656738 11.9718818664551 14.9810066223145 10.6233940124512 10.0803451538086 9.93187713623047 9.30258941650391 8.79042053222656 8.52473449707031 9.01739501953125 8.88840484619141 8.9230842590332 8.75497055053711 8.74752426147461 7.71615219116211 9.09115219116211 7.20827865600586 6.50844192504883 8.27437973022461 9.02828598022461 5.5379753112793 0.0830917358398438 7.74631118774414 11.19970703125 11.8131484985352 2.92732238769531 2.92732238769531 2.28668212890625 2.24554443359375 2.78827667236328 0.099273681640625 0.0315093994140625 1.51493835449219 2.80137252807617 1.52587890625e-05 0.130523681640625
23.5849914550781 23.9089736938477 23.8873443603516 21.1769676208496 20.6962432861328 18.2169151306152 17.7212791442871 16.8953971862793 13.7739677429199 13.8985404968262 13.4727439880371 11.9474296569824 11.7215690612793 11.4587364196777 11.3088111877441 12.1655006408691 12.1068840026855 12.8774147033691 12.2512168884277 13.3398170471191 13.8354682922363 10.6389122009277 10.5795097351074 9.80605316162109 9.17710876464844 8.79416656494141 8.52462768554688 8.89254379272461 8.88459396362305 8.91528701782227 8.87610244750977 8.21628952026367 8.59519577026367 9.58732223510742 8.07546615600586 7.67641830444336 9.02773666381836 8.77779769897461 7.60756301879883 5.2801628112793 8.74179458618164 10.2971076965332 10.8363037109375 9.46135711669922 5.94337844848633 7.92643356323242 4.56845092773438 9.97114944458008 0.099273681640625 0.0732040405273438 1.54594421386719 8.3288459777832 0.131500244140625 0.0312652587890625
24.231575012207 25.0262565612793 24.4636116027832 21.0067825317383 20.9376831054688 19.5922241210938 17.9023704528809 17.0134239196777 16.118724822998 14.8685493469238 13.7920188903809 13.5648078918457 12.4149436950684 12.7228050231934 12.5679969787598 14.897388458252 11.4696998596191 12.0945167541504 12.7180671691895 11.7637367248535 10.8925666809082 10.8843116760254 10.3334465026855 9.80606460571289 9.80209732055664 8.95051956176758 8.38785171508789 8.41922378540039 8.41922378540039 9.04442977905273 8.97395706176758 9.3492546081543 9.46637344360352 9.34087753295898 8.7156867980957 9.1453742980957 8.52767562866211 8.74636459350586 7.01771926879883 4.49677658081055 8.92245864868164 8.28524398803711 9.9572639465332 4.88075637817383 10.0043525695801 10.5333442687988 12.5022621154785 5.13009643554688 2.8481559753418 0.079071044921875 3.98953247070312 13.8812026977539 5.59566116333008 0.358444213867188
23.7568321228027 23.8570671081543 25.2171440124512 25.9592514038086 20.6909866333008 19.6264953613281 19.1452941894531 17.1257286071777 16.3385124206543 16.0257987976074 15.2637672424316 14.379207611084 13.7970314025879 13.3932456970215 12.9029960632324 13.2729911804199 13.7259788513184 12.4695701599121 13.0633583068848 11.7990913391113 12.1228675842285 11.509464263916 10.9975318908691 10.3490791320801 10.3333778381348 9.44265365600586 8.54412460327148 9.04423141479492 9.04422378540039 9.01321792602539 8.85641098022461 9.47341537475586 9.46553421020508 9.34082412719727 9.21575546264648 9.1453742980957 9.1453742980957 8.49630355834961 7.75411605834961 4.9412956237793 6.36361312866211 5.11238479614258 9.92978286743164 8.64071273803711 10.8021392822266 12.1746368408203 14.4824676513672 15.2532196044922 4.53021240234375 9.17695999145508 10.155200958252 5.64143753051758 14.7680435180664 3.36353302001953
25.8138771057129 24.0774803161621 24.8641700744629 27.0309295654297 27.3721313476562 21.8727951049805 19.0472717285156 17.629638671875 17.0825347900391 17.3284759521484 16.3799667358398 15.8597755432129 13.788272857666 13.4871253967285 13.9728202819824 13.1034965515137 14.7149658203125 14.7159385681152 13.1903533935547 12.3794479370117 11.8402862548828 11.2073822021484 10.5738677978516 10.4937057495117 10.3332748413086 9.94659805297852 9.30996322631836 8.54427719116211 10.0442695617676 10.138011932373 9.48175430297852 10.5441551208496 10.0284690856934 10.0284080505371 10.4035758972168 8.70794296264648 8.6492805480957 9.1922492980957 0.997116088867188 7.06661605834961 7.67220687866211 9.92635726928711 10.6379547119141 11.9940910339355 12.7208404541016 15.2798309326172 16.1981964111328 19.3591842651367 18.6233749389648 19.128547668457 14.9676666259766 9.47363662719727 17.1682815551758 16.8174285888672
27.0194549560547 26.3139953613281 26.4391593933105 27.8398666381836 26.9348602294922 26.2051620483398 18.5310363769531 17.7846984863281 18.0766906738281 17.7713394165039 15.8862075805664 15.8784561157227 15.7063980102539 15.12353515625 14.480598449707 13.9121704101562 13.8438720703125 14.8751335144043 12.9196014404297 12.7222366333008 12.4682388305664 11.4652938842773 10.8401870727539 10.3218002319336 10.6771240234375 9.58733367919922 9.31385040283203 8.66885375976562 9.16903686523438 9.86458587646484 9.97395324707031 10.0363616943359 10.0838432312012 10.5367736816406 10.1530952453613 9.77412033081055 10.278263092041 10.2860069274902 11.3451080322266 9.32506942749023 10.0830726623535 10.520824432373 11.6507759094238 12.4282341003418 14.6516227722168 16.7027130126953 18.9794464111328 20.7742538452148 21.2744903564453 21.5568695068359 11.7074165344238 8.44091415405273 20.0696640014648 19.3680152893066
28.0441513061523 27.219165802002 28.3638534545898 27.8590774536133 27.2659530639648 21.1639709472656 18.6637878417969 18.4048156738281 18.1225814819336 17.802001953125 17.7695693969727 17.0708389282227 16.3974075317383 15.2759628295898 14.9494857788086 14.4180908203125 14.4650535583496 14.8946723937988 13.116870880127 12.9800910949707 12.8549842834473 12.3432579040527 11.4565010070801 10.6998710632324 10.6997261047363 9.29437637329102 9.28651809692383 9.1262321472168 10.0014419555664 9.61859512329102 9.56393051147461 9.56435012817383 10.0996284484863 10.0485038757324 10.1693382263184 10.2858505249023 10.3019638061523 10.5872421264648 10.8490257263184 11.8148765563965 11.5567588806152 11.8148155212402 12.4477500915527 15.1412315368652 16.5696220397949 17.9394035339355 20.6833724975586 21.2562942504883 21.8130950927734 22.019775390625 19.8837738037109 22.2112655639648 21.4546356201172 21.2200736999512
26.0619621276855 26.171199798584 27.9666633605957 28.2431793212891 28.2322769165039 23.4452972412109 19.4132995605469 18.9667587280273 18.7777786254883 17.9650802612305 17.8200073242188 17.6938934326172 16.9846801757812 15.5900230407715 14.7322807312012 14.8244438171387 16.1291923522949 15.2069969177246 13.7732124328613 13.3609657287598 13.1050300598145 12.4643745422363 12.8704299926758 10.8582000732422 10.3581008911133 10.0904312133789 9.82197570800781 10.1809310913086 10.6696319580078 10.1623077392578 10.2560195922852 9.59975051879883 9.5722541809082 11.4472541809082 10.3142127990723 10.3178977966309 10.5600242614746 10.7245750427246 11.7953758239746 13.579158782959 14.0791282653809 14.6141014099121 15.8448753356934 16.341121673584 17.0193901062012 18.8633232116699 20.8120307922363 21.7970962524414 22.6991271972656 22.5187377929688 24.7960205078125 19.2793655395508 18.2436828613281 6.54349899291992
26.6257438659668 27.2106895446777 27.2401123046875 28.7458457946777 28.5268898010254 25.1335220336914 20.1623306274414 19.5942916870117 18.4574279785156 17.8312225341797 17.8229370117188 18.2249794006348 17.4456443786621 17.8361167907715 16.0975303649902 15.5503959655762 14.5345268249512 15.7655982971191 15.3318748474121 13.7418403625488 14.2652053833008 13.8745651245117 13.119987487793 11.9910659790039 11.116081237793 11.3506011962891 10.8426895141602 10.8262939453125 10.6741256713867 10.4201889038086 10.1701889038086 10.2598495483398 10.4785652160645 11.3261909484863 10.5760307312012 10.5603065490723 10.8298377990723 11.7990684509277 12.5593223571777 13.329402923584 14.622371673584 15.7905235290527 16.3374137878418 16.7291679382324 18.4894218444824 20.8941535949707 21.2842597961426 22.1311302185059 22.7693901062012 24.1538200378418 26.0077171325684 22.6461334228516 20.9446105957031 27.4589004516602
27.1647109985352 27.2773513793945 27.5162963867188 28.7209434509277 28.6381645202637 26.391242980957 27.4987144470215 20.9956283569336 19.956413269043 19.3701553344727 18.9946708679199 19.1195030212402 19.0940895080566 17.8435707092285 17.827823638916 17.026668548584 17.5658683776855 16.7689247131348 15.2301979064941 14.9411926269531 14.8981552124023 14.1441116333008 14.0184326171875 12.1278457641602 11.9952774047852 12.1218338012695 11.3469772338867 11.2114105224609 10.560920715332 10.5530700683594 10.5489883422852 10.5489883422852 10.3614730834961 11.492317199707 11.2090644836426 11.3652458190918 11.9945793151855 12.9379386901855 13.946231842041 14.7514228820801 15.9506416320801 16.767162322998 16.854076385498 18.704174041748 19.524585723877 21.2789916992188 21.8076095581055 22.1642684936523 24.3622856140137 25.6706047058105 27.3788642883301 27.1632690429688 27.2833290100098 28.2751235961914
27.3940773010254 27.8568725585938 28.857852935791 28.7416000366211 26.6650772094727 28.5021095275879 28.9678115844727 22.8728561401367 20.6204833984375 20.561164855957 19.6197624206543 19.2287406921387 19.0939826965332 18.4684791564941 17.609073638916 17.5619621276855 17.0695991516113 16.9408226013184 15.9914093017578 15.9529495239258 14.8806686401367 14.3784637451172 13.7139587402344 13.6414337158203 13.1726608276367 12.4109344482422 12.105842590332 11.5903854370117 10.9429016113281 11.0637969970703 11.0598297119141 10.9347686767578 10.6486282348633 12.3097686767578 12.023567199707 12.0318298339844 12.0669822692871 13.5757179260254 14.2129173278809 15.2602806091309 16.7329368591309 16.9362144470215 18.4733238220215 18.9113159179688 20.2433624267578 22.3304061889648 22.4014053344727 24.7336196899414 24.9955978393555 24.8398323059082 24.6818504333496 25.4985618591309 26.0390129089355 26.1699180603027
27.8987350463867 27.5464477539062 28.978141784668 29.2502746582031 26.5395278930664 27.9266700744629 26.3900985717773 20.7456893920898 20.4915084838867 20.7135696411133 20.3383445739746 19.7210426330566 19.7187156677246 18.8506126403809 17.9909172058105 18.713451385498 18.5689506530762 17.6909637451172 16.5346374511719 16.3398132324219 16.2652893066406 15.7650909423828 14.0067291259766 13.8662185668945 13.3036804199219 12.672737121582 13.0202484130859 12.5201644897461 11.4701538085938 11.8177719116211 11.5638275146484 11.5599212646484 11.934814453125 12.192626953125 12.6035079956055 12.2242813110352 13.4781799316406 14.2359924316406 14.9082870483398 15.7598419189453 16.5552368164062 18.4010772705078 18.5353546142578 19.6447296142578 20.8091049194336 22.7687149047852 23.6548233032227 25.4836807250977 26.2875289916992 26.8339881896973 27.2511405944824 27.6038398742676 27.7641563415527 27.2962417602539
28.1477584838867 28.1145553588867 29.1667442321777 29.1835479736328 29.2213935852051 25.1033172607422 22.9927673339844 22.1167831420898 21.4911270141602 20.8424339294434 20.5796241760254 20.5441780090332 20.0051383972168 19.7178077697754 20.2140998840332 18.9168281555176 18.6900215148926 18.0648727416992 17.9527282714844 16.3080978393555 16.2798919677734 15.7710342407227 15.7686576843262 15.2530097961426 14.1162300109863 13.8040504455566 14.0456809997559 13.7799110412598 13.4057388305664 13.0153198242188 12.4567031860352 12.1950531005859 12.0677337646484 12.4434585571289 13.8951187133789 12.8591232299805 13.8906097412109 14.6441955566406 15.2847595214844 16.5039825439453 17.3628692626953 18.4606475830078 19.4211044311523 20.1799240112305 20.934684753418 23.0187149047852 24.6572952270508 25.8556365966797 26.4130172729492 27.5845069885254 28.4464912414551 28.7587242126465 28.3659057617188 28.3113174438477
27.8816146850586 28.4641342163086 28.9742126464844 25.0564651489258 25.0513916015625 24.2974853515625 24.1646423339844 23.0342254638672 22.9089508056641 22.7556419372559 21.1228523254395 20.3022956848145 20.2590446472168 19.9758186340332 20.730884552002 18.6593818664551 18.9012641906738 18.8234558105469 17.7922973632812 17.0705642700195 16.8767166137695 15.8650131225586 16.364501953125 15.9913940429688 15.51904296875 15.0190277099609 14.379768371582 13.9327087402344 13.804874420166 13.4137992858887 13.0232696533203 12.7538299560547 12.375244140625 12.7658538818359 12.7662124633789 15.0566253662109 14.0289001464844 14.8179550170898 15.3198699951172 17.2942886352539 17.9077987670898 18.7218856811523 20.1424179077148 20.2468948364258 21.204719543457 22.9611282348633 25.1564483642578 26.0574188232422 23.1480407714844 25.6977195739746 29.0060729980469 27.8680725097656 28.0259399414062 28.1500625610352
27.9439926147461 28.6825256347656 28.9137268066406 25.5494079589844 25.2622985839844 24.6060256958008 24.3599243164062 24.1630630493164 23.0290451049805 22.6228332519531 22.2439460754395 20.9858894348145 21.1363716125488 21.1012382507324 21.101734161377 20.0899238586426 18.6949729919434 18.8367004394531 18.7396011352539 17.7005500793457 17.0482406616211 17.0134506225586 16.3841781616211 16.6344146728516 16.1325187683105 15.6520538330078 15.0052337646484 13.8093490600586 13.8094367980957 13.6729164123535 13.5398368835449 13.1662788391113 13.1935348510742 13.2989730834961 14.2997970581055 15.4345703125 15.4384613037109 16.1951522827148 16.7974472045898 17.5394744873047 17.5882949829102 18.7240371704102 20.1808242797852 20.6377334594727 21.9568557739258 23.8372344970703 25.7771148681641 27.9724960327148 26.0640182495117 27.0746726989746 29.0656509399414 28.5224380493164 28.8350601196289 28.7177505493164
