indici/VDP_medio_annuo.asc
NCOLS 177 
NROWS 174 
XLLCORNER 1436301.375 
YLLCORNER 4916704.5 
CELLSIZE 1500 
NODATA_value -9999 
[rows 48 to 71 of 174, columns 54 to 107 of 177]
0 0.5 1.07545471191406 8.45831298828125 8.50811767578125 0.974739074707031 0.5 0.5 0.5 0 0 0 0.5 0 0.5 0 0.5 0.500007629394531 0.5 0.500007629394531 0.5 0 0 0.5 0 0.5 0 0 0.5 0 0 0.5 0 0 0 0 0.5 0 0 0 0.5 0 0 0 0 0 0 0.5 0 0 0 0 0 0
0.5 0.5 1.29419708251953 10.2707901000977 10.2825317382812 4.62727355957031 2.36061859130859 0.5 0.5 0.5 0.5 0 0 0 0 0 0.5 0.5 0.5 0.5 0.5 0 0 0 0 0 0 0 0 0 0 0.5 0 0.5 0 0 0.5 0 0 0 0 0 0 0 0 0 0.5 0 0 0 0 0 0 0.5
0.5 0.503913879394531 7.54514312744141 10.8549346923828 10.84814453125 0.568428039550781 0.5 0.5 0.531257629394531 0.5 0.5 0 0.5 0 0 0 0.5 0.5 0.5 0 0.5 0 0 0 0 0 0 0 0 0 0 0.5 0 0 0 0 0 0 0 0 0 0 0.5 0 0 0 0 0 0 0 0 0 0.5 0
0.503913879394531 0.568489074707031 10.9801483154297 11.1109771728516 11.2306060791016 2.56404876708984 0.5 0 0.5 0.5 0.500007629394531 0.5 0.5 0.5 0 0 0 0.5 0 0 0 0 0.5 0.5 0 0.5 0 0.5 0 0 0 0 0 0 0 0 0 0.5 0.5 0 0 0.500007629394531 0.5 0 0 0 0 0.5 0 0 0 0 0.5 0.5
1.51020050048828 12.6192321777344 12.6388854980469 12.9191131591797 9.95998382568359 1.79145050048828 0.5 0.5 0.5 0.5 0.5 0.5 0 0.5 0 0 0 0 0.5 0 0 0 0.5 0 0 0.5 0.5 0.5 0 0.5 0 0 0 0 0 0 0 0.5 0.5 0.500251770019531 0.508087158203125 0.5 0.5 0.5 0 0 0 0.5 0.5 0 0.5 0 0 0
7.81034851074219 13.6563415527344 13.6841735839844 13.8107604980469 2.72017669677734 1.54145050048828 5.15333557128906 4.04550933837891 0.566535949707031 0.5 0.5 0.5 0 0 0 0 0 0 0 0 0 0.5 0.5 0.5 0 0 0.5 0.5 0 0.5 0.5 0.5 0.5 0 0 0 0.5 0.5 0.508270263671875 0.5 0.5 0.5 0.5 0 0.5 0 0.5 0.5 0.5 0.5 0 0.5 0.5 0
0.978767395019531 13.8387603759766 13.8231048583984 13.8260345458984 2.75588989257812 0.5 0.5 1.53748321533203 3.77988433837891 0.5 0.5 0 0 0 0 0 0 0 0 0 0.5 0.5 0.5 0.500068664550781 0.5 0.5 0 0.5 0.500068664550781 0.5 0 0 0 0 0 0 0.5 0.500251770019531 0.5 0 0 0 0.5 0.5 0.500007629394531 0.5 7.62939453125e-06 0.00031280517578125 7.62939453125e-06 0 0.5 0 0.5 0
7.44934844970703 14.224494934082 14.4446716308594 14.5745239257812 0.566535949707031 0.599800109863281 0.5 0.5 1.28748321533203 3.21565246582031 0 0 0 0 0 0 0.5 0 0.5 0.5 0.5 0.500129699707031 0.5 0.500129699707031 0.5 0.5 0 0.5 0.5 0 0 0 0 0 0 0.5 0.5 0.500251770019531 0.500007629394531 0.5 0.5 0 0.5 0.500007629394531 7.62939453125e-06 0.00031280517578125 7.62939453125e-06 0.5 0.5 0.5 0 0 0.00032806396484375 0.00814056396484375
14.1619338989258 14.9466705322266 13.8268280029297 15.0179290771484 2.21585083007812 0.500007629394531 0.5 0 0 0.562629699707031 2.43440246582031 1.86799621582031 0 0 0 0.5 0 0.5 0.5 0 0.5 0.500190734863281 0.5 0.531562805175781 0.5 0.5 0.5 0.500129699707031 0.5 0 0 0 0 0 0.5 0.5 0.5 0.551551818847656 0.5 0.5 0.5 0 0 0.5 0.5 0.00031280517578125 0.00031280517578125 0.5 0.5 0 0 0.5 0.5 0.0103378295898438
15.0856399536133 12.6407699584961 12.0923080444336 15.020881652832 15.0244903564453 0.566413879394531 0 0 0 0 0 7.62939453125e-06 0.631294250488281 0 0 0 0 0 0.500129699707031 0 0.533515930175781 0.533760070800781 0.565254211425781 0.5 0.5 0.5 0.500129699707031 0.5 0 0 0.5 0.5 0 0.5 0.5 0.5 0.539497375488281 0.500312805175781 0.5 0.5 0 0 0 0 0.5 0.5 0.00032806396484375 0.5 0 0 0.5 0 6.866455078125e-05 0.020233154296875
7.78062438964844 1.70577239990234 6.32045745849609 15.1834945678711 14.658088684082 3.93470764160156 0 0 0 0 0 0.0314407348632812 0.662666320800781 0 0 0 0 0 0 0 0.531440734863281 0 0 0.565315246582031 0.5 0.5 0.500312805175781 0.5 0.5 0.5 0 0.5 0.5 0.5 0.5 0.5 0.539497375488281 0.5 0.5 0.5 0.5 0.5 0 0 0 0.5 7.62939453125e-06 0 0 0.5 0 0.00045013427734375 0.00020599365234375 0.192665100097656
0.601875305175781 1.67452239990234 0.570564270019531 15.4463500976562 15.1894454956055 2.52326202392578 0 0 0 0 0 0 0.854324340820312 7.62939453125e-06 0 0 0 0 0 0 0 0 0 0.534004211425781 0.808029174804688 0.531684875488281 0 0.5 0 0 0 0 0.5 0.5 0.5 0.5 0.541465759277344 0.551483154296875 0.5 0.5 0.5 0.5 0.5 0.5 0.5 0 0.051605224609375 0 0.5 0 7.62939453125e-06 0.00045013427734375 0.0987930297851562 6.42706680297852
0.500007629394531 0.500007629394531 0.601936340332031 13.1996841430664 15.5528106689453 11.4635620117188 5.0177001953125 7.62939453125e-06 0 0 0 0 0.568855285644531 0.0315017700195312 0 0 0 0 0 0 0 0 0 0.933639526367188 0 0.5 0.5 0 0 0.5 0 0 0 0.5 0 0.5 0.551475524902344 0.5 0.5 0.00043487548828125 0.5 0.5 0.5 0 0 0.5 0.00025177001953125 0.00019073486328125 0 0.5 0.5 0.041839599609375 7.94668579101562 6.26886367797852
0 0 1.04951477050781 1.04951477050781 16.1471786499023 15.1918182373047 2.66426086425781 0 0 0 0 0.666694641113281 0 0 0 0 0 0 0 0 0 0 6.866455078125e-05 1.21696472167969 0 0.0315628051757812 0 0.5 0.5 0.5 0.5 0 0.5 0.5 0.5 0.5 0.0394973754882812 0.614288330078125 0.00012969970703125 0.5 0.5 0.00019073486328125 0.00025177001953125 0.00025177001953125 0.00012969970703125 0.5 0.00240325927734375 0.901962280273438 0.041717529296875 0.5 0.041717529296875 7.3978157043457 8.45058441162109 0.0909805297851562
0 0 1.54976654052734 0.0312576293945312 13.6287612915039 16.0623092651367 13.2240600585938 1.24141693115234 0 0 0.0314407348632812 0 0 0 0 0 0 0 0 0 0 0 0.0315628051757812 0.0316848754882812 0 0 0.031494140625 0 0.00018310546875 0 0.5 0 0.5 0.0001220703125 0.5 0.5 0.685394287109375 0.0315017700195312 0.00012969970703125 0.0434188842773438 0.0414581298828125 0.043670654296875 0.0414657592773438 7.62939453125e-06 7.62939453125e-06 0 0.5 0.094940185546875 0.849578857421875 0.043792724609375 8.93948745727539 7.94860458374023 3.09835052490234 0
7.62939453125e-06 0.531379699707031 3.25232696533203 0.570625305175781 2.49812316894531 16.1222763061523 16.5153961181641 15.2089538574219 0 0.0312576293945312 0.991477966308594 0 0 0 0 0 0.0313796997070312 0.0319900512695312 0.104377746582031 0.0653152465820312 0.0319290161132812 1.58975219726562 0.964134216308594 0.776512145996094 0 0 0 0 0 0 0 0.5 0.5 0.0001220703125 0.0001220703125 0.0394973754882812 0.818328857421875 0.618316650390625 0.654144287109375 0.618316650390625 0.0414657592773438 0.043792724609375 0.00025177001953125 0 0.5 0.5 0 7.62939453125e-06 1.70904541015625 6.17837905883789 9.62697601318359 4.84243392944336 0 0
7.62939453125e-06 0.602180480957031 3.96980285644531 0.0314407348632812 5.08048248291016 0.0393753051757812 0.674888610839844 15.9587783813477 11.6674880981445 3.7135009765625 3.60424041748047 0.0312576293945312 0 0 0 0 0 0 0.0319900512695312 0.0731277465820312 0 0 2.03532409667969 0.0731887817382812 0.00025177001953125 0.031494140625 0.031494140625 0 0 0.5 0.0001220703125 0.0394363403320312 0.0001220703125 0.0315017700195312 1.18539428710938 1.40500640869141 0.685394287109375 0.614227294921875 0.622772216796875 0.867286682128906 0.618316650390625 0.00019073486328125 0.00025177001953125 0 0.5 0.5 0.00019073486328125 0.0002593994140625 12.2228851318359 12.2223968505859 5.38081741333008 0.00240325927734375 0 0
7.62939453125e-06 1.42758178710938 2.66625213623047 6.84352111816406 0.633621215820312 0 0.0354690551757812 3.6400146484375 15.8503036499023 12.4153671264648 6.0609130859375 0.104507446289062 0 0 0 0 0 0 0 0 0 0 0.104499816894531 0.678855895996094 0.0318069458007812 0 0.0396194458007812 0.5 0.5 0 0.5 0.0394363403320312 1.14571380615234 1.18539428710938 1.40695953369141 0.0001220703125 0.00806427001953125 0 0 0.00012969970703125 2.22776031494141 0.0102157592773438 0 0 0 0 0.00234222412109375 9.1580696105957 12.9143829345703 10.5319290161133 0.075103759765625 7.62939453125e-06 7.62939453125e-06 0
1.94331359863281 0.567146301269531 9.69330596923828 7.10145568847656 1.52924346923828 0 3.64282989501953 14.1569747924805 15.0844573974609 18.8626403808594 7.88513946533203 1.04502105712891 0 0 0 2.09970855712891 0.0632400512695312 0 0.108406066894531 0.0633621215820312 0 0 0.0397415161132812 4.15060424804688 0.0396194458007812 0.00018310546875 0.612327575683594 0.0396194458007812 0.5 0 0.5 0.0394363403320312 0.0001220703125 0.00012969970703125 1.94016265869141 0.0394363403320312 0.5 0.5 0.5 0 0.849578857421875 0.810394287109375 7.62939453125e-06 0 0.0003814697265625 0.0002593994140625 13.1682357788086 13.1683883666992 12.4104614257812 1.53710174560547 0.010589599609375 0 0 0
8.7437744140625 8.9002685546875 2.53337860107422 2.03334808349609 0 1.74031066894531 11.1203079223633 9.45531463623047 0.112503051757812 15.3860855102539 13.1385498046875 7.62939453125e-06 0.0711746215820312 0 0.0316238403320312 0.206199645996094 3.16130065917969 6.866455078125e-05 0.00019073486328125 3.10002899169922 0 0 1.12221527099609 4.18184661865234 0.112327575683594 0.0001220703125 2.28146362304688 0.0001220703125 0.5 0.0396194458007812 0 0.0001220703125 0 1.15004730224609 0.0750274658203125 0.5 0 0 0.5 0.5 7.62939453125e-06 2.25913238525391 0.079254150390625 7.62939453125e-06 0.079254150390625 7.86445999145508 13.3011741638184 12.4123764038086 0.877716064453125 7.62939453125e-06 0 7.62939453125e-06 0 0
13.3413238525391 8.89936065673828 8.58519744873047 3.03278350830078 6.14907073974609 13.89013671875 14.9190444946289 14.6014175415039 3.89147186279297 13.2102279663086 15.7707748413086 0.0791168212890625 2.14278411865234 0 0.335105895996094 3.44741821289062 4.44955444335938 0.548606872558594 0.0752029418945312 2.77403259277344 0.307762145996094 0 0 0.147605895996094 0.0731887817382812 1.75557708740234 2.95384216308594 1.14955902099609 0 0.0001220703125 1.17690277099609 1.14614105224609 0.0751495361328125 3.27995300292969 1.14955902099609 0.118309020996094 0.0870590209960938 0.0437774658203125 0 0.5 7.62939453125e-06 0.075225830078125 3.62025833129883 3.52130508422852 11.7306709289551 13.8328742980957 13.8329200744629 0.110504150390625 0.00038909912109375 0.0001373291015625 0 0 0 0
15.4178466796875 16.3201370239258 14.8056335449219 14.3442001342773 13.9848785400391 14.1401672363281 14.7126617431641 14.6142807006836 5.94474792480469 10.257568359375 15.8960876464844 9.07444763183594 0.366554260253906 0.0792388916015625 0 0.514915466308594 4.46615600585938 3.13946533203125 3.13165283203125 1.97072601318359 3.13115692138672 0.0712966918945312 0.0712356567382812 1.78676605224609 3.69548797607422 0.116233825683594 0 1.38051605224609 0 0 0.0001220703125 0.0751419067382812 2.12570190429688 1.57882690429688 2.15891265869141 1.42257690429688 0.00012969970703125 0 0 0 0.00019073486328125 3.52508544921875 2.32359313964844 3.58913803100586 14.3376197814941 14.3376197814941 11.3576202392578 0.0101547241210938 0 0 0 0 0 0
17.4964294433594 17.3510665893555 15.2493515014648 14.2136764526367 14.3267440795898 13.9417190551758 13.8092575073242 11.2674560546875 3.44549560546875 5.132080078125 15.8655548095703 15.2414321899414 3.35448455810547 0.00067901611328125 0 0 0.0791168212890625 2.80393981933594 4.42901611328125 0.501121520996094 0.112327575683594 3.20711517333984 4.8438720703125 4.71073913574219 4.53695678710938 1.55239105224609 0 0.637718200683594 0.0001220703125 0 0 2.41085815429688 1.28676605224609 1.28676605224609 1.25552368164062 1.25552368164062 0.00012969970703125 1.41452026367188 4.35816192626953 4.06085968017578 4.02501678466797 2.69956970214844 0.110504150390625 7.48926162719727 14.0895118713379 13.8376197814941 0.010772705078125 0.110504150390625 7.62939453125e-06 0 0 0 0.00026702880859375 7.62939453125e-06
10.3490829467773 14.3483123779297 14.039665222168 14.6360931396484 14.3587493896484 13.8465042114258 13.0243530273438 8.24021148681641 1.09193420410156 3.38693237304688 12.8653335571289 16.6735153198242 6.40064239501953 1.21690368652344 0.110488891601562 0 0 0.00049591064453125 3.13164520263672 0.387840270996094 3.18221282958984 4.27664184570312 1.84548187255859 1.05190277099609 2.82083129882812 0.0001220703125 0 0.0001220703125 0.0001220703125 1.43129730224609 0.0001220703125 4.33757781982422 1.41176605224609 1.25160980224609 1.25160980224609 0.00012969970703125 0.00812530517578125 4.37464141845703 0.0103912353515625 0.110504150390625 1.03775787353516 0.850257873535156 3.58487319946289 14.7107620239258 14.1212272644043 0.106475830078125 0.0003814697265625 0 0 0 0 0.010772705078125 0.146278381347656 0.105133056640625
